0	0.0502003 	0.0193475 	-2.01295 	0.263738 	0.547986 	-0.00409246 	
0.005	0.0502003 	0.0193475 	-2.01295 	0.263738 	0.547986 	-0.00409246 	
0.01	0.0502003 	0.0193433 	-2.01295 	0.263738 	0.547987 	-0.00409222 	
0.015	0.0502003 	0.0193377 	-2.01294 	0.263739 	0.547988 	-0.00409191 	
0.02	0.0502004 	0.0193298 	-2.01294 	0.263739 	0.54799 	-0.00409147 	
0.025	0.0502005 	0.0193196 	-2.01293 	0.263739 	0.547992 	-0.0040909 	
0.03	0.0502006 	0.0193071 	-2.01292 	0.26374 	0.547994 	-0.00409021 	
0.035	0.0502007 	0.0192923 	-2.01291 	0.26374 	0.547997 	-0.00408939 	
0.04	0.0502008 	0.0192752 	-2.01289 	0.263741 	0.548001 	-0.00408843 	
0.045	0.050201 	0.0192558 	-2.01288 	0.263741 	0.548005 	-0.00408735 	
0.05	0.0502012 	0.019234 	-2.01286 	0.263742 	0.548009 	-0.00408614 	
0.055	0.0502013 	0.01921 	-2.01284 	0.263743 	0.548014 	-0.0040848 	
0.06	0.0502016 	0.0191836 	-2.01282 	0.263744 	0.548019 	-0.00408334 	
0.065	0.0502018 	0.0191549 	-2.0128 	0.263745 	0.548025 	-0.00408175 	
0.07	0.050202 	0.0191239 	-2.01277 	0.263746 	0.548032 	-0.00408002 	
0.075	0.0502023 	0.0190906 	-2.01275 	0.263747 	0.548038 	-0.00407818 	
0.08	0.0502026 	0.019055 	-2.01272 	0.263748 	0.548046 	-0.0040762 	
0.085	0.0502029 	0.0190133 	-2.01269 	0.263749 	0.548054 	-0.00407389 	
0.09	0.0502032 	0.0189765 	-2.01266 	0.26375 	0.548062 	-0.00407185 	
0.095	0.0502036 	0.0189301 	-2.01262 	0.263752 	0.548071 	-0.00406928 	
0.1	0.050204 	0.018885 	-2.01258 	0.263753 	0.54808 	-0.00406679 	
0.105	0.0502044 	0.0188376 	-2.01255 	0.263755 	0.54809 	-0.00406417 	
0.11	0.0502048 	0.018788 	-2.01251 	0.263756 	0.5481 	-0.00406143 	
0.115	0.0502052 	0.018736 	-2.01247 	0.263758 	0.548111 	-0.00405856 	
0.12	0.0502056 	0.0186818 	-2.01242 	0.26376 	0.548122 	-0.00405557 	
0.125	0.0502061 	0.0186253 	-2.01238 	0.263762 	0.548133 	-0.00405246 	
0.13	0.0502066 	0.0185665 	-2.01233 	0.263763 	0.548145 	-0.00404922 	
0.135	0.0502071 	0.0185054 	-2.01228 	0.263765 	0.548157 	-0.00404586 	
0.14	0.0502076 	0.018442 	-2.01223 	0.263767 	0.54817 	-0.00404238 	
0.145	0.0502082 	0.0183763 	-2.01218 	0.26377 	0.548183 	-0.00403878 	
0.15	0.0502087 	0.0183084 	-2.01213 	0.263772 	0.548197 	-0.00403505 	
0.155	0.0502093 	0.0182382 	-2.01207 	0.263774 	0.548211 	-0.00403121 	
0.16	0.05021 	0.0181657 	-2.01201 	0.263776 	0.548226 	-0.00402725 	
0.165	0.0502106 	0.0180909 	-2.01196 	0.263779 	0.548241 	-0.00402316 	
0.17	0.0503282 	0.0177828 	-2.01207 	0.263949 	0.549867 	-0.00334988 	
0.175	0.0503288 	0.0177035 	-2.01201 	0.263951 	0.549883 	-0.00334556 	
0.18	0.0503295 	0.0176219 	-2.01194 	0.263954 	0.549899 	-0.00334111 	
0.185	0.0503303 	0.0175382 	-2.01188 	0.263956 	0.549916 	-0.00333655 	
0.19	0.050331 	0.0174521 	-2.01181 	0.263959 	0.549934 	-0.00333187 	
0.195	0.0503318 	0.0173638 	-2.01174 	0.263962 	0.549951 	-0.00332708 	
0.2	0.0503325 	0.0172733 	-2.01167 	0.263965 	0.54997 	-0.00332217 	
0.205	0.0503334 	0.0171805 	-2.01159 	0.263968 	0.549988 	-0.00331715 	
0.21	0.0503342 	0.0170855 	-2.01152 	0.263971 	0.550007 	-0.00331201 	
0.215	0.050335 	0.0169882 	-2.01144 	0.263974 	0.550027 	-0.00330676 	
0.22	0.0503359 	0.0168888 	-2.01136 	0.263977 	0.550047 	-0.0033014 	
0.225	0.0503368 	0.0167871 	-2.01128 	0.26398 	0.550067 	-0.00329593 	
0.23	0.0503378 	0.0166832 	-2.0112 	0.263984 	0.550088 	-0.00329035 	
0.235	0.0504573 	0.0163447 	-2.01129 	0.264162 	0.551726 	-0.00261046 	
0.24	0.0504583 	0.0162363 	-2.0112 	0.264165 	0.551748 	-0.00260465 	
0.245	0.0504593 	0.0161257 	-2.01112 	0.264169 	0.55177 	-0.00259873 	
0.25	0.0504603 	0.016013 	-2.01103 	0.264172 	0.551792 	-0.00259271 	
0.255	0.0504613 	0.015898 	-2.01093 	0.264176 	0.551815 	-0.00258658 	
0.26	0.0504624 	0.0157809 	-2.01084 	0.26418 	0.551839 	-0.00258034 	
0.265	0.0504635 	0.0156615 	-2.01075 	0.264184 	0.551863 	-0.00257401 	
0.27	0.0504646 	0.01554 	-2.01065 	0.264187 	0.551887 	-0.00256756 	
0.275	0.0504658 	0.0154163 	-2.01055 	0.264191 	0.551911 	-0.00256102 	
0.28	0.050467 	0.0152905 	-2.01045 	0.264195 	0.551936 	-0.00255438 	
0.285	0.0505858 	0.0149337 	-2.01052 	0.264378 	0.553551 	-0.0018827 	
0.29	0.050587 	0.0148035 	-2.01042 	0.264382 	0.553577 	-0.00187584 	
0.295	0.0505883 	0.0146712 	-2.01031 	0.264386 	0.553603 	-0.00186889 	
0.3	0.0505896 	0.0145366 	-2.0102 	0.26439 	0.55363 	-0.00186184 	
0.305	0.0505909 	0.0144 	-2.01009 	0.264394 	0.553657 	-0.00185469 	
0.31	0.0505922 	0.0142612 	-2.00998 	0.264399 	0.553684 	-0.00184745 	
0.315	0.0505936 	0.0141203 	-2.00987 	0.264403 	0.553712 	-0.00184011 	
0.32	0.050595 	0.0139773 	-2.00976 	0.264408 	0.55374 	-0.00183268 	
0.325	0.0505965 	0.0138321 	-2.00964 	0.264412 	0.553769 	-0.00182516 	
0.33	0.0507225 	0.0134445 	-2.0097 	0.26461 	0.555465 	-0.0011176 	
0.335	0.050724 	0.0132951 	-2.00958 	0.264615 	0.555495 	-0.00110989 	
0.34	0.0507255 	0.0131436 	-2.00946 	0.26462 	0.555524 	-0.00110208 	
0.345	0.050727 	0.01299 	-2.00934 	0.264625 	0.555555 	-0.00109419 	
0.35	0.0507286 	0.0128343 	-2.00922 	0.26463 	0.555585 	-0.00108621 	
0.355	0.0507302 	0.0126766 	-2.00909 	0.264634 	0.555616 	-0.00107815 	
0.36	0.0507319 	0.0125167 	-2.00896 	0.264639 	0.555647 	-0.00107 	
0.365	0.0507336 	0.0123548 	-2.00883 	0.264644 	0.555679 	-0.00106177 	
0.37	0.0508621 	0.0119483 	-2.00888 	0.264852 	0.557392 	-0.000345196 	
0.375	0.0508638 	0.0117822 	-2.00875 	0.264857 	0.557424 	-0.000336787 	
0.38	0.0508656 	0.0116141 	-2.00861 	0.264862 	0.557457 	-0.000328299 	
0.385	0.0508674 	0.011444 	-2.00848 	0.264868 	0.55749 	-0.000319733 	
0.39	0.0508692 	0.0112718 	-2.00834 	0.264873 	0.557524 	-0.000311091 	
0.395	0.0508711 	0.0110976 	-2.0082 	0.264878 	0.557557 	-0.000302375 	
0.4	0.050873 	0.0109214 	-2.00806 	0.264884 	0.557592 	-0.000293585 	
0.405	0.0509987 	0.0105086 	-2.00809 	0.265092 	0.55925 	0.000401913 	
0.41	0.0510006 	0.0103283 	-2.00794 	0.265097 	0.559285 	0.000410867 	
0.415	0.0510026 	0.0101461 	-2.0078 	0.265103 	0.55932 	0.00041989 	
0.42	0.0510047 	0.00996183 	-2.00765 	0.265108 	0.559356 	0.000428982 	
0.425	0.0510067 	0.00977562 	-2.0075 	0.265114 	0.559391 	0.000438141 	
0.43	0.0510089 	0.00958744 	-2.00735 	0.26512 	0.559428 	0.000447366 	
0.435	0.051011 	0.00939729 	-2.00719 	0.265126 	0.559464 	0.000456654 	
0.44	0.0511468 	0.00895383 	-2.00722 	0.265355 	0.561238 	0.00120316 	
0.445	0.051149 	0.00875974 	-2.00707 	0.265361 	0.561276 	0.0012126 	
0.45	0.0511513 	0.00856373 	-2.00691 	0.265367 	0.561313 	0.00122209 	
0.455	0.0511536 	0.00836579 	-2.00675 	0.265373 	0.561351 	0.00123165 	
0.46	0.0511559 	0.00816592 	-2.00659 	0.265379 	0.561389 	0.00124126 	
0.465	0.0511583 	0.00796413 	-2.00643 	0.265385 	0.561427 	0.00125093 	
0.47	0.0512862 	0.00752634 	-2.00643 	0.265607 	0.563082 	0.00194889 	
0.475	0.0512886 	0.00732071 	-2.00627 	0.265613 	0.563121 	0.00195869 	
0.48	0.0512911 	0.00711322 	-2.0061 	0.265619 	0.56316 	0.00196854 	
0.485	0.0512936 	0.00690384 	-2.00593 	0.265625 	0.5632 	0.00197844 	
0.49	0.0512962 	0.00669258 	-2.00576 	0.265632 	0.56324 	0.00198839 	
0.495	0.0512988 	0.00647946 	-2.00559 	0.265638 	0.56328 	0.00199839 	
0.5	0.0514337 	0.00601982 	-2.00559 	0.265876 	0.565007 	0.00272938 	
0.505	0.0514364 	0.00580296 	-2.00541 	0.265883 	0.565048 	0.0027395 	
0.51	0.0514391 	0.00558429 	-2.00524 	0.265889 	0.565089 	0.00274965 	
0.515	0.0514419 	0.00536379 	-2.00506 	0.265896 	0.56513 	0.00275985 	
0.52	0.0514447 	0.00514147 	-2.00488 	0.265902 	0.565172 	0.00277009 	
0.525	0.0514475 	0.00491733 	-2.0047 	0.265909 	0.565213 	0.00278037 	
0.53	0.051591 	0.00443367 	-2.0047 	0.266167 	0.567031 	0.00355204 	
0.535	0.0515939 	0.0042059 	-2.00451 	0.266174 	0.567073 	0.00356242 	
0.54	0.0515968 	0.00397639 	-2.00433 	0.266181 	0.567115 	0.00357284 	
0.545	0.0515999 	0.00374509 	-2.00414 	0.266188 	0.567158 	0.00358328 	
0.55	0.0516029 	0.00351204 	-2.00395 	0.266195 	0.567201 	0.00359376 	
0.555	0.051732 	0.00304813 	-2.00392 	0.266431 	0.56882 	0.00428288 	
0.56	0.0517352 	0.00281154 	-2.00373 	0.266438 	0.568864 	0.00429344 	
0.565	0.0517384 	0.00257325 	-2.00354 	0.266445 	0.568908 	0.00430403 	
0.57	0.0517416 	0.00233323 	-2.00334 	0.266453 	0.568952 	0.00431464 	
0.575	0.0517449 	0.00209149 	-2.00314 	0.26646 	0.568996 	0.00432528 	
0.58	0.051878 	0.00161388 	-2.00311 	0.266708 	0.570649 	0.00503119 	
0.585	0.0518814 	0.00136871 	-2.00291 	0.266715 	0.570694 	0.00504189 	
0.59	0.0518848 	0.00112189 	-2.00271 	0.266722 	0.570739 	0.00505262 	
0.595	0.0518883 	0.000873389 	-2.00251 	0.26673 	0.570784 	0.00506336 	
0.6	0.0518918 	0.000623228 	-2.0023 	0.266737 	0.570829 	0.00507412 	
0.605	0.0520308 	0.000128986 	-2.00227 	0.267001 	0.572539 	0.00580645 	
0.61	0.0520344 	-0.000124505 	-2.00206 	0.267008 	0.572584 	0.00581726 	
0.615	0.0520381 	-0.0003796 	-2.00185 	0.267015 	0.57263 	0.00582809 	
0.62	0.0520418 	-0.000636316 	-2.00164 	0.267023 	0.572676 	0.00583893 	
0.625	0.0520456 	-0.000894643 	-2.00143 	0.26703 	0.572723 	0.00584977 	
0.63	0.0521906 	-0.00140536 	-2.00139 	0.26731 	0.574489 	0.00660907 	
0.635	0.0521945 	-0.00166691 	-2.00118 	0.267318 	0.574535 	0.00661996 	
0.64	0.0521984 	-0.00193001 	-2.00096 	0.267325 	0.574582 	0.00663085 	
0.645	0.0522023 	-0.00219468 	-2.00074 	0.267333 	0.574629 	0.00664174 	
0.65	0.0522064 	-0.0024609 	-2.00053 	0.26734 	0.574676 	0.00665263 	
0.655	0.0523576 	-0.00298761 	-2.00048 	0.267637 	0.576497 	0.00743851 	
0.66	0.0523617 	-0.00325696 	-2.00026 	0.267645 	0.576544 	0.00744943 	
0.665	0.0523658 	-0.00352779 	-2.00004 	0.267652 	0.576592 	0.00746035 	
0.67	0.05237 	-0.00380014 	-1.99982 	0.26766 	0.57664 	0.00747126 	
0.675	0.0523743 	-0.00407398 	-1.99959 	0.267668 	0.576688 	0.00748216 	
0.68	0.0525316 	-0.00461617 	-1.99955 	0.267982 	0.578561 	0.00829411 	
0.685	0.0525359 	-0.00489302 	-1.99932 	0.267989 	0.578609 	0.00830502 	
0.69	0.0525403 	-0.00517131 	-1.99909 	0.267997 	0.578657 	0.00831593 	
0.695	0.0525448 	-0.00545105 	-1.99886 	0.268005 	0.578706 	0.00832683 	
0.7	0.0526791 	-0.00595662 	-1.99878 	0.268277 	0.580288 	0.00901339 	
0.705	0.0526837 	-0.00623926 	-1.99855 	0.268285 	0.580337 	0.00902429 	
0.71	0.0526883 	-0.0065233 	-1.99831 	0.268293 	0.580385 	0.00903516 	
0.715	0.052693 	-0.00680875 	-1.99808 	0.2683 	0.580435 	0.00904602 	
0.72	0.0528284 	-0.00732002 	-1.99799 	0.268578 	0.582016 	0.00973427 	
0.725	0.0528332 	-0.00760828 	-1.99775 	0.268586 	0.582065 	0.00974512 	
0.73	0.052838 	-0.00789788 	-1.99751 	0.268594 	0.582114 	0.00975594 	
0.735	0.0528429 	-0.00818885 	-1.99727 	0.268602 	0.582164 	0.00976673 	
0.74	0.0529821 	-0.00870973 	-1.99718 	0.268891 	0.583772 	0.0104693 	
0.745	0.052987 	-0.00900341 	-1.99694 	0.268899 	0.583821 	0.01048 	
0.75	0.0529921 	-0.00929839 	-1.9967 	0.268907 	0.583871 	0.0104908 	
0.755	0.0529972 	-0.00959468 	-1.99645 	0.268915 	0.583921 	0.0105015 	
0.76	0.0531402 	-0.0101253 	-1.99636 	0.269215 	0.585558 	0.0112193 	
0.765	0.0531454 	-0.0104242 	-1.99611 	0.269223 	0.585608 	0.01123 	
0.77	0.0531507 	-0.0107243 	-1.99586 	0.269232 	0.585658 	0.0112406 	
0.775	0.053156 	-0.0110258 	-1.99561 	0.26924 	0.585709 	0.0112512 	
0.78	0.0533029 	-0.0115658 	-1.99551 	0.269552 	0.587374 	0.0119841 	
0.785	0.0533084 	-0.0118697 	-1.99526 	0.26956 	0.587424 	0.0119947 	
0.79	0.0533139 	-0.0121748 	-1.99501 	0.269569 	0.587474 	0.0120052 	
0.795	0.0533194 	-0.0124812 	-1.99475 	0.269577 	0.587525 	0.0120157 	
0.8	0.0534702 	-0.0130302 	-1.99465 	0.269901 	0.589217 	0.0127634 	
0.805	0.0534758 	-0.013339 	-1.99439 	0.26991 	0.589268 	0.0127738 	
0.81	0.0534816 	-0.0136489 	-1.99414 	0.269918 	0.589318 	0.0127841 	
0.815	0.0534874 	-0.01396 	-1.99388 	0.269926 	0.589369 	0.0127945 	
0.82	0.053642 	-0.0145177 	-1.99377 	0.270263 	0.591087 	0.0135566 	
0.825	0.0536479 	-0.0148311 	-1.99351 	0.270271 	0.591138 	0.0135668 	
0.83	0.0536538 	-0.0151456 	-1.99325 	0.270279 	0.591189 	0.013577 	
0.835	0.0536598 	-0.0154612 	-1.99298 	0.270288 	0.591239 	0.0135872 	
0.84	0.0538183 	-0.0160273 	-1.99288 	0.270637 	0.592982 	0.0143634 	
0.845	0.0538244 	-0.0163451 	-1.99261 	0.270646 	0.593033 	0.0143735 	
0.85	0.0538306 	-0.016664 	-1.99234 	0.270654 	0.593084 	0.0143835 	
0.855	0.0538368 	-0.0169839 	-1.99208 	0.270662 	0.593135 	0.0143934 	
0.86	0.053999 	-0.0175579 	-1.99197 	0.271024 	0.594901 	0.0151834 	
0.865	0.0540054 	-0.01788 	-1.9917 	0.271032 	0.594952 	0.0151933 	
0.87	0.0540118 	-0.018203 	-1.99143 	0.271041 	0.595003 	0.0152031 	
0.875	0.0540183 	-0.018527 	-1.99115 	0.271049 	0.595054 	0.0152128 	
0.88	0.0541843 	-0.0191086 	-1.99104 	0.271424 	0.596842 	0.0160161 	
0.885	0.0541909 	-0.0194347 	-1.99077 	0.271432 	0.596893 	0.0160258 	
0.89	0.0541975 	-0.0197616 	-1.99049 	0.27144 	0.596944 	0.0160353 	
0.895	0.0542042 	-0.0200896 	-1.99021 	0.271448 	0.596995 	0.0160448 	
0.9	0.0543739 	-0.0206784 	-1.9901 	0.271836 	0.598804 	0.0168611 	
0.905	0.0543807 	-0.0210082 	-1.98982 	0.271844 	0.598855 	0.0168705 	
0.91	0.0543876 	-0.0213389 	-1.98954 	0.271852 	0.598906 	0.0168799 	
0.915	0.0543946 	-0.0216705 	-1.98926 	0.271861 	0.598957 	0.0168891 	
0.92	0.054568 	-0.0222662 	-1.98914 	0.272261 	0.600786 	0.017718 	
0.925	0.054575 	-0.0225995 	-1.98886 	0.272269 	0.600836 	0.0177272 	
0.93	0.0545821 	-0.0229338 	-1.98858 	0.272277 	0.600887 	0.0177362 	
0.935	0.0545893 	-0.0232688 	-1.98829 	0.272286 	0.600938 	0.0177452 	
0.94	0.0547663 	-0.0238709 	-1.98817 	0.272699 	0.602785 	0.0185863 	
0.945	0.0547736 	-0.0242076 	-1.98789 	0.272707 	0.602836 	0.0185952 	
0.95	0.0547809 	-0.0245451 	-1.9876 	0.272715 	0.602886 	0.0186039 	
0.955	0.0547883 	-0.0248834 	-1.98731 	0.272723 	0.602937 	0.0186126 	
0.96	0.0549689 	-0.0254915 	-1.98719 	0.27315 	0.604802 	0.0194655 	
0.965	0.0549764 	-0.0258314 	-1.9869 	0.273158 	0.604852 	0.0194741 	
0.97	0.054984 	-0.026172 	-1.98661 	0.273166 	0.604902 	0.0194825 	
0.975	0.0549917 	-0.0265133 	-1.98632 	0.273174 	0.604953 	0.0194909 	
0.98	0.0551758 	-0.0271271 	-1.98619 	0.273613 	0.606833 	0.0203552 	
0.985	0.0551835 	-0.0274699 	-1.9859 	0.273622 	0.606883 	0.0203634 	
0.99	0.0551913 	-0.0278133 	-1.9856 	0.273629 	0.606933 	0.0203716 	
0.995	0.0551992 	-0.0281574 	-1.98531 	0.273637 	0.606983 	0.0203796 	
1	0.0553867 	-0.0287764 	-1.98518 	0.27409 	0.608879 	0.0212549 	
1.005	0.0553947 	-0.0291219 	-1.98488 	0.274098 	0.608928 	0.0212628 	
1.01	0.0554028 	-0.0294679 	-1.98459 	0.274106 	0.608978 	0.0212706 	
1.015	0.0554109 	-0.0298146 	-1.98429 	0.274114 	0.609027 	0.0212783 	
1.02	0.0556018 	-0.0304384 	-1.98416 	0.274579 	0.610936 	0.0221641 	
1.025	0.05561 	-0.0307863 	-1.98386 	0.274587 	0.610986 	0.0221716 	
1.03	0.0556183 	-0.0311348 	-1.98356 	0.274595 	0.611035 	0.0221791 	
1.035	0.0556266 	-0.0314839 	-1.98326 	0.274602 	0.611084 	0.0221864 	
1.04	0.0558209 	-0.0321121 	-1.98312 	0.275081 	0.613005 	0.0230823 	
1.045	0.0558293 	-0.0324622 	-1.98282 	0.275088 	0.613054 	0.0230895 	
1.05	0.0558378 	-0.0328129 	-1.98252 	0.275096 	0.613102 	0.0230966 	
1.055	0.0558463 	-0.0331641 	-1.98222 	0.275104 	0.613151 	0.0231035 	
1.06	0.0560438 	-0.0337962 	-1.98208 	0.275595 	0.615083 	0.0240089 	
1.065	0.0560525 	-0.0341484 	-1.98177 	0.275602 	0.615131 	0.0240158 	
1.07	0.0560612 	-0.034501 	-1.98147 	0.27561 	0.615179 	0.0240225 	
1.075	0.05607 	-0.0348541 	-1.98116 	0.275618 	0.615228 	0.0240291 	
1.08	0.0562706 	-0.0354899 	-1.98102 	0.276121 	0.617168 	0.0249436 	
1.085	0.0562795 	-0.0358438 	-1.98071 	0.276129 	0.617216 	0.0249501 	
1.09	0.0562884 	-0.0361982 	-1.98041 	0.276136 	0.617264 	0.0249564 	
1.095	0.0562974 	-0.0365529 	-1.9801 	0.276144 	0.617312 	0.0249626 	
1.1	0.0565011 	-0.0371918 	-1.97995 	0.27666 	0.619261 	0.0258858 	
1.105	0.0565102 	-0.0375474 	-1.97964 	0.276667 	0.619308 	0.0258919 	
1.11	0.0565193 	-0.0379032 	-1.97934 	0.276675 	0.619355 	0.0258978 	
1.115	0.0565285 	-0.0382594 	-1.97903 	0.276682 	0.619402 	0.0259036 	
1.12	0.0567352 	-0.038901 	-1.97888 	0.277211 	0.621358 	0.0268349 	
1.125	0.0567445 	-0.0392579 	-1.97857 	0.277218 	0.621405 	0.0268406 	
1.13	0.0567539 	-0.039615 	-1.97826 	0.277225 	0.621451 	0.0268461 	
1.135	0.0569182 	-0.0401941 	-1.97807 	0.277645 	0.622981 	0.0275746 	
1.14	0.0569276 	-0.0405518 	-1.97776 	0.277652 	0.623028 	0.02758 	
1.145	0.0569371 	-0.0409097 	-1.97745 	0.277659 	0.623074 	0.0275852 	
1.15	0.0569467 	-0.0412679 	-1.97713 	0.277667 	0.62312 	0.0275903 	
1.155	0.0571538 	-0.0419069 	-1.97698 	0.278204 	0.625041 	0.0285134 	
1.16	0.0571635 	-0.0422655 	-1.97666 	0.278211 	0.625087 	0.0285183 	
1.165	0.0571732 	-0.0426243 	-1.97635 	0.278218 	0.625132 	0.0285231 	
1.17	0.0573408 	-0.0432056 	-1.97616 	0.278653 	0.626663 	0.0292588 	
1.175	0.0573506 	-0.0435647 	-1.97584 	0.27866 	0.626708 	0.0292634 	
1.18	0.0573605 	-0.043924 	-1.97553 	0.278667 	0.626753 	0.0292679 	
1.185	0.0573704 	-0.0442834 	-1.97521 	0.278674 	0.626797 	0.0292723 	
1.19	0.057582 	-0.0449248 	-1.97505 	0.279231 	0.628723 	0.0302063 	
1.195	0.057592 	-0.0452845 	-1.97473 	0.279238 	0.628767 	0.0302104 	
1.2	0.057602 	-0.0456442 	-1.97442 	0.279245 	0.628812 	0.0302145 	
1.205	0.0577732 	-0.0462272 	-1.97422 	0.279695 	0.630344 	0.0309582 	
1.21	0.0577833 	-0.0465871 	-1.9739 	0.279702 	0.630387 	0.0309621 	
1.215	0.0577935 	-0.046947 	-1.97359 	0.279708 	0.630431 	0.0309658 	
1.22	0.0578037 	-0.047307 	-1.97327 	0.279715 	0.630475 	0.0309694 	
1.225	0.0580195 	-0.0479495 	-1.9731 	0.280292 	0.632401 	0.0319129 	
1.23	0.0580298 	-0.0483096 	-1.97279 	0.280298 	0.632444 	0.0319163 	
1.235	0.0580401 	-0.0486696 	-1.97247 	0.280305 	0.632486 	0.0319195 	
1.24	0.0582146 	-0.049253 	-1.97227 	0.28077 	0.634017 	0.03267 	
1.245	0.058225 	-0.049613 	-1.97195 	0.280776 	0.63406 	0.0326731 	
1.25	0.0582354 	-0.0499729 	-1.97163 	0.280782 	0.634102 	0.032676 	
1.255	0.058246 	-0.0503328 	-1.97131 	0.280789 	0.634144 	0.0326788 	
1.26	0.0584656 	-0.0509751 	-1.97114 	0.281384 	0.636066 	0.0336302 	
1.265	0.0584761 	-0.0513348 	-1.97082 	0.28139 	0.636108 	0.0336328 	
1.27	0.0584868 	-0.0516944 	-1.9705 	0.281396 	0.636149 	0.0336352 	
1.275	0.0586641 	-0.0522771 	-1.9703 	0.281875 	0.637676 	0.0343911 	
1.28	0.0586748 	-0.0526365 	-1.96998 	0.281881 	0.637717 	0.0343934 	
1.285	0.0586856 	-0.0529957 	-1.96966 	0.281887 	0.637757 	0.0343955 	
1.29	0.0586964 	-0.0533547 	-1.96934 	0.281893 	0.637798 	0.0343976 	
1.295	0.0589194 	-0.0539956 	-1.96917 	0.282506 	0.639713 	0.035355 	
1.3	0.0589302 	-0.0543543 	-1.96885 	0.282511 	0.639753 	0.0353568 	
1.305	0.0589411 	-0.0547128 	-1.96853 	0.282517 	0.639793 	0.0353585 	
1.31	0.059121 	-0.0552936 	-1.96832 	0.28301 	0.641312 	0.0361184 	
1.315	0.059132 	-0.0556516 	-1.968 	0.283015 	0.641351 	0.0361199 	
1.32	0.059143 	-0.0560094 	-1.96768 	0.283021 	0.641391 	0.0361212 	
1.325	0.059154 	-0.0563669 	-1.96736 	0.283027 	0.64143 	0.0361225 	
1.33	0.05938 	-0.0570051 	-1.96719 	0.283655 	0.643334 	0.0370842 	
1.335	0.0593911 	-0.0573621 	-1.96687 	0.28366 	0.643372 	0.0370852 	
1.34	0.0594022 	-0.0577187 	-1.96655 	0.283666 	0.643411 	0.0370861 	
1.345	0.0595843 	-0.0582965 	-1.96634 	0.28417 	0.644919 	0.0378486 	
1.35	0.0595955 	-0.0586526 	-1.96602 	0.284176 	0.644957 	0.0378493 	
1.355	0.0596067 	-0.0590082 	-1.9657 	0.284181 	0.644994 	0.0378499 	
1.36	0.059618 	-0.0593635 	-1.96538 	0.284186 	0.645032 	0.0378503 	
1.365	0.0598464 	-0.0599977 	-1.9652 	0.284829 	0.646921 	0.0388145 	
1.37	0.0598577 	-0.0603523 	-1.96488 	0.284834 	0.646958 	0.0388148 	
1.375	0.0598691 	-0.0607064 	-1.96456 	0.284839 	0.646995 	0.0388149 	
1.38	0.060053 	-0.0612801 	-1.96435 	0.285355 	0.64849 	0.0395785 	
1.385	0.0600644 	-0.0616334 	-1.96403 	0.28536 	0.648526 	0.0395784 	
1.39	0.0600758 	-0.0619863 	-1.96371 	0.285365 	0.648562 	0.0395782 	
1.395	0.0600873 	-0.0623387 	-1.9634 	0.28537 	0.648598 	0.0395779 	
1.4	0.0603177 	-0.0629676 	-1.96321 	0.286026 	0.650468 	0.0405427 	
1.405	0.0603292 	-0.0633191 	-1.9629 	0.286031 	0.650504 	0.0405422 	
1.41	0.0603407 	-0.0636701 	-1.96258 	0.286035 	0.650539 	0.0405416 	
1.415	0.0605261 	-0.0642385 	-1.96237 	0.286561 	0.652017 	0.0413047 	
1.42	0.0605376 	-0.0645885 	-1.96205 	0.286565 	0.652052 	0.0413039 	
1.425	0.0605492 	-0.0649379 	-1.96173 	0.28657 	0.652086 	0.0413029 	
1.43	0.0605608 	-0.0652867 	-1.96142 	0.286574 	0.65212 	0.0413019 	
1.435	0.0607927 	-0.0659092 	-1.96123 	0.287242 	0.653969 	0.0422653 	
1.44	0.0608044 	-0.0662569 	-1.96091 	0.287247 	0.654002 	0.0422641 	
1.445	0.060816 	-0.066604 	-1.9606 	0.287251 	0.654035 	0.0422627 	
1.45	0.0608277 	-0.0669505 	-1.96028 	0.287255 	0.654069 	0.0422612 	
1.455	0.0610649 	-0.0675745 	-1.9601 	0.287943 	0.655941 	0.0432436 	
1.46	0.0610766 	-0.0679198 	-1.95978 	0.287947 	0.655974 	0.0432419 	
1.465	0.0610883 	-0.0682644 	-1.95947 	0.287951 	0.656006 	0.0432401 	
1.47	0.0611001 	-0.0686084 	-1.95916 	0.287955 	0.656038 	0.0432382 	
1.475	0.0613382 	-0.0692282 	-1.95897 	0.28865 	0.657899 	0.0442203 	
1.48	0.0613499 	-0.0695709 	-1.95866 	0.288654 	0.65793 	0.0442183 	
1.485	0.0613617 	-0.0699128 	-1.95835 	0.288658 	0.657962 	0.0442161 	
1.49	0.0613735 	-0.070254 	-1.95804 	0.288662 	0.657993 	0.0442138 	
1.495	0.0616119 	-0.0708688 	-1.95785 	0.289362 	0.659837 	0.0451931 	
1.5	0.0616237 	-0.0712086 	-1.95754 	0.289365 	0.659867 	0.0451907 	
1.505	0.0616355 	-0.0715476 	-1.95723 	0.289369 	0.659898 	0.0451881 	
1.51	0.0616474 	-0.0718858 	-1.95692 	0.289373 	0.659928 	0.0451854 	
1.515	0.0618858 	-0.0724952 	-1.95673 	0.290077 	0.661754 	0.0461611 	
1.52	0.0618977 	-0.0728319 	-1.95642 	0.29008 	0.661784 	0.0461583 	
1.525	0.0619096 	-0.0731678 	-1.95612 	0.290083 	0.661813 	0.0461553 	
1.53	0.0619214 	-0.0735029 	-1.95581 	0.290087 	0.661842 	0.0461522 	
1.535	0.0621597 	-0.0741064 	-1.95562 	0.290794 	0.66365 	0.0471236 	
1.54	0.0621716 	-0.0744398 	-1.95531 	0.290798 	0.663678 	0.0471204 	
1.545	0.0621835 	-0.0747724 	-1.95501 	0.290801 	0.663707 	0.047117 	
1.55	0.0621954 	-0.0751041 	-1.9547 	0.290804 	0.663735 	0.0471136 	
1.555	0.0624334 	-0.0757014 	-1.95452 	0.291514 	0.665522 	0.0480799 	
1.56	0.0624452 	-0.0760313 	-1.95421 	0.291517 	0.66555 	0.0480763 	
1.565	0.0624571 	-0.0763603 	-1.95391 	0.29152 	0.665577 	0.0480727 	
1.57	0.062469 	-0.0766884 	-1.95361 	0.291523 	0.665604 	0.0480689 	
1.575	0.0627065 	-0.0772792 	-1.95342 	0.292236 	0.66737 	0.0490295 	
1.58	0.0627183 	-0.0776054 	-1.95312 	0.292238 	0.667397 	0.0490255 	
1.585	0.0627302 	-0.0779307 	-1.95282 	0.292241 	0.667423 	0.0490215 	
1.59	0.0627421 	-0.078255 	-1.95252 	0.292244 	0.667449 	0.0490174 	
1.595	0.0629788 	-0.0788388 	-1.95233 	0.292958 	0.669193 	0.0499716 	
1.6	0.0629907 	-0.0791612 	-1.95203 	0.29296 	0.669219 	0.0499673 	
1.605	0.0630026 	-0.0794825 	-1.95173 	0.292963 	0.669244 	0.0499629 	
1.61	0.0630144 	-0.0798029 	-1.95143 	0.292965 	0.66927 	0.0499585 	
1.615	0.0632502 	-0.0803793 	-1.95125 	0.29368 	0.67099 	0.0509055 	
1.62	0.063262 	-0.0806976 	-1.95095 	0.293682 	0.671015 	0.0509009 	
1.625	0.0632738 	-0.0810149 	-1.95066 	0.293685 	0.671039 	0.0508963 	
1.63	0.0632857 	-0.081331 	-1.95036 	0.293687 	0.671064 	0.0508915 	
1.635	0.0635203 	-0.0818998 	-1.95018 	0.294401 	0.67276 	0.0518307 	
1.64	0.0635321 	-0.0822139 	-1.94988 	0.294403 	0.672783 	0.0518258 	
1.645	0.0635439 	-0.0825268 	-1.94959 	0.294406 	0.672807 	0.0518208 	
1.65	0.0635557 	-0.0828386 	-1.9493 	0.294408 	0.67283 	0.0518158 	
1.655	0.0637889 	-0.0833993 	-1.94912 	0.295121 	0.674501 	0.0527465 	
1.66	0.0638007 	-0.0837089 	-1.94883 	0.295123 	0.674524 	0.0527413 	
1.665	0.0638124 	-0.0840173 	-1.94854 	0.295125 	0.674547 	0.052736 	
1.67	0.0638241 	-0.0843246 	-1.94825 	0.295127 	0.674569 	0.0527307 	
1.675	0.0640558 	-0.084877 	-1.94807 	0.295839 	0.676214 	0.0536521 	
1.68	0.0640675 	-0.0851819 	-1.94778 	0.295841 	0.676236 	0.0536467 	
1.685	0.0640791 	-0.0854857 	-1.9475 	0.295842 	0.676258 	0.0536412 	
1.69	0.0640908 	-0.0857882 	-1.94722 	0.295844 	0.676279 	0.0536356 	
1.695	0.0643207 	-0.0863319 	-1.94703 	0.296554 	0.677897 	0.0545471 	
1.7	0.0643323 	-0.086632 	-1.94675 	0.296555 	0.677918 	0.0545414 	
1.705	0.0643438 	-0.0869309 	-1.94647 	0.296557 	0.677939 	0.0545356 	
1.71	0.0643554 	-0.0872285 	-1.94619 	0.296558 	0.677959 	0.0545298 	
1.715	0.0645833 	-0.0877632 	-1.94601 	0.297265 	0.679549 	0.0554306 	
1.72	0.0645948 	-0.0880583 	-1.94573 	0.297266 	0.679569 	0.0554247 	
1.725	0.0646063 	-0.0883521 	-1.94545 	0.297267 	0.679589 	0.0554187 	
1.73	0.0646178 	-0.0886446 	-1.94518 	0.297269 	0.679609 	0.0554127 	
1.735	0.0648434 	-0.08917 	-1.945 	0.297971 	0.681169 	0.0563021 	
1.74	0.0648548 	-0.0894599 	-1.94472 	0.297972 	0.681189 	0.0562959 	
1.745	0.0648662 	-0.0897485 	-1.94445 	0.297973 	0.681208 	0.0562898 	
1.75	0.0648776 	-0.0900357 	-1.94418 	0.297975 	0.681227 	0.0562835 	
1.755	0.0651008 	-0.0905514 	-1.944 	0.298672 	0.682758 	0.0571609 	
1.76	0.0651121 	-0.090836 	-1.94373 	0.298673 	0.682776 	0.0571546 	
1.765	0.0651233 	-0.0911192 	-1.94347 	0.298674 	0.682794 	0.0571482 	
1.77	0.0651346 	-0.091401 	-1.9432 	0.298675 	0.682812 	0.0571418 	
1.775	0.0653551 	-0.0919068 	-1.94302 	0.299367 	0.684313 	0.0580063 	
1.78	0.0653663 	-0.0921858 	-1.94276 	0.299368 	0.68433 	0.0579998 	
1.785	0.0653774 	-0.0924634 	-1.9425 	0.299369 	0.684347 	0.0579933 	
1.79	0.0653885 	-0.0927397 	-1.94223 	0.29937 	0.684365 	0.0579867 	
1.795	0.0656062 	-0.0932352 	-1.94206 	0.300055 	0.685834 	0.0588378 	
1.8	0.0656173 	-0.0935085 	-1.9418 	0.300056 	0.68585 	0.0588312 	
1.805	0.0656282 	-0.0937804 	-1.94154 	0.300057 	0.685867 	0.0588245 	
1.81	0.0656392 	-0.0940509 	-1.94129 	0.300057 	0.685883 	0.0588178 	
1.815	0.0658538 	-0.0945358 	-1.94111 	0.300735 	0.68732 	0.0596547 	
1.82	0.0658647 	-0.0948034 	-1.94086 	0.300736 	0.687336 	0.0596479 	
1.825	0.0658755 	-0.0950694 	-1.94061 	0.300737 	0.687352 	0.0596411 	
1.83	0.0658863 	-0.0953339 	-1.94035 	0.300737 	0.687367 	0.0596343 	
1.835	0.0660976 	-0.095808 	-1.94018 	0.301407 	0.688771 	0.0604564 	
1.84	0.0661083 	-0.0960696 	-1.93993 	0.301408 	0.688786 	0.0604495 	
1.845	0.066119 	-0.0963295 	-1.93969 	0.301408 	0.688801 	0.0604426 	
1.85	0.0661296 	-0.096588 	-1.93944 	0.301408 	0.688816 	0.0604356 	
1.855	0.0661402 	-0.0968449 	-1.9392 	0.301409 	0.688831 	0.0604286 	
1.86	0.0663917 	-0.097352 	-1.93904 	0.302217 	0.6905 	0.0614151 	
1.865	0.0664022 	-0.0976058 	-1.9388 	0.302217 	0.690515 	0.0614081 	
1.87	0.0664126 	-0.097858 	-1.93856 	0.302217 	0.690529 	0.0614011 	
1.875	0.066423 	-0.0981086 	-1.93832 	0.302217 	0.690542 	0.0613941 	
1.88	0.0664334 	-0.0983576 	-1.93809 	0.302218 	0.690556 	0.061387 	
1.885	0.0666836 	-0.0988536 	-1.93794 	0.303026 	0.692204 	0.0623673 	
1.89	0.0666939 	-0.0990995 	-1.9377 	0.303026 	0.692217 	0.0623602 	
1.895	0.0667041 	-0.0993437 	-1.93747 	0.303026 	0.69223 	0.0623531 	
1.9	0.0667142 	-0.0995863 	-1.93724 	0.303026 	0.692243 	0.062346 	
1.905	0.0667243 	-0.0998272 	-1.93701 	0.303026 	0.692256 	0.0623389 	
1.91	0.0669688 	-0.100307 	-1.93686 	0.303819 	0.693852 	0.0632943 	
1.915	0.0669788 	-0.100545 	-1.93664 	0.303819 	0.693864 	0.0632872 	
1.92	0.0669887 	-0.100781 	-1.93641 	0.303819 	0.693876 	0.06328 	
1.925	0.0669986 	-0.101015 	-1.93619 	0.303819 	0.693888 	0.0632729 	
1.93	0.0670084 	-0.101248 	-1.93596 	0.303818 	0.6939 	0.0632658 	
1.935	0.0672464 	-0.101711 	-1.93582 	0.304593 	0.69544 	0.0641932 	
1.94	0.0672561 	-0.101941 	-1.9356 	0.304593 	0.695452 	0.0641861 	
1.945	0.0672657 	-0.102168 	-1.93539 	0.304592 	0.695463 	0.064179 	
1.95	0.0672753 	-0.102394 	-1.93517 	0.304592 	0.695474 	0.0641719 	
1.955	0.0672849 	-0.102618 	-1.93495 	0.304592 	0.695485 	0.0641648 	
1.96	0.0675159 	-0.103064 	-1.93482 	0.305346 	0.696968 	0.0650628 	
1.965	0.0675252 	-0.103285 	-1.9346 	0.305346 	0.696979 	0.0650557 	
1.97	0.0675346 	-0.103504 	-1.93439 	0.305346 	0.696989 	0.0650487 	
1.975	0.0675439 	-0.103721 	-1.93418 	0.305345 	0.697 	0.0650416 	
1.98	0.0675531 	-0.103937 	-1.93398 	0.305345 	0.69701 	0.0650345 	
1.985	0.0677767 	-0.104365 	-1.93384 	0.306078 	0.698434 	0.065902 	
1.99	0.0677858 	-0.104577 	-1.93364 	0.306077 	0.698444 	0.065895 	
1.995	0.0677948 	-0.104787 	-1.93344 	0.306077 	0.698454 	0.065888 	
2	0.0678038 	-0.104996 	-1.93324 	0.306077 	0.698463 	0.065881 	
2.005	0.0678127 	-0.105202 	-1.93304 	0.306076 	0.698473 	0.065874 	
2.01	0.0680285 	-0.105613 	-1.93291 	0.306786 	0.699837 	0.0667096 	
2.015	0.0680373 	-0.105816 	-1.93271 	0.306785 	0.699846 	0.0667027 	
2.02	0.068046 	-0.106017 	-1.93252 	0.306785 	0.699855 	0.0666958 	
2.025	0.0680546 	-0.106216 	-1.93233 	0.306784 	0.699864 	0.0666889 	
2.03	0.0680631 	-0.106413 	-1.93214 	0.306784 	0.699873 	0.066682 	
2.035	0.0680717 	-0.106609 	-1.93195 	0.306783 	0.699881 	0.0666752 	
2.04	0.0683141 	-0.107034 	-1.93184 	0.307588 	0.701411 	0.0676189 	
2.045	0.0683224 	-0.107226 	-1.93165 	0.307588 	0.701419 	0.0676122 	
2.05	0.0683307 	-0.107416 	-1.93147 	0.307587 	0.701427 	0.0676054 	
2.055	0.0683389 	-0.107604 	-1.93129 	0.307586 	0.701435 	0.0675987 	
2.06	0.068347 	-0.10779 	-1.93111 	0.307586 	0.701443 	0.067592 	
2.065	0.0683551 	-0.107975 	-1.93093 	0.307585 	0.701451 	0.0675853 	
2.07	0.0685892 	-0.108379 	-1.93082 	0.308366 	0.702916 	0.0684956 	
2.075	0.0685971 	-0.108559 	-1.93065 	0.308365 	0.702924 	0.068489 	
2.08	0.0686049 	-0.108738 	-1.93047 	0.308364 	0.702931 	0.0684825 	
2.085	0.0686127 	-0.108915 	-1.9303 	0.308364 	0.702938 	0.068476 	
2.09	0.0686204 	-0.10909 	-1.93013 	0.308363 	0.702945 	0.0684695 	
2.095	0.068628 	-0.109263 	-1.92997 	0.308362 	0.702952 	0.0684631 	
2.1	0.0688498 	-0.109642 	-1.92987 	0.309104 	0.70433 	0.0693236 	
2.105	0.0688572 	-0.109811 	-1.9297 	0.309103 	0.704337 	0.0693173 	
2.11	0.0688646 	-0.109978 	-1.92954 	0.309103 	0.704343 	0.069311 	
2.115	0.0688719 	-0.110143 	-1.92938 	0.309102 	0.70435 	0.0693048 	
2.12	0.0688791 	-0.110307 	-1.92922 	0.309101 	0.704356 	0.0692986 	
2.125	0.0688862 	-0.110468 	-1.92906 	0.3091 	0.704362 	0.0692924 	
2.13	0.0688933 	-0.110627 	-1.92891 	0.3091 	0.704369 	0.0692863 	
2.135	0.0691305 	-0.111007 	-1.92883 	0.3099 	0.705837 	0.0702102 	
2.14	0.0691374 	-0.111162 	-1.92868 	0.309899 	0.705843 	0.0702042 	
2.145	0.0691442 	-0.111316 	-1.92853 	0.309898 	0.705849 	0.0701983 	
2.15	0.0691509 	-0.111467 	-1.92838 	0.309897 	0.705854 	0.0701924 	
2.155	0.0691576 	-0.111617 	-1.92823 	0.309897 	0.70586 	0.0701866 	
2.16	0.0691641 	-0.111764 	-1.92809 	0.309896 	0.705865 	0.0701808 	
2.165	0.0691706 	-0.111909 	-1.92795 	0.309895 	0.705871 	0.0701751 	
2.17	0.0693924 	-0.112259 	-1.92787 	0.310646 	0.707234 	0.0710379 	
2.175	0.0693987 	-0.112401 	-1.92773 	0.310645 	0.707239 	0.0710323 	
2.18	0.0694049 	-0.11254 	-1.9276 	0.310644 	0.707244 	0.0710267 	
2.185	0.0694111 	-0.112677 	-1.92746 	0.310644 	0.707249 	0.0710213 	
2.19	0.0694171 	-0.112813 	-1.92733 	0.310643 	0.707254 	0.0710159 	
2.195	0.0694231 	-0.112946 	-1.9272 	0.310642 	0.707258 	0.0710105 	
2.2	0.069429 	-0.113077 	-1.92707 	0.310641 	0.707263 	0.0710052 	
2.205	0.0694348 	-0.113206 	-1.92695 	0.310641 	0.707268 	0.071 	
2.21	0.0696608 	-0.113543 	-1.92689 	0.311411 	0.708651 	0.0718816 	
2.215	0.0696664 	-0.113668 	-1.92677 	0.31141 	0.708655 	0.0718765 	
2.22	0.069672 	-0.113792 	-1.92665 	0.31141 	0.70866 	0.0718715 	
2.225	0.0696774 	-0.113913 	-1.92653 	0.311409 	0.708664 	0.0718666 	
2.23	0.0696828 	-0.114032 	-1.92641 	0.311408 	0.708668 	0.0718617 	
2.235	0.069688 	-0.114148 	-1.9263 	0.311407 	0.708672 	0.0718569 	
2.24	0.0696932 	-0.114263 	-1.92619 	0.311407 	0.708676 	0.0718521 	
2.245	0.0696983 	-0.114376 	-1.92608 	0.311406 	0.708679 	0.0718475 	
2.25	0.0697033 	-0.114487 	-1.92597 	0.311405 	0.708683 	0.0718429 	
2.255	0.069926 	-0.114801 	-1.92592 	0.312169 	0.71004 	0.0727136 	
2.26	0.0699308 	-0.114907 	-1.92582 	0.312169 	0.710044 	0.0727091 	
2.265	0.0699355 	-0.115012 	-1.92572 	0.312168 	0.710047 	0.0727048 	
2.27	0.0699402 	-0.115114 	-1.92562 	0.312167 	0.71005 	0.0727005 	
2.275	0.0699447 	-0.115214 	-1.92552 	0.312166 	0.710054 	0.0726963 	
2.28	0.0699491 	-0.115313 	-1.92542 	0.312166 	0.710057 	0.0726922 	
2.285	0.0699535 	-0.115408 	-1.92533 	0.312165 	0.71006 	0.0726881 	
2.29	0.0699578 	-0.115502 	-1.92524 	0.312164 	0.710063 	0.0726841 	
2.295	0.0699619 	-0.115594 	-1.92515 	0.312164 	0.710066 	0.0726803 	
2.3	0.069966 	-0.115684 	-1.92506 	0.312163 	0.710069 	0.0726764 	
2.305	0.06997 	-0.115771 	-1.92497 	0.312163 	0.710072 	0.0726727 	
2.31	0.0701933 	-0.116063 	-1.92495 	0.312935 	0.711428 	0.0735494 	
2.315	0.0701971 	-0.116146 	-1.92487 	0.312934 	0.711431 	0.0735459 	
2.32	0.0702008 	-0.116227 	-1.92479 	0.312934 	0.711433 	0.0735424 	
2.325	0.0702044 	-0.116306 	-1.92471 	0.312933 	0.711436 	0.073539 	
2.33	0.0702079 	-0.116383 	-1.92464 	0.312933 	0.711438 	0.0735357 	
2.335	0.0702113 	-0.116458 	-1.92456 	0.312932 	0.711441 	0.0735325 	
2.34	0.0702146 	-0.116531 	-1.92449 	0.312931 	0.711443 	0.0735293 	
2.345	0.0702178 	-0.116601 	-1.92442 	0.312931 	0.711445 	0.0735263 	
2.35	0.0702209 	-0.116669 	-1.92435 	0.31293 	0.711447 	0.0735233 	
2.355	0.0702239 	-0.116736 	-1.92429 	0.31293 	0.711449 	0.0735205 	
2.36	0.0702269 	-0.1168 	-1.92423 	0.312929 	0.711451 	0.0735177 	
2.365	0.0702297 	-0.116862 	-1.92417 	0.312929 	0.711453 	0.073515 	
2.37	0.0702324 	-0.116921 	-1.92411 	0.312928 	0.711455 	0.0735124 	
2.375	0.0702351 	-0.116979 	-1.92405 	0.312928 	0.711457 	0.0735099 	
2.38	0.0702376 	-0.117034 	-1.924 	0.312928 	0.711458 	0.0735075 	
2.385	0.07024 	-0.117088 	-1.92394 	0.312927 	0.71146 	0.0735051 	
2.39	0.070467 	-0.117348 	-1.92395 	0.31372 	0.712837 	0.0744024 	
2.395	0.0704692 	-0.117397 	-1.92391 	0.31372 	0.712839 	0.0744003 	
2.4	0.0704713 	-0.117444 	-1.92386 	0.31372 	0.71284 	0.0743982 	
2.405	0.0704734 	-0.117488 	-1.92382 	0.313719 	0.712841 	0.0743963 	
2.41	0.0704753 	-0.117531 	-1.92378 	0.313719 	0.712843 	0.0743944 	
2.415	0.0704772 	-0.117571 	-1.92374 	0.313719 	0.712844 	0.0743926 	
2.42	0.0704787 	-0.117606 	-1.9237 	0.313718 	0.712845 	0.0743911 	
2.425	0.0704805 	-0.117645 	-1.92366 	0.313718 	0.712846 	0.0743894 	
2.43	0.070482 	-0.117676 	-1.92363 	0.313718 	0.712847 	0.074388 	
2.435	0.0704834 	-0.117708 	-1.9236 	0.313717 	0.712848 	0.0743866 	
2.44	0.0704848 	-0.117737 	-1.92357 	0.313717 	0.712849 	0.0743853 	
2.445	0.070486 	-0.117765 	-1.92355 	0.313717 	0.712849 	0.0743841 	
2.45	0.0704872 	-0.11779 	-1.92352 	0.313717 	0.71285 	0.074383 	
2.455	0.0704882 	-0.117813 	-1.9235 	0.313717 	0.712851 	0.074382 	
2.46	0.0704892 	-0.117834 	-1.92348 	0.313716 	0.712851 	0.074381 	
2.465	0.0704901 	-0.117853 	-1.92346 	0.313716 	0.712852 	0.0743802 	
2.47	0.0704908 	-0.117869 	-1.92344 	0.313716 	0.712853 	0.0743795 	
2.475	0.0704915 	-0.117884 	-1.92343 	0.313716 	0.712853 	0.0743788 	
2.48	0.070492 	-0.117896 	-1.92342 	0.313716 	0.712853 	0.0743783 	
2.485	0.0704925 	-0.117906 	-1.92341 	0.313716 	0.712854 	0.0743778 	
2.49	0.0704929 	-0.117914 	-1.9234 	0.313716 	0.712854 	0.0743775 	
2.495	0.0704931 	-0.11792 	-1.92339 	0.313716 	0.712854 	0.0743772 	
2.5	0.0704931 	-0.11792 	-1.92339 	0.313716 	0.712854 	0.0743772 	
2.505	0.0704933 	-0.117924 	-1.92339 	0.313716 	0.712854 	0.074377 	
2.51	0.0704842 	-0.117915 	-1.9234 	0.313719 	0.712855 	0.0743887 	
2.515	0.0704842 	-0.117915 	-1.9234 	0.313719 	0.712855 	0.0743887 	
2.52	0.0704817 	-0.117919 	-1.92339 	0.313719 	0.71285 	0.0743896 	
2.525	0.07048 	-0.117923 	-1.92338 	0.313718 	0.712844 	0.0743894 	
2.53	0.070478 	-0.117928 	-1.92337 	0.313717 	0.712838 	0.0743889 	
2.535	0.0704755 	-0.117934 	-1.92336 	0.313715 	0.712829 	0.0743884 	
2.54	0.0704726 	-0.117942 	-1.92334 	0.313713 	0.712819 	0.0743878 	
2.545	0.0704755 	-0.117957 	-1.92331 	0.313709 	0.712807 	0.0743789 	
2.55	0.0704723 	-0.117967 	-1.92329 	0.313706 	0.712794 	0.0743773 	
2.555	0.0704681 	-0.117978 	-1.92326 	0.313704 	0.71278 	0.0743763 	
2.56	0.0704634 	-0.11799 	-1.92324 	0.313701 	0.712764 	0.0743753 	
2.565	0.0704582 	-0.118004 	-1.92321 	0.313698 	0.712746 	0.0743743 	
2.57	0.0704526 	-0.118018 	-1.92317 	0.313695 	0.712727 	0.0743731 	
2.575	0.0704465 	-0.118034 	-1.92314 	0.313691 	0.712707 	0.0743718 	
2.58	0.0704443 	-0.118055 	-1.92309 	0.313685 	0.712684 	0.0743648 	
2.585	0.0704377 	-0.118073 	-1.92305 	0.313681 	0.71266 	0.0743628 	
2.59	0.0704303 	-0.118093 	-1.92301 	0.313677 	0.712635 	0.0743612 	
2.595	0.0704225 	-0.118113 	-1.92296 	0.313672 	0.712608 	0.0743595 	
2.6	0.0704141 	-0.118134 	-1.92291 	0.313667 	0.71258 	0.0743578 	
2.605	0.0704045 	-0.118159 	-1.92286 	0.313662 	0.712548 	0.0743557 	
2.61	0.0703952 	-0.118182 	-1.9228 	0.313656 	0.712516 	0.0743538 	
2.615	0.0703854 	-0.118207 	-1.92275 	0.31365 	0.712483 	0.0743518 	
2.62	0.0703753 	-0.118233 	-1.92269 	0.313644 	0.712449 	0.0743496 	
2.625	0.0703647 	-0.118261 	-1.92263 	0.313638 	0.712413 	0.0743474 	
2.63	0.0703536 	-0.118289 	-1.92256 	0.313632 	0.712376 	0.0743451 	
2.635	0.0703421 	-0.118318 	-1.92249 	0.313625 	0.712337 	0.0743427 	
2.64	0.0703301 	-0.118349 	-1.92243 	0.313618 	0.712297 	0.0743402 	
2.645	0.0703191 	-0.118382 	-1.92235 	0.31361 	0.712254 	0.0743357 	
2.65	0.0703063 	-0.118415 	-1.92228 	0.313602 	0.712211 	0.074333 	
2.655	0.070293 	-0.118449 	-1.9222 	0.313594 	0.712166 	0.0743303 	
2.66	0.0702793 	-0.118484 	-1.92212 	0.313586 	0.71212 	0.0743274 	
2.665	0.0702651 	-0.118521 	-1.92204 	0.313578 	0.712072 	0.0743244 	
2.67	0.0702505 	-0.118558 	-1.92195 	0.313569 	0.712023 	0.0743214 	
2.675	0.0702355 	-0.118597 	-1.92186 	0.31356 	0.711972 	0.0743182 	
2.68	0.07022 	-0.118636 	-1.92177 	0.313551 	0.711919 	0.074315 	
2.685	0.0702041 	-0.118677 	-1.92168 	0.313542 	0.711866 	0.0743116 	
2.69	0.0701878 	-0.118719 	-1.92159 	0.313532 	0.71181 	0.0743082 	
2.695	0.070171 	-0.118762 	-1.92149 	0.313522 	0.711754 	0.0743047 	
2.7	0.0701538 	-0.118806 	-1.92139 	0.313512 	0.711695 	0.074301 	
2.705	0.0701408 	-0.118857 	-1.92128 	0.3135 	0.711635 	0.0742912 	
2.71	0.0701228 	-0.118903 	-1.92117 	0.313489 	0.711574 	0.0742873 	
2.715	0.0701043 	-0.11895 	-1.92106 	0.313478 	0.711511 	0.0742834 	
2.72	0.0700853 	-0.118999 	-1.92095 	0.313467 	0.711447 	0.0742794 	
2.725	0.070066 	-0.119049 	-1.92084 	0.313456 	0.711381 	0.0742754 	
2.73	0.0700462 	-0.119099 	-1.92072 	0.313444 	0.711314 	0.0742712 	
2.735	0.070026 	-0.119151 	-1.92061 	0.313432 	0.711246 	0.0742669 	
2.74	0.0699945 	-0.119192 	-1.9205 	0.313424 	0.711178 	0.0742769 	
2.745	0.0699733 	-0.119246 	-1.92038 	0.313412 	0.711107 	0.0742726 	
2.75	0.0699519 	-0.119301 	-1.92026 	0.313399 	0.711034 	0.0742681 	
2.755	0.06993 	-0.119357 	-1.92013 	0.313387 	0.71096 	0.0742634 	
2.76	0.0699101 	-0.119417 	-1.91999 	0.313372 	0.710884 	0.0742555 	
2.765	0.0698483 	-0.119167 	-1.91979 	0.313546 	0.709184 	0.0746286 	
2.77	0.0698252 	-0.119226 	-1.91965 	0.313532 	0.709106 	0.0746238 	
2.775	0.0698016 	-0.119287 	-1.91951 	0.313518 	0.709026 	0.0746188 	
2.78	0.0697777 	-0.119348 	-1.91937 	0.313504 	0.708945 	0.0746137 	
2.785	0.0697533 	-0.119411 	-1.91923 	0.31349 	0.708862 	0.0746086 	
2.79	0.0697175 	-0.119463 	-1.9191 	0.31348 	0.708781 	0.0746178 	
2.795	0.0696923 	-0.119527 	-1.91896 	0.313465 	0.708695 	0.0746126 	
2.8	0.0696667 	-0.119593 	-1.91881 	0.31345 	0.708609 	0.0746072 	
2.805	0.0696407 	-0.11966 	-1.91866 	0.313434 	0.70852 	0.0746017 	
2.81	0.0696143 	-0.119728 	-1.9185 	0.313419 	0.708431 	0.0745961 	
2.815	0.0695876 	-0.119797 	-1.91834 	0.313403 	0.70834 	0.0745904 	
2.82	0.0695604 	-0.119867 	-1.91819 	0.313387 	0.708248 	0.0745846 	
2.825	0.0695328 	-0.119938 	-1.91802 	0.313371 	0.708154 	0.0745788 	
2.83	0.0695049 	-0.12001 	-1.91786 	0.313354 	0.708059 	0.0745728 	
2.835	0.0694765 	-0.120083 	-1.91769 	0.313338 	0.707963 	0.0745668 	
2.84	0.069334 	-0.11985 	-1.91745 	0.31316 	0.706141 	0.0745028 	
2.845	0.0693049 	-0.119925 	-1.91728 	0.313142 	0.706042 	0.0744967 	
2.85	0.0692928 	-0.12002 	-1.91708 	0.313118 	0.705938 	0.0744677 	
2.855	0.0692631 	-0.120098 	-1.9169 	0.313101 	0.705837 	0.0744611 	
2.86	0.0692328 	-0.120176 	-1.91672 	0.313083 	0.705734 	0.0744547 	
2.865	0.0692022 	-0.120255 	-1.91654 	0.313065 	0.70563 	0.0744482 	
2.87	0.0691712 	-0.120335 	-1.91636 	0.313047 	0.705524 	0.0744416 	
2.875	0.0691398 	-0.120416 	-1.91618 	0.313028 	0.705417 	0.0744349 	
2.88	0.0691081 	-0.120498 	-1.91599 	0.31301 	0.705309 	0.0744281 	
2.885	0.0690736 	-0.120579 	-1.91581 	0.312992 	0.705201 	0.0744244 	
2.89	0.0690411 	-0.120663 	-1.91561 	0.312973 	0.70509 	0.0744175 	
2.895	0.0690082 	-0.120748 	-1.91542 	0.312953 	0.704978 	0.0744104 	
2.9	0.0688581 	-0.120538 	-1.91515 	0.312746 	0.703187 	0.0743068 	
2.905	0.0688246 	-0.120625 	-1.91495 	0.312726 	0.703073 	0.0742997 	
2.91	0.0687906 	-0.120713 	-1.91475 	0.312706 	0.702957 	0.0742924 	
2.915	0.0687564 	-0.120802 	-1.91455 	0.312686 	0.70284 	0.0742851 	
2.92	0.0687218 	-0.120892 	-1.91435 	0.312666 	0.702722 	0.0742777 	
2.925	0.0686868 	-0.120982 	-1.91414 	0.312645 	0.702603 	0.0742703 	
2.93	0.0686391 	-0.121061 	-1.91395 	0.31263 	0.702485 	0.0742789 	
2.935	0.0686033 	-0.121153 	-1.91374 	0.312609 	0.702363 	0.0742714 	
2.94	0.0685673 	-0.121247 	-1.91353 	0.312588 	0.70224 	0.0742637 	
2.945	0.068531 	-0.121341 	-1.91331 	0.312566 	0.702116 	0.0742559 	
2.95	0.0684943 	-0.121436 	-1.9131 	0.312545 	0.701991 	0.074248 	
2.955	0.0683359 	-0.121228 	-1.9128 	0.312327 	0.700129 	0.0741367 	
2.96	0.0682986 	-0.121325 	-1.91258 	0.312305 	0.700002 	0.0741288 	
2.965	0.0682728 	-0.121436 	-1.91234 	0.312278 	0.699871 	0.0741052 	
2.97	0.0682349 	-0.121535 	-1.91211 	0.312256 	0.699741 	0.0740969 	
2.975	0.0681966 	-0.121635 	-1.91188 	0.312233 	0.69961 	0.0740887 	
2.98	0.0681579 	-0.121736 	-1.91166 	0.312211 	0.699477 	0.0740804 	
2.985	0.0681189 	-0.121838 	-1.91143 	0.312188 	0.699344 	0.074072 	
2.99	0.0680797 	-0.12194 	-1.91119 	0.312165 	0.69921 	0.0740636 	
2.995	0.0680401 	-0.122044 	-1.91096 	0.312142 	0.699074 	0.0740551 	
3	0.0680001 	-0.122148 	-1.91072 	0.312119 	0.698937 	0.0740465 	
3.005	0.0678382 	-0.121948 	-1.9104 	0.311898 	0.697056 	0.0739345 	
3.01	0.0677977 	-0.122054 	-1.91016 	0.311875 	0.696918 	0.0739258 	
3.015	0.0677575 	-0.122161 	-1.90992 	0.311851 	0.696777 	0.0739161 	
3.02	0.0677164 	-0.122269 	-1.90967 	0.311827 	0.696636 	0.0739073 	
3.025	0.067675 	-0.122377 	-1.90943 	0.311803 	0.696494 	0.0738983 	
3.03	0.0676333 	-0.122487 	-1.90918 	0.311778 	0.696351 	0.0738893 	
3.035	0.0675913 	-0.122597 	-1.90893 	0.311754 	0.696207 	0.0738803 	
3.04	0.067549 	-0.122707 	-1.90868 	0.311729 	0.696062 	0.0738711 	
3.045	0.0675064 	-0.122819 	-1.90843 	0.311704 	0.695915 	0.0738619 	
3.05	0.0673452 	-0.122635 	-1.90809 	0.311489 	0.694071 	0.0737529 	
3.055	0.0673021 	-0.122749 	-1.90783 	0.311464 	0.693923 	0.0737436 	
3.06	0.0672562 	-0.12286 	-1.90758 	0.311439 	0.693774 	0.0737375 	
3.065	0.0672125 	-0.122975 	-1.90732 	0.311414 	0.693624 	0.0737281 	
3.07	0.0671685 	-0.12309 	-1.90706 	0.311388 	0.693473 	0.0737186 	
3.075	0.0671243 	-0.123207 	-1.90679 	0.311363 	0.69332 	0.073709 	
3.08	0.0670798 	-0.123324 	-1.90653 	0.311337 	0.693167 	0.0736994 	
3.085	0.0670351 	-0.123442 	-1.90626 	0.311311 	0.693013 	0.0736897 	
3.09	0.0669901 	-0.12356 	-1.90599 	0.311285 	0.692858 	0.0736799 	
3.095	0.0668144 	-0.123362 	-1.90564 	0.311061 	0.690915 	0.0735735 	
3.1	0.0667688 	-0.123482 	-1.90537 	0.311035 	0.690758 	0.0735637 	
3.105	0.066723 	-0.123603 	-1.9051 	0.311008 	0.6906 	0.0735538 	
3.11	0.066677 	-0.123724 	-1.90482 	0.310981 	0.690441 	0.0735438 	
3.115	0.0666308 	-0.123846 	-1.90455 	0.310954 	0.690282 	0.0735338 	
3.12	0.0665843 	-0.123969 	-1.90427 	0.310927 	0.690121 	0.0735237 	
3.125	0.0665407 	-0.124096 	-1.90399 	0.310899 	0.689959 	0.0735094 	
3.13	0.0664938 	-0.12422 	-1.9037 	0.310872 	0.689797 	0.0734991 	
3.135	0.066329 	-0.124052 	-1.90334 	0.310657 	0.687942 	0.073391 	
3.14	0.0662816 	-0.124178 	-1.90305 	0.310629 	0.687778 	0.0733807 	
3.145	0.066234 	-0.124304 	-1.90277 	0.310602 	0.687613 	0.0733703 	
3.15	0.0661861 	-0.124431 	-1.90248 	0.310574 	0.687447 	0.0733599 	
3.155	0.066138 	-0.124559 	-1.90219 	0.310546 	0.687281 	0.0733494 	
3.16	0.0660897 	-0.124687 	-1.9019 	0.310518 	0.687114 	0.0733389 	
3.165	0.0660412 	-0.124815 	-1.90161 	0.31049 	0.686945 	0.0733283 	
3.17	0.0659925 	-0.124945 	-1.90132 	0.310462 	0.686777 	0.0733176 	
3.175	0.0658225 	-0.124774 	-1.90094 	0.310241 	0.684862 	0.0732068 	
3.18	0.0657734 	-0.124904 	-1.90064 	0.310212 	0.684691 	0.0731961 	
3.185	0.065724 	-0.125036 	-1.90034 	0.310184 	0.68452 	0.0731853 	
3.19	0.0656788 	-0.125172 	-1.90004 	0.310154 	0.684347 	0.073169 	
3.195	0.0656291 	-0.125305 	-1.89974 	0.310125 	0.684175 	0.073158 	
3.2	0.0655792 	-0.125437 	-1.89944 	0.310096 	0.684001 	0.0731471 	
3.205	0.0655291 	-0.125571 	-1.89914 	0.310067 	0.683827 	0.0731361 	
3.21	0.0654788 	-0.125705 	-1.89883 	0.310038 	0.683652 	0.073125 	
3.215	0.0653032 	-0.125529 	-1.89844 	0.30981 	0.681669 	0.0730111 	
3.22	0.0652469 	-0.125658 	-1.89814 	0.309783 	0.681494 	0.0730073 	
3.225	0.0651961 	-0.125794 	-1.89783 	0.309754 	0.681317 	0.0729962 	
3.23	0.0651452 	-0.12593 	-1.89753 	0.309725 	0.68114 	0.072985 	
3.235	0.065094 	-0.126067 	-1.89722 	0.309695 	0.680962 	0.0729738 	
3.24	0.0650427 	-0.126204 	-1.89691 	0.309666 	0.680783 	0.0729625 	
3.245	0.0649913 	-0.126342 	-1.8966 	0.309636 	0.680603 	0.0729511 	
3.25	0.0648255 	-0.126197 	-1.8962 	0.309426 	0.678772 	0.0728466 	
3.255	0.0647738 	-0.126336 	-1.89589 	0.309396 	0.678591 	0.0728353 	
3.26	0.0647219 	-0.126475 	-1.89557 	0.309367 	0.67841 	0.0728238 	
3.265	0.0646698 	-0.126615 	-1.89525 	0.309337 	0.678228 	0.0728123 	
3.27	0.0646177 	-0.126755 	-1.89494 	0.309307 	0.678046 	0.0728008 	
3.275	0.0645772 	-0.126909 	-1.8946 	0.309272 	0.677861 	0.0727739 	
3.28	0.0645248 	-0.12705 	-1.89428 	0.309242 	0.677677 	0.0727622 	
3.285	0.0643569 	-0.126906 	-1.89388 	0.30903 	0.675823 	0.0726571 	
3.29	0.0643042 	-0.127048 	-1.89356 	0.309 	0.675638 	0.0726454 	
3.295	0.0642514 	-0.127191 	-1.89323 	0.30897 	0.675453 	0.0726337 	
3.3	0.0641985 	-0.127333 	-1.89291 	0.308939 	0.675268 	0.072622 	
3.305	0.0641454 	-0.127477 	-1.89259 	0.308909 	0.675082 	0.0726102 	
3.31	0.0640922 	-0.12762 	-1.89227 	0.308878 	0.674895 	0.0725984 	
3.315	0.0640389 	-0.127764 	-1.89194 	0.308848 	0.674708 	0.0725865 	
3.32	0.0638682 	-0.127619 	-1.89152 	0.308633 	0.672819 	0.0724802 	
3.325	0.0638147 	-0.127764 	-1.8912 	0.308603 	0.672631 	0.0724683 	
3.33	0.0637561 	-0.127903 	-1.89088 	0.308574 	0.672444 	0.0724628 	
3.335	0.0637024 	-0.128049 	-1.89055 	0.308543 	0.672255 	0.0724509 	
3.34	0.0636486 	-0.128194 	-1.89022 	0.308512 	0.672066 	0.0724389 	
3.345	0.0635947 	-0.12834 	-1.88989 	0.308482 	0.671877 	0.0724269 	
3.35	0.0635407 	-0.128487 	-1.88956 	0.308451 	0.671687 	0.0724148 	
3.355	0.0633676 	-0.12834 	-1.88914 	0.308234 	0.669766 	0.0723075 	
3.36	0.0633135 	-0.128487 	-1.88881 	0.308203 	0.669576 	0.0722955 	
3.365	0.0632593 	-0.128635 	-1.88848 	0.308172 	0.669385 	0.0722834 	
3.37	0.063205 	-0.128782 	-1.88814 	0.308141 	0.669194 	0.0722712 	
3.375	0.0631506 	-0.12893 	-1.88781 	0.30811 	0.669002 	0.0722591 	
3.38	0.0630962 	-0.129078 	-1.88748 	0.308079 	0.66881 	0.0722469 	
3.385	0.0630357 	-0.12922 	-1.88715 	0.30805 	0.668619 	0.0722423 	
3.39	0.0628607 	-0.129072 	-1.88672 	0.307831 	0.666673 	0.0721345 	
3.395	0.0628061 	-0.129221 	-1.88639 	0.3078 	0.66648 	0.0721223 	
3.4	0.0627515 	-0.129371 	-1.88605 	0.307769 	0.666287 	0.07211 	
3.405	0.0626968 	-0.12952 	-1.88571 	0.307738 	0.666094 	0.0720977 	
3.41	0.062642 	-0.129669 	-1.88538 	0.307707 	0.6659 	0.0720854 	
3.415	0.062583 	-0.129814 	-1.88505 	0.307677 	0.665707 	0.0720786 	
3.42	0.0625281 	-0.129964 	-1.88471 	0.307646 	0.665513 	0.0720663 	
3.425	0.0623518 	-0.129816 	-1.88427 	0.307427 	0.663548 	0.0719581 	
3.43	0.0622969 	-0.129967 	-1.88393 	0.307395 	0.663354 	0.0719458 	
3.435	0.062242 	-0.130117 	-1.88359 	0.307364 	0.663159 	0.0719334 	
3.44	0.0621871 	-0.130268 	-1.88326 	0.307333 	0.662964 	0.071921 	
3.445	0.0621321 	-0.130419 	-1.88292 	0.307302 	0.662769 	0.0719086 	
3.45	0.0620771 	-0.13057 	-1.88258 	0.307271 	0.662574 	0.0718962 	
3.455	0.0620222 	-0.130721 	-1.88224 	0.30724 	0.662379 	0.0718837 	
3.46	0.061845 	-0.130573 	-1.8818 	0.30702 	0.6604 	0.0717756 	
3.465	0.0617969 	-0.130732 	-1.88145 	0.306986 	0.660204 	0.0717545 	
3.47	0.061742 	-0.130884 	-1.8811 	0.306955 	0.660008 	0.0717419 	
3.475	0.061687 	-0.131035 	-1.88076 	0.306924 	0.659812 	0.0717295 	
3.48	0.061632 	-0.131187 	-1.88042 	0.306893 	0.659617 	0.071717 	
3.485	0.061577 	-0.131338 	-1.88008 	0.306861 	0.659421 	0.0717045 	
3.49	0.061522 	-0.13149 	-1.87974 	0.30683 	0.659225 	0.071692 	
3.495	0.0613446 	-0.131343 	-1.8793 	0.306611 	0.657239 	0.0715843 	
3.5	0.0612897 	-0.131495 	-1.87896 	0.30658 	0.657043 	0.0715718 	
3.505	0.0612348 	-0.131647 	-1.87861 	0.306549 	0.656847 	0.0715593 	
3.51	0.0611799 	-0.131798 	-1.87827 	0.306518 	0.656651 	0.0715468 	
3.515	0.0611311 	-0.131957 	-1.87792 	0.306485 	0.656454 	0.0715265 	
3.52	0.0610763 	-0.132109 	-1.87758 	0.306454 	0.656258 	0.0715139 	
3.525	0.0610215 	-0.132261 	-1.87724 	0.306423 	0.656063 	0.0715014 	
3.53	0.0608445 	-0.132115 	-1.8768 	0.306204 	0.654075 	0.0713944 	
3.535	0.0607897 	-0.132267 	-1.87645 	0.306173 	0.65388 	0.0713819 	
3.54	0.0607351 	-0.132419 	-1.87611 	0.306143 	0.653684 	0.0713695 	
3.545	0.0606804 	-0.132571 	-1.87577 	0.306112 	0.653488 	0.071357 	
3.55	0.0606258 	-0.132722 	-1.87543 	0.306081 	0.653293 	0.0713445 	
3.555	0.0605713 	-0.132874 	-1.87509 	0.306051 	0.653097 	0.071332 	
3.56	0.0605168 	-0.133026 	-1.87475 	0.30602 	0.652902 	0.0713195 	
3.565	0.0603406 	-0.132881 	-1.87431 	0.305803 	0.65092 	0.0712135 	
3.57	0.0602863 	-0.133033 	-1.87396 	0.305773 	0.650725 	0.0712011 	
3.575	0.060232 	-0.133184 	-1.87362 	0.305742 	0.65053 	0.0711886 	
3.58	0.0601718 	-0.133329 	-1.87329 	0.305714 	0.650336 	0.0711839 	
3.585	0.0601176 	-0.13348 	-1.87295 	0.305683 	0.650142 	0.0711715 	
3.59	0.0600635 	-0.133631 	-1.87262 	0.305653 	0.649948 	0.071159 	
3.595	0.0600095 	-0.133782 	-1.87228 	0.305623 	0.649754 	0.0711466 	
3.6	0.0598465 	-0.133652 	-1.87182 	0.305404 	0.647779 	0.0710269 	
3.605	0.0597929 	-0.133803 	-1.87148 	0.305374 	0.647586 	0.0710144 	
3.61	0.0597392 	-0.133953 	-1.87114 	0.305344 	0.647392 	0.071002 	
3.615	0.0596855 	-0.134104 	-1.8708 	0.305314 	0.647199 	0.0709896 	
3.62	0.059632 	-0.134254 	-1.87047 	0.305284 	0.647007 	0.0709773 	
3.625	0.0595786 	-0.134404 	-1.87013 	0.305254 	0.646814 	0.0709649 	
3.63	0.0595253 	-0.134553 	-1.86979 	0.305224 	0.646622 	0.0709526 	
3.635	0.0593523 	-0.134413 	-1.86935 	0.305013 	0.644667 	0.0708497 	
3.64	0.059281 	-0.134542 	-1.86905 	0.30499 	0.644479 	0.0708605 	
3.645	0.0592279 	-0.134691 	-1.86871 	0.30496 	0.644287 	0.0708485 	
3.65	0.059175 	-0.13484 	-1.86838 	0.304931 	0.644096 	0.0708363 	
3.655	0.0591222 	-0.134988 	-1.86805 	0.304901 	0.643906 	0.070824 	
3.66	0.0590696 	-0.135137 	-1.86771 	0.304872 	0.643716 	0.0708118 	
3.665	0.0590171 	-0.135285 	-1.86738 	0.304842 	0.643526 	0.0707996 	
3.67	0.0588465 	-0.135147 	-1.86695 	0.304635 	0.641593 	0.0706986 	
3.675	0.0587943 	-0.135294 	-1.86662 	0.304605 	0.641404 	0.0706864 	
3.68	0.0587422 	-0.135442 	-1.86629 	0.304576 	0.641216 	0.0706743 	
3.685	0.0586903 	-0.135588 	-1.86596 	0.304547 	0.641027 	0.0706622 	
3.69	0.0586385 	-0.135735 	-1.86563 	0.304519 	0.640839 	0.0706501 	
3.695	0.0585868 	-0.135881 	-1.8653 	0.30449 	0.640652 	0.0706381 	
3.7	0.0585403 	-0.136033 	-1.86496 	0.304459 	0.640464 	0.0706195 	
3.705	0.0583727 	-0.135898 	-1.86454 	0.304256 	0.63856 	0.0705207 	
3.71	0.0583215 	-0.136043 	-1.86421 	0.304227 	0.638374 	0.0705088 	
3.715	0.0582705 	-0.136188 	-1.86389 	0.304199 	0.638189 	0.0704968 	
3.72	0.0582196 	-0.136333 	-1.86356 	0.304171 	0.638004 	0.0704849 	
3.725	0.0581688 	-0.136477 	-1.86324 	0.304142 	0.637819 	0.070473 	
3.73	0.0581182 	-0.136621 	-1.86292 	0.304114 	0.637635 	0.0704612 	
3.735	0.0580678 	-0.136764 	-1.8626 	0.304086 	0.637452 	0.0704493 	
3.74	0.0579064 	-0.136636 	-1.86217 	0.303886 	0.635582 	0.0703495 	
3.745	0.0578564 	-0.136778 	-1.86185 	0.303859 	0.6354 	0.0703377 	
3.75	0.0578065 	-0.13692 	-1.86153 	0.303831 	0.635218 	0.070326 	
3.755	0.0577568 	-0.137062 	-1.86121 	0.303803 	0.635037 	0.0703143 	
3.76	0.0577073 	-0.137203 	-1.8609 	0.303776 	0.634857 	0.0703027 	
3.765	0.057658 	-0.137344 	-1.86058 	0.303749 	0.634677 	0.070291 	
3.77	0.0576088 	-0.137484 	-1.86027 	0.303721 	0.634497 	0.0702795 	
3.775	0.0575599 	-0.137624 	-1.85995 	0.303694 	0.634319 	0.0702679 	
3.78	0.0573856 	-0.137462 	-1.85953 	0.30348 	0.632282 	0.070164 	
3.785	0.0573371 	-0.137601 	-1.85922 	0.303453 	0.632104 	0.0701526 	
3.79	0.0572887 	-0.13774 	-1.85891 	0.303426 	0.631927 	0.0701412 	
3.795	0.0572439 	-0.137881 	-1.85859 	0.303399 	0.631751 	0.0701256 	
3.8	0.057196 	-0.138018 	-1.85829 	0.303372 	0.631575 	0.0701142 	
3.805	0.0571483 	-0.138155 	-1.85798 	0.303346 	0.631401 	0.0701029 	
3.81	0.0571008 	-0.138291 	-1.85768 	0.303319 	0.631227 	0.0700916 	
3.815	0.0570534 	-0.138427 	-1.85737 	0.303293 	0.631053 	0.0700804 	
3.82	0.0568883 	-0.138273 	-1.85695 	0.303082 	0.629053 	0.069973 	
3.825	0.0568415 	-0.138408 	-1.85665 	0.303057 	0.628881 	0.0699618 	
3.83	0.0567948 	-0.138542 	-1.85635 	0.303031 	0.62871 	0.0699508 	
3.835	0.0567484 	-0.138676 	-1.85605 	0.303005 	0.62854 	0.0699398 	
3.84	0.0567022 	-0.138808 	-1.85575 	0.30298 	0.628371 	0.0699288 	
3.845	0.0566563 	-0.138941 	-1.85545 	0.302954 	0.628202 	0.0699178 	
3.85	0.0566105 	-0.139072 	-1.85516 	0.302929 	0.628034 	0.069907 	
3.855	0.056565 	-0.139203 	-1.85487 	0.302904 	0.627867 	0.0698961 	
3.86	0.0564009 	-0.13905 	-1.85446 	0.302703 	0.625934 	0.0697991 	
3.865	0.0563463 	-0.139169 	-1.85419 	0.302681 	0.62577 	0.0698004 	
3.87	0.0563015 	-0.139298 	-1.8539 	0.302657 	0.625606 	0.0697899 	
3.875	0.056257 	-0.139427 	-1.85361 	0.302632 	0.625442 	0.0697793 	
3.88	0.0562127 	-0.139555 	-1.85333 	0.302608 	0.625279 	0.0697687 	
3.885	0.0561687 	-0.139682 	-1.85304 	0.302584 	0.625117 	0.0697582 	
3.89	0.0561249 	-0.139809 	-1.85276 	0.30256 	0.624956 	0.0697477 	
3.895	0.0560814 	-0.139934 	-1.85248 	0.302536 	0.624795 	0.0697373 	
3.9	0.055924 	-0.139788 	-1.85209 	0.302344 	0.622937 	0.0696448 	
3.905	0.0558811 	-0.139912 	-1.85181 	0.30232 	0.622779 	0.0696345 	
3.91	0.0558384 	-0.140036 	-1.85154 	0.302297 	0.622621 	0.0696243 	
3.915	0.0557959 	-0.140159 	-1.85126 	0.302273 	0.622465 	0.0696141 	
3.92	0.0557537 	-0.140282 	-1.85099 	0.30225 	0.622309 	0.069604 	
3.925	0.0557118 	-0.140403 	-1.85072 	0.302227 	0.622154 	0.0695939 	
3.93	0.0556793 	-0.140534 	-1.85043 	0.302201 	0.621999 	0.0695724 	
3.935	0.055638 	-0.140654 	-1.85016 	0.302179 	0.621846 	0.0695623 	
3.94	0.0555969 	-0.140774 	-1.8499 	0.302156 	0.621694 	0.0695525 	
3.945	0.0554354 	-0.140606 	-1.84952 	0.301956 	0.619743 	0.0694563 	
3.95	0.0553949 	-0.140724 	-1.84925 	0.301934 	0.619594 	0.0694465 	
3.955	0.0553547 	-0.140841 	-1.84899 	0.301912 	0.619445 	0.0694369 	
3.96	0.0552991 	-0.14094 	-1.84876 	0.301895 	0.6193 	0.069447 	
3.965	0.0552592 	-0.141055 	-1.8485 	0.301874 	0.619153 	0.0694376 	
3.97	0.0552199 	-0.14117 	-1.84824 	0.301852 	0.619008 	0.0694281 	
3.975	0.0551808 	-0.141284 	-1.84799 	0.301831 	0.618863 	0.0694187 	
3.98	0.055142 	-0.141397 	-1.84774 	0.30181 	0.618719 	0.0694093 	
3.985	0.0551035 	-0.141509 	-1.84749 	0.301789 	0.618577 	0.0694 	
3.99	0.0549505 	-0.141348 	-1.84713 	0.301599 	0.616721 	0.0693092 	
3.995	0.0549196 	-0.141467 	-1.84687 	0.301576 	0.616579 	0.0692914 	
4	0.0548821 	-0.141576 	-1.84662 	0.301556 	0.616439 	0.0692823 	
4.005	0.0548448 	-0.141685 	-1.84638 	0.301536 	0.616301 	0.0692733 	
4.01	0.0548079 	-0.141793 	-1.84614 	0.301515 	0.616164 	0.0692643 	
4.015	0.0547712 	-0.1419 	-1.8459 	0.301495 	0.616028 	0.0692554 	
4.02	0.0547349 	-0.142007 	-1.84566 	0.301476 	0.615893 	0.0692466 	
4.025	0.0546989 	-0.142112 	-1.84543 	0.301456 	0.615759 	0.0692379 	
4.03	0.0546632 	-0.142217 	-1.84519 	0.301437 	0.615626 	0.0692292 	
4.035	0.0546278 	-0.14232 	-1.84496 	0.301417 	0.615495 	0.0692206 	
4.04	0.0544754 	-0.142146 	-1.84462 	0.301227 	0.613609 	0.0691293 	
4.045	0.0544407 	-0.142248 	-1.84439 	0.301208 	0.61348 	0.0691209 	
4.05	0.0544063 	-0.142348 	-1.84416 	0.301189 	0.613352 	0.0691125 	
4.055	0.0543722 	-0.142448 	-1.84394 	0.301171 	0.613225 	0.0691042 	
4.06	0.0543319 	-0.14254 	-1.84373 	0.301154 	0.6131 	0.0691042 	
4.065	0.0542985 	-0.142638 	-1.84351 	0.301136 	0.612976 	0.0690961 	
4.07	0.0542654 	-0.142736 	-1.8433 	0.301118 	0.612853 	0.0690881 	
4.075	0.0542326 	-0.142832 	-1.84308 	0.3011 	0.612731 	0.0690801 	
4.08	0.0542002 	-0.142927 	-1.84287 	0.301083 	0.61261 	0.0690722 	
4.085	0.0541681 	-0.143021 	-1.84266 	0.301065 	0.61249 	0.0690644 	
4.09	0.0541364 	-0.143115 	-1.84245 	0.301048 	0.612372 	0.0690566 	
4.095	0.053988 	-0.142931 	-1.84213 	0.30086 	0.610495 	0.068966 	
4.1	0.053957 	-0.143022 	-1.84192 	0.300843 	0.610379 	0.0689584 	
4.105	0.0539263 	-0.143113 	-1.84172 	0.300826 	0.610265 	0.068951 	
4.11	0.0538959 	-0.143202 	-1.84152 	0.30081 	0.610151 	0.0689435 	
4.115	0.0538659 	-0.143291 	-1.84132 	0.300794 	0.610039 	0.0689362 	
4.12	0.0538363 	-0.143378 	-1.84113 	0.300777 	0.609928 	0.068929 	
4.125	0.0538095 	-0.143467 	-1.84093 	0.300761 	0.609818 	0.0689187 	
4.13	0.0537805 	-0.143553 	-1.84074 	0.300745 	0.60971 	0.0689116 	
4.135	0.0537519 	-0.143637 	-1.84055 	0.30073 	0.609603 	0.0689046 	
4.14	0.0537237 	-0.14372 	-1.84037 	0.300714 	0.609498 	0.0688977 	
4.145	0.0536958 	-0.143803 	-1.84018 	0.300699 	0.609393 	0.0688908 	
4.15	0.0536683 	-0.143884 	-1.84 	0.300684 	0.60929 	0.0688841 	
4.155	0.0535277 	-0.143698 	-1.83971 	0.300505 	0.607488 	0.0687985 	
4.16	0.0535009 	-0.143777 	-1.83953 	0.300491 	0.607388 	0.0687919 	
4.165	0.0534745 	-0.143855 	-1.83936 	0.300476 	0.607289 	0.0687855 	
4.17	0.0534484 	-0.143932 	-1.83919 	0.300462 	0.607191 	0.0687791 	
4.175	0.0534228 	-0.144008 	-1.83902 	0.300448 	0.607095 	0.0687728 	
4.18	0.0533974 	-0.144083 	-1.83885 	0.300435 	0.607 	0.0687666 	
4.185	0.0533725 	-0.144157 	-1.83869 	0.300421 	0.606906 	0.0687604 	
4.19	0.0533562 	-0.144239 	-1.83851 	0.300405 	0.606812 	0.068744 	
4.195	0.053332 	-0.144311 	-1.83835 	0.300392 	0.606722 	0.068738 	
4.2	0.0533082 	-0.144382 	-1.83819 	0.300379 	0.606632 	0.0687321 	
4.205	0.0532847 	-0.144451 	-1.83804 	0.300366 	0.606544 	0.0687263 	
4.21	0.0532616 	-0.14452 	-1.83789 	0.300354 	0.606458 	0.0687206 	
4.215	0.0532389 	-0.144587 	-1.83774 	0.300342 	0.606372 	0.068715 	
4.22	0.0532115 	-0.144648 	-1.8376 	0.300331 	0.60629 	0.0687159 	
4.225	0.0530787 	-0.144453 	-1.83734 	0.300159 	0.604543 	0.068634 	
4.23	0.0530571 	-0.144517 	-1.8372 	0.300148 	0.604462 	0.0686287 	
4.235	0.0530359 	-0.14458 	-1.83706 	0.300136 	0.604383 	0.0686235 	
4.24	0.0530151 	-0.144642 	-1.83692 	0.300125 	0.604305 	0.0686184 	
4.245	0.0529947 	-0.144702 	-1.83678 	0.300114 	0.604228 	0.0686133 	
4.25	0.0529747 	-0.144762 	-1.83665 	0.300103 	0.604153 	0.0686084 	
4.255	0.0529573 	-0.144823 	-1.83652 	0.300092 	0.604078 	0.0686008 	
4.26	0.052938 	-0.14488 	-1.83639 	0.300081 	0.604006 	0.068596 	
4.265	0.0529192 	-0.144936 	-1.83626 	0.300071 	0.603935 	0.0685913 	
4.27	0.0529007 	-0.144991 	-1.83614 	0.300061 	0.603866 	0.0685868 	
4.275	0.0528826 	-0.145045 	-1.83602 	0.300052 	0.603798 	0.0685823 	
4.28	0.0528649 	-0.145097 	-1.8359 	0.300042 	0.603731 	0.0685779 	
4.285	0.0528476 	-0.145149 	-1.83579 	0.300033 	0.603666 	0.0685736 	
4.29	0.0528307 	-0.145199 	-1.83568 	0.300024 	0.603602 	0.0685695 	
4.295	0.0528142 	-0.145248 	-1.83557 	0.300015 	0.60354 	0.0685654 	
4.3	0.0527981 	-0.145296 	-1.83546 	0.300006 	0.60348 	0.0685614 	
4.305	0.0527824 	-0.145343 	-1.83536 	0.299998 	0.60342 	0.0685575 	
4.31	0.0527584 	-0.145379 	-1.83527 	0.299992 	0.603365 	0.0685645 	
4.315	0.0527434 	-0.145423 	-1.83517 	0.299984 	0.603309 	0.0685609 	
4.32	0.0526177 	-0.145207 	-1.83496 	0.299816 	0.601582 	0.068481 	
4.325	0.0526035 	-0.145249 	-1.83487 	0.299808 	0.601528 	0.0684775 	
4.33	0.0525898 	-0.14529 	-1.83478 	0.299801 	0.601477 	0.0684741 	
4.335	0.0525765 	-0.145329 	-1.83469 	0.299794 	0.601427 	0.0684708 	
4.34	0.0525812 	-0.145387 	-1.83457 	0.299781 	0.601374 	0.0684457 	
4.345	0.0525688 	-0.145425 	-1.83449 	0.299775 	0.601327 	0.0684424 	
4.35	0.0525567 	-0.145461 	-1.83441 	0.299768 	0.601281 	0.0684394 	
4.355	0.052545 	-0.145496 	-1.83433 	0.299762 	0.601237 	0.0684365 	
4.36	0.0525337 	-0.14553 	-1.83426 	0.299756 	0.601195 	0.0684337 	
4.365	0.0525228 	-0.145562 	-1.83418 	0.29975 	0.601154 	0.068431 	
4.37	0.0525123 	-0.145594 	-1.83411 	0.299744 	0.601114 	0.0684284 	
4.375	0.0525022 	-0.145624 	-1.83405 	0.299739 	0.601076 	0.0684259 	
4.38	0.0524926 	-0.145652 	-1.83398 	0.299734 	0.60104 	0.0684235 	
4.385	0.0524833 	-0.14568 	-1.83392 	0.299729 	0.601005 	0.0684212 	
4.39	0.0524744 	-0.145707 	-1.83386 	0.299724 	0.600971 	0.068419 	
4.395	0.052466 	-0.145732 	-1.83381 	0.299719 	0.600939 	0.0684169 	
4.4	0.0524587 	-0.145754 	-1.83376 	0.299715 	0.600912 	0.0684151 	
4.405	0.0524503 	-0.145779 	-1.8337 	0.299711 	0.60088 	0.068413 	
4.41	0.0524433 	-0.145798 	-1.83366 	0.299708 	0.600856 	0.0684119 	
4.415	0.0524365 	-0.145818 	-1.83361 	0.299704 	0.60083 	0.0684103 	
4.42	0.05243 	-0.145837 	-1.83357 	0.2997 	0.600806 	0.0684087 	
4.425	0.052424 	-0.145855 	-1.83353 	0.299697 	0.600783 	0.0684072 	
4.43	0.0524184 	-0.145872 	-1.83349 	0.299694 	0.600762 	0.0684058 	
4.435	0.0524132 	-0.145888 	-1.83346 	0.299691 	0.600742 	0.0684045 	
4.44	0.0524084 	-0.145902 	-1.83343 	0.299689 	0.600724 	0.0684033 	
4.445	0.0523847 	-0.145894 	-1.83343 	0.299692 	0.600712 	0.0684262 	
4.45	0.0523788 	-0.145903 	-1.83341 	0.299691 	0.600697 	0.0684276 	
4.455	0.0523751 	-0.145914 	-1.83338 	0.299689 	0.600684 	0.068427 	
4.46	0.0523719 	-0.145923 	-1.83336 	0.299687 	0.600672 	0.0684262 	
4.465	0.0523692 	-0.145931 	-1.83334 	0.299686 	0.600662 	0.0684256 	
4.47	0.0523668 	-0.145938 	-1.83333 	0.299685 	0.600653 	0.068425 	
4.475	0.0523649 	-0.145944 	-1.83332 	0.299684 	0.600646 	0.0684245 	
4.48	0.0523634 	-0.145948 	-1.83331 	0.299683 	0.60064 	0.0684241 	
4.485	0.0523624 	-0.145952 	-1.8333 	0.299682 	0.600636 	0.0684239 	
4.49	0.0523624 	-0.145952 	-1.8333 	0.299682 	0.600636 	0.0684239 	
4.495	0.0523615 	-0.145954 	-1.83329 	0.299682 	0.600633 	0.0684237 	
