0	0.0498715 	0.0200702 	-2.0123 	0.263223 	0.542605 	-0.00636609 	
0.005	0.0498715 	0.0200702 	-2.0123 	0.263223 	0.542605 	-0.00636609 	
0.01	0.0498715 	0.0200661 	-2.01229 	0.263224 	0.542606 	-0.00636585 	
0.015	0.0498716 	0.0200604 	-2.01229 	0.263224 	0.542607 	-0.00636552 	
0.02	0.0498716 	0.0200526 	-2.01228 	0.263224 	0.542609 	-0.00636506 	
0.025	0.0498717 	0.0200424 	-2.01227 	0.263224 	0.542611 	-0.00636446 	
0.03	0.0498717 	0.0200299 	-2.01226 	0.263225 	0.542613 	-0.00636373 	
0.035	0.0498718 	0.0200151 	-2.01225 	0.263225 	0.542616 	-0.00636286 	
0.04	0.0498719 	0.019998 	-2.01224 	0.263226 	0.54262 	-0.00636186 	
0.045	0.049872 	0.0199785 	-2.01222 	0.263226 	0.542624 	-0.00636072 	
0.05	0.0498721 	0.0199568 	-2.01221 	0.263227 	0.542628 	-0.00635945 	
0.055	0.0498723 	0.0199327 	-2.01219 	0.263228 	0.542633 	-0.00635804 	
0.06	0.0498724 	0.0199064 	-2.01217 	0.263229 	0.542639 	-0.0063565 	
0.065	0.0498726 	0.0198777 	-2.01214 	0.26323 	0.542645 	-0.00635482 	
0.07	0.0498727 	0.0198467 	-2.01212 	0.263231 	0.542651 	-0.00635301 	
0.075	0.0498729 	0.0198134 	-2.01209 	0.263232 	0.542658 	-0.00635106 	
0.08	0.0498731 	0.0197778 	-2.01207 	0.263233 	0.542665 	-0.00634898 	
0.085	0.0498733 	0.0197361 	-2.01203 	0.263234 	0.542674 	-0.00634655 	
0.09	0.0498736 	0.0196993 	-2.012 	0.263236 	0.542681 	-0.0063444 	
0.095	0.0498738 	0.0196529 	-2.01197 	0.263237 	0.542691 	-0.0063417 	
0.1	0.0498741 	0.0196078 	-2.01193 	0.263238 	0.5427 	-0.00633907 	
0.105	0.0498743 	0.0195604 	-2.01189 	0.26324 	0.54271 	-0.00633632 	
0.11	0.0498746 	0.0195108 	-2.01186 	0.263242 	0.54272 	-0.00633343 	
0.115	0.0498749 	0.0194589 	-2.01181 	0.263243 	0.542731 	-0.00633041 	
0.12	0.0498752 	0.0194046 	-2.01177 	0.263245 	0.542742 	-0.00632726 	
0.125	0.0498756 	0.0193481 	-2.01173 	0.263247 	0.542753 	-0.00632399 	
0.13	0.0498759 	0.0192893 	-2.01168 	0.263249 	0.542765 	-0.00632058 	
0.135	0.0498763 	0.0192282 	-2.01163 	0.263251 	0.542778 	-0.00631704 	
0.14	0.0498766 	0.0191648 	-2.01158 	0.263253 	0.542791 	-0.00631338 	
0.145	0.049877 	0.0190992 	-2.01153 	0.263255 	0.542804 	-0.00630958 	
0.15	0.0498774 	0.0190312 	-2.01148 	0.263257 	0.542818 	-0.00630566 	
0.155	0.0498779 	0.018961 	-2.01142 	0.263259 	0.542832 	-0.00630162 	
0.16	0.0498783 	0.0188886 	-2.01136 	0.263262 	0.542847 	-0.00629744 	
0.165	0.0499888 	0.0185894 	-2.01148 	0.263407 	0.544431 	-0.00564742 	
0.17	0.0499893 	0.0185123 	-2.01142 	0.263409 	0.544446 	-0.00564298 	
0.175	0.0499898 	0.0184331 	-2.01135 	0.263412 	0.544463 	-0.00563843 	
0.18	0.0499903 	0.0183515 	-2.01129 	0.263415 	0.544479 	-0.00563375 	
0.185	0.0499908 	0.0182677 	-2.01122 	0.263417 	0.544496 	-0.00562895 	
0.19	0.0499913 	0.0181817 	-2.01116 	0.26342 	0.544514 	-0.00562402 	
0.195	0.0499919 	0.0180934 	-2.01109 	0.263423 	0.544532 	-0.00561898 	
0.2	0.0499924 	0.0180029 	-2.01101 	0.263426 	0.54455 	-0.00561381 	
0.205	0.049993 	0.0179101 	-2.01094 	0.263429 	0.544569 	-0.00560852 	
0.21	0.0499936 	0.0178151 	-2.01087 	0.263432 	0.544588 	-0.00560312 	
0.215	0.0499943 	0.0177179 	-2.01079 	0.263435 	0.544608 	-0.00559759 	
0.22	0.0499949 	0.0176184 	-2.01071 	0.263438 	0.544628 	-0.00559195 	
0.225	0.0499956 	0.0175167 	-2.01063 	0.263441 	0.544648 	-0.00558619 	
0.23	0.0501114 	0.0171799 	-2.01073 	0.263599 	0.546295 	-0.00490886 	
0.235	0.0501121 	0.0170738 	-2.01064 	0.263603 	0.546316 	-0.00490286 	
0.24	0.0501129 	0.0169654 	-2.01056 	0.263606 	0.546338 	-0.00489675 	
0.245	0.0501136 	0.0168549 	-2.01047 	0.26361 	0.546361 	-0.00489052 	
0.25	0.0501143 	0.0167421 	-2.01038 	0.263613 	0.546383 	-0.00488418 	
0.255	0.0501151 	0.0166272 	-2.01029 	0.263617 	0.546406 	-0.00487773 	
0.26	0.0501159 	0.0165101 	-2.0102 	0.263621 	0.54643 	-0.00487117 	
0.265	0.0501167 	0.0163907 	-2.0101 	0.263624 	0.546454 	-0.0048645 	
0.27	0.0501176 	0.0162692 	-2.01 	0.263628 	0.546478 	-0.00485772 	
0.275	0.0501185 	0.0161455 	-2.00991 	0.263632 	0.546503 	-0.00485083 	
0.28	0.0502346 	0.0157885 	-2.00998 	0.263796 	0.54814 	-0.00417615 	
0.285	0.0502355 	0.0156605 	-2.00988 	0.2638 	0.548165 	-0.00416904 	
0.29	0.0502365 	0.0155303 	-2.00978 	0.263804 	0.548191 	-0.00416182 	
0.295	0.0502374 	0.015398 	-2.00967 	0.263808 	0.548218 	-0.0041545 	
0.3	0.0502384 	0.0152635 	-2.00956 	0.263812 	0.548245 	-0.00414708 	
0.305	0.0502394 	0.0151268 	-2.00946 	0.263817 	0.548272 	-0.00413956 	
0.31	0.0502404 	0.0149881 	-2.00935 	0.263821 	0.548299 	-0.00413194 	
0.315	0.0502415 	0.0148471 	-2.00923 	0.263826 	0.548328 	-0.00412422 	
0.32	0.0502425 	0.0147041 	-2.00912 	0.26383 	0.548356 	-0.0041164 	
0.325	0.0503662 	0.0143152 	-2.00919 	0.26401 	0.550082 	-0.00340305 	
0.33	0.0503673 	0.0141679 	-2.00907 	0.264014 	0.550111 	-0.00339502 	
0.335	0.0503685 	0.0140185 	-2.00895 	0.264019 	0.55014 	-0.0033869 	
0.34	0.0503697 	0.013867 	-2.00883 	0.264024 	0.55017 	-0.00337869 	
0.345	0.0503708 	0.0137135 	-2.00871 	0.264029 	0.550201 	-0.00337039 	
0.35	0.0503721 	0.0135578 	-2.00859 	0.264034 	0.550232 	-0.00336199 	
0.355	0.0503733 	0.0134 	-2.00846 	0.264039 	0.550263 	-0.00335351 	
0.36	0.0503746 	0.0132402 	-2.00833 	0.264044 	0.550294 	-0.00334493 	
0.365	0.0505011 	0.0128316 	-2.00839 	0.264233 	0.552041 	-0.00262084 	
0.37	0.0505024 	0.0126676 	-2.00826 	0.264238 	0.552073 	-0.00261207 	
0.375	0.0505038 	0.0125016 	-2.00813 	0.264243 	0.552106 	-0.00260323 	
0.38	0.0505052 	0.0123335 	-2.00799 	0.264248 	0.552139 	-0.0025943 	
0.385	0.0505066 	0.0121634 	-2.00785 	0.264254 	0.552172 	-0.00258529 	
0.39	0.050508 	0.0119912 	-2.00772 	0.264259 	0.552206 	-0.00257619 	
0.395	0.0505095 	0.0118171 	-2.00758 	0.264264 	0.55224 	-0.00256702 	
0.4	0.0506334 	0.0114018 	-2.00762 	0.264455 	0.553934 	-0.00186309 	
0.405	0.0506349 	0.0112236 	-2.00747 	0.264461 	0.553968 	-0.00185375 	
0.41	0.0506365 	0.0110434 	-2.00733 	0.264466 	0.554003 	-0.00184433 	
0.415	0.0506381 	0.0108611 	-2.00718 	0.264472 	0.554039 	-0.00183484 	
0.42	0.0506397 	0.0106769 	-2.00704 	0.264477 	0.554075 	-0.00182527 	
0.425	0.0506414 	0.0104907 	-2.00689 	0.264483 	0.554111 	-0.00181564 	
0.43	0.0507576 	0.0100805 	-2.0069 	0.264667 	0.555687 	-0.00115916 	
0.435	0.0507594 	0.00989032 	-2.00675 	0.264673 	0.555724 	-0.00114937 	
0.44	0.0507611 	0.00969822 	-2.00659 	0.264679 	0.555761 	-0.00113951 	
0.445	0.0507629 	0.00950416 	-2.00644 	0.264685 	0.555798 	-0.00112959 	
0.45	0.0507648 	0.00930817 	-2.00628 	0.264691 	0.555836 	-0.0011196 	
0.455	0.0507667 	0.00911023 	-2.00612 	0.264697 	0.555874 	-0.00110956 	
0.46	0.05089 	0.00867693 	-2.00613 	0.264896 	0.557529 	-0.000418199 	
0.465	0.0508919 	0.00847512 	-2.00597 	0.264902 	0.557568 	-0.00040801 	
0.47	0.0508939 	0.00827143 	-2.00581 	0.264909 	0.557607 	-0.000397763 	
0.475	0.0508959 	0.00806584 	-2.00564 	0.264915 	0.557646 	-0.00038746 	
0.48	0.0508979 	0.00785835 	-2.00547 	0.264921 	0.557685 	-0.000377103 	
0.485	0.0509 	0.00764898 	-2.00531 	0.264928 	0.557725 	-0.000366693 	
0.49	0.0510319 	0.00719035 	-2.00532 	0.265145 	0.559477 	0.000367297 	
0.495	0.051034 	0.0069772 	-2.00514 	0.265152 	0.559517 	0.000377832 	
0.5	0.0510362 	0.00676223 	-2.00497 	0.265159 	0.559558 	0.000388418 	
0.505	0.0510385 	0.00654541 	-2.0048 	0.265165 	0.559599 	0.000399049 	
0.51	0.0510407 	0.00632675 	-2.00462 	0.265172 	0.55964 	0.000409726 	
0.515	0.0511599 	0.00588525 	-2.0046 	0.265373 	0.561209 	0.00106836 	
0.52	0.0511623 	0.00566291 	-2.00442 	0.26538 	0.56125 	0.00107915 	
0.525	0.0511647 	0.00543878 	-2.00424 	0.265387 	0.561292 	0.00108998 	
0.53	0.0511671 	0.00521285 	-2.00406 	0.265394 	0.561335 	0.00110084 	
0.535	0.0511696 	0.00498513 	-2.00387 	0.265401 	0.561377 	0.00111175 	
0.54	0.051293 	0.00452872 	-2.00385 	0.265613 	0.562986 	0.0017892 	
0.545	0.0512956 	0.00429741 	-2.00367 	0.26562 	0.563029 	0.0018002 	
0.55	0.0512982 	0.00406437 	-2.00348 	0.265627 	0.563072 	0.00181123 	
0.555	0.0513008 	0.00382956 	-2.00329 	0.265634 	0.563116 	0.00182229 	
0.56	0.0513035 	0.00359302 	-2.00309 	0.265641 	0.56316 	0.00183339 	
0.565	0.0514329 	0.00311892 	-2.00307 	0.265869 	0.564829 	0.00253879 	
0.57	0.0514357 	0.00287888 	-2.00288 	0.265876 	0.564874 	0.00254996 	
0.575	0.0514385 	0.00263715 	-2.00268 	0.265883 	0.564918 	0.00256116 	
0.58	0.0514414 	0.00239372 	-2.00248 	0.26589 	0.564963 	0.00257238 	
0.585	0.0514443 	0.00214859 	-2.00228 	0.265898 	0.565008 	0.00258362 	
0.59	0.0515798 	0.00165694 	-2.00226 	0.266141 	0.566739 	0.00331748 	
0.595	0.0515828 	0.00140842 	-2.00205 	0.266148 	0.566784 	0.00332878 	
0.6	0.0515859 	0.00115827 	-2.00185 	0.266155 	0.56683 	0.00334011 	
0.605	0.051589 	0.00090646 	-2.00165 	0.266163 	0.566876 	0.00335145 	
0.61	0.0515921 	0.000653011 	-2.00144 	0.26617 	0.566922 	0.0033628 	
0.615	0.0517339 	0.000144254 	-2.00141 	0.266429 	0.568713 	0.00412475 	
0.62	0.0517371 	-0.000112487 	-2.0012 	0.266436 	0.568759 	0.00413616 	
0.625	0.0517404 	-0.000370807 	-2.00099 	0.266444 	0.568805 	0.00414757 	
0.63	0.0517437 	-0.000630726 	-2.00078 	0.266452 	0.568852 	0.00415899 	
0.635	0.0517471 	-0.000892235 	-2.00056 	0.266459 	0.568899 	0.00417042 	
0.64	0.0518951 	-0.0014176 	-2.00053 	0.266735 	0.570748 	0.00495998 	
0.645	0.0518986 	-0.00168229 	-2.00032 	0.266742 	0.570795 	0.00497144 	
0.65	0.0519021 	-0.00194851 	-2.0001 	0.26675 	0.570843 	0.00498291 	
0.655	0.0519057 	-0.00221627 	-1.99988 	0.266758 	0.57089 	0.00499437 	
0.66	0.0519093 	-0.00248557 	-1.99966 	0.266765 	0.570938 	0.00500583 	
0.665	0.0520635 	-0.00302701 	-1.99963 	0.267058 	0.572843 	0.00582248 	
0.67	0.0520672 	-0.00329939 	-1.9994 	0.267066 	0.572891 	0.00583397 	
0.675	0.052071 	-0.00357322 	-1.99918 	0.267073 	0.572939 	0.00584545 	
0.68	0.0520749 	-0.00384855 	-1.99895 	0.267081 	0.572987 	0.00585691 	
0.685	0.0522066 	-0.00435317 	-1.99888 	0.267336 	0.574597 	0.00654819 	
0.69	0.0522105 	-0.00463147 	-1.99865 	0.267343 	0.574646 	0.00655966 	
0.695	0.0522145 	-0.0049112 	-1.99842 	0.267351 	0.574695 	0.00657112 	
0.7	0.0522186 	-0.00519237 	-1.99819 	0.267359 	0.574744 	0.00658257 	
0.705	0.0523516 	-0.00570304 	-1.99812 	0.26762 	0.576354 	0.00727614 	
0.71	0.0523557 	-0.00598709 	-1.99788 	0.267628 	0.576403 	0.00728758 	
0.715	0.0523599 	-0.00627253 	-1.99765 	0.267636 	0.576452 	0.007299 	
0.72	0.0523642 	-0.00655936 	-1.99741 	0.267644 	0.576502 	0.00731039 	
0.725	0.052501 	-0.00708006 	-1.99733 	0.267916 	0.578141 	0.00801892 	
0.73	0.0525054 	-0.00736968 	-1.99709 	0.267924 	0.578191 	0.0080303 	
0.735	0.0525098 	-0.00766064 	-1.99685 	0.267932 	0.578241 	0.00804165 	
0.74	0.0525143 	-0.00795294 	-1.99661 	0.26794 	0.578291 	0.00805297 	
0.745	0.052655 	-0.00848377 	-1.99653 	0.268223 	0.579961 	0.00877745 	
0.75	0.0526596 	-0.00877876 	-1.99628 	0.268232 	0.580011 	0.00878874 	
0.755	0.0526643 	-0.00907504 	-1.99604 	0.26824 	0.580061 	0.0088 	
0.76	0.052669 	-0.00937262 	-1.99579 	0.268248 	0.580111 	0.00881122 	
0.765	0.0528138 	-0.00991328 	-1.99571 	0.268544 	0.581812 	0.00955147 	
0.77	0.0528186 	-0.0102135 	-1.99546 	0.268552 	0.581862 	0.00956265 	
0.775	0.0528235 	-0.0105149 	-1.99521 	0.26856 	0.581913 	0.0095738 	
0.78	0.0528284 	-0.0108175 	-1.99495 	0.268568 	0.581963 	0.0095849 	
0.785	0.0529772 	-0.0113677 	-1.99487 	0.268876 	0.583692 	0.0103406 	
0.79	0.0529822 	-0.0116728 	-1.99461 	0.268885 	0.583743 	0.0103517 	
0.795	0.0529873 	-0.0119791 	-1.99436 	0.268893 	0.583794 	0.0103627 	
0.8	0.0529925 	-0.0122867 	-1.9941 	0.268901 	0.583845 	0.0103736 	
0.805	0.0531452 	-0.0128459 	-1.99401 	0.269222 	0.585602 	0.0111444 	
0.81	0.0531505 	-0.0131559 	-1.99375 	0.26923 	0.585652 	0.0111553 	
0.815	0.0531559 	-0.0134669 	-1.99349 	0.269238 	0.585703 	0.0111662 	
0.82	0.0531613 	-0.0137792 	-1.99323 	0.269247 	0.585755 	0.011177 	
0.825	0.053318 	-0.0143472 	-1.99314 	0.26958 	0.587538 	0.0119626 	
0.83	0.0533235 	-0.0146617 	-1.99287 	0.269588 	0.587589 	0.0119733 	
0.835	0.0533291 	-0.0149773 	-1.99261 	0.269597 	0.58764 	0.011984 	
0.84	0.0533348 	-0.015294 	-1.99235 	0.269605 	0.587691 	0.0119946 	
0.845	0.0534953 	-0.0158704 	-1.99225 	0.269951 	0.5895 	0.0127946 	
0.85	0.0535011 	-0.0161893 	-1.99198 	0.26996 	0.589551 	0.0128051 	
0.855	0.053507 	-0.0165092 	-1.99171 	0.269968 	0.589602 	0.0128155 	
0.86	0.0535129 	-0.0168301 	-1.99144 	0.269976 	0.589653 	0.0128259 	
0.865	0.0536774 	-0.0174145 	-1.99134 	0.270336 	0.591486 	0.01364 	
0.87	0.0536834 	-0.0177376 	-1.99107 	0.270344 	0.591537 	0.0136503 	
0.875	0.0536894 	-0.0180616 	-1.9908 	0.270352 	0.591588 	0.0136605 	
0.88	0.0536956 	-0.0183866 	-1.99053 	0.27036 	0.59164 	0.0136707 	
0.885	0.053864 	-0.0189786 	-1.99042 	0.270733 	0.593495 	0.0144984 	
0.89	0.0538702 	-0.0193056 	-1.99015 	0.270741 	0.593546 	0.0145085 	
0.895	0.0538765 	-0.0196335 	-1.98987 	0.27075 	0.593597 	0.0145185 	
0.9	0.0538829 	-0.0199623 	-1.98959 	0.270758 	0.593649 	0.0145284 	
0.905	0.0540551 	-0.0205616 	-1.98949 	0.271144 	0.595525 	0.0153694 	
0.91	0.0540616 	-0.0208923 	-1.98921 	0.271152 	0.595576 	0.0153792 	
0.915	0.0540682 	-0.0212239 	-1.98893 	0.27116 	0.595628 	0.0153889 	
0.92	0.0540749 	-0.0215564 	-1.98865 	0.271168 	0.595679 	0.0153985 	
0.925	0.0542508 	-0.0221625 	-1.98854 	0.271568 	0.597576 	0.0162525 	
0.93	0.0542576 	-0.0224967 	-1.98825 	0.271576 	0.597627 	0.016262 	
0.935	0.0542644 	-0.0228318 	-1.98797 	0.271584 	0.597678 	0.0162714 	
0.94	0.0542713 	-0.0231676 	-1.98768 	0.271592 	0.597728 	0.0162807 	
0.945	0.054451 	-0.0237802 	-1.98757 	0.272005 	0.599644 	0.0171472 	
0.95	0.054458 	-0.0241177 	-1.98728 	0.272013 	0.599695 	0.0171564 	
0.955	0.0544651 	-0.024456 	-1.987 	0.272021 	0.599746 	0.0171655 	
0.96	0.0544722 	-0.024795 	-1.98671 	0.272029 	0.599797 	0.0171745 	
0.965	0.0546557 	-0.0254137 	-1.98659 	0.272455 	0.60173 	0.018053 	
0.97	0.0546629 	-0.0257543 	-1.9863 	0.272464 	0.60178 	0.0180619 	
0.975	0.0546702 	-0.0260956 	-1.98601 	0.272472 	0.601831 	0.0180707 	
0.98	0.0546776 	-0.0264376 	-1.98572 	0.27248 	0.601881 	0.0180794 	
0.985	0.0548647 	-0.0270619 	-1.9856 	0.272919 	0.603831 	0.0189695 	
0.99	0.0548722 	-0.0274053 	-1.98531 	0.272927 	0.603881 	0.0189781 	
0.995	0.0548797 	-0.0277494 	-1.98501 	0.272935 	0.603931 	0.0189865 	
1	0.0548874 	-0.0280941 	-1.98472 	0.272943 	0.603981 	0.0189949 	
1.005	0.055078 	-0.0287237 	-1.9846 	0.273397 	0.605946 	0.0198962 	
1.01	0.0550858 	-0.0290697 	-1.9843 	0.273405 	0.605996 	0.0199044 	
1.015	0.0550936 	-0.0294164 	-1.984 	0.273413 	0.606045 	0.0199125 	
1.02	0.0552455 	-0.0299854 	-1.98384 	0.273775 	0.607588 	0.0206204 	
1.025	0.0552534 	-0.0303333 	-1.98354 	0.273783 	0.607638 	0.0206283 	
1.03	0.0552614 	-0.0306817 	-1.98324 	0.273791 	0.607687 	0.0206361 	
1.035	0.0552695 	-0.0310307 	-1.98294 	0.273799 	0.607737 	0.0206439 	
1.04	0.0554621 	-0.031662 	-1.98281 	0.274265 	0.609681 	0.0215432 	
1.045	0.0554702 	-0.0320121 	-1.98251 	0.274273 	0.60973 	0.0215508 	
1.05	0.0554784 	-0.0323627 	-1.98221 	0.27428 	0.609779 	0.0215582 	
1.055	0.0556347 	-0.0329378 	-1.98204 	0.27466 	0.611333 	0.0222777 	
1.06	0.055643 	-0.0332894 	-1.98173 	0.274668 	0.611382 	0.0222849 	
1.065	0.0556515 	-0.0336415 	-1.98143 	0.274675 	0.611431 	0.0222921 	
1.07	0.0556599 	-0.0339941 	-1.98113 	0.274683 	0.611479 	0.0222991 	
1.075	0.0558582 	-0.0346321 	-1.98099 	0.275172 	0.613441 	0.0232149 	
1.08	0.0558668 	-0.0349856 	-1.98068 	0.27518 	0.613489 	0.0232218 	
1.085	0.0558754 	-0.0353394 	-1.98038 	0.275187 	0.613538 	0.0232285 	
1.09	0.0560362 	-0.0359201 	-1.9802 	0.275585 	0.615104 	0.0239604 	
1.095	0.056045 	-0.0362748 	-1.9799 	0.275592 	0.615152 	0.023967 	
1.1	0.0560538 	-0.0366299 	-1.97959 	0.2756 	0.6152 	0.0239734 	
1.105	0.0562124 	-0.0372066 	-1.97941 	0.275994 	0.616731 	0.024691 	
1.11	0.0562213 	-0.0375624 	-1.9791 	0.276001 	0.616779 	0.0246972 	
1.115	0.0562303 	-0.0379185 	-1.97879 	0.276009 	0.616826 	0.0247033 	
1.12	0.0563904 	-0.0384964 	-1.97861 	0.27641 	0.618357 	0.0254235 	
1.125	0.0563994 	-0.0388531 	-1.9783 	0.276417 	0.618404 	0.0254294 	
1.13	0.0564086 	-0.0392102 	-1.97799 	0.276424 	0.61845 	0.0254352 	
1.135	0.0565703 	-0.0397896 	-1.9778 	0.276832 	0.619984 	0.0261596 	
1.14	0.0565796 	-0.0401472 	-1.97749 	0.276839 	0.62003 	0.0261652 	
1.145	0.0565889 	-0.040505 	-1.97718 	0.276846 	0.620077 	0.0261706 	
1.15	0.0567523 	-0.0410858 	-1.97699 	0.277261 	0.621613 	0.0268992 	
1.155	0.0567618 	-0.0414441 	-1.97668 	0.277268 	0.621659 	0.0269044 	
1.16	0.0567713 	-0.0418026 	-1.97636 	0.277276 	0.621704 	0.0269095 	
1.165	0.0569363 	-0.0423845 	-1.97618 	0.277698 	0.623242 	0.027642 	
1.17	0.0569459 	-0.0427434 	-1.97586 	0.277705 	0.623288 	0.0276469 	
1.175	0.0569556 	-0.0431024 	-1.97555 	0.277712 	0.623333 	0.0276517 	
1.18	0.0571222 	-0.0436852 	-1.97536 	0.27814 	0.624872 	0.0283878 	
1.185	0.057132 	-0.0440446 	-1.97504 	0.278147 	0.624917 	0.0283924 	
1.19	0.0571418 	-0.0444041 	-1.97473 	0.278154 	0.624962 	0.0283968 	
1.195	0.05731 	-0.0449875 	-1.97453 	0.27859 	0.626502 	0.0291365 	
1.2	0.0573199 	-0.0453472 	-1.97422 	0.278597 	0.626546 	0.0291407 	
1.205	0.0573299 	-0.045707 	-1.9739 	0.278603 	0.62659 	0.0291448 	
1.21	0.0574997 	-0.046291 	-1.97371 	0.279046 	0.62813 	0.0298877 	
1.215	0.0575097 	-0.0466508 	-1.97339 	0.279052 	0.628174 	0.0298915 	
1.22	0.0575198 	-0.0470107 	-1.97307 	0.279059 	0.628218 	0.0298953 	
1.225	0.057691 	-0.047595 	-1.97288 	0.279508 	0.629757 	0.0306411 	
1.23	0.0577012 	-0.047955 	-1.97256 	0.279515 	0.6298 	0.0306447 	
1.235	0.0577115 	-0.0483149 	-1.97224 	0.279521 	0.629843 	0.0306481 	
1.24	0.0578841 	-0.0488992 	-1.97205 	0.279977 	0.631382 	0.0313967 	
1.245	0.0578944 	-0.0492591 	-1.97173 	0.279983 	0.631424 	0.0313999 	
1.25	0.0579048 	-0.0496189 	-1.97141 	0.279989 	0.631467 	0.0314029 	
1.255	0.0580788 	-0.0502031 	-1.97121 	0.280451 	0.633004 	0.032154 	
1.26	0.0580893 	-0.0505628 	-1.97089 	0.280457 	0.633046 	0.0321568 	
1.265	0.0580998 	-0.0509223 	-1.97057 	0.280464 	0.633088 	0.0321595 	
1.27	0.058275 	-0.0515061 	-1.97037 	0.280931 	0.634622 	0.0329129 	
1.275	0.0582856 	-0.0518655 	-1.97005 	0.280938 	0.634664 	0.0329154 	
1.28	0.0582963 	-0.0522247 	-1.96973 	0.280944 	0.634705 	0.0329177 	
1.285	0.0584728 	-0.0528079 	-1.96953 	0.281418 	0.636237 	0.0336731 	
1.29	0.0584835 	-0.0531669 	-1.96921 	0.281424 	0.636278 	0.0336752 	
1.295	0.0584943 	-0.0535256 	-1.96889 	0.281429 	0.636318 	0.0336772 	
1.3	0.0586719 	-0.054108 	-1.96869 	0.281909 	0.637847 	0.0344343 	
1.305	0.0586828 	-0.0544664 	-1.96837 	0.281915 	0.637887 	0.0344361 	
1.31	0.0586937 	-0.0548245 	-1.96805 	0.281921 	0.637927 	0.0344377 	
1.315	0.0588724 	-0.0554059 	-1.96785 	0.282406 	0.639452 	0.0351963 	
1.32	0.0588834 	-0.0557636 	-1.96753 	0.282412 	0.639491 	0.0351977 	
1.325	0.0588944 	-0.0561209 	-1.96721 	0.282417 	0.63953 	0.035199 	
1.33	0.0590741 	-0.0567011 	-1.967 	0.282908 	0.641051 	0.0359588 	
1.335	0.0590852 	-0.0570579 	-1.96668 	0.282914 	0.64109 	0.0359599 	
1.34	0.0590964 	-0.0574144 	-1.96636 	0.282919 	0.641128 	0.0359608 	
1.345	0.0592771 	-0.0579932 	-1.96616 	0.283416 	0.642644 	0.0367216 	
1.35	0.0592883 	-0.0583491 	-1.96584 	0.283421 	0.642682 	0.0367223 	
1.355	0.0592995 	-0.0587046 	-1.96552 	0.283426 	0.642719 	0.0367228 	
1.36	0.0594811 	-0.0592817 	-1.96531 	0.283927 	0.64423 	0.0374843 	
1.365	0.0594924 	-0.0596365 	-1.96499 	0.283933 	0.644267 	0.0374847 	
1.37	0.0595038 	-0.0599909 	-1.96467 	0.283938 	0.644304 	0.0374849 	
1.375	0.0596861 	-0.0605661 	-1.96446 	0.284444 	0.645808 	0.0382468 	
1.38	0.0596976 	-0.0609197 	-1.96415 	0.284449 	0.645845 	0.0382468 	
1.385	0.059709 	-0.0612729 	-1.96383 	0.284454 	0.645881 	0.0382467 	
1.39	0.0598921 	-0.0618461 	-1.96362 	0.284965 	0.647379 	0.0390087 	
1.395	0.0599036 	-0.0621983 	-1.9633 	0.284969 	0.647415 	0.0390084 	
1.4	0.0599152 	-0.0625501 	-1.96298 	0.284974 	0.64745 	0.0390079 	
1.405	0.060099 	-0.063121 	-1.96277 	0.285489 	0.648941 	0.0397698 	
1.41	0.0601105 	-0.0634719 	-1.96245 	0.285494 	0.648976 	0.0397691 	
1.415	0.0601222 	-0.0638222 	-1.96214 	0.285499 	0.649011 	0.0397683 	
1.42	0.0603065 	-0.0643906 	-1.96193 	0.286018 	0.650494 	0.0405298 	
1.425	0.0603182 	-0.0647398 	-1.96161 	0.286023 	0.650528 	0.0405288 	
1.43	0.0603299 	-0.0650885 	-1.96129 	0.286027 	0.650562 	0.0405276 	
1.435	0.0605148 	-0.0656543 	-1.96108 	0.28655 	0.652037 	0.0412885 	
1.44	0.0605265 	-0.0660019 	-1.96077 	0.286555 	0.65207 	0.0412871 	
1.445	0.0605383 	-0.0663488 	-1.96045 	0.286559 	0.652104 	0.0412856 	
1.45	0.0605501 	-0.0666951 	-1.96014 	0.286563 	0.652137 	0.041284 	
1.455	0.0607874 	-0.0673221 	-1.95996 	0.287247 	0.654031 	0.0422715 	
1.46	0.0607993 	-0.0676673 	-1.95964 	0.287251 	0.654064 	0.0422697 	
1.465	0.0608111 	-0.0680117 	-1.95933 	0.287255 	0.654096 	0.0422678 	
1.47	0.0610022 	-0.0685769 	-1.95912 	0.287803 	0.655593 	0.0430491 	
1.475	0.0610141 	-0.06892 	-1.95881 	0.287807 	0.655625 	0.043047 	
1.48	0.061026 	-0.0692625 	-1.95849 	0.287811 	0.655656 	0.0430448 	
1.485	0.0610379 	-0.0696042 	-1.95818 	0.287815 	0.655688 	0.0430424 	
1.49	0.0612766 	-0.0702234 	-1.958 	0.28851 	0.657557 	0.0440279 	
1.495	0.0612885 	-0.0705637 	-1.95769 	0.288514 	0.657588 	0.0440253 	
1.5	0.0613005 	-0.0709032 	-1.95738 	0.288517 	0.657619 	0.0440227 	
1.505	0.0614921 	-0.0714603 	-1.95717 	0.289072 	0.659092 	0.0447999 	
1.51	0.0615041 	-0.0717984 	-1.95686 	0.289076 	0.659122 	0.0447971 	
1.515	0.0615161 	-0.0721357 	-1.95655 	0.289079 	0.659152 	0.0447941 	
1.52	0.0615281 	-0.0724721 	-1.95624 	0.289082 	0.659182 	0.044791 	
1.525	0.061767 	-0.0730816 	-1.95605 	0.289786 	0.661019 	0.0457701 	
1.53	0.061779 	-0.0734165 	-1.95575 	0.289789 	0.661048 	0.0457668 	
1.535	0.0617911 	-0.0737505 	-1.95544 	0.289792 	0.661077 	0.0457635 	
1.54	0.0618032 	-0.0740837 	-1.95513 	0.289796 	0.661106 	0.04576 	
1.545	0.0620467 	-0.0746928 	-1.95495 	0.290517 	0.662962 	0.0467554 	
1.55	0.0620588 	-0.0750243 	-1.95465 	0.29052 	0.66299 	0.0467517 	
1.555	0.0620709 	-0.0753549 	-1.95434 	0.290524 	0.663018 	0.046748 	
1.56	0.062083 	-0.0756846 	-1.95404 	0.290527 	0.663045 	0.0467441 	
1.565	0.0623267 	-0.0762878 	-1.95386 	0.291253 	0.664883 	0.0477362 	
1.57	0.0623388 	-0.0766157 	-1.95355 	0.291256 	0.664911 	0.0477322 	
1.575	0.0623509 	-0.0769426 	-1.95325 	0.291259 	0.664938 	0.0477281 	
1.58	0.062363 	-0.0772687 	-1.95295 	0.291261 	0.664964 	0.0477239 	
1.585	0.0626062 	-0.077865 	-1.95277 	0.29199 	0.66678 	0.0487101 	
1.59	0.0626183 	-0.0781891 	-1.95247 	0.291993 	0.666806 	0.0487057 	
1.595	0.0626304 	-0.0785122 	-1.95217 	0.291995 	0.666832 	0.0487012 	
1.6	0.0626425 	-0.0788344 	-1.95187 	0.291998 	0.666858 	0.0486966 	
1.605	0.0628849 	-0.0794234 	-1.95169 	0.292728 	0.66865 	0.049676 	
1.61	0.062897 	-0.0797436 	-1.95139 	0.29273 	0.668676 	0.0496713 	
1.615	0.0629091 	-0.0800627 	-1.95109 	0.292733 	0.668701 	0.0496665 	
1.62	0.0629211 	-0.0803807 	-1.9508 	0.292735 	0.668725 	0.0496616 	
1.625	0.0631626 	-0.0809622 	-1.95062 	0.293466 	0.670493 	0.0506333 	
1.63	0.0631746 	-0.0812781 	-1.95032 	0.293468 	0.670517 	0.0506283 	
1.635	0.0631867 	-0.081593 	-1.95003 	0.29347 	0.670541 	0.0506231 	
1.64	0.0631988 	-0.0819068 	-1.94974 	0.293473 	0.670565 	0.0506179 	
1.645	0.063439 	-0.0824803 	-1.94956 	0.294203 	0.672307 	0.0515814 	
1.65	0.063451 	-0.0827919 	-1.94927 	0.294205 	0.672331 	0.051576 	
1.655	0.063463 	-0.0831023 	-1.94898 	0.294207 	0.672354 	0.0515706 	
1.66	0.063475 	-0.0834116 	-1.94869 	0.294209 	0.672377 	0.0515651 	
1.665	0.0637138 	-0.0839768 	-1.94851 	0.294939 	0.674092 	0.0525195 	
1.67	0.0637258 	-0.0842838 	-1.94822 	0.294941 	0.674114 	0.0525138 	
1.675	0.0637378 	-0.0845897 	-1.94793 	0.294943 	0.674137 	0.0525081 	
1.68	0.0637497 	-0.0848944 	-1.94765 	0.294944 	0.674158 	0.0525023 	
1.685	0.0639869 	-0.0854508 	-1.94747 	0.295673 	0.675846 	0.0534469 	
1.69	0.0639988 	-0.0857531 	-1.94719 	0.295674 	0.675868 	0.053441 	
1.695	0.0640107 	-0.0860542 	-1.9469 	0.295676 	0.675889 	0.053435 	
1.7	0.0640226 	-0.086354 	-1.94662 	0.295677 	0.67591 	0.053429 	
1.705	0.0642578 	-0.0869015 	-1.94644 	0.296403 	0.677569 	0.0543631 	
1.71	0.0642697 	-0.0871989 	-1.94616 	0.296404 	0.67759 	0.0543569 	
1.715	0.0642815 	-0.087495 	-1.94589 	0.296406 	0.67761 	0.0543507 	
1.72	0.0642933 	-0.0877898 	-1.94561 	0.296407 	0.67763 	0.0543444 	
1.725	0.0645265 	-0.088328 	-1.94543 	0.297129 	0.67926 	0.0552672 	
1.73	0.0645382 	-0.0886203 	-1.94516 	0.297131 	0.67928 	0.0552608 	
1.735	0.0645499 	-0.0889112 	-1.94488 	0.297132 	0.679299 	0.0552544 	
1.74	0.0645617 	-0.0892009 	-1.94461 	0.297133 	0.679318 	0.0552478 	
1.745	0.0647925 	-0.0897294 	-1.94443 	0.297851 	0.680918 	0.0561587 	
1.75	0.0648041 	-0.0900164 	-1.94416 	0.297852 	0.680937 	0.0561521 	
1.755	0.0648158 	-0.0903021 	-1.94389 	0.297853 	0.680955 	0.0561455 	
1.76	0.0648274 	-0.0905864 	-1.94362 	0.297854 	0.680974 	0.0561387 	
1.765	0.0650557 	-0.0911049 	-1.94345 	0.298567 	0.682542 	0.0570369 	
1.77	0.0650672 	-0.0913865 	-1.94318 	0.298568 	0.68256 	0.0570301 	
1.775	0.0650787 	-0.0916666 	-1.94292 	0.298569 	0.682577 	0.0570232 	
1.78	0.0650902 	-0.0919454 	-1.94265 	0.29857 	0.682595 	0.0570163 	
1.785	0.0653157 	-0.0924536 	-1.94248 	0.299277 	0.684131 	0.0579011 	
1.79	0.0653271 	-0.0927296 	-1.94222 	0.299278 	0.684148 	0.0578941 	
1.795	0.0653384 	-0.0930042 	-1.94196 	0.299278 	0.684165 	0.0578871 	
1.8	0.0653498 	-0.0932773 	-1.9417 	0.299279 	0.684181 	0.05788 	
1.805	0.0655723 	-0.0937749 	-1.94153 	0.299979 	0.685685 	0.0587506 	
1.81	0.0655836 	-0.0940451 	-1.94127 	0.29998 	0.685701 	0.0587435 	
1.815	0.0655948 	-0.0943139 	-1.94102 	0.29998 	0.685717 	0.0587363 	
1.82	0.065606 	-0.0945811 	-1.94076 	0.299981 	0.685733 	0.0587291 	
1.825	0.0658253 	-0.0950679 	-1.94059 	0.300674 	0.687202 	0.0595849 	
1.83	0.0658364 	-0.0953322 	-1.94034 	0.300674 	0.687218 	0.0595776 	
1.835	0.0658474 	-0.095595 	-1.94009 	0.300674 	0.687233 	0.0595703 	
1.84	0.0658585 	-0.0958562 	-1.93984 	0.300675 	0.687248 	0.059563 	
1.845	0.0660743 	-0.0963319 	-1.93968 	0.301359 	0.688683 	0.0604032 	
1.85	0.0660852 	-0.0965901 	-1.93943 	0.301359 	0.688698 	0.0603958 	
1.855	0.0660961 	-0.0968467 	-1.93919 	0.30136 	0.688712 	0.0603884 	
1.86	0.066107 	-0.0971018 	-1.93894 	0.30136 	0.688726 	0.060381 	
1.865	0.0663192 	-0.0975661 	-1.93878 	0.302035 	0.690126 	0.0612049 	
1.87	0.0663299 	-0.097818 	-1.93854 	0.302035 	0.69014 	0.0611974 	
1.875	0.0663406 	-0.0980684 	-1.9383 	0.302035 	0.690154 	0.06119 	
1.88	0.0663513 	-0.0983172 	-1.93806 	0.302035 	0.690167 	0.0611825 	
1.885	0.0663619 	-0.0985644 	-1.93783 	0.302035 	0.690181 	0.061175 	
1.89	0.0666139 	-0.0990607 	-1.93768 	0.302847 	0.691843 	0.0621618 	
1.895	0.0666244 	-0.0993047 	-1.93745 	0.302847 	0.691856 	0.0621543 	
1.9	0.0666348 	-0.099547 	-1.93722 	0.302847 	0.691868 	0.0621468 	
1.905	0.0666452 	-0.0997877 	-1.93699 	0.302847 	0.691881 	0.0621392 	
1.91	0.0666556 	-0.100027 	-1.93676 	0.302847 	0.691893 	0.0621317 	
1.915	0.0669058 	-0.100511 	-1.93662 	0.303658 	0.69353 	0.06311 	
1.92	0.0669161 	-0.100747 	-1.93639 	0.303657 	0.693542 	0.0631024 	
1.925	0.0669262 	-0.100981 	-1.93617 	0.303657 	0.693554 	0.0630949 	
1.93	0.0669364 	-0.101213 	-1.93594 	0.303657 	0.693566 	0.0630873 	
1.935	0.0669465 	-0.101444 	-1.93572 	0.303656 	0.693577 	0.0630798 	
1.94	0.0671903 	-0.101912 	-1.93559 	0.30445 	0.695158 	0.0640309 	
1.945	0.0672003 	-0.102139 	-1.93537 	0.304449 	0.695169 	0.0640233 	
1.95	0.0672102 	-0.102365 	-1.93515 	0.304449 	0.69518 	0.0640158 	
1.955	0.06722 	-0.102589 	-1.93494 	0.304449 	0.695191 	0.0640083 	
1.96	0.0672298 	-0.102811 	-1.93472 	0.304448 	0.695202 	0.0640007 	
1.965	0.0674665 	-0.103261 	-1.93459 	0.305221 	0.696724 	0.0649215 	
1.97	0.0674761 	-0.10348 	-1.93438 	0.30522 	0.696734 	0.064914 	
1.975	0.0674857 	-0.103697 	-1.93417 	0.30522 	0.696744 	0.0649066 	
1.98	0.0674953 	-0.103912 	-1.93396 	0.305219 	0.696754 	0.0648991 	
1.985	0.0675047 	-0.104125 	-1.93376 	0.305219 	0.696764 	0.0648916 	
1.99	0.0677338 	-0.104558 	-1.93363 	0.305969 	0.698225 	0.0657807 	
1.995	0.0677431 	-0.104767 	-1.93343 	0.305969 	0.698235 	0.0657733 	
2	0.0677524 	-0.104975 	-1.93322 	0.305968 	0.698244 	0.0657659 	
2.005	0.0677616 	-0.105182 	-1.93303 	0.305967 	0.698254 	0.0657585 	
2.01	0.0677707 	-0.105386 	-1.93283 	0.305967 	0.698263 	0.0657511 	
2.015	0.0679918 	-0.1058 	-1.9327 	0.306693 	0.699662 	0.0666072 	
2.02	0.0680008 	-0.106001 	-1.93251 	0.306693 	0.69967 	0.0665999 	
2.025	0.0680097 	-0.1062 	-1.93232 	0.306692 	0.699679 	0.0665926 	
2.03	0.0680185 	-0.106397 	-1.93213 	0.306691 	0.699688 	0.0665853 	
2.035	0.0680273 	-0.106592 	-1.93194 	0.306691 	0.699696 	0.0665781 	
2.04	0.068036 	-0.106786 	-1.93175 	0.30669 	0.699705 	0.0665709 	
2.045	0.0682842 	-0.107215 	-1.93164 	0.307514 	0.701271 	0.0675372 	
2.05	0.0682927 	-0.107404 	-1.93146 	0.307513 	0.701279 	0.06753 	
2.055	0.0683012 	-0.107592 	-1.93128 	0.307512 	0.701287 	0.0675229 	
2.06	0.0683096 	-0.107778 	-1.9311 	0.307511 	0.701295 	0.0675158 	
2.065	0.068318 	-0.107962 	-1.93092 	0.30751 	0.701303 	0.0675088 	
2.07	0.0683263 	-0.108145 	-1.93074 	0.30751 	0.70131 	0.0675018 	
2.075	0.0685658 	-0.108552 	-1.93064 	0.308308 	0.70281 	0.0684332 	
2.08	0.0685739 	-0.108731 	-1.93047 	0.308307 	0.702818 	0.0684263 	
2.085	0.0685819 	-0.108907 	-1.9303 	0.308306 	0.702825 	0.0684194 	
2.09	0.0685899 	-0.109082 	-1.93013 	0.308306 	0.702832 	0.0684125 	
2.095	0.0685977 	-0.109254 	-1.92996 	0.308305 	0.702839 	0.0684057 	
2.1	0.0686056 	-0.109425 	-1.92979 	0.308304 	0.702845 	0.068399 	
2.105	0.0688323 	-0.109807 	-1.9297 	0.309062 	0.704254 	0.0692789 	
2.11	0.0688399 	-0.109974 	-1.92953 	0.309061 	0.704261 	0.0692722 	
2.115	0.0688475 	-0.110139 	-1.92937 	0.309061 	0.704267 	0.0692656 	
2.12	0.0688549 	-0.110302 	-1.92922 	0.30906 	0.704273 	0.0692591 	
2.125	0.0688623 	-0.110463 	-1.92906 	0.309059 	0.70428 	0.0692526 	
2.13	0.0688696 	-0.110622 	-1.9289 	0.309058 	0.704286 	0.0692461 	
2.135	0.0688769 	-0.110779 	-1.92875 	0.309057 	0.704292 	0.0692397 	
2.14	0.0691191 	-0.111162 	-1.92867 	0.309874 	0.705792 	0.0701834 	
2.145	0.0691262 	-0.111315 	-1.92852 	0.309873 	0.705798 	0.0701771 	
2.15	0.0691332 	-0.111466 	-1.92838 	0.309872 	0.705803 	0.0701708 	
2.155	0.0691401 	-0.111616 	-1.92823 	0.309871 	0.705809 	0.0701647 	
2.16	0.0691469 	-0.111763 	-1.92809 	0.30987 	0.705814 	0.0701585 	
2.165	0.0691536 	-0.111908 	-1.92794 	0.30987 	0.705819 	0.0701525 	
2.17	0.0691602 	-0.112051 	-1.92781 	0.309869 	0.705824 	0.0701465 	
2.175	0.0693865 	-0.112403 	-1.92773 	0.310635 	0.707215 	0.0710267 	
2.18	0.0693929 	-0.112542 	-1.9276 	0.310634 	0.70722 	0.0710208 	
2.185	0.0693993 	-0.112679 	-1.92746 	0.310633 	0.707225 	0.071015 	
2.19	0.0694056 	-0.112815 	-1.92733 	0.310632 	0.70723 	0.0710093 	
2.195	0.0694118 	-0.112948 	-1.9272 	0.310631 	0.707234 	0.0710037 	
2.2	0.0694179 	-0.113079 	-1.92707 	0.31063 	0.707239 	0.0709981 	
2.205	0.0694239 	-0.113208 	-1.92695 	0.310629 	0.707243 	0.0709925 	
2.21	0.0694298 	-0.113335 	-1.92682 	0.310628 	0.707248 	0.0709871 	
2.215	0.06966 	-0.113673 	-1.92677 	0.311413 	0.708657 	0.0718849 	
2.22	0.0696658 	-0.113796 	-1.92665 	0.311412 	0.708661 	0.0718796 	
2.225	0.0696714 	-0.113917 	-1.92653 	0.311411 	0.708665 	0.0718744 	
2.23	0.069677 	-0.114036 	-1.92641 	0.31141 	0.708669 	0.0718692 	
2.235	0.0696824 	-0.114153 	-1.9263 	0.31141 	0.708673 	0.0718641 	
2.24	0.0696878 	-0.114267 	-1.92618 	0.311409 	0.708677 	0.0718591 	
2.245	0.0696931 	-0.11438 	-1.92607 	0.311408 	0.70868 	0.0718542 	
2.25	0.0696983 	-0.11449 	-1.92597 	0.311407 	0.708684 	0.0718493 	
2.255	0.0697034 	-0.114599 	-1.92586 	0.311406 	0.708688 	0.0718445 	
2.26	0.0699296 	-0.114914 	-1.92582 	0.312183 	0.710066 	0.0727291 	
2.265	0.0699345 	-0.115019 	-1.92572 	0.312182 	0.710069 	0.0727245 	
2.27	0.0699393 	-0.115121 	-1.92562 	0.312181 	0.710073 	0.07272 	
2.275	0.069944 	-0.115221 	-1.92552 	0.31218 	0.710076 	0.0727155 	
2.28	0.0699486 	-0.115319 	-1.92542 	0.31218 	0.710079 	0.0727111 	
2.285	0.0699532 	-0.115415 	-1.92533 	0.312179 	0.710082 	0.0727069 	
2.29	0.0699576 	-0.115508 	-1.92524 	0.312178 	0.710085 	0.0727027 	
2.295	0.0699619 	-0.1156 	-1.92515 	0.312177 	0.710088 	0.0726985 	
2.3	0.0699662 	-0.11569 	-1.92506 	0.312177 	0.710091 	0.0726945 	
2.305	0.0699703 	-0.115777 	-1.92497 	0.312176 	0.710093 	0.0726906 	
2.31	0.0699743 	-0.115862 	-1.92489 	0.312175 	0.710096 	0.0726867 	
2.315	0.0702003 	-0.116154 	-1.92487 	0.312957 	0.711469 	0.0735737 	
2.32	0.0702041 	-0.116235 	-1.92479 	0.312956 	0.711471 	0.0735701 	
2.325	0.0702078 	-0.116314 	-1.92471 	0.312955 	0.711473 	0.0735665 	
2.33	0.0702115 	-0.116391 	-1.92464 	0.312955 	0.711476 	0.073563 	
2.335	0.070215 	-0.116465 	-1.92456 	0.312954 	0.711478 	0.0735596 	
2.34	0.0702184 	-0.116538 	-1.92449 	0.312954 	0.71148 	0.0735563 	
2.345	0.0702218 	-0.116608 	-1.92442 	0.312953 	0.711482 	0.073553 	
2.35	0.070225 	-0.116676 	-1.92436 	0.312952 	0.711484 	0.0735499 	
2.355	0.0702282 	-0.116743 	-1.92429 	0.312952 	0.711486 	0.0735469 	
2.36	0.0702312 	-0.116807 	-1.92423 	0.312951 	0.711488 	0.0735439 	
2.365	0.0702341 	-0.116868 	-1.92417 	0.312951 	0.71149 	0.0735411 	
2.37	0.070237 	-0.116928 	-1.92411 	0.31295 	0.711492 	0.0735383 	
2.375	0.0702397 	-0.116986 	-1.92405 	0.31295 	0.711494 	0.0735357 	
2.38	0.0702424 	-0.117041 	-1.924 	0.312949 	0.711495 	0.0735331 	
2.385	0.0702449 	-0.117094 	-1.92395 	0.312949 	0.711497 	0.0735306 	
2.39	0.0702473 	-0.117145 	-1.9239 	0.312948 	0.711498 	0.0735283 	
2.395	0.0704747 	-0.117404 	-1.92391 	0.313743 	0.712878 	0.0744275 	
2.4	0.0704769 	-0.11745 	-1.92386 	0.313743 	0.71288 	0.0744253 	
2.405	0.0704791 	-0.117495 	-1.92382 	0.313743 	0.712881 	0.0744232 	
2.41	0.0704811 	-0.117537 	-1.92378 	0.313742 	0.712882 	0.0744213 	
2.415	0.070483 	-0.117578 	-1.92374 	0.313742 	0.712883 	0.0744194 	
2.42	0.0704846 	-0.117612 	-1.9237 	0.313741 	0.712884 	0.0744178 	
2.425	0.0704865 	-0.117652 	-1.92366 	0.313741 	0.712885 	0.074416 	
2.43	0.070488 	-0.117682 	-1.92363 	0.313741 	0.712886 	0.0744145 	
2.435	0.0704895 	-0.117714 	-1.9236 	0.313741 	0.712887 	0.074413 	
2.44	0.0704909 	-0.117743 	-1.92357 	0.31374 	0.712888 	0.0744117 	
2.445	0.0704922 	-0.117771 	-1.92355 	0.31374 	0.712889 	0.0744104 	
2.45	0.0704934 	-0.117796 	-1.92352 	0.31374 	0.71289 	0.0744092 	
2.455	0.0704945 	-0.117819 	-1.9235 	0.31374 	0.71289 	0.0744081 	
2.46	0.0704955 	-0.11784 	-1.92348 	0.313739 	0.712891 	0.0744071 	
2.465	0.0704964 	-0.117859 	-1.92346 	0.313739 	0.712891 	0.0744063 	
2.47	0.0704972 	-0.117876 	-1.92344 	0.313739 	0.712892 	0.0744055 	
2.475	0.0704979 	-0.11789 	-1.92343 	0.313739 	0.712892 	0.0744048 	
2.48	0.0704985 	-0.117902 	-1.92342 	0.313739 	0.712893 	0.0744042 	
2.485	0.0704989 	-0.117912 	-1.92341 	0.313739 	0.712893 	0.0744038 	
2.49	0.0704993 	-0.11792 	-1.9234 	0.313739 	0.712893 	0.0744034 	
2.495	0.0704996 	-0.117926 	-1.92339 	0.313739 	0.712893 	0.0744031 	
2.5	0.0704996 	-0.117926 	-1.92339 	0.313739 	0.712893 	0.0744031 	
2.505	0.0704998 	-0.11793 	-1.92339 	0.313739 	0.712893 	0.0744029 	
2.51	0.0704882 	-0.117919 	-1.92341 	0.313743 	0.712894 	0.0744177 	
2.515	0.070485 	-0.117918 	-1.9234 	0.313743 	0.712892 	0.0744205 	
2.52	0.0704812 	-0.117919 	-1.9234 	0.313743 	0.712887 	0.0744231 	
2.525	0.0704759 	-0.11792 	-1.92339 	0.313743 	0.712879 	0.0744265 	
2.53	0.0704691 	-0.117921 	-1.92338 	0.313743 	0.71287 	0.0744309 	
2.535	0.0704607 	-0.117923 	-1.92337 	0.313743 	0.712858 	0.0744363 	
2.54	0.0704508 	-0.117925 	-1.92336 	0.313742 	0.712845 	0.0744427 	
2.545	0.0704393 	-0.117928 	-1.92334 	0.313742 	0.712829 	0.0744502 	
2.55	0.0704263 	-0.11793 	-1.92332 	0.313742 	0.712811 	0.0744586 	
2.555	0.0704118 	-0.117933 	-1.9233 	0.313741 	0.712791 	0.074468 	
2.56	0.0703956 	-0.117937 	-1.92328 	0.313741 	0.712769 	0.0744785 	
2.565	0.070378 	-0.11794 	-1.92326 	0.31374 	0.712744 	0.0744899 	
2.57	0.0704737 	-0.118033 	-1.92326 	0.314168 	0.71333 	0.0759749 	
2.575	0.070453 	-0.118038 	-1.92323 	0.314167 	0.713302 	0.0759883 	
2.58	0.0704307 	-0.118043 	-1.9232 	0.314166 	0.713271 	0.0760027 	
2.585	0.0704069 	-0.118048 	-1.92317 	0.314166 	0.713238 	0.0760181 	
2.59	0.0703789 	-0.118053 	-1.92313 	0.314165 	0.713199 	0.0760362 	
2.595	0.0703518 	-0.118059 	-1.92309 	0.314164 	0.713162 	0.0760537 	
2.6	0.0703232 	-0.118065 	-1.92305 	0.314163 	0.713123 	0.0760722 	
2.605	0.0702899 	-0.118043 	-1.923 	0.314181 	0.712933 	0.0775612 	
2.61	0.0702582 	-0.11805 	-1.92296 	0.31418 	0.712889 	0.0775817 	
2.615	0.070225 	-0.118057 	-1.92292 	0.314179 	0.712843 	0.0776032 	
2.62	0.0701903 	-0.118064 	-1.92287 	0.314178 	0.712795 	0.0776257 	
2.625	0.070154 	-0.118072 	-1.92282 	0.314177 	0.712745 	0.0776491 	
2.63	0.0701016 	-0.118041 	-1.92276 	0.314154 	0.712475 	0.079105 	
2.635	0.0700622 	-0.118049 	-1.9227 	0.314153 	0.71242 	0.0791304 	
2.64	0.0700214 	-0.118058 	-1.92265 	0.314152 	0.712364 	0.0791568 	
2.645	0.069979 	-0.118067 	-1.92259 	0.314151 	0.712306 	0.0791842 	
2.65	0.0699199 	-0.118038 	-1.92252 	0.314124 	0.712028 	0.0805859 	
2.655	0.0698746 	-0.118047 	-1.92246 	0.314123 	0.711966 	0.0806152 	
2.66	0.0698277 	-0.118058 	-1.92239 	0.314122 	0.711901 	0.0806455 	
2.665	0.0697816 	-0.118071 	-1.92232 	0.314119 	0.711834 	0.0806737 	
2.67	0.0697145 	-0.118038 	-1.92224 	0.314089 	0.71152 	0.0822524 	
2.675	0.0696631 	-0.118049 	-1.92217 	0.314088 	0.711449 	0.0822856 	
2.68	0.0696102 	-0.11806 	-1.9221 	0.314086 	0.711376 	0.0823197 	
2.685	0.0695409 	-0.118035 	-1.92201 	0.31406 	0.711091 	0.0836829 	
2.69	0.069485 	-0.118047 	-1.92194 	0.314058 	0.711013 	0.083719 	
2.695	0.0694277 	-0.118059 	-1.92186 	0.314056 	0.710934 	0.083756 	
2.7	0.0693531 	-0.118033 	-1.92177 	0.314029 	0.71063 	0.0851993 	
2.705	0.0692927 	-0.118046 	-1.92168 	0.314027 	0.710547 	0.0852383 	
2.71	0.0692309 	-0.118059 	-1.9216 	0.314025 	0.710462 	0.0852782 	
2.715	0.0691507 	-0.118031 	-1.9215 	0.313995 	0.710135 	0.0868305 	
2.72	0.069086 	-0.118045 	-1.92141 	0.313993 	0.710045 	0.0868723 	
2.725	0.0690198 	-0.11806 	-1.92132 	0.313991 	0.709954 	0.0869151 	
2.73	0.068934 	-0.118029 	-1.92121 	0.313959 	0.709604 	0.0885785 	
2.735	0.0688649 	-0.118044 	-1.92112 	0.313957 	0.709508 	0.0886231 	
2.74	0.0687943 	-0.11806 	-1.92102 	0.313955 	0.709411 	0.0886686 	
2.745	0.0687029 	-0.118027 	-1.92091 	0.313921 	0.709037 	0.0904426 	
2.75	0.0686294 	-0.118044 	-1.9208 	0.313918 	0.708936 	0.09049 	
2.755	0.0685403 	-0.118025 	-1.92069 	0.313892 	0.708631 	0.091808 	
2.76	0.068464 	-0.118042 	-1.92059 	0.31389 	0.708526 	0.0918572 	
2.765	0.068372 	-0.118024 	-1.92047 	0.313864 	0.708217 	0.0931738 	
2.77	0.0682928 	-0.118042 	-1.92036 	0.313862 	0.708108 	0.0932248 	
2.775	0.0681976 	-0.118023 	-1.92024 	0.313835 	0.707789 	0.0945849 	
2.78	0.0681155 	-0.118042 	-1.92012 	0.313832 	0.707676 	0.0946378 	
2.785	0.0680169 	-0.118023 	-1.92 	0.313805 	0.707346 	0.0960457 	
2.79	0.0679321 	-0.118042 	-1.91988 	0.313802 	0.707228 	0.0961003 	
2.795	0.0678302 	-0.118023 	-1.91975 	0.313773 	0.706887 	0.0975561 	
2.8	0.0677426 	-0.118043 	-1.91963 	0.31377 	0.706766 	0.0976125 	
2.805	0.0676374 	-0.118023 	-1.91949 	0.313741 	0.706413 	0.0991159 	
2.81	0.067547 	-0.118044 	-1.91936 	0.313738 	0.706288 	0.099174 	
2.815	0.0674385 	-0.118023 	-1.91922 	0.313707 	0.705925 	0.100725 	
2.82	0.0673454 	-0.118045 	-1.91909 	0.313704 	0.705796 	0.100784 	
2.825	0.0672337 	-0.118024 	-1.91895 	0.313673 	0.705421 	0.102382 	
2.83	0.0671378 	-0.118047 	-1.91882 	0.31367 	0.705289 	0.102443 	
2.835	0.0670229 	-0.118025 	-1.91867 	0.313637 	0.704903 	0.104087 	
2.84	0.0669244 	-0.118048 	-1.91853 	0.313634 	0.704767 	0.104151 	
2.845	0.0668063 	-0.118027 	-1.91838 	0.313601 	0.704371 	0.10584 	
2.85	0.0667051 	-0.118051 	-1.91824 	0.313598 	0.70423 	0.105905 	
2.855	0.0665857 	-0.118031 	-1.91808 	0.313562 	0.703823 	0.107638 	
2.86	0.0664819 	-0.118055 	-1.91793 	0.313559 	0.703679 	0.107705 	
2.865	0.0663575 	-0.118033 	-1.91777 	0.313524 	0.703262 	0.109485 	
2.87	0.066251 	-0.118058 	-1.91762 	0.31352 	0.703114 	0.109554 	
2.875	0.0661235 	-0.118035 	-1.91745 	0.313484 	0.702686 	0.111379 	
2.88	0.0660145 	-0.118062 	-1.9173 	0.313481 	0.702535 	0.111449 	
2.885	0.0658839 	-0.118039 	-1.91713 	0.313444 	0.702097 	0.113318 	
2.89	0.0657723 	-0.118066 	-1.91697 	0.31344 	0.701942 	0.11339 	
2.895	0.0656388 	-0.118042 	-1.9168 	0.313402 	0.701493 	0.115303 	
2.9	0.0655246 	-0.11807 	-1.91664 	0.313398 	0.701335 	0.115376 	
2.905	0.0653881 	-0.118046 	-1.91646 	0.313359 	0.700876 	0.117333 	
2.91	0.0652714 	-0.118075 	-1.91629 	0.313355 	0.700714 	0.117407 	
2.915	0.0651319 	-0.118051 	-1.91611 	0.313316 	0.700245 	0.119407 	
2.92	0.0650128 	-0.118081 	-1.91594 	0.313311 	0.700079 	0.119483 	
2.925	0.0648704 	-0.118056 	-1.91576 	0.313271 	0.699601 	0.121525 	
2.93	0.0647488 	-0.118087 	-1.91558 	0.313267 	0.699431 	0.121602 	
2.935	0.0646035 	-0.118062 	-1.91539 	0.313225 	0.698943 	0.123686 	
2.94	0.0644795 	-0.118094 	-1.91522 	0.313221 	0.69877 	0.123765 	
2.945	0.0643313 	-0.118069 	-1.91502 	0.313179 	0.698272 	0.12589 	
2.95	0.064205 	-0.118101 	-1.91484 	0.313174 	0.698096 	0.12597 	
2.955	0.064054 	-0.118076 	-1.91464 	0.313131 	0.697588 	0.128136 	
2.96	0.0639253 	-0.118109 	-1.91446 	0.313127 	0.697409 	0.128218 	
2.965	0.0637715 	-0.118084 	-1.91426 	0.313083 	0.696892 	0.130424 	
2.97	0.0636405 	-0.118118 	-1.91407 	0.313078 	0.696709 	0.130507 	
2.975	0.063484 	-0.118093 	-1.91386 	0.313033 	0.696182 	0.132752 	
2.98	0.0633508 	-0.118127 	-1.91367 	0.313028 	0.695996 	0.132837 	
2.985	0.0631916 	-0.118102 	-1.91346 	0.312983 	0.695461 	0.135122 	
2.99	0.0630561 	-0.118138 	-1.91327 	0.312978 	0.695271 	0.135208 	
2.995	0.0628942 	-0.118112 	-1.91305 	0.312931 	0.694726 	0.137531 	
3	0.0627565 	-0.118149 	-1.91285 	0.312926 	0.694534 	0.137619 	
3.005	0.062592 	-0.118123 	-1.91263 	0.312879 	0.69398 	0.139979 	
3.01	0.0624378 	-0.118126 	-1.91242 	0.31285 	0.693584 	0.141332 	
3.015	0.0622968 	-0.118164 	-1.91222 	0.312845 	0.693387 	0.141422 	
3.02	0.0621297 	-0.118141 	-1.91199 	0.312799 	0.692837 	0.143736 	
3.025	0.0619721 	-0.118145 	-1.91178 	0.312769 	0.692433 	0.145109 	
3.03	0.061828 	-0.118184 	-1.91157 	0.312764 	0.692232 	0.145201 	
3.035	0.0616572 	-0.118161 	-1.91134 	0.312717 	0.691668 	0.147566 	
3.04	0.0614961 	-0.118165 	-1.91112 	0.312686 	0.691256 	0.14897 	
3.045	0.0613489 	-0.118206 	-1.9109 	0.312681 	0.69105 	0.149063 	
3.05	0.0611745 	-0.118183 	-1.91067 	0.312632 	0.690475 	0.151479 	
3.055	0.0610101 	-0.118188 	-1.91044 	0.312602 	0.690053 	0.152912 	
3.06	0.0608599 	-0.11823 	-1.91022 	0.312596 	0.689843 	0.153007 	
3.065	0.060682 	-0.118208 	-1.90998 	0.312546 	0.689256 	0.155472 	
3.07	0.0605144 	-0.118213 	-1.90974 	0.312515 	0.688826 	0.156934 	
3.075	0.0603469 	-0.118222 	-1.90951 	0.312485 	0.68841 	0.158303 	
3.08	0.0601785 	-0.118231 	-1.90927 	0.312456 	0.687992 	0.159671 	
3.085	0.060009 	-0.11824 	-1.90903 	0.312426 	0.687573 	0.161046 	
3.09	0.0598386 	-0.11825 	-1.9088 	0.312396 	0.68715 	0.162429 	
3.095	0.0596671 	-0.11826 	-1.90855 	0.312366 	0.686725 	0.163821 	
3.1	0.0594946 	-0.11827 	-1.90831 	0.312335 	0.686297 	0.16522 	
3.105	0.0593212 	-0.118281 	-1.90807 	0.312305 	0.685867 	0.166628 	
3.11	0.0591468 	-0.118291 	-1.90782 	0.312274 	0.685435 	0.168044 	
3.115	0.0589714 	-0.118302 	-1.90757 	0.312243 	0.685 	0.169468 	
3.12	0.0587951 	-0.118314 	-1.90732 	0.312212 	0.684562 	0.170899 	
3.125	0.0586178 	-0.118325 	-1.90707 	0.31218 	0.684122 	0.172338 	
3.13	0.0584396 	-0.118337 	-1.90682 	0.312149 	0.68368 	0.173785 	
3.135	0.0582605 	-0.11835 	-1.90656 	0.312117 	0.683235 	0.175239 	
3.14	0.0580805 	-0.118362 	-1.9063 	0.312085 	0.682788 	0.176701 	
3.145	0.0578996 	-0.118375 	-1.90605 	0.312053 	0.682339 	0.17817 	
3.15	0.0577179 	-0.118388 	-1.90579 	0.31202 	0.681887 	0.179647 	
3.155	0.0575377 	-0.118404 	-1.90552 	0.311987 	0.681433 	0.181127 	
3.16	0.0573543 	-0.118418 	-1.90526 	0.311954 	0.680977 	0.182618 	
3.165	0.0571699 	-0.118432 	-1.90499 	0.311921 	0.680518 	0.184115 	
3.17	0.0569847 	-0.118446 	-1.90473 	0.311888 	0.680058 	0.18562 	
3.175	0.0567987 	-0.118461 	-1.90446 	0.311855 	0.679595 	0.187131 	
3.18	0.0566119 	-0.118476 	-1.90419 	0.311821 	0.67913 	0.188649 	
3.185	0.0564243 	-0.118491 	-1.90392 	0.311788 	0.678663 	0.190174 	
3.19	0.056236 	-0.118507 	-1.90365 	0.311754 	0.678194 	0.191705 	
3.195	0.0560468 	-0.118523 	-1.90338 	0.31172 	0.677723 	0.193242 	
3.2	0.0558569 	-0.118539 	-1.9031 	0.311686 	0.67725 	0.194786 	
3.205	0.0556662 	-0.118555 	-1.90283 	0.311651 	0.676775 	0.196336 	
3.21	0.0554748 	-0.118572 	-1.90255 	0.311617 	0.676298 	0.197892 	
3.215	0.0552827 	-0.118589 	-1.90227 	0.311582 	0.675819 	0.199455 	
3.22	0.0550899 	-0.118607 	-1.90199 	0.311547 	0.675339 	0.201023 	
3.225	0.0548964 	-0.118625 	-1.90171 	0.311512 	0.674856 	0.202597 	
3.23	0.0547022 	-0.118643 	-1.90142 	0.311477 	0.674372 	0.204176 	
3.235	0.0545073 	-0.118662 	-1.90114 	0.311442 	0.673885 	0.205761 	
3.24	0.0543118 	-0.118681 	-1.90085 	0.311406 	0.673397 	0.207352 	
3.245	0.0541156 	-0.1187 	-1.90057 	0.31137 	0.672907 	0.208948 	
3.25	0.0539188 	-0.11872 	-1.90028 	0.311335 	0.672416 	0.21055 	
3.255	0.0537214 	-0.11874 	-1.89999 	0.311299 	0.671923 	0.212157 	
3.26	0.0535234 	-0.11876 	-1.8997 	0.311263 	0.671428 	0.213769 	
3.265	0.0533247 	-0.11878 	-1.89941 	0.311226 	0.670932 	0.215386 	
3.27	0.0531255 	-0.118801 	-1.89911 	0.31119 	0.670434 	0.217007 	
3.275	0.0529258 	-0.118823 	-1.89882 	0.311153 	0.669934 	0.218634 	
3.28	0.0527255 	-0.118845 	-1.89852 	0.311117 	0.669433 	0.220265 	
3.285	0.0525246 	-0.118867 	-1.89822 	0.31108 	0.66893 	0.221901 	
3.29	0.0523232 	-0.118889 	-1.89792 	0.311043 	0.668426 	0.223542 	
3.295	0.0521213 	-0.118912 	-1.89763 	0.311006 	0.667921 	0.225187 	
3.3	0.0519189 	-0.118935 	-1.89732 	0.310968 	0.667414 	0.226836 	
3.305	0.051716 	-0.118958 	-1.89702 	0.310931 	0.666905 	0.228489 	
3.31	0.0515127 	-0.118982 	-1.89672 	0.310893 	0.666396 	0.230147 	
3.315	0.0513088 	-0.119006 	-1.89641 	0.310856 	0.665885 	0.231808 	
3.32	0.0511046 	-0.119031 	-1.89611 	0.310818 	0.665373 	0.233474 	
3.325	0.0508999 	-0.119056 	-1.8958 	0.31078 	0.664859 	0.235143 	
3.33	0.0506948 	-0.119081 	-1.8955 	0.310742 	0.664345 	0.236816 	
3.335	0.0504892 	-0.119107 	-1.89519 	0.310704 	0.663829 	0.238492 	
3.34	0.0502833 	-0.119133 	-1.89488 	0.310666 	0.663312 	0.240172 	
3.345	0.050077 	-0.119159 	-1.89457 	0.310627 	0.662793 	0.241855 	
3.35	0.0498703 	-0.119186 	-1.89426 	0.310589 	0.662274 	0.243542 	
3.355	0.0496633 	-0.119213 	-1.89394 	0.31055 	0.661754 	0.245231 	
3.36	0.049456 	-0.11924 	-1.89363 	0.310511 	0.661233 	0.246924 	
3.365	0.0492483 	-0.119268 	-1.89331 	0.310473 	0.66071 	0.24862 	
3.37	0.0490403 	-0.119296 	-1.893 	0.310434 	0.660187 	0.250318 	
3.375	0.048832 	-0.119325 	-1.89268 	0.310395 	0.659663 	0.252019 	
3.38	0.0486221 	-0.119352 	-1.89237 	0.310356 	0.659138 	0.253725 	
3.385	0.0484132 	-0.119381 	-1.89205 	0.310317 	0.658612 	0.255431 	
3.39	0.0482041 	-0.119411 	-1.89173 	0.310277 	0.658085 	0.25714 	
3.395	0.0479948 	-0.119441 	-1.89141 	0.310238 	0.657558 	0.258851 	
3.4	0.0477852 	-0.119471 	-1.89109 	0.310198 	0.657029 	0.260564 	
3.405	0.0475754 	-0.119502 	-1.89077 	0.310159 	0.6565 	0.262279 	
3.41	0.0473654 	-0.119533 	-1.89045 	0.310119 	0.655971 	0.263996 	
