0	0.309717 	-0.173601 	0.536794 	0.162087 	-1.44162 	-0.223256 	
0.005	0.309717 	-0.173601 	0.536794 	0.162087 	-1.44162 	-0.223256 	
0.01	0.309717 	-0.173601 	0.536794 	0.162087 	-1.44162 	-0.223256 	
0.015	0.309718 	-0.173601 	0.536794 	0.162087 	-1.44162 	-0.223256 	
0.02	0.30972 	-0.173601 	0.536794 	0.162087 	-1.44162 	-0.223256 	
0.025	0.309722 	-0.173601 	0.536794 	0.162087 	-1.44162 	-0.223256 	
0.03	0.309724 	-0.173601 	0.536795 	0.162087 	-1.44162 	-0.223256 	
0.035	0.309727 	-0.173601 	0.536795 	0.162087 	-1.44162 	-0.223256 	
0.04	0.30973 	-0.173601 	0.536796 	0.162087 	-1.44162 	-0.223256 	
0.045	0.309734 	-0.173601 	0.536797 	0.162087 	-1.44162 	-0.223256 	
0.05	0.309739 	-0.173601 	0.536797 	0.162087 	-1.44162 	-0.223256 	
0.055	0.309744 	-0.173601 	0.536798 	0.162087 	-1.44162 	-0.223256 	
0.06	0.30975 	-0.173601 	0.536799 	0.162087 	-1.44162 	-0.223256 	
0.065	0.309756 	-0.173601 	0.536801 	0.162087 	-1.44162 	-0.223256 	
0.07	0.309762 	-0.173601 	0.536802 	0.162087 	-1.44162 	-0.223256 	
0.075	0.30977 	-0.173601 	0.536803 	0.162087 	-1.44162 	-0.223256 	
0.08	0.309778 	-0.173602 	0.536805 	0.162087 	-1.44162 	-0.223256 	
0.085	0.309786 	-0.173602 	0.536806 	0.162087 	-1.44162 	-0.223256 	
0.09	0.309796 	-0.173602 	0.536808 	0.162087 	-1.44162 	-0.223256 	
0.095	0.309804 	-0.173602 	0.536809 	0.162087 	-1.44162 	-0.223256 	
0.1	0.309815 	-0.173602 	0.536811 	0.162087 	-1.44162 	-0.223256 	
0.105	0.309826 	-0.173602 	0.536813 	0.162087 	-1.44162 	-0.223256 	
0.11	0.309837 	-0.173602 	0.536815 	0.162087 	-1.44162 	-0.223256 	
0.115	0.309848 	-0.173602 	0.536817 	0.162087 	-1.44162 	-0.223256 	
0.12	0.30986 	-0.173602 	0.53682 	0.162087 	-1.44162 	-0.223256 	
0.125	0.309873 	-0.173602 	0.536822 	0.162087 	-1.44162 	-0.223256 	
0.13	0.309886 	-0.173603 	0.536824 	0.162087 	-1.44162 	-0.223256 	
0.135	0.3099 	-0.173603 	0.536827 	0.162087 	-1.44162 	-0.223256 	
0.14	0.309914 	-0.173603 	0.53683 	0.162087 	-1.44162 	-0.223256 	
0.145	0.309929 	-0.173603 	0.536832 	0.162087 	-1.44162 	-0.223256 	
0.15	0.309945 	-0.173603 	0.536835 	0.162087 	-1.44162 	-0.223256 	
0.155	0.309961 	-0.173603 	0.536838 	0.162087 	-1.44162 	-0.223256 	
0.16	0.309977 	-0.173603 	0.536841 	0.162087 	-1.44162 	-0.223256 	
0.165	0.309994 	-0.173603 	0.536844 	0.162087 	-1.44162 	-0.223256 	
0.17	0.310011 	-0.173604 	0.536847 	0.162087 	-1.44162 	-0.223256 	
0.175	0.309965 	-0.173591 	0.536832 	0.160437 	-1.44046 	-0.220983 	
0.18	0.309984 	-0.173591 	0.536835 	0.160437 	-1.44046 	-0.220983 	
0.185	0.310003 	-0.173591 	0.536839 	0.160437 	-1.44046 	-0.220983 	
0.19	0.310023 	-0.173592 	0.536842 	0.160437 	-1.44046 	-0.220983 	
0.195	0.310043 	-0.173592 	0.536846 	0.160437 	-1.44046 	-0.220983 	
0.2	0.310063 	-0.173592 	0.53685 	0.160437 	-1.44046 	-0.220983 	
0.205	0.310085 	-0.173592 	0.536854 	0.160437 	-1.44046 	-0.220983 	
0.21	0.310106 	-0.173592 	0.536858 	0.160437 	-1.44046 	-0.220983 	
0.215	0.310129 	-0.173592 	0.536862 	0.160437 	-1.44046 	-0.220983 	
0.22	0.310151 	-0.173593 	0.536866 	0.160437 	-1.44046 	-0.220983 	
0.225	0.310175 	-0.173593 	0.53687 	0.160437 	-1.44046 	-0.220983 	
0.23	0.310198 	-0.173593 	0.536874 	0.160437 	-1.44046 	-0.220983 	
0.235	0.310223 	-0.173593 	0.536879 	0.160437 	-1.44046 	-0.220983 	
0.24	0.310183 	-0.173581 	0.536865 	0.158779 	-1.4393 	-0.218699 	
0.245	0.310209 	-0.173581 	0.536869 	0.158779 	-1.4393 	-0.218699 	
0.25	0.310234 	-0.173581 	0.536874 	0.158779 	-1.4393 	-0.218699 	
0.255	0.310261 	-0.173581 	0.536879 	0.158779 	-1.4393 	-0.218699 	
0.26	0.310288 	-0.173582 	0.536884 	0.158779 	-1.4393 	-0.218699 	
0.265	0.310315 	-0.173582 	0.536889 	0.158779 	-1.4393 	-0.218699 	
0.27	0.310343 	-0.173582 	0.536894 	0.158779 	-1.4393 	-0.218699 	
0.275	0.310372 	-0.173582 	0.536899 	0.158779 	-1.4393 	-0.218699 	
0.28	0.310401 	-0.173582 	0.536904 	0.158779 	-1.4393 	-0.218699 	
0.285	0.31043 	-0.173582 	0.53691 	0.158779 	-1.4393 	-0.218699 	
0.29	0.310397 	-0.173571 	0.536897 	0.157148 	-1.43816 	-0.216453 	
0.295	0.310427 	-0.173571 	0.536902 	0.157148 	-1.43816 	-0.216453 	
0.3	0.310458 	-0.173571 	0.536908 	0.157148 	-1.43816 	-0.216453 	
0.305	0.31049 	-0.173571 	0.536914 	0.157148 	-1.43816 	-0.216453 	
0.31	0.310522 	-0.173571 	0.53692 	0.157148 	-1.43816 	-0.216453 	
0.315	0.310554 	-0.173572 	0.536926 	0.157148 	-1.43816 	-0.216453 	
0.32	0.310587 	-0.173572 	0.536932 	0.157148 	-1.43816 	-0.216453 	
0.325	0.310621 	-0.173572 	0.536938 	0.157148 	-1.43816 	-0.216453 	
0.33	0.310655 	-0.173572 	0.536944 	0.157148 	-1.43816 	-0.216453 	
0.335	0.310623 	-0.17356 	0.536931 	0.155437 	-1.43696 	-0.214096 	
0.34	0.310658 	-0.17356 	0.536937 	0.155437 	-1.43696 	-0.214096 	
0.345	0.310693 	-0.17356 	0.536944 	0.155437 	-1.43696 	-0.214096 	
0.35	0.310729 	-0.173561 	0.53695 	0.155437 	-1.43696 	-0.214096 	
0.355	0.310766 	-0.173561 	0.536957 	0.155437 	-1.43696 	-0.214096 	
0.36	0.310803 	-0.173561 	0.536964 	0.155437 	-1.43696 	-0.214096 	
0.365	0.310841 	-0.173561 	0.536971 	0.155437 	-1.43696 	-0.214096 	
0.37	0.310879 	-0.173561 	0.536977 	0.155437 	-1.43696 	-0.214096 	
0.375	0.31085 	-0.173549 	0.536965 	0.153711 	-1.43575 	-0.211719 	
0.38	0.310889 	-0.17355 	0.536972 	0.153711 	-1.43575 	-0.211719 	
0.385	0.310928 	-0.17355 	0.536979 	0.153711 	-1.43575 	-0.211719 	
0.39	0.310968 	-0.17355 	0.536987 	0.153711 	-1.43575 	-0.211719 	
0.395	0.311009 	-0.17355 	0.536994 	0.153711 	-1.43575 	-0.211719 	
0.4	0.311049 	-0.17355 	0.537001 	0.153711 	-1.43575 	-0.211719 	
0.405	0.311091 	-0.17355 	0.537009 	0.153711 	-1.43575 	-0.211719 	
0.41	0.311068 	-0.173539 	0.536998 	0.152043 	-1.43458 	-0.209421 	
0.415	0.31111 	-0.173539 	0.537006 	0.152043 	-1.43458 	-0.209421 	
0.42	0.311153 	-0.173539 	0.537013 	0.152043 	-1.43458 	-0.209421 	
0.425	0.311196 	-0.173539 	0.537021 	0.152043 	-1.43458 	-0.209421 	
0.43	0.31124 	-0.17354 	0.537029 	0.152043 	-1.43458 	-0.209421 	
0.435	0.311284 	-0.17354 	0.537037 	0.152043 	-1.43458 	-0.209421 	
0.44	0.311329 	-0.17354 	0.537045 	0.152043 	-1.43458 	-0.209421 	
0.445	0.311304 	-0.173528 	0.537034 	0.150259 	-1.43333 	-0.206963 	
0.45	0.31135 	-0.173528 	0.537042 	0.150259 	-1.43333 	-0.206963 	
0.455	0.311396 	-0.173528 	0.53705 	0.150259 	-1.43333 	-0.206963 	
0.46	0.311442 	-0.173528 	0.537059 	0.150259 	-1.43333 	-0.206963 	
0.465	0.311489 	-0.173528 	0.537067 	0.150259 	-1.43333 	-0.206963 	
0.47	0.311537 	-0.173528 	0.537076 	0.150259 	-1.43333 	-0.206963 	
0.475	0.31152 	-0.173518 	0.537066 	0.148598 	-1.43217 	-0.204675 	
0.48	0.311568 	-0.173518 	0.537075 	0.148598 	-1.43217 	-0.204675 	
0.485	0.311617 	-0.173518 	0.537084 	0.148598 	-1.43217 	-0.204675 	
0.49	0.311666 	-0.173518 	0.537093 	0.148598 	-1.43217 	-0.204675 	
0.495	0.311716 	-0.173518 	0.537101 	0.148598 	-1.43217 	-0.204675 	
0.5	0.311766 	-0.173518 	0.537111 	0.148598 	-1.43217 	-0.204675 	
0.505	0.311749 	-0.173507 	0.537101 	0.146864 	-1.43095 	-0.202287 	
0.51	0.3118 	-0.173507 	0.53711 	0.146864 	-1.43095 	-0.202287 	
0.515	0.311851 	-0.173507 	0.537119 	0.146864 	-1.43095 	-0.202287 	
0.52	0.311903 	-0.173507 	0.537128 	0.146864 	-1.43095 	-0.202287 	
0.525	0.311956 	-0.173507 	0.537138 	0.146864 	-1.43095 	-0.202287 	
0.53	0.312008 	-0.173507 	0.537147 	0.146864 	-1.43095 	-0.202287 	
0.535	0.31199 	-0.173496 	0.537137 	0.145039 	-1.42967 	-0.199773 	
0.54	0.312044 	-0.173496 	0.537147 	0.145039 	-1.42967 	-0.199774 	
0.545	0.312098 	-0.173496 	0.537156 	0.145039 	-1.42967 	-0.199774 	
0.55	0.312152 	-0.173495 	0.537166 	0.145039 	-1.42967 	-0.199774 	
0.555	0.312207 	-0.173495 	0.537176 	0.145039 	-1.42967 	-0.199774 	
0.56	0.312199 	-0.173486 	0.537168 	0.143418 	-1.42854 	-0.19754 	
0.565	0.312255 	-0.173486 	0.537178 	0.143418 	-1.42854 	-0.19754 	
0.57	0.312311 	-0.173485 	0.537189 	0.143418 	-1.42854 	-0.19754 	
0.575	0.312368 	-0.173485 	0.537199 	0.143418 	-1.42854 	-0.19754 	
0.58	0.312425 	-0.173485 	0.537209 	0.143418 	-1.42854 	-0.19754 	
0.585	0.312417 	-0.173475 	0.537201 	0.141762 	-1.42738 	-0.19526 	
0.59	0.312475 	-0.173475 	0.537212 	0.141762 	-1.42738 	-0.19526 	
0.595	0.312533 	-0.173475 	0.537222 	0.141762 	-1.42738 	-0.19526 	
0.6	0.312592 	-0.173475 	0.537233 	0.141762 	-1.42738 	-0.19526 	
0.605	0.312651 	-0.173475 	0.537243 	0.141762 	-1.42738 	-0.19526 	
0.61	0.312643 	-0.173465 	0.537235 	0.140049 	-1.42618 	-0.192901 	
0.615	0.312703 	-0.173465 	0.537246 	0.140049 	-1.42618 	-0.192901 	
0.62	0.312763 	-0.173464 	0.537257 	0.140049 	-1.42618 	-0.192901 	
0.625	0.312824 	-0.173464 	0.537268 	0.140049 	-1.42618 	-0.192901 	
0.63	0.312885 	-0.173464 	0.537279 	0.140049 	-1.42618 	-0.192901 	
0.635	0.312877 	-0.173454 	0.53727 	0.138279 	-1.42494 	-0.190462 	
0.64	0.312939 	-0.173453 	0.537282 	0.138279 	-1.42494 	-0.190462 	
0.645	0.313001 	-0.173453 	0.537293 	0.138279 	-1.42494 	-0.190462 	
0.65	0.313063 	-0.173453 	0.537304 	0.138279 	-1.42494 	-0.190462 	
0.655	0.313126 	-0.173452 	0.537315 	0.138279 	-1.42494 	-0.190463 	
0.66	0.313118 	-0.173442 	0.537307 	0.136453 	-1.42366 	-0.187947 	
0.665	0.313181 	-0.173442 	0.537318 	0.136453 	-1.42366 	-0.187947 	
0.67	0.313245 	-0.173442 	0.53733 	0.136453 	-1.42366 	-0.187947 	
0.675	0.31331 	-0.173441 	0.537341 	0.136453 	-1.42366 	-0.187947 	
0.68	0.313374 	-0.173441 	0.537353 	0.136453 	-1.42366 	-0.187947 	
0.685	0.313366 	-0.173431 	0.537344 	0.134572 	-1.42234 	-0.185356 	
0.69	0.313431 	-0.17343 	0.537356 	0.134572 	-1.42234 	-0.185356 	
0.695	0.313497 	-0.17343 	0.537368 	0.134572 	-1.42234 	-0.185356 	
0.7	0.313563 	-0.173429 	0.537379 	0.134572 	-1.42234 	-0.185356 	
0.705	0.313568 	-0.173421 	0.537374 	0.13299 	-1.42124 	-0.183178 	
0.71	0.313634 	-0.17342 	0.537386 	0.13299 	-1.42124 	-0.183178 	
0.715	0.313702 	-0.17342 	0.537398 	0.13299 	-1.42124 	-0.183178 	
0.72	0.313769 	-0.173419 	0.53741 	0.13299 	-1.42124 	-0.183178 	
0.725	0.313775 	-0.173411 	0.537406 	0.13141 	-1.42013 	-0.181001 	
0.73	0.313843 	-0.173411 	0.537418 	0.13141 	-1.42013 	-0.181001 	
0.735	0.313912 	-0.17341 	0.53743 	0.13141 	-1.42013 	-0.181001 	
0.74	0.313981 	-0.173409 	0.537442 	0.13141 	-1.42013 	-0.181001 	
0.745	0.313987 	-0.173401 	0.537438 	0.129801 	-1.419 	-0.178785 	
0.75	0.314056 	-0.173401 	0.53745 	0.129801 	-1.419 	-0.178785 	
0.755	0.314126 	-0.1734 	0.537462 	0.129801 	-1.419 	-0.178785 	
0.76	0.314197 	-0.173399 	0.537475 	0.129801 	-1.419 	-0.178785 	
0.765	0.314203 	-0.173391 	0.53747 	0.128162 	-1.41786 	-0.176528 	
0.77	0.314273 	-0.17339 	0.537483 	0.128162 	-1.41786 	-0.176528 	
0.775	0.314345 	-0.173389 	0.537495 	0.128162 	-1.41786 	-0.176528 	
0.78	0.314416 	-0.173389 	0.537508 	0.128162 	-1.41786 	-0.176528 	
0.785	0.314422 	-0.173381 	0.537503 	0.126494 	-1.41669 	-0.17423 	
0.79	0.314494 	-0.17338 	0.537516 	0.126494 	-1.41669 	-0.17423 	
0.795	0.314567 	-0.173379 	0.537529 	0.126494 	-1.41669 	-0.17423 	
0.8	0.314639 	-0.173378 	0.537542 	0.126494 	-1.41669 	-0.17423 	
0.805	0.314646 	-0.17337 	0.537537 	0.124797 	-1.4155 	-0.171893 	
0.81	0.314719 	-0.173369 	0.53755 	0.124797 	-1.4155 	-0.171893 	
0.815	0.314792 	-0.173368 	0.537563 	0.124797 	-1.4155 	-0.171893 	
0.82	0.314866 	-0.173367 	0.537576 	0.124797 	-1.4155 	-0.171893 	
0.825	0.314872 	-0.17336 	0.537571 	0.123072 	-1.41429 	-0.169517 	
0.83	0.314947 	-0.173358 	0.537584 	0.123072 	-1.41429 	-0.169517 	
0.835	0.315022 	-0.173357 	0.537597 	0.123072 	-1.41429 	-0.169517 	
0.84	0.315097 	-0.173356 	0.537611 	0.123073 	-1.41429 	-0.169517 	
0.845	0.315103 	-0.173349 	0.537606 	0.121322 	-1.41306 	-0.167106 	
0.85	0.315178 	-0.173348 	0.537619 	0.121322 	-1.41306 	-0.167106 	
0.855	0.315254 	-0.173346 	0.537633 	0.121322 	-1.41306 	-0.167106 	
0.86	0.31533 	-0.173345 	0.537646 	0.121322 	-1.41306 	-0.167106 	
0.865	0.315337 	-0.173338 	0.537641 	0.119545 	-1.41182 	-0.164659 	
0.87	0.315413 	-0.173336 	0.537655 	0.119545 	-1.41182 	-0.164659 	
0.875	0.31549 	-0.173335 	0.537668 	0.119545 	-1.41182 	-0.164659 	
0.88	0.315567 	-0.173334 	0.537682 	0.119545 	-1.41182 	-0.164659 	
0.885	0.315573 	-0.173327 	0.537677 	0.117745 	-1.41056 	-0.162179 	
0.89	0.315651 	-0.173325 	0.53769 	0.117745 	-1.41056 	-0.162179 	
0.895	0.315729 	-0.173324 	0.537704 	0.117745 	-1.41056 	-0.162179 	
0.9	0.315807 	-0.173322 	0.537718 	0.117745 	-1.41056 	-0.162179 	
0.905	0.315813 	-0.173315 	0.537713 	0.115921 	-1.40928 	-0.159667 	
0.91	0.315892 	-0.173314 	0.537727 	0.115921 	-1.40928 	-0.159667 	
0.915	0.315971 	-0.173312 	0.537741 	0.115921 	-1.40928 	-0.159667 	
0.92	0.31605 	-0.173311 	0.537754 	0.115921 	-1.40928 	-0.159667 	
0.925	0.316056 	-0.173304 	0.537749 	0.114076 	-1.40799 	-0.157125 	
0.93	0.316136 	-0.173302 	0.537763 	0.114076 	-1.40799 	-0.157125 	
0.935	0.316215 	-0.173301 	0.537777 	0.114076 	-1.40799 	-0.157125 	
0.94	0.316295 	-0.173299 	0.537791 	0.114076 	-1.40799 	-0.157125 	
0.945	0.316302 	-0.173292 	0.537786 	0.112209 	-1.40668 	-0.154554 	
0.95	0.316382 	-0.173291 	0.5378 	0.112209 	-1.40668 	-0.154554 	
0.955	0.316463 	-0.173289 	0.537815 	0.112209 	-1.40668 	-0.154554 	
0.96	0.316543 	-0.173287 	0.537829 	0.112209 	-1.40668 	-0.154554 	
0.965	0.31655 	-0.173281 	0.537824 	0.110323 	-1.40536 	-0.151957 	
0.97	0.316631 	-0.173279 	0.537838 	0.110323 	-1.40536 	-0.151957 	
0.975	0.316712 	-0.173277 	0.537852 	0.110323 	-1.40536 	-0.151957 	
0.98	0.316794 	-0.173275 	0.537866 	0.110323 	-1.40536 	-0.151957 	
0.985	0.3168 	-0.173269 	0.537861 	0.108419 	-1.40403 	-0.149334 	
0.99	0.316882 	-0.173267 	0.537876 	0.108419 	-1.40403 	-0.149334 	
0.995	0.316964 	-0.173265 	0.53789 	0.108419 	-1.40403 	-0.149334 	
1	0.317046 	-0.173263 	0.537905 	0.108419 	-1.40403 	-0.149334 	
1.005	0.317053 	-0.173257 	0.5379 	0.106497 	-1.40268 	-0.146687 	
1.01	0.317135 	-0.173255 	0.537914 	0.106497 	-1.40268 	-0.146687 	
1.015	0.317218 	-0.173253 	0.537928 	0.106497 	-1.40268 	-0.146687 	
1.02	0.317301 	-0.173251 	0.537943 	0.106497 	-1.40268 	-0.146687 	
1.025	0.317307 	-0.173245 	0.537938 	0.10456 	-1.40132 	-0.144018 	
1.03	0.317391 	-0.173243 	0.537952 	0.10456 	-1.40132 	-0.144018 	
1.035	0.317474 	-0.17324 	0.537967 	0.10456 	-1.40132 	-0.144018 	
1.04	0.317558 	-0.173238 	0.537982 	0.10456 	-1.40132 	-0.144018 	
1.045	0.317564 	-0.173233 	0.537977 	0.102607 	-1.39996 	-0.141329 	
1.05	0.317648 	-0.17323 	0.537991 	0.102607 	-1.39996 	-0.141329 	
1.055	0.317732 	-0.173228 	0.538006 	0.102607 	-1.39996 	-0.141329 	
1.06	0.317816 	-0.173226 	0.53802 	0.102607 	-1.39996 	-0.141329 	
1.065	0.317822 	-0.17322 	0.538016 	0.100641 	-1.39858 	-0.138621 	
1.07	0.317907 	-0.173218 	0.53803 	0.100641 	-1.39858 	-0.138621 	
1.075	0.317991 	-0.173216 	0.538045 	0.100641 	-1.39858 	-0.138621 	
1.08	0.318076 	-0.173213 	0.53806 	0.100641 	-1.39858 	-0.138621 	
1.085	0.318082 	-0.173208 	0.538055 	0.098663 	-1.39719 	-0.135896 	
1.09	0.318167 	-0.173206 	0.538069 	0.098663 	-1.39719 	-0.135896 	
1.095	0.318252 	-0.173203 	0.538084 	0.098663 	-1.39719 	-0.135896 	
1.1	0.318338 	-0.173201 	0.538099 	0.098663 	-1.39719 	-0.135896 	
1.105	0.318344 	-0.173196 	0.538094 	0.0966736 	-1.3958 	-0.133156 	
1.11	0.318429 	-0.173193 	0.538109 	0.0966736 	-1.3958 	-0.133156 	
1.115	0.318515 	-0.173191 	0.538124 	0.0966736 	-1.3958 	-0.133156 	
1.12	0.3186 	-0.173188 	0.538138 	0.0966736 	-1.3958 	-0.133156 	
1.125	0.318607 	-0.173183 	0.538134 	0.0946744 	-1.3944 	-0.130402 	
1.13	0.318692 	-0.173181 	0.538148 	0.0946744 	-1.3944 	-0.130402 	
1.135	0.318778 	-0.173178 	0.538163 	0.0946744 	-1.3944 	-0.130402 	
1.14	0.318802 	-0.173174 	0.538163 	0.093118 	-1.39331 	-0.128259 	
1.145	0.318888 	-0.173171 	0.538178 	0.093118 	-1.39331 	-0.128259 	
1.15	0.318974 	-0.173168 	0.538193 	0.093118 	-1.39331 	-0.128259 	
1.155	0.319061 	-0.173166 	0.538207 	0.093118 	-1.39331 	-0.128259 	
1.16	0.319069 	-0.173162 	0.538203 	0.0911506 	-1.39193 	-0.125549 	
1.165	0.319155 	-0.173159 	0.538218 	0.0911506 	-1.39193 	-0.125549 	
1.17	0.319241 	-0.173156 	0.538233 	0.0911506 	-1.39193 	-0.125549 	
1.175	0.319266 	-0.173152 	0.538233 	0.0895894 	-1.39084 	-0.123399 	
1.18	0.319352 	-0.173149 	0.538248 	0.0895894 	-1.39084 	-0.123399 	
1.185	0.319439 	-0.173146 	0.538262 	0.0895894 	-1.39084 	-0.123399 	
1.19	0.319525 	-0.173143 	0.538277 	0.0895894 	-1.39084 	-0.123399 	
1.195	0.319533 	-0.17314 	0.538273 	0.0876125 	-1.38946 	-0.120675 	
1.2	0.31962 	-0.173137 	0.538288 	0.0876125 	-1.38946 	-0.120675 	
1.205	0.319707 	-0.173133 	0.538303 	0.0876125 	-1.38946 	-0.120675 	
1.21	0.319731 	-0.17313 	0.538303 	0.0860449 	-1.38836 	-0.118516 	
1.215	0.319818 	-0.173127 	0.538318 	0.0860449 	-1.38836 	-0.118516 	
1.22	0.319905 	-0.173124 	0.538333 	0.0860449 	-1.38836 	-0.118516 	
1.225	0.319992 	-0.173121 	0.538347 	0.0860449 	-1.38836 	-0.118516 	
1.23	0.32 	-0.173118 	0.538343 	0.0840618 	-1.38697 	-0.115785 	
1.235	0.320087 	-0.173114 	0.538358 	0.0840618 	-1.38697 	-0.115785 	
1.24	0.320174 	-0.173111 	0.538373 	0.0840618 	-1.38697 	-0.115785 	
1.245	0.320198 	-0.173108 	0.538373 	0.0824907 	-1.38587 	-0.113621 	
1.25	0.320285 	-0.173105 	0.538388 	0.0824908 	-1.38587 	-0.113621 	
1.255	0.320372 	-0.173101 	0.538403 	0.0824908 	-1.38587 	-0.113621 	
1.26	0.320459 	-0.173098 	0.538418 	0.0824908 	-1.38587 	-0.113621 	
1.265	0.320467 	-0.173096 	0.538414 	0.0805053 	-1.38448 	-0.110886 	
1.27	0.320554 	-0.173092 	0.538429 	0.0805053 	-1.38448 	-0.110886 	
1.275	0.320641 	-0.173089 	0.538443 	0.0805053 	-1.38448 	-0.110886 	
1.28	0.320665 	-0.173086 	0.538444 	0.0789338 	-1.38338 	-0.108722 	
1.285	0.320752 	-0.173083 	0.538458 	0.0789338 	-1.38338 	-0.108722 	
1.29	0.320839 	-0.173079 	0.538473 	0.0789338 	-1.38338 	-0.108722 	
1.295	0.320926 	-0.173075 	0.538488 	0.0789338 	-1.38338 	-0.108722 	
1.3	0.320934 	-0.173074 	0.538484 	0.0769498 	-1.38199 	-0.105989 	
1.305	0.32102 	-0.17307 	0.538499 	0.0769498 	-1.38199 	-0.105989 	
1.31	0.321107 	-0.173066 	0.538514 	0.0769498 	-1.38199 	-0.105989 	
1.315	0.321131 	-0.173064 	0.538514 	0.0753809 	-1.38089 	-0.103828 	
1.32	0.321218 	-0.17306 	0.538528 	0.0753809 	-1.38089 	-0.103828 	
1.325	0.321305 	-0.173057 	0.538543 	0.0753809 	-1.38089 	-0.103828 	
1.33	0.321392 	-0.173053 	0.538558 	0.0753809 	-1.38089 	-0.103828 	
1.335	0.321399 	-0.173052 	0.538554 	0.0734022 	-1.3795 	-0.101102 	
1.34	0.321486 	-0.173048 	0.538569 	0.0734022 	-1.3795 	-0.101102 	
1.345	0.321572 	-0.173044 	0.538584 	0.0734022 	-1.3795 	-0.101102 	
1.35	0.321596 	-0.173042 	0.538584 	0.0718389 	-1.37841 	-0.0989493 	
1.355	0.321683 	-0.173038 	0.538598 	0.0718389 	-1.37841 	-0.0989493 	
1.36	0.321769 	-0.173034 	0.538613 	0.0718389 	-1.37841 	-0.0989493 	
1.365	0.321855 	-0.17303 	0.538628 	0.0718389 	-1.37841 	-0.0989493 	
1.37	0.321863 	-0.17303 	0.538624 	0.0698693 	-1.37703 	-0.0962363 	
1.375	0.321949 	-0.173026 	0.538639 	0.0698693 	-1.37703 	-0.0962363 	
1.38	0.322035 	-0.173022 	0.538653 	0.0698693 	-1.37703 	-0.0962363 	
1.385	0.322059 	-0.17302 	0.538653 	0.0683146 	-1.37594 	-0.094095 	
1.39	0.322145 	-0.173016 	0.538668 	0.0683146 	-1.37594 	-0.094095 	
1.395	0.322231 	-0.173012 	0.538682 	0.0683146 	-1.37594 	-0.094095 	
1.4	0.322316 	-0.173008 	0.538697 	0.0683146 	-1.37594 	-0.094095 	
1.405	0.322324 	-0.173008 	0.538693 	0.066358 	-1.37457 	-0.0913998 	
1.41	0.322409 	-0.173004 	0.538708 	0.066358 	-1.37457 	-0.0913998 	
1.415	0.322495 	-0.173 	0.538722 	0.066358 	-1.37457 	-0.0913998 	
1.42	0.322518 	-0.172999 	0.538723 	0.0648149 	-1.37349 	-0.0892746 	
1.425	0.322603 	-0.172995 	0.538737 	0.0648149 	-1.37349 	-0.0892746 	
1.43	0.322688 	-0.17299 	0.538751 	0.0648149 	-1.37349 	-0.0892746 	
1.435	0.322773 	-0.172986 	0.538766 	0.0648149 	-1.37349 	-0.0892746 	
1.44	0.322781 	-0.172986 	0.538762 	0.0628749 	-1.37213 	-0.0866023 	
1.445	0.322865 	-0.172982 	0.538777 	0.0628749 	-1.37213 	-0.0866023 	
1.45	0.32295 	-0.172978 	0.538791 	0.0628749 	-1.37213 	-0.0866023 	
1.455	0.323034 	-0.172973 	0.538805 	0.0628749 	-1.37213 	-0.0866023 	
1.46	0.32304 	-0.172974 	0.538801 	0.0609046 	-1.37075 	-0.0838884 	
1.465	0.323124 	-0.17297 	0.538815 	0.0609046 	-1.37075 	-0.0838884 	
1.47	0.323208 	-0.172965 	0.53883 	0.0609046 	-1.37075 	-0.0838884 	
1.475	0.323292 	-0.172961 	0.538844 	0.0609046 	-1.37075 	-0.0838884 	
1.48	0.323298 	-0.172962 	0.53884 	0.0589426 	-1.36938 	-0.0811861 	
1.485	0.323381 	-0.172957 	0.538854 	0.0589426 	-1.36938 	-0.0811861 	
1.49	0.323464 	-0.172953 	0.538868 	0.0589426 	-1.36938 	-0.0811861 	
1.495	0.323548 	-0.172948 	0.538882 	0.0589426 	-1.36938 	-0.0811861 	
1.5	0.323553 	-0.17295 	0.538879 	0.0569942 	-1.36801 	-0.0785023 	
1.505	0.323636 	-0.172945 	0.538892 	0.0569942 	-1.36801 	-0.0785023 	
1.51	0.323719 	-0.172941 	0.538906 	0.0569942 	-1.36801 	-0.0785023 	
1.515	0.323801 	-0.172936 	0.53892 	0.0569942 	-1.36801 	-0.0785023 	
1.52	0.323807 	-0.172938 	0.538917 	0.0550608 	-1.36666 	-0.0758393 	
1.525	0.323889 	-0.172933 	0.538931 	0.0550608 	-1.36666 	-0.0758393 	
1.53	0.323971 	-0.172929 	0.538944 	0.0550608 	-1.36666 	-0.0758393 	
1.535	0.324053 	-0.172924 	0.538958 	0.0550608 	-1.36666 	-0.0758393 	
1.54	0.324058 	-0.172926 	0.538955 	0.0531437 	-1.36532 	-0.0731988 	
1.545	0.32414 	-0.172921 	0.538968 	0.0531437 	-1.36532 	-0.0731988 	
1.55	0.324221 	-0.172917 	0.538982 	0.0531437 	-1.36532 	-0.0731988 	
1.555	0.324302 	-0.172912 	0.538995 	0.0531437 	-1.36532 	-0.0731988 	
1.56	0.324307 	-0.172914 	0.538992 	0.0512443 	-1.36399 	-0.0705825 	
1.565	0.324388 	-0.17291 	0.539006 	0.0512443 	-1.36399 	-0.0705825 	
1.57	0.324468 	-0.172905 	0.539019 	0.0512443 	-1.36399 	-0.0705825 	
1.575	0.324549 	-0.1729 	0.539032 	0.0512443 	-1.36399 	-0.0705825 	
1.58	0.324554 	-0.172903 	0.539029 	0.0493635 	-1.36267 	-0.067992 	
1.585	0.324634 	-0.172898 	0.539043 	0.0493635 	-1.36267 	-0.067992 	
1.59	0.324713 	-0.172893 	0.539056 	0.0493635 	-1.36267 	-0.067992 	
1.595	0.324793 	-0.172888 	0.539069 	0.0493635 	-1.36267 	-0.067992 	
1.6	0.324798 	-0.172891 	0.539066 	0.0475027 	-1.36137 	-0.065429 	
1.605	0.324877 	-0.172886 	0.539079 	0.0475027 	-1.36137 	-0.065429 	
1.61	0.324955 	-0.172882 	0.539092 	0.0475027 	-1.36137 	-0.065429 	
1.615	0.325034 	-0.172877 	0.539105 	0.0475027 	-1.36137 	-0.065429 	
1.62	0.325039 	-0.17288 	0.539102 	0.045663 	-1.36008 	-0.062895 	
1.625	0.325117 	-0.172875 	0.539115 	0.045663 	-1.36008 	-0.062895 	
1.63	0.325195 	-0.17287 	0.539128 	0.045663 	-1.36008 	-0.062895 	
1.635	0.325272 	-0.172865 	0.539141 	0.045663 	-1.36008 	-0.062895 	
1.64	0.325277 	-0.172869 	0.539138 	0.0438455 	-1.3588 	-0.0603917 	
1.645	0.325354 	-0.172864 	0.539151 	0.0438455 	-1.3588 	-0.0603917 	
1.65	0.325431 	-0.172859 	0.539164 	0.0438455 	-1.3588 	-0.0603917 	
1.655	0.325507 	-0.172854 	0.539176 	0.0438455 	-1.3588 	-0.0603917 	
1.66	0.325512 	-0.172858 	0.539174 	0.0420515 	-1.35755 	-0.0579206 	
1.665	0.325588 	-0.172853 	0.539186 	0.0420515 	-1.35755 	-0.0579206 	
1.67	0.325664 	-0.172848 	0.539199 	0.0420515 	-1.35755 	-0.0579206 	
1.675	0.325739 	-0.172843 	0.539211 	0.0420515 	-1.35755 	-0.0579206 	
1.68	0.325744 	-0.172847 	0.539209 	0.0402819 	-1.35631 	-0.0554833 	
1.685	0.325819 	-0.172842 	0.539221 	0.0402819 	-1.35631 	-0.0554833 	
1.69	0.325894 	-0.172837 	0.539233 	0.0402819 	-1.35631 	-0.0554833 	
1.695	0.325968 	-0.172832 	0.539245 	0.0402819 	-1.35631 	-0.0554833 	
1.7	0.325973 	-0.172836 	0.539243 	0.038538 	-1.35509 	-0.0530813 	
1.705	0.326046 	-0.172831 	0.539255 	0.038538 	-1.35509 	-0.0530813 	
1.71	0.32612 	-0.172826 	0.539267 	0.038538 	-1.35509 	-0.0530813 	
1.715	0.326193 	-0.172821 	0.539279 	0.038538 	-1.35509 	-0.0530813 	
1.72	0.326198 	-0.172825 	0.539277 	0.0368209 	-1.35388 	-0.0507161 	
1.725	0.32627 	-0.17282 	0.539289 	0.0368209 	-1.35388 	-0.0507161 	
1.73	0.326342 	-0.172815 	0.539301 	0.0368209 	-1.35388 	-0.0507161 	
1.735	0.326414 	-0.17281 	0.539312 	0.0368209 	-1.35388 	-0.0507161 	
1.74	0.326419 	-0.172815 	0.53931 	0.0351315 	-1.3527 	-0.0483893 	
1.745	0.32649 	-0.17281 	0.539322 	0.0351315 	-1.3527 	-0.0483893 	
1.75	0.326561 	-0.172805 	0.539333 	0.0351315 	-1.3527 	-0.0483893 	
1.755	0.326632 	-0.1728 	0.539345 	0.0351315 	-1.3527 	-0.0483893 	
1.76	0.326636 	-0.172805 	0.539343 	0.0334711 	-1.35154 	-0.0461022 	
1.765	0.326706 	-0.1728 	0.539354 	0.0334711 	-1.35154 	-0.0461022 	
1.77	0.326776 	-0.172795 	0.539366 	0.0334711 	-1.35154 	-0.0461022 	
1.775	0.326845 	-0.17279 	0.539377 	0.0334711 	-1.35154 	-0.0461022 	
1.78	0.32685 	-0.172794 	0.539375 	0.0318406 	-1.3504 	-0.0438564 	
1.785	0.326919 	-0.17279 	0.539386 	0.0318406 	-1.3504 	-0.0438564 	
1.79	0.326987 	-0.172785 	0.539397 	0.0318406 	-1.3504 	-0.0438564 	
1.795	0.327055 	-0.17278 	0.539409 	0.0318406 	-1.3504 	-0.0438564 	
1.8	0.327059 	-0.172785 	0.539407 	0.030241 	-1.34928 	-0.0416532 	
1.805	0.327127 	-0.17278 	0.539418 	0.030241 	-1.34928 	-0.0416532 	
1.81	0.327194 	-0.172775 	0.539429 	0.030241 	-1.34928 	-0.0416532 	
1.815	0.32726 	-0.17277 	0.539439 	0.030241 	-1.34928 	-0.0416532 	
1.82	0.327264 	-0.172775 	0.539438 	0.0286734 	-1.34818 	-0.039494 	
1.825	0.32733 	-0.17277 	0.539448 	0.0286734 	-1.34818 	-0.039494 	
1.83	0.327396 	-0.172765 	0.539459 	0.0286734 	-1.34818 	-0.039494 	
1.835	0.327461 	-0.172761 	0.53947 	0.0286734 	-1.34818 	-0.039494 	
1.84	0.327465 	-0.172765 	0.539468 	0.0271387 	-1.3471 	-0.0373802 	
1.845	0.32753 	-0.172761 	0.539478 	0.0271387 	-1.3471 	-0.0373802 	
1.85	0.327594 	-0.172756 	0.539489 	0.0271387 	-1.3471 	-0.0373802 	
1.855	0.327658 	-0.172751 	0.539499 	0.0271387 	-1.3471 	-0.0373802 	
1.86	0.327721 	-0.172746 	0.539509 	0.0271387 	-1.3471 	-0.0373802 	
1.865	0.327712 	-0.172754 	0.539505 	0.025307 	-1.34582 	-0.0348571 	
1.87	0.327774 	-0.172749 	0.539515 	0.025307 	-1.34582 	-0.0348571 	
1.875	0.327837 	-0.172744 	0.539525 	0.025307 	-1.34582 	-0.0348571 	
1.88	0.327898 	-0.17274 	0.539535 	0.025307 	-1.34582 	-0.0348571 	
1.885	0.32796 	-0.172735 	0.539545 	0.025307 	-1.34582 	-0.0348571 	
1.89	0.327949 	-0.172742 	0.539541 	0.0234941 	-1.34455 	-0.0323601 	
1.895	0.32801 	-0.172738 	0.539551 	0.0234941 	-1.34455 	-0.0323601 	
1.9	0.32807 	-0.172733 	0.53956 	0.0234941 	-1.34455 	-0.0323601 	
1.905	0.32813 	-0.172729 	0.53957 	0.0234941 	-1.34455 	-0.0323601 	
1.91	0.32819 	-0.172724 	0.53958 	0.0234941 	-1.34455 	-0.0323601 	
1.915	0.328179 	-0.172732 	0.539575 	0.0217341 	-1.34332 	-0.0299359 	
1.92	0.328238 	-0.172727 	0.539585 	0.0217341 	-1.34332 	-0.0299359 	
1.925	0.328297 	-0.172723 	0.539594 	0.0217341 	-1.34332 	-0.0299359 	
1.93	0.328354 	-0.172718 	0.539604 	0.0217341 	-1.34332 	-0.0299359 	
1.935	0.328412 	-0.172714 	0.539613 	0.0217341 	-1.34332 	-0.0299359 	
1.94	0.328402 	-0.172721 	0.539609 	0.0200321 	-1.34213 	-0.0275916 	
1.945	0.328459 	-0.172717 	0.539618 	0.0200321 	-1.34213 	-0.0275916 	
1.95	0.328515 	-0.172712 	0.539627 	0.0200321 	-1.34213 	-0.0275916 	
1.955	0.328571 	-0.172708 	0.539636 	0.0200321 	-1.34213 	-0.0275916 	
1.96	0.328626 	-0.172704 	0.539645 	0.0200321 	-1.34213 	-0.0275916 	
1.965	0.328616 	-0.172711 	0.539641 	0.01839 	-1.34098 	-0.0253298 	
1.97	0.328671 	-0.172707 	0.53965 	0.01839 	-1.34098 	-0.0253298 	
1.975	0.328725 	-0.172702 	0.539659 	0.01839 	-1.34098 	-0.0253298 	
1.98	0.328779 	-0.172698 	0.539667 	0.01839 	-1.34098 	-0.0253298 	
1.985	0.328832 	-0.172694 	0.539676 	0.01839 	-1.34098 	-0.0253298 	
1.99	0.328823 	-0.172701 	0.539672 	0.0168095 	-1.33987 	-0.0231528 	
1.995	0.328875 	-0.172697 	0.539681 	0.0168095 	-1.33987 	-0.0231528 	
2	0.328927 	-0.172693 	0.539689 	0.0168095 	-1.33987 	-0.0231528 	
2.005	0.328979 	-0.172689 	0.539697 	0.0168095 	-1.33987 	-0.0231528 	
2.01	0.32903 	-0.172685 	0.539706 	0.0168095 	-1.33987 	-0.0231528 	
2.015	0.329021 	-0.172692 	0.539702 	0.0152921 	-1.33881 	-0.0210628 	
2.02	0.329071 	-0.172688 	0.53971 	0.0152921 	-1.33881 	-0.0210628 	
2.025	0.329121 	-0.172684 	0.539718 	0.0152921 	-1.33881 	-0.0210628 	
2.03	0.32917 	-0.17268 	0.539726 	0.0152921 	-1.33881 	-0.0210628 	
2.035	0.329219 	-0.172676 	0.539734 	0.0152921 	-1.33881 	-0.0210628 	
2.04	0.329268 	-0.172672 	0.539742 	0.0152921 	-1.33881 	-0.0210628 	
2.045	0.329248 	-0.172681 	0.539736 	0.0135869 	-1.33761 	-0.0187141 	
2.05	0.329296 	-0.172677 	0.539744 	0.0135869 	-1.33761 	-0.0187141 	
2.055	0.329343 	-0.172673 	0.539752 	0.0135869 	-1.33761 	-0.0187141 	
2.06	0.32939 	-0.17267 	0.539759 	0.0135869 	-1.33761 	-0.0187141 	
2.065	0.329436 	-0.172666 	0.539766 	0.0135869 	-1.33761 	-0.0187141 	
2.07	0.329481 	-0.172662 	0.539774 	0.0135869 	-1.33761 	-0.0187141 	
2.075	0.329462 	-0.172671 	0.539769 	0.0119485 	-1.33647 	-0.0164574 	
2.08	0.329507 	-0.172667 	0.539776 	0.0119485 	-1.33647 	-0.0164574 	
2.085	0.329551 	-0.172664 	0.539783 	0.0119485 	-1.33647 	-0.0164574 	
2.09	0.329595 	-0.17266 	0.53979 	0.0119485 	-1.33647 	-0.0164574 	
2.095	0.329638 	-0.172656 	0.539797 	0.0119485 	-1.33647 	-0.0164574 	
2.1	0.329681 	-0.172653 	0.539804 	0.0119485 	-1.33647 	-0.0164574 	
2.105	0.329663 	-0.172662 	0.539799 	0.0104049 	-1.33539 	-0.0143313 	
2.11	0.329705 	-0.172658 	0.539806 	0.0104049 	-1.33539 	-0.0143313 	
2.115	0.329746 	-0.172655 	0.539812 	0.0104049 	-1.33539 	-0.0143313 	
2.12	0.329787 	-0.172651 	0.539819 	0.0104049 	-1.33539 	-0.0143313 	
2.125	0.329828 	-0.172648 	0.539825 	0.0104049 	-1.33539 	-0.0143313 	
2.13	0.329868 	-0.172644 	0.539832 	0.0104049 	-1.33539 	-0.0143313 	
2.135	0.329908 	-0.172641 	0.539838 	0.0104049 	-1.33539 	-0.0143313 	
2.14	0.329882 	-0.172651 	0.539832 	0.00875554 	-1.33423 	-0.0120595 	
2.145	0.32992 	-0.172648 	0.539838 	0.00875554 	-1.33423 	-0.0120595 	
2.15	0.329958 	-0.172645 	0.539844 	0.00875554 	-1.33423 	-0.0120595 	
2.155	0.329996 	-0.172642 	0.53985 	0.00875554 	-1.33423 	-0.0120595 	
2.16	0.330033 	-0.172638 	0.539856 	0.00875554 	-1.33423 	-0.0120595 	
2.165	0.33007 	-0.172635 	0.539862 	0.00875554 	-1.33423 	-0.0120595 	
2.17	0.330106 	-0.172632 	0.539868 	0.00875554 	-1.33423 	-0.0120595 	
2.175	0.330081 	-0.172642 	0.539862 	0.00722069 	-1.33316 	-0.00994547 	
2.18	0.330116 	-0.172639 	0.539867 	0.00722069 	-1.33316 	-0.00994547 	
2.185	0.330151 	-0.172636 	0.539873 	0.00722069 	-1.33316 	-0.00994547 	
2.19	0.330185 	-0.172633 	0.539878 	0.00722069 	-1.33316 	-0.00994547 	
2.195	0.330218 	-0.17263 	0.539884 	0.00722069 	-1.33316 	-0.00994547 	
2.2	0.330252 	-0.172627 	0.539889 	0.00722069 	-1.33316 	-0.00994547 	
2.205	0.330284 	-0.172624 	0.539894 	0.00722069 	-1.33316 	-0.00994547 	
2.21	0.330316 	-0.172622 	0.539899 	0.00722069 	-1.33316 	-0.00994547 	
2.215	0.330286 	-0.172632 	0.539893 	0.00565923 	-1.33206 	-0.00779475 	
2.22	0.330318 	-0.17263 	0.539898 	0.00565923 	-1.33206 	-0.00779475 	
2.225	0.330348 	-0.172627 	0.539903 	0.00565923 	-1.33206 	-0.00779475 	
2.23	0.330378 	-0.172624 	0.539907 	0.00565923 	-1.33206 	-0.00779475 	
2.235	0.330408 	-0.172622 	0.539912 	0.00565923 	-1.33206 	-0.00779475 	
2.24	0.330437 	-0.172619 	0.539917 	0.00565923 	-1.33206 	-0.00779475 	
2.245	0.330466 	-0.172617 	0.539921 	0.00565923 	-1.33206 	-0.00779475 	
2.25	0.330494 	-0.172614 	0.539926 	0.00565923 	-1.33206 	-0.00779475 	
2.255	0.330521 	-0.172612 	0.53993 	0.00565923 	-1.33206 	-0.00779475 	
2.26	0.330488 	-0.172623 	0.539923 	0.00412366 	-1.33099 	-0.00567968 	
2.265	0.330514 	-0.172621 	0.539927 	0.00412366 	-1.33099 	-0.00567968 	
2.27	0.33054 	-0.172618 	0.539931 	0.00412366 	-1.33099 	-0.00567968 	
2.275	0.330566 	-0.172616 	0.539935 	0.00412366 	-1.33099 	-0.00567968 	
2.28	0.330591 	-0.172614 	0.539939 	0.00412366 	-1.33099 	-0.00567968 	
2.285	0.330615 	-0.172612 	0.539943 	0.00412366 	-1.33099 	-0.00567968 	
2.29	0.330639 	-0.17261 	0.539947 	0.00412366 	-1.33099 	-0.00567968 	
2.295	0.330662 	-0.172607 	0.539951 	0.00412366 	-1.33099 	-0.00567968 	
2.3	0.330685 	-0.172605 	0.539954 	0.00412366 	-1.33099 	-0.00567968 	
2.305	0.330707 	-0.172603 	0.539958 	0.00412366 	-1.33099 	-0.00567968 	
2.31	0.330729 	-0.172601 	0.539961 	0.00412366 	-1.33099 	-0.00567968 	
2.315	0.33069 	-0.172613 	0.539954 	0.00258463 	-1.32991 	-0.00355985 	
2.32	0.330711 	-0.172611 	0.539957 	0.00258463 	-1.32991 	-0.00355985 	
2.325	0.330731 	-0.17261 	0.53996 	0.00258463 	-1.32991 	-0.00355985 	
2.33	0.33075 	-0.172608 	0.539963 	0.00258463 	-1.32991 	-0.00355985 	
2.335	0.33077 	-0.172606 	0.539966 	0.00258463 	-1.32991 	-0.00355985 	
2.34	0.330788 	-0.172605 	0.539969 	0.00258463 	-1.32991 	-0.00355985 	
2.345	0.330806 	-0.172603 	0.539972 	0.00258463 	-1.32991 	-0.00355985 	
2.35	0.330824 	-0.172601 	0.539975 	0.00258463 	-1.32991 	-0.00355985 	
2.355	0.330841 	-0.1726 	0.539977 	0.00258463 	-1.32991 	-0.00355985 	
2.36	0.330857 	-0.172598 	0.53998 	0.00258463 	-1.32991 	-0.00355985 	
2.365	0.330873 	-0.172597 	0.539983 	0.00258463 	-1.32991 	-0.00355985 	
2.37	0.330889 	-0.172596 	0.539985 	0.00258463 	-1.32991 	-0.00355985 	
2.375	0.330904 	-0.172594 	0.539987 	0.00258463 	-1.32991 	-0.00355985 	
2.38	0.330918 	-0.172593 	0.53999 	0.00258463 	-1.32991 	-0.00355985 	
2.385	0.330932 	-0.172592 	0.539992 	0.00258463 	-1.32991 	-0.00355984 	
2.39	0.330945 	-0.17259 	0.539994 	0.00258463 	-1.32991 	-0.00355984 	
2.395	0.330896 	-0.172604 	0.539985 	0.00101778 	-1.32881 	-0.0014017 	
2.4	0.330908 	-0.172602 	0.539987 	0.00101778 	-1.32881 	-0.0014017 	
2.405	0.33092 	-0.172601 	0.539988 	0.00101778 	-1.32881 	-0.0014017 	
2.41	0.330931 	-0.1726 	0.53999 	0.00101778 	-1.32881 	-0.0014017 	
2.415	0.330942 	-0.172599 	0.539992 	0.00101778 	-1.32881 	-0.0014017 	
2.42	0.330952 	-0.172599 	0.539993 	0.00101778 	-1.32881 	-0.0014017 	
2.425	0.33096 	-0.172598 	0.539995 	0.00101778 	-1.32881 	-0.0014017 	
2.43	0.33097 	-0.172597 	0.539996 	0.00101778 	-1.32881 	-0.0014017 	
2.435	0.330978 	-0.172596 	0.539998 	0.00101778 	-1.32881 	-0.0014017 	
2.44	0.330986 	-0.172595 	0.539999 	0.00101778 	-1.32881 	-0.0014017 	
2.445	0.330993 	-0.172595 	0.54 	0.00101778 	-1.32881 	-0.0014017 	
2.45	0.331 	-0.172594 	0.540001 	0.00101778 	-1.32881 	-0.0014017 	
2.455	0.331006 	-0.172594 	0.540002 	0.00101778 	-1.32881 	-0.0014017 	
2.46	0.331012 	-0.172593 	0.540003 	0.00101778 	-1.32881 	-0.0014017 	
2.465	0.331017 	-0.172593 	0.540004 	0.00101778 	-1.32881 	-0.0014017 	
2.47	0.331022 	-0.172592 	0.540004 	0.00101778 	-1.32881 	-0.0014017 	
2.475	0.331026 	-0.172592 	0.540005 	0.00101778 	-1.32881 	-0.0014017 	
2.48	0.33103 	-0.172592 	0.540006 	0.00101778 	-1.32881 	-0.0014017 	
2.485	0.331033 	-0.172591 	0.540006 	0.00101778 	-1.32881 	-0.0014017 	
2.49	0.331035 	-0.172591 	0.540007 	0.00101778 	-1.32881 	-0.0014017 	
2.495	0.331037 	-0.172591 	0.540007 	0.00101778 	-1.32881 	-0.0014017 	
2.5	0.331039 	-0.172591 	0.540007 	0.00101778 	-1.32881 	-0.0014017 	
2.505	0.331039 	-0.172591 	0.540007 	0.00101778 	-1.32881 	-0.0014017 	
2.51	0.33104 	-0.172591 	0.540007 	0.00101778 	-1.32881 	-0.0014017 	
2.515	0.331044 	-0.172587 	0.540007 	0.00101778 	-1.32881 	-0.0014017 	
2.52	0.331044 	-0.172586 	0.540007 	0.00101778 	-1.32881 	-0.0014017 	
2.525	0.331044 	-0.172585 	0.540006 	0.00101778 	-1.32881 	-0.0014017 	
2.53	0.331044 	-0.172584 	0.540005 	0.00101778 	-1.32881 	-0.0014017 	
2.535	0.331044 	-0.172583 	0.540004 	0.00101778 	-1.32881 	-0.0014017 	
2.54	0.331045 	-0.172582 	0.540002 	0.00101778 	-1.32881 	-0.0014017 	
2.545	0.331045 	-0.17258 	0.54 	0.00101778 	-1.32881 	-0.0014017 	
2.55	0.331045 	-0.172578 	0.539998 	0.00101778 	-1.32881 	-0.0014017 	
2.555	0.331045 	-0.172575 	0.539996 	0.00101778 	-1.32881 	-0.0014017 	
2.56	0.331046 	-0.172572 	0.539993 	0.00101778 	-1.32881 	-0.0014017 	
2.565	0.331046 	-0.172569 	0.53999 	0.00101778 	-1.32881 	-0.0014017 	
2.57	0.331047 	-0.172566 	0.539986 	0.00101778 	-1.32881 	-0.0014017 	
2.575	0.331047 	-0.172563 	0.539983 	0.00101779 	-1.32881 	-0.0014017 	
2.58	0.331048 	-0.172559 	0.539979 	0.00101779 	-1.32881 	-0.0014017 	
2.585	0.331048 	-0.172554 	0.539975 	0.00101779 	-1.32881 	-0.0014017 	
2.59	0.331049 	-0.17255 	0.53997 	0.00101779 	-1.32881 	-0.0014017 	
2.595	0.331049 	-0.172545 	0.539965 	0.00101779 	-1.32881 	-0.0014017 	
2.6	0.33105 	-0.17254 	0.53996 	0.00101779 	-1.32881 	-0.0014017 	
2.605	0.331051 	-0.172535 	0.539955 	0.00101779 	-1.32881 	-0.0014017 	
2.61	0.331052 	-0.172529 	0.539949 	0.00101779 	-1.32881 	-0.00140171 	
2.615	0.331052 	-0.172523 	0.539943 	0.00101779 	-1.32881 	-0.00140171 	
2.62	0.331053 	-0.172517 	0.539937 	0.00101779 	-1.32881 	-0.00140171 	
2.625	0.331054 	-0.17251 	0.539929 	0.00101779 	-1.32881 	-0.00140171 	
2.63	0.331055 	-0.172504 	0.539923 	0.00101779 	-1.32881 	-0.00140171 	
2.635	0.331055 	-0.172498 	0.539915 	0.00101779 	-1.32881 	-0.00140171 	
2.64	0.331056 	-0.172491 	0.539908 	0.0010178 	-1.32881 	-0.00140171 	
2.645	0.331057 	-0.172483 	0.5399 	0.0010178 	-1.32881 	-0.00140171 	
2.65	0.331058 	-0.172475 	0.539892 	0.0010178 	-1.32881 	-0.00140172 	
2.655	0.331059 	-0.172467 	0.539884 	0.0010178 	-1.32881 	-0.00140172 	
2.66	0.33106 	-0.172458 	0.539875 	0.0010178 	-1.32881 	-0.00140172 	
2.665	0.331061 	-0.17245 	0.539866 	0.0010178 	-1.32881 	-0.00140172 	
2.67	0.331062 	-0.172441 	0.539857 	0.00101781 	-1.32881 	-0.00140172 	
2.675	0.331064 	-0.172431 	0.539848 	0.00101781 	-1.32881 	-0.00140173 	
2.68	0.331065 	-0.172422 	0.539838 	0.00101781 	-1.32881 	-0.00140173 	
2.685	0.331066 	-0.172412 	0.539828 	0.00101781 	-1.32881 	-0.00140173 	
2.69	0.331068 	-0.172402 	0.539817 	0.00101781 	-1.32881 	-0.00140173 	
2.695	0.331069 	-0.172391 	0.539807 	0.00101782 	-1.32881 	-0.00140174 	
2.7	0.33107 	-0.172381 	0.539796 	0.00101782 	-1.32881 	-0.00140174 	
2.705	0.331072 	-0.17237 	0.539785 	0.00101782 	-1.32881 	-0.00140174 	
2.71	0.331073 	-0.172358 	0.539773 	0.00101782 	-1.32881 	-0.00140175 	
2.715	0.331075 	-0.172347 	0.539761 	0.00101783 	-1.32881 	-0.00140175 	
2.72	0.331077 	-0.172335 	0.539749 	0.00101783 	-1.32881 	-0.00140175 	
2.725	0.331078 	-0.172323 	0.539737 	0.00101783 	-1.32881 	-0.00140176 	
2.73	0.33108 	-0.172311 	0.539724 	0.00101784 	-1.32881 	-0.00140176 	
2.735	0.331082 	-0.172298 	0.539712 	0.00101784 	-1.32881 	-0.00140177 	
2.74	0.331083 	-0.172285 	0.539698 	0.00101784 	-1.32881 	-0.00140177 	
2.745	0.331085 	-0.172272 	0.539685 	0.00101785 	-1.32881 	-0.00140177 	
2.75	0.331087 	-0.172258 	0.539671 	0.00101785 	-1.32881 	-0.00140178 	
2.755	0.331089 	-0.172245 	0.539657 	0.00101786 	-1.32881 	-0.00140178 	
2.76	0.331091 	-0.172231 	0.539643 	0.00101786 	-1.32881 	-0.00140179 	
2.765	0.331093 	-0.172216 	0.539628 	0.00101786 	-1.32881 	-0.00140179 	
2.77	0.331161 	-0.17221 	0.539625 	0.000101646 	-1.33004 	-0.000139801 	
2.775	0.331163 	-0.172196 	0.53961 	0.000101651 	-1.33004 	-0.000139807 	
2.78	0.331165 	-0.172181 	0.539595 	0.000101656 	-1.33004 	-0.000139813 	
2.785	0.331167 	-0.172165 	0.539579 	0.000101661 	-1.33004 	-0.000139819 	
2.79	0.331169 	-0.17215 	0.539563 	0.000101667 	-1.33004 	-0.000139826 	
2.795	0.331172 	-0.172134 	0.539547 	0.000101672 	-1.33004 	-0.000139832 	
2.8	0.331174 	-0.172118 	0.539531 	0.000101678 	-1.33004 	-0.000139839 	
2.805	0.331176 	-0.172101 	0.539514 	0.000101684 	-1.33004 	-0.000139846 	
2.81	0.331178 	-0.172085 	0.539497 	0.00010169 	-1.33004 	-0.000139853 	
2.815	0.33118 	-0.172068 	0.53948 	0.000101696 	-1.33004 	-0.000139861 	
2.82	0.331183 	-0.172051 	0.539462 	0.000101703 	-1.33004 	-0.000139869 	
2.825	0.331185 	-0.172033 	0.539445 	0.000101709 	-1.33004 	-0.000139877 	
2.83	0.331188 	-0.172016 	0.539427 	0.000101716 	-1.33004 	-0.000139885 	
2.835	0.33119 	-0.171998 	0.539408 	0.000101723 	-1.33004 	-0.000139893 	
2.84	0.331192 	-0.17198 	0.53939 	0.00010173 	-1.33004 	-0.000139902 	
2.845	0.331268 	-0.171962 	0.539384 	1.12421e-05 	-1.33137 	-1.51794e-05 	
2.85	0.33127 	-0.171944 	0.539365 	1.12498e-05 	-1.33137 	-1.51885e-05 	
2.855	0.331273 	-0.171925 	0.539346 	1.12577e-05 	-1.33137 	-1.51979e-05 	
2.86	0.331275 	-0.171906 	0.539326 	1.12658e-05 	-1.33137 	-1.52075e-05 	
2.865	0.331272 	-0.171892 	0.539306 	1.12732e-05 	-1.33137 	-1.5216e-05 	
2.87	0.331274 	-0.171873 	0.539286 	1.12817e-05 	-1.33137 	-1.52262e-05 	
2.875	0.331277 	-0.171853 	0.539266 	1.12904e-05 	-1.33137 	-1.52365e-05 	
2.88	0.33128 	-0.171833 	0.539246 	1.12993e-05 	-1.33137 	-1.52472e-05 	
2.885	0.331283 	-0.171812 	0.539225 	1.13085e-05 	-1.33137 	-1.52581e-05 	
2.89	0.331285 	-0.171792 	0.539204 	1.13178e-05 	-1.33137 	-1.52692e-05 	
2.895	0.331288 	-0.171771 	0.539182 	1.13274e-05 	-1.33137 	-1.52806e-05 	
2.9	0.331291 	-0.17175 	0.539161 	1.13372e-05 	-1.33137 	-1.52923e-05 	
2.905	0.331365 	-0.171729 	0.539152 	2.32814e-06 	-1.33266 	-2.87464e-06 	
2.91	0.331368 	-0.171707 	0.53913 	2.3384e-06 	-1.33266 	-2.88684e-06 	
2.915	0.331371 	-0.171685 	0.539108 	2.34888e-06 	-1.33266 	-2.8993e-06 	
2.92	0.331374 	-0.171663 	0.539085 	2.35958e-06 	-1.33266 	-2.91203e-06 	
2.925	0.331377 	-0.171641 	0.539062 	2.3705e-06 	-1.33266 	-2.92502e-06 	
2.93	0.33138 	-0.171619 	0.53904 	2.38165e-06 	-1.33266 	-2.93828e-06 	
2.935	0.331383 	-0.171596 	0.539016 	2.39303e-06 	-1.33266 	-2.95181e-06 	
2.94	0.331386 	-0.171573 	0.538993 	2.40463e-06 	-1.33266 	-2.9656e-06 	
2.945	0.331389 	-0.17155 	0.538969 	2.41645e-06 	-1.33266 	-2.97967e-06 	
2.95	0.331392 	-0.171526 	0.538945 	2.42851e-06 	-1.33266 	-2.99401e-06 	
2.955	0.331395 	-0.171503 	0.538921 	2.44079e-06 	-1.33266 	-3.00862e-06 	
2.96	0.331472 	-0.171479 	0.53891 	1.57468e-06 	-1.334 	-1.79738e-06 	
2.965	0.331475 	-0.171455 	0.538886 	1.58745e-06 	-1.334 	-1.81256e-06 	
2.97	0.331479 	-0.171431 	0.538861 	1.60044e-06 	-1.334 	-1.828e-06 	
2.975	0.331482 	-0.171406 	0.538836 	1.61367e-06 	-1.334 	-1.84372e-06 	
2.98	0.331485 	-0.171381 	0.538811 	1.62713e-06 	-1.334 	-1.85971e-06 	
2.985	0.331489 	-0.171357 	0.538785 	1.64081e-06 	-1.334 	-1.87597e-06 	
2.99	0.331492 	-0.171331 	0.53876 	1.65473e-06 	-1.334 	-1.89251e-06 	
2.995	0.331495 	-0.171306 	0.538734 	1.66888e-06 	-1.334 	-1.90933e-06 	
3	0.331499 	-0.171281 	0.538708 	1.68326e-06 	-1.334 	-1.92642e-06 	
3.005	0.331502 	-0.171255 	0.538681 	1.69787e-06 	-1.334 	-1.94378e-06 	
3.01	0.33158 	-0.171229 	0.538668 	1.56314e-06 	-1.33534 	-1.75669e-06 	
3.015	0.331583 	-0.171203 	0.538641 	1.57825e-06 	-1.33534 	-1.77463e-06 	
3.02	0.331587 	-0.171176 	0.538615 	1.59359e-06 	-1.33534 	-1.79284e-06 	
3.025	0.33159 	-0.17115 	0.538587 	1.60915e-06 	-1.33534 	-1.81132e-06 	
3.03	0.331594 	-0.171123 	0.53856 	1.62495e-06 	-1.33534 	-1.83008e-06 	
3.035	0.331598 	-0.171096 	0.538533 	1.64097e-06 	-1.33534 	-1.84911e-06 	
3.04	0.331601 	-0.171069 	0.538505 	1.65723e-06 	-1.33534 	-1.86841e-06 	
3.045	0.331605 	-0.171042 	0.538477 	1.67371e-06 	-1.33534 	-1.88799e-06 	
3.05	0.331609 	-0.171014 	0.538449 	1.69042e-06 	-1.33534 	-1.90783e-06 	
3.055	0.331684 	-0.170986 	0.538433 	1.54914e-06 	-1.33665 	-1.73292e-06 	
3.06	0.331688 	-0.170958 	0.538405 	1.56635e-06 	-1.33665 	-1.75333e-06 	
3.065	0.331692 	-0.17093 	0.538376 	1.58378e-06 	-1.33665 	-1.77401e-06 	
3.07	0.331696 	-0.170902 	0.538347 	1.60144e-06 	-1.33665 	-1.79496e-06 	
3.075	0.331699 	-0.170874 	0.538318 	1.61932e-06 	-1.33665 	-1.81618e-06 	
3.08	0.331703 	-0.170845 	0.538289 	1.63742e-06 	-1.33665 	-1.83766e-06 	
3.085	0.331707 	-0.170816 	0.538259 	1.65575e-06 	-1.33665 	-1.85941e-06 	
3.09	0.331711 	-0.170787 	0.53823 	1.6743e-06 	-1.33665 	-1.88142e-06 	
3.095	0.331715 	-0.170758 	0.5382 	1.69307e-06 	-1.33665 	-1.9037e-06 	
3.1	0.331795 	-0.170728 	0.538184 	1.70332e-06 	-1.33803 	-1.90219e-06 	
3.105	0.331801 	-0.170696 	0.538154 	1.72308e-06 	-1.33803 	-1.9258e-06 	
3.11	0.331805 	-0.170667 	0.538123 	1.74256e-06 	-1.33803 	-1.94889e-06 	
3.115	0.331809 	-0.170637 	0.538093 	1.76225e-06 	-1.33803 	-1.97223e-06 	
3.12	0.331813 	-0.170607 	0.538062 	1.78216e-06 	-1.33803 	-1.99583e-06 	
3.125	0.331817 	-0.170577 	0.538031 	1.80227e-06 	-1.33803 	-2.01968e-06 	
3.13	0.331821 	-0.170546 	0.538 	1.8226e-06 	-1.33803 	-2.04379e-06 	
3.135	0.331826 	-0.170516 	0.537969 	1.84315e-06 	-1.33803 	-2.06815e-06 	
3.14	0.331901 	-0.170485 	0.537951 	1.62888e-06 	-1.33933 	-1.81305e-06 	
3.145	0.331905 	-0.170454 	0.537919 	1.64989e-06 	-1.33933 	-1.83794e-06 	
3.15	0.33191 	-0.170423 	0.537887 	1.6711e-06 	-1.33933 	-1.86306e-06 	
3.155	0.331914 	-0.170392 	0.537856 	1.69252e-06 	-1.33933 	-1.88844e-06 	
3.16	0.331918 	-0.170361 	0.537824 	1.71414e-06 	-1.33933 	-1.91405e-06 	
3.165	0.331922 	-0.170329 	0.537791 	1.73596e-06 	-1.33933 	-1.9399e-06 	
3.17	0.331927 	-0.170297 	0.537759 	1.75798e-06 	-1.33933 	-1.96599e-06 	
3.175	0.331931 	-0.170266 	0.537727 	1.7802e-06 	-1.33933 	-1.99231e-06 	
3.18	0.332009 	-0.170234 	0.537708 	1.71991e-06 	-1.34068 	-1.91136e-06 	
3.185	0.332013 	-0.170202 	0.537675 	1.74258e-06 	-1.34068 	-1.93819e-06 	
3.19	0.332018 	-0.17017 	0.537642 	1.76543e-06 	-1.34068 	-1.96523e-06 	
3.195	0.332022 	-0.170137 	0.537609 	1.78847e-06 	-1.34068 	-1.99251e-06 	
3.2	0.332027 	-0.170105 	0.537576 	1.81169e-06 	-1.34068 	-2.02e-06 	
3.205	0.332031 	-0.170072 	0.537542 	1.8351e-06 	-1.34068 	-2.04771e-06 	
3.21	0.332035 	-0.170039 	0.537509 	1.8587e-06 	-1.34068 	-2.07564e-06 	
3.215	0.33204 	-0.170007 	0.537475 	1.88247e-06 	-1.34068 	-2.10379e-06 	
3.22	0.332121 	-0.169974 	0.537456 	1.83855e-06 	-1.34207 	-2.04068e-06 	
3.225	0.332125 	-0.169941 	0.537422 	1.86275e-06 	-1.34207 	-2.06929e-06 	
3.23	0.33213 	-0.169907 	0.537388 	1.88711e-06 	-1.34207 	-2.0981e-06 	
3.235	0.332134 	-0.169874 	0.537354 	1.91164e-06 	-1.34207 	-2.12712e-06 	
3.24	0.332139 	-0.16984 	0.537319 	1.93634e-06 	-1.34207 	-2.15633e-06 	
3.245	0.332143 	-0.169807 	0.537285 	1.96121e-06 	-1.34207 	-2.18574e-06 	
3.25	0.332148 	-0.169773 	0.537251 	1.98624e-06 	-1.34207 	-2.21535e-06 	
3.255	0.332222 	-0.169739 	0.537229 	1.66733e-06 	-1.34335 	-1.84424e-06 	
3.26	0.332227 	-0.169705 	0.537194 	1.69275e-06 	-1.34335 	-1.87427e-06 	
3.265	0.332231 	-0.169671 	0.53716 	1.71831e-06 	-1.34335 	-1.90448e-06 	
3.27	0.332236 	-0.169637 	0.537125 	1.74402e-06 	-1.34335 	-1.93487e-06 	
3.275	0.332241 	-0.169603 	0.537089 	1.76989e-06 	-1.34335 	-1.96543e-06 	
3.28	0.332245 	-0.169569 	0.537054 	1.7959e-06 	-1.34335 	-1.99617e-06 	
3.285	0.33225 	-0.169534 	0.537019 	1.82205e-06 	-1.34335 	-2.02708e-06 	
3.29	0.332325 	-0.1695 	0.536997 	1.69198e-06 	-1.34463 	-1.86856e-06 	
3.295	0.33233 	-0.169465 	0.536962 	1.71848e-06 	-1.34463 	-1.89985e-06 	
3.3	0.332335 	-0.16943 	0.536926 	1.74512e-06 	-1.34463 	-1.9313e-06 	
3.305	0.332339 	-0.169395 	0.53689 	1.77188e-06 	-1.34463 	-1.9629e-06 	
3.31	0.332344 	-0.16936 	0.536855 	1.79877e-06 	-1.34463 	-1.99466e-06 	
3.315	0.332349 	-0.169325 	0.536819 	1.82579e-06 	-1.34463 	-2.02656e-06 	
3.32	0.332354 	-0.16929 	0.536783 	1.85293e-06 	-1.34463 	-2.05862e-06 	
3.325	0.33243 	-0.169255 	0.53676 	1.75059e-06 	-1.34595 	-1.93099e-06 	
3.33	0.332435 	-0.16922 	0.536724 	1.77804e-06 	-1.34595 	-1.96338e-06 	
3.335	0.33244 	-0.169184 	0.536688 	1.8056e-06 	-1.34595 	-1.9959e-06 	
3.34	0.332445 	-0.169149 	0.536652 	1.83327e-06 	-1.34595 	-2.02854e-06 	
3.345	0.332452 	-0.169111 	0.536615 	1.86171e-06 	-1.34595 	-2.06235e-06 	
3.35	0.332457 	-0.169075 	0.536579 	1.8896e-06 	-1.34595 	-2.09526e-06 	
3.355	0.332462 	-0.169039 	0.536542 	1.91758e-06 	-1.34595 	-2.12827e-06 	
3.36	0.33254 	-0.169004 	0.53652 	1.80614e-06 	-1.34728 	-1.98999e-06 	
3.365	0.332545 	-0.168968 	0.536483 	1.83439e-06 	-1.34728 	-2.02329e-06 	
3.37	0.33255 	-0.168932 	0.536447 	1.86272e-06 	-1.34728 	-2.05669e-06 	
3.375	0.332555 	-0.168896 	0.53641 	1.89114e-06 	-1.34728 	-2.09019e-06 	
3.38	0.332559 	-0.16886 	0.536373 	1.91964e-06 	-1.34728 	-2.1238e-06 	
3.385	0.332564 	-0.168824 	0.536336 	1.94822e-06 	-1.34728 	-2.15749e-06 	
3.39	0.332569 	-0.168788 	0.536299 	1.97688e-06 	-1.34728 	-2.19128e-06 	
3.395	0.332648 	-0.168752 	0.536276 	1.85223e-06 	-1.34863 	-2.03837e-06 	
3.4	0.332653 	-0.168716 	0.536239 	1.88111e-06 	-1.34863 	-2.07239e-06 	
3.405	0.332658 	-0.168679 	0.536202 	1.91006e-06 	-1.34863 	-2.10648e-06 	
3.41	0.332663 	-0.168643 	0.536165 	1.93906e-06 	-1.34863 	-2.14064e-06 	
3.415	0.332668 	-0.168607 	0.536128 	1.96812e-06 	-1.34863 	-2.17488e-06 	
3.42	0.332673 	-0.168571 	0.53609 	1.99724e-06 	-1.34863 	-2.20918e-06 	
3.425	0.332678 	-0.168534 	0.536053 	2.02641e-06 	-1.34863 	-2.24355e-06 	
3.43	0.332757 	-0.168498 	0.53603 	1.88767e-06 	-1.35 	-2.07492e-06 	
3.435	0.332762 	-0.168461 	0.535993 	1.91702e-06 	-1.35 	-2.10946e-06 	
3.44	0.332767 	-0.168425 	0.535955 	1.9464e-06 	-1.35 	-2.14404e-06 	
3.445	0.332772 	-0.168388 	0.535918 	1.97582e-06 	-1.35 	-2.17866e-06 	
3.45	0.332777 	-0.168352 	0.53588 	2.00528e-06 	-1.35 	-2.21333e-06 	
3.455	0.332782 	-0.168315 	0.535843 	2.03476e-06 	-1.35 	-2.24803e-06 	
3.46	0.33278 	-0.168285 	0.535805 	2.06258e-06 	-1.35 	-2.28025e-06 	
3.465	0.332861 	-0.168249 	0.535783 	1.91053e-06 	-1.35137 	-2.09758e-06 	
3.47	0.332866 	-0.168212 	0.535745 	1.94017e-06 	-1.35137 	-2.13243e-06 	
3.475	0.332871 	-0.168175 	0.535707 	1.96982e-06 	-1.35137 	-2.16729e-06 	
3.48	0.332875 	-0.168139 	0.53567 	1.99948e-06 	-1.35137 	-2.20217e-06 	
3.485	0.33288 	-0.168102 	0.535632 	2.02915e-06 	-1.35137 	-2.23705e-06 	
3.49	0.332885 	-0.168065 	0.535595 	2.05882e-06 	-1.35137 	-2.27195e-06 	
3.495	0.33289 	-0.168029 	0.535557 	2.08849e-06 	-1.35137 	-2.30684e-06 	
3.5	0.332971 	-0.167992 	0.535534 	1.92466e-06 	-1.35275 	-2.11055e-06 	
3.505	0.332976 	-0.167955 	0.535497 	1.95441e-06 	-1.35275 	-2.1455e-06 	
3.51	0.332981 	-0.167919 	0.535459 	1.98415e-06 	-1.35275 	-2.18043e-06 	
3.515	0.332986 	-0.167882 	0.535421 	2.01387e-06 	-1.35275 	-2.21535e-06 	
3.52	0.332991 	-0.167845 	0.535383 	2.04357e-06 	-1.35275 	-2.25024e-06 	
3.525	0.332996 	-0.167808 	0.535346 	2.07325e-06 	-1.35275 	-2.28511e-06 	
3.53	0.333001 	-0.167772 	0.535308 	2.1029e-06 	-1.35275 	-2.31996e-06 	
3.535	0.333081 	-0.167735 	0.535286 	1.92588e-06 	-1.35413 	-2.10934e-06 	
3.54	0.333086 	-0.167698 	0.535248 	1.95556e-06 	-1.35413 	-2.14418e-06 	
3.545	0.333091 	-0.167662 	0.53521 	1.9852e-06 	-1.35413 	-2.17897e-06 	
3.55	0.333096 	-0.167625 	0.535173 	2.0148e-06 	-1.35413 	-2.21371e-06 	
3.555	0.333101 	-0.167589 	0.535135 	2.04436e-06 	-1.35413 	-2.24841e-06 	
3.56	0.333106 	-0.167552 	0.535098 	2.07387e-06 	-1.35413 	-2.28304e-06 	
3.565	0.333113 	-0.167514 	0.53506 	2.10366e-06 	-1.35413 	-2.31814e-06 	
3.57	0.333193 	-0.167477 	0.535038 	1.91563e-06 	-1.35551 	-2.09558e-06 	
3.575	0.333198 	-0.167441 	0.535 	1.94507e-06 	-1.35551 	-2.1301e-06 	
3.58	0.333203 	-0.167404 	0.534963 	1.97443e-06 	-1.35551 	-2.16454e-06 	
3.585	0.333208 	-0.167368 	0.534925 	2.00374e-06 	-1.35551 	-2.1989e-06 	
3.59	0.333213 	-0.167332 	0.534888 	2.03297e-06 	-1.35551 	-2.23318e-06 	
3.595	0.333218 	-0.167295 	0.534851 	2.06213e-06 	-1.35551 	-2.26738e-06 	
3.6	0.333223 	-0.167259 	0.534813 	2.09121e-06 	-1.35551 	-2.30149e-06 	
3.605	0.333303 	-0.167223 	0.534791 	1.89324e-06 	-1.35688 	-2.0686e-06 	
3.61	0.333308 	-0.167186 	0.534754 	1.92225e-06 	-1.35688 	-2.10259e-06 	
3.615	0.333313 	-0.16715 	0.534717 	1.95117e-06 	-1.35688 	-2.13647e-06 	
3.62	0.333318 	-0.167114 	0.53468 	1.98e-06 	-1.35688 	-2.17024e-06 	
3.625	0.333322 	-0.167078 	0.534643 	2.00874e-06 	-1.35688 	-2.20391e-06 	
3.63	0.333327 	-0.167042 	0.534606 	2.03737e-06 	-1.35688 	-2.23747e-06 	
3.635	0.333332 	-0.167006 	0.534569 	2.06591e-06 	-1.35688 	-2.27091e-06 	
3.64	0.333411 	-0.16697 	0.534547 	1.8599e-06 	-1.35824 	-2.02974e-06 	
3.645	0.333416 	-0.166934 	0.53451 	1.88832e-06 	-1.35824 	-2.063e-06 	
3.65	0.333421 	-0.166899 	0.534473 	1.91662e-06 	-1.35824 	-2.09613e-06 	
3.655	0.333426 	-0.166863 	0.534436 	1.9448e-06 	-1.35824 	-2.12912e-06 	
3.66	0.333431 	-0.166827 	0.5344 	1.97287e-06 	-1.35824 	-2.16198e-06 	
3.665	0.333436 	-0.166792 	0.534363 	2.00082e-06 	-1.35824 	-2.1947e-06 	
3.67	0.333441 	-0.166756 	0.534327 	2.02865e-06 	-1.35824 	-2.22728e-06 	
3.675	0.333519 	-0.166721 	0.534305 	1.81576e-06 	-1.35958 	-1.97922e-06 	
3.68	0.333524 	-0.166685 	0.534269 	1.84342e-06 	-1.35958 	-2.01157e-06 	
3.685	0.333528 	-0.16665 	0.534233 	1.87094e-06 	-1.35958 	-2.04375e-06 	
3.69	0.333533 	-0.166615 	0.534197 	1.89832e-06 	-1.35958 	-2.07578e-06 	
3.695	0.333538 	-0.16658 	0.53416 	1.92556e-06 	-1.35958 	-2.10764e-06 	
3.7	0.333543 	-0.166545 	0.534124 	1.95266e-06 	-1.35958 	-2.13934e-06 	
3.705	0.333548 	-0.16651 	0.534088 	1.97962e-06 	-1.35958 	-2.17087e-06 	
3.71	0.333625 	-0.166475 	0.534068 	1.76134e-06 	-1.3609 	-1.91766e-06 	
3.715	0.333629 	-0.16644 	0.534032 	1.78808e-06 	-1.3609 	-1.9489e-06 	
3.72	0.333634 	-0.166406 	0.533996 	1.81466e-06 	-1.3609 	-1.97996e-06 	
3.725	0.333639 	-0.166371 	0.533961 	1.84109e-06 	-1.3609 	-2.01084e-06 	
3.73	0.333644 	-0.166336 	0.533925 	1.86736e-06 	-1.3609 	-2.04154e-06 	
3.735	0.333656 	-0.166294 	0.53389 	1.89483e-06 	-1.3609 	-2.0743e-06 	
3.74	0.333661 	-0.16626 	0.533855 	1.92079e-06 	-1.3609 	-2.10464e-06 	
3.745	0.333736 	-0.166226 	0.533834 	1.69727e-06 	-1.3622 	-1.84582e-06 	
3.75	0.333741 	-0.166192 	0.533799 	1.72295e-06 	-1.3622 	-1.8758e-06 	
3.755	0.333746 	-0.166158 	0.533764 	1.74845e-06 	-1.3622 	-1.90558e-06 	
3.76	0.33375 	-0.166124 	0.533729 	1.77378e-06 	-1.3622 	-1.93515e-06 	
3.765	0.333755 	-0.16609 	0.533695 	1.79893e-06 	-1.3622 	-1.96451e-06 	
3.77	0.333759 	-0.166057 	0.53366 	1.8239e-06 	-1.3622 	-1.99367e-06 	
3.775	0.333764 	-0.166023 	0.533626 	1.84869e-06 	-1.3622 	-2.02261e-06 	
3.78	0.333769 	-0.16599 	0.533591 	1.87329e-06 	-1.3622 	-2.05133e-06 	
3.785	0.333851 	-0.165957 	0.533574 	1.88438e-06 	-1.36364 	-2.051e-06 	
3.79	0.333856 	-0.165924 	0.533539 	1.90869e-06 	-1.36364 	-2.07935e-06 	
3.795	0.33386 	-0.165891 	0.533505 	1.93281e-06 	-1.36364 	-2.10747e-06 	
3.8	0.333865 	-0.165858 	0.533472 	1.95672e-06 	-1.36364 	-2.13537e-06 	
3.805	0.333869 	-0.165825 	0.533438 	1.98044e-06 	-1.36364 	-2.16304e-06 	
3.81	0.333874 	-0.165792 	0.533404 	2.00397e-06 	-1.36364 	-2.19048e-06 	
3.815	0.333878 	-0.16576 	0.533371 	2.02729e-06 	-1.36364 	-2.21768e-06 	
3.82	0.333883 	-0.165728 	0.533338 	2.05041e-06 	-1.36364 	-2.24465e-06 	
3.825	0.333964 	-0.165695 	0.533321 	1.82846e-06 	-1.36504 	-1.98832e-06 	
3.83	0.333968 	-0.165663 	0.533288 	1.85125e-06 	-1.36504 	-2.01487e-06 	
3.835	0.333973 	-0.165631 	0.533255 	1.87382e-06 	-1.36504 	-2.04118e-06 	
3.84	0.333977 	-0.1656 	0.533222 	1.89618e-06 	-1.36504 	-2.06724e-06 	
3.845	0.333981 	-0.165568 	0.533189 	1.91834e-06 	-1.36504 	-2.09305e-06 	
3.85	0.333986 	-0.165537 	0.533157 	1.94027e-06 	-1.36504 	-2.11862e-06 	
3.855	0.33399 	-0.165505 	0.533125 	1.962e-06 	-1.36504 	-2.14393e-06 	
3.86	0.333994 	-0.165474 	0.533093 	1.9835e-06 	-1.36504 	-2.16899e-06 	
3.865	0.334073 	-0.165443 	0.533077 	1.71307e-06 	-1.3664 	-1.86065e-06 	
3.87	0.334077 	-0.165412 	0.533045 	1.73421e-06 	-1.3664 	-1.88526e-06 	
3.875	0.334081 	-0.165382 	0.533013 	1.75513e-06 	-1.3664 	-1.90961e-06 	
3.88	0.334085 	-0.165351 	0.532982 	1.77582e-06 	-1.3664 	-1.93369e-06 	
3.885	0.334089 	-0.165321 	0.53295 	1.79628e-06 	-1.3664 	-1.95752e-06 	
3.89	0.334094 	-0.16529 	0.532919 	1.81652e-06 	-1.3664 	-1.98108e-06 	
3.895	0.334098 	-0.16526 	0.532888 	1.83653e-06 	-1.3664 	-2.00438e-06 	
3.9	0.334102 	-0.16523 	0.532857 	1.85632e-06 	-1.3664 	-2.02742e-06 	
3.905	0.334177 	-0.165201 	0.532842 	1.58164e-06 	-1.36771 	-1.71588e-06 	
3.91	0.334181 	-0.165171 	0.532812 	1.60103e-06 	-1.36771 	-1.73843e-06 	
3.915	0.334185 	-0.165142 	0.532781 	1.62019e-06 	-1.36771 	-1.76071e-06 	
3.92	0.334189 	-0.165113 	0.532751 	1.63911e-06 	-1.36771 	-1.78272e-06 	
3.925	0.334193 	-0.165084 	0.532721 	1.6578e-06 	-1.36771 	-1.80446e-06 	
3.93	0.334188 	-0.165064 	0.532692 	1.67465e-06 	-1.36771 	-1.82355e-06 	
3.935	0.334192 	-0.165035 	0.532662 	1.69285e-06 	-1.36771 	-1.84472e-06 	
3.94	0.334196 	-0.165006 	0.532633 	1.71084e-06 	-1.36771 	-1.86564e-06 	
3.945	0.3342 	-0.164978 	0.532603 	1.72859e-06 	-1.36771 	-1.88629e-06 	
3.95	0.334279 	-0.16495 	0.532591 	1.64113e-06 	-1.3691 	-1.78144e-06 	
3.955	0.334283 	-0.164922 	0.532562 	1.65846e-06 	-1.3691 	-1.80159e-06 	
3.96	0.334287 	-0.164894 	0.532533 	1.67556e-06 	-1.3691 	-1.82145e-06 	
3.965	0.334291 	-0.164867 	0.532505 	1.69242e-06 	-1.3691 	-1.84104e-06 	
3.97	0.334295 	-0.16484 	0.532477 	1.70903e-06 	-1.3691 	-1.86035e-06 	
3.975	0.334298 	-0.164812 	0.532449 	1.72541e-06 	-1.3691 	-1.87938e-06 	
3.98	0.334302 	-0.164785 	0.532421 	1.74155e-06 	-1.3691 	-1.89814e-06 	
3.985	0.334306 	-0.164759 	0.532393 	1.75745e-06 	-1.3691 	-1.91661e-06 	
3.99	0.334309 	-0.164732 	0.532366 	1.77311e-06 	-1.3691 	-1.93481e-06 	
3.995	0.334385 	-0.164706 	0.532354 	1.49741e-06 	-1.37042 	-1.62408e-06 	
4	0.334389 	-0.16468 	0.532327 	1.51264e-06 	-1.37042 	-1.64177e-06 	
4.005	0.334392 	-0.164654 	0.532301 	1.52763e-06 	-1.37042 	-1.65917e-06 	
4.01	0.334396 	-0.164628 	0.532274 	1.54238e-06 	-1.37042 	-1.67629e-06 	
4.015	0.334399 	-0.164602 	0.532248 	1.55689e-06 	-1.37042 	-1.69313e-06 	
4.02	0.334403 	-0.164577 	0.532222 	1.57116e-06 	-1.37042 	-1.7097e-06 	
4.025	0.334406 	-0.164552 	0.532196 	1.58519e-06 	-1.37042 	-1.72599e-06 	
4.03	0.33441 	-0.164527 	0.53217 	1.59898e-06 	-1.37042 	-1.742e-06 	
4.035	0.334413 	-0.164502 	0.532144 	1.61253e-06 	-1.37042 	-1.75773e-06 	
4.04	0.334416 	-0.164478 	0.532119 	1.62584e-06 	-1.37042 	-1.77319e-06 	
4.045	0.334493 	-0.164454 	0.53211 	1.46795e-06 	-1.37177 	-1.5929e-06 	
4.05	0.334497 	-0.164429 	0.532085 	1.48084e-06 	-1.37177 	-1.60785e-06 	
4.055	0.3345 	-0.164406 	0.532061 	1.49349e-06 	-1.37177 	-1.62251e-06 	
4.06	0.334503 	-0.164382 	0.532037 	1.50589e-06 	-1.37177 	-1.63691e-06 	
4.065	0.334506 	-0.164359 	0.532012 	1.51807e-06 	-1.37177 	-1.65103e-06 	
4.07	0.334509 	-0.164335 	0.531988 	1.53001e-06 	-1.37177 	-1.66487e-06 	
4.075	0.334513 	-0.164313 	0.531965 	1.54171e-06 	-1.37177 	-1.67845e-06 	
4.08	0.334516 	-0.16429 	0.531941 	1.55318e-06 	-1.37177 	-1.69175e-06 	
4.085	0.334519 	-0.164267 	0.531918 	1.56442e-06 	-1.37177 	-1.70479e-06 	
4.09	0.334522 	-0.164245 	0.531895 	1.57543e-06 	-1.37177 	-1.71756e-06 	
4.095	0.334525 	-0.164223 	0.531872 	1.58621e-06 	-1.37177 	-1.73006e-06 	
4.1	0.334602 	-0.164201 	0.531866 	1.39634e-06 	-1.37313 	-1.51613e-06 	
4.105	0.334605 	-0.16418 	0.531844 	1.40671e-06 	-1.37313 	-1.52813e-06 	
4.11	0.334608 	-0.164158 	0.531822 	1.41684e-06 	-1.37313 	-1.53987e-06 	
4.115	0.334611 	-0.164137 	0.5318 	1.42674e-06 	-1.37313 	-1.55135e-06 	
4.12	0.334613 	-0.164116 	0.531779 	1.43642e-06 	-1.37313 	-1.56257e-06 	
4.125	0.334616 	-0.164096 	0.531757 	1.44588e-06 	-1.37313 	-1.57353e-06 	
4.13	0.334619 	-0.164076 	0.531736 	1.45512e-06 	-1.37313 	-1.58423e-06 	
4.135	0.334622 	-0.164055 	0.531716 	1.46414e-06 	-1.37313 	-1.59468e-06 	
4.14	0.334625 	-0.164036 	0.531695 	1.47294e-06 	-1.37313 	-1.60488e-06 	
4.145	0.334627 	-0.164016 	0.531675 	1.48152e-06 	-1.37313 	-1.61483e-06 	
4.15	0.33463 	-0.163996 	0.531655 	1.48989e-06 	-1.37313 	-1.62452e-06 	
4.155	0.334633 	-0.163977 	0.531635 	1.49805e-06 	-1.37313 	-1.63397e-06 	
4.16	0.334706 	-0.163959 	0.531631 	1.23557e-06 	-1.37444 	-1.34287e-06 	
4.165	0.334709 	-0.16394 	0.531612 	1.24334e-06 	-1.37444 	-1.35185e-06 	
4.17	0.334711 	-0.163922 	0.531593 	1.25089e-06 	-1.37444 	-1.3606e-06 	
4.175	0.334714 	-0.163904 	0.531574 	1.25824e-06 	-1.37444 	-1.3691e-06 	
4.18	0.334716 	-0.163886 	0.531556 	1.26538e-06 	-1.37444 	-1.37737e-06 	
4.185	0.334718 	-0.163868 	0.531538 	1.27232e-06 	-1.37444 	-1.3854e-06 	
4.19	0.334721 	-0.163851 	0.53152 	1.27906e-06 	-1.37444 	-1.39321e-06 	
4.195	0.334723 	-0.163834 	0.531502 	1.2856e-06 	-1.37444 	-1.40078e-06 	
4.2	0.334726 	-0.163817 	0.531484 	1.29195e-06 	-1.37444 	-1.40813e-06 	
