0	2.16424 	-0.132197 	-1.62889 	-0.00207789 	-0.10496 	0.00310344 	
0.005	2.15672 	-0.129006 	-1.62594 	-0.0019026 	-0.1046 	0.00318735 	
0.01	2.14974 	-0.126048 	-1.62322 	-0.00174014 	-0.104266 	0.00326512 	
0.015	2.14327 	-0.123306 	-1.62069 	-0.00158957 	-0.103957 	0.0033372 	
0.02	2.13728 	-0.120765 	-1.61835 	-0.00145002 	-0.10367 	0.00340399 	
0.025	2.13172 	-0.118411 	-1.61618 	-0.00132068 	-0.103404 	0.0034659 	
0.03	2.12657 	-0.116228 	-1.61416 	-0.00120082 	-0.103158 	0.00352328 	
0.035	2.1218 	-0.114205 	-1.6123 	-0.00108972 	-0.10293 	0.00357645 	
0.04	2.11738 	-0.11233 	-1.61057 	-0.00098676 	-0.102718 	0.00362573 	
0.045	2.11328 	-0.110592 	-1.60896 	-0.000891335 	-0.102523 	0.0036714 	
0.05	2.10949 	-0.108982 	-1.60747 	-0.000802896 	-0.102341 	0.00371372 	
0.055	2.10597 	-0.107489 	-1.60609 	-0.000720933 	-0.102173 	0.00375294 	
0.06	2.10271 	-0.106105 	-1.60481 	-0.00064497 	-0.102017 	0.00378929 	
0.065	2.09969 	-0.104823 	-1.60362 	-0.00057457 	-0.101873 	0.00382297 	
0.07	2.09689 	-0.103634 	-1.60252 	-0.000509325 	-0.101739 	0.00385417 	
0.075	2.0943 	-0.102532 	-1.60149 	-0.000448859 	-0.101615 	0.00388309 	
0.08	2.0919 	-0.101511 	-1.60054 	-0.000392821 	-0.101501 	0.00390988 	
0.085	2.08967 	-0.100564 	-1.59966 	-0.000340889 	-0.101394 	0.0039347 	
0.09	2.08761 	-0.0996866 	-1.59884 	-0.000292762 	-0.101296 	0.0039577 	
0.095	2.0857 	-0.0988731 	-1.59807 	-0.000248161 	-0.101205 	0.00397901 	
0.1	2.08393 	-0.098119 	-1.59736 	-0.000206829 	-0.101121 	0.00399874 	
0.105	2.0823 	-0.09742 	-1.5967 	-0.000168527 	-0.101043 	0.00401702 	
0.11	2.08078 	-0.0967719 	-1.59608 	-0.000133033 	-0.100971 	0.00403396 	
0.115	2.07938 	-0.096171 	-1.59551 	-0.000100143 	-0.100905 	0.00404964 	
0.12	2.07808 	-0.0956139 	-1.59497 	-6.96652e-05 	-0.100843 	0.00406416 	
0.125	2.07688 	-0.0950974 	-1.59448 	-4.14239e-05 	-0.100786 	0.0040776 	
0.13	2.07577 	-0.0946185 	-1.59401 	-1.52556e-05 	-0.100734 	0.00409005 	
0.135	2.07474 	-0.0941744 	-1.59357 	8.99123e-06 	-0.100685 	0.00410158 	
0.14	2.07379 	-0.0937626 	-1.59317 	3.14569e-05 	-0.10064 	0.00411225 	
0.145	2.07291 	-0.0933807 	-1.59278 	5.22716e-05 	-0.100599 	0.00412212 	
0.15	2.0721 	-0.0930265 	-1.59243 	7.15559e-05 	-0.100561 	0.00413125 	
0.155	2.07135 	-0.092698 	-1.59209 	8.94216e-05 	-0.100526 	0.0041397 	
0.16	2.07066 	-0.0923932 	-1.59178 	0.000105972 	-0.100494 	0.00414752 	
0.165	2.07002 	-0.0921105 	-1.59148 	0.000121304 	-0.100464 	0.00415474 	
0.17	2.06943 	-0.0918481 	-1.5912 	0.000135505 	-0.100437 	0.00416142 	
0.175	2.06716 	-0.0902301 	-1.59342 	0.000216646 	-0.100415 	0.00416248 	
0.18	2.06698 	-0.0900762 	-1.59333 	0.000225069 	-0.100405 	0.00416711 	
0.185	2.06676 	-0.0899481 	-1.59318 	0.000231936 	-0.100395 	0.00417077 	
0.19	2.06648 	-0.0898212 	-1.59297 	0.00023864 	-0.100383 	0.00417408 	
0.195	2.06622 	-0.0897032 	-1.59277 	0.000244843 	-0.100372 	0.00417713 	
0.2	2.06598 	-0.0895936 	-1.59258 	0.000250583 	-0.100362 	0.00417993 	
0.205	2.06576 	-0.0894916 	-1.59239 	0.000255893 	-0.100354 	0.00418251 	
0.21	2.06556 	-0.0893967 	-1.59222 	0.000260805 	-0.100346 	0.00418488 	
0.215	2.06538 	-0.0893084 	-1.59205 	0.000265347 	-0.100339 	0.00418705 	
0.22	2.06528 	-0.0893101 	-1.59198 	0.000276086 	-0.100341 	0.00417973 	
0.225	2.06513 	-0.0892336 	-1.59183 	0.000279968 	-0.100336 	0.00418155 	
0.23	2.065 	-0.0891622 	-1.59167 	0.000283554 	-0.100331 	0.00418322 	
0.235	2.06488 	-0.0890957 	-1.59153 	0.000286868 	-0.100327 	0.00418474 	
0.24	2.06303 	-0.0876626 	-1.59387 	0.000358206 	-0.100327 	0.0041813 	
0.245	2.06326 	-0.0876772 	-1.59391 	0.00035723 	-0.100338 	0.00418148 	
0.25	2.06342 	-0.0877052 	-1.59385 	0.00035538 	-0.100346 	0.00418098 	
0.255	2.06349 	-0.0877226 	-1.59374 	0.000354009 	-0.100352 	0.00418044 	
0.26	2.06356 	-0.0877383 	-1.59362 	0.000352726 	-0.100357 	0.0041799 	
0.265	2.06362 	-0.0877524 	-1.5935 	0.000351525 	-0.100363 	0.00417938 	
0.27	2.06368 	-0.087765 	-1.59339 	0.0003504 	-0.100368 	0.00417886 	
0.275	2.06375 	-0.0877762 	-1.59327 	0.000349344 	-0.100374 	0.00417836 	
0.28	2.06381 	-0.0877861 	-1.59316 	0.000348353 	-0.100379 	0.00417786 	
0.285	2.06388 	-0.0877947 	-1.59305 	0.000347422 	-0.100385 	0.00417737 	
0.29	2.06223 	-0.0864614 	-1.59538 	0.000413732 	-0.100393 	0.00417253 	
0.295	2.06261 	-0.0865394 	-1.59544 	0.000409154 	-0.100412 	0.00417098 	
0.3	2.06292 	-0.0866258 	-1.59541 	0.00040397 	-0.100428 	0.00416889 	
0.305	2.06312 	-0.0866974 	-1.59531 	0.000399506 	-0.100441 	0.00416684 	
0.31	2.06331 	-0.0867632 	-1.59521 	0.000395355 	-0.100453 	0.00416492 	
0.315	2.06349 	-0.0868236 	-1.59511 	0.000391493 	-0.100465 	0.0041631 	
0.32	2.06367 	-0.0868791 	-1.595 	0.0003879 	-0.100476 	0.00416138 	
0.325	2.06384 	-0.0869299 	-1.5949 	0.000384555 	-0.100487 	0.00415975 	
0.33	2.064 	-0.0869764 	-1.59479 	0.000381441 	-0.100497 	0.00415821 	
0.335	2.06235 	-0.0856189 	-1.59726 	0.000449115 	-0.100511 	0.0041526 	
0.34	2.06285 	-0.0857335 	-1.59733 	0.000442432 	-0.100535 	0.00415009 	
0.345	2.06325 	-0.0858543 	-1.59731 	0.000435257 	-0.100556 	0.00414704 	
0.35	2.06353 	-0.085957 	-1.59721 	0.000428975 	-0.100573 	0.0041441 	
0.355	2.06379 	-0.0860515 	-1.59711 	0.000423138 	-0.100589 	0.00414134 	
0.36	2.06405 	-0.0861384 	-1.59701 	0.000417712 	-0.100605 	0.00413875 	
0.365	2.06429 	-0.0862184 	-1.5969 	0.000412668 	-0.10062 	0.0041363 	
0.37	2.06452 	-0.0862918 	-1.59679 	0.000407978 	-0.100634 	0.004134 	
0.375	2.06292 	-0.0849541 	-1.59928 	0.000474884 	-0.100651 	0.0041281 	
0.38	2.06348 	-0.0850927 	-1.59935 	0.000466783 	-0.100679 	0.00412492 	
0.385	2.06394 	-0.0852358 	-1.59933 	0.000458281 	-0.100704 	0.00412121 	
0.39	2.06427 	-0.0853588 	-1.59922 	0.000450778 	-0.100724 	0.00411765 	
0.395	2.06459 	-0.0854722 	-1.59912 	0.000443807 	-0.100743 	0.00411431 	
0.4	2.06489 	-0.0855765 	-1.59901 	0.00043733 	-0.100761 	0.00411118 	
0.405	2.06517 	-0.0856725 	-1.5989 	0.000431311 	-0.100778 	0.00410823 	
0.41	2.06413 	-0.0849882 	-1.60193 	0.000539724 	-0.100856 	0.00403763 	
0.415	2.06473 	-0.0851434 	-1.60199 	0.000530605 	-0.100886 	0.00403391 	
0.42	2.06522 	-0.0853016 	-1.60196 	0.00052118 	-0.100912 	0.00402971 	
0.425	2.0656 	-0.0854388 	-1.60185 	0.000512805 	-0.100935 	0.0040257 	
0.43	2.06595 	-0.0855652 	-1.60174 	0.000505026 	-0.100956 	0.00402194 	
0.435	2.06628 	-0.0856817 	-1.60162 	0.000497799 	-0.100976 	0.00401841 	
0.44	2.0666 	-0.0857888 	-1.6015 	0.000491085 	-0.100995 	0.00401509 	
0.445	2.06502 	-0.0844479 	-1.60406 	0.000558688 	-0.101017 	0.00400902 	
0.45	2.06568 	-0.0846188 	-1.60413 	0.000548645 	-0.10105 	0.00400491 	
0.455	2.06622 	-0.084792 	-1.6041 	0.000538306 	-0.101079 	0.00400027 	
0.46	2.06663 	-0.0849422 	-1.60398 	0.000529124 	-0.101104 	0.00399582 	
0.465	2.06701 	-0.0850806 	-1.60386 	0.000520598 	-0.101127 	0.00399165 	
0.47	2.06738 	-0.0852081 	-1.60373 	0.000512678 	-0.101149 	0.00398774 	
0.475	2.06596 	-0.0839924 	-1.6061 	0.000574134 	-0.101173 	0.00398179 	
0.48	2.06663 	-0.0841746 	-1.60615 	0.000563352 	-0.101207 	0.00397722 	
0.485	2.06719 	-0.0843577 	-1.6061 	0.000552377 	-0.101237 	0.0039722 	
0.49	2.06762 	-0.0845179 	-1.60597 	0.00054257 	-0.101263 	0.00396741 	
0.495	2.06804 	-0.0846654 	-1.60584 	0.000533463 	-0.101287 	0.00396292 	
0.5	2.06843 	-0.0848013 	-1.60571 	0.000525005 	-0.101311 	0.00395871 	
0.505	2.06696 	-0.0835412 	-1.60819 	0.000589093 	-0.101337 	0.00395285 	
0.51	2.06766 	-0.0837345 	-1.60824 	0.000577635 	-0.101373 	0.00394797 	
0.515	2.06826 	-0.0839283 	-1.60819 	0.000565995 	-0.101405 	0.0039426 	
0.52	2.06872 	-0.0840976 	-1.60805 	0.000555597 	-0.101432 	0.00393748 	
0.525	2.06915 	-0.0842537 	-1.60791 	0.000545943 	-0.101458 	0.00393268 	
0.53	2.06957 	-0.0843974 	-1.60777 	0.000536978 	-0.101483 	0.00392817 	
0.535	2.06802 	-0.0830793 	-1.61038 	0.000604472 	-0.10151 	0.00392247 	
0.54	2.06878 	-0.0832841 	-1.61044 	0.000592314 	-0.101549 	0.00391727 	
0.545	2.06941 	-0.0834891 	-1.61039 	0.000579978 	-0.101583 	0.00391154 	
0.55	2.06989 	-0.083668 	-1.61024 	0.000568969 	-0.101612 	0.00390607 	
0.555	2.07035 	-0.0838329 	-1.6101 	0.000558748 	-0.101639 	0.00390093 	
0.56	2.06906 	-0.0827025 	-1.61239 	0.000616715 	-0.101668 	0.00389526 	
0.565	2.06979 	-0.0829154 	-1.61241 	0.000603991 	-0.101706 	0.00388962 	
0.57	2.07042 	-0.0831267 	-1.61234 	0.000591217 	-0.101741 	0.00388358 	
0.575	2.07093 	-0.0833129 	-1.61219 	0.000579739 	-0.101771 	0.00387783 	
0.58	2.07141 	-0.0834844 	-1.61204 	0.000569083 	-0.101799 	0.00387244 	
0.585	2.07009 	-0.082339 	-1.61438 	0.000628174 	-0.10183 	0.00386695 	
0.59	2.07086 	-0.0825595 	-1.6144 	0.000614967 	-0.101869 	0.00386106 	
0.595	2.07151 	-0.082778 	-1.61432 	0.000601722 	-0.101905 	0.00385475 	
0.6	2.07203 	-0.0829706 	-1.61417 	0.00058982 	-0.101936 	0.00384874 	
0.605	2.07253 	-0.083148 	-1.61401 	0.000578774 	-0.101966 	0.00384311 	
0.61	2.07117 	-0.0819696 	-1.61643 	0.000639973 	-0.101997 	0.00383785 	
0.615	2.07196 	-0.0821982 	-1.61646 	0.000626258 	-0.102038 	0.00383171 	
0.62	2.07264 	-0.0824246 	-1.61638 	0.000612509 	-0.102076 	0.00382512 	
0.625	2.07318 	-0.0826239 	-1.61622 	0.000600162 	-0.102108 	0.00381883 	
0.63	2.0737 	-0.0828075 	-1.61605 	0.000588702 	-0.102138 	0.00381295 	
0.635	2.07229 	-0.0815968 	-1.61856 	0.000652033 	-0.10217 	0.00380797 	
0.64	2.07311 	-0.0818338 	-1.61859 	0.000637786 	-0.102213 	0.00380156 	
0.645	2.07382 	-0.0820684 	-1.61851 	0.000623511 	-0.102252 	0.00379467 	
0.65	2.07438 	-0.0822748 	-1.61834 	0.000610698 	-0.102285 	0.00378809 	
0.655	2.07466 	-0.0821549 	-1.61782 	0.000574763 	-0.102285 	0.00381695 	
0.66	2.07321 	-0.0809139 	-1.62041 	0.000640181 	-0.102319 	0.00381232 	
0.665	2.07407 	-0.0811596 	-1.62044 	0.000625387 	-0.102363 	0.00380563 	
0.67	2.0748 	-0.0814026 	-1.62036 	0.000610574 	-0.102403 	0.00379843 	
0.675	2.07537 	-0.0816163 	-1.62019 	0.000597283 	-0.102437 	0.00379156 	
0.68	2.07592 	-0.081813 	-1.62001 	0.000584951 	-0.10247 	0.00378512 	
0.685	2.07442 	-0.0805439 	-1.62268 	0.000652361 	-0.102504 	0.00378084 	
0.69	2.07531 	-0.0807984 	-1.62271 	0.000637014 	-0.10255 	0.00377388 	
0.695	2.07606 	-0.0810498 	-1.62263 	0.000621655 	-0.102591 	0.00376636 	
0.7	2.07665 	-0.0812708 	-1.62245 	0.000607881 	-0.102626 	0.00375918 	
0.705	2.07551 	-0.0802614 	-1.62465 	0.000661493 	-0.102662 	0.00375437 	
0.71	2.07635 	-0.0805214 	-1.62463 	0.000645699 	-0.102707 	0.00374691 	
0.715	2.07709 	-0.0807762 	-1.62452 	0.000630063 	-0.102748 	0.00373911 	
0.72	2.0777 	-0.0810025 	-1.62434 	0.000615936 	-0.102784 	0.0037317 	
0.725	2.07657 	-0.0800042 	-1.62654 	0.000669272 	-0.102821 	0.0037271 	
0.73	2.07743 	-0.0802688 	-1.62652 	0.000653159 	-0.102867 	0.00371944 	
0.735	2.07818 	-0.0805279 	-1.62641 	0.000637223 	-0.102908 	0.00371143 	
0.74	2.0788 	-0.0807581 	-1.62622 	0.000622819 	-0.102945 	0.00370383 	
0.745	2.07764 	-0.0797477 	-1.62847 	0.000677182 	-0.102982 	0.00369953 	
0.75	2.07852 	-0.0800172 	-1.62844 	0.000660737 	-0.103029 	0.00369168 	
0.755	2.07928 	-0.0802811 	-1.62833 	0.000644473 	-0.103071 	0.00368346 	
0.76	2.07991 	-0.0805155 	-1.62814 	0.000629778 	-0.103108 	0.00367566 	
0.765	2.07874 	-0.0794919 	-1.63043 	0.000685243 	-0.103147 	0.00367168 	
0.77	2.07963 	-0.0797668 	-1.63041 	0.000668446 	-0.103194 	0.00366362 	
0.775	2.08041 	-0.0800358 	-1.63029 	0.000651834 	-0.103237 	0.00365519 	
0.78	2.08105 	-0.0802746 	-1.63009 	0.000636829 	-0.103275 	0.00364717 	
0.785	2.07985 	-0.079239 	-1.63243 	0.000693356 	-0.103314 	0.00364352 	
0.79	2.08077 	-0.0795194 	-1.63241 	0.000676192 	-0.103362 	0.00363525 	
0.795	2.08156 	-0.0797937 	-1.63229 	0.000659219 	-0.103406 	0.00362658 	
0.8	2.08221 	-0.0800372 	-1.63209 	0.000643893 	-0.103445 	0.00361834 	
0.805	2.08099 	-0.078991 	-1.63447 	0.000701432 	-0.103484 	0.00361504 	
0.81	2.08192 	-0.0792769 	-1.63445 	0.000683893 	-0.103533 	0.00360655 	
0.815	2.08273 	-0.0795567 	-1.63433 	0.000666551 	-0.103578 	0.00359765 	
0.82	2.08339 	-0.0798049 	-1.63412 	0.000650894 	-0.103617 	0.00358917 	
0.825	2.08215 	-0.0787493 	-1.63654 	0.0007094 	-0.103657 	0.00358624 	
0.83	2.0831 	-0.079041 	-1.63652 	0.00069148 	-0.103707 	0.00357753 	
0.835	2.08392 	-0.0793262 	-1.6364 	0.000673765 	-0.103753 	0.00356838 	
0.84	2.08459 	-0.0795792 	-1.63619 	0.000657775 	-0.103793 	0.00355967 	
0.845	2.08333 	-0.0785153 	-1.63864 	0.000717203 	-0.103833 	0.00355713 	
0.85	2.08429 	-0.0788127 	-1.63863 	0.000698901 	-0.103884 	0.00354818 	
0.855	2.08513 	-0.0791034 	-1.6385 	0.000680811 	-0.103931 	0.00353878 	
0.86	2.08581 	-0.0793612 	-1.63829 	0.000664486 	-0.103971 	0.00352984 	
0.865	2.08452 	-0.0782902 	-1.64078 	0.000724795 	-0.104012 	0.0035277 	
0.87	2.08551 	-0.0785933 	-1.64076 	0.000706111 	-0.104064 	0.00351852 	
0.875	2.08636 	-0.0788895 	-1.64064 	0.000687647 	-0.104111 	0.00350888 	
0.88	2.08705 	-0.079152 	-1.64042 	0.000670987 	-0.104152 	0.00349969 	
0.885	2.08574 	-0.078075 	-1.64294 	0.000732136 	-0.104193 	0.00349798 	
0.89	2.08709 	-0.0788301 	-1.64344 	0.000747505 	-0.104291 	0.00343738 	
0.895	2.08795 	-0.0791317 	-1.64331 	0.00072867 	-0.104338 	0.00342748 	
0.9	2.08865 	-0.0793989 	-1.64309 	0.000711679 	-0.10438 	0.00341805 	
0.905	2.08732 	-0.0783169 	-1.64565 	0.00077359 	-0.104422 	0.00341675 	
0.91	2.08834 	-0.078631 	-1.64564 	0.000754152 	-0.104475 	0.00340711 	
0.915	2.08921 	-0.0789378 	-1.64551 	0.00073495 	-0.104524 	0.00339697 	
0.92	2.08992 	-0.0792097 	-1.64528 	0.00071763 	-0.104565 	0.0033873 	
0.925	2.08858 	-0.0781238 	-1.64787 	0.0007803 	-0.104608 	0.00338646 	
0.93	2.08961 	-0.0784432 	-1.64786 	0.000760492 	-0.104662 	0.00337659 	
0.935	2.09049 	-0.0787553 	-1.64773 	0.000740929 	-0.104711 	0.00336619 	
0.94	2.09121 	-0.0790317 	-1.6475 	0.000723284 	-0.104753 	0.00335629 	
0.945	2.08985 	-0.077943 	-1.65011 	0.000786672 	-0.104797 	0.00335593 	
0.95	2.09089 	-0.0782677 	-1.6501 	0.0007665 	-0.104852 	0.00334584 	
0.955	2.09178 	-0.0785847 	-1.64997 	0.000746582 	-0.104901 	0.00333519 	
0.96	2.09251 	-0.0788656 	-1.64973 	0.000728619 	-0.104944 	0.00332504 	
0.965	2.09113 	-0.0777751 	-1.65238 	0.000792684 	-0.104988 	0.00332519 	
0.97	2.09219 	-0.0781049 	-1.65237 	0.000772156 	-0.105043 	0.00331487 	
0.975	2.09309 	-0.0784269 	-1.65224 	0.000751888 	-0.105093 	0.00330398 	
0.98	2.09383 	-0.078712 	-1.652 	0.000733613 	-0.105136 	0.0032936 	
0.985	2.09243 	-0.0776208 	-1.65467 	0.000798315 	-0.10518 	0.00329427 	
0.99	2.0935 	-0.0779555 	-1.65466 	0.000777438 	-0.105237 	0.00328372 	
0.995	2.09442 	-0.0782823 	-1.65453 	0.00075683 	-0.105287 	0.00327259 	
1	2.09516 	-0.0785716 	-1.65428 	0.000738248 	-0.10533 	0.00326197 	
1.005	2.09375 	-0.0774806 	-1.65698 	0.000803547 	-0.105375 	0.00326318 	
1.01	2.09483 	-0.0778201 	-1.65697 	0.00078233 	-0.105432 	0.00325241 	
1.015	2.09575 	-0.0781514 	-1.65683 	0.000761388 	-0.105483 	0.00324104 	
1.02	2.0965 	-0.0784448 	-1.65659 	0.000742508 	-0.105526 	0.00323019 	
1.025	2.09507 	-0.077355 	-1.65931 	0.000808363 	-0.105571 	0.00323195 	
1.03	2.09616 	-0.0776991 	-1.6593 	0.000786814 	-0.105629 	0.00322096 	
1.035	2.09709 	-0.0780349 	-1.65916 	0.000765547 	-0.10568 	0.00320935 	
1.04	2.09785 	-0.0783322 	-1.65891 	0.000746376 	-0.105724 	0.00319827 	
1.045	2.09641 	-0.0772445 	-1.66165 	0.000812746 	-0.105769 	0.00320061 	
1.05	2.09751 	-0.0775931 	-1.66165 	0.000790874 	-0.105827 	0.0031894 	
1.055	2.09845 	-0.0779331 	-1.6615 	0.000769291 	-0.105879 	0.00317756 	
1.06	2.09921 	-0.0782342 	-1.66125 	0.000749837 	-0.105923 	0.00316626 	
1.065	2.09776 	-0.0771496 	-1.66401 	0.00081668 	-0.105969 	0.00316917 	
1.07	2.09887 	-0.0775024 	-1.66401 	0.000794496 	-0.106027 	0.00315776 	
1.075	2.09981 	-0.0778465 	-1.66386 	0.000772607 	-0.106079 	0.00314569 	
1.08	2.10058 	-0.0781512 	-1.66361 	0.000752878 	-0.106124 	0.00313416 	
1.085	2.09911 	-0.0770706 	-1.66639 	0.000820153 	-0.10617 	0.00313768 	
1.09	2.10023 	-0.0774275 	-1.66638 	0.000797665 	-0.106228 	0.00312605 	
1.095	2.10118 	-0.0777756 	-1.66623 	0.00077548 	-0.106281 	0.00311376 	
1.1	2.10195 	-0.0780836 	-1.66597 	0.000755485 	-0.106325 	0.00310202 	
1.105	2.10048 	-0.077008 	-1.66877 	0.000823149 	-0.106372 	0.00310614 	
1.11	2.10133 	-0.0770176 	-1.66836 	0.000773481 	-0.106395 	0.00313514 	
1.115	2.10229 	-0.0773694 	-1.66821 	0.00075101 	-0.106448 	0.00312262 	
1.12	2.10307 	-0.0776807 	-1.66795 	0.000730758 	-0.106493 	0.00311067 	
1.125	2.10158 	-0.076611 	-1.67076 	0.0007988 	-0.10654 	0.00311544 	
1.13	2.10271 	-0.0769755 	-1.67075 	0.00077574 	-0.106599 	0.00310342 	
1.135	2.10367 	-0.0773308 	-1.6706 	0.000752993 	-0.106652 	0.00309069 	
1.14	2.10271 	-0.0765965 	-1.67272 	0.00080016 	-0.106699 	0.0030914 	
1.145	2.10376 	-0.076963 	-1.67263 	0.000776801 	-0.106755 	0.00307865 	
1.15	2.10468 	-0.0773169 	-1.67245 	0.00075403 	-0.106807 	0.00306566 	
1.155	2.10546 	-0.0776336 	-1.67219 	0.000733356 	-0.106852 	0.00305338 	
1.16	2.10402 	-0.0766064 	-1.67495 	0.000799926 	-0.106899 	0.00305888 	
1.165	2.10514 	-0.0769742 	-1.67494 	0.000776546 	-0.106958 	0.00304655 	
1.17	2.10611 	-0.0773326 	-1.67478 	0.000753504 	-0.107011 	0.00303355 	
1.175	2.10515 	-0.0766111 	-1.67691 	0.000800826 	-0.107059 	0.00303507 	
1.18	2.10619 	-0.076981 	-1.67682 	0.00077715 	-0.107115 	0.00302206 	
1.185	2.10712 	-0.0773382 	-1.67664 	0.000754071 	-0.107167 	0.0030088 	
1.19	2.10791 	-0.0776578 	-1.67637 	0.000733119 	-0.107212 	0.00299627 	
1.195	2.10645 	-0.0766436 	-1.67915 	0.000800129 	-0.107259 	0.00300291 	
1.2	2.10758 	-0.077015 	-1.67914 	0.000776426 	-0.107319 	0.00299034 	
1.205	2.10855 	-0.0773769 	-1.67899 	0.000753063 	-0.107372 	0.00297706 	
1.21	2.10758 	-0.0766675 	-1.68113 	0.000800603 	-0.10742 	0.00297943 	
1.215	2.10863 	-0.0770411 	-1.68104 	0.000776597 	-0.107476 	0.00296615 	
1.22	2.10956 	-0.0774019 	-1.68085 	0.000753195 	-0.107528 	0.0029526 	
1.225	2.11035 	-0.0777245 	-1.68058 	0.000731953 	-0.107573 	0.0029398 	
1.23	2.10888 	-0.076726 	-1.68337 	0.00079925 	-0.10762 	0.00294759 	
1.235	2.11002 	-0.077101 	-1.68336 	0.000775225 	-0.10768 	0.00293477 	
1.24	2.11099 	-0.0774664 	-1.68321 	0.000751541 	-0.107733 	0.00292121 	
1.245	2.11001 	-0.0767712 	-1.68535 	0.00079917 	-0.107781 	0.0029244 	
1.25	2.11107 	-0.0771483 	-1.68526 	0.000774842 	-0.107838 	0.00291084 	
1.255	2.112 	-0.0775125 	-1.68507 	0.000751125 	-0.107889 	0.00289702 	
1.26	2.11279 	-0.0778381 	-1.6848 	0.000729601 	-0.107935 	0.00288396 	
1.265	2.11132 	-0.0768578 	-1.68759 	0.000797029 	-0.107982 	0.00289288 	
1.27	2.11246 	-0.0772361 	-1.68758 	0.000772696 	-0.108042 	0.0028798 	
1.275	2.11343 	-0.0776047 	-1.68743 	0.000748709 	-0.108095 	0.00286598 	
1.28	2.11245 	-0.0769256 	-1.68957 	0.000796314 	-0.108143 	0.00286998 	
1.285	2.1135 	-0.0773058 	-1.68948 	0.000771685 	-0.108199 	0.00285617 	
1.29	2.11443 	-0.077673 	-1.68929 	0.000747677 	-0.108251 	0.00284208 	
1.295	2.11523 	-0.0780013 	-1.68902 	0.000725889 	-0.108296 	0.00282877 	
1.3	2.11375 	-0.0770415 	-1.69181 	0.000793302 	-0.108343 	0.0028388 	
1.305	2.11488 	-0.0774227 	-1.6918 	0.00076869 	-0.108403 	0.00282549 	
1.31	2.11585 	-0.077794 	-1.69164 	0.000744429 	-0.108456 	0.00281141 	
1.315	2.11506 	-0.0773863 	-1.69408 	0.000811175 	-0.108529 	0.00278635 	
1.32	2.11611 	-0.0777692 	-1.69399 	0.000786278 	-0.108585 	0.0027723 	
1.325	2.11704 	-0.0781389 	-1.6938 	0.00076201 	-0.108636 	0.00275796 	
1.33	2.11784 	-0.0784694 	-1.69353 	0.000739988 	-0.108682 	0.00274443 	
1.335	2.11636 	-0.077532 	-1.69631 	0.00080722 	-0.108728 	0.00275552 	
1.34	2.11749 	-0.0779154 	-1.69629 	0.000782366 	-0.108788 	0.00274199 	
1.345	2.11846 	-0.0782889 	-1.69614 	0.000757866 	-0.108841 	0.00272769 	
1.35	2.11747 	-0.0776463 	-1.69827 	0.000805087 	-0.108888 	0.00273328 	
1.355	2.11852 	-0.0780312 	-1.69817 	0.00077996 	-0.108944 	0.002719 	
1.36	2.11945 	-0.0784028 	-1.69798 	0.00075547 	-0.108995 	0.00270445 	
1.365	2.12024 	-0.078735 	-1.69771 	0.000733247 	-0.10904 	0.00269071 	
1.37	2.11876 	-0.0778218 	-1.70048 	0.000800184 	-0.109087 	0.00270286 	
1.375	2.11988 	-0.0782069 	-1.70046 	0.000775129 	-0.109146 	0.00268914 	
1.38	2.12085 	-0.0785819 	-1.7003 	0.000750431 	-0.109198 	0.00267463 	
1.385	2.11986 	-0.0779595 	-1.70242 	0.00079732 	-0.109245 	0.00268099 	
1.39	2.1209 	-0.0783457 	-1.70233 	0.000772006 	-0.109301 	0.00266652 	
1.395	2.12183 	-0.0787185 	-1.70214 	0.000747336 	-0.109352 	0.00265178 	
1.4	2.12261 	-0.0790519 	-1.70186 	0.00072495 	-0.109397 	0.00263786 	
1.405	2.12114 	-0.0781646 	-1.70461 	0.000791455 	-0.109443 	0.00265105 	
1.41	2.12226 	-0.0785505 	-1.70459 	0.000766245 	-0.109501 	0.00263715 	
1.415	2.12321 	-0.0789264 	-1.70444 	0.000741393 	-0.109553 	0.00262247 	
1.42	2.12224 	-0.0783252 	-1.70654 	0.000787854 	-0.1096 	0.00262959 	
1.425	2.12327 	-0.078712 	-1.70644 	0.0007624 	-0.109655 	0.00261495 	
1.43	2.12418 	-0.0790854 	-1.70625 	0.000737595 	-0.109705 	0.00260004 	
1.435	2.12496 	-0.0794193 	-1.70598 	0.000715088 	-0.10975 	0.00258598 	
1.44	2.1235 	-0.0785593 	-1.7087 	0.000781028 	-0.109795 	0.00260015 	
1.445	2.1246 	-0.0789453 	-1.70868 	0.00075571 	-0.109853 	0.00258611 	
1.45	2.12555 	-0.0793213 	-1.70852 	0.000730752 	-0.109905 	0.00257128 	
1.455	2.12632 	-0.0796542 	-1.70825 	0.000708253 	-0.109949 	0.00255717 	
1.46	2.12481 	-0.078785 	-1.71102 	0.000775704 	-0.109994 	0.00257249 	
1.465	2.12592 	-0.0791724 	-1.711 	0.000750259 	-0.110052 	0.00255838 	
1.47	2.12687 	-0.07955 	-1.71084 	0.000725153 	-0.110103 	0.00254344 	
1.475	2.12763 	-0.079884 	-1.71057 	0.000702533 	-0.110147 	0.0025292 	
1.48	2.12613 	-0.0790304 	-1.71332 	0.00076966 	-0.110192 	0.00254506 	
1.485	2.12723 	-0.0794187 	-1.71331 	0.000744105 	-0.110249 	0.00253083 	
1.49	2.12817 	-0.0797971 	-1.71315 	0.000718892 	-0.1103 	0.00251578 	
1.495	2.12893 	-0.0801318 	-1.71287 	0.000696175 	-0.110344 	0.00250144 	
1.5	2.12744 	-0.0792964 	-1.71561 	0.000762773 	-0.110388 	0.00251776 	
1.505	2.12853 	-0.079685 	-1.71559 	0.000737145 	-0.110445 	0.00250344 	
1.51	2.12917 	-0.0796688 	-1.71496 	0.000682134 	-0.110457 	0.00253518 	
1.515	2.12993 	-0.0800038 	-1.71469 	0.000659354 	-0.1105 	0.00252076 	
1.52	2.12844 	-0.0791869 	-1.7174 	0.000725413 	-0.110544 	0.00253757 	
1.525	2.12952 	-0.0795752 	-1.71738 	0.000699749 	-0.110601 	0.00252317 	
1.53	2.13045 	-0.0799534 	-1.71722 	0.000674434 	-0.110651 	0.00250796 	
1.535	2.1312 	-0.0802882 	-1.71694 	0.00065162 	-0.110694 	0.00249349 	
1.54	2.12973 	-0.0794898 	-1.71963 	0.000717074 	-0.110738 	0.00251073 	
1.545	2.1308 	-0.0798774 	-1.7196 	0.000691404 	-0.110794 	0.00249628 	
1.55	2.13172 	-0.0802549 	-1.71944 	0.000666085 	-0.110843 	0.00248102 	
1.555	2.13246 	-0.0805891 	-1.71917 	0.000643265 	-0.110886 	0.00246652 	
1.56	2.131 	-0.0798093 	-1.72183 	0.000708081 	-0.110929 	0.00248418 	
1.565	2.13206 	-0.0801957 	-1.7218 	0.000682433 	-0.110985 	0.00246969 	
1.57	2.13297 	-0.0805721 	-1.72164 	0.000657137 	-0.111034 	0.00245441 	
1.575	2.13371 	-0.0809054 	-1.72137 	0.000634334 	-0.111076 	0.00243989 	
1.58	2.13226 	-0.0801442 	-1.724 	0.000698476 	-0.111119 	0.00245795 	
1.585	2.13331 	-0.0805291 	-1.72398 	0.000672876 	-0.111174 	0.00244344 	
1.59	2.13421 	-0.080904 	-1.72382 	0.000647627 	-0.111223 	0.00242815 	
1.595	2.13495 	-0.081236 	-1.72355 	0.000624866 	-0.111264 	0.00241363 	
1.6	2.13351 	-0.0804937 	-1.72615 	0.000688297 	-0.111307 	0.00243206 	
1.605	2.13455 	-0.0808766 	-1.72612 	0.000662768 	-0.111361 	0.00241754 	
1.61	2.13544 	-0.0812497 	-1.72596 	0.000637591 	-0.111409 	0.00240226 	
1.615	2.13616 	-0.0815802 	-1.72569 	0.000614891 	-0.11145 	0.00238776 	
1.62	2.13475 	-0.0808568 	-1.72826 	0.000677573 	-0.111492 	0.00240654 	
1.625	2.13577 	-0.0812375 	-1.72823 	0.000652139 	-0.111546 	0.00239203 	
1.63	2.13664 	-0.0816084 	-1.72807 	0.000627055 	-0.111594 	0.00237678 	
1.635	2.13737 	-0.081937 	-1.72781 	0.000604437 	-0.111634 	0.0023623 	
1.64	2.13596 	-0.0812327 	-1.73034 	0.000666332 	-0.111676 	0.0023814 	
1.645	2.13697 	-0.0816109 	-1.73031 	0.000641014 	-0.111729 	0.00236691 	
1.65	2.13784 	-0.0819793 	-1.73015 	0.000616045 	-0.111776 	0.0023517 	
1.655	2.13855 	-0.0823058 	-1.72989 	0.000593529 	-0.111816 	0.00233726 	
1.66	2.13716 	-0.0816206 	-1.73239 	0.000654597 	-0.111857 	0.00235665 	
1.665	2.13816 	-0.0819959 	-1.73236 	0.000629418 	-0.111909 	0.0023422 	
1.67	2.13901 	-0.0823616 	-1.7322 	0.000604585 	-0.111955 	0.00232704 	
1.675	2.13972 	-0.0826857 	-1.73194 	0.000582189 	-0.111995 	0.00231267 	
1.68	2.13835 	-0.0820197 	-1.73441 	0.000642391 	-0.112035 	0.00233231 	
1.685	2.13933 	-0.0823918 	-1.73437 	0.000617372 	-0.112086 	0.00231791 	
1.69	2.14017 	-0.0827545 	-1.73421 	0.000592696 	-0.112132 	0.00230282 	
1.695	2.14087 	-0.083076 	-1.73396 	0.000570439 	-0.112171 	0.00228852 	
1.7	2.13952 	-0.0824292 	-1.73639 	0.000629736 	-0.112211 	0.00230838 	
1.705	2.14048 	-0.0827979 	-1.73635 	0.000604897 	-0.112262 	0.00229405 	
1.71	2.14131 	-0.0831573 	-1.73619 	0.000580398 	-0.112307 	0.00227904 	
1.715	2.142 	-0.0834759 	-1.73594 	0.000558299 	-0.112345 	0.00226482 	
1.72	2.14067 	-0.0828483 	-1.73833 	0.000616653 	-0.112384 	0.00228488 	
1.725	2.14161 	-0.0832133 	-1.73829 	0.000592015 	-0.112434 	0.00227062 	
1.73	2.14243 	-0.0835691 	-1.73813 	0.000567714 	-0.112478 	0.0022557 	
1.735	2.14311 	-0.0838846 	-1.73788 	0.000545791 	-0.112516 	0.00224159 	
1.74	2.1418 	-0.0832763 	-1.74023 	0.000603162 	-0.112555 	0.0022618 	
1.745	2.14273 	-0.0836372 	-1.74019 	0.000578746 	-0.112603 	0.00224763 	
1.75	2.14354 	-0.0839892 	-1.74003 	0.000554663 	-0.112647 	0.00223282 	
1.755	2.14435 	-0.0844948 	-1.74002 	0.000547347 	-0.112704 	0.00219563 	
1.76	2.14306 	-0.0839057 	-1.74233 	0.000603684 	-0.112742 	0.00221595 	
1.765	2.14397 	-0.0842624 	-1.74228 	0.00057951 	-0.112789 	0.00220188 	
1.77	2.14477 	-0.0846102 	-1.74213 	0.000555665 	-0.112832 	0.0021872 	
1.775	2.14542 	-0.0849187 	-1.74189 	0.000534148 	-0.112869 	0.00217333 	
1.78	2.14416 	-0.0843489 	-1.74415 	0.000589427 	-0.112906 	0.00219372 	
1.785	2.14505 	-0.084701 	-1.74411 	0.000565515 	-0.112953 	0.00217977 	
1.79	2.14583 	-0.0850444 	-1.74396 	0.000541929 	-0.112995 	0.00216522 	
1.795	2.14648 	-0.0853491 	-1.74372 	0.000520642 	-0.113031 	0.00215149 	
1.8	2.14524 	-0.0847985 	-1.74594 	0.000574826 	-0.113068 	0.00217192 	
1.805	2.14611 	-0.0851457 	-1.74589 	0.000551197 	-0.113114 	0.0021581 	
1.81	2.14687 	-0.0854844 	-1.74574 	0.000527889 	-0.113155 	0.0021437 	
1.815	2.14751 	-0.0857851 	-1.74551 	0.00050685 	-0.113191 	0.00213013 	
1.82	2.1463 	-0.0852536 	-1.74768 	0.000559904 	-0.113227 	0.00215056 	
1.825	2.14715 	-0.0855957 	-1.74763 	0.000536577 	-0.113271 	0.00213688 	
1.83	2.1479 	-0.0859295 	-1.74748 	0.000513567 	-0.113312 	0.00212265 	
1.835	2.14852 	-0.0862259 	-1.74725 	0.000492795 	-0.113347 	0.00210924 	
1.84	2.14734 	-0.0857134 	-1.74938 	0.000544681 	-0.113382 	0.00212963 	
1.845	2.14817 	-0.0860502 	-1.74933 	0.000521678 	-0.113426 	0.00211611 	
1.85	2.1489 	-0.0863788 	-1.74918 	0.000498986 	-0.113465 	0.00210206 	
1.855	2.14952 	-0.0866706 	-1.74896 	0.000478497 	-0.113499 	0.00208883 	
1.86	2.15009 	-0.0869381 	-1.74873 	0.000459594 	-0.113532 	0.00207653 	
1.865	2.14853 	-0.0862551 	-1.75132 	0.000527103 	-0.113565 	0.00210505 	
1.87	2.1494 	-0.0865865 	-1.75133 	0.000504566 	-0.11361 	0.00209226 	
1.875	2.15014 	-0.0869129 	-1.75122 	0.000482058 	-0.11365 	0.0020785 	
1.88	2.15074 	-0.0872001 	-1.75099 	0.000461859 	-0.113683 	0.00206542 	
1.885	2.1513 	-0.0874633 	-1.75077 	0.000443225 	-0.113715 	0.00205327 	
1.89	2.14974 	-0.0867945 	-1.75333 	0.000510249 	-0.113748 	0.00208222 	
1.895	2.15059 	-0.0871216 	-1.75334 	0.000487976 	-0.113792 	0.00206956 	
1.9	2.15131 	-0.0874439 	-1.75323 	0.000465716 	-0.11383 	0.00205593 	
1.905	2.1519 	-0.0877275 	-1.75301 	0.000445742 	-0.113863 	0.00204298 	
1.91	2.15245 	-0.0879875 	-1.75279 	0.000427314 	-0.113893 	0.00203096 	
1.915	2.15093 	-0.0873502 	-1.75528 	0.000492219 	-0.113925 	0.00205952 	
1.92	2.15175 	-0.0876716 	-1.75528 	0.000470287 	-0.113968 	0.00204698 	
1.925	2.15246 	-0.0879883 	-1.75517 	0.000448374 	-0.114006 	0.00203352 	
1.93	2.15303 	-0.0882672 	-1.75495 	0.000428701 	-0.114037 	0.00202076 	
1.935	2.15356 	-0.088523 	-1.75474 	0.000410552 	-0.114067 	0.00200892 	
1.94	2.1521 	-0.0879181 	-1.75714 	0.000473157 	-0.114098 	0.00203695 	
1.945	2.15289 	-0.0882325 	-1.75714 	0.000451648 	-0.114139 	0.00202459 	
1.95	2.15357 	-0.0885425 	-1.75702 	0.000430164 	-0.114176 	0.00201136 	
1.955	2.15413 	-0.0888158 	-1.75682 	0.000410864 	-0.114206 	0.00199885 	
1.96	2.15465 	-0.0890663 	-1.75661 	0.000393061 	-0.114235 	0.00198723 	
1.965	2.15324 	-0.0884931 	-1.75893 	0.000453322 	-0.114265 	0.00201468 	
1.97	2.154 	-0.0887997 	-1.75892 	0.000432304 	-0.114305 	0.00200253 	
1.975	2.15466 	-0.089102 	-1.7588 	0.000411312 	-0.11434 	0.00198959 	
1.98	2.15519 	-0.0893688 	-1.75861 	0.000392447 	-0.11437 	0.00197736 	
1.985	2.1557 	-0.0896134 	-1.75841 	0.000375045 	-0.114398 	0.001966 	
1.99	2.15434 	-0.0890712 	-1.76063 	0.000432922 	-0.114427 	0.00199281 	
1.995	2.15508 	-0.0893692 	-1.76062 	0.000412449 	-0.114465 	0.00198092 	
2	2.15539 	-0.0892197 	-1.75997 	0.000359305 	-0.114455 	0.00202175 	
2.005	2.15591 	-0.0894793 	-1.75978 	0.000340923 	-0.114483 	0.00200983 	
2.01	2.15639 	-0.0897173 	-1.75959 	0.000323967 	-0.114511 	0.00199877 	
2.015	2.1551 	-0.0892057 	-1.76172 	0.000379445 	-0.114539 	0.00202489 	
2.02	2.1558 	-0.0894943 	-1.7617 	0.000359565 	-0.114575 	0.00201329 	
2.025	2.15641 	-0.0897792 	-1.76159 	0.000339715 	-0.114608 	0.00200101 	
2.03	2.15691 	-0.0900311 	-1.76141 	0.000321858 	-0.114636 	0.00198944 	
2.035	2.15738 	-0.090262 	-1.76123 	0.000305387 	-0.114662 	0.0019787 	
2.04	2.15783 	-0.0904736 	-1.76104 	0.000290198 	-0.114687 	0.00196873 	
2.045	2.15627 	-0.0898542 	-1.76347 	0.000356237 	-0.114713 	0.002001 	
2.05	2.15698 	-0.090133 	-1.76349 	0.000337117 	-0.114749 	0.00199018 	
2.055	2.15759 	-0.0904105 	-1.76341 	0.0003178 	-0.114781 	0.00197835 	
2.06	2.15807 	-0.0906541 	-1.76323 	0.000300514 	-0.114808 	0.00196715 	
2.065	2.15852 	-0.0908774 	-1.76305 	0.000284567 	-0.114833 	0.00195674 	
2.07	2.15894 	-0.091082 	-1.76287 	0.000269862 	-0.114857 	0.00194708 	
2.075	2.15745 	-0.0904952 	-1.76521 	0.000333341 	-0.114882 	0.00197862 	
2.08	2.15812 	-0.0907641 	-1.76523 	0.000314858 	-0.114916 	0.00196809 	
2.085	2.1587 	-0.0910321 	-1.76514 	0.000296176 	-0.114947 	0.00195663 	
2.09	2.15916 	-0.0912676 	-1.76498 	0.000279449 	-0.114972 	0.0019458 	
2.095	2.15959 	-0.0914836 	-1.76481 	0.000264019 	-0.114996 	0.00193574 	
2.1	2.16 	-0.0916815 	-1.76464 	0.000249789 	-0.115019 	0.0019264 	
2.105	2.15859 	-0.0911395 	-1.76683 	0.000309365 	-0.115043 	0.00195641 	
2.11	2.15922 	-0.091397 	-1.76684 	0.000291623 	-0.115075 	0.00194622 	
2.115	2.15977 	-0.0916538 	-1.76676 	0.000273697 	-0.115104 	0.00193519 	
2.12	2.16021 	-0.0918798 	-1.76661 	0.000257631 	-0.115128 	0.0019248 	
2.125	2.16062 	-0.0920871 	-1.76645 	0.00024281 	-0.115151 	0.00191515 	
2.13	2.16101 	-0.0922771 	-1.76629 	0.000229142 	-0.115173 	0.00190618 	
2.135	2.16137 	-0.0924511 	-1.76613 	0.000216541 	-0.115193 	0.00189786 	
2.14	2.1598 	-0.0918442 	-1.76849 	0.000282728 	-0.115215 	0.00193209 	
2.145	2.16042 	-0.0920887 	-1.76853 	0.000265933 	-0.115246 	0.00192267 	
2.15	2.16095 	-0.0923347 	-1.76847 	0.00024878 	-0.115274 	0.00191221 	
2.155	2.16136 	-0.09255 	-1.76833 	0.000233473 	-0.115297 	0.00190231 	
2.16	2.16175 	-0.0927475 	-1.76818 	0.00021935 	-0.115318 	0.00189312 	
2.165	2.16211 	-0.0929285 	-1.76803 	0.000206323 	-0.115338 	0.00188459 	
2.17	2.16246 	-0.0930944 	-1.76788 	0.000194313 	-0.115357 	0.00187667 	
2.175	2.161 	-0.0925393 	-1.77008 	0.00025576 	-0.115378 	0.00190887 	
2.18	2.16157 	-0.0927699 	-1.77011 	0.000239883 	-0.115407 	0.00189987 	
2.185	2.16206 	-0.0930022 	-1.77005 	0.000223668 	-0.115433 	0.00188996 	
2.19	2.16244 	-0.0932059 	-1.76992 	0.00020918 	-0.115454 	0.0018806 	
2.195	2.16281 	-0.0933928 	-1.76978 	0.000195811 	-0.115474 	0.00187192 	
2.2	2.16315 	-0.0935643 	-1.76965 	0.00018348 	-0.115493 	0.00186386 	
2.205	2.16347 	-0.0937214 	-1.76951 	0.000172108 	-0.115511 	0.00185638 	
2.21	2.16377 	-0.0938653 	-1.76937 	0.000161625 	-0.115527 	0.00184943 	
2.215	2.16224 	-0.0932838 	-1.77162 	0.000225857 	-0.115546 	0.00188378 	
2.22	2.16278 	-0.0934978 	-1.77167 	0.000211147 	-0.115573 	0.00187558 	
2.225	2.16324 	-0.0937154 	-1.77163 	0.000195977 	-0.115597 	0.00186636 	
2.23	2.16359 	-0.0939055 	-1.77151 	0.000182464 	-0.115617 	0.00185765 	
2.235	2.16393 	-0.09408 	-1.77138 	0.000169993 	-0.115635 	0.00184957 	
2.24	2.1646 	-0.0947282 	-1.77185 	0.000194259 	-0.115701 	0.00178303 	
2.245	2.1649 	-0.0948751 	-1.77173 	0.000183646 	-0.115717 	0.00177607 	
2.25	2.16517 	-0.0950096 	-1.77161 	0.00017386 	-0.115733 	0.00176961 	
2.255	2.16543 	-0.0951327 	-1.77148 	0.000164841 	-0.115747 	0.00176361 	
2.26	2.1639 	-0.0945499 	-1.77371 	0.000229279 	-0.115764 	0.00179868 	
2.265	2.16439 	-0.0947452 	-1.77377 	0.000215886 	-0.115789 	0.00179129 	
2.27	2.16481 	-0.0949454 	-1.77374 	0.000201943 	-0.11581 	0.00178286 	
2.275	2.16513 	-0.0951199 	-1.77363 	0.000189552 	-0.115828 	0.0017749 	
2.28	2.16543 	-0.0952802 	-1.77353 	0.000178114 	-0.115844 	0.00176751 	
2.285	2.16572 	-0.0954274 	-1.77342 	0.000167558 	-0.11586 	0.00176065 	
2.29	2.16598 	-0.0955625 	-1.77332 	0.000157817 	-0.115875 	0.00175429 	
2.295	2.16623 	-0.0956864 	-1.77321 	0.000148833 	-0.115888 	0.00174838 	
2.3	2.16647 	-0.0958 	-1.7731 	0.000140548 	-0.115901 	0.0017429 	
2.305	2.16669 	-0.095904 	-1.773 	0.000132911 	-0.115914 	0.00173781 	
2.31	2.16689 	-0.0959991 	-1.77289 	0.000125873 	-0.115925 	0.00173309 	
2.315	2.1653 	-0.0953948 	-1.77514 	0.000192418 	-0.115939 	0.00176999 	
2.32	2.16575 	-0.095567 	-1.77522 	0.000180666 	-0.115961 	0.00176367 	
2.325	2.16612 	-0.0957463 	-1.77521 	0.000168224 	-0.11598 	0.00175623 	
2.33	2.1664 	-0.0959018 	-1.77512 	0.000157218 	-0.115996 	0.00174919 	
2.335	2.16666 	-0.0960448 	-1.77504 	0.000147053 	-0.11601 	0.00174266 	
2.34	2.16691 	-0.0961763 	-1.77496 	0.000137667 	-0.116023 	0.00173659 	
2.345	2.16714 	-0.0962971 	-1.77487 	0.000129002 	-0.116036 	0.00173097 	
2.35	2.16735 	-0.0964081 	-1.77479 	0.000121003 	-0.116048 	0.00172576 	
2.355	2.16755 	-0.09651 	-1.7747 	0.000113623 	-0.116059 	0.00172091 	
2.36	2.16774 	-0.0966034 	-1.77462 	0.000106813 	-0.116069 	0.00171642 	
2.365	2.16792 	-0.0966892 	-1.77454 	0.000100532 	-0.116079 	0.00171225 	
2.37	2.16809 	-0.0967677 	-1.77446 	9.474e-05 	-0.116089 	0.00170839 	
2.375	2.16825 	-0.0968397 	-1.77437 	8.93999e-05 	-0.116097 	0.0017048 	
2.38	2.16839 	-0.0969055 	-1.77429 	8.44779e-05 	-0.116106 	0.00170146 	
2.385	2.16853 	-0.0969658 	-1.77421 	7.99424e-05 	-0.116113 	0.00169837 	
2.39	2.16866 	-0.0970208 	-1.77414 	7.57642e-05 	-0.116121 	0.0016955 	
2.395	2.16697 	-0.0963731 	-1.77646 	0.000146386 	-0.11613 	0.00173545 	
2.4	2.16735 	-0.0965137 	-1.77657 	0.000136921 	-0.116149 	0.00173067 	
2.405	2.16766 	-0.0966648 	-1.77659 	0.00012655 	-0.116165 	0.00172462 	
2.41	2.16788 	-0.0967943 	-1.77653 	0.000117463 	-0.116177 	0.00171887 	
2.415	2.16769 	-0.0963772 	-1.77583 	6.98448e-05 	-0.116134 	0.0017785 	
2.42	2.16789 	-0.0964874 	-1.77578 	6.20772e-05 	-0.116145 	0.00177356 	
2.425	2.16807 	-0.0965889 	-1.77573 	5.48962e-05 	-0.116154 	0.00176897 	
2.43	2.16823 	-0.0966825 	-1.77568 	4.82575e-05 	-0.116163 	0.00176472 	
2.435	2.16839 	-0.0967687 	-1.77563 	4.21216e-05 	-0.116172 	0.00176077 	
2.44	2.16854 	-0.0968482 	-1.77558 	3.64497e-05 	-0.11618 	0.00175711 	
2.445	2.16867 	-0.0969214 	-1.77553 	3.1207e-05 	-0.116187 	0.00175372 	
2.45	2.1688 	-0.0969889 	-1.77548 	2.63617e-05 	-0.116194 	0.00175057 	
2.455	2.16892 	-0.097051 	-1.77544 	2.18836e-05 	-0.116201 	0.00174765 	
2.46	2.16903 	-0.0971082 	-1.77539 	1.77447e-05 	-0.116207 	0.00174495 	
2.465	2.16914 	-0.097161 	-1.77535 	1.39194e-05 	-0.116213 	0.00174244 	
2.47	2.16923 	-0.0972095 	-1.77531 	1.03836e-05 	-0.116218 	0.00174011 	
2.475	2.16932 	-0.0972543 	-1.77527 	7.11508e-06 	-0.116223 	0.00173795 	
2.48	2.16941 	-0.0972956 	-1.77523 	4.09335e-06 	-0.116228 	0.00173595 	
2.485	2.16949 	-0.0973336 	-1.77519 	1.29929e-06 	-0.116232 	0.00173409 	
2.49	2.16956 	-0.0973687 	-1.77516 	-1.28477e-06 	-0.116236 	0.00173237 	
2.495	2.16963 	-0.0974011 	-1.77512 	-3.67519e-06 	-0.11624 	0.00173077 	
2.5	2.16969 	-0.097431 	-1.77509 	-5.88719e-06 	-0.116244 	0.00172929 	
2.505	2.16975 	-0.0974587 	-1.77506 	-7.93514e-06 	-0.116247 	0.00172792 	
2.51	2.16981 	-0.0974843 	-1.77503 	-9.83256e-06 	-0.11625 	0.00172665 	
2.515	2.16986 	-0.0975077 	-1.77501 	-1.15697e-05 	-0.116253 	0.00172548 	
2.52	2.16991 	-0.097528 	-1.77498 	-1.31053e-05 	-0.116256 	0.00172442 	
2.525	2.16995 	-0.0975461 	-1.77496 	-1.44856e-05 	-0.116258 	0.00172346 	
2.53	2.17 	-0.0975626 	-1.77494 	-1.57505e-05 	-0.116261 	0.00172258 	
2.535	2.17004 	-0.0975775 	-1.77492 	-1.68964e-05 	-0.116263 	0.00172177 	
2.54	2.17008 	-0.0975907 	-1.7749 	-1.79237e-05 	-0.116265 	0.00172104 	
2.545	2.17011 	-0.0976023 	-1.77488 	-1.88334e-05 	-0.116267 	0.00172038 	
2.55	2.17015 	-0.0976121 	-1.77487 	-1.9626e-05 	-0.116269 	0.0017198 	
2.555	2.17018 	-0.0976203 	-1.77485 	-2.03023e-05 	-0.11627 	0.00171928 	
2.56	2.17022 	-0.0976267 	-1.77484 	-2.0863e-05 	-0.116272 	0.00171883 	
2.565	2.17025 	-0.0976315 	-1.77483 	-2.13087e-05 	-0.116274 	0.00171844 	
2.57	2.17028 	-0.0976345 	-1.77482 	-2.16399e-05 	-0.116275 	0.00171812 	
2.575	2.17031 	-0.0976358 	-1.77481 	-2.18573e-05 	-0.116277 	0.00171787 	
2.58	2.17035 	-0.0976353 	-1.7748 	-2.19612e-05 	-0.116278 	0.00171767 	
2.585	2.17038 	-0.0976332 	-1.7748 	-2.19522e-05 	-0.116279 	0.00171754 	
2.59	2.17041 	-0.0976293 	-1.77479 	-2.18307e-05 	-0.116281 	0.00171747 	
2.595	2.17045 	-0.0976237 	-1.77479 	-2.15972e-05 	-0.116282 	0.00171745 	
2.6	2.17048 	-0.0976163 	-1.77478 	-2.1252e-05 	-0.116283 	0.0017175 	
2.605	2.17052 	-0.0976072 	-1.77478 	-2.07955e-05 	-0.116285 	0.0017176 	
2.61	2.17055 	-0.0975963 	-1.77478 	-2.0228e-05 	-0.116286 	0.00171777 	
2.615	2.17059 	-0.0975837 	-1.77478 	-1.955e-05 	-0.116287 	0.00171798 	
2.62	2.17063 	-0.0975693 	-1.77478 	-1.87616e-05 	-0.116289 	0.00171826 	
2.625	2.17067 	-0.0975531 	-1.77478 	-1.78603e-05 	-0.11629 	0.00171859 	
2.63	2.17082 	-0.0976812 	-1.77496 	-6.15702e-06 	-0.116306 	0.00170127 	
2.635	2.17086 	-0.0976616 	-1.77496 	-5.03942e-06 	-0.116308 	0.00170171 	
2.64	2.1709 	-0.0976406 	-1.77496 	-3.83404e-06 	-0.116309 	0.00170219 	
2.645	2.17095 	-0.0976178 	-1.77497 	-2.52266e-06 	-0.11631 	0.00170273 	
2.65	2.171 	-0.0975933 	-1.77497 	-1.09793e-06 	-0.116312 	0.00170332 	
2.655	2.17105 	-0.0975669 	-1.77498 	4.37354e-07 	-0.116313 	0.00170396 	
2.66	2.1711 	-0.0975387 	-1.77499 	2.08276e-06 	-0.116315 	0.00170466 	
2.665	2.17115 	-0.0975088 	-1.77499 	3.83789e-06 	-0.116317 	0.0017054 	
2.67	2.17121 	-0.097477 	-1.775 	5.70237e-06 	-0.116318 	0.0017062 	
2.675	2.17127 	-0.0974435 	-1.77501 	7.67585e-06 	-0.11632 	0.00170705 	
2.68	2.17133 	-0.0974082 	-1.77502 	9.75796e-06 	-0.116322 	0.00170796 	
2.685	2.17139 	-0.0973711 	-1.77503 	1.19484e-05 	-0.116323 	0.00170891 	
2.69	2.17145 	-0.0973322 	-1.77504 	1.42468e-05 	-0.116325 	0.00170991 	
2.695	2.17152 	-0.0972915 	-1.77505 	1.66528e-05 	-0.116327 	0.00171097 	
2.7	2.17158 	-0.0972491 	-1.77506 	1.91661e-05 	-0.116329 	0.00171207 	
2.705	2.17165 	-0.0972049 	-1.77508 	2.17865e-05 	-0.116331 	0.00171322 	
2.71	2.17173 	-0.0971589 	-1.77509 	2.45136e-05 	-0.116333 	0.00171443 	
2.715	2.1718 	-0.0971112 	-1.7751 	2.73471e-05 	-0.116335 	0.00171568 	
2.72	2.17188 	-0.0970617 	-1.77512 	3.02867e-05 	-0.116337 	0.00171698 	
2.725	2.17196 	-0.0970105 	-1.77513 	3.33322e-05 	-0.116339 	0.00171833 	
2.73	2.17204 	-0.0969575 	-1.77515 	3.64832e-05 	-0.116342 	0.00171973 	
2.735	2.17212 	-0.0969028 	-1.77516 	3.97394e-05 	-0.116344 	0.00172118 	
2.74	2.17221 	-0.0968463 	-1.77518 	4.31006e-05 	-0.116346 	0.00172267 	
2.745	2.1723 	-0.0967881 	-1.7752 	4.65664e-05 	-0.116349 	0.00172421 	
2.75	2.17239 	-0.0967281 	-1.77521 	5.01366e-05 	-0.116351 	0.0017258 	
2.755	2.17248 	-0.0966664 	-1.77523 	5.38109e-05 	-0.116354 	0.00172744 	
2.76	2.17257 	-0.096603 	-1.77525 	5.75891e-05 	-0.116356 	0.00172913 	
2.765	2.17267 	-0.0965379 	-1.77527 	6.14707e-05 	-0.116359 	0.00173086 	
2.77	2.17499 	-0.0960671 	-1.77262 	0.000105692 	-0.116361 	0.0017576 	
2.775	2.17507 	-0.0960613 	-1.77273 	0.000105865 	-0.116362 	0.00175646 	
2.78	2.17504 	-0.096053 	-1.77276 	0.000106035 	-0.116358 	0.00175557 	
2.785	2.17498 	-0.0960274 	-1.77276 	0.000107265 	-0.116354 	0.00175549 	
2.79	2.17494 	-0.0959966 	-1.77276 	0.00010882 	-0.116351 	0.0017556 	
2.795	2.17491 	-0.095961 	-1.77276 	0.000110684 	-0.116348 	0.00175589 	
2.8	2.1749 	-0.0959208 	-1.77276 	0.00011284 	-0.116346 	0.00175636 	
2.805	2.17489 	-0.0958763 	-1.77277 	0.000115275 	-0.116344 	0.00175699 	
2.81	2.1749 	-0.0958276 	-1.77278 	0.000117976 	-0.116342 	0.00175777 	
2.815	2.17492 	-0.0957748 	-1.77279 	0.000120929 	-0.116341 	0.00175869 	
2.82	2.17494 	-0.0957183 	-1.7728 	0.000124124 	-0.11634 	0.00175976 	
2.825	2.17498 	-0.0956581 	-1.77281 	0.00012755 	-0.11634 	0.00176095 	
2.83	2.17503 	-0.0955944 	-1.77283 	0.000131197 	-0.11634 	0.00176227 	
2.835	2.17508 	-0.0955273 	-1.77284 	0.000135055 	-0.11634 	0.00176371 	
2.84	2.17514 	-0.095457 	-1.77286 	0.000139116 	-0.116341 	0.00176526 	
2.845	2.17758 	-0.0953483 	-1.77001 	0.000145005 	-0.116342 	0.00176948 	
2.85	2.17764 	-0.0952947 	-1.77012 	0.000148373 	-0.116341 	0.00177072 	
2.855	2.17758 	-0.0952248 	-1.77015 	0.000152524 	-0.116335 	0.00177218 	
2.86	2.17794 	-0.0957548 	-1.77087 	0.000202394 	-0.11639 	0.0016998 	
2.865	2.17787 	-0.0956695 	-1.77086 	0.000207367 	-0.116385 	0.00170163 	
2.87	2.17782 	-0.0955836 	-1.77086 	0.000212389 	-0.11638 	0.0017035 	
2.875	2.17778 	-0.0954959 	-1.77086 	0.00021753 	-0.116376 	0.00170546 	
2.88	2.17776 	-0.0954054 	-1.77086 	0.000222844 	-0.116373 	0.00170753 	
2.885	2.17776 	-0.0953123 	-1.77086 	0.000228314 	-0.11637 	0.00170969 	
2.89	2.17777 	-0.0952169 	-1.77087 	0.000233934 	-0.116368 	0.00171194 	
2.895	2.17779 	-0.095119 	-1.77088 	0.000239701 	-0.116366 	0.00171427 	
2.9	2.17782 	-0.0950188 	-1.77089 	0.000245609 	-0.116365 	0.00171669 	
2.905	2.18017 	-0.0949178 	-1.76811 	0.000249615 	-0.116364 	0.00171968 	
2.91	2.18021 	-0.0948321 	-1.76821 	0.000254982 	-0.116362 	0.00172198 	
2.915	2.18013 	-0.0947299 	-1.76823 	0.000261138 	-0.116355 	0.00172446 	
2.92	2.18004 	-0.0946156 	-1.76822 	0.000267901 	-0.116348 	0.00172713 	
2.925	2.17996 	-0.0944998 	-1.76821 	0.000274763 	-0.116342 	0.00172986 	
2.93	2.17991 	-0.0943823 	-1.7682 	0.000281724 	-0.116336 	0.00173267 	
2.935	2.17987 	-0.0942632 	-1.7682 	0.000288782 	-0.116332 	0.00173554 	
2.94	2.17985 	-0.0941425 	-1.7682 	0.000295936 	-0.116328 	0.00173848 	
2.945	2.17985 	-0.0940203 	-1.7682 	0.000303186 	-0.116325 	0.00174148 	
2.95	2.17987 	-0.0938964 	-1.76821 	0.000310531 	-0.116322 	0.00174455 	
2.955	2.1799 	-0.093771 	-1.76822 	0.00031797 	-0.11632 	0.00174767 	
2.96	2.18231 	-0.0936498 	-1.76534 	0.000322939 	-0.116319 	0.00175124 	
2.965	2.18236 	-0.0935418 	-1.76545 	0.000329678 	-0.116316 	0.0017542 	
2.97	2.18228 	-0.0934168 	-1.76547 	0.000337222 	-0.116309 	0.00175733 	
2.975	2.18218 	-0.0932794 	-1.76545 	0.00034538 	-0.116301 	0.00176063 	
2.98	2.1821 	-0.093141 	-1.76544 	0.0003536 	-0.116294 	0.00176398 	
2.985	2.18205 	-0.0930015 	-1.76543 	0.000361884 	-0.116288 	0.00176739 	
2.99	2.18201 	-0.0928609 	-1.76543 	0.000370233 	-0.116283 	0.00177085 	
2.995	2.182 	-0.0927193 	-1.76543 	0.000378648 	-0.116279 	0.00177436 	
3	2.182 	-0.0925765 	-1.76543 	0.000387129 	-0.116276 	0.00177792 	
3.005	2.18202 	-0.0924325 	-1.76544 	0.000395678 	-0.116273 	0.00178154 	
3.01	2.18444 	-0.0922937 	-1.76255 	0.000401623 	-0.116271 	0.00178566 	
3.015	2.18449 	-0.0921689 	-1.76266 	0.00040937 	-0.116268 	0.00178908 	
3.02	2.1844 	-0.0920272 	-1.76268 	0.000417916 	-0.11626 	0.00179265 	
3.025	2.1843 	-0.0918729 	-1.76266 	0.000427081 	-0.116251 	0.00179639 	
3.03	2.18422 	-0.0917178 	-1.76265 	0.000436289 	-0.116244 	0.00180018 	
3.035	2.18417 	-0.091562 	-1.76264 	0.000445542 	-0.116238 	0.00180401 	
3.04	2.18413 	-0.0914054 	-1.76264 	0.000454843 	-0.116232 	0.00180789 	
3.045	2.18412 	-0.0912479 	-1.76265 	0.000464192 	-0.116228 	0.00181182 	
3.05	2.18413 	-0.0910896 	-1.76265 	0.000473593 	-0.116224 	0.00181579 	
3.055	2.18647 	-0.0909366 	-1.75983 	0.000480392 	-0.116221 	0.00182035 	
3.06	2.1865 	-0.0907976 	-1.75993 	0.000488956 	-0.116217 	0.00182411 	
3.065	2.18642 	-0.0906425 	-1.75995 	0.000498285 	-0.116209 	0.00182802 	
3.07	2.18631 	-0.0904751 	-1.75994 	0.000508216 	-0.1162 	0.00183209 	
3.075	2.18624 	-0.0903073 	-1.75993 	0.00051818 	-0.116193 	0.0018362 	
3.08	2.18619 	-0.0901388 	-1.75993 	0.000528177 	-0.116186 	0.00184036 	
3.085	2.18616 	-0.0899697 	-1.75993 	0.000538212 	-0.116181 	0.00184456 	
3.09	2.18615 	-0.0897999 	-1.75993 	0.000548286 	-0.116176 	0.0018488 	
3.095	2.18616 	-0.0896294 	-1.75994 	0.000558401 	-0.116172 	0.00185308 	
3.1	2.18844 	-0.0892105 	-1.75666 	0.000546788 	-0.116144 	0.00188873 	
3.105	2.18849 	-0.0890621 	-1.75678 	0.00055594 	-0.11614 	0.00189277 	
3.11	2.18841 	-0.0888955 	-1.7568 	0.000565947 	-0.116132 	0.00189698 	
3.115	2.18831 	-0.0887152 	-1.75679 	0.000576631 	-0.116123 	0.00190136 	
3.12	2.18823 	-0.0885347 	-1.75678 	0.000587329 	-0.116115 	0.00190578 	
3.125	2.18818 	-0.0883537 	-1.75678 	0.000598048 	-0.116108 	0.00191024 	
3.13	2.18815 	-0.0881724 	-1.75678 	0.00060879 	-0.116102 	0.00191474 	
3.135	2.18814 	-0.0879906 	-1.75679 	0.00061956 	-0.116097 	0.00191927 	
3.14	2.19046 	-0.0878148 	-1.75397 	0.00062756 	-0.116093 	0.00192458 	
3.145	2.19049 	-0.0876543 	-1.75407 	0.000637381 	-0.116089 	0.00192887 	
3.15	2.1904 	-0.0874778 	-1.7541 	0.000647949 	-0.11608 	0.0019333 	
3.155	2.1903 	-0.087289 	-1.75408 	0.000659126 	-0.11607 	0.00193789 	
3.16	2.19022 	-0.0870999 	-1.75408 	0.000670318 	-0.116062 	0.00194252 	
3.165	2.19017 	-0.0869106 	-1.75408 	0.000681526 	-0.116055 	0.00194718 	
3.17	2.19015 	-0.0867208 	-1.75408 	0.000692755 	-0.116049 	0.00195189 	
3.175	2.19015 	-0.0865307 	-1.75409 	0.000704006 	-0.116044 	0.00195663 	
3.18	2.19254 	-0.0863472 	-1.75119 	0.00071233 	-0.11604 	0.00196227 	
3.185	2.19258 	-0.0861801 	-1.7513 	0.000722545 	-0.116036 	0.00196674 	
3.19	2.1925 	-0.0859963 	-1.75133 	0.000733539 	-0.116027 	0.00197135 	
3.195	2.19239 	-0.0857995 	-1.75132 	0.000745173 	-0.116017 	0.00197612 	
3.2	2.19232 	-0.0856026 	-1.75132 	0.000756817 	-0.116009 	0.00198093 	
3.205	2.19227 	-0.0854054 	-1.75132 	0.000768474 	-0.116002 	0.00198579 	
3.21	2.19225 	-0.085208 	-1.75133 	0.000780146 	-0.115995 	0.00199068 	
3.215	2.19225 	-0.0850102 	-1.75134 	0.000791835 	-0.11599 	0.00199561 	
3.22	2.19473 	-0.0848196 	-1.74833 	0.000800421 	-0.115986 	0.00200158 	
3.225	2.19478 	-0.0846468 	-1.74846 	0.00081098 	-0.115982 	0.0020062 	
3.23	2.1947 	-0.0844565 	-1.74849 	0.000822351 	-0.115973 	0.00201096 	
3.235	2.19459 	-0.0842525 	-1.74848 	0.000834397 	-0.115963 	0.0020159 	
3.24	2.19451 	-0.0840484 	-1.74848 	0.000846448 	-0.115954 	0.00202088 	
3.245	2.19447 	-0.0838441 	-1.74848 	0.000858507 	-0.115947 	0.00202589 	
3.25	2.19444 	-0.0836396 	-1.74849 	0.000870577 	-0.11594 	0.00203095 	
3.255	2.19668 	-0.0834415 	-1.74574 	0.00087977 	-0.115935 	0.00203708 	
3.26	2.1967 	-0.0832594 	-1.74584 	0.000890811 	-0.115929 	0.00204185 	
3.265	2.19661 	-0.083062 	-1.74587 	0.00090256 	-0.115919 	0.00204675 	
3.27	2.19651 	-0.0828526 	-1.74587 	0.000914914 	-0.115909 	0.00205181 	
3.275	2.19643 	-0.0826431 	-1.74587 	0.00092727 	-0.115901 	0.00205692 	
3.28	2.19639 	-0.0824335 	-1.74587 	0.00093963 	-0.115893 	0.00206206 	
3.285	2.19637 	-0.0822238 	-1.74589 	0.000951996 	-0.115887 	0.00206724 	
3.29	2.19863 	-0.0820207 	-1.7431 	0.000961394 	-0.115881 	0.0020736 	
3.295	2.19866 	-0.0818341 	-1.74321 	0.000972688 	-0.115876 	0.00207848 	
3.3	2.19858 	-0.0816322 	-1.74324 	0.000984694 	-0.115866 	0.00208348 	
3.305	2.19847 	-0.081418 	-1.74324 	0.000997316 	-0.115856 	0.00208866 	
3.31	2.1984 	-0.0812037 	-1.74325 	0.00100994 	-0.115847 	0.00209387 	
3.315	2.19836 	-0.0809895 	-1.74326 	0.00102256 	-0.115839 	0.00209912 	
3.32	2.19835 	-0.0807751 	-1.74327 	0.00103518 	-0.115833 	0.00210441 	
3.325	2.20065 	-0.0805677 	-1.74044 	0.00104472 	-0.115828 	0.002111 	
3.33	2.20069 	-0.0803776 	-1.74055 	0.00105622 	-0.115822 	0.00211596 	
3.335	2.20061 	-0.0801719 	-1.74059 	0.00106844 	-0.115812 	0.00212105 	
3.34	1.92538 	0.00682079 	-1.12935 	-0.0111781 	-0.0908225 	0.00391484 	
3.345	1.12039 	0.260178 	0.658999 	-0.0469881 	-0.0177689 	0.00905045 	
3.35	0.909918 	0.328006 	1.11056 	-0.0563489 	0.000950483 	0.0101482 	
3.355	0.138924 	0.575478 	2.77977 	-0.0907383 	0.06987 	0.0143589 	
3.36	-0.376776 	0.682378 	3.29218 	-0.0953247 	0.0998536 	0.00656791 	
3.365	-2.17787 	1.09062 	5.45265 	-0.122163 	0.214768 	-0.0141256 	
3.37	-2.07736 	1.10846 	5.3831 	-0.120291 	0.209173 	-0.0151 	
3.375	-2.42414 	1.33136 	6.23212 	-0.132883 	0.241157 	-0.0203515 	
3.38	-2.14074 	1.27909 	5.78558 	-0.12424 	0.220068 	-0.0208209 	
3.385	-1.98826 	1.33199 	5.64525 	-0.118589 	0.210563 	-0.0255066 	
3.39	-1.7772 	1.17673 	5.50576 	-0.102097 	0.200371 	-0.0243132 	
3.395	-1.78105 	0.928212 	6.17578 	-0.0713482 	0.218283 	-0.0249844 	
3.4	-1.55192 	0.836465 	5.80549 	-0.0616482 	0.20134 	-0.0238897 	
3.405	-1.49263 	0.700789 	6.04402 	-0.0402006 	0.205811 	-0.0260123 	
3.41	-1.52217 	0.520965 	6.40391 	-0.0214173 	0.216777 	-0.0240866 	
3.415	-1.88487 	0.241781 	7.18965 	-0.00315744 	0.25044 	-0.0131953 	
3.42	-1.53626 	0.242722 	6.74062 	0.0051771 	0.227031 	-0.0198243 	
3.425	-1.26222 	0.220164 	6.12171 	0.00498071 	0.201979 	-0.0182915 	
3.43	-1.00201 	0.196124 	5.59195 	0.00614757 	0.179477 	-0.0178883 	
3.435	-0.697706 	0.158256 	5.2321 	0.0108258 	0.160219 	-0.0202945 	
3.44	-0.36389 	0.118349 	4.91982 	0.0161588 	0.141293 	-0.0239525 	
3.445	-0.0170461 	0.0702222 	4.68353 	0.0224906 	0.123996 	-0.0284444 	
3.45	0.367448 	0.0120655 	4.56386 	0.0312901 	0.108573 	-0.0351448 	
3.455	0.661846 	-0.0290541 	4.35346 	0.0365778 	0.0936368 	-0.0389047 	
3.46	1.00254 	-0.0811099 	4.26711 	0.0446191 	0.0805347 	-0.0450772 	
3.465	1.19077 	-0.102816 	3.99673 	0.0464859 	0.0672286 	-0.045848 	
3.47	1.29661 	-0.106225 	3.62862 	0.0447704 	0.0542094 	-0.0437205 	
3.475	1.45705 	-0.120652 	3.38986 	0.0463243 	0.0428671 	-0.0445395 	
3.48	1.58324 	-0.120097 	3.02838 	0.0441629 	0.0293619 	-0.0430698 	
3.485	1.84268 	-0.125664 	2.71987 	0.0443812 	0.0130123 	-0.0456249 	
3.49	1.86947 	-0.12166 	2.39414 	0.0412538 	0.0036067 	-0.042116 	
3.495	1.89432 	-0.117933 	2.09225 	0.0383562 	-0.00511117 	-0.0388635 	
3.5	1.91489 	-0.114469 	1.81505 	0.0357207 	-0.0131917 	-0.0357995 	
3.505	1.93666 	-0.111263 	1.55564 	0.0332284 	-0.0206802 	-0.0330089 	
3.51	1.9567 	-0.108262 	1.3153 	0.0309201 	-0.0276153 	-0.0304219 	
3.515	2.00865 	-0.109669 	1.09437 	0.0279371 	-0.0350445 	-0.0268242 	
3.52	2.1393 	-0.121326 	0.893998 	0.0230885 	-0.0444065 	-0.0205305 	
3.525	2.19151 	-0.123338 	0.704652 	0.0203425 	-0.0510152 	-0.0171772 	
3.53	2.24171 	-0.125397 	0.529257 	0.0177541 	-0.0571933 	-0.0140048 	
3.535	2.3853 	-0.139338 	0.37524 	0.0129112 	-0.0658452 	-0.00756151 	
3.54	2.3728 	-0.134198 	0.221406 	0.0120948 	-0.0694756 	-0.00683466 	
3.545	2.36108 	-0.129404 	0.0789113 	0.0113397 	-0.0728352 	-0.00616049 	
3.55	2.35019 	-0.124932 	-0.053118 	0.0106415 	-0.0759477 	-0.00553509 	
3.555	2.44397 	-0.112175 	0.0201241 	0.00174529 	-0.0765847 	0.00180699 	
3.56	2.7385 	-0.0829912 	0.479406 	-0.0230107 	-0.0726634 	0.0221542 	
3.565	2.80383 	-0.0735247 	0.513342 	-0.0294373 	-0.0735253 	0.0274816 	
3.57	3.07073 	-0.0480619 	0.93958 	-0.051944 	-0.0697984 	0.0458925 	
3.575	3.036 	-0.047268 	0.796665 	-0.050206 	-0.0725187 	0.0445189 	
3.58	3.10916 	-0.0379523 	0.862237 	-0.056936 	-0.0726925 	0.0501019 	
3.585	3.02688 	0.0281534 	1.36735 	-0.0723099 	-0.0562052 	0.057684 	
3.59	2.39815 	0.210251 	2.55473 	-0.093851 	-0.00485214 	0.058471 	
3.595	2.00947 	0.307952 	3.18174 	-0.105371 	0.0240713 	0.0583815 	
3.6	1.45519 	0.461651 	4.24643 	-0.12548 	0.0699333 	0.0601455 	
3.605	1.2954 	0.489787 	4.33515 	-0.126545 	0.0770104 	0.0579068 	
3.61	1.36297 	0.449127 	3.89184 	-0.117143 	0.062935 	0.0538485 	
3.615	1.42547 	0.411462 	3.48111 	-0.108427 	0.0498941 	0.0500883 	
3.62	1.48336 	0.376582 	3.10048 	-0.100348 	0.0378089 	0.0466038 	
3.625	1.53704 	0.344272 	2.74769 	-0.0928589 	0.0266074 	0.0433749 	
3.63	1.58682 	0.314343 	2.42072 	-0.0859172 	0.0162252 	0.0403827 	
3.635	1.68994 	0.279911 	2.12059 	-0.0808836 	0.00490601 	0.0396138 	
3.64	1.89699 	0.234594 	1.85077 	-0.0790778 	-0.0089783 	0.042802 	
3.645	1.92069 	0.212713 	1.58954 	-0.0731434 	-0.0167567 	0.0398527 	
3.65	1.94252 	0.192462 	1.3475 	-0.067642 	-0.0239607 	0.0371196 	
3.655	2.01682 	0.167842 	1.12592 	-0.0637635 	-0.0322575 	0.0363136 	
3.66	2.19388 	0.133285 	0.925935 	-0.0626114 	-0.0431903 	0.0390199 	
3.665	2.24934 	0.113095 	0.735169 	-0.0590915 	-0.0500654 	0.0380669 	
3.67	2.40797 	0.0827775 	0.563712 	-0.0582562 	-0.0596495 	0.0406194 	
3.675	2.39369 	0.0721196 	0.399949 	-0.0538903 	-0.0637155 	0.03776 	
3.68	2.38118 	0.0622394 	0.245094 	-0.0497933 	-0.0674833 	0.0351825 	
3.685	2.3696 	0.0530951 	0.101654 	-0.0459979 	-0.0709745 	0.0327985 	
3.69	2.40961 	0.0391781 	-0.0287104 	-0.0436337 	-0.0757181 	0.03223 	
3.695	2.54731 	0.0154627 	-0.144505 	-0.0437296 	-0.083105 	0.034954 	
3.7	2.57348 	0.00443932 	-0.256904 	-0.0415124 	-0.0869344 	0.0342064 	
3.705	2.69784 	-0.0165114 	-0.356064 	-0.0417383 	-0.0934558 	0.0367596 	
3.71	2.66363 	-0.0197953 	-0.452011 	-0.0385699 	-0.0950433 	0.0342068 	
3.715	2.63151 	-0.0228412 	-0.544324 	-0.0355883 	-0.0965139 	0.031892 	
3.72	2.60162 	-0.0256373 	-0.629809 	-0.0328235 	-0.097872 	0.0297471 	
3.725	2.62524 	-0.0337256 	-0.706513 	-0.03138 	-0.100641 	0.029349 	
3.73	2.74926 	-0.0514712 	-0.771708 	-0.0323418 	-0.106153 	0.0322517 	
3.735	2.74544 	-0.0559599 	-0.838858 	-0.0305733 	-0.107822 	0.0311651 	
3.74	2.81427 	-0.0682085 	-0.897749 	-0.03051 	-0.111498 	0.032399 	
3.745	2.781 	-0.0684488 	-0.953283 	-0.0283412 	-0.112012 	0.0304511 	
3.75	2.74039 	-0.0677678 	-1.00865 	-0.0261065 	-0.112231 	0.0284208 	
3.755	2.70264 	-0.0671107 	-1.0599 	-0.0240341 	-0.112429 	0.0265394 	
3.76	2.71196 	-0.0705023 	-1.10533 	-0.0228809 	-0.113927 	0.0258446 	
3.765	2.80929 	-0.0816814 	-1.14335 	-0.0233489 	-0.11795 	0.0272974 	
3.77	2.81012 	-0.0838065 	-1.18267 	-0.0222154 	-0.119023 	0.0265044 	
3.775	2.89811 	-0.0934722 	-1.21502 	-0.0226443 	-0.122605 	0.0277793 	
3.78	2.84889 	-0.0908475 	-1.25116 	-0.0208204 	-0.122045 	0.0259472 	
3.785	2.80515 	-0.0884081 	-1.28069 	-0.0191641 	-0.121527 	0.0242218 	
3.79	2.76298 	-0.0861537 	-1.31193 	-0.0175948 	-0.121046 	0.0226503 	
3.795	2.72376 	-0.0840369 	-1.34079 	-0.016139 	-0.120595 	0.0211943 	
3.8	2.68737 	-0.082048 	-1.36751 	-0.0147883 	-0.120176 	0.0198454 	
3.805	2.65367 	-0.0801901 	-1.39228 	-0.0135355 	-0.119787 	0.0185956 	
3.81	2.62246 	-0.0784537 	-1.41524 	-0.0123737 	-0.119428 	0.0174377 	
3.815	2.59355 	-0.0768298 	-1.43652 	-0.011296 	-0.119096 	0.0163649 	
3.82	2.56679 	-0.0753104 	-1.45626 	-0.0102964 	-0.118788 	0.015371 	
3.825	2.54409 	-0.0738956 	-1.47101 	-0.00938973 	-0.118504 	0.0144369 	
3.83	2.52119 	-0.0725906 	-1.48813 	-0.00852959 	-0.11824 	0.0135844 	
3.835	2.49982 	-0.0713548 	-1.5039 	-0.00773105 	-0.11799 	0.0127948 	
3.84	2.47999 	-0.0701835 	-1.51849 	-0.00698957 	-0.117756 	0.0120634 	
3.845	2.46163 	-0.0690839 	-1.53201 	-0.00630154 	-0.117541 	0.011386 	
3.85	2.44463 	-0.0680508 	-1.54455 	-0.00566305 	-0.117342 	0.0107586 	
3.855	2.4289 	-0.0670793 	-1.55618 	-0.0050705 	-0.117158 	0.0101774 	
3.86	2.41435 	-0.066165 	-1.56697 	-0.0045205 	-0.116988 	0.00963916 	
3.865	2.40304 	-0.0653111 	-1.57373 	-0.00402274 	-0.116831 	0.00913503 	
3.87	2.3906 	-0.0645253 	-1.58313 	-0.00354939 	-0.116684 	0.00867335 	
3.875	2.37895 	-0.0637724 	-1.59177 	-0.00310943 	-0.116543 	0.00824587 	
3.88	2.36812 	-0.0630499 	-1.59974 	-0.00270033 	-0.116412 	0.0078502 	
3.885	2.3581 	-0.0623668 	-1.60713 	-0.0023204 	-0.11629 	0.00748386 	
3.89	2.34884 	-0.0617202 	-1.61399 	-0.0019675 	-0.116178 	0.00714468 	
3.895	2.34027 	-0.0611076 	-1.62035 	-0.00163965 	-0.116075 	0.00683069 	
3.9	2.33236 	-0.0605264 	-1.62626 	-0.00133503 	-0.11598 	0.00654004 	
3.905	2.32719 	-0.0599814 	-1.62872 	-0.00106046 	-0.115892 	0.00626946 	
3.91	2.32044 	-0.0594812 	-1.63391 	-0.000798179 	-0.115809 	0.00602015 	
3.915	2.31407 	-0.0589946 	-1.63865 	-0.000553911 	-0.115728 	0.00578947 	
3.92	2.30814 	-0.0585204 	-1.64301 	-0.000326266 	-0.115652 	0.00557618 	
3.925	2.30335 	-0.0589507 	-1.6481 	-4.58856e-05 	-0.115671 	0.00527458 	
3.93	2.29829 	-0.0585193 	-1.65186 	0.000151043 	-0.115606 	0.00509201 	
3.935	2.29362 	-0.0581095 	-1.65535 	0.000334141 	-0.115547 	0.00492307 	
3.94	2.28931 	-0.0577181 	-1.65859 	0.000504508 	-0.115492 	0.00476681 	
3.945	2.28534 	-0.0573426 	-1.6616 	0.000663148 	-0.115442 	0.00462233 	
3.95	2.28401 	-0.0569892 	-1.66127 	0.000804339 	-0.115397 	0.0044897 	
3.955	2.28065 	-0.0566687 	-1.66398 	0.000940924 	-0.115353 	0.00436569 	
3.96	2.27741 	-0.0563487 	-1.66642 	0.00106867 	-0.115308 	0.00425113 	
3.965	2.27437 	-0.0560292 	-1.66864 	0.00118829 	-0.115265 	0.00414546 	
3.97	2.27157 	-0.0557209 	-1.67071 	0.00129985 	-0.115225 	0.00404785 	
3.975	2.269 	-0.055423 	-1.67263 	0.00140395 	-0.115189 	0.0039577 	
3.98	2.26663 	-0.055135 	-1.67441 	0.00150112 	-0.115156 	0.00387447 	
3.985	2.26446 	-0.054856 	-1.67607 	0.00159187 	-0.115125 	0.00379765 	
3.99	2.26247 	-0.0545857 	-1.67762 	0.00167666 	-0.115098 	0.00372677 	
3.995	2.26286 	-0.05433 	-1.6761 	0.00175077 	-0.115073 	0.00366354 	
4	2.01706 	0.0720811 	-1.18272 	-0.0145275 	-0.0929506 	0.00366742 	
4.005	1.30083 	0.441623 	0.264257 	-0.062316 	-0.0282473 	0.00380084 	
4.01	1.10152 	0.572473 	0.715894 	-0.0775421 	-0.00853309 	0.00367883 	
4.015	0.369721 	1.03463 	2.34669 	-0.13231 	0.0627996 	0.00333027 	
4.02	0.277091 	1.09856 	2.58921 	-0.140797 	0.0728385 	0.00429283 	
4.025	-0.208502 	1.40715 	3.7943 	-0.18292 	0.123718 	0.00867591 	
4.03	-0.120312 	1.41899 	3.92145 	-0.19166 	0.12576 	0.0166304 	
4.035	0.10233 	1.47068 	4.30748 	-0.216719 	0.133197 	0.0375987 	
4.04	-0.0938622 	1.5987 	4.68841 	-0.228336 	0.150453 	0.0349031 	
4.045	-0.622911 	1.88101 	5.7107 	-0.26219 	0.19645 	0.0328093 	
4.05	-1.0208 	2.03468 	6.21169 	-0.274592 	0.22252 	0.0247422 	
4.055	-0.71914 	1.94311 	5.99439 	-0.274097 	0.208429 	0.0361754 	
4.06	-0.504001 	1.93327 	5.91382 	-0.275681 	0.2006 	0.0427395 	
4.065	-0.482088 	2.04977 	5.91135 	-0.271258 	0.199343 	0.0334508 	
4.07	-0.333621 	1.9876 	5.53183 	-0.256111 	0.183121 	0.0287436 	
4.075	-0.160915 	1.94628 	5.32965 	-0.250485 	0.172175 	0.0305977 	
4.08	0.154984 	1.94193 	5.60789 	-0.273739 	0.174083 	0.0554176 	
4.085	0.364194 	1.85635 	5.3703 	-0.26894 	0.161378 	0.0611843 	
4.09	0.613803 	1.83002 	5.49424 	-0.282881 	0.159764 	0.0787156 	
4.095	0.797983 	1.75825 	5.33946 	-0.281555 	0.150454 	0.0857771 	
4.1	0.999618 	1.73047 	5.41541 	-0.291963 	0.148157 	0.099323 	
4.105	1.10552 	1.61373 	4.97936 	-0.274883 	0.131393 	0.0952482 	
4.11	1.25595 	1.55574 	4.87369 	-0.274913 	0.124599 	0.101842 	
4.115	1.41814 	1.52971 	4.9038 	-0.281489 	0.121994 	0.111883 	
4.12	1.56503 	1.50203 	4.91221 	-0.286556 	0.119019 	0.120535 	
4.125	1.65141 	1.49083 	4.9848 	-0.293174 	0.119789 	0.128108 	
4.13	1.42588 	1.58311 	5.32839 	-0.303307 	0.137351 	0.125666 	
4.135	0.947573 	1.81516 	5.98309 	-0.318689 	0.170928 	0.113777 	
4.14	0.794253 	1.87122 	6.22435 	-0.326351 	0.183304 	0.113082 	
4.145	0.343518 	2.07884 	6.8537 	-0.341844 	0.215434 	0.103248 	
4.15	0.436299 	1.93777 	6.75158 	-0.344194 	0.211154 	0.11501 	
4.155	0.345306 	1.96274 	6.80843 	-0.344255 	0.215547 	0.111656 	
4.16	-0.12211 	2.2129 	7.47569 	-0.3602 	0.248767 	0.0990484 	
4.165	-0.22233 	2.22135 	7.33587 	-0.349447 	0.246439 	0.0882232 	
4.17	-0.744277 	2.49806 	8.05509 	-0.365387 	0.282962 	0.0732791 	
4.175	-0.792011 	2.49395 	7.99032 	-0.360782 	0.282161 	0.0689923 	
4.18	-1.10424 	2.69611 	8.63224 	-0.380855 	0.311483 	0.0660211 	
4.185	-1.11972 	2.67496 	8.51451 	-0.374765 	0.308089 	0.06227 	
4.19	-1.41076 	2.86855 	9.12653 	-0.39402 	0.335852 	0.059619 	
4.195	-1.39764 	2.83209 	8.96144 	-0.386599 	0.330147 	0.0563433 	
4.2	-1.67122 	3.0189 	9.54933 	-0.405197 	0.35664 	0.0539525 	
