0	0.310413 	-0.173767 	0.537004 	0.180162 	-1.45442 	-0.248206 	
0.005	0.310413 	-0.173767 	0.537004 	0.180162 	-1.45442 	-0.248206 	
0.01	0.310413 	-0.173767 	0.537004 	0.180162 	-1.45442 	-0.248206 	
0.015	0.310414 	-0.173767 	0.537004 	0.180162 	-1.45442 	-0.248206 	
0.02	0.310415 	-0.173767 	0.537004 	0.180162 	-1.45442 	-0.248206 	
0.025	0.310417 	-0.173767 	0.537005 	0.180162 	-1.45442 	-0.248206 	
0.03	0.31042 	-0.173767 	0.537005 	0.180162 	-1.45442 	-0.248206 	
0.035	0.310423 	-0.173767 	0.537006 	0.180162 	-1.45442 	-0.248206 	
0.04	0.310426 	-0.173767 	0.537006 	0.180162 	-1.45442 	-0.248206 	
0.045	0.31043 	-0.173767 	0.537007 	0.180162 	-1.45442 	-0.248206 	
0.05	0.310435 	-0.173767 	0.537008 	0.180162 	-1.45442 	-0.248206 	
0.055	0.31044 	-0.173767 	0.537009 	0.180162 	-1.45442 	-0.248206 	
0.06	0.310445 	-0.173767 	0.53701 	0.180162 	-1.45442 	-0.248206 	
0.065	0.310451 	-0.173768 	0.537011 	0.180162 	-1.45442 	-0.248206 	
0.07	0.310458 	-0.173768 	0.537012 	0.180162 	-1.45442 	-0.248206 	
0.075	0.310465 	-0.173768 	0.537013 	0.180162 	-1.45442 	-0.248206 	
0.08	0.310473 	-0.173768 	0.537015 	0.180162 	-1.45442 	-0.248206 	
0.085	0.310481 	-0.173768 	0.537016 	0.180162 	-1.45442 	-0.248206 	
0.09	0.310491 	-0.173768 	0.537018 	0.180162 	-1.45442 	-0.248206 	
0.095	0.3105 	-0.173769 	0.53702 	0.180162 	-1.45442 	-0.248206 	
0.1	0.310511 	-0.173769 	0.537022 	0.180162 	-1.45442 	-0.248206 	
0.105	0.310521 	-0.173769 	0.537024 	0.180162 	-1.45442 	-0.248206 	
0.11	0.310532 	-0.173769 	0.537026 	0.180162 	-1.45442 	-0.248206 	
0.115	0.310544 	-0.173769 	0.537028 	0.180162 	-1.45442 	-0.248206 	
0.12	0.310556 	-0.17377 	0.53703 	0.180162 	-1.45442 	-0.248206 	
0.125	0.310569 	-0.17377 	0.537033 	0.180162 	-1.45442 	-0.248206 	
0.13	0.310582 	-0.17377 	0.537035 	0.180162 	-1.45442 	-0.248206 	
0.135	0.310595 	-0.17377 	0.537038 	0.180162 	-1.45442 	-0.248206 	
0.14	0.31061 	-0.173771 	0.53704 	0.180162 	-1.45442 	-0.248206 	
0.145	0.310625 	-0.173771 	0.537043 	0.180162 	-1.45442 	-0.248206 	
0.15	0.31064 	-0.173771 	0.537046 	0.180162 	-1.45442 	-0.248206 	
0.155	0.310656 	-0.173772 	0.537049 	0.180162 	-1.45442 	-0.248206 	
0.16	0.310672 	-0.173772 	0.537052 	0.180162 	-1.45442 	-0.248206 	
0.165	0.310626 	-0.173757 	0.537036 	0.178537 	-1.45328 	-0.245967 	
0.17	0.310644 	-0.173757 	0.537039 	0.178537 	-1.45328 	-0.245967 	
0.175	0.310662 	-0.173757 	0.537043 	0.178537 	-1.45328 	-0.245967 	
0.18	0.31068 	-0.173758 	0.537046 	0.178537 	-1.45328 	-0.245967 	
0.185	0.310699 	-0.173758 	0.537049 	0.178537 	-1.45328 	-0.245967 	
0.19	0.310719 	-0.173759 	0.537053 	0.178537 	-1.45328 	-0.245967 	
0.195	0.310739 	-0.173759 	0.537057 	0.178537 	-1.45328 	-0.245967 	
0.2	0.31076 	-0.173759 	0.537061 	0.178537 	-1.45328 	-0.245967 	
0.205	0.310781 	-0.17376 	0.537065 	0.178537 	-1.45328 	-0.245967 	
0.21	0.310803 	-0.17376 	0.537069 	0.178537 	-1.45328 	-0.245967 	
0.215	0.310825 	-0.173761 	0.537073 	0.178537 	-1.45328 	-0.245967 	
0.22	0.310848 	-0.173761 	0.537077 	0.178537 	-1.45328 	-0.245967 	
0.225	0.310809 	-0.173746 	0.537062 	0.176935 	-1.45215 	-0.243759 	
0.23	0.310833 	-0.173747 	0.537067 	0.176935 	-1.45215 	-0.243759 	
0.235	0.310857 	-0.173747 	0.537071 	0.176935 	-1.45215 	-0.243759 	
0.24	0.310882 	-0.173748 	0.537076 	0.176935 	-1.45215 	-0.243759 	
0.245	0.310907 	-0.173748 	0.537081 	0.176935 	-1.45215 	-0.243759 	
0.25	0.310933 	-0.173749 	0.537085 	0.176935 	-1.45215 	-0.243759 	
0.255	0.310959 	-0.173749 	0.53709 	0.176935 	-1.45215 	-0.243759 	
0.26	0.310986 	-0.17375 	0.537095 	0.176935 	-1.45215 	-0.243759 	
0.265	0.311014 	-0.17375 	0.5371 	0.176935 	-1.45215 	-0.243759 	
0.27	0.311042 	-0.17375 	0.537105 	0.176935 	-1.45215 	-0.243759 	
0.275	0.311005 	-0.173735 	0.537091 	0.175237 	-1.45096 	-0.241421 	
0.28	0.311034 	-0.173736 	0.537096 	0.175237 	-1.45096 	-0.241421 	
0.285	0.311063 	-0.173736 	0.537102 	0.175237 	-1.45096 	-0.241421 	
0.29	0.311093 	-0.173737 	0.537107 	0.175237 	-1.45096 	-0.241421 	
0.295	0.311123 	-0.173737 	0.537113 	0.175237 	-1.45096 	-0.241421 	
0.3	0.311154 	-0.173738 	0.537119 	0.175237 	-1.45096 	-0.241421 	
0.305	0.311186 	-0.173738 	0.537124 	0.175237 	-1.45096 	-0.241421 	
0.31	0.311218 	-0.173739 	0.53713 	0.175237 	-1.45096 	-0.241421 	
0.315	0.311188 	-0.173725 	0.537118 	0.173621 	-1.44983 	-0.239194 	
0.32	0.311221 	-0.173725 	0.537124 	0.173621 	-1.44983 	-0.239194 	
0.325	0.311254 	-0.173726 	0.53713 	0.173621 	-1.44983 	-0.239194 	
0.33	0.311288 	-0.173726 	0.537136 	0.173621 	-1.44983 	-0.239194 	
0.335	0.311323 	-0.173727 	0.537143 	0.173621 	-1.44983 	-0.239194 	
0.34	0.311358 	-0.173728 	0.537149 	0.173621 	-1.44983 	-0.239194 	
0.345	0.311393 	-0.173728 	0.537155 	0.173621 	-1.44983 	-0.239194 	
0.35	0.311368 	-0.173715 	0.537144 	0.172038 	-1.44872 	-0.237014 	
0.355	0.311405 	-0.173715 	0.537151 	0.172038 	-1.44872 	-0.237014 	
0.36	0.311442 	-0.173716 	0.537157 	0.172038 	-1.44872 	-0.237014 	
0.365	0.311479 	-0.173716 	0.537164 	0.172038 	-1.44872 	-0.237014 	
0.37	0.311517 	-0.173717 	0.537171 	0.172038 	-1.44872 	-0.237014 	
0.375	0.311555 	-0.173717 	0.537178 	0.172038 	-1.44872 	-0.237014 	
0.38	0.311594 	-0.173718 	0.537185 	0.172038 	-1.44872 	-0.237014 	
0.385	0.311567 	-0.173703 	0.537173 	0.170318 	-1.44751 	-0.234644 	
0.39	0.311607 	-0.173704 	0.53718 	0.170318 	-1.44751 	-0.234644 	
0.395	0.311647 	-0.173705 	0.537188 	0.170318 	-1.44751 	-0.234644 	
0.4	0.311688 	-0.173705 	0.537195 	0.170318 	-1.44751 	-0.234644 	
0.405	0.311729 	-0.173706 	0.537203 	0.170318 	-1.44751 	-0.234644 	
0.41	0.311771 	-0.173706 	0.53721 	0.170318 	-1.44751 	-0.234644 	
0.415	0.311751 	-0.173693 	0.5372 	0.168696 	-1.44638 	-0.232409 	
0.42	0.311793 	-0.173693 	0.537207 	0.168696 	-1.44638 	-0.232409 	
0.425	0.311837 	-0.173694 	0.537215 	0.168696 	-1.44638 	-0.232409 	
0.43	0.31188 	-0.173694 	0.537223 	0.168696 	-1.44638 	-0.232409 	
0.435	0.311925 	-0.173695 	0.537231 	0.168696 	-1.44638 	-0.232409 	
0.44	0.311969 	-0.173696 	0.53724 	0.168696 	-1.44638 	-0.232409 	
0.445	0.311948 	-0.173682 	0.537228 	0.166984 	-1.44518 	-0.23005 	
0.45	0.311993 	-0.173682 	0.537237 	0.166984 	-1.44518 	-0.23005 	
0.455	0.312039 	-0.173683 	0.537245 	0.166984 	-1.44518 	-0.23005 	
0.46	0.312086 	-0.173683 	0.537254 	0.166984 	-1.44518 	-0.23005 	
0.465	0.312133 	-0.173684 	0.537262 	0.166984 	-1.44518 	-0.23005 	
0.47	0.31218 	-0.173684 	0.537271 	0.166984 	-1.44518 	-0.23005 	
0.475	0.312158 	-0.17367 	0.537259 	0.165165 	-1.4439 	-0.227545 	
0.48	0.312206 	-0.17367 	0.537268 	0.165165 	-1.4439 	-0.227545 	
0.485	0.312255 	-0.173671 	0.537277 	0.165165 	-1.4439 	-0.227545 	
0.49	0.312304 	-0.173671 	0.537286 	0.165165 	-1.4439 	-0.227545 	
0.495	0.312353 	-0.173672 	0.537295 	0.165165 	-1.4439 	-0.227545 	
0.5	0.31234 	-0.173659 	0.537285 	0.163537 	-1.44276 	-0.225302 	
0.505	0.312391 	-0.17366 	0.537295 	0.163537 	-1.44276 	-0.225302 	
0.51	0.312442 	-0.17366 	0.537304 	0.163537 	-1.44276 	-0.225302 	
0.515	0.312493 	-0.173661 	0.537313 	0.163537 	-1.44276 	-0.225302 	
0.52	0.312545 	-0.173661 	0.537323 	0.163537 	-1.44276 	-0.225302 	
0.525	0.312532 	-0.173649 	0.537313 	0.161864 	-1.44159 	-0.222996 	
0.53	0.312585 	-0.173649 	0.537323 	0.161864 	-1.44159 	-0.222996 	
0.535	0.312638 	-0.173649 	0.537333 	0.161864 	-1.44159 	-0.222997 	
0.54	0.312692 	-0.17365 	0.537342 	0.161864 	-1.44159 	-0.222997 	
0.545	0.312746 	-0.17365 	0.537352 	0.161864 	-1.44159 	-0.222997 	
0.55	0.312732 	-0.173637 	0.537342 	0.160123 	-1.44037 	-0.220598 	
0.555	0.312787 	-0.173638 	0.537352 	0.160123 	-1.44037 	-0.220598 	
0.56	0.312842 	-0.173638 	0.537362 	0.160123 	-1.44037 	-0.220598 	
0.565	0.312898 	-0.173638 	0.537373 	0.160123 	-1.44037 	-0.220598 	
0.57	0.312954 	-0.173639 	0.537383 	0.160123 	-1.44037 	-0.220598 	
0.575	0.31294 	-0.173625 	0.537373 	0.158313 	-1.4391 	-0.218104 	
0.58	0.312997 	-0.173626 	0.537383 	0.158313 	-1.4391 	-0.218104 	
0.585	0.313055 	-0.173626 	0.537393 	0.158313 	-1.4391 	-0.218104 	
0.59	0.313112 	-0.173626 	0.537404 	0.158313 	-1.4391 	-0.218104 	
0.595	0.313171 	-0.173627 	0.537415 	0.158313 	-1.4391 	-0.218104 	
0.6	0.313156 	-0.173613 	0.537404 	0.156436 	-1.43778 	-0.215518 	
0.605	0.313215 	-0.173614 	0.537415 	0.156436 	-1.43778 	-0.215518 	
0.61	0.313274 	-0.173614 	0.537426 	0.156436 	-1.43778 	-0.215518 	
0.615	0.313334 	-0.173614 	0.537436 	0.156436 	-1.43778 	-0.215518 	
0.62	0.313332 	-0.173603 	0.53743 	0.154848 	-1.43667 	-0.213332 	
0.625	0.313393 	-0.173603 	0.537441 	0.154848 	-1.43667 	-0.213332 	
0.63	0.313454 	-0.173603 	0.537452 	0.154849 	-1.43667 	-0.213332 	
0.635	0.313515 	-0.173603 	0.537463 	0.154849 	-1.43667 	-0.213332 	
0.64	0.313515 	-0.173593 	0.537456 	0.153254 	-1.43555 	-0.211135 	
0.645	0.313577 	-0.173593 	0.537467 	0.153254 	-1.43555 	-0.211135 	
0.65	0.313639 	-0.173593 	0.537479 	0.153254 	-1.43555 	-0.211135 	
0.655	0.313702 	-0.173593 	0.53749 	0.153254 	-1.43555 	-0.211135 	
0.66	0.313702 	-0.173582 	0.537483 	0.151624 	-1.43441 	-0.208889 	
0.665	0.313765 	-0.173582 	0.537495 	0.151624 	-1.43441 	-0.208889 	
0.67	0.313829 	-0.173582 	0.537506 	0.151624 	-1.43441 	-0.208889 	
0.675	0.313893 	-0.173582 	0.537518 	0.151624 	-1.43441 	-0.208889 	
0.68	0.313893 	-0.173571 	0.537511 	0.149955 	-1.43324 	-0.206589 	
0.685	0.313958 	-0.173571 	0.537523 	0.149955 	-1.43324 	-0.206589 	
0.69	0.314023 	-0.173571 	0.537535 	0.149955 	-1.43324 	-0.206589 	
0.695	0.314089 	-0.173571 	0.537547 	0.149955 	-1.43324 	-0.206589 	
0.7	0.314089 	-0.17356 	0.53754 	0.148248 	-1.43204 	-0.204238 	
0.705	0.314155 	-0.17356 	0.537552 	0.148248 	-1.43204 	-0.204238 	
0.71	0.314222 	-0.17356 	0.537564 	0.148248 	-1.43204 	-0.204238 	
0.715	0.314289 	-0.17356 	0.537576 	0.148248 	-1.43204 	-0.204238 	
0.72	0.314288 	-0.173549 	0.537569 	0.146505 	-1.43082 	-0.201836 	
0.725	0.314356 	-0.173549 	0.537581 	0.146505 	-1.43082 	-0.201836 	
0.73	0.314425 	-0.173548 	0.537593 	0.146505 	-1.43082 	-0.201836 	
0.735	0.314493 	-0.173548 	0.537606 	0.146505 	-1.43082 	-0.201836 	
0.74	0.314492 	-0.173537 	0.537598 	0.144726 	-1.42957 	-0.199386 	
0.745	0.314562 	-0.173537 	0.537611 	0.144726 	-1.42957 	-0.199386 	
0.75	0.314631 	-0.173537 	0.537623 	0.144726 	-1.42957 	-0.199386 	
0.755	0.314701 	-0.173536 	0.537636 	0.144726 	-1.42957 	-0.199386 	
0.76	0.3147 	-0.173525 	0.537629 	0.142913 	-1.4283 	-0.196888 	
0.765	0.314771 	-0.173525 	0.537641 	0.142913 	-1.4283 	-0.196888 	
0.77	0.314841 	-0.173525 	0.537654 	0.142913 	-1.4283 	-0.196888 	
0.775	0.314913 	-0.173524 	0.537667 	0.142913 	-1.4283 	-0.196888 	
0.78	0.314912 	-0.173513 	0.53766 	0.141067 	-1.42701 	-0.194344 	
0.785	0.314983 	-0.173513 	0.537672 	0.141067 	-1.42701 	-0.194344 	
0.79	0.315055 	-0.173513 	0.537685 	0.141067 	-1.42701 	-0.194344 	
0.795	0.315128 	-0.173512 	0.537698 	0.141067 	-1.42701 	-0.194344 	
0.8	0.315127 	-0.173501 	0.537691 	0.139188 	-1.42569 	-0.191757 	
0.805	0.3152 	-0.173501 	0.537704 	0.139188 	-1.42569 	-0.191757 	
0.81	0.315273 	-0.1735 	0.537717 	0.139188 	-1.42569 	-0.191757 	
0.815	0.315347 	-0.1735 	0.53773 	0.139188 	-1.42569 	-0.191757 	
0.82	0.315346 	-0.173489 	0.537723 	0.137279 	-1.42435 	-0.189126 	
0.825	0.31542 	-0.173488 	0.537736 	0.137279 	-1.42435 	-0.189126 	
0.83	0.315494 	-0.173487 	0.537749 	0.137279 	-1.42435 	-0.189126 	
0.835	0.315569 	-0.173487 	0.537763 	0.137279 	-1.42435 	-0.189126 	
0.84	0.315568 	-0.173476 	0.537755 	0.13534 	-1.42299 	-0.186455 	
0.845	0.315643 	-0.173475 	0.537768 	0.13534 	-1.42299 	-0.186455 	
0.85	0.315718 	-0.173475 	0.537782 	0.13534 	-1.42299 	-0.186455 	
0.855	0.315794 	-0.173474 	0.537795 	0.13534 	-1.42299 	-0.186455 	
0.86	0.315793 	-0.173463 	0.537788 	0.133372 	-1.42161 	-0.183744 	
0.865	0.315869 	-0.173463 	0.537801 	0.133372 	-1.42161 	-0.183744 	
0.87	0.315946 	-0.173462 	0.537815 	0.133372 	-1.42161 	-0.183744 	
0.875	0.316023 	-0.173461 	0.537829 	0.133372 	-1.42161 	-0.183744 	
0.88	0.316021 	-0.17345 	0.537821 	0.131378 	-1.42021 	-0.180996 	
0.885	0.316099 	-0.173449 	0.537835 	0.131378 	-1.42021 	-0.180996 	
0.89	0.316176 	-0.173448 	0.537849 	0.131378 	-1.42021 	-0.180996 	
0.895	0.316193 	-0.17344 	0.537846 	0.129813 	-1.41912 	-0.178841 	
0.9	0.316271 	-0.173439 	0.53786 	0.129813 	-1.41912 	-0.178841 	
0.905	0.316349 	-0.173438 	0.537873 	0.129813 	-1.41912 	-0.178841 	
0.91	0.316428 	-0.173437 	0.537887 	0.129813 	-1.41912 	-0.178841 	
0.915	0.316428 	-0.173427 	0.53788 	0.12782 	-1.41772 	-0.176095 	
0.92	0.316507 	-0.173426 	0.537894 	0.12782 	-1.41772 	-0.176095 	
0.925	0.316586 	-0.173425 	0.537908 	0.12782 	-1.41772 	-0.176095 	
0.93	0.316603 	-0.173417 	0.537905 	0.126227 	-1.4166 	-0.173901 	
0.935	0.316683 	-0.173416 	0.53792 	0.126227 	-1.4166 	-0.173901 	
0.94	0.316763 	-0.173414 	0.537934 	0.126227 	-1.4166 	-0.173901 	
0.945	0.316781 	-0.173407 	0.537931 	0.124664 	-1.41551 	-0.171747 	
0.95	0.316861 	-0.173406 	0.537946 	0.124664 	-1.41551 	-0.171747 	
0.955	0.316942 	-0.173404 	0.53796 	0.124664 	-1.41551 	-0.171747 	
0.96	0.316961 	-0.173397 	0.537958 	0.123093 	-1.4144 	-0.169582 	
0.965	0.317042 	-0.173395 	0.537972 	0.123093 	-1.4144 	-0.169582 	
0.97	0.317123 	-0.173394 	0.537986 	0.123093 	-1.4144 	-0.169582 	
0.975	0.317142 	-0.173386 	0.537984 	0.12151 	-1.41329 	-0.167402 	
0.98	0.317223 	-0.173385 	0.537998 	0.12151 	-1.41329 	-0.167402 	
0.985	0.317305 	-0.173383 	0.538013 	0.12151 	-1.41329 	-0.167402 	
0.99	0.317324 	-0.173376 	0.53801 	0.119917 	-1.41218 	-0.165207 	
0.995	0.317406 	-0.173374 	0.538025 	0.119917 	-1.41218 	-0.165207 	
1	0.317488 	-0.173373 	0.538039 	0.119917 	-1.41218 	-0.165207 	
1.005	0.317507 	-0.173366 	0.538037 	0.118313 	-1.41105 	-0.162997 	
1.01	0.31759 	-0.173364 	0.538052 	0.118313 	-1.41105 	-0.162997 	
1.015	0.317673 	-0.173362 	0.538066 	0.118313 	-1.41105 	-0.162997 	
1.02	0.317692 	-0.173355 	0.538064 	0.116699 	-1.40992 	-0.160773 	
1.025	0.317775 	-0.173353 	0.538079 	0.116699 	-1.40992 	-0.160773 	
1.03	0.317859 	-0.173351 	0.538093 	0.116699 	-1.40992 	-0.160773 	
1.035	0.317878 	-0.173345 	0.538091 	0.115075 	-1.40878 	-0.158537 	
1.04	0.317961 	-0.173343 	0.538106 	0.115075 	-1.40878 	-0.158537 	
1.045	0.318045 	-0.173341 	0.53812 	0.115075 	-1.40878 	-0.158537 	
1.05	0.318064 	-0.173334 	0.538118 	0.113443 	-1.40764 	-0.156288 	
1.055	0.318148 	-0.173332 	0.538133 	0.113443 	-1.40764 	-0.156288 	
1.06	0.318233 	-0.17333 	0.538148 	0.113443 	-1.40764 	-0.156288 	
1.065	0.318252 	-0.173323 	0.538145 	0.111802 	-1.40649 	-0.154028 	
1.07	0.318336 	-0.173321 	0.53816 	0.111802 	-1.40649 	-0.154028 	
1.075	0.318421 	-0.173319 	0.538175 	0.111802 	-1.40649 	-0.154028 	
1.08	0.31844 	-0.173313 	0.538173 	0.110154 	-1.40533 	-0.151757 	
1.085	0.318525 	-0.17331 	0.538188 	0.110154 	-1.40533 	-0.151757 	
1.09	0.31861 	-0.173308 	0.538202 	0.110154 	-1.40533 	-0.151757 	
1.095	0.31863 	-0.173302 	0.5382 	0.108499 	-1.40417 	-0.149476 	
1.1	0.318715 	-0.1733 	0.538215 	0.108499 	-1.40417 	-0.149476 	
1.105	0.3188 	-0.173297 	0.53823 	0.108499 	-1.40417 	-0.149476 	
1.11	0.31882 	-0.173291 	0.538228 	0.106837 	-1.40301 	-0.147187 	
1.115	0.318905 	-0.173289 	0.538243 	0.106837 	-1.40301 	-0.147187 	
1.12	0.318991 	-0.173286 	0.538258 	0.106837 	-1.40301 	-0.147187 	
1.125	0.31901 	-0.17328 	0.538256 	0.105169 	-1.40184 	-0.144889 	
1.13	0.319096 	-0.173278 	0.538271 	0.105169 	-1.40184 	-0.144889 	
1.135	0.319182 	-0.173275 	0.538286 	0.105169 	-1.40184 	-0.144889 	
1.14	0.319202 	-0.173269 	0.538284 	0.103496 	-1.40066 	-0.142584 	
1.145	0.319288 	-0.173267 	0.538299 	0.103496 	-1.40066 	-0.142584 	
1.15	0.319374 	-0.173264 	0.538313 	0.103496 	-1.40066 	-0.142584 	
1.155	0.319394 	-0.173258 	0.538312 	0.101818 	-1.39949 	-0.140272 	
1.16	0.31948 	-0.173256 	0.538326 	0.101818 	-1.39949 	-0.140272 	
1.165	0.319566 	-0.173253 	0.538341 	0.101818 	-1.39949 	-0.140272 	
1.17	0.319586 	-0.173248 	0.53834 	0.100136 	-1.39831 	-0.137955 	
1.175	0.319672 	-0.173245 	0.538354 	0.100136 	-1.39831 	-0.137955 	
1.18	0.319759 	-0.173242 	0.538369 	0.100136 	-1.39831 	-0.137955 	
1.185	0.319779 	-0.173237 	0.538368 	0.09845 	-1.39713 	-0.135632 	
1.19	0.319865 	-0.173234 	0.538382 	0.09845 	-1.39713 	-0.135632 	
1.195	0.319952 	-0.173231 	0.538397 	0.09845 	-1.39713 	-0.135632 	
1.2	0.319972 	-0.173226 	0.538396 	0.0967614 	-1.39594 	-0.133306 	
1.205	0.320058 	-0.173223 	0.538411 	0.0967614 	-1.39594 	-0.133306 	
1.21	0.320145 	-0.173219 	0.538425 	0.0967614 	-1.39594 	-0.133306 	
1.215	0.320165 	-0.173215 	0.538424 	0.0950704 	-1.39476 	-0.130976 	
1.22	0.320252 	-0.173211 	0.538439 	0.0950704 	-1.39476 	-0.130976 	
1.225	0.320339 	-0.173208 	0.538454 	0.0950704 	-1.39476 	-0.130976 	
1.23	0.320358 	-0.173204 	0.538452 	0.0933777 	-1.39357 	-0.128644 	
1.235	0.320445 	-0.1732 	0.538467 	0.0933777 	-1.39357 	-0.128644 	
1.24	0.320532 	-0.173197 	0.538482 	0.0933777 	-1.39357 	-0.128644 	
1.245	0.320552 	-0.173193 	0.53848 	0.0916838 	-1.39238 	-0.126311 	
1.25	0.320639 	-0.173189 	0.538495 	0.0916838 	-1.39238 	-0.126311 	
1.255	0.320726 	-0.173186 	0.53851 	0.0916838 	-1.39238 	-0.126311 	
1.26	0.320745 	-0.173182 	0.538508 	0.0899893 	-1.39119 	-0.123976 	
1.265	0.320833 	-0.173178 	0.538523 	0.0899893 	-1.39119 	-0.123976 	
1.27	0.32092 	-0.173175 	0.538538 	0.0899893 	-1.39119 	-0.123976 	
1.275	0.320939 	-0.173171 	0.538536 	0.0882949 	-1.39001 	-0.121642 	
1.28	0.321026 	-0.173167 	0.538551 	0.0882949 	-1.39001 	-0.121642 	
1.285	0.321113 	-0.173163 	0.538566 	0.0882949 	-1.39001 	-0.121642 	
1.29	0.321133 	-0.17316 	0.538565 	0.0866011 	-1.38882 	-0.119308 	
1.295	0.32122 	-0.173156 	0.538579 	0.0866011 	-1.38882 	-0.119308 	
1.3	0.321307 	-0.173152 	0.538594 	0.0866011 	-1.38882 	-0.119308 	
1.305	0.321326 	-0.173149 	0.538593 	0.0849085 	-1.38763 	-0.116977 	
1.31	0.321413 	-0.173145 	0.538607 	0.0849085 	-1.38763 	-0.116977 	
1.315	0.3215 	-0.173141 	0.538622 	0.0849085 	-1.38763 	-0.116977 	
1.32	0.321519 	-0.173138 	0.538621 	0.0832177 	-1.38645 	-0.114647 	
1.325	0.321606 	-0.173134 	0.538636 	0.0832177 	-1.38645 	-0.114647 	
1.33	0.321693 	-0.17313 	0.53865 	0.0832177 	-1.38645 	-0.114647 	
1.335	0.321712 	-0.173127 	0.538649 	0.0815294 	-1.38526 	-0.112321 	
1.34	0.321799 	-0.173123 	0.538664 	0.0815294 	-1.38526 	-0.112321 	
1.345	0.321885 	-0.173119 	0.538678 	0.0815294 	-1.38526 	-0.112321 	
1.35	0.321905 	-0.173116 	0.538677 	0.0798441 	-1.38408 	-0.11 	
1.355	0.321991 	-0.173112 	0.538692 	0.0798441 	-1.38408 	-0.11 	
1.36	0.322077 	-0.173108 	0.538706 	0.0798441 	-1.38408 	-0.11 	
1.365	0.322097 	-0.173105 	0.538705 	0.0781625 	-1.3829 	-0.107683 	
1.37	0.322183 	-0.173101 	0.538719 	0.0781625 	-1.3829 	-0.107683 	
1.375	0.322269 	-0.173096 	0.538734 	0.0781625 	-1.3829 	-0.107683 	
1.38	0.322288 	-0.173094 	0.538733 	0.076485 	-1.38172 	-0.105372 	
1.385	0.322374 	-0.17309 	0.538747 	0.076485 	-1.38172 	-0.105372 	
1.39	0.32246 	-0.173085 	0.538762 	0.076485 	-1.38172 	-0.105372 	
1.395	0.322479 	-0.173083 	0.538761 	0.0748124 	-1.38055 	-0.103067 	
1.4	0.322565 	-0.173079 	0.538775 	0.0748124 	-1.38055 	-0.103067 	
1.405	0.322651 	-0.173074 	0.538789 	0.0748124 	-1.38055 	-0.103067 	
1.41	0.32267 	-0.173072 	0.538788 	0.0731451 	-1.37938 	-0.10077 	
1.415	0.322755 	-0.173068 	0.538803 	0.0731451 	-1.37938 	-0.10077 	
1.42	0.322841 	-0.173063 	0.538817 	0.0731451 	-1.37938 	-0.10077 	
1.425	0.32286 	-0.173061 	0.538816 	0.0714839 	-1.37822 	-0.0984818 	
1.43	0.322945 	-0.173057 	0.53883 	0.0714839 	-1.37822 	-0.0984818 	
1.435	0.32303 	-0.173052 	0.538844 	0.0714839 	-1.37822 	-0.0984818 	
1.44	0.323048 	-0.173051 	0.538843 	0.0698292 	-1.37706 	-0.0962022 	
1.445	0.323133 	-0.173046 	0.538858 	0.0698292 	-1.37706 	-0.0962022 	
1.45	0.323218 	-0.173041 	0.538872 	0.0698292 	-1.37706 	-0.0962022 	
1.455	0.323237 	-0.17304 	0.538871 	0.0681817 	-1.3759 	-0.0939324 	
1.46	0.323321 	-0.173035 	0.538885 	0.0681817 	-1.3759 	-0.0939324 	
1.465	0.323405 	-0.173031 	0.538899 	0.0681817 	-1.3759 	-0.0939324 	
1.47	0.323424 	-0.173029 	0.538898 	0.0665419 	-1.37475 	-0.0916734 	
1.475	0.323508 	-0.173025 	0.538912 	0.0665419 	-1.37475 	-0.0916734 	
1.48	0.323592 	-0.17302 	0.538926 	0.0665419 	-1.37475 	-0.0916734 	
1.485	0.32361 	-0.173019 	0.538925 	0.0649105 	-1.37361 	-0.0894258 	
1.49	0.323694 	-0.173014 	0.538939 	0.0649105 	-1.37361 	-0.0894258 	
1.495	0.323777 	-0.173009 	0.538953 	0.0649105 	-1.37361 	-0.0894258 	
1.5	0.323795 	-0.173008 	0.538952 	0.063288 	-1.37247 	-0.0871905 	
1.505	0.323878 	-0.173003 	0.538966 	0.063288 	-1.37247 	-0.0871905 	
1.51	0.323961 	-0.172998 	0.53898 	0.063288 	-1.37247 	-0.0871905 	
1.515	0.32398 	-0.172998 	0.538979 	0.0616749 	-1.37134 	-0.0849682 	
1.52	0.324062 	-0.172993 	0.538992 	0.061675 	-1.37134 	-0.0849682 	
1.525	0.324144 	-0.172988 	0.539006 	0.061675 	-1.37134 	-0.0849682 	
1.53	0.324163 	-0.172987 	0.539005 	0.060072 	-1.37022 	-0.0827598 	
1.535	0.324244 	-0.172982 	0.539019 	0.060072 	-1.37022 	-0.0827598 	
1.54	0.324326 	-0.172977 	0.539033 	0.060072 	-1.37022 	-0.0827598 	
1.545	0.324344 	-0.172977 	0.539032 	0.0584796 	-1.3691 	-0.0805661 	
1.55	0.324426 	-0.172972 	0.539045 	0.0584796 	-1.3691 	-0.0805661 	
1.555	0.324507 	-0.172967 	0.539059 	0.0584796 	-1.3691 	-0.0805661 	
1.56	0.324525 	-0.172967 	0.539058 	0.0568984 	-1.36799 	-0.0783877 	
1.565	0.324606 	-0.172962 	0.539071 	0.0568984 	-1.36799 	-0.0783877 	
1.57	0.324686 	-0.172957 	0.539085 	0.0568984 	-1.36799 	-0.0783877 	
1.575	0.324704 	-0.172957 	0.539084 	0.055329 	-1.36689 	-0.0762255 	
1.58	0.324784 	-0.172951 	0.539097 	0.055329 	-1.36689 	-0.0762255 	
1.585	0.324864 	-0.172946 	0.539111 	0.055329 	-1.36689 	-0.0762255 	
1.59	0.324882 	-0.172947 	0.53911 	0.0537718 	-1.3658 	-0.0740803 	
1.595	0.324961 	-0.172941 	0.539123 	0.0537718 	-1.3658 	-0.0740803 	
1.6	0.32504 	-0.172936 	0.539136 	0.0537718 	-1.3658 	-0.0740803 	
1.605	0.325058 	-0.172937 	0.539136 	0.0522275 	-1.36472 	-0.0719527 	
1.61	0.325137 	-0.172931 	0.539149 	0.0522275 	-1.36472 	-0.0719527 	
1.615	0.325215 	-0.172926 	0.539162 	0.0522275 	-1.36472 	-0.0719527 	
1.62	0.325233 	-0.172927 	0.539161 	0.0506966 	-1.36364 	-0.0698436 	
1.625	0.325311 	-0.172921 	0.539174 	0.0506966 	-1.36364 	-0.0698436 	
1.63	0.325389 	-0.172916 	0.539187 	0.0506966 	-1.36364 	-0.0698436 	
1.635	0.325466 	-0.172911 	0.539199 	0.0506966 	-1.36364 	-0.0698436 	
1.64	0.325465 	-0.172913 	0.539195 	0.0487292 	-1.36226 	-0.0671329 	
1.645	0.325542 	-0.172908 	0.539208 	0.0487292 	-1.36226 	-0.0671329 	
1.65	0.325619 	-0.172903 	0.53922 	0.0487292 	-1.36226 	-0.0671329 	
1.655	0.325634 	-0.172904 	0.53922 	0.0471849 	-1.36118 	-0.0650056 	
1.66	0.32571 	-0.172898 	0.539232 	0.0471849 	-1.36118 	-0.0650056 	
1.665	0.325787 	-0.172893 	0.539244 	0.0471849 	-1.36118 	-0.0650056 	
1.67	0.325862 	-0.172888 	0.539257 	0.0471849 	-1.36118 	-0.0650056 	
1.675	0.325861 	-0.172891 	0.539253 	0.0452579 	-1.35983 	-0.0623507 	
1.68	0.325936 	-0.172885 	0.539265 	0.0452579 	-1.35983 	-0.0623507 	
1.685	0.326011 	-0.17288 	0.539277 	0.0452579 	-1.35983 	-0.0623507 	
1.69	0.326086 	-0.172875 	0.539289 	0.0452579 	-1.35983 	-0.0623507 	
1.695	0.326083 	-0.172878 	0.539285 	0.0433171 	-1.35847 	-0.0596769 	
1.7	0.326157 	-0.172873 	0.539297 	0.0433171 	-1.35847 	-0.0596769 	
1.705	0.326231 	-0.172867 	0.539309 	0.0433171 	-1.35847 	-0.0596769 	
1.71	0.326305 	-0.172862 	0.539321 	0.0433171 	-1.35847 	-0.0596769 	
1.715	0.326302 	-0.172866 	0.539317 	0.0414014 	-1.35713 	-0.0570377 	
1.72	0.326374 	-0.17286 	0.539329 	0.0414014 	-1.35713 	-0.0570377 	
1.725	0.326447 	-0.172855 	0.53934 	0.0414014 	-1.35713 	-0.0570377 	
1.73	0.326519 	-0.17285 	0.539352 	0.0414014 	-1.35713 	-0.0570377 	
1.735	0.326516 	-0.172854 	0.539348 	0.0395159 	-1.3558 	-0.0544401 	
1.74	0.326588 	-0.172848 	0.53936 	0.0395159 	-1.3558 	-0.0544401 	
1.745	0.32666 	-0.172843 	0.539371 	0.0395159 	-1.3558 	-0.0544401 	
1.75	0.326731 	-0.172837 	0.539383 	0.0395159 	-1.3558 	-0.0544401 	
1.755	0.326728 	-0.172842 	0.539379 	0.0376622 	-1.3545 	-0.0518862 	
1.76	0.326798 	-0.172836 	0.53939 	0.0376622 	-1.3545 	-0.0518862 	
1.765	0.326868 	-0.172831 	0.539401 	0.0376622 	-1.3545 	-0.0518862 	
1.77	0.326938 	-0.172825 	0.539413 	0.0376622 	-1.3545 	-0.0518862 	
1.775	0.326935 	-0.17283 	0.539409 	0.0358414 	-1.35323 	-0.0493778 	
1.78	0.327004 	-0.172824 	0.53942 	0.0358414 	-1.35323 	-0.0493778 	
1.785	0.327073 	-0.172819 	0.539431 	0.0358414 	-1.35323 	-0.0493778 	
1.79	0.327142 	-0.172814 	0.539442 	0.0358414 	-1.35323 	-0.0493778 	
1.795	0.327139 	-0.172818 	0.539439 	0.0340547 	-1.35197 	-0.0469163 	
1.8	0.327207 	-0.172813 	0.539449 	0.0340547 	-1.35197 	-0.0469163 	
1.805	0.327274 	-0.172807 	0.53946 	0.0340547 	-1.35197 	-0.0469163 	
1.81	0.327341 	-0.172802 	0.539471 	0.0340547 	-1.35197 	-0.0469163 	
1.815	0.327338 	-0.172807 	0.539468 	0.0323033 	-1.35075 	-0.0445035 	
1.82	0.327405 	-0.172801 	0.539478 	0.0323033 	-1.35075 	-0.0445035 	
1.825	0.327471 	-0.172796 	0.539489 	0.0323033 	-1.35075 	-0.0445035 	
1.83	0.327536 	-0.172791 	0.539499 	0.0323033 	-1.35075 	-0.0445035 	
1.835	0.327534 	-0.172796 	0.539496 	0.0305883 	-1.34954 	-0.0421407 	
1.84	0.327599 	-0.17279 	0.539506 	0.0305883 	-1.34954 	-0.0421407 	
1.845	0.327663 	-0.172785 	0.539517 	0.0305883 	-1.34954 	-0.0421407 	
1.85	0.327727 	-0.17278 	0.539527 	0.0305883 	-1.34954 	-0.0421407 	
1.855	0.327725 	-0.172785 	0.539524 	0.0289106 	-1.34837 	-0.0398294 	
1.86	0.327788 	-0.17278 	0.539534 	0.0289106 	-1.34837 	-0.0398294 	
1.865	0.327851 	-0.172774 	0.539544 	0.0289106 	-1.34837 	-0.0398294 	
1.87	0.327914 	-0.172769 	0.539554 	0.0289106 	-1.34837 	-0.0398294 	
1.875	0.327911 	-0.172774 	0.539551 	0.0272715 	-1.34722 	-0.0375712 	
1.88	0.327973 	-0.172769 	0.539561 	0.0272715 	-1.34722 	-0.0375712 	
1.885	0.328035 	-0.172764 	0.539571 	0.0272715 	-1.34722 	-0.0375712 	
1.89	0.328096 	-0.172759 	0.53958 	0.0272715 	-1.34722 	-0.0375712 	
1.895	0.328094 	-0.172764 	0.539577 	0.0256718 	-1.3461 	-0.0353674 	
1.9	0.328154 	-0.172759 	0.539587 	0.0256718 	-1.3461 	-0.0353674 	
1.905	0.328214 	-0.172754 	0.539597 	0.0256718 	-1.3461 	-0.0353674 	
1.91	0.328274 	-0.172749 	0.539606 	0.0256718 	-1.3461 	-0.0353674 	
1.915	0.328271 	-0.172754 	0.539603 	0.0241127 	-1.345 	-0.0332195 	
1.92	0.32833 	-0.172749 	0.539613 	0.0241127 	-1.345 	-0.0332195 	
1.925	0.328388 	-0.172744 	0.539622 	0.0241127 	-1.345 	-0.0332195 	
1.93	0.328446 	-0.172739 	0.539631 	0.0241127 	-1.345 	-0.0332195 	
1.935	0.328444 	-0.172744 	0.539628 	0.0225951 	-1.34394 	-0.0311287 	
1.94	0.328501 	-0.172739 	0.539637 	0.0225951 	-1.34394 	-0.0311287 	
1.945	0.328558 	-0.172734 	0.539646 	0.0225951 	-1.34394 	-0.0311287 	
1.95	0.328614 	-0.172729 	0.539655 	0.0225951 	-1.34394 	-0.0311287 	
1.955	0.32867 	-0.172724 	0.539664 	0.0225951 	-1.34394 	-0.0311287 	
1.96	0.328654 	-0.172732 	0.539659 	0.0207961 	-1.34268 	-0.0286502 	
1.965	0.328709 	-0.172727 	0.539668 	0.0207961 	-1.34268 	-0.0286502 	
1.97	0.328764 	-0.172722 	0.539676 	0.0207961 	-1.34268 	-0.0286502 	
1.975	0.328818 	-0.172717 	0.539685 	0.0207961 	-1.34268 	-0.0286502 	
1.98	0.328872 	-0.172713 	0.539694 	0.0207961 	-1.34268 	-0.0286502 	
1.985	0.328855 	-0.172721 	0.539688 	0.0190295 	-1.34144 	-0.0262164 	
1.99	0.328908 	-0.172716 	0.539697 	0.0190295 	-1.34144 	-0.0262164 	
1.995	0.328961 	-0.172711 	0.539705 	0.0190295 	-1.34144 	-0.0262164 	
2	0.329013 	-0.172706 	0.539713 	0.0190295 	-1.34144 	-0.0262164 	
2.005	0.329065 	-0.172702 	0.539721 	0.0190295 	-1.34144 	-0.0262164 	
2.01	0.329049 	-0.17271 	0.539716 	0.0173292 	-1.34025 	-0.0238739 	
2.015	0.329099 	-0.172705 	0.539724 	0.0173292 	-1.34025 	-0.0238739 	
2.02	0.32915 	-0.1727 	0.539732 	0.0173292 	-1.34025 	-0.0238739 	
2.025	0.3292 	-0.172696 	0.53974 	0.0173292 	-1.34025 	-0.0238739 	
2.03	0.329249 	-0.172691 	0.539748 	0.0173292 	-1.34025 	-0.0238739 	
2.035	0.329234 	-0.172699 	0.539743 	0.0156999 	-1.33911 	-0.0216293 	
2.04	0.329282 	-0.172695 	0.539751 	0.0156999 	-1.33911 	-0.0216293 	
2.045	0.32933 	-0.17269 	0.539759 	0.0156999 	-1.33911 	-0.0216293 	
2.05	0.329378 	-0.172686 	0.539766 	0.0156999 	-1.33911 	-0.0216293 	
2.055	0.329425 	-0.172681 	0.539773 	0.0156999 	-1.33911 	-0.0216293 	
2.06	0.32941 	-0.172689 	0.539769 	0.0141438 	-1.33802 	-0.0194855 	
2.065	0.329456 	-0.172685 	0.539776 	0.0141438 	-1.33802 	-0.0194855 	
2.07	0.329502 	-0.172681 	0.539783 	0.0141438 	-1.33802 	-0.0194855 	
2.075	0.329548 	-0.172676 	0.539791 	0.0141438 	-1.33802 	-0.0194855 	
2.08	0.329592 	-0.172672 	0.539798 	0.0141438 	-1.33802 	-0.0194855 	
2.085	0.329637 	-0.172668 	0.539805 	0.0141438 	-1.33802 	-0.0194855 	
2.09	0.329612 	-0.172678 	0.539798 	0.012406 	-1.3368 	-0.0170913 	
2.095	0.329655 	-0.172673 	0.539805 	0.012406 	-1.3368 	-0.0170913 	
2.1	0.329698 	-0.172669 	0.539812 	0.012406 	-1.3368 	-0.0170913 	
2.105	0.329741 	-0.172665 	0.539819 	0.012406 	-1.3368 	-0.0170913 	
2.11	0.329783 	-0.172661 	0.539825 	0.012406 	-1.3368 	-0.0170913 	
2.115	0.329824 	-0.172657 	0.539832 	0.012406 	-1.3368 	-0.0170913 	
2.12	0.3298 	-0.172667 	0.539826 	0.0107486 	-1.33563 	-0.0148079 	
2.125	0.329841 	-0.172663 	0.539832 	0.0107486 	-1.33563 	-0.0148079 	
2.13	0.329881 	-0.172659 	0.539838 	0.0107486 	-1.33563 	-0.0148079 	
2.135	0.32992 	-0.172655 	0.539845 	0.0107486 	-1.33563 	-0.0148079 	
2.14	0.329959 	-0.172652 	0.539851 	0.0107486 	-1.33563 	-0.0148079 	
2.145	0.329998 	-0.172648 	0.539857 	0.0107486 	-1.33563 	-0.0148079 	
2.15	0.329975 	-0.172657 	0.539851 	0.00920037 	-1.33455 	-0.012675 	
2.155	0.330013 	-0.172653 	0.539857 	0.00920037 	-1.33455 	-0.012675 	
2.16	0.33005 	-0.17265 	0.539863 	0.00920037 	-1.33455 	-0.012675 	
2.165	0.330086 	-0.172646 	0.539869 	0.00920037 	-1.33455 	-0.012675 	
2.17	0.330123 	-0.172643 	0.539874 	0.00920037 	-1.33455 	-0.012675 	
2.175	0.330158 	-0.172639 	0.53988 	0.00920037 	-1.33455 	-0.012675 	
2.18	0.330193 	-0.172636 	0.539885 	0.00920037 	-1.33455 	-0.012675 	
2.185	0.330164 	-0.172646 	0.539879 	0.0075639 	-1.3334 	-0.0104205 	
2.19	0.330198 	-0.172643 	0.539884 	0.0075639 	-1.3334 	-0.0104205 	
2.195	0.330231 	-0.17264 	0.539889 	0.0075639 	-1.3334 	-0.0104205 	
2.2	0.330265 	-0.172636 	0.539894 	0.0075639 	-1.3334 	-0.0104205 	
2.205	0.330297 	-0.172633 	0.539899 	0.0075639 	-1.3334 	-0.0104205 	
2.21	0.330329 	-0.17263 	0.539904 	0.0075639 	-1.3334 	-0.0104205 	
2.215	0.330361 	-0.172627 	0.539909 	0.0075639 	-1.3334 	-0.0104205 	
2.22	0.330392 	-0.172624 	0.539914 	0.0075639 	-1.3334 	-0.0104205 	
2.225	0.330356 	-0.172635 	0.539907 	0.00588252 	-1.33222 	-0.00810403 	
2.23	0.330387 	-0.172632 	0.539911 	0.00588252 	-1.33222 	-0.00810403 	
2.235	0.330416 	-0.172629 	0.539916 	0.00588252 	-1.33222 	-0.00810403 	
2.24	0.330445 	-0.172626 	0.539921 	0.00588252 	-1.33222 	-0.00810403 	
2.245	0.330474 	-0.172624 	0.539925 	0.00588252 	-1.33222 	-0.00810403 	
2.25	0.330502 	-0.172621 	0.539929 	0.00588252 	-1.33222 	-0.00810403 	
2.255	0.33053 	-0.172618 	0.539934 	0.00588252 	-1.33222 	-0.00810403 	
2.26	0.330557 	-0.172615 	0.539938 	0.00588252 	-1.33222 	-0.00810403 	
2.265	0.330583 	-0.172613 	0.539942 	0.00588252 	-1.33222 	-0.00810403 	
2.27	0.330544 	-0.172625 	0.539934 	0.00423528 	-1.33107 	-0.00583467 	
2.275	0.33057 	-0.172622 	0.539938 	0.00423528 	-1.33107 	-0.00583467 	
2.28	0.330595 	-0.17262 	0.539942 	0.00423528 	-1.33107 	-0.00583467 	
2.285	0.330619 	-0.172617 	0.539946 	0.00423528 	-1.33107 	-0.00583467 	
2.29	0.330643 	-0.172615 	0.539949 	0.00423528 	-1.33107 	-0.00583467 	
2.295	0.330666 	-0.172612 	0.539953 	0.00423528 	-1.33107 	-0.00583467 	
2.3	0.330689 	-0.17261 	0.539957 	0.00423528 	-1.33107 	-0.00583467 	
2.305	0.330712 	-0.172608 	0.53996 	0.00423528 	-1.33107 	-0.00583467 	
2.31	0.330733 	-0.172606 	0.539963 	0.00423528 	-1.33107 	-0.00583467 	
2.315	0.330755 	-0.172603 	0.539967 	0.00423528 	-1.33107 	-0.00583467 	
2.32	0.330716 	-0.172615 	0.539959 	0.00271621 	-1.33 	-0.00374191 	
2.325	0.330736 	-0.172613 	0.539962 	0.00271621 	-1.33 	-0.00374191 	
2.33	0.330755 	-0.172611 	0.539965 	0.00271621 	-1.33 	-0.00374191 	
2.335	0.330775 	-0.172609 	0.539968 	0.00271621 	-1.33 	-0.00374191 	
2.34	0.330793 	-0.172607 	0.539971 	0.00271621 	-1.33 	-0.00374191 	
2.345	0.330811 	-0.172605 	0.539974 	0.00271621 	-1.33 	-0.00374191 	
2.35	0.330829 	-0.172603 	0.539977 	0.00271621 	-1.33 	-0.00374191 	
2.355	0.330846 	-0.172602 	0.539979 	0.00271621 	-1.33 	-0.00374191 	
2.36	0.330862 	-0.1726 	0.539982 	0.00271621 	-1.33 	-0.00374191 	
2.365	0.330878 	-0.172598 	0.539984 	0.00271621 	-1.33 	-0.00374191 	
2.37	0.330894 	-0.172597 	0.539987 	0.00271621 	-1.33 	-0.00374191 	
2.375	0.330909 	-0.172595 	0.539989 	0.00271621 	-1.33 	-0.00374191 	
2.38	0.330923 	-0.172594 	0.539991 	0.00271621 	-1.33 	-0.00374191 	
2.385	0.330937 	-0.172593 	0.539993 	0.00271621 	-1.33 	-0.00374191 	
2.39	0.33089 	-0.172605 	0.539984 	0.00118993 	-1.32893 	-0.00163918 	
2.395	0.330903 	-0.172604 	0.539986 	0.00118993 	-1.32893 	-0.00163918 	
2.4	0.330915 	-0.172602 	0.539988 	0.00118993 	-1.32893 	-0.00163918 	
2.405	0.330927 	-0.172601 	0.53999 	0.00118993 	-1.32893 	-0.00163918 	
2.41	0.330938 	-0.1726 	0.539992 	0.00118993 	-1.32893 	-0.00163918 	
2.415	0.330949 	-0.172599 	0.539993 	0.00118993 	-1.32893 	-0.00163918 	
2.42	0.330959 	-0.172598 	0.539995 	0.00118993 	-1.32893 	-0.00163918 	
2.425	0.330967 	-0.172597 	0.539996 	0.00118993 	-1.32893 	-0.00163918 	
2.43	0.330977 	-0.172596 	0.539998 	0.00118993 	-1.32893 	-0.00163918 	
2.435	0.330985 	-0.172595 	0.539999 	0.00118993 	-1.32893 	-0.00163918 	
2.44	0.330993 	-0.172595 	0.54 	0.00118993 	-1.32893 	-0.00163918 	
2.445	0.331 	-0.172594 	0.540001 	0.00118993 	-1.32893 	-0.00163918 	
2.45	0.331007 	-0.172593 	0.540002 	0.00118993 	-1.32893 	-0.00163918 	
2.455	0.331013 	-0.172592 	0.540003 	0.00118993 	-1.32893 	-0.00163918 	
2.46	0.331019 	-0.172592 	0.540004 	0.00118993 	-1.32893 	-0.00163918 	
2.465	0.331024 	-0.172591 	0.540005 	0.00118993 	-1.32893 	-0.00163918 	
2.47	0.331029 	-0.172591 	0.540006 	0.00118993 	-1.32893 	-0.00163918 	
2.475	0.331033 	-0.17259 	0.540006 	0.00118993 	-1.32893 	-0.00163918 	
2.48	0.331037 	-0.17259 	0.540007 	0.00118993 	-1.32893 	-0.00163918 	
2.485	0.33104 	-0.17259 	0.540007 	0.00118993 	-1.32893 	-0.00163918 	
2.49	0.331042 	-0.172589 	0.540008 	0.00118993 	-1.32893 	-0.00163918 	
2.495	0.331044 	-0.172589 	0.540008 	0.00118993 	-1.32893 	-0.00163918 	
2.5	0.331045 	-0.172589 	0.540008 	0.00118993 	-1.32893 	-0.00163918 	
2.505	0.331045 	-0.172589 	0.540008 	0.00118993 	-1.32893 	-0.00163918 	
2.51	0.331047 	-0.172589 	0.540009 	0.00118993 	-1.32893 	-0.00163918 	
2.515	0.331044 	-0.172592 	0.540008 	0.00118993 	-1.32893 	-0.00163918 	
2.52	0.331044 	-0.172593 	0.540008 	0.00118993 	-1.32893 	-0.00163918 	
2.525	0.331045 	-0.172593 	0.540007 	0.00118993 	-1.32893 	-0.00163918 	
2.53	0.331046 	-0.172594 	0.540005 	0.00118993 	-1.32893 	-0.00163918 	
2.535	0.331047 	-0.172596 	0.540003 	0.00118993 	-1.32893 	-0.00163918 	
2.54	0.331049 	-0.172597 	0.540001 	0.00118993 	-1.32893 	-0.00163918 	
2.545	0.331051 	-0.172599 	0.539998 	0.00118993 	-1.32893 	-0.00163918 	
2.55	0.331053 	-0.172602 	0.539994 	0.00118993 	-1.32893 	-0.00163918 	
2.555	0.331056 	-0.172604 	0.53999 	0.00118993 	-1.32893 	-0.00163918 	
2.56	0.331059 	-0.172607 	0.539986 	0.00118993 	-1.32893 	-0.00163918 	
2.565	0.331023 	-0.172605 	0.539975 	0.000817761 	-1.32827 	-0.000166045 	
2.57	0.331027 	-0.172608 	0.53997 	0.000817761 	-1.32827 	-0.000166046 	
2.575	0.33103 	-0.172612 	0.539964 	0.000817762 	-1.32827 	-0.000166046 	
2.58	0.331035 	-0.172616 	0.539958 	0.000817762 	-1.32827 	-0.000166046 	
2.585	0.331039 	-0.172621 	0.539951 	0.000817762 	-1.32827 	-0.000166046 	
2.59	0.331044 	-0.172626 	0.539944 	0.000817763 	-1.32827 	-0.000166047 	
2.595	0.331049 	-0.172631 	0.539936 	0.000817763 	-1.32827 	-0.000166047 	
2.6	0.331056 	-0.17261 	0.539929 	0.00194569 	-1.32834 	-1.63743e-05 	
2.605	0.331062 	-0.172616 	0.539921 	0.00194569 	-1.32834 	-1.63748e-05 	
2.61	0.331068 	-0.172622 	0.539912 	0.00194569 	-1.32834 	-1.63754e-05 	
2.615	0.331074 	-0.172628 	0.539903 	0.00194569 	-1.32834 	-1.6376e-05 	
2.62	0.331081 	-0.172635 	0.539893 	0.00194569 	-1.32834 	-1.63767e-05 	
2.625	0.331093 	-0.172613 	0.539885 	0.0032345 	-1.32849 	-1.18661e-06 	
2.63	0.331101 	-0.17262 	0.539874 	0.0032345 	-1.32849 	-1.18744e-06 	
2.635	0.331108 	-0.172627 	0.539863 	0.0032345 	-1.32849 	-1.18833e-06 	
2.64	0.331116 	-0.172635 	0.539851 	0.0032345 	-1.32849 	-1.1893e-06 	
2.645	0.33113 	-0.172615 	0.539842 	0.0045085 	-1.32865 	3.33004e-07 	
2.65	0.331138 	-0.172623 	0.539829 	0.0045085 	-1.32865 	3.31877e-07 	
2.655	0.331147 	-0.172632 	0.539816 	0.0045085 	-1.32865 	3.30669e-07 	
2.66	0.331156 	-0.172641 	0.539803 	0.00450851 	-1.32865 	3.29375e-07 	
2.665	0.331172 	-0.172618 	0.539791 	0.00596113 	-1.32883 	6.22349e-07 	
2.67	0.331182 	-0.172628 	0.539777 	0.00596113 	-1.32883 	6.20875e-07 	
2.675	0.331192 	-0.172638 	0.539762 	0.00596113 	-1.32883 	6.19306e-07 	
2.68	0.331202 	-0.172648 	0.539747 	0.00596113 	-1.32883 	6.17641e-07 	
2.685	0.33122 	-0.172622 	0.539734 	0.0076105 	-1.32903 	8.22359e-07 	
2.69	0.331231 	-0.172633 	0.539718 	0.0076105 	-1.32903 	8.20491e-07 	
2.695	0.331242 	-0.172644 	0.539702 	0.0076105 	-1.32903 	8.18518e-07 	
2.7	0.33126 	-0.172624 	0.539687 	0.00902035 	-1.3292 	6.39717e-07 	
2.705	0.331272 	-0.172636 	0.53967 	0.00902036 	-1.3292 	6.37523e-07 	
2.71	0.331284 	-0.172648 	0.539652 	0.00902036 	-1.3292 	6.35217e-07 	
2.715	0.331303 	-0.172627 	0.539637 	0.0105051 	-1.32938 	6.83123e-07 	
2.72	0.331315 	-0.17264 	0.539618 	0.0105051 	-1.32938 	6.8058e-07 	
2.725	0.331328 	-0.172653 	0.539599 	0.0105051 	-1.32938 	6.77917e-07 	
2.73	0.331349 	-0.172631 	0.539582 	0.0120957 	-1.32957 	7.79441e-07 	
2.735	0.331362 	-0.172644 	0.539562 	0.0120957 	-1.32957 	7.76524e-07 	
2.74	0.331376 	-0.172658 	0.539542 	0.0120957 	-1.32957 	7.73479e-07 	
2.745	0.331398 	-0.172634 	0.539524 	0.0137943 	-1.32978 	8.89671e-07 	
2.75	0.331412 	-0.172649 	0.539502 	0.0137943 	-1.32978 	8.86357e-07 	
2.755	0.331427 	-0.172663 	0.539481 	0.0137943 	-1.32978 	8.82906e-07 	
2.76	0.33145 	-0.172638 	0.539462 	0.0156005 	-1.33 	1.00743e-06 	
2.765	0.331465 	-0.172653 	0.539439 	0.0156005 	-1.33 	1.0037e-06 	
2.77	0.331486 	-0.172639 	0.539419 	0.0169257 	-1.33016 	5.98114e-07 	
2.775	0.331502 	-0.172655 	0.539395 	0.0169257 	-1.33016 	5.94084e-07 	
2.78	0.331524 	-0.172642 	0.539374 	0.0182447 	-1.33032 	5.53469e-07 	
2.785	0.331541 	-0.172658 	0.539349 	0.0182447 	-1.33032 	5.49134e-07 	
2.79	0.331563 	-0.172644 	0.539327 	0.019605 	-1.33048 	5.80846e-07 	
2.795	0.331581 	-0.172662 	0.539302 	0.019605 	-1.33048 	5.76198e-07 	
2.8	0.331604 	-0.172647 	0.539279 	0.0210111 	-1.33066 	6.19941e-07 	
2.805	0.331622 	-0.172665 	0.539253 	0.0210111 	-1.33066 	6.14968e-07 	
2.81	0.331646 	-0.17265 	0.539229 	0.0224631 	-1.33083 	6.61559e-07 	
2.815	0.331664 	-0.172668 	0.539203 	0.0224631 	-1.33083 	6.56253e-07 	
2.82	0.331689 	-0.172653 	0.539178 	0.0239608 	-1.33101 	7.04427e-07 	
2.825	0.331708 	-0.172672 	0.539151 	0.0239608 	-1.33101 	6.98778e-07 	
2.83	0.331733 	-0.172656 	0.539126 	0.0255037 	-1.3312 	7.48348e-07 	
2.835	0.331753 	-0.172676 	0.539097 	0.0255037 	-1.3312 	7.42347e-07 	
2.84	0.331779 	-0.17266 	0.539071 	0.0270915 	-1.3314 	7.93266e-07 	
2.845	0.331799 	-0.172679 	0.539042 	0.0270915 	-1.3314 	7.86903e-07 	
2.85	0.331826 	-0.172663 	0.539016 	0.0287237 	-1.33159 	8.39139e-07 	
2.855	0.331847 	-0.172683 	0.538986 	0.0287237 	-1.33159 	8.32405e-07 	
2.86	0.331874 	-0.172666 	0.538958 	0.0304001 	-1.3318 	8.85925e-07 	
2.865	0.331895 	-0.172687 	0.538928 	0.0304001 	-1.3318 	8.78813e-07 	
2.87	0.331924 	-0.17267 	0.5389 	0.03212 	-1.33201 	9.33585e-07 	
2.875	0.331945 	-0.172691 	0.538868 	0.03212 	-1.33201 	9.26085e-07 	
2.88	0.331974 	-0.172673 	0.538839 	0.0338832 	-1.33222 	9.82075e-07 	
2.885	0.331997 	-0.172695 	0.538807 	0.0338832 	-1.33222 	9.74179e-07 	
2.89	0.332026 	-0.172677 	0.538778 	0.0356892 	-1.33244 	1.03135e-06 	
2.895	0.332049 	-0.172699 	0.538745 	0.0356892 	-1.33244 	1.02305e-06 	
2.9	0.33208 	-0.172681 	0.538715 	0.0375375 	-1.33267 	1.08138e-06 	
2.905	0.332103 	-0.172704 	0.538681 	0.0375375 	-1.33267 	1.07266e-06 	
2.91	0.332134 	-0.172684 	0.53865 	0.0394277 	-1.3329 	1.1321e-06 	
2.915	0.332158 	-0.172708 	0.538615 	0.0394277 	-1.3329 	1.12297e-06 	
2.92	0.332189 	-0.172688 	0.538584 	0.0413593 	-1.33313 	1.18348e-06 	
2.925	0.332214 	-0.172712 	0.538549 	0.0413593 	-1.33313 	1.17392e-06 	
2.93	0.332246 	-0.172692 	0.538517 	0.0433318 	-1.33337 	1.23546e-06 	
2.935	0.332271 	-0.172717 	0.538481 	0.0433318 	-1.33337 	1.22547e-06 	
2.94	0.332305 	-0.172695 	0.538448 	0.0453447 	-1.33362 	1.28264e-06 	
2.945	0.332331 	-0.17272 	0.538411 	0.0453447 	-1.33362 	1.27219e-06 	
2.95	0.332364 	-0.172699 	0.538378 	0.0473976 	-1.33386 	1.34054e-06 	
2.955	0.332391 	-0.172724 	0.53834 	0.0473976 	-1.33386 	1.32966e-06 	
2.96	0.332425 	-0.172703 	0.538307 	0.0494899 	-1.33412 	1.39455e-06 	
2.965	0.332451 	-0.172729 	0.538268 	0.0494899 	-1.33412 	1.38322e-06 	
2.97	0.332486 	-0.172708 	0.538234 	0.051621 	-1.33438 	1.44856e-06 	
2.975	0.332513 	-0.172734 	0.538195 	0.051621 	-1.33438 	1.43676e-06 	
2.98	0.332548 	-0.172712 	0.53816 	0.0537905 	-1.33464 	1.50288e-06 	
2.985	0.332576 	-0.172739 	0.53812 	0.0537906 	-1.33464 	1.49063e-06 	
2.99	0.332612 	-0.172716 	0.538085 	0.0559979 	-1.33491 	1.55753e-06 	
2.995	0.33264 	-0.172743 	0.538044 	0.0559979 	-1.33491 	1.5448e-06 	
3	0.332676 	-0.172721 	0.538008 	0.0582425 	-1.33518 	1.61245e-06 	
3.005	0.332705 	-0.172748 	0.537967 	0.0582425 	-1.33518 	1.59924e-06 	
3.01	0.332742 	-0.172725 	0.53793 	0.0605238 	-1.33546 	1.66759e-06 	
3.015	0.332775 	-0.172725 	0.537891 	0.0617936 	-1.33562 	6.36584e-07 	
3.02	0.332805 	-0.172753 	0.537849 	0.0617937 	-1.33562 	6.22658e-07 	
3.025	0.332842 	-0.172732 	0.537811 	0.0640251 	-1.33589 	1.50937e-06 	
3.03	0.332877 	-0.172732 	0.537771 	0.0653138 	-1.33604 	6.35737e-07 	
3.035	0.332907 	-0.172761 	0.537728 	0.0653138 	-1.33604 	6.2108e-07 	
3.04	0.332945 	-0.172739 	0.537689 	0.0675944 	-1.33632 	1.5763e-06 	
3.045	0.33298 	-0.172739 	0.537648 	0.0689115 	-1.33648 	6.64726e-07 	
3.05	0.333011 	-0.172768 	0.537604 	0.0689115 	-1.33648 	6.49329e-07 	
3.055	0.33305 	-0.172746 	0.537565 	0.071241 	-1.33676 	1.64752e-06 	
3.06	0.333085 	-0.172746 	0.537523 	0.0725858 	-1.33693 	6.94193e-07 	
3.065	0.333117 	-0.172776 	0.537478 	0.0725858 	-1.33693 	6.78049e-07 	
3.07	0.333157 	-0.172754 	0.537438 	0.0749629 	-1.33722 	1.71868e-06 	
3.075	0.333193 	-0.172753 	0.537395 	0.0763346 	-1.33738 	7.23582e-07 	
3.08	0.33323 	-0.172756 	0.537352 	0.077612 	-1.33754 	5.51683e-07 	
3.085	0.333266 	-0.172758 	0.537309 	0.078887 	-1.33769 	5.33114e-07 	
3.09	0.333303 	-0.172761 	0.537265 	0.0801689 	-1.33785 	5.36681e-07 	
3.095	0.33334 	-0.172763 	0.537221 	0.0814585 	-1.33801 	5.43129e-07 	
3.1	0.333377 	-0.172766 	0.537177 	0.0827558 	-1.33817 	5.49915e-07 	
3.105	0.333415 	-0.172768 	0.537133 	0.0840607 	-1.33832 	5.56724e-07 	
3.11	0.333452 	-0.172771 	0.537088 	0.0853733 	-1.33848 	5.63515e-07 	
3.115	0.33349 	-0.172773 	0.537043 	0.0866933 	-1.33864 	5.70283e-07 	
3.12	0.333528 	-0.172776 	0.536998 	0.0880207 	-1.33881 	5.77025e-07 	
3.125	0.333567 	-0.172779 	0.536952 	0.0893554 	-1.33897 	5.83741e-07 	
3.13	0.333605 	-0.172781 	0.536906 	0.0906974 	-1.33913 	5.90427e-07 	
3.135	0.333644 	-0.172784 	0.53686 	0.0920466 	-1.3393 	5.97083e-07 	
3.14	0.333683 	-0.172787 	0.536814 	0.0934028 	-1.33946 	6.03707e-07 	
3.145	0.333722 	-0.172789 	0.536768 	0.094766 	-1.33963 	6.10297e-07 	
3.15	0.333762 	-0.172792 	0.536721 	0.0961361 	-1.33979 	6.16852e-07 	
3.155	0.333801 	-0.172795 	0.536674 	0.097513 	-1.33996 	6.23371e-07 	
3.16	0.333841 	-0.172797 	0.536627 	0.0988967 	-1.34013 	6.29851e-07 	
3.165	0.333881 	-0.1728 	0.53658 	0.100287 	-1.3403 	6.36291e-07 	
3.17	0.333921 	-0.172803 	0.536532 	0.101684 	-1.34047 	6.4269e-07 	
3.175	0.333961 	-0.172806 	0.536484 	0.103087 	-1.34064 	6.49046e-07 	
3.18	0.334002 	-0.172808 	0.536436 	0.104497 	-1.34081 	6.55358e-07 	
3.185	0.334042 	-0.172811 	0.536388 	0.105913 	-1.34098 	6.61623e-07 	
3.19	0.334083 	-0.172814 	0.536339 	0.107335 	-1.34115 	6.67841e-07 	
3.195	0.334124 	-0.172817 	0.536291 	0.108763 	-1.34133 	6.7401e-07 	
3.2	0.334165 	-0.172819 	0.536242 	0.110198 	-1.3415 	6.80128e-07 	
3.205	0.334207 	-0.172822 	0.536193 	0.111638 	-1.34168 	6.86195e-07 	
3.21	0.334248 	-0.172825 	0.536144 	0.113084 	-1.34185 	6.92207e-07 	
3.215	0.33429 	-0.172828 	0.536094 	0.114536 	-1.34203 	6.98165e-07 	
3.22	0.334332 	-0.172831 	0.536044 	0.115994 	-1.34221 	7.04066e-07 	
3.225	0.334374 	-0.172834 	0.535995 	0.117457 	-1.34239 	7.0991e-07 	
3.23	0.334416 	-0.172837 	0.535945 	0.118926 	-1.34256 	7.15694e-07 	
3.235	0.334459 	-0.172839 	0.535894 	0.1204 	-1.34274 	7.18512e-07 	
3.24	0.334502 	-0.172842 	0.535844 	0.121879 	-1.34292 	7.26759e-07 	
3.245	0.334544 	-0.172844 	0.535793 	0.123364 	-1.3431 	7.32644e-07 	
3.25	0.334587 	-0.172847 	0.535743 	0.124853 	-1.34329 	7.38205e-07 	
3.255	0.33463 	-0.17285 	0.535692 	0.126348 	-1.34347 	7.43673e-07 	
3.26	0.334673 	-0.172853 	0.535641 	0.127848 	-1.34365 	7.49072e-07 	
3.265	0.334716 	-0.172856 	0.535589 	0.129352 	-1.34383 	7.54401e-07 	
3.27	0.33476 	-0.172859 	0.535538 	0.130861 	-1.34402 	7.59659e-07 	
3.275	0.334803 	-0.172862 	0.535486 	0.132375 	-1.3442 	7.64846e-07 	
3.28	0.334847 	-0.172865 	0.535435 	0.133894 	-1.34438 	7.69959e-07 	
3.285	0.33489 	-0.172868 	0.535383 	0.135417 	-1.34457 	7.74999e-07 	
3.29	0.334934 	-0.172871 	0.535331 	0.136944 	-1.34476 	7.79962e-07 	
3.295	0.334978 	-0.172874 	0.535279 	0.138476 	-1.34494 	7.84849e-07 	
3.3	0.335022 	-0.172877 	0.535226 	0.140011 	-1.34513 	7.89657e-07 	
3.305	0.335066 	-0.17288 	0.535174 	0.141551 	-1.34532 	7.94386e-07 	
3.31	0.335111 	-0.172883 	0.535121 	0.143095 	-1.3455 	7.99035e-07 	
3.315	0.335155 	-0.172886 	0.535068 	0.144643 	-1.34569 	8.03601e-07 	
3.32	0.3352 	-0.172889 	0.535016 	0.146194 	-1.34588 	8.08085e-07 	
3.325	0.335244 	-0.172892 	0.534963 	0.147749 	-1.34607 	8.12484e-07 	
3.33	0.335289 	-0.172895 	0.53491 	0.149308 	-1.34626 	8.16799e-07 	
3.335	0.335334 	-0.172898 	0.534856 	0.15087 	-1.34645 	8.21026e-07 	
3.34	0.335379 	-0.172901 	0.534803 	0.152436 	-1.34664 	8.25167e-07 	
3.345	0.335424 	-0.172904 	0.53475 	0.154005 	-1.34683 	8.29218e-07 	
3.35	0.335469 	-0.172907 	0.534696 	0.155577 	-1.34702 	8.3318e-07 	
3.355	0.335514 	-0.17291 	0.534642 	0.157153 	-1.34721 	8.37052e-07 	
3.36	0.33556 	-0.172913 	0.534589 	0.158731 	-1.34741 	8.40831e-07 	
3.365	0.335605 	-0.172917 	0.534535 	0.160312 	-1.3476 	8.44518e-07 	
3.37	0.335651 	-0.17292 	0.534481 	0.161897 	-1.34779 	8.48111e-07 	
3.375	0.335696 	-0.172923 	0.534427 	0.163483 	-1.34798 	8.51609e-07 	
3.38	0.335742 	-0.172926 	0.534373 	0.165073 	-1.34818 	8.55012e-07 	
3.385	0.335788 	-0.172929 	0.534318 	0.166665 	-1.34837 	8.58318e-07 	
3.39	0.335833 	-0.172933 	0.534264 	0.168259 	-1.34856 	8.63825e-07 	
3.395	0.335879 	-0.172936 	0.53421 	0.169856 	-1.34876 	8.64889e-07 	
3.4	0.335925 	-0.172939 	0.534155 	0.171455 	-1.34895 	8.67673e-07 	
3.405	0.33597 	-0.172942 	0.534101 	0.173056 	-1.34915 	8.70562e-07 	
3.41	0.336017 	-0.172945 	0.534046 	0.174659 	-1.34934 	8.7337e-07 	
3.415	0.336063 	-0.172948 	0.533991 	0.176264 	-1.34954 	8.76078e-07 	
3.42	0.336109 	-0.172951 	0.533937 	0.177871 	-1.34973 	8.78685e-07 	
3.425	0.336155 	-0.172954 	0.533882 	0.179479 	-1.34993 	8.81188e-07 	
3.43	0.336201 	-0.172958 	0.533827 	0.18109 	-1.35013 	8.83587e-07 	
3.435	0.336247 	-0.172961 	0.533772 	0.182701 	-1.35032 	8.85882e-07 	
3.44	0.336294 	-0.172964 	0.533717 	0.184314 	-1.35052 	8.88072e-07 	
3.445	0.33634 	-0.172967 	0.533662 	0.185929 	-1.35071 	8.90155e-07 	
3.45	0.336386 	-0.17297 	0.533607 	0.187544 	-1.35091 	8.92133e-07 	
3.455	0.336433 	-0.172973 	0.533552 	0.189161 	-1.35111 	8.94003e-07 	
3.46	0.336479 	-0.172976 	0.533497 	0.190779 	-1.3513 	8.95766e-07 	
3.465	0.336526 	-0.17298 	0.533442 	0.192398 	-1.3515 	8.9742e-07 	
3.47	0.336572 	-0.172983 	0.533387 	0.194017 	-1.3517 	8.98966e-07 	
3.475	0.336619 	-0.172986 	0.533332 	0.195638 	-1.35189 	9.00403e-07 	
3.48	0.336665 	-0.172989 	0.533276 	0.197259 	-1.35209 	9.0173e-07 	
3.485	0.336712 	-0.172992 	0.533221 	0.19888 	-1.35229 	9.02947e-07 	
3.49	0.336758 	-0.172995 	0.533166 	0.200502 	-1.35249 	9.04053e-07 	
3.495	0.336805 	-0.172999 	0.533111 	0.202124 	-1.35268 	9.05048e-07 	
3.5	0.336852 	-0.173002 	0.533055 	0.203746 	-1.35288 	9.05933e-07 	
3.505	0.336898 	-0.173005 	0.533 	0.205369 	-1.35308 	9.06705e-07 	
3.51	0.336945 	-0.173008 	0.532945 	0.206991 	-1.35328 	9.07366e-07 	
3.515	0.336991 	-0.173011 	0.53289 	0.208614 	-1.35347 	9.07915e-07 	
3.52	0.337038 	-0.173014 	0.532834 	0.210236 	-1.35367 	9.08351e-07 	
3.525	0.337084 	-0.173017 	0.532779 	0.211858 	-1.35387 	9.08675e-07 	
3.53	0.337131 	-0.173021 	0.532724 	0.213479 	-1.35406 	9.08885e-07 	
3.535	0.337178 	-0.173024 	0.532669 	0.2151 	-1.35426 	9.08983e-07 	
3.54	0.337224 	-0.173027 	0.532614 	0.216721 	-1.35446 	9.08967e-07 	
3.545	0.337271 	-0.17303 	0.532558 	0.21834 	-1.35466 	9.08839e-07 	
3.55	0.337317 	-0.173033 	0.532503 	0.219959 	-1.35485 	9.08597e-07 	
3.555	0.337363 	-0.173036 	0.532448 	0.221577 	-1.35505 	9.08241e-07 	
3.56	0.33741 	-0.17304 	0.532393 	0.223194 	-1.35525 	9.07772e-07 	
3.565	0.337456 	-0.173043 	0.532338 	0.22481 	-1.35544 	9.0719e-07 	
3.57	0.337503 	-0.173046 	0.532283 	0.226425 	-1.35564 	9.06494e-07 	
3.575	0.337549 	-0.173049 	0.532228 	0.228039 	-1.35584 	9.05685e-07 	
3.58	0.337595 	-0.173052 	0.532173 	0.229651 	-1.35603 	9.04762e-07 	
3.585	0.337641 	-0.173055 	0.532118 	0.231261 	-1.35623 	9.03727e-07 	
3.59	0.337688 	-0.173058 	0.532064 	0.23287 	-1.35642 	9.02578e-07 	
3.595	0.337734 	-0.173061 	0.532009 	0.234477 	-1.35662 	9.01316e-07 	
3.6	0.33778 	-0.173065 	0.531954 	0.236083 	-1.35681 	8.99942e-07 	
3.605	0.337826 	-0.173068 	0.5319 	0.237686 	-1.35701 	8.98456e-07 	
3.61	0.337872 	-0.173071 	0.531845 	0.239288 	-1.3572 	8.96857e-07 	
3.615	0.337918 	-0.173074 	0.531791 	0.240887 	-1.3574 	8.95146e-07 	
3.62	0.337964 	-0.173077 	0.531736 	0.242484 	-1.35759 	8.93324e-07 	
3.625	0.338009 	-0.17308 	0.531682 	0.244079 	-1.35779 	8.91391e-07 	
3.63	0.338055 	-0.173083 	0.531628 	0.245672 	-1.35798 	8.89346e-07 	
3.635	0.338101 	-0.173086 	0.531574 	0.247262 	-1.35817 	8.87191e-07 	
3.64	0.338146 	-0.173089 	0.53152 	0.248849 	-1.35837 	8.84927e-07 	
3.645	0.338192 	-0.173092 	0.531466 	0.250434 	-1.35856 	8.82552e-07 	
3.65	0.338243 	-0.17309 	0.531412 	0.252016 	-1.35875 	8.5639e-07 	
3.655	0.338288 	-0.173093 	0.531358 	0.253595 	-1.35894 	8.74883e-07 	
3.66	0.338333 	-0.173096 	0.531304 	0.255171 	-1.35914 	8.74523e-07 	
3.665	0.338378 	-0.173099 	0.531251 	0.256744 	-1.35933 	8.71951e-07 	
3.67	0.338423 	-0.173102 	0.531197 	0.258314 	-1.35952 	8.6906e-07 	
3.675	0.338468 	-0.173105 	0.531144 	0.25988 	-1.35971 	8.66042e-07 	
3.68	0.338513 	-0.173108 	0.531091 	0.261443 	-1.3599 	8.62916e-07 	
3.685	0.338558 	-0.173111 	0.531038 	0.263003 	-1.36009 	8.59685e-07 	
3.69	0.338603 	-0.173114 	0.530985 	0.264559 	-1.36028 	8.5635e-07 	
3.695	0.338647 	-0.173117 	0.530932 	0.266111 	-1.36047 	8.52911e-07 	
3.7	0.338692 	-0.17312 	0.530879 	0.26766 	-1.36065 	8.49369e-07 	
3.705	0.338736 	-0.173123 	0.530826 	0.269204 	-1.36084 	8.45726e-07 	
3.71	0.33878 	-0.173126 	0.530774 	0.270745 	-1.36103 	8.41982e-07 	
3.715	0.338824 	-0.173129 	0.530722 	0.272282 	-1.36122 	8.38137e-07 	
3.72	0.338868 	-0.173132 	0.53067 	0.273814 	-1.3614 	8.34193e-07 	
3.725	0.338912 	-0.173135 	0.530617 	0.275343 	-1.36159 	8.30151e-07 	
3.73	0.338956 	-0.173138 	0.530566 	0.276867 	-1.36177 	8.26011e-07 	
3.735	0.339 	-0.173141 	0.530514 	0.278386 	-1.36196 	8.21775e-07 	
3.74	0.339043 	-0.173144 	0.530462 	0.279901 	-1.36214 	8.17443e-07 	
3.745	0.339086 	-0.173147 	0.530411 	0.281411 	-1.36233 	8.13017e-07 	
3.75	0.33913 	-0.17315 	0.53036 	0.282917 	-1.36251 	8.08497e-07 	
3.755	0.339173 	-0.173153 	0.530309 	0.284418 	-1.36269 	8.03885e-07 	
3.76	0.339216 	-0.173156 	0.530258 	0.285913 	-1.36287 	7.99182e-07 	
3.765	0.339258 	-0.173158 	0.530207 	0.287404 	-1.36306 	7.94388e-07 	
3.77	0.339301 	-0.173161 	0.530156 	0.28889 	-1.36324 	7.89505e-07 	
3.775	0.339343 	-0.173164 	0.530106 	0.29037 	-1.36342 	7.84535e-07 	
3.78	0.339386 	-0.173167 	0.530056 	0.291846 	-1.3636 	7.79478e-07 	
3.785	0.339428 	-0.17317 	0.530006 	0.293316 	-1.36377 	7.74335e-07 	
3.79	0.33947 	-0.173173 	0.529956 	0.29478 	-1.36395 	7.69108e-07 	
3.795	0.339512 	-0.173176 	0.529906 	0.296239 	-1.36413 	7.63798e-07 	
3.8	0.339554 	-0.173178 	0.529857 	0.297692 	-1.36431 	7.58407e-07 	
3.805	0.339595 	-0.173181 	0.529807 	0.29914 	-1.36448 	7.52935e-07 	
3.81	0.339636 	-0.173184 	0.529758 	0.300581 	-1.36466 	7.47384e-07 	
3.815	0.339678 	-0.173187 	0.529709 	0.302017 	-1.36483 	7.41756e-07 	
3.82	0.339713 	-0.173196 	0.529661 	0.303447 	-1.36501 	7.6025e-07 	
3.825	0.339753 	-0.173198 	0.529612 	0.30487 	-1.36518 	7.32922e-07 	
3.83	0.339794 	-0.173201 	0.529564 	0.306288 	-1.36535 	7.24679e-07 	
3.835	0.339834 	-0.173204 	0.529516 	0.307699 	-1.36552 	7.18513e-07 	
3.84	0.339875 	-0.173207 	0.529468 	0.309103 	-1.36569 	7.12493e-07 	
3.845	0.339915 	-0.173209 	0.529421 	0.310502 	-1.36586 	7.06427e-07 	
