0	2.0674 	-0.118231 	-1.46424 	0.00230405 	-0.0976259 	0.00518242 	
0.005	2.06644 	-0.116317 	-1.47137 	0.0021529 	-0.0977167 	0.0051329 	
0.01	2.06555 	-0.114543 	-1.47798 	0.00201282 	-0.0978009 	0.005087 	
0.015	2.06472 	-0.112898 	-1.4841 	0.001883 	-0.0978789 	0.00504446 	
0.02	2.06396 	-0.111374 	-1.48977 	0.00176267 	-0.0979512 	0.00500504 	
0.025	2.06325 	-0.109962 	-1.49503 	0.00165115 	-0.0980183 	0.0049685 	
0.03	2.0626 	-0.108653 	-1.4999 	0.00154779 	-0.0980804 	0.00493463 	
0.035	2.06199 	-0.10744 	-1.50442 	0.00145199 	-0.0981381 	0.00490323 	
0.04	2.06143 	-0.106315 	-1.5086 	0.00136321 	-0.0981915 	0.00487414 	
0.045	2.06091 	-0.105273 	-1.51248 	0.00128092 	-0.0982411 	0.00484716 	
0.05	2.06043 	-0.104307 	-1.51607 	0.00120465 	-0.0982872 	0.00482216 	
0.055	2.05998 	-0.103411 	-1.5194 	0.00113396 	-0.0983299 	0.00479899 	
0.06	2.05957 	-0.102581 	-1.52248 	0.00106844 	-0.0983695 	0.0047775 	
0.065	2.05919 	-0.101812 	-1.52534 	0.00100771 	-0.0984064 	0.00475758 	
0.07	2.05884 	-0.101099 	-1.52799 	0.000951423 	-0.0984406 	0.00473911 	
0.075	2.05851 	-0.100438 	-1.53044 	0.000899251 	-0.0984724 	0.00472199 	
0.08	2.05821 	-0.0998249 	-1.5327 	0.000850894 	-0.098502 	0.00470611 	
0.085	2.05793 	-0.0992569 	-1.5348 	0.00080607 	-0.0985295 	0.00469139 	
0.09	2.05768 	-0.0987303 	-1.53675 	0.000764522 	-0.0985552 	0.00467774 	
0.095	2.05744 	-0.0982422 	-1.53855 	0.000726008 	-0.098579 	0.00466507 	
0.1	2.05723 	-0.0977896 	-1.54021 	0.000690308 	-0.0986013 	0.00465332 	
0.105	2.05703 	-0.09737 	-1.54175 	0.000657214 	-0.0986221 	0.00464243 	
0.11	2.05684 	-0.096981 	-1.54318 	0.000626535 	-0.0986415 	0.00463231 	
0.115	2.05667 	-0.0966202 	-1.5445 	0.000598094 	-0.0986597 	0.00462293 	
0.12	2.05652 	-0.0962857 	-1.54571 	0.000571728 	-0.0986766 	0.00461422 	
0.125	2.05638 	-0.0959755 	-1.54684 	0.000547283 	-0.0986926 	0.00460614 	
0.13	2.05625 	-0.0956879 	-1.54788 	0.00052462 	-0.0987075 	0.00459863 	
0.135	2.05613 	-0.0954211 	-1.54884 	0.000503606 	-0.0987215 	0.00459166 	
0.14	2.05603 	-0.0951736 	-1.54973 	0.000484122 	-0.0987347 	0.00458519 	
0.145	2.05593 	-0.094944 	-1.55054 	0.000466055 	-0.0987471 	0.00457918 	
0.15	2.05585 	-0.0947311 	-1.5513 	0.000449301 	-0.0987588 	0.00457359 	
0.155	2.05577 	-0.0945334 	-1.55199 	0.000433763 	-0.0987699 	0.00456839 	
0.16	2.0557 	-0.0943501 	-1.55263 	0.000419353 	-0.0987804 	0.00456356 	
0.165	2.05401 	-0.092794 	-1.55561 	0.000471271 	-0.0987936 	0.00454979 	
0.17	2.05426 	-0.0927049 	-1.5563 	0.000455359 	-0.0988154 	0.00454466 	
0.175	2.05445 	-0.0926358 	-1.55687 	0.000439747 	-0.098835 	0.00453942 	
0.18	2.05454 	-0.0925636 	-1.55734 	0.000425597 	-0.0988506 	0.0045345 	
0.185	2.05463 	-0.0924965 	-1.55777 	0.000412471 	-0.0988654 	0.00452993 	
0.19	2.05471 	-0.092434 	-1.55816 	0.000400293 	-0.0988793 	0.00452567 	
0.195	2.05479 	-0.0923758 	-1.55852 	0.000388995 	-0.0988925 	0.00452171 	
0.2	2.05487 	-0.0923216 	-1.55884 	0.00037851 	-0.098905 	0.00451801 	
0.205	2.05495 	-0.092271 	-1.55914 	0.00036878 	-0.0989169 	0.00451456 	
0.21	2.05481 	-0.0919447 	-1.5591 	0.000337931 	-0.0989003 	0.00454189 	
0.215	2.05488 	-0.0919006 	-1.55934 	0.000329547 	-0.0989111 	0.00453889 	
0.22	2.05495 	-0.0918595 	-1.55956 	0.000321763 	-0.0989214 	0.00453608 	
0.225	2.05341 	-0.0904621 	-1.56211 	0.000378922 	-0.0989345 	0.00452484 	
0.23	2.05378 	-0.0904942 	-1.56244 	0.000368729 	-0.0989562 	0.00452144 	
0.235	2.05408 	-0.0905371 	-1.56267 	0.000358422 	-0.0989757 	0.00451778 	
0.24	2.05427 	-0.0905688 	-1.56282 	0.000349185 	-0.0989914 	0.00451433 	
0.245	2.05446 	-0.0905978 	-1.56296 	0.000340608 	-0.0990063 	0.0045111 	
0.25	2.05464 	-0.0906243 	-1.56307 	0.000332643 	-0.0990205 	0.00450809 	
0.255	2.05481 	-0.0906485 	-1.56318 	0.000325245 	-0.0990339 	0.00450527 	
0.26	2.05497 	-0.0906705 	-1.56326 	0.000318372 	-0.0990468 	0.00450262 	
0.265	2.05512 	-0.0906905 	-1.56333 	0.000311986 	-0.0990591 	0.00450015 	
0.27	2.05527 	-0.0907087 	-1.56339 	0.000306051 	-0.0990709 	0.00449782 	
0.275	2.0537 	-0.0892916 	-1.56594 	0.000368815 	-0.0990858 	0.00448695 	
0.28	2.05417 	-0.0893794 	-1.56614 	0.000359953 	-0.0991099 	0.0044839 	
0.285	2.05454 	-0.0894743 	-1.56625 	0.000350838 	-0.0991316 	0.00448051 	
0.29	2.05481 	-0.0895533 	-1.56628 	0.000342735 	-0.099149 	0.00447729 	
0.295	2.05506 	-0.089626 	-1.5663 	0.000335207 	-0.0991656 	0.00447427 	
0.3	2.05529 	-0.089693 	-1.56631 	0.000328212 	-0.0991813 	0.00447145 	
0.305	2.05552 	-0.0897547 	-1.56631 	0.00032171 	-0.0991964 	0.0044688 	
0.31	2.05573 	-0.0898113 	-1.5663 	0.000315666 	-0.0992108 	0.00446631 	
0.315	2.05429 	-0.088504 	-1.56866 	0.000375139 	-0.0992279 	0.00445611 	
0.32	2.0548 	-0.0886211 	-1.56879 	0.000366355 	-0.0992536 	0.00445294 	
0.325	2.05521 	-0.0887427 	-1.56884 	0.000357337 	-0.0992769 	0.00444945 	
0.33	2.05552 	-0.0888469 	-1.56881 	0.000349303 	-0.0992961 	0.00444614 	
0.335	2.05582 	-0.0889429 	-1.56878 	0.000341837 	-0.0993144 	0.00444304 	
0.34	2.05609 	-0.0890314 	-1.56874 	0.000334897 	-0.0993318 	0.00444012 	
0.345	2.05635 	-0.0891129 	-1.56869 	0.000328445 	-0.0993485 	0.00443739 	
0.35	2.0566 	-0.0891879 	-1.56864 	0.000322445 	-0.0993644 	0.00443481 	
0.355	2.05502 	-0.0877525 	-1.57122 	0.000389305 	-0.0993835 	0.00442411 	
0.36	2.05561 	-0.0878943 	-1.57135 	0.000380092 	-0.0994126 	0.00442075 	
0.365	2.05609 	-0.0880397 	-1.57137 	0.000370602 	-0.0994386 	0.004417 	
0.37	2.05644 	-0.0881643 	-1.57131 	0.000362188 	-0.0994599 	0.00441344 	
0.375	2.05677 	-0.0882793 	-1.57124 	0.000354368 	-0.0994801 	0.00441009 	
0.38	2.05708 	-0.0883853 	-1.57116 	0.000347099 	-0.0994993 	0.00440695 	
0.385	2.05738 	-0.0884829 	-1.57109 	0.000340341 	-0.0995177 	0.004404 	
0.39	2.05587 	-0.0871042 	-1.5736 	0.000405191 	-0.099539 	0.00439357 	
0.395	2.05649 	-0.0872639 	-1.57369 	0.000395387 	-0.09957 	0.00438989 	
0.4	2.057 	-0.0874257 	-1.57369 	0.000385355 	-0.099598 	0.00438584 	
0.405	2.05739 	-0.0875657 	-1.5736 	0.000376431 	-0.099621 	0.00438198 	
0.41	2.05775 	-0.0876948 	-1.57351 	0.000368138 	-0.099643 	0.00437837 	
0.415	2.0581 	-0.0878139 	-1.57342 	0.000360428 	-0.099664 	0.00437497 	
0.42	2.05675 	-0.0865602 	-1.57574 	0.000419669 	-0.0996873 	0.00436507 	
0.425	2.05738 	-0.0867326 	-1.5758 	0.00040932 	-0.0997193 	0.00436106 	
0.43	2.05791 	-0.0869055 	-1.57578 	0.000398824 	-0.0997485 	0.00435673 	
0.435	2.05833 	-0.0870567 	-1.57568 	0.000389435 	-0.0997731 	0.00435261 	
0.44	2.05872 	-0.087196 	-1.57557 	0.00038071 	-0.0997966 	0.00434875 	
0.445	2.05909 	-0.0873245 	-1.57546 	0.0003726 	-0.0998189 	0.00434512 	
0.45	2.05767 	-0.0860132 	-1.57791 	0.000435091 	-0.0998438 	0.00433509 	
0.455	2.05835 	-0.0861981 	-1.57797 	0.000424159 	-0.0998781 	0.00433082 	
0.46	2.05892 	-0.0863831 	-1.57794 	0.000413083 	-0.0999092 	0.00432619 	
0.465	2.05936 	-0.0865447 	-1.57782 	0.000403186 	-0.0999353 	0.0043218 	
0.47	2.05977 	-0.0866937 	-1.57771 	0.000393989 	-0.0999602 	0.00431767 	
0.475	2.06017 	-0.086831 	-1.57759 	0.000385441 	-0.0999839 	0.0043138 	
0.48	2.05867 	-0.0854472 	-1.58018 	0.000451912 	-0.10001 	0.00430362 	
0.485	2.0594 	-0.0856452 	-1.58025 	0.000440315 	-0.100047 	0.00429907 	
0.49	2.06001 	-0.0858428 	-1.58021 	0.000428575 	-0.10008 	0.00429412 	
0.495	2.06047 	-0.0860151 	-1.58009 	0.000418098 	-0.100108 	0.0042894 	
0.5	2.06091 	-0.086174 	-1.57996 	0.000408364 	-0.100134 	0.00428498 	
0.505	2.05964 	-0.0849755 	-1.58225 	0.000465977 	-0.100163 	0.00427542 	
0.51	2.06036 	-0.0851825 	-1.58228 	0.000453826 	-0.1002 	0.00427049 	
0.515	2.06098 	-0.0853875 	-1.58222 	0.000441642 	-0.100233 	0.00426525 	
0.52	2.06146 	-0.0855681 	-1.58209 	0.000430696 	-0.100262 	0.00426027 	
0.525	2.06259 	-0.086592 	-1.58291 	0.000487364 	-0.100376 	0.00416054 	
0.53	2.0613 	-0.0853692 	-1.58526 	0.000546429 	-0.100405 	0.00415094 	
0.535	2.06205 	-0.085585 	-1.58529 	0.000533771 	-0.100444 	0.00414576 	
0.54	2.06269 	-0.0857985 	-1.58523 	0.000521094 	-0.100479 	0.00414026 	
0.545	2.0632 	-0.0859865 	-1.58509 	0.000509707 	-0.100509 	0.00413503 	
0.55	2.06368 	-0.0861599 	-1.58495 	0.000499129 	-0.100538 	0.00413013 	
0.555	2.06233 	-0.0848948 	-1.5874 	0.000560647 	-0.100569 	0.00412056 	
0.56	2.06311 	-0.08512 	-1.58744 	0.000547447 	-0.100609 	0.00411513 	
0.565	2.06378 	-0.0853426 	-1.58737 	0.000534234 	-0.100646 	0.00410935 	
0.57	2.06431 	-0.0855384 	-1.58723 	0.000522374 	-0.100677 	0.00410385 	
0.575	2.06481 	-0.085719 	-1.58707 	0.000511357 	-0.100707 	0.00409869 	
0.58	2.06341 	-0.0844122 	-1.58962 	0.000575342 	-0.100739 	0.0040892 	
0.585	2.06423 	-0.0846471 	-1.58967 	0.00056157 	-0.100781 	0.0040835 	
0.59	2.06493 	-0.084879 	-1.5896 	0.000547792 	-0.100819 	0.00407741 	
0.595	2.06548 	-0.0850829 	-1.58944 	0.000535433 	-0.100852 	0.00407162 	
0.6	2.06599 	-0.0852709 	-1.58928 	0.000523955 	-0.100882 	0.00406619 	
0.605	2.06454 	-0.0839247 	-1.59193 	0.000590334 	-0.100916 	0.00405683 	
0.61	2.0654 	-0.0841695 	-1.59198 	0.000575971 	-0.10096 	0.00405085 	
0.615	2.06612 	-0.084411 	-1.59191 	0.000561611 	-0.100999 	0.00404445 	
0.62	2.06669 	-0.0846231 	-1.59174 	0.000548737 	-0.101033 	0.00403835 	
0.625	2.06557 	-0.0835404 	-1.59395 	0.000601994 	-0.101068 	0.00402946 	
0.63	2.06639 	-0.0837914 	-1.59394 	0.000587162 	-0.101111 	0.00402305 	
0.635	2.06711 	-0.0840372 	-1.59385 	0.000572485 	-0.101151 	0.00401638 	
0.64	2.06769 	-0.0842554 	-1.59368 	0.000559225 	-0.101186 	0.00401006 	
0.645	2.06658 	-0.0831782 	-1.59589 	0.00061249 	-0.101221 	0.00400134 	
0.65	2.06742 	-0.0834349 	-1.59588 	0.000597292 	-0.101266 	0.00399471 	
0.655	2.06815 	-0.083686 	-1.59578 	0.000582268 	-0.101306 	0.00398783 	
0.66	2.06875 	-0.0839091 	-1.59561 	0.00056869 	-0.101341 	0.0039813 	
0.665	2.06761 	-0.0828133 	-1.59788 	0.000623222 	-0.101378 	0.00397275 	
0.67	2.06847 	-0.083076 	-1.59787 	0.000607642 	-0.101424 	0.00396592 	
0.675	2.06922 	-0.083333 	-1.59777 	0.000592242 	-0.101465 	0.00395881 	
0.68	2.06983 	-0.0835611 	-1.59759 	0.00057833 	-0.101501 	0.00395207 	
0.685	2.06866 	-0.0824458 	-1.59991 	0.000634202 	-0.101539 	0.0039437 	
0.69	2.06955 	-0.0827149 	-1.59991 	0.000618218 	-0.101585 	0.00393665 	
0.695	2.07031 	-0.082978 	-1.59981 	0.000602421 	-0.101628 	0.00392931 	
0.7	2.07094 	-0.0832116 	-1.59963 	0.000588156 	-0.101665 	0.00392234 	
0.705	2.06974 	-0.0820779 	-1.602 	0.000645327 	-0.101703 	0.00391417 	
0.71	2.07065 	-0.0823537 	-1.60199 	0.000628925 	-0.101751 	0.0039069 	
0.715	2.07143 	-0.0826231 	-1.60189 	0.000612718 	-0.101794 	0.00389931 	
0.72	2.07207 	-0.0828622 	-1.60171 	0.000598087 	-0.101832 	0.0038921 	
0.725	2.07085 	-0.0817118 	-1.60413 	0.000656508 	-0.101871 	0.00388417 	
0.73	2.07178 	-0.0819943 	-1.60413 	0.000639678 	-0.10192 	0.00387666 	
0.735	2.07258 	-0.0822702 	-1.60403 	0.000623051 	-0.101964 	0.00386882 	
0.74	2.07324 	-0.082515 	-1.60384 	0.000608045 	-0.102002 	0.00386136 	
0.745	2.07199 	-0.0813491 	-1.60631 	0.000667672 	-0.102042 	0.00385369 	
0.75	2.07294 	-0.0816383 	-1.60631 	0.000650407 	-0.102092 	0.00384594 	
0.755	2.07376 	-0.0819208 	-1.6062 	0.000633355 	-0.102138 	0.00383783 	
0.76	2.07442 	-0.0821713 	-1.60601 	0.00061797 	-0.102177 	0.00383013 	
0.765	2.07315 	-0.0809913 	-1.60853 	0.000678758 	-0.102218 	0.00382273 	
0.77	2.07412 	-0.0812874 	-1.60854 	0.000661057 	-0.102269 	0.00381474 	
0.775	2.07496 	-0.0815764 	-1.60843 	0.000643578 	-0.102315 	0.00380637 	
0.78	2.07564 	-0.0818326 	-1.60823 	0.000627812 	-0.102355 	0.00379841 	
0.785	2.07433 	-0.0806398 	-1.6108 	0.000689718 	-0.102396 	0.00379133 	
0.79	2.07533 	-0.0809426 	-1.6108 	0.000671579 	-0.102448 	0.00378309 	
0.795	2.07618 	-0.0812381 	-1.61069 	0.000653674 	-0.102495 	0.00377445 	
0.8	2.07688 	-0.0815 	-1.61049 	0.000637526 	-0.102536 	0.00376623 	
0.805	2.07555 	-0.0802957 	-1.6131 	0.00070051 	-0.102578 	0.00375949 	
0.81	2.07656 	-0.0806052 	-1.61311 	0.000681936 	-0.102631 	0.003751 	
0.815	2.07743 	-0.0809072 	-1.613 	0.000663605 	-0.102679 	0.00374209 	
0.82	2.07814 	-0.0811747 	-1.61279 	0.000647077 	-0.102721 	0.00373361 	
0.825	2.07678 	-0.0799601 	-1.61545 	0.000711097 	-0.102764 	0.00372724 	
0.83	2.07782 	-0.0802762 	-1.61546 	0.00069209 	-0.102818 	0.00371849 	
0.835	2.07871 	-0.0805845 	-1.61534 	0.000673337 	-0.102867 	0.00370931 	
0.84	2.07942 	-0.0808577 	-1.61513 	0.000656432 	-0.102909 	0.00370057 	
0.845	2.07805 	-0.0796341 	-1.61783 	0.000721448 	-0.102952 	0.00369459 	
0.85	2.0791 	-0.0799567 	-1.61784 	0.000702013 	-0.103007 	0.0036856 	
0.855	2.08 	-0.0802712 	-1.61772 	0.000682841 	-0.103057 	0.00367614 	
0.86	2.08073 	-0.0805498 	-1.61751 	0.000665562 	-0.103099 	0.00366713 	
0.865	2.07933 	-0.0793184 	-1.62025 	0.000731533 	-0.103144 	0.00366159 	
0.87	2.0804 	-0.0796474 	-1.62026 	0.000711675 	-0.1032 	0.00365234 	
0.875	2.08132 	-0.079968 	-1.62014 	0.00069209 	-0.10325 	0.0036426 	
0.88	2.08205 	-0.080252 	-1.61992 	0.000674442 	-0.103293 	0.00363333 	
0.885	2.08063 	-0.0790141 	-1.6227 	0.000741326 	-0.103338 	0.00362824 	
0.89	2.08133 	-0.078847 	-1.62214 	0.000682184 	-0.103345 	0.00367587 	
0.895	2.08226 	-0.0791736 	-1.62202 	0.000662192 	-0.103396 	0.00366586 	
0.9	2.08301 	-0.0794629 	-1.6218 	0.000644178 	-0.10344 	0.00365632 	
0.905	2.08157 	-0.0782199 	-1.62461 	0.000711979 	-0.103485 	0.00365177 	
0.91	2.08268 	-0.0785611 	-1.62463 	0.000691292 	-0.103543 	0.00364201 	
0.915	2.08362 	-0.0788936 	-1.62451 	0.000670899 	-0.103595 	0.00363173 	
0.92	2.08268 	-0.078012 	-1.62666 	0.000718831 	-0.103642 	0.0036258 	
0.925	2.0837 	-0.0783566 	-1.62659 	0.000697786 	-0.103697 	0.00361544 	
0.93	2.08461 	-0.0786896 	-1.62644 	0.000677267 	-0.103747 	0.00360488 	
0.935	2.08538 	-0.0789877 	-1.6262 	0.000658632 	-0.103792 	0.0035949 	
0.94	2.08395 	-0.0777721 	-1.62902 	0.000725936 	-0.103839 	0.00359113 	
0.945	2.08508 	-0.0781212 	-1.62903 	0.000704681 	-0.103897 	0.00358097 	
0.95	2.08603 	-0.078461 	-1.6289 	0.000683747 	-0.10395 	0.00357028 	
0.955	2.08508 	-0.0775796 	-1.63109 	0.000732486 	-0.103998 	0.00356501 	
0.96	2.08612 	-0.0779322 	-1.63103 	0.00071087 	-0.104054 	0.00355424 	
0.965	2.08705 	-0.0782728 	-1.63087 	0.000689796 	-0.104105 	0.00354327 	
0.97	2.08613 	-0.0774231 	-1.63301 	0.000737076 	-0.104153 	0.00353814 	
0.975	2.08718 	-0.0777777 	-1.63294 	0.00071528 	-0.10421 	0.00352721 	
0.98	2.08811 	-0.0781201 	-1.63278 	0.000694051 	-0.104261 	0.00351609 	
0.985	2.08718 	-0.0772727 	-1.63494 	0.000741565 	-0.10431 	0.00351128 	
0.99	2.08824 	-0.0776296 	-1.63487 	0.000719592 	-0.104367 	0.00350021 	
0.995	2.08917 	-0.077974 	-1.63471 	0.00069819 	-0.104419 	0.00348895 	
1	2.08824 	-0.0771268 	-1.63688 	0.000746072 	-0.104467 	0.00348448 	
1.005	2.08931 	-0.0774861 	-1.63681 	0.00072391 	-0.104524 	0.00347327 	
1.01	2.09025 	-0.0778329 	-1.63665 	0.000702321 	-0.104577 	0.00346186 	
1.015	2.08931 	-0.0769862 	-1.63884 	0.000750555 	-0.104626 	0.00345773 	
1.02	2.09038 	-0.0773481 	-1.63877 	0.000728192 	-0.104683 	0.00344637 	
1.025	2.09133 	-0.0776974 	-1.63861 	0.000706406 	-0.104735 	0.0034348 	
1.03	2.09038 	-0.0768519 	-1.64081 	0.000754963 	-0.104785 	0.00343101 	
1.035	2.09146 	-0.0772165 	-1.64075 	0.000732391 	-0.104842 	0.0034195 	
1.04	2.09241 	-0.0775685 	-1.64059 	0.000710401 	-0.104895 	0.00340777 	
1.045	2.09146 	-0.0767248 	-1.6428 	0.000759251 	-0.104945 	0.00340432 	
1.05	2.09254 	-0.0770922 	-1.64274 	0.000736466 	-0.105003 	0.00339265 	
1.055	2.0935 	-0.0774468 	-1.64258 	0.000714268 	-0.105056 	0.00338075 	
1.06	2.09254 	-0.0766056 	-1.6448 	0.000763385 	-0.105105 	0.00337765 	
1.065	2.09363 	-0.0769757 	-1.64474 	0.000740383 	-0.105164 	0.00336581 	
1.07	2.0946 	-0.0773331 	-1.64458 	0.000717975 	-0.105217 	0.00335375 	
1.075	2.09363 	-0.0764948 	-1.64682 	0.000767334 	-0.105267 	0.003351 	
1.08	2.09473 	-0.0768678 	-1.64675 	0.000744115 	-0.105326 	0.003339 	
1.085	2.09569 	-0.0772278 	-1.64659 	0.000721496 	-0.105379 	0.00332676 	
1.09	2.09472 	-0.076393 	-1.64884 	0.000771073 	-0.105429 	0.00332437 	
1.095	2.09582 	-0.0767688 	-1.64878 	0.000747638 	-0.105488 	0.00331221 	
1.1	2.0968 	-0.0771315 	-1.64861 	0.000724809 	-0.105542 	0.0032998 	
1.105	2.09582 	-0.0763006 	-1.65087 	0.000774582 	-0.105592 	0.00329776 	
1.11	2.09693 	-0.0766791 	-1.65081 	0.000750932 	-0.105651 	0.00328544 	
1.115	2.0979 	-0.0770445 	-1.65065 	0.000727894 	-0.105705 	0.00327286 	
1.12	2.09692 	-0.076218 	-1.65291 	0.000777842 	-0.105756 	0.00327118 	
1.125	2.09803 	-0.0765992 	-1.65285 	0.000753981 	-0.105815 	0.0032587 	
1.13	2.09901 	-0.0769672 	-1.65269 	0.000730737 	-0.105869 	0.00324595 	
1.135	2.09802 	-0.0761455 	-1.65496 	0.000780838 	-0.10592 	0.00324464 	
1.14	2.09914 	-0.0765294 	-1.6549 	0.000756769 	-0.105979 	0.00323199 	
1.145	2.10012 	-0.0768998 	-1.65473 	0.000733324 	-0.106034 	0.00321908 	
1.15	2.09913 	-0.0760834 	-1.65702 	0.000783557 	-0.106084 	0.00321815 	
1.155	2.10025 	-0.0764698 	-1.65695 	0.000759285 	-0.106144 	0.00320534 	
1.16	2.10123 	-0.0768427 	-1.65679 	0.000735642 	-0.106199 	0.00319226 	
1.165	2.10024 	-0.076032 	-1.65908 	0.000785988 	-0.106249 	0.0031917 	
1.17	2.10136 	-0.0764208 	-1.65901 	0.000761517 	-0.106309 	0.00317873 	
1.175	2.10235 	-0.076796 	-1.65884 	0.000737682 	-0.106364 	0.0031655 	
1.18	2.10134 	-0.0759913 	-1.66114 	0.000788121 	-0.106415 	0.00316531 	
1.185	2.10247 	-0.0763825 	-1.66108 	0.000763457 	-0.106475 	0.00315219 	
1.19	2.10346 	-0.0767599 	-1.66091 	0.000739434 	-0.106529 	0.0031388 	
1.195	2.10246 	-0.0759617 	-1.66321 	0.000789947 	-0.10658 	0.003139 	
1.2	2.10358 	-0.0763551 	-1.66314 	0.000765095 	-0.10664 	0.00312572 	
1.205	2.10458 	-0.0767347 	-1.66298 	0.000740892 	-0.106695 	0.00311217 	
1.21	2.10357 	-0.0759432 	-1.66528 	0.000791458 	-0.106746 	0.00311276 	
1.215	2.1047 	-0.0763387 	-1.66522 	0.000766426 	-0.106806 	0.00309934 	
1.22	2.10569 	-0.0767203 	-1.66505 	0.000742047 	-0.106861 	0.00308563 	
1.225	2.10468 	-0.075936 	-1.66735 	0.000792647 	-0.106912 	0.00308661 	
1.23	2.10569 	-0.0761729 	-1.6671 	0.000755159 	-0.106956 	0.00309176 	
1.235	2.10669 	-0.0765564 	-1.66693 	0.000730612 	-0.107011 	0.00307791 	
1.24	2.10567 	-0.0757796 	-1.66924 	0.000781239 	-0.107062 	0.00307929 	
1.245	2.1068 	-0.076179 	-1.66917 	0.000755866 	-0.107123 	0.00306558 	
1.25	2.1078 	-0.0765643 	-1.669 	0.000731157 	-0.107178 	0.00305158 	
1.255	2.10678 	-0.0757953 	-1.67131 	0.000781781 	-0.107229 	0.00305335 	
1.26	2.10792 	-0.0761965 	-1.67125 	0.000756249 	-0.107289 	0.00303951 	
1.265	2.10892 	-0.0765835 	-1.67108 	0.000731385 	-0.107344 	0.00302537 	
1.27	2.10789 	-0.0758225 	-1.67339 	0.000781986 	-0.107395 	0.00302754 	
1.275	2.10903 	-0.0762253 	-1.67332 	0.000756301 	-0.107455 	0.00301356 	
1.28	2.11003 	-0.0766139 	-1.67315 	0.00073129 	-0.10751 	0.00299928 	
1.285	2.109 	-0.0758614 	-1.67546 	0.00078185 	-0.107561 	0.00300184 	
1.29	2.11014 	-0.0762657 	-1.67539 	0.00075602 	-0.107621 	0.00298773 	
1.295	2.11114 	-0.0766557 	-1.67522 	0.000730869 	-0.107676 	0.00297333 	
1.3	2.11011 	-0.0759118 	-1.67753 	0.000781369 	-0.107727 	0.00297628 	
1.305	2.11125 	-0.0763175 	-1.67746 	0.000755403 	-0.107787 	0.00296205 	
1.31	2.11224 	-0.0767088 	-1.67729 	0.000730119 	-0.107842 	0.00294752 	
1.315	2.11122 	-0.0759739 	-1.6796 	0.00078054 	-0.107893 	0.00295087 	
1.32	2.11235 	-0.0763808 	-1.67953 	0.000754446 	-0.107953 	0.00293652 	
1.325	2.11335 	-0.0767733 	-1.67936 	0.000729038 	-0.108008 	0.00292187 	
1.33	2.11232 	-0.0760475 	-1.68166 	0.000779361 	-0.108059 	0.00292561 	
1.335	2.11345 	-0.0764555 	-1.68159 	0.000753147 	-0.108119 	0.00291114 	
1.34	2.11445 	-0.0768491 	-1.68142 	0.000727623 	-0.108173 	0.00289637 	
1.345	2.11342 	-0.0761328 	-1.68372 	0.000777829 	-0.108224 	0.00290051 	
1.35	2.11455 	-0.0765418 	-1.68365 	0.000751504 	-0.108284 	0.00288593 	
1.355	2.11555 	-0.0769362 	-1.68347 	0.000725873 	-0.108338 	0.00287105 	
1.36	2.11452 	-0.0762296 	-1.68577 	0.000775944 	-0.108389 	0.00287558 	
1.365	2.11565 	-0.0766394 	-1.6857 	0.000749517 	-0.108449 	0.0028609 	
1.37	2.11664 	-0.0770347 	-1.68553 	0.000723786 	-0.108503 	0.00284591 	
1.375	2.11561 	-0.076338 	-1.68781 	0.000773704 	-0.108553 	0.00285082 	
1.38	2.11674 	-0.0767484 	-1.68775 	0.000747183 	-0.108613 	0.00283604 	
1.385	2.11773 	-0.0771443 	-1.68757 	0.000721362 	-0.108667 	0.00282096 	
1.39	2.1167 	-0.0764577 	-1.68985 	0.000771107 	-0.108717 	0.00282626 	
1.395	2.11782 	-0.0768687 	-1.68978 	0.000744502 	-0.108777 	0.00281138 	
1.4	2.11881 	-0.0772651 	-1.68961 	0.0007186 	-0.108831 	0.00279621 	
1.405	2.11779 	-0.0765889 	-1.69188 	0.000768155 	-0.108881 	0.00280188 	
1.41	2.1189 	-0.0770002 	-1.69181 	0.000741475 	-0.10894 	0.00278692 	
1.415	2.11989 	-0.077397 	-1.69164 	0.000715501 	-0.108994 	0.00277166 	
1.42	2.11887 	-0.0767313 	-1.69391 	0.000764846 	-0.109044 	0.00277771 	
1.425	2.11998 	-0.0771429 	-1.69383 	0.000738101 	-0.109102 	0.00276267 	
1.43	2.12096 	-0.0775398 	-1.69366 	0.000712064 	-0.109156 	0.00274733 	
1.435	2.11994 	-0.0768848 	-1.69592 	0.000761182 	-0.109206 	0.00275375 	
1.44	2.12105 	-0.0772965 	-1.69585 	0.000734381 	-0.109264 	0.00273863 	
1.445	2.12202 	-0.0776935 	-1.69567 	0.00070829 	-0.109318 	0.00272321 	
1.45	2.12101 	-0.0770493 	-1.69792 	0.000757164 	-0.109367 	0.00272999 	
1.455	2.12211 	-0.0774609 	-1.69785 	0.000730317 	-0.109425 	0.00271481 	
1.46	2.12308 	-0.0778579 	-1.69767 	0.000704181 	-0.109479 	0.00269933 	
1.465	2.12207 	-0.0772247 	-1.69991 	0.000752791 	-0.109528 	0.00270647 	
1.47	2.12317 	-0.0776361 	-1.69984 	0.000725909 	-0.109586 	0.00269121 	
1.475	2.12413 	-0.0780328 	-1.69966 	0.000699739 	-0.109639 	0.00267567 	
1.48	2.12313 	-0.0774108 	-1.70189 	0.000748068 	-0.109688 	0.00268316 	
1.485	2.12422 	-0.0778218 	-1.70181 	0.000721159 	-0.109745 	0.00266786 	
1.49	2.12518 	-0.0782182 	-1.70164 	0.000694965 	-0.109798 	0.00265226 	
1.495	2.12418 	-0.0776074 	-1.70385 	0.000742995 	-0.109846 	0.00266009 	
1.5	2.12526 	-0.0780179 	-1.70378 	0.000716071 	-0.109904 	0.00264474 	
1.505	2.12622 	-0.0784138 	-1.70361 	0.000689862 	-0.109956 	0.0026291 	
1.51	2.12522 	-0.0778144 	-1.70581 	0.000737575 	-0.110004 	0.00263726 	
1.515	2.12629 	-0.0782242 	-1.70573 	0.000710646 	-0.110061 	0.00262186 	
1.52	2.12724 	-0.0786195 	-1.70556 	0.000684433 	-0.110113 	0.00260618 	
1.525	2.12625 	-0.0780315 	-1.70774 	0.000731811 	-0.110161 	0.00261468 	
1.53	2.12732 	-0.0784405 	-1.70767 	0.000704888 	-0.110218 	0.00259924 	
1.535	2.12827 	-0.078835 	-1.70749 	0.000678681 	-0.110269 	0.00258353 	
1.54	2.12728 	-0.0782586 	-1.70967 	0.000725706 	-0.110317 	0.00259234 	
1.545	2.12834 	-0.0786666 	-1.70959 	0.0006988 	-0.110373 	0.00257687 	
1.55	2.12928 	-0.0790601 	-1.70942 	0.000672609 	-0.110424 	0.00256114 	
1.555	2.1283 	-0.0784954 	-1.71157 	0.000719265 	-0.110472 	0.00257026 	
1.56	2.12935 	-0.0789023 	-1.7115 	0.000692386 	-0.110528 	0.00255477 	
1.565	2.13028 	-0.0792946 	-1.71132 	0.000666222 	-0.110578 	0.00253901 	
1.57	2.12931 	-0.0787416 	-1.71346 	0.000712492 	-0.110625 	0.00254843 	
1.575	2.13035 	-0.0791472 	-1.71339 	0.00068565 	-0.110681 	0.00253292 	
1.58	2.13128 	-0.0795383 	-1.71321 	0.000659524 	-0.110731 	0.00251716 	
1.585	2.13017 	-0.0788086 	-1.71511 	0.000691215 	-0.110759 	0.00254929 	
1.59	2.1312 	-0.0792127 	-1.71503 	0.000664423 	-0.110814 	0.00253377 	
1.595	2.13212 	-0.0796023 	-1.71486 	0.000638345 	-0.110864 	0.00251801 	
1.6	2.13291 	-0.0799509 	-1.71461 	0.00061469 	-0.110908 	0.00250317 	
1.605	2.13139 	-0.079133 	-1.71742 	0.00068252 	-0.110953 	0.00252176 	
1.61	2.13251 	-0.0795362 	-1.71743 	0.000655902 	-0.111011 	0.00250695 	
1.615	2.13346 	-0.0799287 	-1.71729 	0.00062966 	-0.111062 	0.00249128 	
1.62	2.13245 	-0.0793896 	-1.71944 	0.000676587 	-0.111107 	0.00250234 	
1.625	2.13347 	-0.0797931 	-1.71937 	0.000649745 	-0.111161 	0.00248674 	
1.63	2.13438 	-0.0801825 	-1.7192 	0.000623592 	-0.111211 	0.00247085 	
1.635	2.13515 	-0.0805306 	-1.71894 	0.000599881 	-0.111254 	0.0024559 	
1.64	2.13366 	-0.0797503 	-1.7217 	0.000666322 	-0.111298 	0.00247518 	
1.645	2.13475 	-0.0801517 	-1.7217 	0.000639717 	-0.111355 	0.00246027 	
1.65	2.13568 	-0.0805424 	-1.72157 	0.000613495 	-0.111405 	0.00244453 	
1.655	2.13644 	-0.0808884 	-1.72131 	0.000589869 	-0.111447 	0.00242957 	
1.66	2.13491 	-0.0801068 	-1.72409 	0.000657299 	-0.111491 	0.00244993 	
1.665	2.136 	-0.0805079 	-1.7241 	0.000630674 	-0.111547 	0.00243499 	
1.67	2.13692 	-0.0808985 	-1.72396 	0.000604409 	-0.111597 	0.00241919 	
1.675	2.13767 	-0.0812443 	-1.72371 	0.000580755 	-0.111639 	0.00240418 	
1.68	2.13616 	-0.0804846 	-1.72645 	0.000647298 	-0.111682 	0.00242486 	
1.685	2.13723 	-0.0808845 	-1.72646 	0.000620692 	-0.111737 	0.00240986 	
1.69	2.13814 	-0.0812741 	-1.72632 	0.000594451 	-0.111786 	0.00239402 	
1.695	2.13888 	-0.0816189 	-1.72607 	0.000570813 	-0.111828 	0.00237899 	
1.7	2.1374 	-0.0808831 	-1.72877 	0.000636273 	-0.11187 	0.0023999 	
1.705	2.13845 	-0.0812809 	-1.72877 	0.000609744 	-0.111925 	0.00238488 	
1.71	2.13934 	-0.0816684 	-1.72863 	0.000583584 	-0.111973 	0.00236905 	
1.715	2.14008 	-0.0820116 	-1.72839 	0.000560013 	-0.112014 	0.00235403 	
1.72	2.13861 	-0.0812994 	-1.73104 	0.000624358 	-0.112056 	0.00237515 	
1.725	2.13964 	-0.0816945 	-1.73104 	0.000597956 	-0.112109 	0.00236014 	
1.73	2.14053 	-0.0820793 	-1.7309 	0.000571924 	-0.112157 	0.00234434 	
1.735	2.14125 	-0.0824202 	-1.73065 	0.000548465 	-0.112197 	0.00232937 	
1.74	2.13981 	-0.0817312 	-1.73326 	0.000611672 	-0.112239 	0.00235068 	
1.745	2.14082 	-0.0821229 	-1.73326 	0.000585441 	-0.112291 	0.00233571 	
1.75	2.14169 	-0.0825044 	-1.73312 	0.000559579 	-0.112338 	0.00231998 	
1.755	2.14241 	-0.0828425 	-1.73288 	0.000536269 	-0.112378 	0.00230508 	
1.76	2.14099 	-0.0821765 	-1.73544 	0.000598312 	-0.112418 	0.00232655 	
1.765	2.14198 	-0.0825642 	-1.73543 	0.000572289 	-0.11247 	0.00231165 	
1.77	2.14284 	-0.0829419 	-1.73529 	0.000546634 	-0.112516 	0.00229601 	
1.775	2.14354 	-0.0832767 	-1.73505 	0.000523505 	-0.112555 	0.0022812 	
1.78	2.14215 	-0.0826335 	-1.73757 	0.000584356 	-0.112595 	0.0023028 	
1.785	2.14312 	-0.0830167 	-1.73755 	0.000558574 	-0.112646 	0.00228798 	
1.79	2.14396 	-0.0833902 	-1.73742 	0.000533158 	-0.112691 	0.00227246 	
1.795	2.14465 	-0.0837213 	-1.73718 	0.00051024 	-0.112729 	0.00225777 	
1.8	2.14329 	-0.0831005 	-1.73965 	0.000569866 	-0.112768 	0.00227945 	
1.805	2.14424 	-0.083479 	-1.73963 	0.000544357 	-0.112818 	0.00226475 	
1.81	2.14507 	-0.0838477 	-1.7395 	0.000519209 	-0.112862 	0.00224936 	
1.815	2.14575 	-0.0841748 	-1.73927 	0.00049653 	-0.1129 	0.00223481 	
1.82	2.14441 	-0.0835763 	-1.74168 	0.000554898 	-0.112938 	0.00225654 	
1.825	2.14534 	-0.0839495 	-1.74166 	0.000529689 	-0.112987 	0.00224196 	
1.83	2.14615 	-0.0843132 	-1.74153 	0.000504838 	-0.11303 	0.00222673 	
1.835	2.14682 	-0.0846359 	-1.7413 	0.000482422 	-0.113067 	0.00221235 	
1.84	2.14551 	-0.0840595 	-1.74366 	0.000539496 	-0.113105 	0.00223408 	
1.845	2.14642 	-0.0844271 	-1.74364 	0.000514615 	-0.113152 	0.00221965 	
1.85	2.14721 	-0.0847853 	-1.74351 	0.000490086 	-0.113195 	0.00220459 	
1.855	2.14787 	-0.0851034 	-1.74329 	0.000467956 	-0.113231 	0.00219038 	
1.86	2.14659 	-0.0845489 	-1.74559 	0.000523703 	-0.113268 	0.00221207 	
1.865	2.14748 	-0.0849105 	-1.74557 	0.000499174 	-0.113314 	0.0021978 	
1.87	2.14825 	-0.085263 	-1.74544 	0.000474992 	-0.113356 	0.00218293 	
1.875	2.14889 	-0.0855761 	-1.74522 	0.000453172 	-0.113392 	0.00216892 	
1.88	2.14764 	-0.0850433 	-1.74747 	0.000507556 	-0.113428 	0.00219053 	
1.885	2.14851 	-0.0853987 	-1.74745 	0.000483404 	-0.113473 	0.00217644 	
1.89	2.14927 	-0.0857451 	-1.74732 	0.000459593 	-0.113513 	0.00216178 	
1.895	2.1499 	-0.0860529 	-1.74711 	0.000438104 	-0.113548 	0.00214797 	
1.9	2.14868 	-0.0855417 	-1.7493 	0.000491089 	-0.113584 	0.00216946 	
1.905	2.14952 	-0.0858904 	-1.74927 	0.000467338 	-0.113628 	0.00215555 	
1.91	2.15026 	-0.0862305 	-1.74915 	0.000443922 	-0.113667 	0.00214112 	
1.915	2.15088 	-0.0865328 	-1.74894 	0.000422785 	-0.113701 	0.00212753 	
1.92	2.14969 	-0.0860428 	-1.75108 	0.000474337 	-0.113736 	0.00214885 	
1.925	2.15051 	-0.0863846 	-1.75104 	0.000451008 	-0.113778 	0.00213516 	
1.93	2.15123 	-0.0867181 	-1.75092 	0.00042801 	-0.113817 	0.00212096 	
1.935	2.15184 	-0.0870146 	-1.75072 	0.000407245 	-0.11385 	0.00210761 	
1.94	2.15241 	-0.0872863 	-1.75051 	0.000388097 	-0.113882 	0.00209522 	
1.945	2.15085 	-0.0866327 	-1.7531 	0.000454897 	-0.113915 	0.0021247 	
1.95	2.1517 	-0.0869672 	-1.75313 	0.000432168 	-0.113958 	0.00211182 	
1.955	2.15293 	-0.0879772 	-1.75385 	0.000459823 	-0.114065 	0.00201603 	
1.96	2.15351 	-0.0882674 	-1.75365 	0.000439461 	-0.114097 	0.00200291 	
1.965	2.15406 	-0.0885334 	-1.75345 	0.000420686 	-0.114128 	0.00199074 	
1.97	2.15252 	-0.0878978 	-1.75599 	0.000486504 	-0.114159 	0.00202038 	
1.975	2.15335 	-0.088226 	-1.75602 	0.000464171 	-0.114202 	0.00200769 	
1.98	2.15406 	-0.0885493 	-1.75592 	0.000441864 	-0.114239 	0.00199406 	
1.985	2.15462 	-0.0888342 	-1.75573 	0.000421843 	-0.114271 	0.00198115 	
1.99	2.15516 	-0.0890955 	-1.75554 	0.000403381 	-0.1143 	0.00196917 	
1.995	2.15367 	-0.0884949 	-1.75798 	0.000466636 	-0.114331 	0.00199816 	
2	2.15447 	-0.0888153 	-1.758 	0.00044478 	-0.114372 	0.00198566 	
2.005	2.15515 	-0.089131 	-1.75791 	0.000422955 	-0.114408 	0.00197229 	
2.01	2.1557 	-0.0894096 	-1.75772 	0.000403355 	-0.114438 	0.00195965 	
2.015	2.15622 	-0.089665 	-1.75754 	0.000385282 	-0.114467 	0.00194792 	
2.02	2.1548 	-0.0891 	-1.75988 	0.000445794 	-0.114496 	0.00197612 	
2.025	2.15556 	-0.0894114 	-1.75989 	0.0004245 	-0.114536 	0.00196386 	
2.03	2.15621 	-0.0897184 	-1.7598 	0.000403242 	-0.11457 	0.00195081 	
2.035	2.15674 	-0.0899896 	-1.75962 	0.000384139 	-0.1146 	0.00193849 	
2.04	2.15725 	-0.0902382 	-1.75944 	0.000366525 	-0.114627 	0.00192706 	
2.045	2.15589 	-0.0897079 	-1.76168 	0.000424253 	-0.114656 	0.0019544 	
2.05	2.15661 	-0.0900093 	-1.76168 	0.00040359 	-0.114693 	0.00194244 	
2.055	2.15724 	-0.0903066 	-1.76159 	0.000382967 	-0.114726 	0.00192975 	
2.06	2.15776 	-0.0905695 	-1.76142 	0.000364424 	-0.114755 	0.0019178 	
2.065	2.15824 	-0.0908106 	-1.76125 	0.000347326 	-0.114781 	0.00190671 	
2.07	2.15869 	-0.0910314 	-1.76107 	0.000331565 	-0.114806 	0.00189642 	
2.075	2.15708 	-0.0903927 	-1.76361 	0.000399956 	-0.114833 	0.00193002 	
2.08	2.15781 	-0.0906832 	-1.76366 	0.000380118 	-0.11487 	0.00191889 	
2.085	2.15843 	-0.0909723 	-1.7636 	0.000360088 	-0.114903 	0.00190669 	
2.09	2.15892 	-0.091226 	-1.76343 	0.000342172 	-0.11493 	0.00189514 	
2.095	2.15938 	-0.0914587 	-1.76327 	0.00032565 	-0.114955 	0.00188441 	
2.1	2.15981 	-0.0916718 	-1.7631 	0.00031042 	-0.114979 	0.00187446 	
2.105	2.15827 	-0.0910704 	-1.76552 	0.000375809 	-0.115005 	0.00190713 	
2.11	2.15896 	-0.0913498 	-1.76557 	0.000356687 	-0.11504 	0.00189632 	
2.115	2.15955 	-0.0916282 	-1.7655 	0.000337372 	-0.115071 	0.00188453 	
2.12	2.16001 	-0.0918728 	-1.76535 	0.000320084 	-0.115096 	0.00187339 	
2.125	2.16045 	-0.0920971 	-1.76519 	0.000304141 	-0.115121 	0.00186304 	
2.13	2.16087 	-0.0923027 	-1.76503 	0.000289444 	-0.115143 	0.00185345 	
2.135	2.15942 	-0.0917512 	-1.7673 	0.000350438 	-0.115167 	0.00188435 	
2.14	2.16007 	-0.0920177 	-1.76733 	0.00033215 	-0.1152 	0.00187391 	
2.145	2.16062 	-0.0922833 	-1.76727 	0.000313685 	-0.11523 	0.00186261 	
2.15	2.16106 	-0.0925172 	-1.76712 	0.000297141 	-0.115254 	0.00185195 	
2.155	2.16148 	-0.0927318 	-1.76698 	0.000281883 	-0.115277 	0.00184207 	
2.16	2.16187 	-0.0929285 	-1.76683 	0.000267816 	-0.115298 	0.0018329 	
2.165	2.16224 	-0.0931087 	-1.76668 	0.000254851 	-0.115319 	0.00182439 	
2.17	2.16064 	-0.0924954 	-1.76911 	0.00032213 	-0.115341 	0.00185937 	
2.175	2.16127 	-0.0927471 	-1.76917 	0.000304909 	-0.115373 	0.00184977 	
2.18	2.1618 	-0.0930002 	-1.76912 	0.000287336 	-0.1154 	0.0018391 	
2.185	2.16222 	-0.0932218 	-1.76899 	0.000271655 	-0.115423 	0.001829 	
2.19	2.16261 	-0.0934251 	-1.76885 	0.000257191 	-0.115444 	0.00181964 	
2.195	2.16298 	-0.0936115 	-1.76872 	0.000243854 	-0.115465 	0.00181095 	
2.2	2.16332 	-0.0937824 	-1.76858 	0.000231561 	-0.115484 	0.00180289 	
2.205	2.16185 	-0.0932271 	-1.77082 	0.000293445 	-0.115504 	0.00183551 	
2.21	2.16242 	-0.0934629 	-1.77086 	0.000277269 	-0.115533 	0.00182638 	
2.215	2.16291 	-0.0937002 	-1.77082 	0.000260765 	-0.115559 	0.00181632 	
2.22	2.1633 	-0.0939086 	-1.7707 	0.000246017 	-0.11558 	0.00180685 	
2.225	2.16366 	-0.0940999 	-1.77057 	0.000232412 	-0.1156 	0.00179806 	
2.23	2.164 	-0.0942753 	-1.77045 	0.000219865 	-0.115618 	0.0017899 	
2.235	2.16432 	-0.0944362 	-1.77033 	0.000208298 	-0.115636 	0.00178234 	
2.24	2.16463 	-0.0945835 	-1.7702 	0.000197638 	-0.115653 	0.00177532 	
2.245	2.1631 	-0.0940086 	-1.77246 	0.000261563 	-0.115671 	0.00180969 	
2.25	2.16364 	-0.0942254 	-1.77252 	0.000246712 	-0.115698 	0.00180143 	
2.255	2.16409 	-0.0944457 	-1.77249 	0.000231412 	-0.115722 	0.00179216 	
2.26	2.16444 	-0.0946383 	-1.77239 	0.00021778 	-0.115741 	0.00178342 	
2.265	2.16478 	-0.0948153 	-1.77228 	0.000205202 	-0.115759 	0.00177531 	
2.27	2.16509 	-0.0949777 	-1.77217 	0.000193598 	-0.115776 	0.00176779 	
2.275	2.16538 	-0.0951267 	-1.77206 	0.000182898 	-0.115792 	0.00176081 	
2.28	2.16565 	-0.0952632 	-1.77195 	0.000173034 	-0.115807 	0.00175434 	
2.285	2.16591 	-0.0953883 	-1.77184 	0.000163944 	-0.115821 	0.00174834 	
2.29	2.16615 	-0.0955027 	-1.77173 	0.000155569 	-0.115835 	0.00174277 	
2.295	2.16448 	-0.0948661 	-1.77414 	0.000225687 	-0.11585 	0.0017813 	
2.3	2.16447 	-0.0943658 	-1.77339 	0.000161529 	-0.115806 	0.00185832 	
2.305	2.16489 	-0.094567 	-1.77338 	0.000147602 	-0.115827 	0.00185001 	
2.31	2.1652 	-0.0947417 	-1.77329 	0.00013527 	-0.115844 	0.00184212 	
2.315	2.1655 	-0.0949022 	-1.7732 	0.000123886 	-0.11586 	0.00183481 	
2.32	2.16577 	-0.0950497 	-1.77311 	0.00011338 	-0.115875 	0.00182802 	
2.325	2.16603 	-0.0951851 	-1.77302 	0.000103687 	-0.115889 	0.00182173 	
2.33	2.16627 	-0.0953095 	-1.77293 	9.47451e-05 	-0.115902 	0.0018159 	
2.335	2.1665 	-0.0954235 	-1.77284 	8.64995e-05 	-0.115915 	0.00181049 	
2.34	2.16671 	-0.095528 	-1.77275 	7.88978e-05 	-0.115927 	0.00180547 	
2.345	2.16691 	-0.0956238 	-1.77266 	7.18917e-05 	-0.115938 	0.00180082 	
2.35	2.1671 	-0.0957114 	-1.77257 	6.54367e-05 	-0.115948 	0.0017965 	
2.355	2.16548 	-0.0950989 	-1.77485 	0.000133022 	-0.11596 	0.00183427 	
2.36	2.16591 	-0.0952655 	-1.77494 	0.000121721 	-0.115982 	0.00182828 	
2.365	2.16626 	-0.09544 	-1.77495 	0.000109682 	-0.116 	0.00182114 	
2.37	2.16653 	-0.0955912 	-1.77488 	9.90506e-05 	-0.116014 	0.00181438 	
2.375	2.16677 	-0.0957303 	-1.77481 	8.923e-05 	-0.116027 	0.00180812 	
2.38	2.167 	-0.0958584 	-1.77475 	8.01599e-05 	-0.11604 	0.00180231 	
2.385	2.16722 	-0.0959762 	-1.77468 	7.17841e-05 	-0.116052 	0.00179693 	
2.39	2.16742 	-0.0960846 	-1.77462 	6.40507e-05 	-0.116062 	0.00179193 	
2.395	2.16761 	-0.0961842 	-1.77455 	5.69117e-05 	-0.116073 	0.0017873 	
2.4	2.16779 	-0.0962758 	-1.77448 	5.03223e-05 	-0.116082 	0.00178301 	
2.405	2.16795 	-0.0963599 	-1.77442 	4.42412e-05 	-0.116092 	0.00177902 	
2.41	2.16811 	-0.0964372 	-1.77436 	3.863e-05 	-0.1161 	0.00177533 	
2.415	2.16825 	-0.0965081 	-1.77429 	3.34533e-05 	-0.116108 	0.00177191 	
2.42	2.16839 	-0.0965732 	-1.77423 	2.8678e-05 	-0.116116 	0.00176873 	
2.425	2.16852 	-0.0966329 	-1.77417 	2.42733e-05 	-0.116123 	0.00176579 	
2.43	2.16864 	-0.0966877 	-1.77411 	2.02104e-05 	-0.116129 	0.00176305 	
2.435	2.16875 	-0.096738 	-1.77405 	1.64646e-05 	-0.116136 	0.00176052 	
2.44	2.16885 	-0.096784 	-1.774 	1.30103e-05 	-0.116141 	0.00175817 	
2.445	2.16895 	-0.0968263 	-1.77394 	9.82511e-06 	-0.116147 	0.001756 	
2.45	2.16904 	-0.096865 	-1.77389 	6.88893e-06 	-0.116152 	0.00175398 	
2.455	2.16913 	-0.0969004 	-1.77384 	4.18228e-06 	-0.116157 	0.0017521 	
2.46	2.16921 	-0.0969329 	-1.77379 	1.68718e-06 	-0.116162 	0.00175037 	
2.465	2.16751 	-0.0962813 	-1.77608 	7.23703e-05 	-0.116168 	0.00179072 	
2.47	2.16783 	-0.0964011 	-1.77621 	6.44475e-05 	-0.116184 	0.00178693 	
2.475	2.16809 	-0.0965329 	-1.77626 	5.5521e-05 	-0.116197 	0.00178185 	
2.48	2.16827 	-0.0966455 	-1.77624 	4.77464e-05 	-0.116207 	0.00177701 	
2.485	2.16844 	-0.0967497 	-1.77622 	4.05484e-05 	-0.116215 	0.00177254 	
2.49	2.16859 	-0.096846 	-1.77619 	3.38837e-05 	-0.116223 	0.00176839 	
2.495	2.16874 	-0.0969352 	-1.77617 	2.77119e-05 	-0.116231 	0.00176454 	
2.5	2.16887 	-0.0970177 	-1.77615 	2.1996e-05 	-0.116238 	0.00176097 	
2.505	2.16899 	-0.0970941 	-1.77613 	1.67009e-05 	-0.116245 	0.00175767 	
2.51	2.16911 	-0.0971649 	-1.77612 	1.17941e-05 	-0.116251 	0.00175461 	
2.515	2.16922 	-0.09723 	-1.7761 	7.27153e-06 	-0.116256 	0.00175178 	
2.52	2.16932 	-0.0972889 	-1.77608 	3.16271e-06 	-0.116262 	0.00174919 	
2.525	2.16941 	-0.097343 	-1.77607 	-6.15433e-07 	-0.116266 	0.0017468 	
2.53	2.16949 	-0.0973933 	-1.77605 	-4.12925e-06 	-0.116271 	0.00174458 	
2.535	2.16958 	-0.0974401 	-1.77604 	-7.39606e-06 	-0.116275 	0.00174252 	
2.54	2.16965 	-0.0974838 	-1.77603 	-1.04396e-05 	-0.116279 	0.00174061 	
2.545	2.16972 	-0.0975246 	-1.77602 	-1.32794e-05 	-0.116283 	0.00173882 	
2.55	2.16979 	-0.0975627 	-1.77601 	-1.59338e-05 	-0.116286 	0.00173716 	
2.555	2.16986 	-0.0975985 	-1.776 	-1.84197e-05 	-0.11629 	0.0017356 	
2.56	2.16992 	-0.0976322 	-1.77599 	-2.07528e-05 	-0.116293 	0.00173414 	
2.565	2.16998 	-0.097664 	-1.77598 	-2.29475e-05 	-0.116296 	0.00173278 	
2.57	2.17003 	-0.0976941 	-1.77598 	-2.50174e-05 	-0.116299 	0.0017315 	
2.575	2.17009 	-0.0977226 	-1.77597 	-2.6975e-05 	-0.116301 	0.00173029 	
2.58	2.17014 	-0.0977497 	-1.77597 	-2.88317e-05 	-0.116304 	0.00172915 	
2.585	2.17019 	-0.0977757 	-1.77597 	-3.05984e-05 	-0.116306 	0.00172808 	
2.59	2.17024 	-0.0978005 	-1.77596 	-3.2285e-05 	-0.116309 	0.00172705 	
2.595	2.17029 	-0.0978245 	-1.77596 	-3.39005e-05 	-0.116311 	0.00172608 	
2.6	2.17034 	-0.0978476 	-1.77596 	-3.54537e-05 	-0.116313 	0.00172516 	
2.605	2.17039 	-0.0978701 	-1.77596 	-3.69523e-05 	-0.116316 	0.00172427 	
2.61	2.17044 	-0.0978919 	-1.77596 	-3.84037e-05 	-0.116318 	0.00172342 	
2.615	2.17049 	-0.0979133 	-1.77596 	-3.98146e-05 	-0.11632 	0.0017226 	
2.62	2.17054 	-0.0979343 	-1.77596 	-4.11914e-05 	-0.116322 	0.00172181 	
2.625	2.17059 	-0.097955 	-1.77596 	-4.25398e-05 	-0.116324 	0.00172104 	
2.63	2.17064 	-0.0979754 	-1.77597 	-4.38653e-05 	-0.116326 	0.00172029 	
2.635	2.17069 	-0.0979957 	-1.77597 	-4.51728e-05 	-0.116329 	0.00171956 	
2.64	2.17074 	-0.0980159 	-1.77598 	-4.64669e-05 	-0.116331 	0.00171884 	
2.645	2.17079 	-0.0980361 	-1.77598 	-4.77519e-05 	-0.116333 	0.00171813 	
2.65	2.17085 	-0.0980563 	-1.77599 	-4.90317e-05 	-0.116335 	0.00171744 	
2.655	2.17145 	-0.0988202 	-1.77689 	4.0106e-06 	-0.116412 	0.00162671 	
2.66	2.1715 	-0.0988414 	-1.7769 	2.68813e-06 	-0.116414 	0.00162601 	
2.665	2.17156 	-0.0988653 	-1.77691 	1.21933e-06 	-0.116416 	0.00162525 	
2.67	2.17162 	-0.09889 	-1.77692 	-2.93136e-07 	-0.116418 	0.00162448 	
2.675	2.17168 	-0.0989144 	-1.77693 	-1.78911e-06 	-0.116421 	0.00162372 	
2.68	2.17174 	-0.098939 	-1.77694 	-3.28743e-06 	-0.116423 	0.00162297 	
2.685	2.1718 	-0.0989637 	-1.77695 	-4.78681e-06 	-0.116426 	0.00162221 	
2.69	2.17187 	-0.0989885 	-1.77697 	-6.2918e-06 	-0.116428 	0.00162146 	
2.695	2.17194 	-0.0990135 	-1.77698 	-7.80526e-06 	-0.116431 	0.00162071 	
2.7	2.17201 	-0.0990387 	-1.77699 	-9.32979e-06 	-0.116433 	0.00161995 	
2.705	2.17208 	-0.0990642 	-1.777 	-1.08678e-05 	-0.116436 	0.00161919 	
2.71	2.17215 	-0.0990901 	-1.77702 	-1.24216e-05 	-0.116439 	0.00161842 	
2.715	2.17223 	-0.0991162 	-1.77703 	-1.39931e-05 	-0.116442 	0.00161765 	
2.72	2.1723 	-0.0991428 	-1.77705 	-1.55844e-05 	-0.116444 	0.00161687 	
2.725	2.17238 	-0.0991697 	-1.77706 	-1.7197e-05 	-0.116447 	0.00161609 	
2.73	2.17246 	-0.0991971 	-1.77708 	-1.88328e-05 	-0.11645 	0.00161529 	
2.735	2.17255 	-0.0992249 	-1.77709 	-2.04931e-05 	-0.116453 	0.00161448 	
2.74	2.1749 	-0.0991313 	-1.77437 	-1.12374e-05 	-0.116456 	0.00162128 	
2.745	2.17497 	-0.0991862 	-1.77446 	-1.43421e-05 	-0.116457 	0.0016194 	
2.75	2.17492 	-0.099234 	-1.77448 	-1.72013e-05 	-0.116454 	0.00161765 	
2.755	2.17484 	-0.0992739 	-1.77447 	-1.96598e-05 	-0.11645 	0.00161618 	
2.76	2.17478 	-0.0993137 	-1.77446 	-2.20985e-05 	-0.116446 	0.00161474 	
2.765	2.17473 	-0.0993533 	-1.77445 	-2.45219e-05 	-0.116444 	0.00161332 	
2.77	2.17469 	-0.0993928 	-1.77444 	-2.69342e-05 	-0.116441 	0.00161194 	
2.775	2.17467 	-0.0994323 	-1.77444 	-2.93395e-05 	-0.11644 	0.00161057 	
2.78	2.17466 	-0.0994719 	-1.77444 	-3.17413e-05 	-0.116438 	0.00160922 	
2.785	2.17466 	-0.0995115 	-1.77444 	-3.4143e-05 	-0.116438 	0.00160788 	
2.79	2.17466 	-0.0995513 	-1.77444 	-3.65477e-05 	-0.116437 	0.00160656 	
2.795	2.17468 	-0.0995912 	-1.77445 	-3.89582e-05 	-0.116437 	0.00160525 	
2.8	2.17471 	-0.0996314 	-1.77446 	-4.13772e-05 	-0.116438 	0.00160395 	
2.805	2.17474 	-0.0996718 	-1.77446 	-4.3807e-05 	-0.116438 	0.00160265 	
2.81	2.17479 	-0.0997125 	-1.77447 	-4.625e-05 	-0.116439 	0.00160136 	
2.815	2.17484 	-0.0997535 	-1.77448 	-4.87083e-05 	-0.116441 	0.00160007 	
2.82	2.17721 	-0.0997862 	-1.77169 	-5.21041e-05 	-0.116442 	0.00159941 	
2.825	2.17726 	-0.0998416 	-1.77179 	-5.51064e-05 	-0.116442 	0.00159783 	
2.83	2.17719 	-0.0998859 	-1.7718 	-5.76397e-05 	-0.116437 	0.00159635 	
2.835	2.17709 	-0.099924 	-1.77178 	-5.99076e-05 	-0.116432 	0.00159498 	
2.84	2.17702 	-0.0999629 	-1.77177 	-6.22187e-05 	-0.116428 	0.00159361 	
2.845	2.17696 	-0.100003 	-1.77176 	-6.45727e-05 	-0.116424 	0.00159224 	
2.85	2.17691 	-0.100043 	-1.77175 	-6.69694e-05 	-0.116421 	0.00159087 	
2.855	2.17688 	-0.100084 	-1.77175 	-6.94086e-05 	-0.116419 	0.0015895 	
2.86	2.17687 	-0.100126 	-1.77174 	-7.18902e-05 	-0.116417 	0.00158812 	
2.865	2.17687 	-0.100169 	-1.77174 	-7.44139e-05 	-0.116416 	0.00158673 	
2.87	2.17688 	-0.100212 	-1.77175 	-7.69797e-05 	-0.116415 	0.00158534 	
2.875	2.17691 	-0.100256 	-1.77175 	-7.95873e-05 	-0.116415 	0.00158394 	
2.88	2.17694 	-0.100301 	-1.77176 	-8.22365e-05 	-0.116416 	0.00158253 	
2.885	2.17933 	-0.100349 	-1.76893 	-8.70276e-05 	-0.116417 	0.00158101 	
2.89	2.17938 	-0.100408 	-1.76903 	-9.02031e-05 	-0.116416 	0.00157936 	
2.895	2.1793 	-0.100456 	-1.76904 	-9.28977e-05 	-0.11641 	0.0015778 	
2.9	2.17919 	-0.100498 	-1.76902 	-9.53501e-05 	-0.116405 	0.00157633 	
2.905	2.17911 	-0.100541 	-1.76901 	-9.78698e-05 	-0.1164 	0.00157484 	
2.91	2.17905 	-0.100585 	-1.76899 	-0.000100455 	-0.116396 	0.00157335 	
2.915	2.17901 	-0.10063 	-1.76899 	-0.000103103 	-0.116393 	0.00157184 	
2.92	2.17898 	-0.100676 	-1.76898 	-0.000105812 	-0.11639 	0.00157032 	
2.925	2.17898 	-0.100723 	-1.76898 	-0.000108581 	-0.116389 	0.00156879 	
2.93	2.17898 	-0.100772 	-1.76899 	-0.000111408 	-0.116388 	0.00156725 	
2.935	2.179 	-0.100821 	-1.76899 	-0.000114291 	-0.116387 	0.00156569 	
2.94	2.18133 	-0.100875 	-1.76621 	-0.000119376 	-0.116387 	0.00156392 	
2.945	2.18136 	-0.100938 	-1.7663 	-0.000122796 	-0.116386 	0.00156212 	
2.95	2.18128 	-0.100991 	-1.76632 	-0.000125761 	-0.11638 	0.00156041 	
2.955	2.18117 	-0.101038 	-1.7663 	-0.000128502 	-0.116374 	0.00155877 	
2.96	2.18109 	-0.101086 	-1.76628 	-0.000131319 	-0.116369 	0.00155712 	
2.965	2.18103 	-0.101135 	-1.76627 	-0.000134209 	-0.116365 	0.00155546 	
2.97	2.18099 	-0.101186 	-1.76627 	-0.00013717 	-0.116362 	0.00155378 	
2.975	2.18097 	-0.101238 	-1.76627 	-0.000140199 	-0.116359 	0.00155209 	
2.98	2.18097 	-0.101291 	-1.76627 	-0.000143293 	-0.116357 	0.00155038 	
2.985	2.18098 	-0.101345 	-1.76627 	-0.000146451 	-0.116356 	0.00154866 	
2.99	2.18331 	-0.101404 	-1.76348 	-0.000151822 	-0.116356 	0.00154667 	
2.995	2.18335 	-0.101473 	-1.76357 	-0.000155544 	-0.116354 	0.0015447 	
3	2.18326 	-0.101531 	-1.76359 	-0.00015881 	-0.116348 	0.00154281 	
3.005	2.18316 	-0.101583 	-1.76357 	-0.000161851 	-0.116342 	0.001541 	
3.01	2.18308 	-0.101636 	-1.76356 	-0.000164972 	-0.116337 	0.00153918 	
3.015	2.18302 	-0.101691 	-1.76355 	-0.000168169 	-0.116333 	0.00153734 	
3.02	2.18298 	-0.101747 	-1.76354 	-0.00017144 	-0.11633 	0.00153549 	
3.025	2.18297 	-0.101804 	-1.76354 	-0.000174781 	-0.116327 	0.00153362 	
3.03	2.18297 	-0.101863 	-1.76355 	-0.00017819 	-0.116326 	0.00153174 	
3.035	2.18299 	-0.101922 	-1.76356 	-0.000181665 	-0.116325 	0.00152985 	
3.04	2.18551 	-0.101988 	-1.76054 	-0.000187517 	-0.116325 	0.00152761 	
3.045	2.1856 	-0.102115 	-1.76072 	-0.000187894 	-0.116328 	0.00151932 	
3.05	2.18552 	-0.102179 	-1.76074 	-0.000191503 	-0.116322 	0.00151724 	
3.055	2.18541 	-0.102237 	-1.76072 	-0.000194851 	-0.116316 	0.00151525 	
3.06	2.18533 	-0.102296 	-1.76071 	-0.000198285 	-0.11631 	0.00151324 	
3.065	2.18527 	-0.102356 	-1.7607 	-0.000201795 	-0.116306 	0.00151122 	
3.07	2.18523 	-0.102418 	-1.7607 	-0.00020538 	-0.116302 	0.00150919 	
3.075	2.18522 	-0.10248 	-1.7607 	-0.000209035 	-0.1163 	0.00150714 	
3.08	2.18522 	-0.102544 	-1.76071 	-0.000212759 	-0.116298 	0.00150508 	
3.085	2.18766 	-0.102613 	-1.75776 	-0.000218764 	-0.116297 	0.00150265 	
3.09	2.1877 	-0.102694 	-1.75787 	-0.000223131 	-0.116295 	0.00150031 	
3.095	2.18761 	-0.102763 	-1.75789 	-0.000227001 	-0.116289 	0.00149807 	
3.1	2.1875 	-0.102825 	-1.75788 	-0.000230615 	-0.116282 	0.00149592 	
3.105	2.18742 	-0.102888 	-1.75787 	-0.00023431 	-0.116276 	0.00149375 	
3.11	2.18736 	-0.102953 	-1.75786 	-0.000238084 	-0.116272 	0.00149158 	
3.115	2.18732 	-0.103019 	-1.75786 	-0.000241933 	-0.116268 	0.00148939 	
3.12	2.18731 	-0.103086 	-1.75786 	-0.000245853 	-0.116266 	0.00148719 	
3.125	2.18958 	-0.103159 	-1.75509 	-0.000251894 	-0.116264 	0.00148459 	
3.13	2.1896 	-0.103242 	-1.75518 	-0.000256411 	-0.116261 	0.00148214 	
3.135	2.18951 	-0.103314 	-1.7552 	-0.000260489 	-0.116254 	0.00147977 	
3.14	2.1894 	-0.10338 	-1.75519 	-0.00026434 	-0.116247 	0.00147747 	
3.145	2.18932 	-0.103448 	-1.75518 	-0.000268272 	-0.116242 	0.00147517 	
3.15	2.18927 	-0.103516 	-1.75518 	-0.000272281 	-0.116237 	0.00147285 	
3.155	2.18924 	-0.103587 	-1.75518 	-0.000276365 	-0.116234 	0.00147053 	
3.16	2.18923 	-0.103658 	-1.75519 	-0.000280518 	-0.116231 	0.0014682 	
3.165	2.19158 	-0.103735 	-1.75232 	-0.000286844 	-0.11623 	0.00146541 	
3.17	2.19161 	-0.103823 	-1.75243 	-0.000291633 	-0.116227 	0.0014628 	
3.175	2.19153 	-0.103899 	-1.75245 	-0.000295953 	-0.116221 	0.00146029 	
3.18	2.19142 	-0.103969 	-1.75244 	-0.000300026 	-0.116214 	0.00145786 	
3.185	2.19134 	-0.104041 	-1.75243 	-0.00030418 	-0.116208 	0.00145542 	
3.19	2.19129 	-0.104113 	-1.75243 	-0.000308409 	-0.116203 	0.00145298 	
3.195	2.19126 	-0.104187 	-1.75244 	-0.000312711 	-0.1162 	0.00145052 	
3.2	2.19126 	-0.104262 	-1.75245 	-0.000317082 	-0.116197 	0.00144806 	
3.205	2.1937 	-0.104343 	-1.74948 	-0.000323684 	-0.116196 	0.00144507 	
3.21	2.19374 	-0.104436 	-1.74959 	-0.000328737 	-0.116194 	0.00144232 	
3.215	2.19366 	-0.104517 	-1.74962 	-0.000333286 	-0.116187 	0.00143967 	
3.22	2.19355 	-0.10459 	-1.74961 	-0.000337563 	-0.11618 	0.00143711 	
3.225	2.19347 	-0.104665 	-1.74961 	-0.000341919 	-0.116174 	0.00143455 	
3.23	2.19342 	-0.104742 	-1.74961 	-0.000346351 	-0.116169 	0.00143198 	
3.235	2.19339 	-0.104819 	-1.74961 	-0.000350853 	-0.116166 	0.0014294 	
3.24	2.19339 	-0.104897 	-1.74962 	-0.000355423 	-0.116163 	0.00142682 	
3.245	2.19591 	-0.104982 	-1.74655 	-0.000362272 	-0.116162 	0.00142363 	
3.25	2.19596 	-0.10508 	-1.74668 	-0.000367569 	-0.11616 	0.00142074 	
3.255	2.19588 	-0.105164 	-1.74672 	-0.000372328 	-0.116153 	0.00141796 	
3.26	2.19577 	-0.105241 	-1.74671 	-0.000376793 	-0.116145 	0.00141528 	
3.265	2.19568 	-0.105319 	-1.7467 	-0.000381336 	-0.116139 	0.00141259 	
3.27	2.19563 	-0.105399 	-1.74671 	-0.000385952 	-0.116134 	0.0014099 	
3.275	2.1956 	-0.105479 	-1.74671 	-0.000390637 	-0.116131 	0.00140721 	
3.28	2.19787 	-0.105565 	-1.74391 	-0.000397365 	-0.116128 	0.00140393 	
3.285	2.19789 	-0.105662 	-1.74401 	-0.000402688 	-0.116125 	0.00140097 	
3.29	2.1978 	-0.105748 	-1.74404 	-0.000407562 	-0.116117 	0.00139809 	
3.295	2.19769 	-0.105828 	-1.74403 	-0.000412192 	-0.11611 	0.00139531 	
3.3	2.19761 	-0.105909 	-1.74403 	-0.000416897 	-0.116104 	0.00139252 	
3.305	2.19756 	-0.105991 	-1.74404 	-0.000421673 	-0.116099 	0.00138974 	
3.31	2.19754 	-0.106075 	-1.74405 	-0.000426515 	-0.116095 	0.00138695 	
3.315	2.19983 	-0.106164 	-1.74122 	-0.000433395 	-0.116093 	0.00138352 	
3.32	2.19985 	-0.106264 	-1.74133 	-0.000438887 	-0.11609 	0.00138045 	
3.325	2.19976 	-0.106353 	-1.74136 	-0.000443921 	-0.116082 	0.00137748 	
3.33	2.19965 	-0.106435 	-1.74136 	-0.000448703 	-0.116075 	0.0013746 	
3.335	2.19958 	-0.106519 	-1.74136 	-0.000453556 	-0.116069 	0.00137172 	
3.34	1.89141 	0.0478547 	-1.0861 	-0.0102753 	-0.0890776 	-0.00173975 	
3.345	0.988942 	0.500044 	0.832716 	-0.0390257 	-0.0100428 	-0.0108469 	
3.35	0.648595 	0.610675 	1.33588 	-0.0454323 	0.01397 	-0.0147969 	
3.355	-0.520865 	1.03872 	3.29567 	-0.0731572 	0.102779 	-0.0262806 	
3.36	-0.51443 	1.08361 	3.60976 	-0.0820865 	0.111069 	-0.0217856 	
3.365	-1.04593 	1.20462 	4.55432 	-0.0836821 	0.153097 	-0.0245609 	
3.37	-1.45258 	1.08652 	5.48494 	-0.0678051 	0.190613 	-0.0140092 	
3.375	-1.61849 	1.257 	6.03416 	-0.0802094 	0.210531 	-0.0166341 	
3.38	-2.15519 	1.52925 	7.09326 	-0.0989526 	0.256009 	-0.0229783 	
3.385	-2.12308 	1.555 	7.23483 	-0.0967548 	0.258252 	-0.0251803 	
3.39	-2.0387 	1.37302 	7.32489 	-0.0739118 	0.257123 	-0.026135 	
3.395	-1.9498 	1.24382 	7.37597 	-0.0587271 	0.254947 	-0.024795 	
3.4	-1.75516 	1.23612 	7.41884 	-0.0582516 	0.249333 	-0.0228324 	
3.405	-1.86227 	1.15778 	7.9587 	-0.0400051 	0.265885 	-0.0271948 	
3.41	-1.64611 	1.02002 	7.78224 	-0.0249681 	0.253864 	-0.0293987 	
3.415	-1.5622 	0.968459 	8.20266 	-0.0102811 	0.261295 	-0.0402256 	
3.42	-2.4085 	1.19703 	9.16054 	-0.0256043 	0.313125 	-0.0428694 	
3.425	-2.92865 	1.34507 	9.69588 	-0.0344478 	0.343636 	-0.0422668 	
3.43	-3.61573 	1.5568 	10.558 	-0.0483835 	0.388119 	-0.0420626 	
