0	0.310236 	-0.173729 	0.536953 	0.175684 	-1.45127 	-0.242035 	
0.005	0.310236 	-0.173729 	0.536953 	0.175684 	-1.45127 	-0.242035 	
0.01	0.310236 	-0.173729 	0.536953 	0.175684 	-1.45127 	-0.242035 	
0.015	0.310237 	-0.173729 	0.536953 	0.175684 	-1.45127 	-0.242035 	
0.02	0.310238 	-0.173729 	0.536953 	0.175684 	-1.45127 	-0.242035 	
0.025	0.31024 	-0.173729 	0.536953 	0.175684 	-1.45127 	-0.242035 	
0.03	0.310242 	-0.173729 	0.536954 	0.175684 	-1.45127 	-0.242035 	
0.035	0.310245 	-0.173729 	0.536954 	0.175684 	-1.45127 	-0.242035 	
0.04	0.310249 	-0.173729 	0.536955 	0.175684 	-1.45127 	-0.242035 	
0.045	0.310253 	-0.173729 	0.536956 	0.175684 	-1.45127 	-0.242035 	
0.05	0.310257 	-0.17373 	0.536957 	0.175684 	-1.45127 	-0.242035 	
0.055	0.310262 	-0.17373 	0.536958 	0.175684 	-1.45127 	-0.242035 	
0.06	0.310268 	-0.17373 	0.536959 	0.175684 	-1.45127 	-0.242035 	
0.065	0.310274 	-0.17373 	0.53696 	0.175684 	-1.45127 	-0.242035 	
0.07	0.310281 	-0.17373 	0.536961 	0.175684 	-1.45127 	-0.242035 	
0.075	0.310288 	-0.17373 	0.536962 	0.175684 	-1.45127 	-0.242035 	
0.08	0.310296 	-0.17373 	0.536964 	0.175684 	-1.45127 	-0.242035 	
0.085	0.310304 	-0.17373 	0.536965 	0.175684 	-1.45127 	-0.242035 	
0.09	0.310314 	-0.173731 	0.536967 	0.175684 	-1.45127 	-0.242035 	
0.095	0.310322 	-0.173731 	0.536969 	0.175684 	-1.45127 	-0.242035 	
0.1	0.310333 	-0.173731 	0.536971 	0.175684 	-1.45127 	-0.242035 	
0.105	0.310344 	-0.173731 	0.536973 	0.175684 	-1.45127 	-0.242035 	
0.11	0.310355 	-0.173731 	0.536975 	0.175684 	-1.45127 	-0.242035 	
0.115	0.310367 	-0.173731 	0.536977 	0.175684 	-1.45127 	-0.242035 	
0.12	0.310379 	-0.173732 	0.536979 	0.175684 	-1.45127 	-0.242035 	
0.125	0.310391 	-0.173732 	0.536981 	0.175684 	-1.45127 	-0.242035 	
0.13	0.310405 	-0.173732 	0.536984 	0.175684 	-1.45127 	-0.242035 	
0.135	0.310418 	-0.173732 	0.536986 	0.175684 	-1.45127 	-0.242035 	
0.14	0.310433 	-0.173733 	0.536989 	0.175684 	-1.45127 	-0.242035 	
0.145	0.310447 	-0.173733 	0.536992 	0.175684 	-1.45127 	-0.242035 	
0.15	0.310463 	-0.173733 	0.536995 	0.175684 	-1.45127 	-0.242035 	
0.155	0.310479 	-0.173733 	0.536998 	0.175684 	-1.45127 	-0.242035 	
0.16	0.310495 	-0.173734 	0.537001 	0.175684 	-1.45127 	-0.242035 	
0.165	0.310451 	-0.173719 	0.536985 	0.174099 	-1.45016 	-0.239851 	
0.17	0.310468 	-0.17372 	0.536989 	0.174099 	-1.45016 	-0.239851 	
0.175	0.310486 	-0.17372 	0.536992 	0.174099 	-1.45016 	-0.239851 	
0.18	0.310505 	-0.17372 	0.536995 	0.174099 	-1.45016 	-0.239851 	
0.185	0.310524 	-0.173721 	0.536999 	0.174099 	-1.45016 	-0.239851 	
0.19	0.310543 	-0.173721 	0.537002 	0.174099 	-1.45016 	-0.239851 	
0.195	0.310564 	-0.173721 	0.537006 	0.174099 	-1.45016 	-0.239851 	
0.2	0.310584 	-0.173722 	0.53701 	0.174099 	-1.45016 	-0.239851 	
0.205	0.310605 	-0.173722 	0.537014 	0.174099 	-1.45016 	-0.239851 	
0.21	0.310627 	-0.173722 	0.537018 	0.174099 	-1.45016 	-0.239851 	
0.215	0.310649 	-0.173723 	0.537022 	0.174099 	-1.45016 	-0.239851 	
0.22	0.310672 	-0.173723 	0.537026 	0.174099 	-1.45016 	-0.239851 	
0.225	0.310695 	-0.173723 	0.53703 	0.174099 	-1.45016 	-0.239851 	
0.23	0.310653 	-0.173709 	0.537015 	0.172401 	-1.44897 	-0.237511 	
0.235	0.310678 	-0.173709 	0.53702 	0.172401 	-1.44897 	-0.237511 	
0.24	0.310703 	-0.173709 	0.537024 	0.172401 	-1.44897 	-0.237511 	
0.245	0.310728 	-0.17371 	0.537029 	0.172401 	-1.44897 	-0.237511 	
0.25	0.310754 	-0.17371 	0.537034 	0.172401 	-1.44897 	-0.237511 	
0.255	0.31078 	-0.17371 	0.537038 	0.172401 	-1.44897 	-0.237511 	
0.26	0.310807 	-0.173711 	0.537043 	0.172401 	-1.44897 	-0.237511 	
0.265	0.310835 	-0.173711 	0.537048 	0.172401 	-1.44897 	-0.237511 	
0.27	0.310862 	-0.173712 	0.537054 	0.172401 	-1.44897 	-0.237511 	
0.275	0.310891 	-0.173712 	0.537059 	0.172401 	-1.44897 	-0.237511 	
0.28	0.310854 	-0.173698 	0.537045 	0.170702 	-1.44778 	-0.235171 	
0.285	0.310884 	-0.173698 	0.53705 	0.170702 	-1.44778 	-0.235171 	
0.29	0.310914 	-0.173698 	0.537055 	0.170702 	-1.44778 	-0.235171 	
0.295	0.310944 	-0.173699 	0.537061 	0.170702 	-1.44778 	-0.235171 	
0.3	0.310975 	-0.173699 	0.537067 	0.170702 	-1.44778 	-0.235171 	
0.305	0.311007 	-0.1737 	0.537073 	0.170702 	-1.44778 	-0.235171 	
0.31	0.311039 	-0.1737 	0.537078 	0.170702 	-1.44778 	-0.235171 	
0.315	0.311071 	-0.173701 	0.537084 	0.170702 	-1.44778 	-0.235171 	
0.32	0.311042 	-0.173687 	0.537072 	0.169098 	-1.44665 	-0.232961 	
0.325	0.311076 	-0.173688 	0.537078 	0.169098 	-1.44665 	-0.232961 	
0.33	0.31111 	-0.173688 	0.537084 	0.169098 	-1.44665 	-0.232961 	
0.335	0.311144 	-0.173689 	0.537091 	0.169098 	-1.44665 	-0.232961 	
0.34	0.311179 	-0.173689 	0.537097 	0.169098 	-1.44665 	-0.232961 	
0.345	0.311215 	-0.173689 	0.537104 	0.169098 	-1.44665 	-0.232961 	
0.35	0.311251 	-0.17369 	0.53711 	0.169098 	-1.44665 	-0.232961 	
0.355	0.311287 	-0.17369 	0.537117 	0.169098 	-1.44665 	-0.232961 	
0.36	0.311255 	-0.173676 	0.537103 	0.167321 	-1.44541 	-0.230512 	
0.365	0.311293 	-0.173676 	0.53711 	0.167321 	-1.44541 	-0.230512 	
0.37	0.311331 	-0.173677 	0.537117 	0.167321 	-1.44541 	-0.230512 	
0.375	0.311369 	-0.173677 	0.537124 	0.167321 	-1.44541 	-0.230512 	
0.38	0.311408 	-0.173678 	0.537131 	0.167321 	-1.44541 	-0.230512 	
0.385	0.311447 	-0.173678 	0.537139 	0.167321 	-1.44541 	-0.230512 	
0.39	0.311487 	-0.173678 	0.537146 	0.167321 	-1.44541 	-0.230512 	
0.395	0.31146 	-0.173665 	0.537134 	0.16558 	-1.44419 	-0.228114 	
0.4	0.311501 	-0.173665 	0.537141 	0.16558 	-1.44419 	-0.228114 	
0.405	0.311542 	-0.173665 	0.537149 	0.16558 	-1.44419 	-0.228114 	
0.41	0.311584 	-0.173666 	0.537156 	0.16558 	-1.44419 	-0.228114 	
0.415	0.311627 	-0.173666 	0.537164 	0.16558 	-1.44419 	-0.228114 	
0.42	0.311669 	-0.173667 	0.537172 	0.16558 	-1.44419 	-0.228114 	
0.425	0.31165 	-0.173654 	0.537161 	0.16396 	-1.44305 	-0.225881 	
0.43	0.311693 	-0.173655 	0.537169 	0.16396 	-1.44305 	-0.225881 	
0.435	0.311738 	-0.173655 	0.537177 	0.16396 	-1.44305 	-0.225881 	
0.44	0.311782 	-0.173655 	0.537185 	0.16396 	-1.44305 	-0.225881 	
0.445	0.311827 	-0.173656 	0.537194 	0.16396 	-1.44305 	-0.225881 	
0.45	0.311873 	-0.173656 	0.537202 	0.16396 	-1.44305 	-0.225881 	
0.455	0.311853 	-0.173643 	0.537191 	0.162254 	-1.44185 	-0.223532 	
0.46	0.311899 	-0.173644 	0.5372 	0.162254 	-1.44185 	-0.223532 	
0.465	0.311946 	-0.173644 	0.537208 	0.162254 	-1.44185 	-0.223532 	
0.47	0.311994 	-0.173644 	0.537217 	0.162254 	-1.44185 	-0.223532 	
0.475	0.312041 	-0.173645 	0.537226 	0.162254 	-1.44185 	-0.223532 	
0.48	0.31209 	-0.173645 	0.537234 	0.162254 	-1.44185 	-0.223532 	
0.485	0.312068 	-0.173631 	0.537223 	0.160446 	-1.44059 	-0.221041 	
0.49	0.312117 	-0.173632 	0.537232 	0.160446 	-1.44059 	-0.221041 	
0.495	0.312167 	-0.173632 	0.537241 	0.160446 	-1.44059 	-0.221041 	
0.5	0.312217 	-0.173633 	0.53725 	0.160446 	-1.44059 	-0.221041 	
0.505	0.312268 	-0.173633 	0.537259 	0.160446 	-1.44059 	-0.221041 	
0.51	0.312256 	-0.173621 	0.53725 	0.15883 	-1.43945 	-0.218814 	
0.515	0.312307 	-0.173621 	0.53726 	0.15883 	-1.43945 	-0.218814 	
0.52	0.312359 	-0.173622 	0.537269 	0.15883 	-1.43945 	-0.218814 	
0.525	0.312411 	-0.173622 	0.537278 	0.15883 	-1.43945 	-0.218814 	
0.53	0.312464 	-0.173622 	0.537288 	0.15883 	-1.43945 	-0.218814 	
0.535	0.312453 	-0.17361 	0.537279 	0.15717 	-1.43829 	-0.216527 	
0.54	0.312506 	-0.173611 	0.537289 	0.15717 	-1.43829 	-0.216527 	
0.545	0.31256 	-0.173611 	0.537299 	0.15717 	-1.43829 	-0.216527 	
0.55	0.312615 	-0.173611 	0.537309 	0.15717 	-1.43829 	-0.216527 	
0.555	0.31267 	-0.173611 	0.537318 	0.15717 	-1.43829 	-0.216527 	
0.56	0.312658 	-0.173599 	0.537309 	0.155445 	-1.43708 	-0.214151 	
0.565	0.312713 	-0.173599 	0.537319 	0.155445 	-1.43708 	-0.214151 	
0.57	0.31277 	-0.1736 	0.537329 	0.155445 	-1.43708 	-0.214151 	
0.575	0.312826 	-0.1736 	0.53734 	0.155445 	-1.43708 	-0.214151 	
0.58	0.312883 	-0.1736 	0.53735 	0.155445 	-1.43708 	-0.214151 	
0.585	0.312871 	-0.173588 	0.53734 	0.153654 	-1.43582 	-0.211683 	
0.59	0.312928 	-0.173588 	0.537351 	0.153654 	-1.43582 	-0.211683 	
0.595	0.312987 	-0.173588 	0.537361 	0.153654 	-1.43582 	-0.211683 	
0.6	0.313045 	-0.173588 	0.537372 	0.153654 	-1.43582 	-0.211683 	
0.605	0.313104 	-0.173588 	0.537383 	0.153654 	-1.43582 	-0.211683 	
0.61	0.313091 	-0.173576 	0.537373 	0.151798 	-1.43452 	-0.209126 	
0.615	0.313151 	-0.173576 	0.537384 	0.151798 	-1.43452 	-0.209126 	
0.62	0.313211 	-0.173576 	0.537395 	0.151798 	-1.43452 	-0.209126 	
0.625	0.313272 	-0.173576 	0.537405 	0.151798 	-1.43452 	-0.209126 	
0.63	0.313271 	-0.173566 	0.537399 	0.150229 	-1.43342 	-0.206966 	
0.635	0.313333 	-0.173566 	0.53741 	0.150229 	-1.43342 	-0.206966 	
0.64	0.313394 	-0.173566 	0.537421 	0.150229 	-1.43342 	-0.206966 	
0.645	0.313457 	-0.173566 	0.537433 	0.150229 	-1.43342 	-0.206966 	
0.65	0.313458 	-0.173555 	0.537426 	0.148655 	-1.43232 	-0.204797 	
0.655	0.31352 	-0.173555 	0.537438 	0.148655 	-1.43232 	-0.204797 	
0.66	0.313584 	-0.173555 	0.537449 	0.148655 	-1.43232 	-0.204797 	
0.665	0.313647 	-0.173555 	0.537461 	0.148655 	-1.43232 	-0.204797 	
0.67	0.313648 	-0.173545 	0.537454 	0.147046 	-1.43119 	-0.20258 	
0.675	0.313713 	-0.173545 	0.537466 	0.147046 	-1.43119 	-0.20258 	
0.68	0.313777 	-0.173545 	0.537478 	0.147046 	-1.43119 	-0.20258 	
0.685	0.313843 	-0.173545 	0.537489 	0.147046 	-1.43119 	-0.20258 	
0.69	0.313844 	-0.173534 	0.537483 	0.1454 	-1.43004 	-0.200312 	
0.695	0.313909 	-0.173534 	0.537495 	0.1454 	-1.43004 	-0.200312 	
0.7	0.313975 	-0.173534 	0.537507 	0.1454 	-1.43004 	-0.200312 	
0.705	0.314042 	-0.173534 	0.537519 	0.1454 	-1.43004 	-0.200312 	
0.71	0.314043 	-0.173524 	0.537512 	0.143718 	-1.42886 	-0.197995 	
0.715	0.31411 	-0.173523 	0.537524 	0.143718 	-1.42886 	-0.197995 	
0.72	0.314178 	-0.173523 	0.537537 	0.143718 	-1.42886 	-0.197995 	
0.725	0.314246 	-0.173523 	0.537549 	0.143718 	-1.42886 	-0.197995 	
0.73	0.314247 	-0.173513 	0.537542 	0.142 	-1.42765 	-0.195629 	
0.735	0.314315 	-0.173512 	0.537555 	0.142 	-1.42765 	-0.195629 	
0.74	0.314384 	-0.173512 	0.537567 	0.142 	-1.42765 	-0.195629 	
0.745	0.314453 	-0.173511 	0.537579 	0.142 	-1.42765 	-0.195629 	
0.75	0.314454 	-0.173501 	0.537573 	0.140249 	-1.42643 	-0.193216 	
0.755	0.314524 	-0.173501 	0.537585 	0.140249 	-1.42643 	-0.193216 	
0.76	0.314594 	-0.1735 	0.537598 	0.140249 	-1.42643 	-0.193216 	
0.765	0.314665 	-0.1735 	0.53761 	0.140249 	-1.42643 	-0.193216 	
0.77	0.314666 	-0.17349 	0.537604 	0.138465 	-1.42517 	-0.190758 	
0.775	0.314737 	-0.173489 	0.537617 	0.138465 	-1.42517 	-0.190758 	
0.78	0.314808 	-0.173489 	0.537629 	0.138465 	-1.42517 	-0.190758 	
0.785	0.31488 	-0.173488 	0.537642 	0.138465 	-1.42517 	-0.190758 	
0.79	0.314881 	-0.173478 	0.537635 	0.136648 	-1.4239 	-0.188256 	
0.795	0.314953 	-0.173477 	0.537648 	0.136648 	-1.4239 	-0.188256 	
0.8	0.315026 	-0.173477 	0.537661 	0.136648 	-1.4239 	-0.188256 	
0.805	0.315099 	-0.173476 	0.537674 	0.136648 	-1.4239 	-0.188256 	
0.81	0.3151 	-0.173466 	0.537668 	0.134802 	-1.42261 	-0.185711 	
0.815	0.315173 	-0.173465 	0.537681 	0.134802 	-1.42261 	-0.185711 	
0.82	0.315247 	-0.173465 	0.537694 	0.134802 	-1.42261 	-0.185711 	
0.825	0.315321 	-0.173464 	0.537707 	0.134802 	-1.42261 	-0.185711 	
0.83	0.315322 	-0.173454 	0.5377 	0.132925 	-1.42129 	-0.183126 	
0.835	0.315397 	-0.173453 	0.537713 	0.132925 	-1.42129 	-0.183126 	
0.84	0.315472 	-0.173452 	0.537727 	0.132925 	-1.42129 	-0.183126 	
0.845	0.315547 	-0.173451 	0.53774 	0.132925 	-1.42129 	-0.183126 	
0.85	0.315548 	-0.173442 	0.537733 	0.13102 	-1.41996 	-0.180502 	
0.855	0.315623 	-0.173441 	0.537747 	0.13102 	-1.41996 	-0.180502 	
0.86	0.3157 	-0.17344 	0.53776 	0.13102 	-1.41996 	-0.180502 	
0.865	0.315776 	-0.173439 	0.537774 	0.13102 	-1.41996 	-0.180502 	
0.87	0.315776 	-0.173429 	0.537767 	0.129088 	-1.4186 	-0.17784 	
0.875	0.315853 	-0.173428 	0.53778 	0.129088 	-1.4186 	-0.17784 	
0.88	0.31593 	-0.173427 	0.537794 	0.129088 	-1.4186 	-0.17784 	
0.885	0.316008 	-0.173426 	0.537808 	0.129088 	-1.4186 	-0.17784 	
0.89	0.316008 	-0.173417 	0.537801 	0.12713 	-1.41723 	-0.175143 	
0.895	0.316086 	-0.173415 	0.537815 	0.12713 	-1.41723 	-0.175143 	
0.9	0.316164 	-0.173414 	0.537828 	0.12713 	-1.41723 	-0.175143 	
0.905	0.316243 	-0.173413 	0.537842 	0.12713 	-1.41723 	-0.175143 	
0.91	0.316243 	-0.173404 	0.537835 	0.125148 	-1.41584 	-0.172411 	
0.915	0.316322 	-0.173403 	0.537849 	0.125148 	-1.41584 	-0.172411 	
0.92	0.316401 	-0.173401 	0.537863 	0.125148 	-1.41584 	-0.172411 	
0.925	0.31648 	-0.1734 	0.537877 	0.125148 	-1.41584 	-0.172411 	
0.93	0.316481 	-0.173391 	0.53787 	0.123142 	-1.41443 	-0.169647 	
0.935	0.31656 	-0.173389 	0.537884 	0.123142 	-1.41443 	-0.169647 	
0.94	0.31664 	-0.173388 	0.537898 	0.123142 	-1.41443 	-0.169647 	
0.945	0.316658 	-0.173381 	0.537896 	0.121571 	-1.41333 	-0.167484 	
0.95	0.316739 	-0.173379 	0.53791 	0.121571 	-1.41333 	-0.167484 	
0.955	0.316819 	-0.173378 	0.537924 	0.121571 	-1.41333 	-0.167484 	
0.96	0.3169 	-0.173376 	0.537939 	0.121571 	-1.41333 	-0.167484 	
0.965	0.316902 	-0.173368 	0.537932 	0.119573 	-1.41193 	-0.164731 	
0.97	0.316983 	-0.173366 	0.537946 	0.119573 	-1.41193 	-0.164731 	
0.975	0.317065 	-0.173365 	0.537961 	0.119573 	-1.41193 	-0.164731 	
0.98	0.317083 	-0.173358 	0.537958 	0.117979 	-1.41081 	-0.162535 	
0.985	0.317165 	-0.173356 	0.537973 	0.117979 	-1.41081 	-0.162535 	
0.99	0.317247 	-0.173354 	0.537987 	0.117979 	-1.41081 	-0.162535 	
0.995	0.317267 	-0.173348 	0.537985 	0.116417 	-1.40972 	-0.160383 	
1	0.31735 	-0.173346 	0.538 	0.116417 	-1.40972 	-0.160383 	
1.005	0.317432 	-0.173344 	0.538014 	0.116417 	-1.40972 	-0.160383 	
1.01	0.317453 	-0.173338 	0.538013 	0.114849 	-1.40862 	-0.158223 	
1.015	0.317536 	-0.173336 	0.538027 	0.114849 	-1.40862 	-0.158223 	
1.02	0.317619 	-0.173334 	0.538042 	0.114849 	-1.40862 	-0.158223 	
1.025	0.317639 	-0.173327 	0.53804 	0.113271 	-1.40751 	-0.15605 	
1.03	0.317723 	-0.173325 	0.538055 	0.113271 	-1.40751 	-0.15605 	
1.035	0.317806 	-0.173323 	0.538069 	0.113271 	-1.40751 	-0.15605 	
1.04	0.317827 	-0.173317 	0.538068 	0.111685 	-1.4064 	-0.153865 	
1.045	0.317911 	-0.173315 	0.538082 	0.111685 	-1.4064 	-0.153865 	
1.05	0.317995 	-0.173313 	0.538097 	0.111685 	-1.4064 	-0.153865 	
1.055	0.318016 	-0.173307 	0.538095 	0.110091 	-1.40528 	-0.151668 	
1.06	0.3181 	-0.173305 	0.53811 	0.110091 	-1.40528 	-0.151668 	
1.065	0.318184 	-0.173302 	0.538125 	0.110091 	-1.40528 	-0.151668 	
1.07	0.318205 	-0.173297 	0.538123 	0.108489 	-1.40416 	-0.149461 	
1.075	0.31829 	-0.173294 	0.538138 	0.108489 	-1.40416 	-0.149461 	
1.08	0.318375 	-0.173292 	0.538152 	0.108489 	-1.40416 	-0.149461 	
1.085	0.318396 	-0.173286 	0.538151 	0.106879 	-1.40303 	-0.147243 	
1.09	0.318481 	-0.173284 	0.538166 	0.106879 	-1.40303 	-0.147243 	
1.095	0.318566 	-0.173281 	0.53818 	0.106879 	-1.40303 	-0.147243 	
1.1	0.318587 	-0.173276 	0.538179 	0.105262 	-1.4019 	-0.145016 	
1.105	0.318672 	-0.173273 	0.538194 	0.105262 	-1.4019 	-0.145016 	
1.11	0.318758 	-0.173271 	0.538209 	0.105262 	-1.4019 	-0.145016 	
1.115	0.318779 	-0.173265 	0.538207 	0.10364 	-1.40076 	-0.142781 	
1.12	0.318864 	-0.173263 	0.538222 	0.10364 	-1.40076 	-0.142781 	
1.125	0.31895 	-0.17326 	0.538237 	0.10364 	-1.40076 	-0.142781 	
1.13	0.318971 	-0.173255 	0.538235 	0.102012 	-1.39962 	-0.140538 	
1.135	0.319057 	-0.173252 	0.53825 	0.102012 	-1.39962 	-0.140538 	
1.14	0.319143 	-0.173249 	0.538265 	0.102012 	-1.39962 	-0.140538 	
1.145	0.319164 	-0.173244 	0.538264 	0.100378 	-1.39847 	-0.138288 	
1.15	0.31925 	-0.173241 	0.538279 	0.100378 	-1.39847 	-0.138288 	
1.155	0.319337 	-0.173239 	0.538294 	0.100378 	-1.39847 	-0.138288 	
1.16	0.319358 	-0.173234 	0.538292 	0.0987408 	-1.39732 	-0.136032 	
1.165	0.319444 	-0.173231 	0.538307 	0.0987408 	-1.39732 	-0.136032 	
1.17	0.319531 	-0.173228 	0.538322 	0.0987408 	-1.39732 	-0.136032 	
1.175	0.319552 	-0.173223 	0.538321 	0.0970993 	-1.39617 	-0.13377 	
1.18	0.319639 	-0.17322 	0.538336 	0.0970993 	-1.39617 	-0.13377 	
1.185	0.319725 	-0.173217 	0.53835 	0.0970993 	-1.39617 	-0.13377 	
1.19	0.319746 	-0.173213 	0.538349 	0.0954545 	-1.39502 	-0.131504 	
1.195	0.319833 	-0.173209 	0.538364 	0.0954545 	-1.39502 	-0.131504 	
1.2	0.31992 	-0.173206 	0.538379 	0.0954545 	-1.39502 	-0.131504 	
1.205	0.319941 	-0.173202 	0.538378 	0.093807 	-1.39387 	-0.129235 	
1.21	0.320028 	-0.173199 	0.538393 	0.093807 	-1.39387 	-0.129235 	
1.215	0.320115 	-0.173195 	0.538408 	0.093807 	-1.39387 	-0.129235 	
1.22	0.320136 	-0.173191 	0.538406 	0.0921574 	-1.39271 	-0.126962 	
1.225	0.320223 	-0.173188 	0.538421 	0.0921574 	-1.39271 	-0.126962 	
1.23	0.32031 	-0.173185 	0.538436 	0.0921574 	-1.39271 	-0.126962 	
1.235	0.320331 	-0.173181 	0.538435 	0.0905063 	-1.39155 	-0.124687 	
1.24	0.320418 	-0.173177 	0.53845 	0.0905063 	-1.39155 	-0.124687 	
1.245	0.320505 	-0.173174 	0.538465 	0.0905063 	-1.39155 	-0.124687 	
1.25	0.320527 	-0.17317 	0.538464 	0.0888543 	-1.39039 	-0.122411 	
1.255	0.320614 	-0.173166 	0.538479 	0.0888543 	-1.39039 	-0.122411 	
1.26	0.320701 	-0.173163 	0.538493 	0.0888543 	-1.39039 	-0.122411 	
1.265	0.320722 	-0.173159 	0.538492 	0.0872019 	-1.38923 	-0.120135 	
1.27	0.320809 	-0.173156 	0.538507 	0.0872019 	-1.38923 	-0.120135 	
1.275	0.320896 	-0.173152 	0.538522 	0.0872019 	-1.38923 	-0.120135 	
1.28	0.320917 	-0.173149 	0.538521 	0.0855497 	-1.38808 	-0.117859 	
1.285	0.321004 	-0.173145 	0.538536 	0.0855497 	-1.38808 	-0.117859 	
1.29	0.321091 	-0.173141 	0.538551 	0.0855497 	-1.38808 	-0.117859 	
1.295	0.321112 	-0.173138 	0.53855 	0.0838983 	-1.38692 	-0.115584 	
1.3	0.321199 	-0.173134 	0.538564 	0.0838983 	-1.38692 	-0.115584 	
1.305	0.321286 	-0.17313 	0.538579 	0.0838983 	-1.38692 	-0.115584 	
1.31	0.321307 	-0.173127 	0.538578 	0.0822483 	-1.38576 	-0.113311 	
1.315	0.321394 	-0.173124 	0.538593 	0.0822483 	-1.38576 	-0.113311 	
1.32	0.321481 	-0.17312 	0.538608 	0.0822483 	-1.38576 	-0.113311 	
1.325	0.321502 	-0.173117 	0.538607 	0.0806003 	-1.38461 	-0.11104 	
1.33	0.321589 	-0.173113 	0.538621 	0.0806003 	-1.38461 	-0.11104 	
1.335	0.321676 	-0.173109 	0.538636 	0.0806003 	-1.38461 	-0.11104 	
1.34	0.321697 	-0.173106 	0.538635 	0.0789549 	-1.38345 	-0.108773 	
1.345	0.321783 	-0.173102 	0.53865 	0.0789549 	-1.38345 	-0.108773 	
1.35	0.32187 	-0.173098 	0.538665 	0.0789549 	-1.38345 	-0.108773 	
1.355	0.321891 	-0.173096 	0.538664 	0.0773126 	-1.3823 	-0.106511 	
1.36	0.321977 	-0.173091 	0.538678 	0.0773126 	-1.3823 	-0.106511 	
1.365	0.322063 	-0.173087 	0.538693 	0.0773126 	-1.3823 	-0.106511 	
1.37	0.322084 	-0.173085 	0.538692 	0.075674 	-1.38115 	-0.104253 	
1.375	0.32217 	-0.173081 	0.538707 	0.075674 	-1.38115 	-0.104253 	
1.38	0.322256 	-0.173077 	0.538721 	0.075674 	-1.38115 	-0.104253 	
1.385	0.322277 	-0.173074 	0.53872 	0.0740398 	-1.38001 	-0.102002 	
1.39	0.322363 	-0.17307 	0.538735 	0.0740398 	-1.38001 	-0.102002 	
1.395	0.322449 	-0.173066 	0.538749 	0.0740398 	-1.38001 	-0.102002 	
1.4	0.32247 	-0.173064 	0.538749 	0.0724104 	-1.37886 	-0.0997571 	
1.405	0.322555 	-0.17306 	0.538763 	0.0724104 	-1.37886 	-0.0997571 	
1.41	0.322641 	-0.173055 	0.538777 	0.0724104 	-1.37886 	-0.0997571 	
1.415	0.322662 	-0.173054 	0.538777 	0.0707865 	-1.37773 	-0.0975199 	
1.42	0.322747 	-0.173049 	0.538791 	0.0707865 	-1.37773 	-0.0975199 	
1.425	0.322832 	-0.173045 	0.538805 	0.0707865 	-1.37773 	-0.0975199 	
1.43	0.322853 	-0.173043 	0.538805 	0.0691686 	-1.37659 	-0.095291 	
1.435	0.322938 	-0.173039 	0.538819 	0.0691686 	-1.37659 	-0.095291 	
1.44	0.323023 	-0.173034 	0.538833 	0.0691686 	-1.37659 	-0.095291 	
1.445	0.323043 	-0.173033 	0.538833 	0.0675573 	-1.37546 	-0.0930712 	
1.45	0.323128 	-0.173028 	0.538847 	0.0675573 	-1.37546 	-0.0930712 	
1.455	0.323212 	-0.173024 	0.538861 	0.0675573 	-1.37546 	-0.0930712 	
1.46	0.323233 	-0.173022 	0.538861 	0.0659532 	-1.37434 	-0.0908613 	
1.465	0.323317 	-0.173018 	0.538875 	0.0659532 	-1.37434 	-0.0908613 	
1.47	0.323401 	-0.173013 	0.538889 	0.0659532 	-1.37434 	-0.0908613 	
1.475	0.323421 	-0.173012 	0.538888 	0.0643568 	-1.37322 	-0.088662 	
1.48	0.323505 	-0.173007 	0.538902 	0.0643568 	-1.37322 	-0.088662 	
1.485	0.323588 	-0.173003 	0.538916 	0.0643568 	-1.37322 	-0.088662 	
1.49	0.323609 	-0.173002 	0.538916 	0.0627688 	-1.37211 	-0.0864743 	
1.495	0.323692 	-0.172997 	0.53893 	0.0627688 	-1.37211 	-0.0864743 	
1.5	0.323775 	-0.172992 	0.538943 	0.0627688 	-1.37211 	-0.0864743 	
1.505	0.323795 	-0.172992 	0.538943 	0.0611896 	-1.371 	-0.0842987 	
1.51	0.323878 	-0.172987 	0.538957 	0.0611896 	-1.371 	-0.0842987 	
1.515	0.323961 	-0.172982 	0.538971 	0.0611896 	-1.371 	-0.0842987 	
1.52	0.32398 	-0.172982 	0.53897 	0.0596199 	-1.3699 	-0.0821361 	
1.525	0.324063 	-0.172977 	0.538984 	0.0596199 	-1.3699 	-0.0821361 	
1.53	0.324145 	-0.172972 	0.538998 	0.0596199 	-1.3699 	-0.0821361 	
1.535	0.324165 	-0.172972 	0.538997 	0.0580601 	-1.3688 	-0.0799873 	
1.54	0.324246 	-0.172967 	0.539011 	0.0580601 	-1.3688 	-0.0799873 	
1.545	0.324328 	-0.172962 	0.539024 	0.0580601 	-1.3688 	-0.0799873 	
1.55	0.324348 	-0.172962 	0.539024 	0.0565109 	-1.36772 	-0.077853 	
1.555	0.324429 	-0.172957 	0.539038 	0.0565109 	-1.36772 	-0.077853 	
1.56	0.32451 	-0.172952 	0.539051 	0.0565109 	-1.36772 	-0.077853 	
1.565	0.324529 	-0.172952 	0.539051 	0.0549728 	-1.36664 	-0.075734 	
1.57	0.32461 	-0.172947 	0.539064 	0.0549728 	-1.36664 	-0.075734 	
1.575	0.32469 	-0.172942 	0.539077 	0.0549728 	-1.36664 	-0.075734 	
1.58	0.32477 	-0.172936 	0.539091 	0.0549728 	-1.36664 	-0.075734 	
1.585	0.324771 	-0.172938 	0.539087 	0.0529924 	-1.36525 	-0.0730055 	
1.59	0.324851 	-0.172933 	0.5391 	0.0529924 	-1.36525 	-0.0730055 	
1.595	0.32493 	-0.172928 	0.539113 	0.0529924 	-1.36525 	-0.0730055 	
1.6	0.324948 	-0.172929 	0.539112 	0.0514353 	-1.36416 	-0.0708605 	
1.605	0.325027 	-0.172924 	0.539125 	0.0514353 	-1.36416 	-0.0708605 	
1.61	0.325105 	-0.172919 	0.539138 	0.0514353 	-1.36416 	-0.0708605 	
1.615	0.325184 	-0.172913 	0.539151 	0.0514353 	-1.36416 	-0.0708605 	
1.62	0.325185 	-0.172916 	0.539147 	0.0494884 	-1.36279 	-0.0681782 	
1.625	0.325263 	-0.172911 	0.53916 	0.0494884 	-1.36279 	-0.0681782 	
1.63	0.325341 	-0.172905 	0.539173 	0.0494884 	-1.36279 	-0.0681782 	
1.635	0.325418 	-0.1729 	0.539185 	0.0494884 	-1.36279 	-0.0681782 	
1.64	0.325417 	-0.172903 	0.539181 	0.0475233 	-1.36142 	-0.0654709 	
1.645	0.325494 	-0.172898 	0.539194 	0.0475233 	-1.36142 	-0.0654709 	
1.65	0.325571 	-0.172893 	0.539206 	0.0475233 	-1.36142 	-0.0654709 	
1.655	0.325648 	-0.172887 	0.539219 	0.0475233 	-1.36142 	-0.0654709 	
1.66	0.325647 	-0.172891 	0.539215 	0.0455792 	-1.36005 	-0.0627926 	
1.665	0.325723 	-0.172885 	0.539227 	0.0455792 	-1.36005 	-0.0627926 	
1.67	0.325799 	-0.17288 	0.53924 	0.0455792 	-1.36005 	-0.0627926 	
1.675	0.325874 	-0.172875 	0.539252 	0.0455792 	-1.36005 	-0.0627926 	
1.68	0.325873 	-0.172878 	0.539248 	0.0436613 	-1.35871 	-0.0601504 	
1.685	0.325948 	-0.172873 	0.53926 	0.0436613 	-1.35871 	-0.0601504 	
1.69	0.326023 	-0.172868 	0.539273 	0.0436613 	-1.35871 	-0.0601504 	
1.695	0.326097 	-0.172862 	0.539285 	0.0436613 	-1.35871 	-0.0601504 	
1.7	0.326096 	-0.172866 	0.539281 	0.0417711 	-1.35738 	-0.0575464 	
1.705	0.32617 	-0.172861 	0.539293 	0.0417711 	-1.35738 	-0.0575464 	
1.71	0.326243 	-0.172856 	0.539305 	0.0417711 	-1.35738 	-0.0575464 	
1.715	0.326316 	-0.17285 	0.539317 	0.0417711 	-1.35738 	-0.0575464 	
1.72	0.326315 	-0.172854 	0.539313 	0.0399099 	-1.35608 	-0.0549823 	
1.725	0.326388 	-0.172849 	0.539325 	0.0399099 	-1.35608 	-0.0549823 	
1.73	0.32646 	-0.172844 	0.539337 	0.0399099 	-1.35608 	-0.0549823 	
1.735	0.326532 	-0.172838 	0.539348 	0.0399099 	-1.35608 	-0.0549823 	
1.74	0.326531 	-0.172842 	0.539345 	0.0380789 	-1.35479 	-0.0524597 	
1.745	0.326603 	-0.172837 	0.539356 	0.0380789 	-1.35479 	-0.0524597 	
1.75	0.326674 	-0.172832 	0.539368 	0.0380789 	-1.35479 	-0.0524597 	
1.755	0.326744 	-0.172827 	0.539379 	0.0380789 	-1.35479 	-0.0524597 	
1.76	0.326743 	-0.172831 	0.539376 	0.0362791 	-1.35353 	-0.0499803 	
1.765	0.326813 	-0.172826 	0.539387 	0.0362791 	-1.35353 	-0.0499803 	
1.77	0.326883 	-0.17282 	0.539398 	0.0362791 	-1.35353 	-0.0499803 	
1.775	0.326953 	-0.172815 	0.53941 	0.0362791 	-1.35353 	-0.0499803 	
1.78	0.326952 	-0.172819 	0.539406 	0.0345118 	-1.35229 	-0.0475455 	
1.785	0.32702 	-0.172814 	0.539417 	0.0345118 	-1.35229 	-0.0475455 	
1.79	0.327089 	-0.172809 	0.539429 	0.0345118 	-1.35229 	-0.0475455 	
1.795	0.327157 	-0.172804 	0.53944 	0.0345118 	-1.35229 	-0.0475455 	
1.8	0.327156 	-0.172808 	0.539436 	0.0327781 	-1.35108 	-0.045157 	
1.805	0.327223 	-0.172803 	0.539447 	0.0327781 	-1.35108 	-0.045157 	
1.81	0.327291 	-0.172798 	0.539458 	0.0327781 	-1.35108 	-0.045157 	
1.815	0.327357 	-0.172793 	0.539469 	0.0327781 	-1.35108 	-0.045157 	
1.82	0.327356 	-0.172797 	0.539466 	0.0310789 	-1.34989 	-0.0428162 	
1.825	0.327422 	-0.172792 	0.539476 	0.0310789 	-1.34989 	-0.0428162 	
1.83	0.327488 	-0.172787 	0.539487 	0.0310789 	-1.34989 	-0.0428162 	
1.835	0.327553 	-0.172782 	0.539497 	0.0310789 	-1.34989 	-0.0428162 	
1.84	0.327552 	-0.172787 	0.539494 	0.0294155 	-1.34872 	-0.0405246 	
1.845	0.327617 	-0.172782 	0.539505 	0.0294155 	-1.34872 	-0.0405246 	
1.85	0.327681 	-0.172776 	0.539515 	0.0294155 	-1.34872 	-0.0405246 	
1.855	0.327745 	-0.172771 	0.539525 	0.0294155 	-1.34872 	-0.0405246 	
1.86	0.327744 	-0.172776 	0.539523 	0.0277889 	-1.34758 	-0.0382836 	
1.865	0.327807 	-0.172771 	0.539533 	0.0277889 	-1.34758 	-0.0382836 	
1.87	0.32787 	-0.172766 	0.539543 	0.0277889 	-1.34758 	-0.0382836 	
1.875	0.327932 	-0.172761 	0.539553 	0.0277889 	-1.34758 	-0.0382836 	
1.88	0.327931 	-0.172766 	0.53955 	0.0262 	-1.34647 	-0.0360947 	
1.885	0.327993 	-0.172761 	0.53956 	0.0262 	-1.34647 	-0.0360947 	
1.89	0.328054 	-0.172756 	0.53957 	0.0262 	-1.34647 	-0.0360947 	
1.895	0.328114 	-0.172751 	0.539579 	0.0262 	-1.34647 	-0.0360947 	
1.9	0.328113 	-0.172756 	0.539577 	0.0246499 	-1.34538 	-0.0339592 	
1.905	0.328173 	-0.172751 	0.539586 	0.0246499 	-1.34538 	-0.0339592 	
1.91	0.328233 	-0.172746 	0.539596 	0.0246499 	-1.34538 	-0.0339592 	
1.915	0.328292 	-0.172741 	0.539605 	0.0246499 	-1.34538 	-0.0339592 	
1.92	0.328351 	-0.172736 	0.539615 	0.0246499 	-1.34538 	-0.0339592 	
1.925	0.328336 	-0.172744 	0.53961 	0.0228074 	-1.34409 	-0.0314207 	
1.93	0.328394 	-0.172739 	0.539619 	0.0228074 	-1.34409 	-0.0314207 	
1.935	0.328452 	-0.172734 	0.539628 	0.0228074 	-1.34409 	-0.0314207 	
1.94	0.328509 	-0.172729 	0.539637 	0.0228074 	-1.34409 	-0.0314207 	
1.945	0.328566 	-0.172724 	0.539646 	0.0228074 	-1.34409 	-0.0314207 	
1.95	0.32855 	-0.172732 	0.539641 	0.0209924 	-1.34282 	-0.0289203 	
1.955	0.328606 	-0.172727 	0.53965 	0.0209924 	-1.34282 	-0.0289203 	
1.96	0.328662 	-0.172723 	0.539659 	0.0209924 	-1.34282 	-0.0289203 	
1.965	0.328717 	-0.172718 	0.539667 	0.0209924 	-1.34282 	-0.0289203 	
1.97	0.328772 	-0.172713 	0.539676 	0.0209924 	-1.34282 	-0.0289203 	
1.975	0.328757 	-0.172721 	0.539671 	0.0192395 	-1.34159 	-0.0265054 	
1.98	0.32881 	-0.172716 	0.53968 	0.0192395 	-1.34159 	-0.0265054 	
1.985	0.328864 	-0.172712 	0.539688 	0.0192395 	-1.34159 	-0.0265054 	
1.99	0.328917 	-0.172707 	0.539697 	0.0192395 	-1.34159 	-0.0265054 	
1.995	0.328969 	-0.172702 	0.539705 	0.0192395 	-1.34159 	-0.0265054 	
2	0.328955 	-0.17271 	0.5397 	0.0175536 	-1.3404 	-0.0241828 	
2.005	0.329006 	-0.172706 	0.539708 	0.0175536 	-1.3404 	-0.0241828 	
2.01	0.329058 	-0.172701 	0.539717 	0.0175536 	-1.3404 	-0.0241828 	
2.015	0.329108 	-0.172697 	0.539725 	0.0175536 	-1.3404 	-0.0241828 	
2.02	0.329159 	-0.172692 	0.539733 	0.0175536 	-1.3404 	-0.0241828 	
2.025	0.329145 	-0.1727 	0.539728 	0.0159367 	-1.33927 	-0.0219553 	
2.03	0.329194 	-0.172696 	0.539736 	0.0159367 	-1.33927 	-0.0219553 	
2.035	0.329243 	-0.172691 	0.539744 	0.0159367 	-1.33927 	-0.0219553 	
2.04	0.329291 	-0.172687 	0.539751 	0.0159367 	-1.33927 	-0.0219553 	
2.045	0.32934 	-0.172682 	0.539759 	0.0159367 	-1.33927 	-0.0219553 	
2.05	0.329326 	-0.17269 	0.539755 	0.0143905 	-1.33819 	-0.0198252 	
2.055	0.329373 	-0.172686 	0.539762 	0.0143905 	-1.33819 	-0.0198252 	
2.06	0.32942 	-0.172682 	0.539769 	0.0143905 	-1.33819 	-0.0198252 	
2.065	0.329466 	-0.172677 	0.539777 	0.0143905 	-1.33819 	-0.0198252 	
2.07	0.329512 	-0.172673 	0.539784 	0.0143905 	-1.33819 	-0.0198252 	
2.075	0.329557 	-0.172669 	0.539791 	0.0143905 	-1.33819 	-0.0198252 	
2.08	0.329534 	-0.172679 	0.539785 	0.0126613 	-1.33697 	-0.0174429 	
2.085	0.329578 	-0.172675 	0.539792 	0.0126613 	-1.33697 	-0.0174429 	
2.09	0.329622 	-0.172671 	0.539799 	0.0126613 	-1.33697 	-0.0174429 	
2.095	0.329665 	-0.172667 	0.539806 	0.0126613 	-1.33697 	-0.0174429 	
2.1	0.329708 	-0.172663 	0.539813 	0.0126613 	-1.33697 	-0.0174429 	
2.105	0.329751 	-0.172659 	0.539819 	0.0126613 	-1.33697 	-0.0174429 	
2.11	0.329728 	-0.172668 	0.539814 	0.0110091 	-1.33582 	-0.0151667 	
2.115	0.329769 	-0.172664 	0.53982 	0.0110091 	-1.33582 	-0.0151667 	
2.12	0.32981 	-0.17266 	0.539827 	0.0110091 	-1.33582 	-0.0151667 	
2.125	0.329851 	-0.172657 	0.539833 	0.0110091 	-1.33582 	-0.0151667 	
2.13	0.329891 	-0.172653 	0.539839 	0.0110091 	-1.33582 	-0.0151667 	
2.135	0.32993 	-0.172649 	0.539846 	0.0110091 	-1.33582 	-0.0151667 	
2.14	0.329909 	-0.172658 	0.53984 	0.0094627 	-1.33473 	-0.0130363 	
2.145	0.329947 	-0.172655 	0.539846 	0.0094627 	-1.33473 	-0.0130363 	
2.15	0.329985 	-0.172651 	0.539852 	0.0094627 	-1.33473 	-0.0130363 	
2.155	0.330023 	-0.172648 	0.539858 	0.0094627 	-1.33473 	-0.0130363 	
2.16	0.33006 	-0.172644 	0.539864 	0.0094627 	-1.33473 	-0.0130363 	
2.165	0.330097 	-0.172641 	0.53987 	0.0094627 	-1.33473 	-0.0130363 	
2.17	0.330133 	-0.172637 	0.539875 	0.0094627 	-1.33473 	-0.0130363 	
2.175	0.330104 	-0.172648 	0.539869 	0.00782379 	-1.33358 	-0.0107784 	
2.18	0.330139 	-0.172644 	0.539874 	0.00782379 	-1.33358 	-0.0107784 	
2.185	0.330174 	-0.172641 	0.53988 	0.00782379 	-1.33358 	-0.0107784 	
2.19	0.330208 	-0.172638 	0.539885 	0.00782379 	-1.33358 	-0.0107784 	
2.195	0.330242 	-0.172635 	0.53989 	0.00782379 	-1.33358 	-0.0107784 	
2.2	0.330275 	-0.172631 	0.539896 	0.00782379 	-1.33358 	-0.0107784 	
2.205	0.330307 	-0.172628 	0.539901 	0.00782379 	-1.33358 	-0.0107784 	
2.21	0.33028 	-0.172638 	0.539895 	0.00631411 	-1.33253 	-0.00869858 	
2.215	0.330312 	-0.172635 	0.5399 	0.00631411 	-1.33253 	-0.00869858 	
2.22	0.330343 	-0.172632 	0.539904 	0.00631411 	-1.33253 	-0.00869858 	
2.225	0.330374 	-0.172629 	0.539909 	0.00631411 	-1.33253 	-0.00869858 	
2.23	0.330404 	-0.172626 	0.539914 	0.00631411 	-1.33253 	-0.00869858 	
2.235	0.330433 	-0.172623 	0.539919 	0.00631411 	-1.33253 	-0.00869858 	
2.24	0.330462 	-0.172621 	0.539923 	0.00631411 	-1.33253 	-0.00869858 	
2.245	0.330491 	-0.172618 	0.539928 	0.00631411 	-1.33253 	-0.00869858 	
2.25	0.330459 	-0.172628 	0.539921 	0.00479908 	-1.33146 	-0.00661137 	
2.255	0.330487 	-0.172626 	0.539925 	0.00479908 	-1.33146 	-0.00661137 	
2.26	0.330514 	-0.172623 	0.539929 	0.00479908 	-1.33146 	-0.00661137 	
2.265	0.33054 	-0.17262 	0.539934 	0.00479908 	-1.33146 	-0.00661137 	
2.27	0.330566 	-0.172618 	0.539938 	0.00479908 	-1.33146 	-0.00661137 	
2.275	0.330592 	-0.172615 	0.539942 	0.00479908 	-1.33146 	-0.00661137 	
2.28	0.330617 	-0.172613 	0.539946 	0.00479908 	-1.33146 	-0.00661137 	
2.285	0.330641 	-0.172611 	0.539949 	0.00479908 	-1.33146 	-0.00661137 	
2.29	0.330665 	-0.172608 	0.539953 	0.00479908 	-1.33146 	-0.00661137 	
2.295	0.330689 	-0.172606 	0.539957 	0.00479908 	-1.33146 	-0.00661137 	
2.3	0.330649 	-0.172618 	0.539949 	0.00320801 	-1.33035 	-0.00441939 	
2.305	0.330671 	-0.172616 	0.539952 	0.00320801 	-1.33035 	-0.00441939 	
2.31	0.330693 	-0.172614 	0.539956 	0.00320801 	-1.33035 	-0.00441939 	
2.315	0.330714 	-0.172611 	0.539959 	0.00320801 	-1.33035 	-0.00441939 	
2.32	0.330735 	-0.172609 	0.539962 	0.00320801 	-1.33035 	-0.00441939 	
2.325	0.330755 	-0.172607 	0.539965 	0.00320801 	-1.33035 	-0.00441939 	
2.33	0.330775 	-0.172606 	0.539968 	0.00320801 	-1.33035 	-0.00441939 	
2.335	0.330794 	-0.172604 	0.539971 	0.00320801 	-1.33035 	-0.00441939 	
2.34	0.330813 	-0.172602 	0.539974 	0.00320801 	-1.33035 	-0.00441939 	
2.345	0.330831 	-0.1726 	0.539977 	0.00320801 	-1.33035 	-0.00441939 	
2.35	0.330848 	-0.172598 	0.53998 	0.00320801 	-1.33035 	-0.00441939 	
2.355	0.330865 	-0.172597 	0.539983 	0.00320801 	-1.33035 	-0.00441939 	
2.36	0.330882 	-0.172595 	0.539985 	0.00320801 	-1.33035 	-0.00441939 	
2.365	0.330836 	-0.172608 	0.539976 	0.00162646 	-1.32924 	-0.00224054 	
2.37	0.330851 	-0.172606 	0.539979 	0.00162646 	-1.32924 	-0.00224054 	
2.375	0.330866 	-0.172605 	0.539981 	0.00162646 	-1.32924 	-0.00224054 	
2.38	0.33088 	-0.172603 	0.539983 	0.00162646 	-1.32924 	-0.00224054 	
2.385	0.330894 	-0.172602 	0.539985 	0.00162646 	-1.32924 	-0.00224054 	
2.39	0.330907 	-0.172601 	0.539987 	0.00162646 	-1.32924 	-0.00224054 	
2.395	0.33092 	-0.172599 	0.539989 	0.00162646 	-1.32924 	-0.00224054 	
2.4	0.330932 	-0.172598 	0.539991 	0.00162646 	-1.32924 	-0.00224054 	
2.405	0.330944 	-0.172597 	0.539993 	0.00162646 	-1.32924 	-0.00224054 	
2.41	0.330955 	-0.172596 	0.539995 	0.00162646 	-1.32924 	-0.00224054 	
2.415	0.330966 	-0.172595 	0.539996 	0.00162646 	-1.32924 	-0.00224054 	
2.42	0.330976 	-0.172594 	0.539998 	0.00162646 	-1.32924 	-0.00224054 	
2.425	0.330984 	-0.172593 	0.539999 	0.00162646 	-1.32924 	-0.00224054 	
2.43	0.330994 	-0.172592 	0.540001 	0.00162646 	-1.32924 	-0.00224054 	
2.435	0.331002 	-0.172591 	0.540002 	0.00162646 	-1.32924 	-0.00224054 	
2.44	0.33101 	-0.17259 	0.540003 	0.00162646 	-1.32924 	-0.00224054 	
2.445	0.331017 	-0.17259 	0.540004 	0.00162646 	-1.32924 	-0.00224054 	
2.45	0.331024 	-0.172589 	0.540006 	0.00162646 	-1.32924 	-0.00224054 	
2.455	0.33103 	-0.172588 	0.540006 	0.00162646 	-1.32924 	-0.00224054 	
2.46	0.331036 	-0.172588 	0.540007 	0.00162646 	-1.32924 	-0.00224054 	
2.465	0.331041 	-0.172587 	0.540008 	0.00162646 	-1.32924 	-0.00224054 	
2.47	0.331046 	-0.172587 	0.540009 	0.00162646 	-1.32924 	-0.00224054 	
2.475	0.33105 	-0.172586 	0.54001 	0.00162646 	-1.32924 	-0.00224054 	
2.48	0.331054 	-0.172586 	0.54001 	0.00162646 	-1.32924 	-0.00224054 	
2.485	0.331057 	-0.172586 	0.540011 	0.00162646 	-1.32924 	-0.00224054 	
2.49	0.331059 	-0.172585 	0.540011 	0.00162646 	-1.32924 	-0.00224054 	
2.495	0.331061 	-0.172585 	0.540011 	0.00162646 	-1.32924 	-0.00224054 	
2.5	0.331063 	-0.172585 	0.540012 	0.00162646 	-1.32924 	-0.00224054 	
2.505	0.331063 	-0.172585 	0.540012 	0.00162646 	-1.32924 	-0.00224054 	
2.51	0.331064 	-0.172585 	0.540012 	0.00162646 	-1.32924 	-0.00224054 	
2.515	0.33106 	-0.172589 	0.540012 	0.00162646 	-1.32924 	-0.00224054 	
2.52	0.33106 	-0.172589 	0.540012 	0.00162646 	-1.32924 	-0.00224054 	
2.525	0.33106 	-0.172589 	0.540011 	0.00162646 	-1.32924 	-0.00224054 	
2.53	0.33106 	-0.172589 	0.540009 	0.00162646 	-1.32924 	-0.00224054 	
2.535	0.33106 	-0.172588 	0.540008 	0.00162646 	-1.32924 	-0.00224054 	
2.54	0.331061 	-0.172588 	0.540007 	0.00162646 	-1.32924 	-0.00224054 	
2.545	0.331014 	-0.172589 	0.539994 	0.00031817 	-1.32825 	-0.000226457 	
2.55	0.331014 	-0.172588 	0.539992 	0.00031817 	-1.32825 	-0.000226457 	
2.555	0.331014 	-0.172587 	0.53999 	0.00031817 	-1.32825 	-0.000226457 	
2.56	0.331015 	-0.172587 	0.539987 	0.00031817 	-1.32825 	-0.000226457 	
2.565	0.331015 	-0.172586 	0.539984 	0.000318171 	-1.32825 	-0.000226457 	
2.57	0.331016 	-0.172585 	0.53998 	0.000318171 	-1.32825 	-0.000226458 	
2.575	0.331017 	-0.172584 	0.539977 	0.000318171 	-1.32825 	-0.000226458 	
2.58	0.331017 	-0.172583 	0.539973 	0.000318172 	-1.32825 	-0.000226458 	
2.585	0.331018 	-0.172581 	0.539968 	0.000318172 	-1.32825 	-0.000226459 	
2.59	0.331019 	-0.17258 	0.539964 	0.000318172 	-1.32825 	-0.000226459 	
2.595	0.33102 	-0.172579 	0.539959 	0.000318173 	-1.32825 	-0.00022646 	
2.6	0.331021 	-0.172577 	0.539954 	0.000318174 	-1.32825 	-0.000226461 	
2.605	0.331022 	-0.172576 	0.539948 	0.000318174 	-1.32825 	-0.000226461 	
2.61	0.331023 	-0.172574 	0.539943 	0.000318175 	-1.32825 	-0.000226462 	
2.615	0.331031 	-0.172546 	0.539939 	0.00141116 	-1.32842 	-2.21326e-05 	
2.62	0.331032 	-0.172544 	0.539932 	0.00141116 	-1.32842 	-2.21335e-05 	
2.625	0.331033 	-0.172542 	0.539926 	0.00141116 	-1.32842 	-2.21346e-05 	
2.63	0.331034 	-0.17254 	0.539919 	0.00141116 	-1.32842 	-2.21357e-05 	
2.635	0.331036 	-0.172538 	0.539912 	0.00141116 	-1.32842 	-2.2137e-05 	
2.64	0.331037 	-0.172536 	0.539904 	0.00141116 	-1.32842 	-2.21383e-05 	
2.645	0.331038 	-0.172534 	0.539896 	0.00141116 	-1.32842 	-2.21398e-05 	
2.65	0.33104 	-0.172532 	0.539888 	0.00141116 	-1.32842 	-2.21414e-05 	
2.655	0.331055 	-0.172499 	0.539883 	0.00276618 	-1.32872 	-1.33761e-06 	
2.66	0.331057 	-0.172496 	0.539874 	0.00276618 	-1.32872 	-1.33944e-06 	
2.665	0.331058 	-0.172494 	0.539865 	0.00276618 	-1.32872 	-1.34105e-06 	
2.67	0.33106 	-0.172491 	0.539855 	0.00276618 	-1.32872 	-1.3431e-06 	
2.675	0.331062 	-0.172488 	0.539846 	0.00276618 	-1.32872 	-1.34494e-06 	
2.68	0.331063 	-0.172486 	0.539836 	0.00276618 	-1.32872 	-1.34689e-06 	
2.685	0.331075 	-0.172457 	0.539829 	0.00409306 	-1.32902 	7.22083e-07 	
2.69	0.331077 	-0.172454 	0.539819 	0.00409306 	-1.32902 	7.19903e-07 	
2.695	0.331079 	-0.172451 	0.539808 	0.00409306 	-1.32902 	7.17595e-07 	
2.7	0.331081 	-0.172448 	0.539797 	0.00409307 	-1.32902 	7.15164e-07 	
2.705	0.331083 	-0.172445 	0.539785 	0.00409307 	-1.32902 	7.12605e-07 	
2.71	0.331098 	-0.172412 	0.539777 	0.00538465 	-1.3293 	8.63329e-07 	
2.715	0.3311 	-0.172409 	0.539765 	0.00538466 	-1.3293 	8.60505e-07 	
2.72	0.331102 	-0.172406 	0.539753 	0.00538466 	-1.3293 	8.57544e-07 	
2.725	0.331104 	-0.172402 	0.539741 	0.00538466 	-1.3293 	8.54445e-07 	
2.73	0.331107 	-0.172399 	0.539728 	0.00538466 	-1.3293 	8.51204e-07 	
2.735	0.331124 	-0.172363 	0.539719 	0.0068215 	-1.32962 	1.06683e-06 	
2.74	0.331126 	-0.172359 	0.539705 	0.0068215 	-1.32962 	1.0633e-06 	
2.745	0.331129 	-0.172355 	0.539692 	0.00682151 	-1.32962 	1.05961e-06 	
2.75	0.331131 	-0.172351 	0.539678 	0.00682151 	-1.32962 	1.05578e-06 	
2.755	0.331147 	-0.172318 	0.539667 	0.00811761 	-1.32991 	8.97524e-07 	
2.76	0.331149 	-0.172314 	0.539653 	0.00811761 	-1.32991 	8.93371e-07 	
2.765	0.331152 	-0.17231 	0.539638 	0.00811762 	-1.32991 	8.89058e-07 	
2.77	0.331155 	-0.172306 	0.539623 	0.00811762 	-1.32991 	8.84582e-07 	
2.775	0.331171 	-0.172271 	0.539612 	0.0094923 	-1.33022 	9.80151e-07 	
2.78	0.331177 	-0.172264 	0.539596 	0.0094923 	-1.33022 	9.74825e-07 	
2.785	0.331179 	-0.17226 	0.53958 	0.00949231 	-1.33022 	9.69838e-07 	
2.79	0.331182 	-0.172255 	0.539564 	0.00949231 	-1.33022 	9.64683e-07 	
2.795	0.3312 	-0.172218 	0.539552 	0.0109665 	-1.33055 	1.12363e-06 	
2.8	0.331203 	-0.172213 	0.539535 	0.0109665 	-1.33055 	1.11812e-06 	
2.805	0.331206 	-0.172208 	0.539518 	0.0109665 	-1.33055 	1.11244e-06 	
2.81	0.331209 	-0.172204 	0.539501 	0.0109665 	-1.33055 	1.10656e-06 	
2.815	0.331228 	-0.172163 	0.539488 	0.012541 	-1.3309 	1.28441e-06 	
2.82	0.331232 	-0.172159 	0.53947 	0.012541 	-1.3309 	1.27816e-06 	
2.825	0.331235 	-0.172154 	0.539452 	0.012541 	-1.3309 	1.27173e-06 	
2.83	0.331251 	-0.17212 	0.539438 	0.0138277 	-1.33119 	8.98521e-07 	
2.835	0.331255 	-0.172114 	0.539419 	0.0138277 	-1.33119 	8.91704e-07 	
2.84	0.331258 	-0.172109 	0.5394 	0.0138277 	-1.33119 	8.84694e-07 	
2.845	0.331275 	-0.172075 	0.539385 	0.0151346 	-1.33148 	8.84153e-07 	
2.85	0.331278 	-0.172069 	0.539366 	0.0151346 	-1.33148 	8.76745e-07 	
2.855	0.331282 	-0.172064 	0.539346 	0.0151346 	-1.33148 	8.69138e-07 	
2.86	0.331298 	-0.172028 	0.53933 	0.0164922 	-1.33179 	9.49084e-07 	
2.865	0.331302 	-0.172023 	0.53931 	0.0164922 	-1.33179 	9.41071e-07 	
2.87	0.331306 	-0.172017 	0.53929 	0.0164922 	-1.33179 	9.32853e-07 	
2.875	0.331324 	-0.17198 	0.539273 	0.017903 	-1.3321 	1.02314e-06 	
2.88	0.331328 	-0.171974 	0.539252 	0.017903 	-1.3321 	1.0145e-06 	
2.885	0.331331 	-0.171968 	0.539231 	0.017903 	-1.3321 	1.00566e-06 	
2.89	0.33135 	-0.171929 	0.539214 	0.0193663 	-1.33243 	1.1027e-06 	
2.895	0.331354 	-0.171923 	0.539192 	0.0193663 	-1.33243 	1.09343e-06 	
2.9	0.331358 	-0.171917 	0.539171 	0.0193664 	-1.33243 	1.08394e-06 	
2.905	0.331377 	-0.171877 	0.539153 	0.0208816 	-1.33277 	1.18457e-06 	
2.91	0.331381 	-0.171871 	0.539131 	0.0208816 	-1.33277 	1.17465e-06 	
2.915	0.331385 	-0.171864 	0.539108 	0.0208816 	-1.33277 	1.16451e-06 	
2.92	0.331405 	-0.171823 	0.53909 	0.0224478 	-1.33312 	1.26824e-06 	
2.925	0.331409 	-0.171817 	0.539067 	0.0224478 	-1.33312 	1.25766e-06 	
2.93	0.331416 	-0.171808 	0.539043 	0.0224478 	-1.33312 	1.24613e-06 	
2.935	0.331436 	-0.171765 	0.539024 	0.0240642 	-1.33348 	1.35333e-06 	
2.94	0.331441 	-0.171759 	0.539001 	0.0240642 	-1.33348 	1.34208e-06 	
2.945	0.331445 	-0.171752 	0.538977 	0.0240642 	-1.33348 	1.33061e-06 	
2.95	0.331466 	-0.171708 	0.538957 	0.0257297 	-1.33385 	1.44022e-06 	
2.955	0.331471 	-0.171701 	0.538933 	0.0257297 	-1.33385 	1.42829e-06 	
2.96	0.331475 	-0.171694 	0.538908 	0.0257298 	-1.33385 	1.41614e-06 	
2.965	0.331497 	-0.171649 	0.538888 	0.0274436 	-1.33423 	1.52821e-06 	
2.97	0.331501 	-0.171642 	0.538863 	0.0274436 	-1.33423 	1.5156e-06 	
2.975	0.331506 	-0.171635 	0.538837 	0.0274436 	-1.33423 	1.50277e-06 	
2.98	0.331528 	-0.171588 	0.538817 	0.0292048 	-1.33463 	1.61727e-06 	
2.985	0.331533 	-0.171581 	0.538791 	0.0292048 	-1.33463 	1.60398e-06 	
2.99	0.33155 	-0.171545 	0.538769 	0.0304647 	-1.33491 	8.84662e-07 	
2.995	0.331555 	-0.171538 	0.538742 	0.0304648 	-1.33491 	8.70901e-07 	
3	0.33156 	-0.171531 	0.538716 	0.0304648 	-1.33491 	8.56914e-07 	
3.005	0.331583 	-0.171483 	0.538694 	0.0322487 	-1.33531 	1.59332e-06 	
3.01	0.331588 	-0.171476 	0.538667 	0.0322487 	-1.33531 	1.57886e-06 	
3.015	0.331606 	-0.171439 	0.538644 	0.0335559 	-1.3356 	9.39935e-07 	
3.02	0.331611 	-0.171431 	0.538617 	0.033556 	-1.3356 	9.25016e-07 	
3.025	0.331628 	-0.171395 	0.538593 	0.0348324 	-1.33589 	8.36088e-07 	
3.03	0.331634 	-0.171387 	0.538565 	0.0348324 	-1.33589 	8.20704e-07 	
3.035	0.331652 	-0.171351 	0.538541 	0.0361229 	-1.33617 	8.42933e-07 	
3.04	0.331657 	-0.171343 	0.538513 	0.0361229 	-1.33617 	8.27085e-07 	
3.045	0.331675 	-0.171305 	0.538488 	0.0374318 	-1.33647 	8.66478e-07 	
3.05	0.331681 	-0.171297 	0.538459 	0.0374318 	-1.33647 	8.50168e-07 	
3.055	0.331699 	-0.17126 	0.538435 	0.0387592 	-1.33676 	8.92266e-07 	
3.06	0.331704 	-0.171252 	0.538406 	0.0387592 	-1.33676 	8.75493e-07 	
3.065	0.331723 	-0.171213 	0.53838 	0.0401048 	-1.33706 	9.18325e-07 	
3.07	0.331729 	-0.171205 	0.538351 	0.0401048 	-1.33706 	9.01093e-07 	
3.075	0.331747 	-0.171166 	0.538325 	0.0414683 	-1.33737 	9.44387e-07 	
3.08	0.331753 	-0.171158 	0.538296 	0.0414683 	-1.33737 	9.26697e-07 	
3.085	0.331772 	-0.171119 	0.53827 	0.0428493 	-1.33768 	9.70399e-07 	
3.09	0.331778 	-0.17111 	0.53824 	0.0428493 	-1.33768 	9.52252e-07 	
3.095	0.331797 	-0.171071 	0.538213 	0.0442475 	-1.33799 	9.96332e-07 	
3.1	0.331803 	-0.171062 	0.538183 	0.0442475 	-1.33799 	9.77733e-07 	
3.105	0.331821 	-0.171023 	0.538156 	0.0456626 	-1.33831 	1.02955e-06 	
3.11	0.331827 	-0.171015 	0.538126 	0.0456626 	-1.33831 	1.01051e-06 	
3.115	0.331846 	-0.170974 	0.538099 	0.0470941 	-1.33863 	1.0486e-06 	
3.12	0.331853 	-0.170965 	0.538067 	0.0470942 	-1.33863 	1.02911e-06 	
3.125	0.331872 	-0.170924 	0.53804 	0.0485418 	-1.33895 	1.07349e-06 	
3.13	0.331879 	-0.170915 	0.538009 	0.0485419 	-1.33895 	1.05356e-06 	
3.135	0.331899 	-0.170874 	0.537981 	0.0500053 	-1.33928 	1.09881e-06 	
3.14	0.331905 	-0.170865 	0.53795 	0.0500053 	-1.33928 	1.07843e-06 	
3.145	0.331925 	-0.170823 	0.537922 	0.0514842 	-1.33961 	1.12398e-06 	
3.15	0.331931 	-0.170814 	0.53789 	0.0514842 	-1.33961 	1.10318e-06 	
3.155	0.331952 	-0.170772 	0.537862 	0.0529781 	-1.33994 	1.14895e-06 	
3.16	0.331958 	-0.170762 	0.537829 	0.0529782 	-1.33994 	1.12772e-06 	
3.165	0.331979 	-0.17072 	0.537801 	0.0544867 	-1.34028 	1.17366e-06 	
3.17	0.331985 	-0.17071 	0.537768 	0.0544868 	-1.34028 	1.15201e-06 	
3.175	0.332006 	-0.170667 	0.53774 	0.0560096 	-1.34062 	1.19811e-06 	
3.18	0.332013 	-0.170658 	0.537706 	0.0560097 	-1.34062 	1.17605e-06 	
3.185	0.332026 	-0.170622 	0.537678 	0.0575464 	-1.34096 	1.26594e-06 	
3.19	0.332032 	-0.170613 	0.537644 	0.0575464 	-1.34096 	1.24351e-06 	
3.195	0.332053 	-0.170569 	0.537615 	0.0590968 	-1.34131 	1.25046e-06 	
3.2	0.33206 	-0.170559 	0.537581 	0.0590968 	-1.34131 	1.22759e-06 	
3.205	0.332081 	-0.170515 	0.537552 	0.0606603 	-1.34166 	1.27003e-06 	
3.21	0.332088 	-0.170505 	0.537518 	0.0606603 	-1.34166 	1.24677e-06 	
3.215	0.332109 	-0.170461 	0.537489 	0.0622366 	-1.34201 	1.29279e-06 	
3.22	0.332117 	-0.170451 	0.537454 	0.0622366 	-1.34201 	1.26914e-06 	
3.225	0.332138 	-0.170406 	0.537425 	0.0638252 	-1.34237 	1.31551e-06 	
3.23	0.332145 	-0.170396 	0.53739 	0.0638252 	-1.34237 	1.29149e-06 	
3.235	0.332167 	-0.170351 	0.53736 	0.0654258 	-1.34272 	1.33787e-06 	
3.24	0.332174 	-0.170341 	0.537325 	0.0654258 	-1.34272 	1.31348e-06 	
3.245	0.332195 	-0.170295 	0.537295 	0.0670379 	-1.34308 	1.3598e-06 	
3.25	0.332203 	-0.170285 	0.53726 	0.067038 	-1.34308 	1.33505e-06 	
3.255	0.332224 	-0.170239 	0.53723 	0.0686613 	-1.34345 	1.38128e-06 	
3.26	0.332232 	-0.170229 	0.537195 	0.0686613 	-1.34345 	1.35618e-06 	
3.265	0.332254 	-0.170183 	0.537164 	0.0702954 	-1.34381 	1.40229e-06 	
3.27	0.332261 	-0.170173 	0.537129 	0.0702954 	-1.34381 	1.37686e-06 	
3.275	0.332283 	-0.170127 	0.537098 	0.0719398 	-1.34418 	1.42282e-06 	
3.28	0.332291 	-0.170116 	0.537062 	0.0719398 	-1.34418 	1.39705e-06 	
3.285	0.332319 	-0.170063 	0.537031 	0.0735942 	-1.34455 	1.40177e-06 	
3.29	0.332327 	-0.170053 	0.536995 	0.0735943 	-1.34455 	1.37565e-06 	
3.295	0.332349 	-0.170005 	0.536964 	0.0752581 	-1.34492 	1.45823e-06 	
3.3	0.332357 	-0.169995 	0.536928 	0.0752582 	-1.34492 	1.43183e-06 	
3.305	0.332379 	-0.169948 	0.536897 	0.0769312 	-1.3453 	1.48085e-06 	
3.31	0.332387 	-0.169938 	0.536861 	0.0769312 	-1.3453 	1.45416e-06 	
3.315	0.332409 	-0.16989 	0.536829 	0.0786129 	-1.34567 	1.49958e-06 	
3.32	0.332417 	-0.16988 	0.536793 	0.0786129 	-1.34567 	1.4726e-06 	
3.325	0.33244 	-0.169832 	0.536761 	0.080303 	-1.34605 	1.51738e-06 	
3.33	0.332448 	-0.169821 	0.536725 	0.080303 	-1.34605 	1.49013e-06 	
3.335	0.33247 	-0.169773 	0.536693 	0.0820009 	-1.34643 	1.53454e-06 	
3.34	0.332478 	-0.169763 	0.536656 	0.0820009 	-1.34643 	1.50703e-06 	
3.345	0.3325 	-0.169715 	0.536624 	0.0837062 	-1.34681 	1.55656e-06 	
3.35	0.332508 	-0.169705 	0.536587 	0.0837062 	-1.34681 	1.52881e-06 	
3.355	0.33253 	-0.169656 	0.536555 	0.0854185 	-1.34719 	1.5675e-06 	
3.36	0.332538 	-0.169646 	0.536518 	0.0854186 	-1.34719 	1.53951e-06 	
3.365	0.332561 	-0.169597 	0.536486 	0.0871375 	-1.34758 	1.58223e-06 	
3.37	0.332569 	-0.169587 	0.536449 	0.0871375 	-1.34758 	1.55401e-06 	
3.375	0.332592 	-0.169538 	0.536417 	0.0888626 	-1.34796 	1.59673e-06 	
3.38	0.3326 	-0.169527 	0.536379 	0.0888626 	-1.34796 	1.5683e-06 	
3.385	0.332623 	-0.169478 	0.536347 	0.0905934 	-1.34835 	1.61057e-06 	
3.39	0.332631 	-0.169468 	0.536309 	0.0905934 	-1.34835 	1.58194e-06 	
3.395	0.332654 	-0.169419 	0.536277 	0.0923295 	-1.34874 	1.62371e-06 	
3.4	0.332662 	-0.169408 	0.536239 	0.0923296 	-1.34874 	1.5949e-06 	
3.405	0.332685 	-0.169359 	0.536207 	0.0940705 	-1.34913 	1.63613e-06 	
3.41	0.332693 	-0.169348 	0.536169 	0.0940705 	-1.34913 	1.60715e-06 	
3.415	0.332716 	-0.169299 	0.536137 	0.0958159 	-1.34952 	1.64781e-06 	
3.42	0.332725 	-0.169288 	0.536099 	0.095816 	-1.34952 	1.61867e-06 	
3.425	0.332747 	-0.169238 	0.536067 	0.0975654 	-1.34991 	1.65874e-06 	
3.43	0.332756 	-0.169228 	0.536028 	0.0975654 	-1.34991 	1.62945e-06 	
3.435	0.332779 	-0.169178 	0.535996 	0.0993183 	-1.3503 	1.6689e-06 	
3.44	0.332787 	-0.169167 	0.535958 	0.0993184 	-1.3503 	1.63948e-06 	
3.445	0.332805 	-0.169123 	0.535925 	0.101074 	-1.35069 	1.71591e-06 	
3.45	0.332813 	-0.169113 	0.535887 	0.101074 	-1.35069 	1.68641e-06 	
3.455	0.332836 	-0.169063 	0.535855 	0.102833 	-1.35108 	1.69062e-06 	
3.46	0.332845 	-0.169052 	0.535816 	0.102833 	-1.35108 	1.66099e-06 	
3.465	0.332867 	-0.169002 	0.535784 	0.104594 	-1.35148 	1.69503e-06 	
3.47	0.332876 	-0.168991 	0.535745 	0.104594 	-1.35148 	1.66531e-06 	
3.475	0.332899 	-0.168941 	0.535713 	0.106357 	-1.35187 	1.70168e-06 	
3.48	0.332908 	-0.168931 	0.535674 	0.106357 	-1.35187 	1.67189e-06 	
3.485	0.332931 	-0.168881 	0.535642 	0.108121 	-1.35227 	1.70781e-06 	
3.49	0.332939 	-0.16887 	0.535603 	0.108121 	-1.35227 	1.67797e-06 	
3.495	0.332962 	-0.16882 	0.535571 	0.109886 	-1.35266 	1.71315e-06 	
3.5	0.332971 	-0.168809 	0.535532 	0.109886 	-1.35266 	1.68326e-06 	
3.505	0.332994 	-0.168759 	0.5355 	0.111652 	-1.35306 	1.71766e-06 	
3.51	0.333003 	-0.168748 	0.535461 	0.111652 	-1.35306 	1.68774e-06 	
3.515	0.333027 	-0.168697 	0.535429 	0.113418 	-1.35345 	1.71237e-06 	
3.52	0.333036 	-0.168686 	0.53539 	0.113418 	-1.35345 	1.68243e-06 	
3.525	0.333058 	-0.168636 	0.535358 	0.115183 	-1.35385 	1.72325e-06 	
3.53	0.333067 	-0.168625 	0.535319 	0.115183 	-1.35385 	1.69332e-06 	
3.535	0.33309 	-0.168576 	0.535287 	0.116948 	-1.35424 	1.72602e-06 	
3.54	0.333099 	-0.168565 	0.535248 	0.116948 	-1.35424 	1.69611e-06 	
3.545	0.333121 	-0.168515 	0.535216 	0.118711 	-1.35463 	1.72721e-06 	
3.55	0.33313 	-0.168504 	0.535177 	0.118711 	-1.35463 	1.69733e-06 	
3.555	0.333153 	-0.168454 	0.535145 	0.120472 	-1.35503 	1.72746e-06 	
3.56	0.333162 	-0.168443 	0.535107 	0.120472 	-1.35503 	1.69763e-06 	
3.565	0.333184 	-0.168394 	0.535074 	0.122232 	-1.35542 	1.72684e-06 	
3.57	0.333193 	-0.168383 	0.535036 	0.122232 	-1.35542 	1.69726e-06 	
3.575	0.333215 	-0.168334 	0.535003 	0.123988 	-1.35581 	1.7254e-06 	
3.58	0.333224 	-0.168323 	0.534965 	0.123988 	-1.35581 	1.6957e-06 	
3.585	0.333247 	-0.168273 	0.534933 	0.125742 	-1.35621 	1.72301e-06 	
3.59	0.333256 	-0.168262 	0.534895 	0.125742 	-1.35621 	1.6934e-06 	
3.595	0.333278 	-0.168213 	0.534862 	0.127492 	-1.3566 	1.71978e-06 	
3.6	0.333287 	-0.168202 	0.534824 	0.127492 	-1.3566 	1.69028e-06 	
3.605	0.333309 	-0.168153 	0.534792 	0.129239 	-1.35699 	1.71569e-06 	
3.61	0.333318 	-0.168142 	0.534754 	0.129239 	-1.35699 	1.68631e-06 	
3.615	0.33334 	-0.168093 	0.534722 	0.130981 	-1.35738 	1.71074e-06 	
3.62	0.333349 	-0.168082 	0.534684 	0.130981 	-1.35738 	1.68149e-06 	
3.625	0.333371 	-0.168033 	0.534652 	0.132718 	-1.35776 	1.70492e-06 	
3.63	0.33338 	-0.168023 	0.534614 	0.132718 	-1.35776 	1.67627e-06 	
3.635	0.333402 	-0.167974 	0.534583 	0.13445 	-1.35815 	1.69834e-06 	
3.64	0.333411 	-0.167964 	0.534545 	0.13445 	-1.35815 	1.6694e-06 	
3.645	0.333432 	-0.167915 	0.534513 	0.136176 	-1.35854 	1.69071e-06 	
3.65	0.333442 	-0.167904 	0.534476 	0.136176 	-1.35854 	1.66195e-06 	
3.655	0.333463 	-0.167856 	0.534444 	0.137897 	-1.35892 	1.68232e-06 	
3.66	0.333472 	-0.167845 	0.534407 	0.137897 	-1.35892 	1.65375e-06 	
3.665	0.333494 	-0.167797 	0.534375 	0.139611 	-1.35931 	1.67309e-06 	
3.67	0.333503 	-0.167786 	0.534338 	0.139611 	-1.35931 	1.64473e-06 	
3.675	0.333524 	-0.167738 	0.534306 	0.141318 	-1.35969 	1.66303e-06 	
3.68	0.333536 	-0.167725 	0.534269 	0.141318 	-1.35969 	1.63344e-06 	
3.685	0.333558 	-0.167677 	0.534238 	0.143017 	-1.36007 	1.65182e-06 	
3.69	0.333567 	-0.167666 	0.534201 	0.143017 	-1.36007 	1.6239e-06 	
3.695	0.333588 	-0.167618 	0.53417 	0.144709 	-1.36044 	1.64039e-06 	
3.7	0.333597 	-0.167608 	0.534133 	0.144709 	-1.36044 	1.61272e-06 	
3.705	0.333618 	-0.16756 	0.534102 	0.146393 	-1.36082 	1.62789e-06 	
3.71	0.333627 	-0.16755 	0.534066 	0.146393 	-1.36082 	1.60048e-06 	
3.715	0.333648 	-0.167503 	0.534035 	0.148068 	-1.3612 	1.61457e-06 	
3.72	0.333657 	-0.167492 	0.533999 	0.148068 	-1.3612 	1.58743e-06 	
3.725	0.333678 	-0.167445 	0.533968 	0.149734 	-1.36157 	1.60045e-06 	
3.73	0.333685 	-0.167436 	0.533932 	0.149734 	-1.36157 	1.57426e-06 	
3.735	0.333706 	-0.16739 	0.533901 	0.15139 	-1.36194 	1.58571e-06 	
3.74	0.333715 	-0.16738 	0.533865 	0.15139 	-1.36194 	1.55914e-06 	
3.745	0.333735 	-0.167333 	0.533835 	0.153037 	-1.36231 	1.56991e-06 	
3.75	0.333744 	-0.167323 	0.533799 	0.153037 	-1.36231 	1.54365e-06 	
3.755	0.333765 	-0.167277 	0.533769 	0.154674 	-1.36267 	1.55349e-06 	
3.76	0.333774 	-0.167267 	0.533734 	0.154674 	-1.36267 	1.52755e-06 	
3.765	0.333794 	-0.167221 	0.533704 	0.156299 	-1.36304 	1.53635e-06 	
3.77	0.333803 	-0.167211 	0.533669 	0.156299 	-1.36304 	1.51074e-06 	
3.775	0.333823 	-0.167165 	0.533639 	0.157914 	-1.3634 	1.51849e-06 	
3.78	0.333831 	-0.167155 	0.533604 	0.157914 	-1.3634 	1.49322e-06 	
3.785	0.333851 	-0.16711 	0.533575 	0.159517 	-1.36375 	1.49993e-06 	
3.79	0.33386 	-0.1671 	0.53354 	0.159517 	-1.36375 	1.47501e-06 	
3.795	0.33388 	-0.167055 	0.533511 	0.161109 	-1.36411 	1.48068e-06 	
3.8	0.333888 	-0.167045 	0.533476 	0.161109 	-1.36411 	1.45613e-06 	
3.805	0.333908 	-0.167001 	0.533447 	0.162688 	-1.36446 	1.46077e-06 	
3.81	0.333917 	-0.166991 	0.533413 	0.162688 	-1.36446 	1.43659e-06 	
3.815	0.33394 	-0.166943 	0.533384 	0.164254 	-1.36481 	1.41656e-06 	
3.82	0.333949 	-0.166933 	0.53335 	0.164254 	-1.36481 	1.39273e-06 	
3.825	0.333968 	-0.16689 	0.533322 	0.165808 	-1.36516 	1.41668e-06 	
3.83	0.333976 	-0.16688 	0.533288 	0.165808 	-1.36516 	1.39326e-06 	
3.835	0.333995 	-0.166837 	0.53326 	0.167347 	-1.3655 	1.39702e-06 	
3.84	0.334004 	-0.166827 	0.533226 	0.167347 	-1.3655 	1.374e-06 	
3.845	0.334022 	-0.166784 	0.533199 	0.168873 	-1.36585 	1.37486e-06 	
3.85	0.334031 	-0.166775 	0.533165 	0.168874 	-1.36585 	1.35225e-06 	
3.855	0.334049 	-0.166732 	0.533138 	0.170385 	-1.36618 	1.35195e-06 	
3.86	0.334058 	-0.166723 	0.533105 	0.170385 	-1.36618 	1.32975e-06 	
3.865	0.334076 	-0.166681 	0.533078 	0.171883 	-1.36652 	1.32847e-06 	
3.87	0.334085 	-0.166671 	0.533045 	0.171883 	-1.36652 	1.3067e-06 	
3.875	0.334106 	-0.166626 	0.533018 	0.173365 	-1.36685 	1.28569e-06 	
3.88	0.334114 	-0.166617 	0.532986 	0.173365 	-1.36685 	1.26433e-06 	
3.885	0.334132 	-0.166576 	0.532959 	0.174832 	-1.36718 	1.27813e-06 	
3.89	0.334141 	-0.166567 	0.532927 	0.174832 	-1.36718 	1.25723e-06 	
3.895	0.334158 	-0.166526 	0.532901 	0.176283 	-1.3675 	1.25488e-06 	
3.9	0.334166 	-0.166517 	0.532869 	0.176283 	-1.3675 	1.23442e-06 	
3.905	0.334184 	-0.166477 	0.532843 	0.177718 	-1.36782 	1.22966e-06 	
3.91	0.334192 	-0.166468 	0.532812 	0.177718 	-1.36782 	1.20965e-06 	
3.915	0.334209 	-0.166428 	0.532786 	0.179137 	-1.36814 	1.20388e-06 	
3.92	0.334217 	-0.166419 	0.532755 	0.179137 	-1.36814 	1.18432e-06 	
3.925	0.334234 	-0.16638 	0.53273 	0.180539 	-1.36845 	1.1777e-06 	
3.93	0.334242 	-0.166371 	0.532699 	0.180539 	-1.36845 	1.15859e-06 	
3.935	0.334259 	-0.166332 	0.532674 	0.181924 	-1.36876 	1.15115e-06 	
3.94	0.334267 	-0.166323 	0.532644 	0.181924 	-1.36876 	1.13251e-06 	
3.945	0.334283 	-0.166285 	0.532619 	0.183292 	-1.36907 	1.12427e-06 	
3.95	0.334291 	-0.166276 	0.53259 	0.183292 	-1.36907 	1.1061e-06 	
3.955	0.334307 	-0.166238 	0.532565 	0.184641 	-1.36937 	1.09709e-06 	
3.96	0.334313 	-0.166233 	0.532536 	0.184641 	-1.36937 	1.0805e-06 	
3.965	0.334328 	-0.166195 	0.532512 	0.185973 	-1.36967 	1.06989e-06 	
3.97	0.334336 	-0.166187 	0.532483 	0.185973 	-1.36967 	1.05266e-06 	
3.975	0.334352 	-0.16615 	0.532459 	0.187286 	-1.36996 	1.04196e-06 	
3.98	0.33436 	-0.166142 	0.53243 	0.187286 	-1.36996 	1.02521e-06 	
3.985	0.334375 	-0.166106 	0.532407 	0.18858 	-1.37025 	1.01402e-06 	
3.99	0.334383 	-0.166098 	0.532379 	0.18858 	-1.37025 	9.97747e-07 	
3.995	0.334398 	-0.166062 	0.532356 	0.189855 	-1.37054 	9.85921e-07 	
4	0.334405 	-0.166054 	0.532328 	0.189855 	-1.37054 	9.70126e-07 	
4.005	0.33442 	-0.166019 	0.532305 	0.191111 	-1.37082 	9.57667e-07 	
4.01	0.334428 	-0.166011 	0.532278 	0.191111 	-1.37082 	9.42353e-07 	
4.015	0.334435 	-0.166003 	0.532251 	0.191111 	-1.37082 	9.27285e-07 	
4.02	0.334453 	-0.165956 	0.532231 	0.192894 	-1.37121 	1.89781e-06 	
4.025	0.33446 	-0.165949 	0.532204 	0.192894 	-1.37121 	1.88322e-06 	
4.03	0.334475 	-0.165914 	0.532183 	0.194157 	-1.3715 	1.0649e-06 	
4.035	0.334482 	-0.165906 	0.532157 	0.194157 	-1.3715 	1.05078e-06 	
4.04	0.334489 	-0.165899 	0.532131 	0.194157 	-1.3715 	1.03692e-06 	
4.045	0.334505 	-0.165856 	0.532111 	0.195872 	-1.37188 	1.78935e-06 	
4.05	0.334512 	-0.165848 	0.532086 	0.195872 	-1.37188 	1.77596e-06 	
4.055	0.334518 	-0.165841 	0.532061 	0.195872 	-1.37188 	1.76281e-06 	
4.06	0.334535 	-0.165796 	0.532042 	0.197591 	-1.37226 	1.865e-06 	
4.065	0.334542 	-0.165789 	0.532017 	0.197591 	-1.37226 	1.85232e-06 	
4.07	0.334549 	-0.165782 	0.531993 	0.197591 	-1.37226 	1.83989e-06 	
4.075	0.334565 	-0.165739 	0.531975 	0.199267 	-1.37264 	1.79274e-06 	
4.08	0.334572 	-0.165732 	0.531951 	0.199267 	-1.37264 	1.78078e-06 	
4.085	0.334578 	-0.165725 	0.531927 	0.199267 	-1.37264 	1.76905e-06 	
4.09	0.334594 	-0.165683 	0.53191 	0.200894 	-1.373 	1.69691e-06 	
4.095	0.334601 	-0.165676 	0.531886 	0.200894 	-1.373 	1.68565e-06 	
4.1	0.33461 	-0.165667 	0.531863 	0.200894 	-1.373 	1.67383e-06 	
4.105	0.334625 	-0.165626 	0.531847 	0.202472 	-1.37336 	1.59826e-06 	
4.11	0.334631 	-0.165619 	0.531824 	0.202472 	-1.37336 	1.5877e-06 	
4.115	0.334637 	-0.165613 	0.531802 	0.202472 	-1.37336 	1.57737e-06 	
4.12	0.334652 	-0.165573 	0.531785 	0.203999 	-1.3737 	1.5006e-06 	
4.125	0.334658 	-0.165567 	0.531764 	0.203999 	-1.3737 	1.49072e-06 	
4.13	0.334664 	-0.165561 	0.531742 	0.203999 	-1.3737 	1.48108e-06 	
4.135	0.334679 	-0.165523 	0.531726 	0.205474 	-1.37403 	1.4039e-06 	
4.14	0.334685 	-0.165517 	0.531705 	0.205474 	-1.37403 	1.3947e-06 	
4.145	0.33469 	-0.16551 	0.531684 	0.205474 	-1.37403 	1.38573e-06 	
4.15	0.334704 	-0.165474 	0.531669 	0.206897 	-1.37434 	1.30863e-06 	
4.155	0.33471 	-0.165468 	0.531649 	0.206897 	-1.37434 	1.3001e-06 	
4.16	0.334715 	-0.165462 	0.531629 	0.206897 	-1.37434 	1.29178e-06 	
4.165	0.334728 	-0.165427 	0.531614 	0.208266 	-1.37465 	1.21506e-06 	
4.17	0.334733 	-0.165422 	0.531595 	0.208266 	-1.37465 	1.20735e-06 	
4.175	0.334739 	-0.165416 	0.531576 	0.208266 	-1.37465 	1.19968e-06 	
4.18	0.334751 	-0.165382 	0.531562 	0.209581 	-1.37494 	1.12345e-06 	
4.185	0.334756 	-0.165377 	0.531543 	0.209581 	-1.37494 	1.11619e-06 	
4.19	0.334762 	-0.165371 	0.531525 	0.209581 	-1.37494 	1.10914e-06 	
4.195	0.334774 	-0.165339 	0.531511 	0.210842 	-1.37523 	1.03398e-06 	
4.2	0.334779 	-0.165334 	0.531493 	0.210842 	-1.37523 	1.02734e-06 	
4.205	0.334784 	-0.165329 	0.531476 	0.210842 	-1.37523 	1.02089e-06 	
4.21	0.334788 	-0.165323 	0.531458 	0.210842 	-1.37523 	1.01465e-06 	
4.215	0.334802 	-0.165285 	0.531447 	0.212394 	-1.37557 	1.52832e-06 	
4.22	0.334807 	-0.16528 	0.531431 	0.212394 	-1.37557 	1.52246e-06 	
4.225	0.334811 	-0.165275 	0.531414 	0.212394 	-1.37557 	1.51679e-06 	
4.23	0.334816 	-0.165271 	0.531398 	0.212394 	-1.37557 	1.51132e-06 	
4.235	0.334829 	-0.165234 	0.531388 	0.213887 	-1.37591 	1.47204e-06 	
4.24	0.334836 	-0.165226 	0.531372 	0.213887 	-1.37591 	1.46638e-06 	
4.245	0.33484 	-0.165222 	0.531357 	0.213887 	-1.37591 	1.46145e-06 	
4.25	0.334844 	-0.165217 	0.531341 	0.213887 	-1.37591 	1.4567e-06 	
4.255	0.334856 	-0.165183 	0.531332 	0.215281 	-1.37622 	1.30134e-06 	
4.26	0.33486 	-0.165179 	0.531317 	0.215281 	-1.37622 	1.29694e-06 	
4.265	0.334864 	-0.165175 	0.531303 	0.215281 	-1.37622 	1.29271e-06 	
4.27	0.334868 	-0.165171 	0.531289 	0.215281 	-1.37622 	1.28865e-06 	
4.275	0.334879 	-0.165139 	0.53128 	0.216573 	-1.37651 	1.12226e-06 	
4.28	0.334883 	-0.165135 	0.531267 	0.216573 	-1.37651 	1.11853e-06 	
4.285	0.334887 	-0.165131 	0.531254 	0.216573 	-1.37651 	1.11495e-06 	
4.29	0.33489 	-0.165127 	0.531241 	0.216573 	-1.37651 	1.11153e-06 	
4.295	0.334894 	-0.165124 	0.531229 	0.216573 	-1.37651 	1.10826e-06 	
4.3	0.334905 	-0.165089 	0.531222 	0.21801 	-1.37683 	1.35361e-06 	
4.305	0.334904 	-0.16509 	0.53121 	0.21801 	-1.37683 	1.35133e-06 	
4.31	0.334908 	-0.165086 	0.531198 	0.21801 	-1.37683 	1.34851e-06 	
4.315	0.334911 	-0.165083 	0.531187 	0.21801 	-1.37683 	1.34582e-06 	
4.32	0.334914 	-0.16508 	0.531176 	0.21801 	-1.37683 	1.34327e-06 	
4.325	0.334924 	-0.165049 	0.53117 	0.219313 	-1.37712 	1.158e-06 	
4.33	0.334927 	-0.165045 	0.53116 	0.219313 	-1.37712 	1.15571e-06 	
4.335	0.33493 	-0.165042 	0.53115 	0.219313 	-1.37712 	1.15355e-06 	
4.34	0.334933 	-0.16504 	0.53114 	0.219313 	-1.37712 	1.15151e-06 	
4.345	0.334935 	-0.165037 	0.53113 	0.219313 	-1.37712 	1.1496e-06 	
4.35	0.334938 	-0.165034 	0.531121 	0.219313 	-1.37712 	1.1478e-06 	
4.355	0.334945 	-0.165006 	0.531118 	0.220634 	-1.37742 	1.18997e-06 	
4.36	0.334947 	-0.165003 	0.531108 	0.220634 	-1.37742 	1.18812e-06 	
4.365	0.33495 	-0.165001 	0.531101 	0.220634 	-1.37742 	1.18666e-06 	
