0	0.310298 	-0.173743 	0.536971 	0.17728 	-1.45239 	-0.244234 	
0.005	0.310298 	-0.173743 	0.536971 	0.17728 	-1.45239 	-0.244234 	
0.01	0.310298 	-0.173743 	0.536971 	0.17728 	-1.45239 	-0.244234 	
0.015	0.310299 	-0.173743 	0.536971 	0.17728 	-1.45239 	-0.244234 	
0.02	0.3103 	-0.173743 	0.536971 	0.17728 	-1.45239 	-0.244234 	
0.025	0.310302 	-0.173743 	0.536971 	0.17728 	-1.45239 	-0.244234 	
0.03	0.310304 	-0.173743 	0.536972 	0.17728 	-1.45239 	-0.244234 	
0.035	0.310307 	-0.173743 	0.536972 	0.17728 	-1.45239 	-0.244234 	
0.04	0.310311 	-0.173743 	0.536973 	0.17728 	-1.45239 	-0.244234 	
0.045	0.310315 	-0.173743 	0.536974 	0.17728 	-1.45239 	-0.244234 	
0.05	0.310319 	-0.173743 	0.536975 	0.17728 	-1.45239 	-0.244234 	
0.055	0.310324 	-0.173743 	0.536976 	0.17728 	-1.45239 	-0.244234 	
0.06	0.31033 	-0.173743 	0.536977 	0.17728 	-1.45239 	-0.244234 	
0.065	0.310336 	-0.173743 	0.536978 	0.17728 	-1.45239 	-0.244234 	
0.07	0.310343 	-0.173743 	0.536979 	0.17728 	-1.45239 	-0.244234 	
0.075	0.31035 	-0.173744 	0.53698 	0.17728 	-1.45239 	-0.244234 	
0.08	0.310358 	-0.173744 	0.536982 	0.17728 	-1.45239 	-0.244234 	
0.085	0.310366 	-0.173744 	0.536983 	0.17728 	-1.45239 	-0.244234 	
0.09	0.310376 	-0.173744 	0.536985 	0.17728 	-1.45239 	-0.244234 	
0.095	0.310385 	-0.173744 	0.536987 	0.17728 	-1.45239 	-0.244234 	
0.1	0.310395 	-0.173744 	0.536989 	0.17728 	-1.45239 	-0.244234 	
0.105	0.310406 	-0.173745 	0.536991 	0.17728 	-1.45239 	-0.244234 	
0.11	0.310417 	-0.173745 	0.536993 	0.17728 	-1.45239 	-0.244234 	
0.115	0.310429 	-0.173745 	0.536995 	0.17728 	-1.45239 	-0.244234 	
0.12	0.310441 	-0.173745 	0.536997 	0.17728 	-1.45239 	-0.244234 	
0.125	0.310453 	-0.173745 	0.536999 	0.17728 	-1.45239 	-0.244234 	
0.13	0.310467 	-0.173746 	0.537002 	0.17728 	-1.45239 	-0.244234 	
0.135	0.31048 	-0.173746 	0.537004 	0.17728 	-1.45239 	-0.244234 	
0.14	0.310495 	-0.173746 	0.537007 	0.17728 	-1.45239 	-0.244234 	
0.145	0.310509 	-0.173746 	0.53701 	0.17728 	-1.45239 	-0.244234 	
0.15	0.310525 	-0.173747 	0.537013 	0.17728 	-1.45239 	-0.244234 	
0.155	0.310541 	-0.173747 	0.537016 	0.17728 	-1.45239 	-0.244234 	
0.16	0.310557 	-0.173747 	0.537019 	0.17728 	-1.45239 	-0.244234 	
0.165	0.310512 	-0.173733 	0.537003 	0.175681 	-1.45126 	-0.24203 	
0.17	0.31053 	-0.173733 	0.537006 	0.175681 	-1.45126 	-0.24203 	
0.175	0.310548 	-0.173733 	0.53701 	0.175681 	-1.45126 	-0.24203 	
0.18	0.310566 	-0.173734 	0.537013 	0.175681 	-1.45126 	-0.24203 	
0.185	0.310585 	-0.173734 	0.537017 	0.175681 	-1.45126 	-0.24203 	
0.19	0.310605 	-0.173734 	0.53702 	0.175681 	-1.45126 	-0.24203 	
0.195	0.310625 	-0.173735 	0.537024 	0.175681 	-1.45126 	-0.24203 	
0.2	0.310646 	-0.173735 	0.537028 	0.175681 	-1.45126 	-0.24203 	
0.205	0.310667 	-0.173735 	0.537032 	0.175681 	-1.45126 	-0.24203 	
0.21	0.310689 	-0.173736 	0.537036 	0.175681 	-1.45126 	-0.24203 	
0.215	0.310711 	-0.173736 	0.53704 	0.175681 	-1.45126 	-0.24203 	
0.22	0.310734 	-0.173737 	0.537044 	0.175681 	-1.45126 	-0.24203 	
0.225	0.310696 	-0.173723 	0.53703 	0.174104 	-1.45016 	-0.239858 	
0.23	0.31072 	-0.173723 	0.537034 	0.174104 	-1.45016 	-0.239858 	
0.235	0.310744 	-0.173723 	0.537039 	0.174104 	-1.45016 	-0.239858 	
0.24	0.310769 	-0.173724 	0.537043 	0.174104 	-1.45016 	-0.239858 	
0.245	0.310794 	-0.173724 	0.537048 	0.174104 	-1.45016 	-0.239858 	
0.25	0.31082 	-0.173725 	0.537053 	0.174104 	-1.45016 	-0.239858 	
0.255	0.310846 	-0.173725 	0.537058 	0.174104 	-1.45016 	-0.239858 	
0.26	0.310873 	-0.173725 	0.537063 	0.174104 	-1.45016 	-0.239858 	
0.265	0.310901 	-0.173726 	0.537068 	0.174104 	-1.45016 	-0.239858 	
0.27	0.310929 	-0.173726 	0.537073 	0.174104 	-1.45016 	-0.239858 	
0.275	0.310893 	-0.173712 	0.537059 	0.172434 	-1.44899 	-0.237557 	
0.28	0.310922 	-0.173712 	0.537064 	0.172434 	-1.44899 	-0.237557 	
0.285	0.310951 	-0.173713 	0.537069 	0.172434 	-1.44899 	-0.237557 	
0.29	0.310981 	-0.173713 	0.537075 	0.172434 	-1.44899 	-0.237557 	
0.295	0.311011 	-0.173714 	0.537081 	0.172434 	-1.44899 	-0.237557 	
0.3	0.311042 	-0.173714 	0.537086 	0.172434 	-1.44899 	-0.237557 	
0.305	0.311074 	-0.173715 	0.537092 	0.172434 	-1.44899 	-0.237557 	
0.31	0.311106 	-0.173715 	0.537098 	0.172434 	-1.44899 	-0.237557 	
0.315	0.311077 	-0.173702 	0.537086 	0.170843 	-1.44787 	-0.235366 	
0.32	0.31111 	-0.173702 	0.537092 	0.170843 	-1.44787 	-0.235366 	
0.325	0.311143 	-0.173702 	0.537098 	0.170843 	-1.44787 	-0.235366 	
0.33	0.311177 	-0.173703 	0.537104 	0.170843 	-1.44787 	-0.235366 	
0.335	0.311212 	-0.173703 	0.53711 	0.170843 	-1.44787 	-0.235366 	
0.34	0.311247 	-0.173704 	0.537117 	0.170843 	-1.44787 	-0.235366 	
0.345	0.311282 	-0.173704 	0.537123 	0.170843 	-1.44787 	-0.235366 	
0.35	0.311318 	-0.173705 	0.53713 	0.170843 	-1.44787 	-0.235366 	
0.355	0.311286 	-0.17369 	0.537116 	0.169075 	-1.44663 	-0.23293 	
0.36	0.311323 	-0.173691 	0.537123 	0.169075 	-1.44663 	-0.23293 	
0.365	0.311361 	-0.173691 	0.53713 	0.169075 	-1.44663 	-0.23293 	
0.37	0.311399 	-0.173692 	0.537137 	0.169075 	-1.44663 	-0.23293 	
0.375	0.311437 	-0.173692 	0.537144 	0.169075 	-1.44663 	-0.23293 	
0.38	0.311476 	-0.173693 	0.537151 	0.169075 	-1.44663 	-0.23293 	
0.385	0.311516 	-0.173693 	0.537158 	0.169075 	-1.44663 	-0.23293 	
0.39	0.311488 	-0.173679 	0.537146 	0.167341 	-1.44542 	-0.230541 	
0.395	0.311529 	-0.173679 	0.537153 	0.167341 	-1.44542 	-0.230541 	
0.4	0.31157 	-0.17368 	0.537161 	0.167341 	-1.44542 	-0.230541 	
0.405	0.311611 	-0.17368 	0.537168 	0.167341 	-1.44542 	-0.230541 	
0.41	0.311653 	-0.173681 	0.537176 	0.167341 	-1.44542 	-0.230541 	
0.415	0.311695 	-0.173681 	0.537184 	0.167341 	-1.44542 	-0.230541 	
0.42	0.311675 	-0.173668 	0.537173 	0.165724 	-1.44428 	-0.228314 	
0.425	0.311718 	-0.173669 	0.537181 	0.165724 	-1.44428 	-0.228314 	
0.43	0.311762 	-0.173669 	0.537189 	0.165724 	-1.44428 	-0.228314 	
0.435	0.311806 	-0.17367 	0.537197 	0.165724 	-1.44428 	-0.228314 	
0.44	0.311851 	-0.17367 	0.537205 	0.165724 	-1.44428 	-0.228314 	
0.445	0.311896 	-0.173671 	0.537214 	0.165724 	-1.44428 	-0.228314 	
0.45	0.311875 	-0.173657 	0.537203 	0.164022 	-1.44309 	-0.225968 	
0.455	0.311921 	-0.173658 	0.537211 	0.164022 	-1.44309 	-0.225968 	
0.46	0.311968 	-0.173658 	0.537219 	0.164022 	-1.44309 	-0.225968 	
0.465	0.312015 	-0.173659 	0.537228 	0.164022 	-1.44309 	-0.225968 	
0.47	0.312062 	-0.173659 	0.537237 	0.164022 	-1.44309 	-0.225968 	
0.475	0.31211 	-0.17366 	0.537245 	0.164022 	-1.44309 	-0.225968 	
0.48	0.312088 	-0.173646 	0.537234 	0.162215 	-1.44182 	-0.223478 	
0.485	0.312137 	-0.173646 	0.537243 	0.162215 	-1.44182 	-0.223478 	
0.49	0.312186 	-0.173647 	0.537252 	0.162215 	-1.44182 	-0.223478 	
0.495	0.312236 	-0.173647 	0.537261 	0.162215 	-1.44182 	-0.223478 	
0.5	0.312286 	-0.173647 	0.53727 	0.162215 	-1.44182 	-0.223478 	
0.505	0.312274 	-0.173635 	0.537261 	0.160598 	-1.44069 	-0.221251 	
0.51	0.312325 	-0.173636 	0.53727 	0.160598 	-1.44069 	-0.221251 	
0.515	0.312376 	-0.173636 	0.537279 	0.160598 	-1.44069 	-0.221251 	
0.52	0.312428 	-0.173636 	0.537289 	0.160598 	-1.44069 	-0.221251 	
0.525	0.31248 	-0.173637 	0.537298 	0.160598 	-1.44069 	-0.221251 	
0.53	0.312468 	-0.173625 	0.537289 	0.158937 	-1.43953 	-0.218963 	
0.535	0.312522 	-0.173625 	0.537299 	0.158937 	-1.43953 	-0.218963 	
0.54	0.312575 	-0.173625 	0.537309 	0.158937 	-1.43953 	-0.218963 	
0.545	0.312629 	-0.173626 	0.537319 	0.158937 	-1.43953 	-0.218963 	
0.55	0.312684 	-0.173626 	0.537328 	0.158937 	-1.43953 	-0.218963 	
0.555	0.312671 	-0.173613 	0.537319 	0.15721 	-1.43831 	-0.216584 	
0.56	0.312727 	-0.173614 	0.537329 	0.15721 	-1.43831 	-0.216584 	
0.565	0.312782 	-0.173614 	0.537339 	0.15721 	-1.43831 	-0.216584 	
0.57	0.312838 	-0.173614 	0.537349 	0.15721 	-1.43831 	-0.216584 	
0.575	0.312895 	-0.173614 	0.53736 	0.15721 	-1.43831 	-0.216584 	
0.58	0.312882 	-0.173602 	0.53735 	0.155416 	-1.43706 	-0.214112 	
0.585	0.312939 	-0.173602 	0.53736 	0.155416 	-1.43706 	-0.214112 	
0.59	0.312997 	-0.173602 	0.537371 	0.155416 	-1.43706 	-0.214112 	
0.595	0.313055 	-0.173602 	0.537381 	0.155416 	-1.43706 	-0.214112 	
0.6	0.313114 	-0.173603 	0.537392 	0.155416 	-1.43706 	-0.214112 	
0.605	0.3131 	-0.17359 	0.537382 	0.153556 	-1.43575 	-0.21155 	
0.61	0.31316 	-0.17359 	0.537393 	0.153556 	-1.43575 	-0.21155 	
0.615	0.313219 	-0.17359 	0.537403 	0.153556 	-1.43575 	-0.21155 	
0.62	0.31328 	-0.17359 	0.537414 	0.153556 	-1.43575 	-0.21155 	
0.625	0.313279 	-0.17358 	0.537408 	0.151984 	-1.43465 	-0.209383 	
0.63	0.31334 	-0.17358 	0.537419 	0.151984 	-1.43465 	-0.209383 	
0.635	0.313401 	-0.17358 	0.53743 	0.151984 	-1.43465 	-0.209384 	
0.64	0.313463 	-0.17358 	0.537441 	0.151984 	-1.43465 	-0.209384 	
0.645	0.313463 	-0.173569 	0.537435 	0.150405 	-1.43354 	-0.207209 	
0.65	0.313526 	-0.173569 	0.537446 	0.150405 	-1.43354 	-0.207209 	
0.655	0.313589 	-0.173569 	0.537457 	0.150405 	-1.43354 	-0.207209 	
0.66	0.313652 	-0.173569 	0.537469 	0.150405 	-1.43354 	-0.207209 	
0.665	0.313652 	-0.173559 	0.537462 	0.148791 	-1.43241 	-0.204985 	
0.67	0.313716 	-0.173559 	0.537474 	0.148791 	-1.43241 	-0.204985 	
0.675	0.313781 	-0.173559 	0.537486 	0.148791 	-1.43241 	-0.204985 	
0.68	0.313845 	-0.173559 	0.537497 	0.148791 	-1.43241 	-0.204985 	
0.685	0.313846 	-0.173548 	0.537491 	0.147139 	-1.43125 	-0.202709 	
0.69	0.313911 	-0.173548 	0.537503 	0.147139 	-1.43125 	-0.202709 	
0.695	0.313977 	-0.173548 	0.537514 	0.147139 	-1.43125 	-0.202709 	
0.7	0.314043 	-0.173548 	0.537526 	0.147139 	-1.43125 	-0.202709 	
0.705	0.314044 	-0.173537 	0.53752 	0.145451 	-1.43007 	-0.200383 	
0.71	0.314111 	-0.173537 	0.537532 	0.145451 	-1.43007 	-0.200383 	
0.715	0.314178 	-0.173537 	0.537544 	0.145451 	-1.43007 	-0.200383 	
0.72	0.314245 	-0.173537 	0.537556 	0.145451 	-1.43007 	-0.200383 	
0.725	0.314246 	-0.173526 	0.537549 	0.143727 	-1.42886 	-0.198008 	
0.73	0.314314 	-0.173526 	0.537562 	0.143727 	-1.42886 	-0.198008 	
0.735	0.314382 	-0.173526 	0.537574 	0.143727 	-1.42886 	-0.198008 	
0.74	0.314451 	-0.173525 	0.537586 	0.143727 	-1.42886 	-0.198008 	
0.745	0.314452 	-0.173515 	0.537579 	0.141968 	-1.42763 	-0.195585 	
0.75	0.314521 	-0.173515 	0.537592 	0.141968 	-1.42763 	-0.195585 	
0.755	0.314591 	-0.173514 	0.537604 	0.141968 	-1.42763 	-0.195585 	
0.76	0.314661 	-0.173514 	0.537617 	0.141968 	-1.42763 	-0.195585 	
0.765	0.314662 	-0.173503 	0.53761 	0.140175 	-1.42637 	-0.193115 	
0.77	0.314732 	-0.173503 	0.537623 	0.140175 	-1.42637 	-0.193115 	
0.775	0.314804 	-0.173502 	0.537636 	0.140175 	-1.42637 	-0.193115 	
0.78	0.314875 	-0.173502 	0.537648 	0.140175 	-1.42637 	-0.193115 	
0.785	0.314875 	-0.173491 	0.537641 	0.138351 	-1.42509 	-0.190601 	
0.79	0.314947 	-0.173491 	0.537654 	0.138351 	-1.42509 	-0.190601 	
0.795	0.31502 	-0.17349 	0.537667 	0.138351 	-1.42509 	-0.190601 	
0.8	0.315092 	-0.17349 	0.53768 	0.138351 	-1.42509 	-0.190601 	
0.805	0.315092 	-0.173479 	0.537673 	0.136495 	-1.42379 	-0.188044 	
0.81	0.315166 	-0.173479 	0.537686 	0.136495 	-1.42379 	-0.188044 	
0.815	0.315239 	-0.173478 	0.537699 	0.136495 	-1.42379 	-0.188044 	
0.82	0.315313 	-0.173477 	0.537713 	0.136495 	-1.42379 	-0.188044 	
0.825	0.315313 	-0.173467 	0.537706 	0.134608 	-1.42247 	-0.185446 	
0.83	0.315388 	-0.173467 	0.537719 	0.134608 	-1.42247 	-0.185446 	
0.835	0.315462 	-0.173466 	0.537732 	0.134608 	-1.42247 	-0.185446 	
0.84	0.315538 	-0.173465 	0.537745 	0.134608 	-1.42247 	-0.185446 	
0.845	0.315537 	-0.173455 	0.537738 	0.132693 	-1.42113 	-0.182807 	
0.85	0.315613 	-0.173454 	0.537752 	0.132693 	-1.42113 	-0.182807 	
0.855	0.315689 	-0.173453 	0.537765 	0.132693 	-1.42113 	-0.182807 	
0.86	0.315765 	-0.173452 	0.537779 	0.132693 	-1.42113 	-0.182807 	
0.865	0.315765 	-0.173442 	0.537772 	0.130751 	-1.41976 	-0.180131 	
0.87	0.315841 	-0.173441 	0.537785 	0.130751 	-1.41976 	-0.180131 	
0.875	0.315918 	-0.17344 	0.537799 	0.130751 	-1.41976 	-0.180131 	
0.88	0.315995 	-0.173439 	0.537813 	0.130751 	-1.41976 	-0.180131 	
0.885	0.315995 	-0.17343 	0.537805 	0.128781 	-1.41838 	-0.177418 	
0.89	0.316073 	-0.173429 	0.537819 	0.128781 	-1.41838 	-0.177418 	
0.895	0.316151 	-0.173427 	0.537833 	0.128781 	-1.41838 	-0.177418 	
0.9	0.316229 	-0.173426 	0.537847 	0.128781 	-1.41838 	-0.177418 	
0.905	0.316229 	-0.173417 	0.53784 	0.126787 	-1.41698 	-0.17467 	
0.91	0.316307 	-0.173415 	0.537853 	0.126787 	-1.41698 	-0.17467 	
0.915	0.316386 	-0.173414 	0.537867 	0.126787 	-1.41698 	-0.17467 	
0.92	0.316403 	-0.173407 	0.537865 	0.125224 	-1.41589 	-0.172517 	
0.925	0.316483 	-0.173405 	0.537879 	0.125224 	-1.41589 	-0.172517 	
0.93	0.316562 	-0.173404 	0.537893 	0.125224 	-1.41589 	-0.172517 	
0.935	0.316642 	-0.173403 	0.537907 	0.125224 	-1.41589 	-0.172517 	
0.94	0.316643 	-0.173394 	0.5379 	0.123234 	-1.41449 	-0.169776 	
0.945	0.316724 	-0.173392 	0.537914 	0.123234 	-1.41449 	-0.169776 	
0.95	0.316804 	-0.173391 	0.537928 	0.123234 	-1.41449 	-0.169776 	
0.955	0.316822 	-0.173384 	0.537926 	0.121645 	-1.41338 	-0.167587 	
0.96	0.316903 	-0.173382 	0.53794 	0.121645 	-1.41338 	-0.167587 	
0.965	0.316984 	-0.173381 	0.537955 	0.121645 	-1.41338 	-0.167587 	
0.97	0.317003 	-0.173373 	0.537953 	0.120087 	-1.41229 	-0.165441 	
0.975	0.317085 	-0.173372 	0.537967 	0.120087 	-1.41229 	-0.165441 	
0.98	0.317166 	-0.17337 	0.537981 	0.120087 	-1.41229 	-0.165441 	
0.985	0.317186 	-0.173363 	0.537979 	0.118522 	-1.41119 	-0.163285 	
0.99	0.317268 	-0.173362 	0.537994 	0.118522 	-1.41119 	-0.163285 	
0.995	0.31735 	-0.17336 	0.538008 	0.118522 	-1.41119 	-0.163285 	
1	0.31737 	-0.173353 	0.538006 	0.116947 	-1.41009 	-0.161115 	
1.005	0.317453 	-0.173351 	0.538021 	0.116947 	-1.41009 	-0.161115 	
1.01	0.317535 	-0.17335 	0.538035 	0.116947 	-1.41009 	-0.161115 	
1.015	0.317555 	-0.173343 	0.538033 	0.115362 	-1.40898 	-0.158931 	
1.02	0.317638 	-0.173341 	0.538048 	0.115362 	-1.40898 	-0.158931 	
1.025	0.317722 	-0.173339 	0.538062 	0.115362 	-1.40898 	-0.158931 	
1.03	0.317742 	-0.173333 	0.538061 	0.113768 	-1.40786 	-0.156734 	
1.035	0.317825 	-0.173331 	0.538075 	0.113768 	-1.40786 	-0.156734 	
1.04	0.317909 	-0.173329 	0.53809 	0.113768 	-1.40786 	-0.156734 	
1.045	0.317929 	-0.173322 	0.538088 	0.112164 	-1.40673 	-0.154525 	
1.05	0.318013 	-0.17332 	0.538103 	0.112164 	-1.40673 	-0.154525 	
1.055	0.318097 	-0.173318 	0.538117 	0.112164 	-1.40673 	-0.154525 	
1.06	0.318118 	-0.173312 	0.538116 	0.110553 	-1.4056 	-0.152305 	
1.065	0.318202 	-0.17331 	0.53813 	0.110553 	-1.4056 	-0.152305 	
1.07	0.318286 	-0.173307 	0.538145 	0.110553 	-1.4056 	-0.152305 	
1.075	0.318307 	-0.173301 	0.538143 	0.108933 	-1.40447 	-0.150074 	
1.08	0.318392 	-0.173299 	0.538158 	0.108933 	-1.40447 	-0.150074 	
1.085	0.318476 	-0.173297 	0.538173 	0.108933 	-1.40447 	-0.150074 	
1.09	0.318497 	-0.173291 	0.538171 	0.107307 	-1.40333 	-0.147833 	
1.095	0.318582 	-0.173288 	0.538186 	0.107307 	-1.40333 	-0.147833 	
1.1	0.318667 	-0.173286 	0.538201 	0.107307 	-1.40333 	-0.147833 	
1.105	0.318688 	-0.17328 	0.538199 	0.105673 	-1.40218 	-0.145583 	
1.11	0.318773 	-0.173278 	0.538214 	0.105673 	-1.40218 	-0.145583 	
1.115	0.318859 	-0.173275 	0.538229 	0.105673 	-1.40218 	-0.145583 	
1.12	0.318879 	-0.17327 	0.538227 	0.104034 	-1.40103 	-0.143324 	
1.125	0.318965 	-0.173267 	0.538242 	0.104034 	-1.40103 	-0.143324 	
1.13	0.319051 	-0.173264 	0.538257 	0.104034 	-1.40103 	-0.143324 	
1.135	0.319071 	-0.173259 	0.538255 	0.102389 	-1.39988 	-0.141059 	
1.14	0.319157 	-0.173256 	0.53827 	0.102389 	-1.39988 	-0.141059 	
1.145	0.319244 	-0.173254 	0.538285 	0.102389 	-1.39988 	-0.141059 	
1.15	0.319264 	-0.173248 	0.538283 	0.10074 	-1.39872 	-0.138786 	
1.155	0.31935 	-0.173246 	0.538298 	0.10074 	-1.39872 	-0.138786 	
1.16	0.319437 	-0.173243 	0.538313 	0.10074 	-1.39872 	-0.138786 	
1.165	0.319457 	-0.173238 	0.538312 	0.0990858 	-1.39756 	-0.136507 	
1.17	0.319544 	-0.173235 	0.538327 	0.0990858 	-1.39756 	-0.136507 	
1.175	0.31963 	-0.173232 	0.538341 	0.0990858 	-1.39756 	-0.136507 	
1.18	0.319651 	-0.173227 	0.53834 	0.0974282 	-1.3964 	-0.134224 	
1.185	0.319738 	-0.173224 	0.538355 	0.0974282 	-1.3964 	-0.134224 	
1.19	0.319824 	-0.173221 	0.53837 	0.0974282 	-1.3964 	-0.134224 	
1.195	0.319845 	-0.173216 	0.538368 	0.0957676 	-1.39524 	-0.131936 	
1.2	0.319932 	-0.173213 	0.538383 	0.0957676 	-1.39524 	-0.131936 	
1.205	0.320019 	-0.17321 	0.538398 	0.0957676 	-1.39524 	-0.131936 	
1.21	0.320039 	-0.173205 	0.538397 	0.0941044 	-1.39407 	-0.129645 	
1.215	0.320126 	-0.173202 	0.538412 	0.0941044 	-1.39407 	-0.129645 	
1.22	0.320213 	-0.173199 	0.538427 	0.0941044 	-1.39407 	-0.129645 	
1.225	0.320234 	-0.173195 	0.538425 	0.0924392 	-1.39291 	-0.127351 	
1.23	0.320321 	-0.173191 	0.53844 	0.0924392 	-1.39291 	-0.127351 	
1.235	0.320408 	-0.173188 	0.538455 	0.0924392 	-1.39291 	-0.127351 	
1.24	0.320428 	-0.173184 	0.538454 	0.0907727 	-1.39174 	-0.125055 	
1.245	0.320515 	-0.173181 	0.538469 	0.0907727 	-1.39174 	-0.125055 	
1.25	0.320602 	-0.173177 	0.538483 	0.0907727 	-1.39174 	-0.125055 	
1.255	0.320623 	-0.173173 	0.538482 	0.0891055 	-1.39057 	-0.122758 	
1.26	0.32071 	-0.17317 	0.538497 	0.0891055 	-1.39057 	-0.122758 	
1.265	0.320797 	-0.173166 	0.538512 	0.0891055 	-1.39057 	-0.122758 	
1.27	0.320818 	-0.173162 	0.538511 	0.0874381 	-1.3894 	-0.120461 	
1.275	0.320905 	-0.173159 	0.538526 	0.0874381 	-1.3894 	-0.120461 	
1.28	0.320992 	-0.173155 	0.53854 	0.0874381 	-1.3894 	-0.120461 	
1.285	0.321012 	-0.173152 	0.538539 	0.0857711 	-1.38823 	-0.118164 	
1.29	0.321099 	-0.173148 	0.538554 	0.0857711 	-1.38823 	-0.118164 	
1.295	0.321186 	-0.173144 	0.538569 	0.0857711 	-1.38823 	-0.118164 	
1.3	0.321207 	-0.173141 	0.538568 	0.0841051 	-1.38706 	-0.115869 	
1.305	0.321294 	-0.173137 	0.538582 	0.0841051 	-1.38706 	-0.115869 	
1.31	0.321381 	-0.173133 	0.538597 	0.0841051 	-1.38706 	-0.115869 	
1.315	0.321401 	-0.17313 	0.538596 	0.0824408 	-1.3859 	-0.113576 	
1.32	0.321488 	-0.173126 	0.538611 	0.0824408 	-1.3859 	-0.113576 	
1.325	0.321575 	-0.173122 	0.538625 	0.0824408 	-1.3859 	-0.113576 	
1.33	0.321595 	-0.173119 	0.538624 	0.0807786 	-1.38473 	-0.111286 	
1.335	0.321682 	-0.173115 	0.538639 	0.0807786 	-1.38473 	-0.111286 	
1.34	0.321769 	-0.173111 	0.538654 	0.0807786 	-1.38473 	-0.111286 	
1.345	0.321789 	-0.173109 	0.538653 	0.0791192 	-1.38357 	-0.109 	
1.35	0.321876 	-0.173105 	0.538667 	0.0791192 	-1.38357 	-0.109 	
1.355	0.321962 	-0.1731 	0.538682 	0.0791192 	-1.38357 	-0.109 	
1.36	0.321982 	-0.173098 	0.538681 	0.0774632 	-1.38241 	-0.106719 	
1.365	0.322069 	-0.173094 	0.538696 	0.0774632 	-1.38241 	-0.106719 	
1.37	0.322155 	-0.17309 	0.53871 	0.0774632 	-1.38241 	-0.106719 	
1.375	0.322175 	-0.173087 	0.538709 	0.0758111 	-1.38125 	-0.104443 	
1.38	0.322261 	-0.173083 	0.538724 	0.0758111 	-1.38125 	-0.104443 	
1.385	0.322347 	-0.173079 	0.538738 	0.0758111 	-1.38125 	-0.104443 	
1.39	0.322368 	-0.173077 	0.538737 	0.0741636 	-1.38009 	-0.102173 	
1.395	0.322453 	-0.173072 	0.538752 	0.0741636 	-1.38009 	-0.102173 	
1.4	0.322539 	-0.173068 	0.538766 	0.0741636 	-1.38009 	-0.102173 	
1.405	0.322559 	-0.173066 	0.538765 	0.0725212 	-1.37894 	-0.0999101 	
1.41	0.322645 	-0.173062 	0.53878 	0.0725212 	-1.37894 	-0.0999101 	
1.415	0.32273 	-0.173057 	0.538794 	0.0725212 	-1.37894 	-0.0999101 	
1.42	0.32275 	-0.173055 	0.538793 	0.0708845 	-1.37779 	-0.0976553 	
1.425	0.322836 	-0.173051 	0.538808 	0.0708845 	-1.37779 	-0.0976553 	
1.43	0.322921 	-0.173046 	0.538822 	0.0708845 	-1.37779 	-0.0976553 	
1.435	0.322941 	-0.173045 	0.538821 	0.069254 	-1.37665 	-0.0954091 	
1.44	0.323025 	-0.17304 	0.538835 	0.069254 	-1.37665 	-0.0954091 	
1.445	0.32311 	-0.173036 	0.53885 	0.069254 	-1.37665 	-0.0954091 	
1.45	0.32313 	-0.173034 	0.538849 	0.0676305 	-1.37551 	-0.0931724 	
1.455	0.323215 	-0.17303 	0.538863 	0.0676305 	-1.37551 	-0.0931724 	
1.46	0.323299 	-0.173025 	0.538877 	0.0676305 	-1.37551 	-0.0931724 	
1.465	0.323319 	-0.173024 	0.538877 	0.0660144 	-1.37438 	-0.0909459 	
1.47	0.323403 	-0.173019 	0.538891 	0.0660144 	-1.37438 	-0.0909459 	
1.475	0.323487 	-0.173015 	0.538905 	0.0660144 	-1.37438 	-0.0909459 	
1.48	0.323506 	-0.173014 	0.538904 	0.0644062 	-1.37325 	-0.0887304 	
1.485	0.32359 	-0.173009 	0.538918 	0.0644062 	-1.37325 	-0.0887304 	
1.49	0.323673 	-0.173004 	0.538932 	0.0644062 	-1.37325 	-0.0887304 	
1.495	0.323693 	-0.173003 	0.538931 	0.0628067 	-1.37213 	-0.0865268 	
1.5	0.323776 	-0.172998 	0.538945 	0.0628067 	-1.37213 	-0.0865268 	
1.505	0.323859 	-0.172994 	0.538959 	0.0628067 	-1.37213 	-0.0865268 	
1.51	0.323879 	-0.172993 	0.538958 	0.0612163 	-1.37102 	-0.0843357 	
1.515	0.323961 	-0.172988 	0.538972 	0.0612163 	-1.37102 	-0.0843357 	
1.52	0.324044 	-0.172983 	0.538986 	0.0612163 	-1.37102 	-0.0843357 	
1.525	0.324063 	-0.172983 	0.538985 	0.0596356 	-1.36991 	-0.0821581 	
1.53	0.324145 	-0.172978 	0.538999 	0.0596356 	-1.36991 	-0.0821581 	
1.535	0.324227 	-0.172973 	0.539013 	0.0596356 	-1.36991 	-0.0821581 	
1.54	0.324246 	-0.172973 	0.539012 	0.0580651 	-1.36881 	-0.0799945 	
1.545	0.324328 	-0.172968 	0.539026 	0.0580651 	-1.36881 	-0.0799945 	
1.55	0.324409 	-0.172963 	0.539039 	0.0580651 	-1.36881 	-0.0799945 	
1.555	0.324428 	-0.172963 	0.539039 	0.0565055 	-1.36771 	-0.0778459 	
1.56	0.324509 	-0.172957 	0.539052 	0.0565055 	-1.36771 	-0.0778459 	
1.565	0.32459 	-0.172952 	0.539066 	0.0565055 	-1.36771 	-0.0778459 	
1.57	0.324609 	-0.172953 	0.539065 	0.0549573 	-1.36663 	-0.0757129 	
1.575	0.324689 	-0.172947 	0.539078 	0.0549573 	-1.36663 	-0.0757129 	
1.58	0.324769 	-0.172942 	0.539092 	0.0549573 	-1.36663 	-0.0757129 	
1.585	0.324788 	-0.172943 	0.539091 	0.0534209 	-1.36555 	-0.0735963 	
1.59	0.324868 	-0.172937 	0.539105 	0.0534209 	-1.36555 	-0.0735963 	
1.595	0.324947 	-0.172932 	0.539118 	0.0534209 	-1.36555 	-0.0735963 	
1.6	0.325026 	-0.172927 	0.539131 	0.0534209 	-1.36555 	-0.0735963 	
1.605	0.325027 	-0.172929 	0.539127 	0.0514442 	-1.36416 	-0.0708728 	
1.61	0.325105 	-0.172924 	0.539139 	0.0514442 	-1.36416 	-0.0708728 	
1.615	0.325184 	-0.172919 	0.539152 	0.0514442 	-1.36416 	-0.0708728 	
1.62	0.3252 	-0.17292 	0.539152 	0.0498909 	-1.36308 	-0.0687331 	
1.625	0.325279 	-0.172915 	0.539165 	0.0498909 	-1.36308 	-0.0687331 	
1.63	0.325356 	-0.172909 	0.539177 	0.0498909 	-1.36308 	-0.0687331 	
1.635	0.325434 	-0.172904 	0.53919 	0.0498909 	-1.36308 	-0.0687331 	
1.64	0.325434 	-0.172907 	0.539186 	0.0479501 	-1.36171 	-0.0660592 	
1.645	0.325511 	-0.172902 	0.539199 	0.0479501 	-1.36171 	-0.0660592 	
1.65	0.325588 	-0.172896 	0.539211 	0.0479501 	-1.36171 	-0.0660592 	
1.655	0.325664 	-0.172891 	0.539224 	0.0479501 	-1.36171 	-0.0660592 	
1.66	0.325663 	-0.172894 	0.53922 	0.0459927 	-1.36034 	-0.0633625 	
1.665	0.325739 	-0.172889 	0.539232 	0.0459927 	-1.36034 	-0.0633625 	
1.67	0.325815 	-0.172884 	0.539244 	0.0459927 	-1.36034 	-0.0633625 	
1.675	0.32589 	-0.172878 	0.539257 	0.0459927 	-1.36034 	-0.0633625 	
1.68	0.325888 	-0.172882 	0.539253 	0.0440578 	-1.35899 	-0.0606969 	
1.685	0.325963 	-0.172876 	0.539265 	0.0440578 	-1.35899 	-0.0606969 	
1.69	0.326038 	-0.172871 	0.539277 	0.0440578 	-1.35899 	-0.0606969 	
1.695	0.326112 	-0.172866 	0.539289 	0.0440578 	-1.35899 	-0.0606969 	
1.7	0.326111 	-0.172869 	0.539285 	0.0421505 	-1.35765 	-0.0580693 	
1.705	0.326184 	-0.172864 	0.539297 	0.0421505 	-1.35765 	-0.0580693 	
1.71	0.326258 	-0.172859 	0.539309 	0.0421505 	-1.35765 	-0.0580693 	
1.715	0.326331 	-0.172853 	0.539321 	0.0421505 	-1.35765 	-0.0580693 	
1.72	0.326329 	-0.172857 	0.539317 	0.0402724 	-1.35633 	-0.0554819 	
1.725	0.326402 	-0.172852 	0.539329 	0.0402724 	-1.35633 	-0.0554819 	
1.73	0.326474 	-0.172847 	0.539341 	0.0402724 	-1.35633 	-0.0554819 	
1.735	0.326546 	-0.172841 	0.539352 	0.0402724 	-1.35633 	-0.0554819 	
1.74	0.326545 	-0.172845 	0.539349 	0.0384247 	-1.35504 	-0.0529364 	
1.745	0.326616 	-0.17284 	0.53936 	0.0384247 	-1.35504 	-0.0529364 	
1.75	0.326687 	-0.172835 	0.539372 	0.0384247 	-1.35504 	-0.0529364 	
1.755	0.326758 	-0.172829 	0.539383 	0.0384247 	-1.35504 	-0.0529364 	
1.76	0.326756 	-0.172834 	0.539379 	0.0366086 	-1.35376 	-0.0504344 	
1.765	0.326826 	-0.172828 	0.539391 	0.0366086 	-1.35376 	-0.0504344 	
1.77	0.326896 	-0.172823 	0.539402 	0.0366086 	-1.35376 	-0.0504344 	
1.775	0.326966 	-0.172818 	0.539413 	0.0366086 	-1.35376 	-0.0504344 	
1.78	0.326964 	-0.172822 	0.53941 	0.0348253 	-1.35251 	-0.0479775 	
1.785	0.327033 	-0.172817 	0.539421 	0.0348253 	-1.35251 	-0.0479775 	
1.79	0.327101 	-0.172811 	0.539432 	0.0348253 	-1.35251 	-0.0479775 	
1.795	0.327169 	-0.172806 	0.539443 	0.0348253 	-1.35251 	-0.0479775 	
1.8	0.327168 	-0.172811 	0.53944 	0.0330758 	-1.35129 	-0.0455673 	
1.805	0.327235 	-0.172806 	0.539451 	0.0330758 	-1.35129 	-0.0455673 	
1.81	0.327302 	-0.1728 	0.539461 	0.0330758 	-1.35129 	-0.0455673 	
1.815	0.327369 	-0.172795 	0.539472 	0.0330758 	-1.35129 	-0.0455673 	
1.82	0.327367 	-0.1728 	0.539469 	0.0313612 	-1.35008 	-0.0432052 	
1.825	0.327433 	-0.172795 	0.539479 	0.0313612 	-1.35008 	-0.0432052 	
1.83	0.327499 	-0.172789 	0.53949 	0.0313612 	-1.35008 	-0.0432052 	
1.835	0.327564 	-0.172784 	0.539501 	0.0313612 	-1.35008 	-0.0432052 	
1.84	0.327563 	-0.172789 	0.539497 	0.0296827 	-1.34891 	-0.0408928 	
1.845	0.327627 	-0.172784 	0.539508 	0.0296827 	-1.34891 	-0.0408928 	
1.85	0.327691 	-0.172779 	0.539518 	0.0296827 	-1.34891 	-0.0408928 	
1.855	0.327755 	-0.172773 	0.539528 	0.0296827 	-1.34891 	-0.0408928 	
1.86	0.327754 	-0.172778 	0.539525 	0.0280413 	-1.34776 	-0.0386315 	
1.865	0.327817 	-0.172773 	0.539535 	0.0280413 	-1.34776 	-0.0386315 	
1.87	0.327879 	-0.172768 	0.539546 	0.0280413 	-1.34776 	-0.0386315 	
1.875	0.327942 	-0.172763 	0.539556 	0.0280413 	-1.34776 	-0.0386315 	
1.88	0.32794 	-0.172768 	0.539553 	0.026438 	-1.34663 	-0.0364227 	
1.885	0.328002 	-0.172763 	0.539562 	0.026438 	-1.34663 	-0.0364227 	
1.89	0.328063 	-0.172758 	0.539572 	0.026438 	-1.34663 	-0.0364227 	
1.895	0.328124 	-0.172753 	0.539582 	0.026438 	-1.34663 	-0.0364227 	
1.9	0.328122 	-0.172758 	0.539579 	0.0248738 	-1.34554 	-0.0342678 	
1.905	0.328182 	-0.172753 	0.539589 	0.0248738 	-1.34554 	-0.0342678 	
1.91	0.328242 	-0.172748 	0.539598 	0.0248738 	-1.34554 	-0.0342678 	
1.915	0.328301 	-0.172743 	0.539608 	0.0248738 	-1.34554 	-0.0342678 	
1.92	0.328299 	-0.172748 	0.539605 	0.0233498 	-1.34447 	-0.0321681 	
1.925	0.328358 	-0.172743 	0.539614 	0.0233498 	-1.34447 	-0.0321681 	
1.93	0.328416 	-0.172738 	0.539624 	0.0233498 	-1.34447 	-0.0321681 	
1.935	0.328473 	-0.172733 	0.539633 	0.0233498 	-1.34447 	-0.0321681 	
1.94	0.328531 	-0.172729 	0.539642 	0.0233498 	-1.34447 	-0.0321681 	
1.945	0.328516 	-0.172736 	0.539637 	0.0215409 	-1.3432 	-0.0296761 	
1.95	0.328572 	-0.172731 	0.539646 	0.0215409 	-1.3432 	-0.0296761 	
1.955	0.328628 	-0.172726 	0.539655 	0.0215409 	-1.3432 	-0.0296761 	
1.96	0.328684 	-0.172722 	0.539664 	0.0215409 	-1.3432 	-0.0296761 	
1.965	0.328739 	-0.172717 	0.539672 	0.0215409 	-1.3432 	-0.0296761 	
1.97	0.328723 	-0.172725 	0.539667 	0.0197623 	-1.34195 	-0.0272257 	
1.975	0.328777 	-0.17272 	0.539676 	0.0197623 	-1.34195 	-0.0272257 	
1.98	0.328831 	-0.172715 	0.539684 	0.0197623 	-1.34195 	-0.0272257 	
1.985	0.328884 	-0.172711 	0.539693 	0.0197623 	-1.34195 	-0.0272257 	
1.99	0.328937 	-0.172706 	0.539701 	0.0197623 	-1.34195 	-0.0272257 	
1.995	0.328922 	-0.172714 	0.539696 	0.0180477 	-1.34075 	-0.0248636 	
2	0.328974 	-0.172709 	0.539705 	0.0180477 	-1.34075 	-0.0248636 	
2.005	0.329026 	-0.172704 	0.539713 	0.0180477 	-1.34075 	-0.0248636 	
2.01	0.329077 	-0.1727 	0.539721 	0.0180477 	-1.34075 	-0.0248636 	
2.015	0.329128 	-0.172695 	0.539729 	0.0180477 	-1.34075 	-0.0248636 	
2.02	0.329113 	-0.172703 	0.539724 	0.0164021 	-1.3396 	-0.0225965 	
2.025	0.329163 	-0.172699 	0.539732 	0.0164021 	-1.3396 	-0.0225965 	
2.03	0.329212 	-0.172694 	0.53974 	0.0164021 	-1.3396 	-0.0225965 	
2.035	0.329261 	-0.17269 	0.539748 	0.0164021 	-1.3396 	-0.0225965 	
2.04	0.32931 	-0.172685 	0.539755 	0.0164021 	-1.3396 	-0.0225965 	
2.045	0.329296 	-0.172693 	0.539751 	0.0148275 	-1.33849 	-0.0204273 	
2.05	0.329343 	-0.172689 	0.539758 	0.0148275 	-1.33849 	-0.0204273 	
2.055	0.32939 	-0.172684 	0.539766 	0.0148275 	-1.33849 	-0.0204273 	
2.06	0.329437 	-0.17268 	0.539773 	0.0148275 	-1.33849 	-0.0204273 	
2.065	0.329483 	-0.172676 	0.539781 	0.0148275 	-1.33849 	-0.0204273 	
2.07	0.329529 	-0.172672 	0.539788 	0.0148275 	-1.33849 	-0.0204273 	
2.075	0.329505 	-0.172681 	0.539782 	0.0130653 	-1.33726 	-0.0179994 	
2.08	0.32955 	-0.172677 	0.539789 	0.0130653 	-1.33726 	-0.0179994 	
2.085	0.329594 	-0.172673 	0.539796 	0.0130653 	-1.33726 	-0.0179994 	
2.09	0.329638 	-0.172669 	0.539803 	0.0130653 	-1.33726 	-0.0179994 	
2.095	0.329681 	-0.172665 	0.539809 	0.0130653 	-1.33726 	-0.0179994 	
2.1	0.329724 	-0.172661 	0.539816 	0.0130653 	-1.33726 	-0.0179994 	
2.105	0.3297 	-0.172671 	0.53981 	0.01138 	-1.33608 	-0.0156777 	
2.11	0.329742 	-0.172667 	0.539817 	0.01138 	-1.33608 	-0.0156777 	
2.115	0.329784 	-0.172663 	0.539823 	0.01138 	-1.33608 	-0.0156777 	
2.12	0.329825 	-0.172659 	0.53983 	0.01138 	-1.33608 	-0.0156777 	
2.125	0.329865 	-0.172655 	0.539836 	0.01138 	-1.33608 	-0.0156777 	
2.13	0.329905 	-0.172651 	0.539842 	0.01138 	-1.33608 	-0.0156777 	
2.135	0.329883 	-0.172661 	0.539837 	0.00980108 	-1.33497 	-0.0135025 	
2.14	0.329922 	-0.172657 	0.539843 	0.00980108 	-1.33497 	-0.0135025 	
2.145	0.32996 	-0.172653 	0.539849 	0.00980108 	-1.33497 	-0.0135025 	
2.15	0.329999 	-0.17265 	0.539855 	0.00980108 	-1.33497 	-0.0135025 	
2.155	0.330036 	-0.172646 	0.539861 	0.00980108 	-1.33497 	-0.0135025 	
2.16	0.330073 	-0.172643 	0.539867 	0.00980108 	-1.33497 	-0.0135025 	
2.165	0.33011 	-0.172639 	0.539873 	0.00980108 	-1.33497 	-0.0135025 	
2.17	0.33008 	-0.17265 	0.539866 	0.00812564 	-1.33379 	-0.0111943 	
2.175	0.330116 	-0.172646 	0.539871 	0.00812564 	-1.33379 	-0.0111943 	
2.18	0.330151 	-0.172643 	0.539877 	0.00812564 	-1.33379 	-0.0111943 	
2.185	0.330186 	-0.17264 	0.539882 	0.00812564 	-1.33379 	-0.0111943 	
2.19	0.33022 	-0.172636 	0.539888 	0.00812564 	-1.33379 	-0.0111943 	
2.195	0.330253 	-0.172633 	0.539893 	0.00812564 	-1.33379 	-0.0111943 	
2.2	0.330287 	-0.17263 	0.539898 	0.00812564 	-1.33379 	-0.0111943 	
2.205	0.330258 	-0.17264 	0.539892 	0.00657987 	-1.33271 	-0.00906473 	
2.21	0.330291 	-0.172637 	0.539897 	0.00657987 	-1.33271 	-0.00906473 	
2.215	0.330322 	-0.172634 	0.539902 	0.00657987 	-1.33271 	-0.00906473 	
2.22	0.330353 	-0.172631 	0.539907 	0.00657987 	-1.33271 	-0.00906473 	
2.225	0.330384 	-0.172628 	0.539911 	0.00657987 	-1.33271 	-0.00906473 	
2.23	0.330414 	-0.172625 	0.539916 	0.00657987 	-1.33271 	-0.00906473 	
2.235	0.330444 	-0.172622 	0.539921 	0.00657987 	-1.33271 	-0.00906473 	
2.24	0.330473 	-0.172619 	0.539925 	0.00657987 	-1.33271 	-0.00906473 	
2.245	0.33044 	-0.17263 	0.539918 	0.00502532 	-1.33162 	-0.00692306 	
2.25	0.330468 	-0.172627 	0.539923 	0.00502532 	-1.33162 	-0.00692306 	
2.255	0.330496 	-0.172624 	0.539927 	0.00502532 	-1.33162 	-0.00692306 	
2.26	0.330523 	-0.172622 	0.539931 	0.00502532 	-1.33162 	-0.00692306 	
2.265	0.330549 	-0.172619 	0.539935 	0.00502532 	-1.33162 	-0.00692306 	
2.27	0.330575 	-0.172617 	0.539939 	0.00502532 	-1.33162 	-0.00692306 	
2.275	0.330601 	-0.172614 	0.539943 	0.00502532 	-1.33162 	-0.00692306 	
2.28	0.330626 	-0.172612 	0.539947 	0.00502532 	-1.33162 	-0.00692306 	
2.285	0.33065 	-0.172609 	0.539951 	0.00502532 	-1.33162 	-0.00692306 	
2.29	0.330674 	-0.172607 	0.539955 	0.00502532 	-1.33162 	-0.00692306 	
2.295	0.330633 	-0.172619 	0.539947 	0.00338726 	-1.33047 	-0.00466635 	
2.3	0.330656 	-0.172617 	0.53995 	0.00338726 	-1.33047 	-0.00466635 	
2.305	0.330678 	-0.172615 	0.539954 	0.00338726 	-1.33047 	-0.00466635 	
2.31	0.3307 	-0.172612 	0.539957 	0.00338726 	-1.33047 	-0.00466635 	
2.315	0.330721 	-0.17261 	0.53996 	0.00338726 	-1.33047 	-0.00466635 	
2.32	0.330742 	-0.172608 	0.539964 	0.00338726 	-1.33047 	-0.00466634 	
2.325	0.330762 	-0.172606 	0.539967 	0.00338726 	-1.33047 	-0.00466634 	
2.33	0.330782 	-0.172604 	0.53997 	0.00338726 	-1.33047 	-0.00466634 	
2.335	0.330801 	-0.172602 	0.539973 	0.00338726 	-1.33047 	-0.00466634 	
2.34	0.33082 	-0.172601 	0.539976 	0.00338726 	-1.33047 	-0.00466634 	
2.345	0.330838 	-0.172599 	0.539979 	0.00338726 	-1.33047 	-0.00466634 	
2.35	0.330855 	-0.172597 	0.539981 	0.00338726 	-1.33047 	-0.00466634 	
2.355	0.330812 	-0.172609 	0.539973 	0.00184323 	-1.32939 	-0.00253919 	
2.36	0.330828 	-0.172608 	0.539975 	0.00184323 	-1.32939 	-0.00253919 	
2.365	0.330844 	-0.172606 	0.539978 	0.00184323 	-1.32939 	-0.00253919 	
2.37	0.33086 	-0.172604 	0.53998 	0.00184323 	-1.32939 	-0.00253919 	
2.375	0.330874 	-0.172603 	0.539982 	0.00184323 	-1.32939 	-0.00253919 	
2.38	0.330889 	-0.172601 	0.539985 	0.00184323 	-1.32939 	-0.00253919 	
2.385	0.330903 	-0.1726 	0.539987 	0.00184323 	-1.32939 	-0.00253919 	
2.39	0.330916 	-0.172599 	0.539989 	0.00184323 	-1.32939 	-0.00253919 	
2.395	0.330929 	-0.172597 	0.539991 	0.00184323 	-1.32939 	-0.00253919 	
2.4	0.330941 	-0.172596 	0.539993 	0.00184323 	-1.32939 	-0.00253919 	
2.405	0.330952 	-0.172595 	0.539995 	0.00184323 	-1.32939 	-0.00253919 	
2.41	0.330964 	-0.172594 	0.539996 	0.00184323 	-1.32939 	-0.00253919 	
2.415	0.330974 	-0.172593 	0.539998 	0.00184323 	-1.32939 	-0.00253919 	
2.42	0.330984 	-0.172592 	0.54 	0.00184323 	-1.32939 	-0.00253919 	
2.425	0.330993 	-0.172591 	0.540001 	0.00184323 	-1.32939 	-0.00253919 	
2.43	0.331003 	-0.17259 	0.540002 	0.00184323 	-1.32939 	-0.00253919 	
2.435	0.33101 	-0.172589 	0.540004 	0.00184323 	-1.32939 	-0.00253919 	
2.44	0.331018 	-0.172588 	0.540005 	0.00184323 	-1.32939 	-0.00253919 	
2.445	0.331026 	-0.172588 	0.540006 	0.00184323 	-1.32939 	-0.00253919 	
2.45	0.331032 	-0.172587 	0.540007 	0.00184323 	-1.32939 	-0.00253919 	
2.455	0.331039 	-0.172586 	0.540008 	0.00184323 	-1.32939 	-0.00253919 	
2.46	0.331045 	-0.172586 	0.540009 	0.00184323 	-1.32939 	-0.00253919 	
2.465	0.33099 	-0.172599 	0.539999 	0.000313279 	-1.32832 	-0.000431424 	
2.47	0.330994 	-0.172599 	0.539999 	0.000313279 	-1.32832 	-0.000431424 	
2.475	0.330998 	-0.172598 	0.54 	0.000313279 	-1.32832 	-0.000431424 	
2.48	0.331002 	-0.172598 	0.540001 	0.000313279 	-1.32832 	-0.000431424 	
2.485	0.331005 	-0.172598 	0.540001 	0.000313279 	-1.32832 	-0.000431424 	
2.49	0.331008 	-0.172598 	0.540002 	0.000313279 	-1.32832 	-0.000431424 	
2.495	0.33101 	-0.172597 	0.540002 	0.000313279 	-1.32832 	-0.000431424 	
2.5	0.331011 	-0.172597 	0.540002 	0.000313279 	-1.32832 	-0.000431424 	
2.505	0.331011 	-0.172597 	0.540002 	0.000313279 	-1.32832 	-0.000431424 	
2.51	0.331012 	-0.172597 	0.540002 	0.000313279 	-1.32832 	-0.000431424 	
2.515	0.331014 	-0.172595 	0.540002 	0.000313279 	-1.32832 	-0.000431424 	
2.52	0.331015 	-0.172595 	0.540001 	0.000313279 	-1.32832 	-0.000431424 	
2.525	0.331016 	-0.172595 	0.54 	0.000313279 	-1.32832 	-0.000431424 	
2.53	0.331017 	-0.172595 	0.539999 	0.000313279 	-1.32832 	-0.000431424 	
2.535	0.331019 	-0.172595 	0.539997 	0.000313279 	-1.32832 	-0.000431424 	
2.54	0.331021 	-0.172594 	0.539994 	0.000313279 	-1.32832 	-0.000431424 	
2.545	0.331023 	-0.172594 	0.539991 	0.00031328 	-1.32832 	-0.000431424 	
2.55	0.331026 	-0.172593 	0.539988 	0.00031328 	-1.32832 	-0.000431425 	
2.555	0.331029 	-0.172593 	0.539984 	0.00031328 	-1.32832 	-0.000431425 	
2.56	0.331032 	-0.172592 	0.53998 	0.000313281 	-1.32832 	-0.000431425 	
2.565	0.331036 	-0.172591 	0.539975 	0.000313281 	-1.32832 	-0.000431426 	
2.57	0.331041 	-0.172591 	0.53997 	0.000313282 	-1.32832 	-0.000431427 	
2.575	0.331045 	-0.17259 	0.539965 	0.000313283 	-1.32832 	-0.000431428 	
2.58	0.331048 	-0.172591 	0.539959 	0.000313283 	-1.32832 	-0.000431428 	
2.585	0.331053 	-0.17259 	0.539952 	0.000313284 	-1.32832 	-0.000431429 	
2.59	0.33106 	-0.172589 	0.539944 	0.000313285 	-1.32832 	-0.00043143 	
2.595	0.331065 	-0.172588 	0.539938 	0.000313286 	-1.32832 	-0.000431432 	
2.6	0.331072 	-0.172587 	0.539929 	0.000313288 	-1.32832 	-0.000431433 	
2.605	0.331079 	-0.172586 	0.539921 	0.000313289 	-1.32832 	-0.000431435 	
2.61	0.331087 	-0.172584 	0.539912 	0.000313291 	-1.32832 	-0.000431436 	
2.615	0.331094 	-0.172583 	0.539903 	0.000313292 	-1.32832 	-0.000431438 	
2.62	0.331102 	-0.172582 	0.539893 	0.000313294 	-1.32832 	-0.00043144 	
2.625	0.331118 	-0.172554 	0.539885 	0.00129103 	-1.32849 	-4.25914e-05 	
2.63	0.331126 	-0.172553 	0.539874 	0.00129103 	-1.32849 	-4.25937e-05 	
2.635	0.331136 	-0.172551 	0.539863 	0.00129104 	-1.32849 	-4.25963e-05 	
2.64	0.331145 	-0.172549 	0.539852 	0.00129104 	-1.32849 	-4.25991e-05 	
2.645	0.331155 	-0.172548 	0.53984 	0.00129104 	-1.32849 	-4.26022e-05 	
2.65	0.331165 	-0.172546 	0.539827 	0.00129105 	-1.32849 	-4.26054e-05 	
2.655	0.331176 	-0.172544 	0.539815 	0.00129105 	-1.32849 	-4.26089e-05 	
2.66	0.331187 	-0.172542 	0.539801 	0.00129105 	-1.32849 	-4.26127e-05 	
2.665	0.331198 	-0.17254 	0.539788 	0.00129106 	-1.32849 	-4.26166e-05 	
2.67	0.331227 	-0.172509 	0.539778 	0.00256131 	-1.32885 	-3.26379e-06 	
2.675	0.331239 	-0.172507 	0.539763 	0.00256132 	-1.32885 	-3.26831e-06 	
2.68	0.331252 	-0.172504 	0.539748 	0.00256132 	-1.32885 	-3.2731e-06 	
2.685	0.331265 	-0.172502 	0.539733 	0.00256133 	-1.32885 	-3.27818e-06 	
2.69	0.331278 	-0.1725 	0.539717 	0.00256133 	-1.32885 	-3.28355e-06 	
2.695	0.331291 	-0.172497 	0.5397 	0.00256134 	-1.32885 	-3.28921e-06 	
2.7	0.331305 	-0.172495 	0.539684 	0.00256134 	-1.32885 	-3.29518e-06 	
2.705	0.331338 	-0.172463 	0.539671 	0.00385994 	-1.32923 	6.95775e-07 	
2.71	0.331353 	-0.17246 	0.539653 	0.00385994 	-1.32923 	6.89169e-07 	
2.715	0.331368 	-0.172458 	0.539635 	0.00385995 	-1.32923 	6.82237e-07 	
2.72	0.331383 	-0.172455 	0.539616 	0.00385996 	-1.32923 	6.74972e-07 	
2.725	0.331399 	-0.172452 	0.539598 	0.00385996 	-1.32923 	6.67367e-07 	
2.73	0.331415 	-0.172449 	0.539578 	0.00385997 	-1.32923 	6.59415e-07 	
2.735	0.33145 	-0.172417 	0.539563 	0.00517171 	-1.32962 	1.1043e-06 	
2.74	0.331466 	-0.172414 	0.539543 	0.00517172 	-1.32962 	1.09563e-06 	
2.745	0.331484 	-0.172411 	0.539522 	0.00517173 	-1.32962 	1.08659e-06 	
2.75	0.331501 	-0.172408 	0.539501 	0.00517174 	-1.32962 	1.07718e-06 	
2.755	0.331519 	-0.172404 	0.539479 	0.00517175 	-1.32962 	1.06739e-06 	
2.76	0.331555 	-0.172373 	0.539462 	0.00641123 	-1.32998 	1.02402e-06 	
2.765	0.331573 	-0.17237 	0.539439 	0.00641124 	-1.32998 	1.01345e-06 	
2.77	0.331592 	-0.172367 	0.539417 	0.00641125 	-1.32998 	1.00248e-06 	
2.775	0.331611 	-0.172363 	0.539393 	0.00641126 	-1.32998 	9.91101e-07 	
2.78	0.331632 	-0.172359 	0.53937 	0.00641127 	-1.32998 	9.78943e-07 	
2.785	0.33167 	-0.172325 	0.53935 	0.00775349 	-1.33038 	1.17509e-06 	
2.79	0.331691 	-0.172321 	0.539326 	0.00775351 	-1.33038 	1.16246e-06 	
2.795	0.331711 	-0.172318 	0.539301 	0.00775352 	-1.33038 	1.14941e-06 	
2.8	0.331732 	-0.172314 	0.539276 	0.00775353 	-1.33038 	1.13592e-06 	
2.805	0.331754 	-0.17231 	0.53925 	0.00775354 	-1.33038 	1.12199e-06 	
2.81	0.331796 	-0.172273 	0.539229 	0.00921434 	-1.3308 	1.39137e-06 	
2.815	0.331818 	-0.172269 	0.539203 	0.00921435 	-1.3308 	1.37654e-06 	
2.82	0.33184 	-0.172265 	0.539176 	0.00921437 	-1.3308 	1.36127e-06 	
2.825	0.331863 	-0.172261 	0.539149 	0.00921438 	-1.3308 	1.34553e-06 	
2.83	0.331904 	-0.172228 	0.539125 	0.0104988 	-1.33118 	1.10653e-06 	
2.835	0.331927 	-0.172224 	0.539097 	0.0104988 	-1.33118 	1.08985e-06 	
2.84	0.331951 	-0.17222 	0.539069 	0.0104988 	-1.33118 	1.07271e-06 	
2.845	0.331975 	-0.172216 	0.53904 	0.0104989 	-1.33118 	1.05509e-06 	
2.85	0.332017 	-0.172181 	0.539015 	0.0118321 	-1.33157 	1.15345e-06 	
2.855	0.332042 	-0.172177 	0.538986 	0.0118322 	-1.33157 	1.13486e-06 	
2.86	0.332067 	-0.172172 	0.538956 	0.0118322 	-1.33157 	1.11578e-06 	
2.865	0.332092 	-0.172168 	0.538925 	0.0118322 	-1.33157 	1.0962e-06 	
2.87	0.332137 	-0.172132 	0.538899 	0.013236 	-1.33198 	1.27395e-06 	
2.875	0.332163 	-0.172127 	0.538868 	0.013236 	-1.33198 	1.25336e-06 	
2.88	0.33219 	-0.172122 	0.538837 	0.0132361 	-1.33198 	1.23228e-06 	
2.885	0.332216 	-0.172118 	0.538805 	0.0132361 	-1.33198 	1.21069e-06 	
2.89	0.332264 	-0.17208 	0.538778 	0.0147114 	-1.33242 	1.41004e-06 	
2.895	0.332291 	-0.172075 	0.538745 	0.0147114 	-1.33242 	1.38742e-06 	
2.9	0.332318 	-0.17207 	0.538712 	0.0147114 	-1.33242 	1.36428e-06 	
2.905	0.332346 	-0.172065 	0.538678 	0.0147114 	-1.33242 	1.34062e-06 	
2.91	0.332396 	-0.172025 	0.53865 	0.0162569 	-1.33287 	1.5522e-06 	
2.915	0.332424 	-0.17202 	0.538616 	0.016257 	-1.33287 	1.52748e-06 	
2.92	0.332453 	-0.172015 	0.538581 	0.016257 	-1.33287 	1.50224e-06 	
2.925	0.332499 	-0.171982 	0.538551 	0.0175012 	-1.33324 	1.03968e-06 	
2.93	0.332528 	-0.171977 	0.538515 	0.0175012 	-1.33324 	1.01337e-06 	
2.935	0.332558 	-0.171971 	0.53848 	0.0175012 	-1.33324 	9.86517e-07 	
2.94	0.332605 	-0.171938 	0.538448 	0.0187489 	-1.3336 	9.91551e-07 	
2.945	0.332636 	-0.171932 	0.538412 	0.0187489 	-1.3336 	9.63615e-07 	
2.95	0.332666 	-0.171927 	0.538375 	0.018749 	-1.3336 	9.35143e-07 	
2.955	0.332715 	-0.171893 	0.538342 	0.0200304 	-1.33398 	1.03711e-06 	
2.96	0.332746 	-0.171887 	0.538305 	0.0200304 	-1.33398 	1.00753e-06 	
2.965	0.33278 	-0.171879 	0.538267 	0.0200304 	-1.33398 	9.75698e-07 	
2.97	0.33283 	-0.171844 	0.538234 	0.021348 	-1.33436 	1.09718e-06 	
2.975	0.332862 	-0.171838 	0.538195 	0.0213481 	-1.33436 	1.06597e-06 	
2.98	0.332894 	-0.171832 	0.538157 	0.0213481 	-1.33436 	1.03421e-06 	
2.985	0.332945 	-0.171796 	0.538122 	0.0227015 	-1.33476 	1.16055e-06 	
2.99	0.332978 	-0.17179 	0.538083 	0.0227015 	-1.33476 	1.12768e-06 	
2.995	0.333011 	-0.171784 	0.538043 	0.0227015 	-1.33476 	1.09426e-06 	
3	0.333064 	-0.171747 	0.538008 	0.0240899 	-1.33517 	1.22452e-06 	
3.005	0.333097 	-0.171741 	0.537967 	0.02409 	-1.33517 	1.18999e-06 	
3.01	0.333131 	-0.171735 	0.537927 	0.02409 	-1.33517 	1.15491e-06 	
3.015	0.333185 	-0.171697 	0.537891 	0.0255127 	-1.33559 	1.28901e-06 	
3.02	0.333219 	-0.171691 	0.537849 	0.0255127 	-1.33559 	1.25281e-06 	
3.025	0.333254 	-0.171684 	0.537808 	0.0255127 	-1.33559 	1.21608e-06 	
3.03	0.333309 	-0.171645 	0.537771 	0.0269688 	-1.33601 	1.35389e-06 	
3.035	0.333344 	-0.171639 	0.537728 	0.0269689 	-1.33601 	1.31603e-06 	
3.04	0.33338 	-0.171633 	0.537686 	0.0269689 	-1.33601 	1.27764e-06 	
3.045	0.333436 	-0.171593 	0.537648 	0.0284577 	-1.33645 	1.41903e-06 	
3.05	0.333472 	-0.171587 	0.537605 	0.0284577 	-1.33645 	1.37952e-06 	
3.055	0.333509 	-0.17158 	0.537561 	0.0284578 	-1.33645 	1.33948e-06 	
3.06	0.333566 	-0.171539 	0.537523 	0.0299784 	-1.3369 	1.4843e-06 	
3.065	0.333603 	-0.171533 	0.537479 	0.0299784 	-1.3369 	1.44315e-06 	
3.07	0.33364 	-0.171526 	0.537434 	0.0299784 	-1.3369 	1.40147e-06 	
3.075	0.333698 	-0.171485 	0.537395 	0.03153 	-1.33735 	1.54958e-06 	
3.08	0.333736 	-0.171478 	0.53735 	0.03153 	-1.33735 	1.50679e-06 	
3.085	0.333774 	-0.171471 	0.537305 	0.0315301 	-1.33735 	1.46348e-06 	
3.09	0.333833 	-0.171429 	0.537265 	0.0331117 	-1.33782 	1.61471e-06 	
3.095	0.333871 	-0.171422 	0.537219 	0.0331118 	-1.33782 	1.57032e-06 	
3.1	0.33391 	-0.171415 	0.537173 	0.0331118 	-1.33782 	1.5254e-06 	
3.105	0.33397 	-0.171372 	0.537132 	0.0347226 	-1.33829 	1.67959e-06 	
3.11	0.334009 	-0.171365 	0.537085 	0.0347227 	-1.33829 	1.63359e-06 	
3.115	0.334048 	-0.171358 	0.537039 	0.0347227 	-1.33829 	1.58709e-06 	
3.12	0.33411 	-0.171314 	0.536997 	0.0363619 	-1.33877 	1.74406e-06 	
3.125	0.33415 	-0.171307 	0.53695 	0.0363619 	-1.33877 	1.69649e-06 	
3.13	0.334184 	-0.171306 	0.536902 	0.036362 	-1.33877 	1.65277e-06 	
3.135	0.334247 	-0.171261 	0.53686 	0.0380285 	-1.33926 	1.80882e-06 	
3.14	0.334287 	-0.171254 	0.536812 	0.0380285 	-1.33926 	1.75971e-06 	
3.145	0.334328 	-0.171247 	0.536763 	0.0380286 	-1.33926 	1.71012e-06 	
3.15	0.334391 	-0.171201 	0.536721 	0.0397216 	-1.33976 	1.87132e-06 	
3.155	0.334432 	-0.171194 	0.536672 	0.0397216 	-1.33976 	1.8207e-06 	
3.16	0.334473 	-0.171187 	0.536622 	0.0397216 	-1.33976 	1.7696e-06 	
3.165	0.334537 	-0.171141 	0.536579 	0.0414401 	-1.34026 	1.93371e-06 	
3.17	0.334579 	-0.171133 	0.53653 	0.0414402 	-1.34026 	1.88161e-06 	
3.175	0.334621 	-0.171126 	0.53648 	0.0414402 	-1.34026 	1.82904e-06 	
3.18	0.334686 	-0.171079 	0.536436 	0.0431832 	-1.34077 	1.99524e-06 	
3.185	0.334728 	-0.171072 	0.536385 	0.0431833 	-1.34077 	1.9417e-06 	
3.19	0.334787 	-0.171037 	0.536339 	0.0444178 	-1.34113 	1.0367e-06 	
3.195	0.334829 	-0.171029 	0.536288 	0.0444179 	-1.34113 	9.8222e-07 	
3.2	0.334872 	-0.171021 	0.536237 	0.0444179 	-1.34113 	9.27297e-07 	
3.205	0.334938 	-0.170975 	0.536193 	0.0461463 	-1.34164 	1.87644e-06 	
3.21	0.334981 	-0.170967 	0.536141 	0.0461464 	-1.34164 	1.82059e-06 	
3.215	0.335041 	-0.170932 	0.536094 	0.0474017 	-1.34201 	1.05691e-06 	
3.22	0.335084 	-0.170924 	0.536042 	0.0474017 	-1.34201 	1.00016e-06 	
3.225	0.335128 	-0.170916 	0.53599 	0.0474018 	-1.34201 	9.43e-07 	
3.23	0.335195 	-0.170869 	0.535944 	0.0491644 	-1.34253 	1.95836e-06 	
3.235	0.335239 	-0.170861 	0.535892 	0.0491645 	-1.34253 	1.90032e-06 	
3.24	0.3353 	-0.170824 	0.535844 	0.0504438 	-1.3429 	1.1035e-06 	
3.245	0.335344 	-0.170817 	0.535791 	0.0504439 	-1.3429 	1.04462e-06 	
3.25	0.335405 	-0.170781 	0.535742 	0.0516818 	-1.34327 	9.52797e-07 	
3.255	0.33545 	-0.170773 	0.535689 	0.0516819 	-1.34327 	8.93105e-07 	
3.26	0.335511 	-0.170737 	0.53564 	0.0529231 	-1.34363 	9.43176e-07 	
3.265	0.335556 	-0.170729 	0.535587 	0.0529231 	-1.34363 	8.82695e-07 	
3.27	0.335617 	-0.170693 	0.535538 	0.0541718 	-1.344 	9.54338e-07 	
3.275	0.335662 	-0.170685 	0.535484 	0.0541719 	-1.344 	8.93093e-07 	
3.28	0.335724 	-0.170649 	0.535435 	0.0554283 	-1.34436 	9.6798e-07 	
3.285	0.335769 	-0.170641 	0.53538 	0.0554284 	-1.34436 	9.05996e-07 	
3.29	0.335831 	-0.170604 	0.535331 	0.0566922 	-1.34474 	9.81631e-07 	
3.295	0.335877 	-0.170596 	0.535276 	0.0566923 	-1.34474 	9.18934e-07 	
3.3	0.33594 	-0.17056 	0.535226 	0.0579632 	-1.34511 	9.94968e-07 	
3.305	0.335986 	-0.170552 	0.535171 	0.0579632 	-1.34511 	9.31584e-07 	
3.31	0.336048 	-0.170515 	0.535121 	0.059241 	-1.34548 	1.00794e-06 	
3.315	0.336093 	-0.170508 	0.535066 	0.059241 	-1.34548 	9.45357e-07 	
3.32	0.336156 	-0.170471 	0.535015 	0.0605252 	-1.34586 	1.02077e-06 	
3.325	0.336203 	-0.170463 	0.53496 	0.0605253 	-1.34586 	9.56096e-07 	
3.33	0.336266 	-0.170426 	0.534909 	0.0618156 	-1.34624 	1.03273e-06 	
3.335	0.336313 	-0.170417 	0.534854 	0.0618157 	-1.34624 	9.67459e-07 	
3.34	0.336376 	-0.17038 	0.534803 	0.0631118 	-1.34662 	1.04449e-06 	
3.345	0.336424 	-0.170372 	0.534747 	0.0631119 	-1.34662 	9.78644e-07 	
3.35	0.336487 	-0.170334 	0.534696 	0.0644135 	-1.347 	1.05585e-06 	
3.355	0.336535 	-0.170326 	0.53464 	0.0644136 	-1.347 	9.89457e-07 	
3.36	0.336599 	-0.170288 	0.534588 	0.0657204 	-1.34738 	1.06677e-06 	
3.365	0.336646 	-0.17028 	0.534532 	0.0657205 	-1.34738 	9.99867e-07 	
3.37	0.33671 	-0.170242 	0.534481 	0.0670322 	-1.34777 	1.07724e-06 	
3.375	0.336758 	-0.170233 	0.534424 	0.0670323 	-1.34777 	1.00986e-06 	
3.38	0.336822 	-0.170196 	0.534372 	0.0683485 	-1.34816 	1.08726e-06 	
3.385	0.33687 	-0.170187 	0.534316 	0.0683486 	-1.34816 	1.01943e-06 	
3.39	0.336935 	-0.170149 	0.534264 	0.069669 	-1.34854 	1.09681e-06 	
3.395	0.336983 	-0.170141 	0.534207 	0.0696691 	-1.34854 	1.02856e-06 	
3.4	0.337047 	-0.170102 	0.534155 	0.0709934 	-1.34893 	1.10587e-06 	
3.405	0.337096 	-0.170094 	0.534098 	0.0709934 	-1.34893 	1.03723e-06 	
3.41	0.33716 	-0.170056 	0.534046 	0.0723213 	-1.34932 	1.11444e-06 	
3.415	0.337209 	-0.170047 	0.533989 	0.0723213 	-1.34932 	1.04546e-06 	
3.42	0.337274 	-0.170009 	0.533937 	0.0736524 	-1.34971 	1.12252e-06 	
3.425	0.337322 	-0.17 	0.533879 	0.0736524 	-1.34971 	1.05321e-06 	
3.43	0.337387 	-0.169962 	0.533827 	0.0749864 	-1.3501 	1.13008e-06 	
3.435	0.337436 	-0.169953 	0.533769 	0.0749864 	-1.3501 	1.06048e-06 	
3.44	0.337501 	-0.169915 	0.533717 	0.0763229 	-1.3505 	1.13712e-06 	
3.445	0.33755 	-0.169906 	0.533659 	0.076323 	-1.3505 	1.06727e-06 	
3.45	0.337615 	-0.169868 	0.533607 	0.0776616 	-1.35089 	1.14363e-06 	
3.455	0.337664 	-0.169859 	0.533549 	0.0776617 	-1.35089 	1.07356e-06 	
3.46	0.337729 	-0.16982 	0.533497 	0.0790023 	-1.35128 	1.14961e-06 	
3.465	0.337778 	-0.169812 	0.533439 	0.0790023 	-1.35128 	1.07935e-06 	
3.47	0.337843 	-0.169773 	0.533387 	0.0803444 	-1.35168 	1.15504e-06 	
3.475	0.337892 	-0.169764 	0.533329 	0.0803445 	-1.35168 	1.08463e-06 	
3.48	0.337958 	-0.169726 	0.533276 	0.0816878 	-1.35207 	1.15992e-06 	
3.485	0.338007 	-0.169717 	0.533218 	0.0816879 	-1.35207 	1.0894e-06 	
3.49	0.338072 	-0.169678 	0.533166 	0.0830321 	-1.35246 	1.16424e-06 	
3.495	0.338121 	-0.16967 	0.533108 	0.0830321 	-1.35246 	1.09363e-06 	
3.5	0.338186 	-0.169631 	0.533055 	0.0843769 	-1.35286 	1.16799e-06 	
3.505	0.338235 	-0.169622 	0.532997 	0.0843769 	-1.35286 	1.09734e-06 	
3.51	0.338301 	-0.169584 	0.532945 	0.0857219 	-1.35325 	1.17117e-06 	
3.515	0.33835 	-0.169575 	0.532887 	0.0857219 	-1.35325 	1.10051e-06 	
3.52	0.338419 	-0.169533 	0.532834 	0.0870668 	-1.35365 	1.14928e-06 	
3.525	0.338468 	-0.169524 	0.532776 	0.0870668 	-1.35365 	1.07861e-06 	
3.53	0.338533 	-0.169486 	0.532724 	0.0884112 	-1.35404 	1.17338e-06 	
3.535	0.338582 	-0.169477 	0.532666 	0.0884112 	-1.35404 	1.10279e-06 	
3.54	0.338648 	-0.169438 	0.532613 	0.0897548 	-1.35444 	1.17702e-06 	
3.545	0.338697 	-0.169429 	0.532556 	0.0897548 	-1.35444 	1.10654e-06 	
3.55	0.338762 	-0.169391 	0.532503 	0.0910972 	-1.35483 	1.1781e-06 	
3.555	0.338811 	-0.169382 	0.532445 	0.0910973 	-1.35483 	1.10774e-06 	
3.56	0.338876 	-0.169344 	0.532393 	0.0924382 	-1.35522 	1.17838e-06 	
3.565	0.338925 	-0.169335 	0.532335 	0.0924383 	-1.35522 	1.10818e-06 	
3.57	0.33899 	-0.169297 	0.532283 	0.0937774 	-1.35562 	1.17806e-06 	
3.575	0.339039 	-0.169288 	0.532225 	0.0937775 	-1.35562 	1.10805e-06 	
3.58	0.339104 	-0.169249 	0.532173 	0.0951145 	-1.35601 	1.17713e-06 	
3.585	0.339152 	-0.169241 	0.532116 	0.0951146 	-1.35601 	1.10736e-06 	
3.59	0.339217 	-0.169203 	0.532063 	0.0964491 	-1.3564 	1.17561e-06 	
3.595	0.339266 	-0.169194 	0.532006 	0.0964492 	-1.3564 	1.1061e-06 	
3.6	0.339331 	-0.169156 	0.531954 	0.0977809 	-1.35679 	1.17349e-06 	
3.605	0.339379 	-0.169147 	0.531897 	0.097781 	-1.35679 	1.10428e-06 	
3.61	0.339444 	-0.169109 	0.531845 	0.0991095 	-1.35718 	1.17078e-06 	
3.615	0.339492 	-0.1691 	0.531788 	0.0991096 	-1.35718 	1.10189e-06 	
3.62	0.339556 	-0.169062 	0.531736 	0.100435 	-1.35757 	1.16747e-06 	
3.625	0.339605 	-0.169054 	0.531679 	0.100435 	-1.35757 	1.09895e-06 	
3.63	0.339669 	-0.169016 	0.531628 	0.101756 	-1.35796 	1.16357e-06 	
3.635	0.339717 	-0.169007 	0.531571 	0.101756 	-1.35796 	1.09544e-06 	
3.64	0.339781 	-0.168969 	0.531519 	0.103073 	-1.35834 	1.15907e-06 	
3.645	0.339829 	-0.168961 	0.531463 	0.103073 	-1.35834 	1.09137e-06 	
3.65	0.339892 	-0.168923 	0.531412 	0.104386 	-1.35873 	1.15398e-06 	
3.655	0.33994 	-0.168915 	0.531355 	0.104386 	-1.35873 	1.08675e-06 	
3.66	0.340004 	-0.168877 	0.531304 	0.105694 	-1.35911 	1.14831e-06 	
3.665	0.340052 	-0.168868 	0.531248 	0.105694 	-1.35911 	1.08157e-06 	
3.67	0.340115 	-0.168831 	0.531197 	0.106997 	-1.3595 	1.14206e-06 	
3.675	0.340162 	-0.168823 	0.531141 	0.106997 	-1.3595 	1.07584e-06 	
3.68	0.340225 	-0.168785 	0.531091 	0.108295 	-1.35988 	1.13522e-06 	
3.685	0.340272 	-0.168777 	0.531035 	0.108295 	-1.35988 	1.06956e-06 	
3.69	0.340335 	-0.16874 	0.530985 	0.109586 	-1.36026 	1.12782e-06 	
3.695	0.340382 	-0.168732 	0.530929 	0.109586 	-1.36026 	1.06274e-06 	
3.7	0.340444 	-0.168695 	0.530879 	0.110872 	-1.36063 	1.11985e-06 	
3.705	0.340491 	-0.168686 	0.530824 	0.110872 	-1.36063 	1.05538e-06 	
3.71	0.340553 	-0.16865 	0.530774 	0.112151 	-1.36101 	1.11131e-06 	
3.715	0.340602 	-0.168639 	0.530719 	0.112151 	-1.36101 	1.04564e-06 	
3.72	0.340663 	-0.168603 	0.530669 	0.113424 	-1.36138 	1.10191e-06 	
3.725	0.34071 	-0.168594 	0.530615 	0.113424 	-1.36138 	1.03876e-06 	
3.73	0.340771 	-0.168558 	0.530565 	0.114689 	-1.36175 	1.09257e-06 	
3.735	0.340817 	-0.16855 	0.530511 	0.114689 	-1.36175 	1.03013e-06 	
3.74	0.340878 	-0.168514 	0.530462 	0.115948 	-1.36212 	1.08243e-06 	
3.745	0.340924 	-0.168506 	0.530408 	0.115948 	-1.36212 	1.02071e-06 	
3.75	0.340984 	-0.16847 	0.53036 	0.117198 	-1.36249 	1.07174e-06 	
3.755	0.34103 	-0.168462 	0.530306 	0.117198 	-1.36249 	1.01077e-06 	
3.76	0.34109 	-0.168426 	0.530257 	0.118441 	-1.36285 	1.06052e-06 	
3.765	0.341136 	-0.168418 	0.530204 	0.118441 	-1.36285 	1.00034e-06 	
3.77	0.341195 	-0.168383 	0.530156 	0.119675 	-1.36322 	1.0488e-06 	
3.775	0.34124 	-0.168375 	0.530103 	0.119675 	-1.36322 	9.89417e-07 	
3.78	0.341299 	-0.16834 	0.530056 	0.1209 	-1.36358 	1.03658e-06 	
3.785	0.341344 	-0.168332 	0.530003 	0.1209 	-1.36358 	9.78024e-07 	
3.79	0.341389 	-0.168324 	0.529951 	0.120901 	-1.36358 	9.19926e-07 	
3.795	0.341453 	-0.168277 	0.529906 	0.12266 	-1.36409 	2.186e-06 	
3.8	0.341498 	-0.168269 	0.529854 	0.12266 	-1.36409 	2.12874e-06 	
3.805	0.341556 	-0.168233 	0.529807 	0.123919 	-1.36446 	1.21693e-06 	
3.81	0.3416 	-0.168225 	0.529756 	0.123919 	-1.36446 	1.16055e-06 	
3.815	0.341644 	-0.168218 	0.529704 	0.123919 	-1.36446 	1.10465e-06 	
3.82	0.341708 	-0.168172 	0.52966 	0.125649 	-1.36497 	2.14721e-06 	
3.825	0.341751 	-0.168164 	0.529609 	0.12565 	-1.36497 	2.0922e-06 	
3.83	0.341808 	-0.168129 	0.529564 	0.126883 	-1.36533 	1.17863e-06 	
3.835	0.341852 	-0.168121 	0.529513 	0.126883 	-1.36533 	1.12407e-06 	
3.84	0.341895 	-0.168113 	0.529463 	0.126883 	-1.36533 	1.07049e-06 	
3.845	0.341957 	-0.168068 	0.52942 	0.128577 	-1.36583 	2.06685e-06 	
3.85	0.342 	-0.16806 	0.52937 	0.128577 	-1.36583 	2.01422e-06 	
3.855	0.342042 	-0.168053 	0.529321 	0.128577 	-1.36583 	1.9621e-06 	
3.86	0.342103 	-0.168007 	0.529279 	0.130295 	-1.36633 	2.22633e-06 	
3.865	0.342145 	-0.168 	0.52923 	0.130295 	-1.36633 	2.17518e-06 	
3.87	0.342187 	-0.167992 	0.529181 	0.130295 	-1.36633 	2.12455e-06 	
3.875	0.342248 	-0.167948 	0.529139 	0.131994 	-1.36683 	2.20102e-06 	
3.88	0.342289 	-0.16794 	0.529091 	0.131994 	-1.36683 	2.15138e-06 	
3.885	0.34233 	-0.167933 	0.529043 	0.131994 	-1.36683 	2.10228e-06 	
3.89	0.34239 	-0.167889 	0.529002 	0.133666 	-1.36732 	2.14446e-06 	
3.895	0.342431 	-0.167882 	0.528955 	0.133666 	-1.36732 	2.09637e-06 	
3.9	0.342471 	-0.167874 	0.528907 	0.133666 	-1.36732 	2.04883e-06 	
3.905	0.34253 	-0.167831 	0.528867 	0.135312 	-1.3678 	2.08209e-06 	
3.91	0.34257 	-0.167824 	0.528821 	0.135312 	-1.3678 	2.03558e-06 	
3.915	0.34261 	-0.167817 	0.528774 	0.135312 	-1.3678 	1.98963e-06 	
3.92	0.342667 	-0.167774 	0.528735 	0.136929 	-1.36828 	2.01759e-06 	
3.925	0.342707 	-0.167767 	0.528689 	0.136929 	-1.36828 	1.97269e-06 	
3.93	0.342746 	-0.16776 	0.528643 	0.136929 	-1.36828 	1.92835e-06 	
3.935	0.342802 	-0.167718 	0.528604 	0.138518 	-1.36875 	1.95155e-06 	
3.94	0.342841 	-0.167711 	0.528559 	0.138518 	-1.36875 	1.90827e-06 	
3.945	0.342872 	-0.167711 	0.528514 	0.138518 	-1.36875 	1.87075e-06 	
3.95	0.342927 	-0.16767 	0.528477 	0.140076 	-1.3692 	1.88523e-06 	
3.955	0.342965 	-0.167664 	0.528432 	0.140076 	-1.3692 	1.8436e-06 	
3.96	0.343003 	-0.167657 	0.528388 	0.140076 	-1.3692 	1.80254e-06 	
3.965	0.343057 	-0.167617 	0.528351 	0.141604 	-1.36965 	1.81572e-06 	
3.97	0.343094 	-0.16761 	0.528308 	0.141604 	-1.36965 	1.77575e-06 	
3.975	0.343131 	-0.167603 	0.528265 	0.141604 	-1.36965 	1.73636e-06 	
3.98	0.343184 	-0.167564 	0.528229 	0.1431 	-1.37009 	1.7461e-06 	
3.985	0.343221 	-0.167557 	0.528186 	0.1431 	-1.37009 	1.70781e-06 	
3.99	0.343257 	-0.167551 	0.528144 	0.1431 	-1.37009 	1.67009e-06 	
3.995	0.343308 	-0.167512 	0.528109 	0.144564 	-1.37052 	1.67574e-06 	
4	0.343344 	-0.167506 	0.528067 	0.144564 	-1.37052 	1.63913e-06 	
4.005	0.343379 	-0.1675 	0.528026 	0.144564 	-1.37052 	1.60309e-06 	
4.01	0.34343 	-0.167462 	0.527992 	0.145994 	-1.37094 	1.60474e-06 	
4.015	0.343465 	-0.167456 	0.527951 	0.145994 	-1.37094 	1.56981e-06 	
4.02	0.343499 	-0.16745 	0.527911 	0.145994 	-1.37094 	1.53545e-06 	
4.025	0.343548 	-0.167413 	0.527877 	0.14739 	-1.37135 	1.53326e-06 	
4.03	0.343588 	-0.167402 	0.527838 	0.14739 	-1.37135 	1.49684e-06 	
4.035	0.343621 	-0.167396 	0.527799 	0.14739 	-1.37135 	1.46413e-06 	
4.04	0.343669 	-0.16736 	0.527766 	0.148752 	-1.37175 	1.46118e-06 	
4.045	0.343702 	-0.167354 	0.527727 	0.148752 	-1.37175 	1.42961e-06 	
4.05	0.343735 	-0.167348 	0.527689 	0.148752 	-1.37175 	1.39861e-06 	
4.055	0.343782 	-0.167313 	0.527657 	0.150077 	-1.37214 	1.38956e-06 	
4.06	0.343814 	-0.167308 	0.52762 	0.150078 	-1.37214 	1.35967e-06 	
4.065	0.343846 	-0.167302 	0.527583 	0.150078 	-1.37214 	1.33034e-06 	
4.07	0.343891 	-0.167268 	0.527552 	0.151367 	-1.37252 	1.31775e-06 	
4.075	0.343922 	-0.167262 	0.527515 	0.151367 	-1.37252 	1.28951e-06 	
4.08	0.343953 	-0.167257 	0.527479 	0.151367 	-1.37252 	1.26184e-06 	
4.085	0.343997 	-0.167224 	0.527449 	0.152619 	-1.37288 	1.24614e-06 	
4.09	0.344028 	-0.167219 	0.527414 	0.152619 	-1.37288 	1.21955e-06 	
4.095	0.344062 	-0.167209 	0.527379 	0.152619 	-1.37288 	1.19136e-06 	
4.1	0.344092 	-0.167204 	0.527344 	0.152619 	-1.37288 	1.16586e-06 	
4.105	0.344138 	-0.167164 	0.527317 	0.154188 	-1.37334 	1.93479e-06 	
4.11	0.344167 	-0.167159 	0.527283 	0.154188 	-1.37334 	1.91036e-06 	
4.115	0.344196 	-0.167154 	0.52725 	0.154188 	-1.37334 	1.88648e-06 	
4.12	0.344224 	-0.167149 	0.527217 	0.154188 	-1.37334 	1.86314e-06 	
4.125	0.344268 	-0.16711 	0.527191 	0.155728 	-1.3738 	1.94341e-06 	
4.13	0.344296 	-0.167105 	0.527159 	0.155728 	-1.3738 	1.9211e-06 	
4.135	0.344324 	-0.1671 	0.527127 	0.155728 	-1.3738 	1.89932e-06 	
4.14	0.344351 	-0.167095 	0.527095 	0.155728 	-1.3738 	1.87807e-06 	
4.145	0.344385 	-0.167066 	0.52707 	0.157201 	-1.37423 	1.86109e-06 	
4.15	0.344412 	-0.167062 	0.52704 	0.157201 	-1.37423 	1.84089e-06 	
4.155	0.344438 	-0.167057 	0.527009 	0.157201 	-1.37423 	1.82117e-06 	
4.16	0.344464 	-0.167052 	0.526979 	0.157201 	-1.37423 	1.80196e-06 	
4.165	0.344504 	-0.167017 	0.526956 	0.158603 	-1.37464 	1.64436e-06 	
4.17	0.344529 	-0.167013 	0.526927 	0.158603 	-1.37464 	1.62613e-06 	
4.175	0.344554 	-0.167008 	0.526898 	0.158603 	-1.37464 	1.6084e-06 	
4.18	0.344578 	-0.167004 	0.52687 	0.158603 	-1.37464 	1.59116e-06 	
4.185	0.344616 	-0.16697 	0.526847 	0.159931 	-1.37503 	1.4776e-06 	
4.19	0.344644 	-0.166962 	0.52682 	0.159931 	-1.37503 	1.45962e-06 	
4.195	0.344668 	-0.166958 	0.526793 	0.159931 	-1.37503 	1.44379e-06 	
4.2	0.344691 	-0.166954 	0.526766 	0.159932 	-1.37503 	1.42845e-06 	
4.205	0.344726 	-0.166922 	0.526745 	0.161186 	-1.3754 	1.32029e-06 	
4.21	0.344749 	-0.166918 	0.526719 	0.161186 	-1.3754 	1.30586e-06 	
4.215	0.344771 	-0.166914 	0.526694 	0.161186 	-1.3754 	1.29188e-06 	
4.22	0.344793 	-0.166911 	0.526668 	0.161186 	-1.3754 	1.27836e-06 	
4.225	0.344814 	-0.166907 	0.526644 	0.161186 	-1.3754 	1.26529e-06 	
4.23	0.34485 	-0.166872 	0.526626 	0.162616 	-1.37582 	1.68752e-06 	
4.235	0.344871 	-0.166867 	0.526602 	0.162616 	-1.37582 	1.67489e-06 	
4.24	0.344892 	-0.166863 	0.526579 	0.162616 	-1.37582 	1.6631e-06 	
