0	2.08277 	-0.10765 	-1.49203 	0.000182992 	-0.0986798 	0.00466746 	
0.005	2.0809 	-0.106422 	-1.49788 	0.000190405 	-0.098727 	0.00464706 	
0.01	2.07916 	-0.105283 	-1.5033 	0.000197276 	-0.0987707 	0.00462815 	
0.015	2.07754 	-0.104228 	-1.50832 	0.000203643 	-0.0988112 	0.00461062 	
0.02	2.07605 	-0.103251 	-1.51297 	0.000209544 	-0.0988487 	0.00459438 	
0.025	2.07466 	-0.102344 	-1.51728 	0.000215013 	-0.0988836 	0.00457932 	
0.03	2.07338 	-0.101504 	-1.52128 	0.00022008 	-0.0989158 	0.00456537 	
0.035	2.07219 	-0.100726 	-1.52498 	0.000224776 	-0.0989458 	0.00455243 	
0.04	2.07109 	-0.100004 	-1.52841 	0.000229126 	-0.0989736 	0.00454044 	
0.045	2.07007 	-0.0993352 	-1.53159 	0.000233155 	-0.0989994 	0.00452932 	
0.05	2.06912 	-0.0987152 	-1.53453 	0.000236888 	-0.0990234 	0.00451901 	
0.055	2.06825 	-0.0981406 	-1.53726 	0.000240345 	-0.0990457 	0.00450945 	
0.06	2.06744 	-0.0976079 	-1.53979 	0.000243546 	-0.0990664 	0.00450058 	
0.065	2.06668 	-0.0971141 	-1.54213 	0.000246509 	-0.0990857 	0.00449236 	
0.07	2.06599 	-0.0966563 	-1.5443 	0.000249253 	-0.0991037 	0.00448473 	
0.075	2.06535 	-0.096232 	-1.5463 	0.000251791 	-0.0991204 	0.00447766 	
0.08	2.06475 	-0.0958385 	-1.54816 	0.00025414 	-0.0991361 	0.00447109 	
0.085	2.0642 	-0.0954738 	-1.54988 	0.000256312 	-0.0991506 	0.004465 	
0.09	2.06369 	-0.0951356 	-1.55147 	0.00025832 	-0.0991643 	0.00445934 	
0.095	2.06323 	-0.0948221 	-1.55295 	0.000260177 	-0.099177 	0.00445409 	
0.1	2.06279 	-0.0945313 	-1.55431 	0.000261891 	-0.099189 	0.00444922 	
0.105	2.06239 	-0.0942616 	-1.55557 	0.000263475 	-0.0992002 	0.00444469 	
0.11	2.06202 	-0.0940116 	-1.55674 	0.000264936 	-0.0992108 	0.00444048 	
0.115	2.06168 	-0.0937796 	-1.55781 	0.000266284 	-0.0992207 	0.00443656 	
0.12	2.06137 	-0.0935645 	-1.55881 	0.000267527 	-0.0992301 	0.00443292 	
0.125	2.06108 	-0.0933649 	-1.55973 	0.000268672 	-0.099239 	0.00442954 	
0.13	2.06081 	-0.0931797 	-1.56057 	0.000269725 	-0.0992474 	0.00442639 	
0.135	2.06057 	-0.0930079 	-1.56136 	0.000270694 	-0.0992553 	0.00442346 	
0.14	2.06034 	-0.0928485 	-1.56208 	0.000271584 	-0.0992629 	0.00442072 	
0.145	2.06014 	-0.0927005 	-1.56274 	0.000272401 	-0.0992701 	0.00441818 	
0.15	2.05995 	-0.0925631 	-1.56335 	0.00027315 	-0.099277 	0.0044158 	
0.155	2.05978 	-0.0924355 	-1.56392 	0.000273835 	-0.0992836 	0.00441358 	
0.16	2.05962 	-0.092317 	-1.56443 	0.000274461 	-0.0992899 	0.00441151 	
0.165	2.05948 	-0.0922069 	-1.56491 	0.000275031 	-0.0992961 	0.00440957 	
0.17	2.05766 	-0.0906997 	-1.56781 	0.000342906 	-0.0993054 	0.00439991 	
0.175	2.05786 	-0.090676 	-1.56837 	0.00033971 	-0.099324 	0.0043972 	
0.18	2.05782 	-0.0904439 	-1.56857 	0.000318352 	-0.099318 	0.00441878 	
0.185	2.05786 	-0.0904282 	-1.56892 	0.000315105 	-0.0993306 	0.00441588 	
0.19	2.05791 	-0.0904133 	-1.56923 	0.000312084 	-0.0993426 	0.00441316 	
0.195	2.05795 	-0.0903992 	-1.56952 	0.000309273 	-0.0993539 	0.00441063 	
0.2	2.05799 	-0.0903858 	-1.56978 	0.000306656 	-0.0993647 	0.00440826 	
0.205	2.05804 	-0.0903731 	-1.57002 	0.000304219 	-0.099375 	0.00440605 	
0.21	2.05808 	-0.090361 	-1.57023 	0.000301949 	-0.0993848 	0.00440397 	
0.215	2.05812 	-0.0903495 	-1.57042 	0.000299832 	-0.0993943 	0.00440202 	
0.22	2.05817 	-0.0903384 	-1.57059 	0.000297859 	-0.0994033 	0.0044002 	
0.225	2.05821 	-0.0903278 	-1.57074 	0.000296016 	-0.099412 	0.00439848 	
0.23	2.05825 	-0.0903177 	-1.57088 	0.000294296 	-0.0994204 	0.00439686 	
0.235	2.05654 	-0.0888591 	-1.57355 	0.000362599 	-0.0994321 	0.00438767 	
0.24	2.05693 	-0.0889243 	-1.57383 	0.000357252 	-0.0994536 	0.00438518 	
0.245	2.05723 	-0.0889989 	-1.57401 	0.000351364 	-0.0994726 	0.00438228 	
0.25	2.05742 	-0.089059 	-1.5741 	0.000346264 	-0.0994875 	0.00437951 	
0.255	2.0576 	-0.0891143 	-1.57417 	0.000341522 	-0.0995016 	0.00437691 	
0.26	2.05777 	-0.0891652 	-1.57423 	0.000337112 	-0.0995151 	0.00437448 	
0.265	2.05793 	-0.0892119 	-1.57428 	0.000333011 	-0.0995279 	0.0043722 	
0.27	2.05809 	-0.0892547 	-1.57432 	0.000329195 	-0.0995402 	0.00437006 	
0.275	2.05823 	-0.089294 	-1.57435 	0.000325643 	-0.099552 	0.00436805 	
0.28	2.05838 	-0.08933 	-1.57437 	0.000322335 	-0.0995633 	0.00436615 	
0.285	2.05676 	-0.0879334 	-1.57691 	0.000388642 	-0.0995778 	0.00435719 	
0.29	2.05723 	-0.0880377 	-1.57709 	0.000381938 	-0.0996018 	0.00435446 	
0.295	2.05761 	-0.0881483 	-1.57717 	0.000374793 	-0.0996233 	0.0043513 	
0.3	2.05787 	-0.0882418 	-1.57717 	0.000368526 	-0.0996405 	0.00434829 	
0.305	2.05812 	-0.0883279 	-1.57716 	0.000362701 	-0.0996569 	0.00434547 	
0.31	2.05836 	-0.0884072 	-1.57714 	0.000357285 	-0.0996725 	0.00434283 	
0.315	2.05858 	-0.0884802 	-1.57711 	0.000352249 	-0.0996875 	0.00434034 	
0.32	2.05879 	-0.0885473 	-1.57708 	0.000347564 	-0.0997017 	0.00433801 	
0.325	2.05734 	-0.0872701 	-1.57943 	0.000408562 	-0.0997187 	0.00432946 	
0.33	2.05785 	-0.0873964 	-1.57954 	0.000400899 	-0.0997444 	0.00432638 	
0.335	2.05827 	-0.0875268 	-1.57957 	0.0003929 	-0.0997676 	0.00432294 	
0.34	2.05858 	-0.0876392 	-1.57952 	0.000385814 	-0.0997868 	0.00431965 	
0.345	2.05887 	-0.0877427 	-1.57947 	0.000379228 	-0.0998051 	0.00431658 	
0.35	2.05915 	-0.0878382 	-1.57942 	0.000373106 	-0.0998225 	0.00431369 	
0.355	2.05941 	-0.087926 	-1.57936 	0.000367414 	-0.0998391 	0.00431097 	
0.36	2.05966 	-0.0880069 	-1.57929 	0.000362119 	-0.0998551 	0.00430842 	
0.365	2.05807 	-0.0866073 	-1.58186 	0.000429553 	-0.0998741 	0.00429944 	
0.37	2.05866 	-0.0867538 	-1.58197 	0.000420919 	-0.0999032 	0.00429607 	
0.375	2.05914 	-0.0869039 	-1.58198 	0.000411945 	-0.0999292 	0.00429226 	
0.38	2.05949 	-0.0870331 	-1.58191 	0.00040401 	-0.0999505 	0.00428863 	
0.385	2.05982 	-0.0871522 	-1.58183 	0.000396636 	-0.0999707 	0.00428522 	
0.39	2.06014 	-0.0872619 	-1.58175 	0.000389783 	-0.09999 	0.00428201 	
0.395	2.06043 	-0.087363 	-1.58166 	0.000383411 	-0.100008 	0.004279 	
0.4	2.05892 	-0.086022 	-1.58415 	0.000448307 	-0.10003 	0.00427022 	
0.405	2.05954 	-0.086184 	-1.58423 	0.000438822 	-0.100061 	0.00426647 	
0.41	2.06006 	-0.0863483 	-1.58422 	0.00042907 	-0.100089 	0.0042623 	
0.415	2.06044 	-0.0864907 	-1.58413 	0.000420404 	-0.100112 	0.00425833 	
0.42	2.06081 	-0.0866221 	-1.58403 	0.000412352 	-0.100134 	0.0042546 	
0.425	2.06115 	-0.0867431 	-1.58393 	0.000404868 	-0.100155 	0.0042511 	
0.43	2.06043 	-0.0863177 	-1.58711 	0.000525523 	-0.100257 	0.00415491 	
0.435	2.06105 	-0.0864911 	-1.58716 	0.000515365 	-0.100289 	0.00415079 	
0.44	2.06158 	-0.0866652 	-1.58713 	0.000505033 	-0.100318 	0.00414631 	
0.445	2.062 	-0.0868175 	-1.58702 	0.000495795 	-0.100343 	0.00414206 	
0.45	2.06239 	-0.086958 	-1.58692 	0.000487211 	-0.100366 	0.00413806 	
0.455	2.06276 	-0.0870874 	-1.5868 	0.000479235 	-0.100389 	0.00413432 	
0.46	2.06135 	-0.0858164 	-1.58921 	0.000541186 	-0.100413 	0.00412576 	
0.465	2.06202 	-0.0860012 	-1.58927 	0.000530375 	-0.100447 	0.00412137 	
0.47	2.06259 	-0.0861863 	-1.58923 	0.000519398 	-0.100478 	0.00411659 	
0.475	2.06303 	-0.0863481 	-1.58912 	0.00050959 	-0.100505 	0.00411204 	
0.48	2.06345 	-0.0864973 	-1.589 	0.000500478 	-0.100529 	0.00410777 	
0.485	2.06384 	-0.0866348 	-1.58887 	0.000492011 	-0.100553 	0.00410376 	
0.49	2.06235 	-0.0852954 	-1.59143 	0.000557729 	-0.100579 	0.00409515 	
0.495	2.06307 	-0.0854924 	-1.59149 	0.000546217 	-0.100616 	0.00409047 	
0.5	2.06367 	-0.0856892 	-1.59145 	0.000534542 	-0.100649 	0.00408535 	
0.505	2.06414 	-0.0858611 	-1.59132 	0.000524122 	-0.100676 	0.00408047 	
0.51	2.06458 	-0.0860195 	-1.59119 	0.000514442 	-0.100703 	0.00407589 	
0.515	2.06332 	-0.0848619 	-1.59345 	0.000571276 	-0.100731 	0.0040677 	
0.52	2.06403 	-0.0850674 	-1.59348 	0.000559189 	-0.100768 	0.00406262 	
0.525	2.06464 	-0.0852712 	-1.59342 	0.000547056 	-0.100801 	0.00405721 	
0.53	2.06513 	-0.0854509 	-1.59328 	0.000536153 	-0.10083 	0.00405206 	
0.535	2.06559 	-0.0856165 	-1.59314 	0.000526027 	-0.100857 	0.00404724 	
0.54	2.06431 	-0.0844371 	-1.59546 	0.000584255 	-0.100887 	0.00403914 	
0.545	2.06505 	-0.0846509 	-1.59549 	0.000571658 	-0.100925 	0.00403381 	
0.55	2.06568 	-0.0848627 	-1.59542 	0.000559028 	-0.10096 	0.00402813 	
0.555	2.06619 	-0.0850494 	-1.59528 	0.00054768 	-0.10099 	0.00402273 	
0.56	2.06667 	-0.0852214 	-1.59513 	0.000537141 	-0.101018 	0.00401767 	
0.565	2.06533 	-0.0840025 	-1.59754 	0.00059771 	-0.101049 	0.00400965 	
0.57	2.06611 	-0.0842252 	-1.59758 	0.000584574 	-0.101089 	0.00400407 	
0.575	2.06677 	-0.0844456 	-1.59751 	0.000571411 	-0.101125 	0.00399811 	
0.58	2.0673 	-0.0846396 	-1.59736 	0.000559592 	-0.101157 	0.00399244 	
0.585	2.06779 	-0.0848184 	-1.59721 	0.000548616 	-0.101186 	0.00398712 	
0.59	2.0664 	-0.0835605 	-1.59971 	0.000611543 	-0.101218 	0.00397924 	
0.595	2.06722 	-0.0837924 	-1.59974 	0.000597843 	-0.10126 	0.00397339 	
0.6	2.06791 	-0.0840218 	-1.59967 	0.000584122 	-0.101297 	0.00396713 	
0.605	2.06845 	-0.0842235 	-1.59952 	0.000571809 	-0.10133 	0.00396116 	
0.61	2.06897 	-0.0844095 	-1.59936 	0.000560377 	-0.10136 	0.00395558 	
0.615	2.06753 	-0.0831148 	-1.60195 	0.000625594 	-0.101393 	0.00394788 	
0.62	2.06838 	-0.0833562 	-1.60199 	0.000611312 	-0.101437 	0.00394175 	
0.625	2.06909 	-0.0835947 	-1.60192 	0.00059702 	-0.101476 	0.00393517 	
0.63	2.06966 	-0.0838043 	-1.60175 	0.000584201 	-0.101509 	0.00392891 	
0.635	2.07019 	-0.0839975 	-1.60159 	0.0005723 	-0.101541 	0.00392304 	
0.64	2.0687 	-0.0826684 	-1.60427 	0.000639734 	-0.101575 	0.00391556 	
0.645	2.06958 	-0.0829194 	-1.60431 	0.000624863 	-0.10162 	0.00390915 	
0.65	2.07033 	-0.0831671 	-1.60424 	0.00060999 	-0.101661 	0.00390225 	
0.655	2.07091 	-0.0833847 	-1.60407 	0.000596658 	-0.101696 	0.00389567 	
0.66	2.06977 	-0.0823208 	-1.60629 	0.000650552 	-0.101731 	0.0038883 	
0.665	2.07061 	-0.0825778 	-1.60628 	0.000635215 	-0.101776 	0.00388142 	
0.67	2.07134 	-0.0828294 	-1.60618 	0.000620035 	-0.101816 	0.00387424 	
0.675	2.07194 	-0.0830529 	-1.60601 	0.000606323 	-0.101851 	0.00386743 	
0.68	2.0708 	-0.0819972 	-1.60824 	0.00066009 	-0.101888 	0.00386025 	
0.685	2.07166 	-0.0822595 	-1.60822 	0.000644401 	-0.101933 	0.00385316 	
0.69	2.0724 	-0.0825161 	-1.60812 	0.000628889 	-0.101974 	0.00384577 	
0.695	2.07302 	-0.0827441 	-1.60794 	0.000614872 	-0.102011 	0.00383876 	
0.7	2.07186 	-0.0816727 	-1.61022 	0.000669802 	-0.102048 	0.00383181 	
0.705	2.07274 	-0.0819406 	-1.61021 	0.000653747 	-0.102094 	0.00382451 	
0.71	2.0735 	-0.0822027 	-1.6101 	0.000637875 	-0.102136 	0.0038169 	
0.715	2.07412 	-0.0824354 	-1.60992 	0.000623537 	-0.102173 	0.00380968 	
0.72	2.07294 	-0.0813473 	-1.61225 	0.000679706 	-0.102211 	0.00380298 	
0.725	2.07384 	-0.0816212 	-1.61224 	0.000663265 	-0.102258 	0.00379547 	
0.73	2.07461 	-0.081889 	-1.61213 	0.000647013 	-0.102302 	0.00378763 	
0.735	2.07512 	-0.0819601 	-1.61176 	0.000619409 	-0.102322 	0.00379897 	
0.74	2.07391 	-0.0808567 	-1.61413 	0.000676788 	-0.102361 	0.00379255 	
0.745	2.07483 	-0.0811367 	-1.61413 	0.000659947 	-0.10241 	0.00378482 	
0.75	2.07563 	-0.0814105 	-1.61402 	0.000643302 	-0.102454 	0.00377674 	
0.755	2.07628 	-0.0816534 	-1.61383 	0.000628276 	-0.102492 	0.00376905 	
0.76	2.07504 	-0.0805359 	-1.61625 	0.000686806 	-0.102531 	0.00376292 	
0.765	2.07598 	-0.0808222 	-1.61624 	0.000669556 	-0.102581 	0.00375496 	
0.77	2.07679 	-0.0811021 	-1.61613 	0.00065251 	-0.102626 	0.00374662 	
0.775	2.07746 	-0.0813503 	-1.61594 	0.000637125 	-0.102665 	0.0037387 	
0.78	2.0762 	-0.0802201 	-1.61841 	0.00069676 	-0.102705 	0.00373288 	
0.785	2.07716 	-0.0805128 	-1.6184 	0.000679095 	-0.102755 	0.00372468 	
0.79	2.07798 	-0.0807987 	-1.61829 	0.000661643 	-0.102801 	0.00371609 	
0.795	2.07866 	-0.0810523 	-1.61809 	0.000645897 	-0.102841 	0.00370791 	
0.8	2.07737 	-0.0799106 	-1.6206 	0.000706592 	-0.102882 	0.00370243 	
0.805	2.07835 	-0.0802096 	-1.6206 	0.000688511 	-0.102933 	0.00369399 	
0.81	2.07919 	-0.0805017 	-1.62049 	0.000670652 	-0.10298 	0.00368514 	
0.815	2.07988 	-0.0807606 	-1.62028 	0.000654541 	-0.10302 	0.00367671 	
0.82	2.07857 	-0.0796088 	-1.62284 	0.000716254 	-0.103062 	0.00367159 	
0.825	2.07957 	-0.0799141 	-1.62284 	0.000697758 	-0.103114 	0.00366291 	
0.83	2.08043 	-0.0802122 	-1.62272 	0.000679492 	-0.103162 	0.0036538 	
0.835	2.08113 	-0.0804765 	-1.62251 	0.000663018 	-0.103202 	0.00364512 	
0.84	2.0798 	-0.0793156 	-1.62511 	0.000725708 	-0.103245 	0.00364038 	
0.845	2.08082 	-0.0796272 	-1.62511 	0.000706797 	-0.103298 	0.00363146 	
0.85	2.08169 	-0.0799313 	-1.62499 	0.000688128 	-0.103346 	0.00362208 	
0.855	2.08239 	-0.0802008 	-1.62478 	0.000671292 	-0.103388 	0.00361315 	
0.86	2.08104 	-0.0790322 	-1.62742 	0.000734917 	-0.103431 	0.00360882 	
0.865	2.08208 	-0.0793499 	-1.62742 	0.000715596 	-0.103485 	0.00359965 	
0.87	2.08296 	-0.07966 	-1.6273 	0.000696526 	-0.103534 	0.00359001 	
0.875	2.08368 	-0.0799347 	-1.62708 	0.000679332 	-0.103576 	0.00358082 	
0.88	2.08231 	-0.0787594 	-1.62975 	0.000743852 	-0.10362 	0.00357693 	
0.885	2.08336 	-0.0790831 	-1.62976 	0.000724126 	-0.103675 	0.00356752 	
0.89	2.08426 	-0.079399 	-1.62964 	0.000704659 	-0.103724 	0.0035576 	
0.895	2.08499 	-0.0796788 	-1.62941 	0.00068711 	-0.103767 	0.00354816 	
0.9	2.08359 	-0.0784981 	-1.63212 	0.000752485 	-0.103811 	0.00354473 	
0.905	2.08466 	-0.0788277 	-1.63213 	0.000732359 	-0.103867 	0.00353507 	
0.91	2.08558 	-0.0791493 	-1.632 	0.000712502 	-0.103917 	0.0035249 	
0.915	2.08631 	-0.0794341 	-1.63178 	0.000694603 	-0.103961 	0.00351519 	
0.92	2.0849 	-0.0782491 	-1.63452 	0.000760791 	-0.104005 	0.00351226 	
0.925	2.08598 	-0.0785844 	-1.63453 	0.000740272 	-0.104062 	0.00350235 	
0.93	2.08691 	-0.0789115 	-1.6344 	0.00072003 	-0.104113 	0.00349191 	
0.935	2.08765 	-0.0792012 	-1.63417 	0.000701788 	-0.104157 	0.00348195 	
0.94	2.08622 	-0.078013 	-1.63695 	0.000768747 	-0.104202 	0.00347953 	
0.945	2.08732 	-0.078354 	-1.63696 	0.000747842 	-0.104259 	0.00346938 	
0.95	2.08826 	-0.0786865 	-1.63683 	0.000727223 	-0.104311 	0.00345867 	
0.955	2.08901 	-0.0789809 	-1.63659 	0.000708642 	-0.104355 	0.00344846 	
0.96	2.08756 	-0.0777907 	-1.6394 	0.000776332 	-0.104401 	0.00344657 	
0.965	2.08867 	-0.0781371 	-1.63941 	0.000755049 	-0.104459 	0.00343618 	
0.97	2.08962 	-0.0784748 	-1.63928 	0.000734059 	-0.104511 	0.00342521 	
0.975	2.08868 	-0.0776376 	-1.64142 	0.000781658 	-0.104558 	0.00342119 	
0.98	2.08971 	-0.0779872 	-1.64135 	0.000760027 	-0.104614 	0.00341015 	
0.985	2.09062 	-0.0783249 	-1.64118 	0.000738937 	-0.104664 	0.00339891 	
0.99	2.0912 	-0.0783844 	-1.64067 	0.000701063 	-0.104685 	0.00341616 	
0.995	2.08977 	-0.0772261 	-1.64346 	0.000768018 	-0.104732 	0.00341509 	
1	2.0909 	-0.0775792 	-1.64346 	0.000746227 	-0.104791 	0.00340432 	
1.005	2.09186 	-0.0779232 	-1.64333 	0.000724758 	-0.104843 	0.00339297 	
1.01	2.0909 	-0.0770901 	-1.6455 	0.000773002 	-0.104891 	0.00338968 	
1.015	2.09195 	-0.0774464 	-1.64542 	0.000750864 	-0.104947 	0.00337828 	
1.02	2.09287 	-0.0777906 	-1.64526 	0.000729279 	-0.104999 	0.00336665 	
1.025	2.09366 	-0.0780987 	-1.64502 	0.000709681 	-0.105044 	0.00335566 	
1.03	2.0922 	-0.0769416 	-1.64785 	0.000777725 	-0.105092 	0.00335565 	
1.035	2.09334 	-0.0773016 	-1.64786 	0.000755417 	-0.105151 	0.00334454 	
1.04	2.09432 	-0.0776523 	-1.64772 	0.000733438 	-0.105205 	0.0033328 	
1.045	2.09334 	-0.076823 	-1.64992 	0.00078237 	-0.105253 	0.00333028 	
1.05	2.09441 	-0.0771863 	-1.64985 	0.000759706 	-0.10531 	0.00331849 	
1.055	2.09534 	-0.0775373 	-1.64969 	0.000737609 	-0.105362 	0.00330647 	
1.06	2.09441 	-0.0767413 	-1.65183 	0.000784916 	-0.105411 	0.00330401 	
1.065	2.09547 	-0.0771062 	-1.65176 	0.0007621 	-0.105468 	0.00329207 	
1.07	2.09641 	-0.0774584 	-1.65159 	0.000739878 	-0.10552 	0.00327992 	
1.075	2.09548 	-0.0766673 	-1.65374 	0.000787293 	-0.105569 	0.00327781 	
1.08	2.09654 	-0.0770338 	-1.65366 	0.000764334 	-0.105626 	0.00326575 	
1.085	2.09749 	-0.0773876 	-1.65349 	0.000741971 	-0.105679 	0.00325347 	
1.09	2.09655 	-0.076599 	-1.65566 	0.000789636 	-0.105728 	0.00325173 	
1.095	2.09762 	-0.0769673 	-1.65558 	0.000766522 	-0.105785 	0.00323955 	
1.1	2.09857 	-0.0773228 	-1.65541 	0.000744008 	-0.105838 	0.00322714 	
1.105	2.09762 	-0.0765372 	-1.65759 	0.000791906 	-0.105887 	0.00322578 	
1.11	2.0987 	-0.0769074 	-1.65751 	0.000768629 	-0.105945 	0.00321347 	
1.115	2.09965 	-0.0772648 	-1.65734 	0.000745954 	-0.105997 	0.00320092 	
1.12	2.0987 	-0.0764827 	-1.65953 	0.000794057 	-0.106047 	0.00319992 	
1.125	2.09977 	-0.0768549 	-1.65945 	0.000770611 	-0.106104 	0.00318748 	
1.13	2.10073 	-0.0772142 	-1.65928 	0.00074777 	-0.106157 	0.00317479 	
1.135	2.09977 	-0.0764362 	-1.66148 	0.00079605 	-0.106207 	0.00317416 	
1.14	2.10086 	-0.0768105 	-1.6614 	0.000772431 	-0.106265 	0.00316158 	
1.145	2.10182 	-0.0771718 	-1.66123 	0.000749421 	-0.106318 	0.00314875 	
1.15	2.10085 	-0.0763983 	-1.66343 	0.000797851 	-0.106367 	0.00314849 	
1.155	2.10194 	-0.0767747 	-1.66336 	0.000774058 	-0.106425 	0.00313577 	
1.16	2.1029 	-0.077138 	-1.66319 	0.000750878 	-0.106479 	0.0031228 	
1.165	2.10194 	-0.0763696 	-1.66539 	0.000799436 	-0.106528 	0.0031229 	
1.17	2.10303 	-0.076748 	-1.66532 	0.000775468 	-0.106586 	0.00311004 	
1.175	2.10399 	-0.0771133 	-1.66515 	0.000752119 	-0.10664 	0.00309693 	
1.18	2.10302 	-0.0763503 	-1.66736 	0.00080078 	-0.106689 	0.0030974 	
1.185	2.10411 	-0.0767308 	-1.66729 	0.000776641 	-0.106748 	0.0030844 	
1.19	2.10506 	-0.0770675 	-1.66708 	0.000750791 	-0.106798 	0.00307469 	
1.195	2.10408 	-0.0763104 	-1.66929 	0.000799536 	-0.106848 	0.00307554 	
1.2	2.10518 	-0.0766928 	-1.66922 	0.000775227 	-0.106906 	0.0030624 	
1.205	2.10614 	-0.077062 	-1.66905 	0.000751547 	-0.10696 	0.003049 	
1.21	2.10517 	-0.076311 	-1.67127 	0.000800352 	-0.10701 	0.00305022 	
1.215	2.10626 	-0.0766954 	-1.67119 	0.000775878 	-0.107068 	0.00303694 	
1.22	2.10723 	-0.0770664 	-1.67102 	0.000752037 	-0.107122 	0.0030234 	
1.225	2.10625 	-0.076322 	-1.67324 	0.000800882 	-0.107171 	0.00302499 	
1.23	2.10735 	-0.0767082 	-1.67317 	0.000776249 	-0.10723 	0.00301158 	
1.235	2.10832 	-0.0770809 	-1.67299 	0.000752252 	-0.107284 	0.0029979 	
1.24	2.10734 	-0.0763435 	-1.67522 	0.000801117 	-0.107333 	0.00299986 	
1.245	2.10844 	-0.0767314 	-1.67514 	0.000776329 	-0.107392 	0.00298632 	
1.25	2.10941 	-0.0771058 	-1.67497 	0.000752182 	-0.107446 	0.00297251 	
1.255	2.10843 	-0.0763756 	-1.67719 	0.000801047 	-0.107495 	0.00297485 	
1.26	2.10953 	-0.0767652 	-1.67712 	0.00077611 	-0.107554 	0.00296118 	
1.265	2.1105 	-0.0771411 	-1.67694 	0.000751819 	-0.107608 	0.00294724 	
1.27	2.10951 	-0.0764185 	-1.67917 	0.000800664 	-0.107657 	0.00294994 	
1.275	2.11061 	-0.0768095 	-1.67909 	0.000775585 	-0.107716 	0.00293615 	
1.28	2.11158 	-0.0771869 	-1.67892 	0.000751156 	-0.10777 	0.00292208 	
1.285	2.11059 	-0.0764722 	-1.68114 	0.000799964 	-0.107819 	0.00292516 	
1.29	2.11169 	-0.0768646 	-1.68107 	0.000774748 	-0.107878 	0.00291125 	
1.295	2.11267 	-0.0772433 	-1.68089 	0.000750188 	-0.107931 	0.00289706 	
1.3	2.11168 	-0.0765368 	-1.68311 	0.000798939 	-0.107981 	0.00290051 	
1.305	2.11278 	-0.0769305 	-1.68304 	0.000773596 	-0.10804 	0.00288649 	
1.31	2.11375 	-0.0773104 	-1.68286 	0.000748912 	-0.108093 	0.00287218 	
1.315	2.11276 	-0.0766122 	-1.68508 	0.000797587 	-0.108143 	0.002876 	
1.32	2.11385 	-0.0770071 	-1.685 	0.000772123 	-0.108201 	0.00286186 	
1.325	2.11482 	-0.0773881 	-1.68483 	0.000747322 	-0.108254 	0.00284744 	
1.33	2.11383 	-0.0766986 	-1.68705 	0.000795903 	-0.108304 	0.00285163 	
1.335	2.11493 	-0.0770945 	-1.68697 	0.000770327 	-0.108362 	0.00283739 	
1.34	2.1159 	-0.0774765 	-1.68679 	0.000745417 	-0.108416 	0.00282286 	
1.345	2.11491 	-0.0767959 	-1.689 	0.000793886 	-0.108465 	0.00282742 	
1.35	2.116 	-0.0771927 	-1.68893 	0.000768205 	-0.108523 	0.00281307 	
1.355	2.11697 	-0.0775755 	-1.68875 	0.000743194 	-0.108576 	0.00279844 	
1.36	2.11598 	-0.0769041 	-1.69096 	0.000791533 	-0.108626 	0.00280336 	
1.365	2.11707 	-0.0773016 	-1.69088 	0.000765756 	-0.108684 	0.00278892 	
1.37	2.11804 	-0.0776852 	-1.6907 	0.000740652 	-0.108737 	0.00277419 	
1.375	2.11705 	-0.077023 	-1.69291 	0.000788842 	-0.108786 	0.00277948 	
1.38	2.11814 	-0.0774212 	-1.69283 	0.000762978 	-0.108844 	0.00276494 	
1.385	2.1191 	-0.0778054 	-1.69265 	0.000737789 	-0.108897 	0.00275012 	
1.39	2.11811 	-0.0771528 	-1.69485 	0.000785813 	-0.108946 	0.00275577 	
1.395	2.1192 	-0.0775515 	-1.69477 	0.00075987 	-0.109003 	0.00274114 	
1.4	2.12016 	-0.0779361 	-1.69459 	0.000734606 	-0.109056 	0.00272624 	
1.405	2.11917 	-0.0772932 	-1.69678 	0.000782445 	-0.109105 	0.00273224 	
1.41	2.12025 	-0.0776922 	-1.6967 	0.000756432 	-0.109162 	0.00271753 	
1.415	2.12121 	-0.0780772 	-1.69652 	0.000731101 	-0.109215 	0.00270255 	
1.42	2.12052 	-0.0778376 	-1.69917 	0.000808525 	-0.109303 	0.00266244 	
1.425	2.1216 	-0.0782369 	-1.69909 	0.000782452 	-0.10936 	0.00264766 	
1.43	2.12255 	-0.078622 	-1.69891 	0.000757062 	-0.109412 	0.0026326 	
1.435	2.12157 	-0.077999 	-1.70108 	0.000804452 	-0.109461 	0.00263927 	
1.44	2.12264 	-0.0783983 	-1.701 	0.000778328 	-0.109518 	0.00262442 	
1.445	2.12359 	-0.0787835 	-1.70082 	0.000752889 	-0.10957 	0.0026093 	
1.45	2.12261 	-0.0781708 	-1.70298 	0.000800041 	-0.109618 	0.00261631 	
1.455	2.12368 	-0.07857 	-1.7029 	0.000773876 	-0.109675 	0.00260139 	
1.46	2.12463 	-0.0789551 	-1.70272 	0.000748398 	-0.109726 	0.00258621 	
1.465	2.12365 	-0.0783528 	-1.70488 	0.000795295 	-0.109774 	0.00259355 	
1.47	2.12471 	-0.0787517 	-1.70479 	0.000769098 	-0.109831 	0.00257858 	
1.475	2.12565 	-0.0791366 	-1.70462 	0.00074359 	-0.109882 	0.00256334 	
1.48	2.12468 	-0.0785448 	-1.70676 	0.000790215 	-0.10993 	0.00257101 	
1.485	2.12574 	-0.0789434 	-1.70667 	0.000763996 	-0.109986 	0.00255599 	
1.49	2.12667 	-0.0793278 	-1.7065 	0.000738467 	-0.110037 	0.0025407 	
1.495	2.12571 	-0.0787467 	-1.70863 	0.000784803 	-0.110085 	0.00254869 	
1.5	2.12676 	-0.0791447 	-1.70854 	0.000758573 	-0.11014 	0.00253362 	
1.505	2.12769 	-0.0795287 	-1.70836 	0.000733033 	-0.110191 	0.00251829 	
1.51	2.12673 	-0.0789583 	-1.71048 	0.000779062 	-0.110238 	0.00252659 	
1.515	2.12777 	-0.0793557 	-1.7104 	0.00075283 	-0.110294 	0.00251149 	
1.52	2.12869 	-0.079739 	-1.71022 	0.000727289 	-0.110344 	0.00249612 	
1.525	2.12948 	-0.0800818 	-1.70996 	0.000704117 	-0.110389 	0.00248165 	
1.53	2.12797 	-0.0792264 	-1.71278 	0.000772113 	-0.110435 	0.0024983 	
1.535	2.1291 	-0.079624 	-1.71278 	0.000745979 	-0.110493 	0.00248384 	
1.54	2.13006 	-0.0800112 	-1.71263 	0.000720209 	-0.110545 	0.00246854 	
1.545	2.12905 	-0.0794398 	-1.71479 	0.000767505 	-0.110591 	0.00247819 	
1.55	2.13008 	-0.0798384 	-1.71471 	0.000741103 	-0.110646 	0.00246293 	
1.555	2.131 	-0.0802232 	-1.71453 	0.000715373 	-0.110696 	0.00244738 	
1.56	2.13178 	-0.0805672 	-1.71427 	0.000692042 	-0.11074 	0.00243272 	
1.565	2.13028 	-0.079746 	-1.71704 	0.000758985 	-0.110785 	0.00245019 	
1.57	2.13139 	-0.0801436 	-1.71704 	0.000732743 	-0.110843 	0.00243556 	
1.575	2.13234 	-0.0805308 	-1.71689 	0.000706873 	-0.110894 	0.0024201 	
1.58	2.13134 	-0.0799883 	-1.719 	0.000753137 	-0.11094 	0.00243031 	
1.585	2.13236 	-0.0803862 	-1.71892 	0.000726683 	-0.110993 	0.00241492 	
1.59	2.13326 	-0.0807702 	-1.71874 	0.000700909 	-0.111043 	0.00239925 	
1.595	2.13403 	-0.0811135 	-1.71848 	0.000677534 	-0.111086 	0.0023845 	
1.6	2.13256 	-0.0803289 	-1.7212 	0.000743136 	-0.11113 	0.00240268 	
1.605	2.13364 	-0.0807247 	-1.72119 	0.000716918 	-0.111186 	0.00238796 	
1.61	2.13457 	-0.08111 	-1.72105 	0.000691076 	-0.111237 	0.00237244 	
1.615	2.13533 	-0.0814512 	-1.72079 	0.000667787 	-0.111279 	0.00235769 	
1.62	2.13382 	-0.0806635 	-1.72354 	0.000734496 	-0.111323 	0.00237697 	
1.625	2.1349 	-0.0810591 	-1.72353 	0.000708249 	-0.111379 	0.00236223 	
1.63	2.13582 	-0.0814444 	-1.72339 	0.000682356 	-0.111429 	0.00234665 	
1.635	2.13657 	-0.0817855 	-1.72313 	0.000659031 	-0.111471 	0.00233184 	
1.64	2.13508 	-0.081018 	-1.72585 	0.000724993 	-0.111514 	0.00235149 	
1.645	2.13614 	-0.0814127 	-1.72584 	0.000698749 	-0.111569 	0.00233669 	
1.65	2.13705 	-0.0817972 	-1.72569 	0.000672861 	-0.111618 	0.00232106 	
1.655	2.13779 	-0.0821376 	-1.72544 	0.000649537 	-0.11166 	0.00230622 	
1.66	2.13632 	-0.0813923 	-1.72812 	0.000714555 	-0.111703 	0.00232616 	
1.665	2.13737 	-0.0817854 	-1.72811 	0.000688362 	-0.111757 	0.00231133 	
1.67	2.13787 	-0.0816424 	-1.72733 	0.00062316 	-0.111753 	0.00235848 	
1.675	2.13861 	-0.0819814 	-1.72708 	0.000599882 	-0.111794 	0.00234364 	
1.68	2.13715 	-0.0812584 	-1.72972 	0.000663963 	-0.111837 	0.00236388 	
1.685	2.13818 	-0.0816491 	-1.7297 	0.000637867 	-0.11189 	0.00234905 	
1.69	2.13907 	-0.0820298 	-1.72956 	0.000612133 	-0.111938 	0.00233343 	
1.695	2.1398 	-0.082367 	-1.7293 	0.00058894 	-0.111979 	0.00231862 	
1.7	2.13836 	-0.0816658 	-1.7319 	0.000652012 	-0.11202 	0.0023391 	
1.705	2.13938 	-0.0820537 	-1.73189 	0.000626052 	-0.112073 	0.00232429 	
1.71	2.14025 	-0.0824316 	-1.73174 	0.000600454 	-0.11212 	0.00230872 	
1.715	2.14097 	-0.0827664 	-1.73149 	0.000577379 	-0.11216 	0.00229396 	
1.72	2.13955 	-0.0820869 	-1.73405 	0.000639415 	-0.112201 	0.00231466 	
1.725	2.14055 	-0.0824715 	-1.73403 	0.000613625 	-0.112253 	0.00229989 	
1.73	2.14141 	-0.0828461 	-1.73388 	0.000588195 	-0.1123 	0.00228439 	
1.735	2.14212 	-0.0831781 	-1.73363 	0.000565268 	-0.112339 	0.0022697 	
1.74	2.14073 	-0.0825202 	-1.73615 	0.000626237 	-0.11238 	0.00229058 	
1.745	2.14171 	-0.0829009 	-1.73613 	0.000600647 	-0.112431 	0.00227589 	
1.75	2.14255 	-0.0832719 	-1.73598 	0.000575416 	-0.112476 	0.00226047 	
1.755	2.14325 	-0.0836007 	-1.73574 	0.000552664 	-0.112515 	0.00224589 	
1.76	2.14188 	-0.0829643 	-1.73821 	0.000612532 	-0.112555 	0.00226692 	
1.765	2.14284 	-0.0833408 	-1.73818 	0.000587172 	-0.112605 	0.0022523 	
1.77	2.14368 	-0.0837077 	-1.73804 	0.000562167 	-0.11265 	0.002237 	
1.775	2.14436 	-0.0840331 	-1.7378 	0.000539615 	-0.112688 	0.00222253 	
1.78	2.14302 	-0.0834179 	-1.74022 	0.000598347 	-0.112727 	0.00224367 	
1.785	2.14396 	-0.0837899 	-1.74019 	0.000573243 	-0.112776 	0.00222916 	
1.79	2.14478 	-0.0841524 	-1.74005 	0.000548489 	-0.11282 	0.00221398 	
1.795	2.14545 	-0.0844739 	-1.73981 	0.000526161 	-0.112858 	0.00219964 	
1.8	2.14414 	-0.0838799 	-1.74219 	0.000583722 	-0.112896 	0.00222085 	
1.805	2.14506 	-0.084247 	-1.74216 	0.000558899 	-0.112944 	0.00220646 	
1.81	2.14586 	-0.0846047 	-1.74202 	0.000534422 	-0.112987 	0.00219143 	
1.815	2.14652 	-0.0849221 	-1.74179 	0.00051234 	-0.113024 	0.00217724 	
1.82	2.14523 	-0.0843492 	-1.74411 	0.000568694 	-0.113062 	0.00219848 	
1.825	2.14613 	-0.084711 	-1.74408 	0.000544175 	-0.113109 	0.00218423 	
1.83	2.14692 	-0.0850636 	-1.74394 	0.000519999 	-0.113151 	0.00216936 	
1.835	2.14757 	-0.0853767 	-1.74371 	0.000498184 	-0.113187 	0.00215533 	
1.84	2.14631 	-0.0848247 	-1.74599 	0.000553295 	-0.113224 	0.00217656 	
1.845	2.14719 	-0.0851809 	-1.74595 	0.000529104 	-0.11327 	0.00216246 	
1.85	2.14796 	-0.0855282 	-1.74582 	0.000505251 	-0.113312 	0.00214777 	
1.855	2.1486 	-0.0858366 	-1.74559 	0.000483725 	-0.113347 	0.00213392 	
1.86	2.14737 	-0.0853053 	-1.74782 	0.000537557 	-0.113383 	0.0021551 	
1.865	2.14823 	-0.0856556 	-1.74778 	0.000513717 	-0.113428 	0.00214116 	
1.87	2.14898 	-0.0859973 	-1.74764 	0.00049021 	-0.113468 	0.00212667 	
1.875	2.14961 	-0.0863007 	-1.74743 	0.000468991 	-0.113503 	0.00211301 	
1.88	2.1484 	-0.08579 	-1.7496 	0.00052151 	-0.113539 	0.0021341 	
1.885	2.14924 	-0.0861342 	-1.74956 	0.000498043 	-0.113582 	0.00212034 	
1.89	2.14998 	-0.0864699 	-1.74942 	0.000474903 	-0.113622 	0.00210605 	
1.895	2.15059 	-0.0867682 	-1.74921 	0.000454012 	-0.113656 	0.0020926 	
1.9	2.15117 	-0.0870417 	-1.74899 	0.000434745 	-0.113688 	0.00208011 	
1.905	2.14958 	-0.0863611 	-1.75163 	0.000502931 	-0.113722 	0.00210945 	
1.91	2.15046 	-0.086699 	-1.75165 	0.000479996 	-0.113767 	0.00209648 	
1.915	2.1512 	-0.0870316 	-1.75155 	0.000457101 	-0.113806 	0.00208251 	
1.92	2.1518 	-0.0873244 	-1.75134 	0.000436556 	-0.11384 	0.00206926 	
1.925	2.15236 	-0.0875928 	-1.75112 	0.000417609 	-0.113871 	0.00205695 	
1.93	2.15078 	-0.0869288 	-1.75372 	0.000485088 	-0.113903 	0.00208663 	
1.935	2.15206 	-0.087833 	-1.75443 	0.000504767 	-0.114004 	0.00200499 	
1.94	2.15278 	-0.0881605 	-1.75433 	0.000482184 	-0.114043 	0.0019912 	
1.945	2.15337 	-0.0884489 	-1.75413 	0.000461921 	-0.114075 	0.00197811 	
1.95	2.15391 	-0.0887133 	-1.75392 	0.000443232 	-0.114106 	0.00196595 	
1.955	2.15239 	-0.0880832 	-1.75643 	0.0005083 	-0.114137 	0.00199509 	
1.96	2.15321 	-0.0884089 	-1.75644 	0.000486104 	-0.11418 	0.00198243 	
1.965	2.15391 	-0.0887298 	-1.75634 	0.000463936 	-0.114217 	0.00196884 	
1.97	2.15448 	-0.0890127 	-1.75614 	0.000444034 	-0.114248 	0.00195598 	
1.975	2.15501 	-0.089272 	-1.75594 	0.000425679 	-0.114278 	0.00194404 	
1.98	2.15354 	-0.0886765 	-1.75835 	0.0004882 	-0.114308 	0.00197253 	
1.985	2.15433 	-0.0889942 	-1.75836 	0.000466498 	-0.114349 	0.00196008 	
1.99	2.15501 	-0.0893073 	-1.75826 	0.000444829 	-0.114385 	0.00194677 	
1.995	2.15556 	-0.0895836 	-1.75807 	0.000425364 	-0.114415 	0.00193419 	
2	2.15607 	-0.0898369 	-1.75788 	0.000407412 	-0.114444 	0.00192251 	
2.005	2.15467 	-0.0892752 	-1.76019 	0.000467343 	-0.114474 	0.00195029 	
2.01	2.15542 	-0.0895839 	-1.7602 	0.000446204 	-0.114513 	0.00193809 	
2.015	2.15608 	-0.0898883 	-1.7601 	0.000425102 	-0.114547 	0.0019251 	
2.02	2.15661 	-0.0901571 	-1.75991 	0.000406136 	-0.114577 	0.00191285 	
2.025	2.15711 	-0.0904036 	-1.75973 	0.000388645 	-0.114604 	0.00190147 	
2.03	2.15576 	-0.0898749 	-1.76194 	0.000445945 	-0.114633 	0.00192846 	
2.035	2.15648 	-0.0901739 	-1.76194 	0.000425428 	-0.11467 	0.00191656 	
2.04	2.15711 	-0.0904687 	-1.76184 	0.000404948 	-0.114704 	0.00190394 	
2.045	2.15762 	-0.0907295 	-1.76167 	0.000386532 	-0.114732 	0.00189204 	
2.05	2.1581 	-0.0909685 	-1.76149 	0.000369548 	-0.114758 	0.00188101 	
2.055	2.15856 	-0.0911875 	-1.76131 	0.000353891 	-0.114784 	0.00187076 	
2.06	2.15695 	-0.0905493 	-1.76383 	0.000421942 	-0.11481 	0.00190404 	
2.065	2.15768 	-0.0908377 	-1.76387 	0.000402226 	-0.114848 	0.00189295 	
2.07	2.1583 	-0.0911247 	-1.76379 	0.000382316 	-0.11488 	0.00188081 	
2.075	2.15879 	-0.0913765 	-1.76362 	0.000364505 	-0.114907 	0.0018693 	
2.08	2.15925 	-0.0916074 	-1.76345 	0.000348078 	-0.114933 	0.00185862 	
2.085	2.15968 	-0.091819 	-1.76328 	0.000332934 	-0.114957 	0.0018487 	
2.09	2.15814 	-0.0912162 	-1.76569 	0.000398181 	-0.114982 	0.00188115 	
2.095	2.15883 	-0.091494 	-1.76573 	0.000379148 	-0.115018 	0.00187037 	
2.1	2.15942 	-0.0917708 	-1.76566 	0.00035992 	-0.115049 	0.00185862 	
2.105	2.15989 	-0.0920139 	-1.7655 	0.00034271 	-0.115074 	0.0018475 	
2.11	2.16033 	-0.0922369 	-1.76533 	0.000326836 	-0.115099 	0.00183719 	
2.115	2.16074 	-0.0924413 	-1.76517 	0.000312201 	-0.115122 	0.00182761 	
2.12	2.1593 	-0.0918865 	-1.76743 	0.000373257 	-0.115146 	0.00185841 	
2.125	2.15994 	-0.0921519 	-1.76746 	0.000355019 	-0.115179 	0.00184799 	
2.13	2.1605 	-0.0924166 	-1.76739 	0.000336602 	-0.115208 	0.0018367 	
2.135	2.16095 	-0.0926495 	-1.76724 	0.000320101 	-0.115233 	0.00182605 	
2.14	2.16137 	-0.0928632 	-1.76709 	0.000304881 	-0.115256 	0.00181617 	
2.145	2.16176 	-0.0930591 	-1.76693 	0.000290847 	-0.115277 	0.001807 	
2.15	2.16213 	-0.0932384 	-1.76678 	0.000277912 	-0.115298 	0.00179849 	
2.155	2.16052 	-0.0926194 	-1.76921 	0.000345509 	-0.11532 	0.0018335 	
2.16	2.16116 	-0.0928709 	-1.76926 	0.000328288 	-0.115352 	0.00182389 	
2.165	2.16169 	-0.0931238 	-1.76921 	0.00031071 	-0.11538 	0.00181321 	
2.17	2.16211 	-0.093345 	-1.76907 	0.000295027 	-0.115403 	0.00180309 	
2.175	2.1625 	-0.0935481 	-1.76893 	0.00028056 	-0.115425 	0.00179371 	
2.18	2.16287 	-0.0937342 	-1.76879 	0.000267218 	-0.115445 	0.001785 	
2.185	2.16322 	-0.0939048 	-1.76865 	0.00025492 	-0.115464 	0.00177691 	
2.19	2.16173 	-0.0933415 	-1.7709 	0.000317399 	-0.115485 	0.00180972 	
2.195	2.16231 	-0.0935778 	-1.77094 	0.000301169 	-0.115515 	0.00180056 	
2.2	2.16281 	-0.0938158 	-1.77089 	0.000284604 	-0.11554 	0.00179046 	
2.205	2.1632 	-0.0940246 	-1.77076 	0.000269805 	-0.115562 	0.00178093 	
2.21	2.16356 	-0.0942162 	-1.77063 	0.000256151 	-0.115582 	0.00177209 	
2.215	2.16391 	-0.0943919 	-1.7705 	0.000243559 	-0.115601 	0.00176389 	
2.22	2.16423 	-0.094553 	-1.77037 	0.000231949 	-0.115619 	0.00175628 	
2.225	2.16454 	-0.0947005 	-1.77024 	0.000221248 	-0.115636 	0.00174921 	
2.23	2.16299 	-0.0941139 	-1.77253 	0.000286189 	-0.115654 	0.00178401 	
2.235	2.16353 	-0.0943323 	-1.77259 	0.000271217 	-0.115682 	0.00177569 	
2.24	2.164 	-0.0945542 	-1.77255 	0.000255786 	-0.115706 	0.00176634 	
2.245	2.16435 	-0.0947481 	-1.77244 	0.000242041 	-0.115725 	0.00175751 	
2.25	2.16469 	-0.0949262 	-1.77233 	0.000229358 	-0.115744 	0.00174931 	
2.255	2.16501 	-0.0950897 	-1.77221 	0.000217658 	-0.115761 	0.00174171 	
2.26	2.1653 	-0.0952396 	-1.7721 	0.000206868 	-0.115777 	0.00173465 	
2.265	2.16558 	-0.0953769 	-1.77198 	0.000196921 	-0.115793 	0.00172811 	
2.27	2.16584 	-0.0955027 	-1.77186 	0.000187753 	-0.115807 	0.00172204 	
2.275	2.1643 	-0.0949196 	-1.77411 	0.000252408 	-0.115823 	0.00175729 	
2.28	2.16479 	-0.0951176 	-1.77417 	0.000238859 	-0.115848 	0.00174984 	
2.285	2.16521 	-0.0953205 	-1.77415 	0.000224765 	-0.11587 	0.00174134 	
2.29	2.1652 	-0.0950434 	-1.7735 	0.000179002 	-0.115842 	0.00178824 	
2.295	2.16551 	-0.095206 	-1.77341 	0.00016744 	-0.115859 	0.00178079 	
2.3	2.16579 	-0.0953554 	-1.77331 	0.00015677 	-0.115874 	0.00177389 	
2.305	2.16605 	-0.0954925 	-1.77321 	0.000146926 	-0.115889 	0.00176748 	
2.31	2.1663 	-0.0956182 	-1.77311 	0.000137847 	-0.115902 	0.00176154 	
2.315	2.16654 	-0.0957335 	-1.77301 	0.000129475 	-0.115915 	0.00175602 	
2.32	2.16676 	-0.0958391 	-1.77291 	0.000121759 	-0.115928 	0.00175091 	
2.325	2.16696 	-0.0959358 	-1.77282 	0.000114649 	-0.115939 	0.00174616 	
2.33	2.16539 	-0.0953391 	-1.77505 	0.000180563 	-0.115952 	0.00178277 	
2.335	2.16583 	-0.0955118 	-1.77513 	0.000168797 	-0.115974 	0.00177644 	
2.34	2.16619 	-0.0956916 	-1.77513 	0.000156352 	-0.115993 	0.00176901 	
2.345	2.16647 	-0.0958477 	-1.77505 	0.000145339 	-0.116008 	0.00176199 	
2.35	2.16673 	-0.0959912 	-1.77498 	0.000135168 	-0.116022 	0.00175548 	
2.355	2.16698 	-0.0961233 	-1.7749 	0.000125777 	-0.116036 	0.00174943 	
2.36	2.1672 	-0.0962446 	-1.77482 	0.000117107 	-0.116048 	0.00174383 	
2.365	2.16742 	-0.0963562 	-1.77474 	0.000109105 	-0.11606 	0.00173864 	
2.37	2.16762 	-0.0964586 	-1.77467 	0.00010172 	-0.116071 	0.00173382 	
2.375	2.1678 	-0.0965526 	-1.77459 	9.49075e-05 	-0.116081 	0.00172934 	
2.38	2.16798 	-0.0966389 	-1.77452 	8.86231e-05 	-0.116091 	0.0017252 	
2.385	2.16815 	-0.096718 	-1.77444 	8.28276e-05 	-0.1161 	0.00172135 	
2.39	2.1683 	-0.0967905 	-1.77437 	7.74841e-05 	-0.116108 	0.00171778 	
2.395	2.16844 	-0.0968569 	-1.77429 	7.25585e-05 	-0.116117 	0.00171447 	
2.4	2.16858 	-0.0969177 	-1.77422 	6.8019e-05 	-0.116124 	0.0017114 	
2.405	2.16871 	-0.0969734 	-1.77415 	6.38365e-05 	-0.116131 	0.00170855 	
2.41	2.16708 	-0.0963531 	-1.77639 	0.000131653 	-0.11614 	0.00174695 	
2.415	2.16744 	-0.0964904 	-1.77649 	0.000122418 	-0.116158 	0.00174224 	
2.42	2.16774 	-0.0966378 	-1.77651 	0.000112311 	-0.116173 	0.00173634 	
2.425	2.16795 	-0.0967646 	-1.77647 	0.000103443 	-0.116185 	0.00173075 	
2.43	2.16815 	-0.0968816 	-1.77642 	9.52415e-05 	-0.116196 	0.00172557 	
2.435	2.16834 	-0.0969896 	-1.77638 	8.76592e-05 	-0.116206 	0.00172077 	
2.44	2.16852 	-0.0970891 	-1.77633 	8.06483e-05 	-0.116215 	0.00171631 	
2.445	2.16868 	-0.0971809 	-1.77629 	7.4166e-05 	-0.116224 	0.00171218 	
2.45	2.16883 	-0.0972656 	-1.77625 	6.81732e-05 	-0.116232 	0.00170835 	
2.455	2.16897 	-0.0973436 	-1.77621 	6.26328e-05 	-0.11624 	0.0017048 	
2.46	2.1691 	-0.0974156 	-1.77617 	5.75107e-05 	-0.116247 	0.00170151 	
2.465	2.16923 	-0.097482 	-1.77613 	5.2775e-05 	-0.116253 	0.00169845 	
2.47	2.16934 	-0.0975432 	-1.77609 	4.83965e-05 	-0.11626 	0.00169562 	
2.475	2.16945 	-0.0975996 	-1.77605 	4.43478e-05 	-0.116265 	0.001693 	
2.48	2.16955 	-0.0976517 	-1.77601 	4.06038e-05 	-0.116271 	0.00169057 	
2.485	2.16964 	-0.0976998 	-1.77598 	3.7141e-05 	-0.116276 	0.00168831 	
2.49	2.16973 	-0.0977441 	-1.77595 	3.39377e-05 	-0.116281 	0.00168622 	
2.495	2.16981 	-0.0977851 	-1.77591 	3.09737e-05 	-0.116285 	0.00168428 	
2.5	2.16988 	-0.097823 	-1.77588 	2.82306e-05 	-0.116289 	0.00168248 	
2.505	2.16995 	-0.097858 	-1.77586 	2.56906e-05 	-0.116293 	0.00168082 	
2.51	2.17002 	-0.0978904 	-1.77583 	2.33372e-05 	-0.116297 	0.00167927 	
2.515	2.17008 	-0.0979205 	-1.77581 	2.11574e-05 	-0.1163 	0.00167784 	
2.52	2.17013 	-0.0979483 	-1.77578 	1.91375e-05 	-0.116303 	0.00167652 	
2.525	2.17018 	-0.0979742 	-1.77576 	1.72565e-05 	-0.116306 	0.00167528 	
2.53	2.17023 	-0.0979989 	-1.77574 	1.5475e-05 	-0.116309 	0.00167412 	
2.535	2.17028 	-0.0980226 	-1.77573 	1.37787e-05 	-0.116311 	0.00167303 	
2.54	2.17032 	-0.0980453 	-1.77571 	1.21587e-05 	-0.116313 	0.00167199 	
2.545	2.17036 	-0.0980673 	-1.77569 	1.05977e-05 	-0.116316 	0.001671 	
2.55	2.1704 	-0.0980889 	-1.77568 	9.08037e-06 	-0.116318 	0.00167005 	
2.555	2.17044 	-0.0981103 	-1.77567 	7.59288e-06 	-0.11632 	0.00166913 	
2.56	2.17048 	-0.0981317 	-1.77566 	6.12227e-06 	-0.116322 	0.00166823 	
2.565	2.17052 	-0.0981532 	-1.77565 	4.65655e-06 	-0.116324 	0.00166736 	
2.57	2.16993 	-0.0955049 	-1.77659 	0.000142793 	-0.116327 	0.00166076 	
2.575	2.16972 	-0.0952334 	-1.77608 	9.85498e-05 	-0.116291 	0.00171103 	
2.58	2.16983 	-0.0954518 	-1.7761 	8.54428e-05 	-0.116298 	0.00170527 	
2.585	2.1699 	-0.0956429 	-1.7761 	7.40516e-05 	-0.116303 	0.0017001 	
2.59	2.16997 	-0.0958221 	-1.7761 	6.33738e-05 	-0.116308 	0.00169526 	
2.595	2.17004 	-0.095991 	-1.7761 	5.33053e-05 	-0.116312 	0.00169069 	
2.6	2.17038 	-0.0929727 	-1.77594 	0.000186918 	-0.116318 	0.0016527 	
2.605	2.17045 	-0.0932856 	-1.77595 	0.000168678 	-0.116325 	0.00164514 	
2.61	2.1705 	-0.0936281 	-1.77595 	0.000148826 	-0.11633 	0.001637 	
2.615	2.17054 	-0.0939366 	-1.77594 	0.000130976 	-0.116335 	0.00162962 	
2.62	2.17058 	-0.0942263 	-1.77593 	0.000114201 	-0.116339 	0.00162268 	
2.625	2.17102 	-0.0908718 	-1.77563 	0.000259576 	-0.116344 	0.00157512 	
2.63	2.17107 	-0.0913111 	-1.77563 	0.000234366 	-0.116352 	0.00156509 	
2.635	2.17109 	-0.0917776 	-1.77562 	0.000207662 	-0.116357 	0.00155454 	
2.64	2.1711 	-0.0922 	-1.7756 	0.000183504 	-0.116361 	0.00154493 	
2.645	2.17151 	-0.0890114 	-1.77528 	0.000319954 	-0.116366 	0.00149517 	
2.65	2.17154 	-0.0895635 	-1.77527 	0.000288469 	-0.116373 	0.00148288 	
2.655	2.17153 	-0.0901346 	-1.77525 	0.000255953 	-0.116379 	0.00147022 	
2.66	2.17151 	-0.0906547 	-1.77523 	0.000226351 	-0.116383 	0.00145864 	
2.665	2.17197 	-0.0870546 	-1.77486 	0.000380065 	-0.116388 	0.00140132 	
2.67	2.17199 	-0.0877178 	-1.77485 	0.000342384 	-0.116396 	0.00138674 	
2.675	2.17196 	-0.0883999 	-1.77483 	0.000303666 	-0.116402 	0.0013718 	
2.68	2.17232 	-0.0854851 	-1.77449 	0.000425432 	-0.116407 	0.00131797 	
2.685	2.17231 	-0.086245 	-1.77447 	0.000382342 	-0.116415 	0.00130139 	
2.69	2.17226 	-0.0870092 	-1.77444 	0.000339038 	-0.11642 	0.00128474 	
2.695	2.17264 	-0.0839472 	-1.77408 	0.000466481 	-0.116426 	0.00122673 	
2.7	2.17262 	-0.0847925 	-1.77406 	0.000418618 	-0.116433 	0.00120835 	
2.705	2.17256 	-0.0856396 	-1.77402 	0.000370672 	-0.116439 	0.00118996 	
2.71	2.17296 	-0.082352 	-1.77363 	0.000507311 	-0.116445 	0.00112693 	
2.715	2.17293 	-0.0832841 	-1.77361 	0.000454589 	-0.116454 	0.00110672 	
2.72	2.17287 	-0.0842167 	-1.77356 	0.000401857 	-0.11646 	0.00108651 	
2.725	2.17329 	-0.0807 	-1.77315 	0.000547837 	-0.116466 	0.00101836 	
2.73	2.17326 	-0.081721 	-1.77312 	0.000490135 	-0.116475 	0.000996247 	
2.735	2.17354 	-0.0795067 	-1.7728 	0.0005763 	-0.116483 	0.00093754 	
2.74	2.17347 	-0.080605 	-1.77275 	0.000514281 	-0.116491 	0.000913808 	
2.745	2.17373 	-0.0784382 	-1.77242 	0.000597754 	-0.116497 	0.000853867 	
2.75	2.17365 	-0.0795932 	-1.77237 	0.000532563 	-0.116506 	0.000828917 	
2.755	2.17392 	-0.0773579 	-1.77202 	0.000618518 	-0.116513 	0.000766476 	
2.76	2.17384 	-0.0785686 	-1.77197 	0.000550214 	-0.116521 	0.000740324 	
2.765	2.17412 	-0.0762549 	-1.77161 	0.000639089 	-0.116529 	0.000675246 	
2.77	2.17404 	-0.077522 	-1.77155 	0.000567632 	-0.116538 	0.000647872 	
2.775	2.17433 	-0.0751305 	-1.77118 	0.000659398 	-0.116545 	0.000580134 	
2.78	2.17425 	-0.0764547 	-1.77113 	0.000584749 	-0.116555 	0.00055152 	
2.785	2.17455 	-0.0739869 	-1.77074 	0.00067934 	-0.116563 	0.000481116 	
2.79	2.17446 	-0.0753688 	-1.77068 	0.000601466 	-0.116573 	0.000451246 	
2.795	2.17477 	-0.0728261 	-1.77028 	0.000698819 	-0.116581 	0.000378174 	
2.8	2.17468 	-0.0742663 	-1.77023 	0.000617697 	-0.116591 	0.000347036 	
2.805	2.17499 	-0.0716501 	-1.76981 	0.000717751 	-0.1166 	0.000271299 	
2.81	2.1749 	-0.0731487 	-1.76975 	0.000633365 	-0.116611 	0.000238883 	
2.815	2.17522 	-0.0704604 	-1.76932 	0.000736069 	-0.11662 	0.000160486 	
2.82	2.17513 	-0.0720178 	-1.76927 	0.000648408 	-0.116631 	0.000126784 	
2.825	2.17593 	-0.0698651 	-1.76958 	0.000801183 	-0.116701 	-3.01133e-05 	
2.83	2.17583 	-0.0714819 	-1.76952 	0.00071021 	-0.116712 	-6.5119e-05 	
2.835	2.17617 	-0.0686544 	-1.76907 	0.000818044 	-0.116722 	-0.000148885 	
2.84	2.17607 	-0.0703327 	-1.76901 	0.000723648 	-0.116734 	-0.000185245 	
2.845	2.17642 	-0.0674367 	-1.76854 	0.000833989 	-0.116743 	-0.000271648 	
2.85	2.17631 	-0.0691732 	-1.76848 	0.000736353 	-0.116756 	-0.000309291 	
2.855	2.17667 	-0.0662093 	-1.76799 	0.000849195 	-0.116765 	-0.000398302 	
2.86	2.17656 	-0.0680043 	-1.76793 	0.000748313 	-0.116778 	-0.000437233 	
2.865	2.17692 	-0.0649736 	-1.76743 	0.000863616 	-0.116788 	-0.000528836 	
2.87	2.17681 	-0.0668269 	-1.76737 	0.000759497 	-0.116802 	-0.000569055 	
2.875	2.17717 	-0.0637305 	-1.76686 	0.000877224 	-0.116812 	-0.000663235 	
2.88	2.17706 	-0.065642 	-1.76679 	0.00076988 	-0.116826 	-0.000704741 	
2.885	2.17743 	-0.062481 	-1.76627 	0.000889995 	-0.116836 	-0.000801479 	
2.89	2.17732 	-0.0644504 	-1.7662 	0.000779442 	-0.11685 	-0.000844271 	
2.895	2.1777 	-0.0612259 	-1.76566 	0.000901912 	-0.116861 	-0.000943548 	
2.9	2.17758 	-0.0632529 	-1.76559 	0.000788167 	-0.116875 	-0.00098762 	
2.905	2.17797 	-0.0599659 	-1.76504 	0.000912959 	-0.116886 	-0.00108942 	
2.91	2.17785 	-0.0620503 	-1.76497 	0.000796044 	-0.116901 	-0.00113477 	
2.915	2.17824 	-0.0587018 	-1.7644 	0.000923126 	-0.116912 	-0.00123906 	
2.92	2.17812 	-0.0608432 	-1.76433 	0.000803062 	-0.116927 	-0.00128568 	
2.925	2.17851 	-0.0574343 	-1.76375 	0.000932404 	-0.116938 	-0.00139244 	
2.93	2.17839 	-0.0596323 	-1.76368 	0.000809216 	-0.116954 	-0.00144033 	
2.935	2.17879 	-0.0561641 	-1.76309 	0.000940787 	-0.116965 	-0.00154954 	
2.94	2.17866 	-0.0584182 	-1.76301 	0.000814502 	-0.116982 	-0.00159869 	
2.945	2.17906 	-0.0548916 	-1.76241 	0.000948273 	-0.116993 	-0.00171033 	
2.95	2.17928 	-0.0540151 	-1.76207 	0.000961871 	-0.11701 	-0.00179648 	
2.955	2.17917 	-0.0564206 	-1.762 	0.00082721 	-0.117028 	-0.00184903 	
2.96	2.17952 	-0.0530653 	-1.76138 	0.000952754 	-0.117038 	-0.00196121 	
2.965	2.17972 	-0.0522031 	-1.76102 	0.00096505 	-0.117054 	-0.00204979 	
2.97	2.1796 	-0.0546842 	-1.76096 	0.00082625 	-0.117073 	-0.00210403 	
2.975	2.17995 	-0.0512482 	-1.76031 	0.000954929 	-0.117082 	-0.00221944 	
2.98	2.18015 	-0.050373 	-1.75994 	0.000967196 	-0.117099 	-0.00231066 	
2.985	2.18003 	-0.0529306 	-1.75987 	0.000824206 	-0.117118 	-0.00236664 	
2.99	2.18038 	-0.0494149 	-1.75921 	0.000956002 	-0.117128 	-0.00248528 	
2.995	2.18059 	-0.0485284 	-1.75884 	0.000968185 	-0.117145 	-0.00257912 	
3	2.18079 	-0.0479644 	-1.75849 	0.000964925 	-0.117164 	-0.00267254 	
3.005	2.18091 	-0.0474122 	-1.75809 	0.000961122 	-0.117179 	-0.00276598 	
3.01	2.18103 	-0.0468567 	-1.75769 	0.00095734 	-0.117194 	-0.00286009 	
3.015	2.18114 	-0.0462967 	-1.75729 	0.000953617 	-0.117208 	-0.00295493 	
3.02	2.18126 	-0.0457325 	-1.75689 	0.000949941 	-0.117223 	-0.00305052 	
3.025	2.18138 	-0.0451645 	-1.75648 	0.000946294 	-0.117238 	-0.00314686 	
3.03	2.18151 	-0.044593 	-1.75607 	0.00094266 	-0.117253 	-0.00324394 	
3.035	2.18163 	-0.0440183 	-1.75566 	0.000939023 	-0.117269 	-0.00334177 	
3.04	2.18176 	-0.0434408 	-1.75525 	0.00093537 	-0.117284 	-0.00344035 	
3.045	2.18188 	-0.0428609 	-1.75483 	0.000931686 	-0.1173 	-0.00353967 	
3.05	2.18201 	-0.0422787 	-1.75441 	0.00092796 	-0.117315 	-0.00363974 	
3.055	2.18214 	-0.0416946 	-1.75399 	0.000924181 	-0.117331 	-0.00374055 	
3.06	2.18228 	-0.0411088 	-1.75357 	0.00092034 	-0.117347 	-0.0038421 	
3.065	2.18241 	-0.0405216 	-1.75314 	0.000916426 	-0.117362 	-0.00394439 	
3.07	2.18254 	-0.0399331 	-1.75271 	0.000912432 	-0.117378 	-0.00404742 	
3.075	2.18268 	-0.0393437 	-1.75228 	0.000908349 	-0.117394 	-0.00415118 	
3.08	2.18281 	-0.0387534 	-1.75185 	0.000904171 	-0.117411 	-0.00425568 	
3.085	2.18295 	-0.0381625 	-1.75141 	0.00089989 	-0.117427 	-0.0043609 	
3.09	2.18309 	-0.0375712 	-1.75097 	0.000895502 	-0.117443 	-0.00446684 	
3.095	2.18322 	-0.0369795 	-1.75053 	0.000891001 	-0.117459 	-0.0045735 	
3.1	2.18336 	-0.0363878 	-1.75009 	0.000886382 	-0.117476 	-0.00468087 	
3.105	2.18338 	-0.0356595 	-1.74946 	0.000869055 	-0.117479 	-0.0047704 	
3.11	2.18352 	-0.0350681 	-1.74901 	0.000864172 	-0.117495 	-0.00487918 	
3.115	2.18365 	-0.0344765 	-1.74856 	0.000859185 	-0.117512 	-0.00498865 	
3.12	2.1838 	-0.0338853 	-1.74811 	0.000854074 	-0.117528 	-0.00509881 	
3.125	2.18394 	-0.0332947 	-1.74765 	0.000848821 	-0.117545 	-0.00520967 	
3.13	2.18408 	-0.0327049 	-1.74719 	0.000843426 	-0.117562 	-0.00532121 	
3.135	2.18422 	-0.032116 	-1.74673 	0.000837887 	-0.117578 	-0.00543343 	
3.14	2.18436 	-0.031528 	-1.74627 	0.000832203 	-0.117595 	-0.00554632 	
3.145	2.1845 	-0.0309411 	-1.7458 	0.000826371 	-0.117612 	-0.00565988 	
3.15	2.18464 	-0.0303553 	-1.74534 	0.00082039 	-0.117629 	-0.00577409 	
3.155	2.18478 	-0.0297708 	-1.74487 	0.000814259 	-0.117645 	-0.00588897 	
3.16	2.18492 	-0.0291877 	-1.7444 	0.000807977 	-0.117662 	-0.00600449 	
3.165	2.18507 	-0.0286059 	-1.74392 	0.000801543 	-0.117679 	-0.00612065 	
3.17	2.18521 	-0.0280257 	-1.74345 	0.000794956 	-0.117696 	-0.00623745 	
3.175	2.18535 	-0.0274471 	-1.74297 	0.000788216 	-0.117713 	-0.00635487 	
3.18	2.18549 	-0.0268702 	-1.74249 	0.000781322 	-0.11773 	-0.00647292 	
3.185	2.18563 	-0.026295 	-1.74201 	0.000774274 	-0.117747 	-0.00659158 	
3.19	2.18577 	-0.0257217 	-1.74152 	0.000767071 	-0.117764 	-0.00671085 	
3.195	2.18591 	-0.0251503 	-1.74104 	0.000759713 	-0.117781 	-0.00683071 	
3.2	2.18605 	-0.0245808 	-1.74055 	0.000752201 	-0.117797 	-0.00695117 	
3.205	2.18619 	-0.0240133 	-1.74006 	0.000744534 	-0.117814 	-0.00707221 	
3.21	2.18633 	-0.023448 	-1.73956 	0.000736713 	-0.117831 	-0.00719384 	
3.215	2.18647 	-0.0228848 	-1.73907 	0.000728737 	-0.117848 	-0.00731603 	
3.22	2.18661 	-0.0223239 	-1.73857 	0.000720607 	-0.117865 	-0.00743878 	
3.225	2.18675 	-0.0217652 	-1.73808 	0.000712323 	-0.117882 	-0.00756209 	
3.23	2.18689 	-0.0212089 	-1.73758 	0.000703886 	-0.117899 	-0.00768594 	
3.235	2.18703 	-0.020655 	-1.73707 	0.000695296 	-0.117915 	-0.00781034 	
3.24	2.18717 	-0.0201036 	-1.73657 	0.000686552 	-0.117932 	-0.00793526 	
3.245	2.1873 	-0.0195547 	-1.73607 	0.000677657 	-0.117949 	-0.00806071 	
3.25	2.18744 	-0.0190084 	-1.73556 	0.00066861 	-0.117965 	-0.00818667 	
3.255	2.18758 	-0.0184646 	-1.73505 	0.000659412 	-0.117982 	-0.00831314 	
3.26	2.18771 	-0.0179236 	-1.73454 	0.000650063 	-0.117999 	-0.00844011 	
3.265	2.18785 	-0.0173853 	-1.73403 	0.000640564 	-0.118015 	-0.00856757 	
3.27	2.18799 	-0.0168498 	-1.73352 	0.000630916 	-0.118032 	-0.00869551 	
3.275	2.18812 	-0.0163171 	-1.733 	0.00062112 	-0.118048 	-0.00882393 	
3.28	2.18826 	-0.0157873 	-1.73249 	0.000611175 	-0.118065 	-0.00895281 	
3.285	2.18839 	-0.0152604 	-1.73197 	0.000601082 	-0.118081 	-0.00908215 	
3.29	2.18852 	-0.0147365 	-1.73145 	0.000590843 	-0.118097 	-0.00921194 	
3.295	2.18866 	-0.0142157 	-1.73093 	0.000580458 	-0.118114 	-0.00934217 	
3.3	2.18879 	-0.0136979 	-1.73041 	0.000569928 	-0.11813 	-0.00947283 	
3.305	2.18892 	-0.0131832 	-1.72989 	0.000559253 	-0.118146 	-0.00960392 	
3.31	2.18905 	-0.0126716 	-1.72936 	0.000548434 	-0.118162 	-0.00973542 	
3.315	2.18918 	-0.0121633 	-1.72884 	0.000537472 	-0.118178 	-0.00986732 	
3.32	2.18931 	-0.0116582 	-1.72831 	0.000526368 	-0.118194 	-0.00999963 	
3.325	2.18944 	-0.0111565 	-1.72778 	0.000515121 	-0.11821 	-0.0101323 	
3.33	2.18957 	-0.010658 	-1.72725 	0.000503734 	-0.118226 	-0.0102654 	
3.335	2.19003 	-0.0104606 	-1.72717 	0.000525099 	-0.118271 	-0.0104437 	
3.34	2.19016 	-0.00996849 	-1.72664 	0.000513473 	-0.118287 	-0.0105775 	
3.345	2.19028 	-0.009481 	-1.72611 	0.000501643 	-0.118302 	-0.0107117 	
3.35	2.19041 	-0.00899736 	-1.72558 	0.000489654 	-0.118318 	-0.0108463 	
3.355	2.19054 	-0.00851701 	-1.72504 	0.000477541 	-0.118333 	-0.0109811 	
3.36	2.19066 	-0.00804011 	-1.72451 	0.000465297 	-0.118348 	-0.0111163 	
3.365	2.19079 	-0.00756671 	-1.72398 	0.000452924 	-0.118363 	-0.0112519 	
3.37	2.19091 	-0.00709685 	-1.72344 	0.00044042 	-0.118378 	-0.0113877 	
3.375	2.19103 	-0.00663059 	-1.7229 	0.000427787 	-0.118393 	-0.0115238 	
3.38	2.19115 	-0.00616796 	-1.72237 	0.000415024 	-0.118408 	-0.0116602 	
3.385	2.19128 	-0.005709 	-1.72183 	0.000402133 	-0.118423 	-0.0117969 	
3.39	2.1914 	-0.00525377 	-1.72129 	0.000389112 	-0.118437 	-0.0119338 	
3.395	2.19152 	-0.00480228 	-1.72075 	0.000375964 	-0.118452 	-0.012071 	
3.4	2.19164 	-0.0043546 	-1.72021 	0.000362687 	-0.118466 	-0.0122085 	
3.405	2.19175 	-0.00391075 	-1.71967 	0.000349282 	-0.118481 	-0.0123462 	
3.41	2.19187 	-0.00347077 	-1.71913 	0.00033575 	-0.118495 	-0.0124841 	
3.415	2.19199 	-0.00303471 	-1.71858 	0.000322092 	-0.118509 	-0.0126223 	
3.42	2.19211 	-0.00260259 	-1.71804 	0.000308306 	-0.118523 	-0.0127607 	
3.425	2.19222 	-0.00217445 	-1.7175 	0.000294394 	-0.118537 	-0.0128993 	
3.43	2.19234 	-0.00175033 	-1.71696 	0.000280357 	-0.118551 	-0.0130381 	
3.435	2.19245 	-0.00133026 	-1.71641 	0.000266193 	-0.118564 	-0.013177 	
3.44	2.19256 	-0.000914269 	-1.71587 	0.000251905 	-0.118578 	-0.0133162 	
3.445	2.19268 	-0.0005024 	-1.71532 	0.000237492 	-0.118591 	-0.0134555 	
3.45	2.19279 	-9.46784e-05 	-1.71478 	0.000222955 	-0.118605 	-0.013595 	
3.455	2.1929 	0.000308862 	-1.71424 	0.000208294 	-0.118618 	-0.0137346 	
3.46	2.19301 	0.000708192 	-1.71369 	0.000193509 	-0.118631 	-0.0138743 	
3.465	2.19312 	0.00110328 	-1.71315 	0.000178601 	-0.118644 	-0.0140142 	
3.47	2.19323 	0.0014941 	-1.7126 	0.00016357 	-0.118657 	-0.0141542 	
3.475	2.19334 	0.00188062 	-1.71206 	0.000148417 	-0.118669 	-0.0142944 	
3.48	2.19344 	0.00226281 	-1.71151 	0.000133141 	-0.118682 	-0.0144346 	
3.485	2.19355 	0.00264064 	-1.71097 	0.000117744 	-0.118694 	-0.0145749 	
3.49	2.19366 	0.0030141 	-1.71042 	0.000102226 	-0.118707 	-0.0147153 	
3.495	2.19376 	0.00338314 	-1.70988 	8.6587e-05 	-0.118719 	-0.0148558 	
3.5	2.19386 	0.00374775 	-1.70933 	7.08272e-05 	-0.118731 	-0.0149963 	
3.505	2.19397 	0.0041079 	-1.70879 	5.49472e-05 	-0.118743 	-0.0151369 	
3.51	2.19407 	0.00446356 	-1.70824 	3.89473e-05 	-0.118754 	-0.0152776 	
3.515	2.19417 	0.00481471 	-1.7077 	2.28278e-05 	-0.118766 	-0.0154183 	
3.52	2.19427 	0.00516133 	-1.70716 	6.58922e-06 	-0.118778 	-0.015559 	
3.525	2.19437 	0.0055034 	-1.70661 	-9.76825e-06 	-0.118789 	-0.0156997 	
3.53	2.19447 	0.00584088 	-1.70607 	-2.62442e-05 	-0.1188 	-0.0158404 	
3.535	2.19457 	0.00617377 	-1.70553 	-4.28384e-05 	-0.118811 	-0.0159812 	
3.54	2.19466 	0.00650203 	-1.70499 	-5.95505e-05 	-0.118822 	-0.0161219 	
3.545	2.19476 	0.00682564 	-1.70444 	-7.638e-05 	-0.118833 	-0.0162626 	
3.55	2.19486 	0.00714459 	-1.7039 	-9.33268e-05 	-0.118844 	-0.0164032 	
3.555	2.19495 	0.00745886 	-1.70336 	-0.000110391 	-0.118854 	-0.0165439 	
3.56	2.19504 	0.00776843 	-1.70282 	-0.000127571 	-0.118864 	-0.0166845 	
3.565	2.19514 	0.00807327 	-1.70229 	-0.000144867 	-0.118875 	-0.016825 	
3.57	2.19523 	0.00837337 	-1.70175 	-0.00016228 	-0.118885 	-0.0169654 	
3.575	2.19532 	0.00866871 	-1.70121 	-0.000179808 	-0.118895 	-0.0171058 	
3.58	2.1954 	0.00896226 	-1.70067 	-0.000197864 	-0.118904 	-0.0172456 	
3.585	2.19549 	0.00924803 	-1.70013 	-0.000215623 	-0.118914 	-0.0173858 	
3.59	2.19558 	0.009529 	-1.6996 	-0.000233496 	-0.118923 	-0.0175259 	
3.595	2.19567 	0.00980514 	-1.69906 	-0.000251484 	-0.118932 	-0.0176659 	
3.6	2.19576 	0.0100764 	-1.69853 	-0.000269586 	-0.118942 	-0.0178057 	
3.605	2.19584 	0.0103429 	-1.698 	-0.000287801 	-0.118951 	-0.0179454 	
3.61	2.19593 	0.0106045 	-1.69746 	-0.000306131 	-0.11896 	-0.018085 	
3.615	2.19601 	0.0108612 	-1.69693 	-0.000324574 	-0.118968 	-0.0182244 	
3.62	2.19609 	0.011113 	-1.6964 	-0.00034313 	-0.118977 	-0.0183637 	
3.625	2.19618 	0.0113598 	-1.69588 	-0.000361799 	-0.118985 	-0.0185028 	
3.63	2.19626 	0.0116018 	-1.69535 	-0.00038058 	-0.118993 	-0.0186417 	
3.635	2.19634 	0.0118388 	-1.69482 	-0.000399474 	-0.119002 	-0.0187805 	
3.64	2.19642 	0.0120709 	-1.6943 	-0.00041848 	-0.11901 	-0.018919 	
3.645	2.1965 	0.012298 	-1.69377 	-0.000437597 	-0.119017 	-0.0190573 	
3.65	2.19658 	0.0125202 	-1.69325 	-0.000456826 	-0.119025 	-0.0191954 	
3.655	2.19665 	0.0127374 	-1.69273 	-0.000476166 	-0.119033 	-0.0193333 	
3.66	2.19673 	0.0129496 	-1.69221 	-0.000495616 	-0.11904 	-0.019471 	
3.665	2.19681 	0.0131597 	-1.69171 	-0.000515146 	-0.119047 	-0.0196084 	
3.67	2.04448 	0.00022109 	-1.21939 	0.00971581 	-0.0992244 	-0.0217513 	
3.675	1.59379 	-0.0384774 	0.17517 	0.0399446 	-0.0405704 	-0.0279384 	
3.68	1.41865 	-0.0710315 	0.626186 	0.0483112 	-0.0206838 	-0.027363 	
3.685	0.853822 	-0.184386 	2.10847 	0.0756613 	0.0442879 	-0.0247661 	
3.69	0.832702 	-0.138798 	2.0571 	0.076768 	0.0433896 	-0.0282937 	
3.695	0.599775 	-0.0317666 	2.39354 	0.0899265 	0.0614751 	-0.0384551 	
3.7	0.509636 	-0.0688356 	2.65505 	0.0938222 	0.0728691 	-0.0368271 	
3.705	0.0357516 	-0.18422 	3.97551 	0.117692 	0.130357 	-0.0339257 	
3.71	0.176596 	-0.166316 	3.59858 	0.109951 	0.114024 	-0.0339644 	
3.715	0.0882729 	-0.187663 	3.83586 	0.114126 	0.12464 	-0.0335568 	
3.72	-0.368816 	-0.305937 	5.06407 	0.135537 	0.178742 	-0.0293132 	
3.725	-0.436795 	-0.327246 	5.17855 	0.136536 	0.184609 	-0.0275489 	
3.73	-0.923427 	-0.415386 	6.2962 	0.156254 	0.235706 	-0.0237176 	
3.735	-0.950073 	-0.430581 	6.31933 	0.155562 	0.237401 	-0.0222626 	
3.74	-1.40417 	-0.512534 	7.36278 	0.173931 	0.285188 	-0.0187228 	
3.745	-1.17601 	-0.483911 	6.7325 	0.16104 	0.257939 	-0.0183844 	
3.75	-1.01957 	-0.459591 	6.19931 	0.149988 	0.235957 	-0.0172633 	
3.755	-0.822832 	-0.433974 	5.65747 	0.13898 	0.212474 	-0.0170206 	
3.76	-0.696971 	-0.412588 	5.20754 	0.129689 	0.194071 	-0.0159653 	
3.765	-0.527096 	-0.389702 	4.74151 	0.120283 	0.17382 	-0.0158039 	
3.77	-0.427614 	-0.370983 	4.36318 	0.112496 	0.158501 	-0.0148008 	
3.775	-0.280729 	-0.350526 	3.96219 	0.104447 	0.141025 	-0.0147008 	
3.78	-0.19955 	-0.334014 	3.64131 	0.0978742 	0.128098 	-0.0138054 	
3.785	-0.0243526 	-0.313533 	3.2518 	0.0902435 	0.110142 	-0.0144893 	
3.79	0.138061 	-0.294146 	2.89087 	0.0831979 	0.0934884 	-0.0151394 	
3.795	0.288622 	-0.275803 	2.55642 	0.0766924 	0.0780425 	-0.0157576 	
3.8	0.428195 	-0.258456 	2.24652 	0.0706854 	0.0637172 	-0.0163457 	
3.805	0.557582 	-0.242061 	1.95936 	0.0651387 	0.0504311 	-0.0169053 	
3.81	0.677526 	-0.22657 	1.69327 	0.0600169 	0.0381089 	-0.0174381 	
3.815	0.788715 	-0.211942 	1.44672 	0.0552873 	0.0266808 	-0.0179456 	
3.82	0.891789 	-0.198135 	1.21827 	0.0509197 	0.0160819 	-0.0184291 	
3.825	0.987339 	-0.185106 	1.0066 	0.0468864 	0.00625221 	-0.0188902 	
3.83	1.07591 	-0.172819 	0.810464 	0.0431616 	-0.00286414 	-0.0193299 	
3.835	1.15802 	-0.161235 	0.628736 	0.0397216 	-0.0113188 	-0.0197497 	
3.84	1.23414 	-0.150318 	0.460357 	0.0365446 	-0.0191599 	-0.0201505 	
3.845	1.3047 	-0.140033 	0.304349 	0.0336101 	-0.0264317 	-0.0205335 	
3.85	1.3701 	-0.130349 	0.159805 	0.0308997 	-0.0331757 	-0.0208998 	
3.855	1.43074 	-0.121233 	0.0258834 	0.028396 	-0.03943 	-0.0212502 	
3.86	1.48694 	-0.112655 	-0.0981931 	0.0260832 	-0.0452302 	-0.0215857 	
3.865	1.53904 	-0.104587 	-0.213147 	0.0239465 	-0.0506093 	-0.0219071 	
3.87	1.58734 	-0.0970001 	-0.319646 	0.0219724 	-0.0555977 	-0.0222153 	
3.875	1.63211 	-0.0898689 	-0.418311 	0.0201483 	-0.0602238 	-0.0225111 	
3.88	1.67361 	-0.0831685 	-0.509717 	0.0184628 	-0.0645139 	-0.022795 	
3.885	1.71208 	-0.0768751 	-0.594394 	0.0169052 	-0.0684924 	-0.0230679 	
3.89	1.74775 	-0.0709661 	-0.672837 	0.0154655 	-0.0721819 	-0.0233303 	
3.895	1.78081 	-0.06542 	-0.745503 	0.0141348 	-0.0756033 	-0.0235829 	
3.9	1.81145 	-0.0602166 	-0.812815 	0.0129046 	-0.0787761 	-0.0238262 	
3.905	1.83986 	-0.0553366 	-0.875166 	0.0117671 	-0.0817184 	-0.0240607 	
3.91	1.86619 	-0.0507615 	-0.93292 	0.0107153 	-0.0844468 	-0.024287 	
3.915	1.8906 	-0.0464741 	-0.986414 	0.00974254 	-0.0869769 	-0.0245055 	
3.92	1.91323 	-0.0424579 	-1.03596 	0.0088427 	-0.0893231 	-0.0247167 	
3.925	1.9342 	-0.0386973 	-1.08185 	0.00801017 	-0.0914987 	-0.0249209 	
3.93	1.95313 	-0.0349059 	-1.12375 	0.00718837 	-0.0934889 	-0.025059 	
3.935	1.89188 	-0.0355157 	-1.09035 	0.00772373 	-0.0906605 	-0.0240436 	
3.94	1.67636 	-0.044377 	-0.913755 	0.0106941 	-0.0786256 	-0.0206883 	
3.945	1.70783 	-0.0359304 	-0.958698 	0.0101787 	-0.0810269 	-0.0216655 	
3.95	1.71574 	-0.0110534 	-0.968589 	0.011317 	-0.08147 	-0.0241917 	
3.955	1.71684 	0.0167628 	-0.968656 	0.0128227 	-0.0813644 	-0.0269865 	
3.96	1.72284 	0.0385713 	-0.976192 	0.0138342 	-0.0816834 	-0.0292047 	
3.965	1.72201 	0.0636304 	-0.973888 	0.0152295 	-0.0814508 	-0.0317207 	
3.97	1.72642 	0.0827501 	-0.979487 	0.016127 	-0.0816682 	-0.0336694 	
3.975	1.53194 	0.0566886 	-0.470058 	0.0253919 	-0.0603133 	-0.0331863 	
3.98	0.983377 	-0.0785818 	0.9891 	0.0486477 	0.000242575 	-0.0260654 	
3.985	0.85706 	-0.10653 	1.33318 	0.0540627 	0.0143656 	-0.0247439 	
3.99	0.309612 	-0.199286 	2.72799 	0.0775598 	0.0731008 	-0.020532 	
3.995	0.246838 	-0.218669 	2.91734 	0.0803556 	0.080554 	-0.0197268 	
4	-0.28054 	-0.311329 	4.2689 	0.103288 	0.137042 	-0.015655 	
4.005	-0.28988 	-0.329237 	4.45747 	0.105146 	0.143076 	-0.0153684 	
4.01	-0.10163 	-0.334619 	4.62057 	0.104446 	0.142949 	-0.0179303 	
4.015	0.0263186 	-0.324184 	4.60139 	0.10211 	0.138787 	-0.019818 	
4.02	0.391876 	-0.294223 	4.3011 	0.0964409 	0.11943 	-0.0252646 	
4.025	0.746821 	-0.276126 	4.11715 	0.0917858 	0.104245 	-0.0302348 	
4.03	0.949553 	-0.260667 	3.80352 	0.0858146 	0.0888882 	-0.0319881 	
4.035	1.06083 	-0.25207 	3.66876 	0.0824636 	0.0814275 	-0.0329327 	
4.04	1.20369 	-0.260484 	4.07956 	0.0857572 	0.0904394 	-0.03605 	
4.045	1.29756 	-0.257023 	3.94775 	0.0823095 	0.0836486 	-0.0362796 	
4.05	1.46261 	-0.277434 	4.37592 	0.0855476 	0.0924202 	-0.0388868 	
4.055	1.6551 	-0.247762 	4.01147 	0.0799774 	0.0759085 	-0.0415441 	
4.06	1.84099 	-0.236015 	3.6601 	0.0740556 	0.0598511 	-0.0427789 	
4.065	2.10259 	-0.237081 	3.41066 	0.0690254 	0.0449235 	-0.0448156 	
4.07	2.18193 	-0.220574 	3.06501 	0.0636656 	0.0319279 	-0.0447636 	
4.075	2.40125 	-0.212304 	2.79375 	0.0589739 	0.0174383 	-0.046908 	
4.08	2.46107 	-0.196812 	2.49416 	0.0544001 	0.00640826 	-0.046752 	
4.085	2.66664 	-0.190732 	2.26705 	0.0503754 	-0.00629963 	-0.048834 	
4.09	2.67481 	-0.173251 	1.98428 	0.0464891 	-0.0154383 	-0.0483927 	
4.095	2.76783 	-0.160291 	1.72907 	0.0430748 	-0.0260296 	-0.0498618 	
4.1	2.53665 	-0.18119 	1.97174 	0.0479081 	-0.0120814 	-0.0466037 	
4.105	1.9423 	-0.277029 	3.17861 	0.0688988 	0.0421988 	-0.0399354 	
4.11	2.02364 	-0.254669 	2.83897 	0.0639271 	0.0293451 	-0.0408418 	
4.115	2.23903 	-0.233422 	2.5266 	0.0594814 	0.0136704 	-0.0446634 	
4.12	2.32559 	-0.212163 	2.22833 	0.055053 	0.00195401 	-0.0456923 	
4.125	2.53498 	-0.192792 	1.96201 	0.0513258 	-0.012093 	-0.0495978 	
4.13	2.56057 	-0.175295 	1.70198 	0.0474041 	-0.021009 	-0.0493515 	
4.135	2.68487 	-0.161099 	1.46871 	0.0439984 	-0.031769 	-0.0513866 	
4.14	2.71233 	-0.145263 	1.24594 	0.0407212 	-0.0395589 	-0.0513852 	
4.145	2.8639 	-0.132373 	1.04937 	0.0380266 	-0.049858 	-0.054351 	
4.15	2.87844 	-0.118271 	0.857387 	0.0352137 	-0.0563385 	-0.0541527 	
4.155	3.01832 	-0.107345 	0.689341 	0.0329143 	-0.0654182 	-0.0569327 	
4.16	3.02176 	-0.094794 	0.523784 	0.0304967 	-0.0707729 	-0.0565641 	
4.165	3.15166 	-0.0855754 	0.38024 	0.0285348 	-0.0788059 	-0.0591848 	
4.17	3.14554 	-0.0744129 	0.237377 	0.0264539 	-0.0831926 	-0.0586688 	
4.175	3.26692 	-0.0666767 	0.114884 	0.0247805 	-0.0903274 	-0.0611534 	
4.18	3.25258 	-0.0567557 	-0.00849264 	0.0229862 	-0.0938818 	-0.0605098 	
4.185	3.36673 	-0.0503042 	-0.112899 	0.0215594 	-0.100246 	-0.0628782 	
4.19	3.34533 	-0.0415044 	-0.219571 	0.0200115 	-0.103086 	-0.0621267 	
4.195	3.45363 	-0.0361547 	-0.308412 	0.0187966 	-0.108797 	-0.0644035 	
4.2	3.42759 	-0.0282908 	-0.40057 	0.0174593 	-0.111055 	-0.0635892 	
4.205	3.53194 	-0.0238542 	-0.475953 	0.0164295 	-0.11623 	-0.0658127 	
4.21	3.49893 	-0.016931 	-0.555919 	0.015263 	-0.117918 	-0.0648735 	
4.215	3.59711 	-0.0133805 	-0.619973 	0.0143812 	-0.122567 	-0.0669826 	
4.22	3.55959 	-0.00725517 	-0.689349 	0.0133651 	-0.123801 	-0.0659716 	
4.225	3.6541 	-0.0044115 	-0.743537 	0.0126159 	-0.128035 	-0.0680212 	
4.23	3.61268 	0.000997843 	-0.803825 	0.0117277 	-0.128877 	-0.0669477 	
4.235	3.7041 	0.00323721 	-0.849532 	0.0110923 	-0.132757 	-0.0689473 	
4.24	3.6593 	0.00800304 	-0.902018 	0.0103128 	-0.133263 	-0.067819 	
4.245	3.74816 	0.00972772 	-0.940435 	0.00977499 	-0.136841 	-0.069777 	
4.25	3.70044 	0.0139141 	-0.986226 	0.00908783 	-0.137057 	-0.0686007 	
4.255	3.78717 	0.0152022 	-1.01837 	0.008634 	-0.140375 	-0.0705239 	
4.26	3.7369 	0.0188657 	-1.05842 	0.00802523 	-0.140342 	-0.0693054 	
4.265	3.82188 	0.0197857 	-1.08518 	0.0076437 	-0.143441 	-0.0712002 	
4.27	3.76856 	0.0233303 	-1.11936 	0.00701736 	-0.143156 	-0.0698511 	
4.275	3.85213 	0.0239426 	-1.14148 	0.00669822 	-0.146068 	-0.0717227 	
4.28	3.77798 	0.0261221 	-1.17402 	0.00614953 	-0.14517 	-0.0699618 	
4.285	3.81559 	0.025096 	-1.19589 	0.0057397 	-0.14687 	-0.0707382 	
4.29	3.60985 	0.215007 	-0.672126 	-0.00905314 	-0.108438 	-0.0717843 	
4.295	3.14672 	0.777683 	0.90764 	-0.0514207 	0.00176355 	-0.0777775 	
4.3	2.95081 	0.958058 	1.31546 	-0.0626919 	0.033728 	-0.088351 	
4.305	2.34191 	1.63457 	3.02566 	-0.101382 	0.155815 	-0.124482 	
4.31	2.31904 	1.59404 	3.09584 	-0.106526 	0.159979 	-0.115082 	
4.315	2.25402 	1.62128 	3.55406 	-0.120757 	0.187438 	-0.105995 	
4.32	2.28078 	1.53307 	3.43075 	-0.12072 	0.179275 	-0.0969657 	
4.325	2.31549 	1.468 	3.57984 	-0.13195 	0.187103 	-0.0796183 	
4.33	2.27328 	1.50665 	3.69984 	-0.132915 	0.19521 	-0.0824724 	
4.335	1.86315 	1.84806 	4.79717 	-0.155428 	0.27175 	-0.0911542 	
4.34	1.78431 	1.90587 	4.92193 	-0.158569 	0.281967 	-0.0915754 	
4.345	1.47833 	2.20665 	5.89802 	-0.17797 	0.348429 	-0.101243 	
4.35	1.43534 	2.25462 	5.94261 	-0.17942 	0.353827 	-0.101525 	
4.355	1.16437 	2.61849 	6.9172 	-0.204387 	0.42277 	-0.106573 	
4.36	1.10561 	2.62912 	6.94743 	-0.202279 	0.425497 	-0.110239 	
4.365	0.927183 	2.82408 	7.59881 	-0.215354 	0.46934 	-0.116035 	
4.37	1.07913 	2.60464 	7.00345 	-0.203687 	0.42938 	-0.106543 	
4.375	1.33198 	2.38221 	6.54857 	-0.198744 	0.394736 	-0.0934656 	
4.38	1.36448 	2.34907 	6.42056 	-0.193395 	0.385784 	-0.0996224 	
4.385	0.982272 	2.64685 	7.35364 	-0.203585 	0.448575 	-0.1224 	
4.39	1.16853 	2.45632 	6.76426 	-0.19326 	0.409342 	-0.112573 	
4.395	1.41239 	2.25661 	6.22241 	-0.183066 	0.369776 	-0.1053 	
4.4	1.62913 	2.08956 	5.66946 	-0.170147 	0.330787 	-0.102954 	
4.405	1.83541 	1.92386 	5.1873 	-0.159857 	0.2962 	-0.0983993 	
4.41	1.97557 	1.76643 	4.74349 	-0.151076 	0.265823 	-0.0919769 	
4.415	2.12394 	1.61779 	4.34158 	-0.143366 	0.237694 	-0.0857202 	
4.42	2.12609 	1.61712 	4.35451 	-0.146249 	0.239327 	-0.0810112 	
4.425	1.93352 	1.88583 	5.14552 	-0.168246 	0.295368 	-0.0801649 	
4.43	1.95327 	1.91342 	5.14586 	-0.169207 	0.296377 	-0.0798111 	
4.435	1.74036 	2.26909 	6.12133 	-0.196483 	0.365443 	-0.0802634 	
4.44	1.70334 	2.25595 	6.0327 	-0.195724 	0.362286 	-0.0769725 	
4.445	1.52787 	2.55286 	6.90985 	-0.22152 	0.423964 	-0.0741713 	
4.45	1.51017 	2.51634 	6.75765 	-0.218875 	0.416093 	-0.0711354 	
4.455	1.36013 	2.78637 	7.56414 	-0.242814 	0.472541 	-0.0681882 	
4.46	1.51126 	2.58066 	6.89863 	-0.225846 	0.426719 	-0.0675629 	
4.465	1.84463 	2.38799 	6.29878 	-0.209444 	0.380207 	-0.0707517 	
4.47	1.94442 	2.20506 	5.73897 	-0.195286 	0.342777 	-0.0681189 	
4.475	2.18062 	2.03234 	5.24511 	-0.182764 	0.305447 	-0.0673964 	
4.48	2.24275 	1.86437 	4.77733 	-0.171853 	0.27471 	-0.0625275 	
4.485	2.43325 	1.71039 	4.35926 	-0.161648 	0.243362 	-0.060696 	
4.49	2.49877 	1.56461 	3.9616 	-0.152464 	0.216852 	-0.0564269 	
4.495	2.67991 	1.43504 	3.60074 	-0.143411 	0.189339 	-0.0556712 	
