0	2.1296 	-0.0794371 	-1.51381 	-0.00405779 	-0.0978734 	0.00430555 	
0.005	2.12453 	-0.0801651 	-1.51896 	-0.00373729 	-0.0980186 	0.00430286 	
0.01	2.11983 	-0.0808399 	-1.52373 	-0.00344025 	-0.0981531 	0.00430036 	
0.015	2.11548 	-0.0814653 	-1.52815 	-0.00316494 	-0.0982777 	0.00429804 	
0.02	2.11144 	-0.0820449 	-1.53225 	-0.00290979 	-0.0983933 	0.00429589 	
0.025	2.1077 	-0.082582 	-1.53605 	-0.00267331 	-0.0985004 	0.0042939 	
0.03	2.10423 	-0.0830798 	-1.53957 	-0.00245414 	-0.0985997 	0.00429205 	
0.035	2.10102 	-0.0835411 	-1.54283 	-0.00225101 	-0.0986917 	0.00429033 	
0.04	2.09804 	-0.0839686 	-1.54586 	-0.00206275 	-0.0987771 	0.00428874 	
0.045	2.09528 	-0.0843647 	-1.54866 	-0.00188827 	-0.0988562 	0.00428726 	
0.05	2.09272 	-0.0847318 	-1.55125 	-0.00172656 	-0.0989297 	0.00428588 	
0.055	2.09036 	-0.085072 	-1.55365 	-0.00157669 	-0.0989978 	0.0042846 	
0.06	2.08816 	-0.0853871 	-1.55588 	-0.0014378 	-0.099061 	0.00428341 	
0.065	2.08613 	-0.0856791 	-1.55794 	-0.00130907 	-0.0991196 	0.0042823 	
0.07	2.08424 	-0.0859496 	-1.55985 	-0.00118976 	-0.099174 	0.00428126 	
0.075	2.0825 	-0.0862002 	-1.56162 	-0.00107919 	-0.0992246 	0.00428029 	
0.08	2.08088 	-0.0864324 	-1.56325 	-0.000976719 	-0.0992715 	0.00427939 	
0.085	2.07939 	-0.0866474 	-1.56477 	-0.000881749 	-0.0993152 	0.00427855 	
0.09	2.078 	-0.0868465 	-1.56617 	-0.000793735 	-0.0993557 	0.00427775 	
0.095	2.07672 	-0.087031 	-1.56746 	-0.000712167 	-0.0993934 	0.00427701 	
0.1	2.07553 	-0.0872017 	-1.56866 	-0.000636573 	-0.0994285 	0.00427631 	
0.105	2.07443 	-0.0873598 	-1.56977 	-0.000566518 	-0.0994611 	0.00427565 	
0.11	2.07342 	-0.0875062 	-1.57079 	-0.000501595 	-0.0994915 	0.00427503 	
0.115	2.07248 	-0.0876416 	-1.57174 	-0.000441429 	-0.0995199 	0.00427444 	
0.12	2.07144 	-0.0875532 	-1.57238 	-0.000402347 	-0.0995249 	0.00429751 	
0.125	2.07064 	-0.0876692 	-1.57318 	-0.000350677 	-0.0995496 	0.00429698 	
0.13	2.06989 	-0.0877765 	-1.57393 	-0.000302796 	-0.0995726 	0.00429648 	
0.135	2.06921 	-0.0878757 	-1.57461 	-0.000258425 	-0.0995942 	0.004296 	
0.14	2.06857 	-0.0879674 	-1.57525 	-0.000217309 	-0.0996143 	0.00429554 	
0.145	2.06799 	-0.0880522 	-1.57583 	-0.000179209 	-0.0996332 	0.00429511 	
0.15	2.06744 	-0.0881305 	-1.57636 	-0.000143906 	-0.0996509 	0.00429468 	
0.155	2.06695 	-0.0882028 	-1.57685 	-0.000111193 	-0.0996675 	0.00429428 	
0.16	2.06649 	-0.0882696 	-1.57731 	-8.08829e-05 	-0.0996831 	0.00429388 	
0.165	2.06606 	-0.0883312 	-1.57772 	-5.27991e-05 	-0.0996978 	0.0042935 	
0.17	2.06403 	-0.0870628 	-1.58047 	3.80407e-05 	-0.099715 	0.00428774 	
0.175	2.06397 	-0.0871836 	-1.58097 	5.85971e-05 	-0.0997403 	0.00428634 	
0.18	2.06388 	-0.0873095 	-1.58137 	7.67502e-05 	-0.0997632 	0.00428446 	
0.185	2.06371 	-0.0874185 	-1.58167 	9.38913e-05 	-0.0997818 	0.00428265 	
0.19	2.06355 	-0.0875192 	-1.58194 	0.000109768 	-0.0997994 	0.00428096 	
0.195	2.06342 	-0.0876123 	-1.58219 	0.000124474 	-0.0998159 	0.00427936 	
0.2	2.06329 	-0.0876981 	-1.58242 	0.000138093 	-0.0998315 	0.00427787 	
0.205	2.06318 	-0.0877774 	-1.58262 	0.000150705 	-0.0998463 	0.00427646 	
0.21	2.06308 	-0.0878505 	-1.5828 	0.000162384 	-0.0998603 	0.00427513 	
0.215	2.06299 	-0.0879179 	-1.58296 	0.000173198 	-0.0998735 	0.00427388 	
0.22	2.06291 	-0.08798 	-1.58311 	0.000183209 	-0.0998861 	0.0042727 	
0.225	2.06283 	-0.0880372 	-1.58324 	0.000192477 	-0.0998981 	0.00427158 	
0.23	2.06277 	-0.0880898 	-1.58335 	0.000201055 	-0.0999096 	0.00427051 	
0.235	2.06101 	-0.0867728 	-1.58591 	0.000276312 	-0.0999239 	0.00426409 	
0.24	2.06129 	-0.0868887 	-1.58616 	0.000279934 	-0.0999473 	0.00426207 	
0.245	2.06149 	-0.0870103 	-1.58631 	0.000282362 	-0.0999682 	0.00425957 	
0.25	2.0616 	-0.0871146 	-1.58638 	0.00028495 	-0.0999851 	0.00425717 	
0.255	2.0617 	-0.0872109 	-1.58644 	0.000287337 	-0.100001 	0.00425492 	
0.26	2.0618 	-0.0872996 	-1.58649 	0.000289536 	-0.100016 	0.00425281 	
0.265	2.06189 	-0.0873814 	-1.58653 	0.000291561 	-0.100031 	0.00425082 	
0.27	2.06199 	-0.0874568 	-1.58656 	0.000293425 	-0.100044 	0.00424895 	
0.275	2.06208 	-0.0875262 	-1.58658 	0.000295139 	-0.100057 	0.00424719 	
0.28	2.06217 	-0.0875901 	-1.58659 	0.000296715 	-0.10007 	0.00424553 	
0.285	2.06056 	-0.0863019 	-1.58902 	0.000364992 	-0.100085 	0.00423892 	
0.29	2.06096 	-0.0864269 	-1.58918 	0.000362605 	-0.10011 	0.00423639 	
0.295	2.06129 	-0.0865568 	-1.58925 	0.000359465 	-0.100132 	0.0042334 	
0.3	2.06151 	-0.0866686 	-1.58924 	0.000356892 	-0.10015 	0.00423053 	
0.305	2.06171 	-0.0867717 	-1.58922 	0.000354492 	-0.100167 	0.00422784 	
0.31	2.06191 	-0.0868668 	-1.5892 	0.000352253 	-0.100183 	0.00422532 	
0.315	2.0621 	-0.0869544 	-1.58917 	0.000350164 	-0.100198 	0.00422295 	
0.32	2.06228 	-0.087035 	-1.58913 	0.000348213 	-0.100213 	0.00422071 	
0.325	2.06246 	-0.0871091 	-1.58909 	0.000346389 	-0.100227 	0.00421861 	
0.33	2.06079 	-0.0857155 	-1.59155 	0.000411255 	-0.100239 	0.0042173 	
0.335	2.06129 	-0.0858538 	-1.59168 	0.000405703 	-0.100266 	0.00421433 	
0.34	2.0617 	-0.0859964 	-1.59171 	0.000399587 	-0.10029 	0.00421087 	
0.345	2.06199 	-0.0861192 	-1.59165 	0.000394285 	-0.10031 	0.00420755 	
0.35	2.06227 	-0.0862324 	-1.5916 	0.000389355 	-0.100328 	0.00420444 	
0.355	2.06253 	-0.0863367 	-1.59153 	0.00038477 	-0.100346 	0.00420153 	
0.36	2.06277 	-0.0864328 	-1.59147 	0.000380505 	-0.100363 	0.00419878 	
0.365	2.06301 	-0.0865212 	-1.59139 	0.000376535 	-0.100379 	0.0041962 	
0.37	2.06142 	-0.0851824 	-1.59391 	0.000444183 	-0.100398 	0.00418928 	
0.375	2.06199 	-0.085334 	-1.59402 	0.000436713 	-0.100427 	0.00418587 	
0.38	2.06245 	-0.0854891 	-1.59402 	0.000428806 	-0.100453 	0.00418198 	
0.385	2.06279 	-0.0856231 	-1.59394 	0.000421852 	-0.100475 	0.00417825 	
0.39	2.06311 	-0.0857466 	-1.59386 	0.000415391 	-0.100495 	0.00417476 	
0.395	2.06341 	-0.0858605 	-1.59377 	0.000409385 	-0.100514 	0.00417148 	
0.4	2.0637 	-0.0859653 	-1.59368 	0.000403802 	-0.100533 	0.0041684 	
0.405	2.06221 	-0.0846936 	-1.5961 	0.000467756 	-0.100554 	0.00416159 	
0.41	2.06281 	-0.0848567 	-1.59618 	0.000459016 	-0.100585 	0.00415777 	
0.415	2.06331 	-0.085022 	-1.59616 	0.00044995 	-0.100612 	0.0041535 	
0.42	2.06369 	-0.0851659 	-1.59607 	0.000441908 	-0.100635 	0.00414942 	
0.425	2.06404 	-0.0852984 	-1.59597 	0.000434437 	-0.100657 	0.0041456 	
0.43	2.06438 	-0.0854206 	-1.59587 	0.000427496 	-0.100678 	0.00414201 	
0.435	2.0647 	-0.085533 	-1.59576 	0.000421044 	-0.100698 	0.00413864 	
0.44	2.06311 	-0.0841778 	-1.59835 	0.000489223 	-0.100721 	0.00413177 	
0.445	2.06378 	-0.0843536 	-1.59843 	0.000479405 	-0.100754 	0.00412762 	
0.45	2.06432 	-0.0845313 	-1.59841 	0.000469282 	-0.100784 	0.00412297 	
0.455	2.06473 	-0.0846856 	-1.5983 	0.000460302 	-0.100809 	0.00411852 	
0.46	2.06512 	-0.0848278 	-1.59818 	0.00045196 	-0.100832 	0.00411435 	
0.465	2.06549 	-0.0849588 	-1.59807 	0.000444212 	-0.100855 	0.00411043 	
0.47	2.06407 	-0.0837273 	-1.60046 	0.000506203 	-0.100879 	0.00410377 	
0.475	2.06474 	-0.083913 	-1.60051 	0.000495564 	-0.100914 	0.0040992 	
0.48	2.0653 	-0.0840993 	-1.60047 	0.000484726 	-0.100944 	0.00409421 	
0.485	2.06574 	-0.0842623 	-1.60035 	0.000475047 	-0.100971 	0.00408944 	
0.49	2.06615 	-0.0844125 	-1.60023 	0.000466059 	-0.100995 	0.00408498 	
0.495	2.06654 	-0.0845508 	-1.6001 	0.00045771 	-0.101019 	0.00408079 	
0.5	2.06507 	-0.0832719 	-1.6026 	0.000522351 	-0.101045 	0.00407421 	
0.505	2.06578 	-0.0834679 	-1.60265 	0.000510978 	-0.101082 	0.00406935 	
0.51	2.06638 	-0.0836641 	-1.60261 	0.000499422 	-0.101114 	0.00406403 	
0.515	2.06684 	-0.0838356 	-1.60248 	0.000489104 	-0.101142 	0.00405895 	
0.52	2.06728 	-0.0839937 	-1.60234 	0.000479522 	-0.101168 	0.00405419 	
0.525	2.06769 	-0.0841392 	-1.6022 	0.000470623 	-0.101193 	0.00404972 	
0.53	2.06614 	-0.0827997 	-1.60484 	0.00053871 	-0.101221 	0.00404327 	
0.535	2.0669 	-0.0830068 	-1.6049 	0.000526597 	-0.101259 	0.00403811 	
0.54	2.06753 	-0.0832138 	-1.60485 	0.000514307 	-0.101294 	0.00403245 	
0.545	2.06802 	-0.0833945 	-1.60471 	0.000503343 	-0.101323 	0.00402702 	
0.55	2.06848 	-0.083561 	-1.60457 	0.000493163 	-0.10135 	0.00402194 	
0.555	2.06718 	-0.0824109 	-1.60689 	0.000551679 	-0.101379 	0.00401563 	
0.56	2.06792 	-0.0826258 	-1.60691 	0.000538978 	-0.101418 	0.00401004 	
0.565	2.06855 	-0.0828388 	-1.60684 	0.000526228 	-0.101453 	0.00400406 	
0.57	2.06906 	-0.0830266 	-1.60669 	0.000514773 	-0.101483 	0.00399837 	
0.575	2.06954 	-0.0831996 	-1.60654 	0.000504139 	-0.101512 	0.00399304 	
0.58	2.06881 	-0.0828007 	-1.60977 	0.000623423 	-0.101619 	0.00390064 	
0.585	2.06958 	-0.0830231 	-1.60979 	0.000610218 	-0.101659 	0.00389481 	
0.59	2.07024 	-0.0832433 	-1.60972 	0.000596979 	-0.101695 	0.00388856 	
0.595	2.07077 	-0.0834375 	-1.60957 	0.000585085 	-0.101726 	0.00388262 	
0.6	2.07126 	-0.0836163 	-1.60941 	0.000574044 	-0.101756 	0.00387705 	
0.605	2.06989 	-0.0824153 	-1.61186 	0.000635805 	-0.101787 	0.00387106 	
0.61	2.07069 	-0.0826458 	-1.61189 	0.000622075 	-0.101829 	0.00386497 	
0.615	2.07138 	-0.0828739 	-1.61181 	0.000608316 	-0.101866 	0.00385844 	
0.62	2.07192 	-0.0830748 	-1.61165 	0.000595963 	-0.101898 	0.00385222 	
0.625	2.07243 	-0.0832598 	-1.61149 	0.000584496 	-0.101929 	0.0038464 	
0.63	2.07101 	-0.0820251 	-1.61403 	0.000648428 	-0.101962 	0.00384066 	
0.635	2.07185 	-0.0822641 	-1.61406 	0.000634153 	-0.102005 	0.00383431 	
0.64	2.07256 	-0.0825005 	-1.61398 	0.000619855 	-0.102044 	0.00382749 	
0.645	2.07312 	-0.0827085 	-1.61381 	0.000607024 	-0.102077 	0.00382098 	
0.65	2.07365 	-0.0829 	-1.61364 	0.000595116 	-0.102108 	0.00381488 	
0.655	2.07218 	-0.0816337 	-1.61626 	0.000661152 	-0.102142 	0.00380944 	
0.66	2.07305 	-0.0818815 	-1.6163 	0.000646319 	-0.102187 	0.00380282 	
0.665	2.07378 	-0.0821264 	-1.61622 	0.000631471 	-0.102227 	0.00379568 	
0.67	2.07436 	-0.0823417 	-1.61604 	0.000618152 	-0.102261 	0.00378887 	
0.675	2.07491 	-0.08254 	-1.61587 	0.000605793 	-0.102294 	0.00378249 	
0.68	2.0734 	-0.0812444 	-1.61857 	0.000673862 	-0.102329 	0.0037774 	
0.685	2.0743 	-0.0815011 	-1.61861 	0.000658464 	-0.102375 	0.00377049 	
0.69	2.07505 	-0.0817545 	-1.61853 	0.00064306 	-0.102417 	0.00376304 	
0.695	2.07565 	-0.0819772 	-1.61834 	0.000629249 	-0.102452 	0.00375591 	
0.7	2.0745 	-0.0809457 	-1.62058 	0.000683423 	-0.102488 	0.00375045 	
0.705	2.07535 	-0.0812079 	-1.62056 	0.000667573 	-0.102533 	0.00374304 	
0.71	2.07609 	-0.0814648 	-1.62045 	0.000651886 	-0.102575 	0.00373531 	
0.715	2.0767 	-0.0816929 	-1.62027 	0.000637715 	-0.102611 	0.00372796 	
0.72	2.07556 	-0.0806723 	-1.6225 	0.000691627 	-0.102648 	0.0037227 	
0.725	2.07643 	-0.0809393 	-1.62248 	0.000675451 	-0.102694 	0.00371509 	
0.73	2.07718 	-0.0812005 	-1.62237 	0.000659456 	-0.102736 	0.00370715 	
0.735	2.07781 	-0.0814326 	-1.62218 	0.000645002 	-0.102772 	0.00369961 	
0.74	2.07664 	-0.0803993 	-1.62446 	0.000699964 	-0.10281 	0.00369464 	
0.745	2.07753 	-0.0806713 	-1.62444 	0.00068345 	-0.102857 	0.00368683 	
0.75	2.0783 	-0.0809374 	-1.62433 	0.00066712 	-0.1029 	0.00367868 	
0.755	2.07893 	-0.0811738 	-1.62414 	0.000652368 	-0.102937 	0.00367093 	
0.76	2.07774 	-0.0801268 	-1.62646 	0.000708458 	-0.102976 	0.00366628 	
0.765	2.07865 	-0.0804042 	-1.62644 	0.000691584 	-0.103023 	0.00365827 	
0.77	2.07943 	-0.0806756 	-1.62633 	0.000674899 	-0.103067 	0.00364989 	
0.775	2.08008 	-0.0809164 	-1.62613 	0.000659832 	-0.103105 	0.00364193 	
0.78	2.07886 	-0.0798569 	-1.62849 	0.000717008 	-0.103144 	0.0036376 	
0.785	2.07979 	-0.08014 	-1.62848 	0.00069976 	-0.103193 	0.00362938 	
0.79	2.08059 	-0.0804168 	-1.62836 	0.000682708 	-0.103237 	0.00362076 	
0.795	2.08125 	-0.0806624 	-1.62816 	0.000667312 	-0.103276 	0.00361257 	
0.8	2.08001 	-0.0795917 	-1.63057 	0.000725526 	-0.103316 	0.00360859 	
0.805	2.08095 	-0.0798805 	-1.63056 	0.000707895 	-0.103365 	0.00360014 	
0.81	2.08177 	-0.0801628 	-1.63044 	0.000690467 	-0.103411 	0.00359129 	
0.815	2.08243 	-0.0804133 	-1.63023 	0.000674736 	-0.10345 	0.00358286 	
0.82	2.08117 	-0.0793327 	-1.63268 	0.00073394 	-0.10349 	0.00357924 	
0.825	2.08214 	-0.0796273 	-1.63267 	0.000715921 	-0.103541 	0.00357057 	
0.83	2.08297 	-0.0799153 	-1.63255 	0.000698113 	-0.103587 	0.00356147 	
0.835	2.08364 	-0.0801706 	-1.63234 	0.000682042 	-0.103627 	0.0035528 	
0.84	2.08236 	-0.0790813 	-1.63483 	0.000742194 	-0.103668 	0.00354957 	
0.845	2.08334 	-0.0793817 	-1.63482 	0.000723786 	-0.103719 	0.00354066 	
0.85	2.08418 	-0.0796753 	-1.63469 	0.000705596 	-0.103766 	0.00353131 	
0.855	2.08464 	-0.0796379 	-1.63414 	0.000666185 	-0.103777 	0.00355639 	
0.86	2.08334 	-0.0785412 	-1.63666 	0.000727264 	-0.103818 	0.00355359 	
0.865	2.08434 	-0.0788474 	-1.63666 	0.000708467 	-0.103871 	0.00354445 	
0.87	2.08519 	-0.0791465 	-1.63653 	0.000689897 	-0.103918 	0.00353484 	
0.875	2.08589 	-0.0794117 	-1.63631 	0.000673144 	-0.103959 	0.00352569 	
0.88	2.08457 	-0.0783086 	-1.63887 	0.000735086 	-0.104001 	0.00352332 	
0.885	2.08558 	-0.0786205 	-1.63886 	0.000715903 	-0.104055 	0.00351394 	
0.89	2.08645 	-0.0789251 	-1.63874 	0.000696955 	-0.104103 	0.00350408 	
0.895	2.08716 	-0.0791951 	-1.63852 	0.000679864 	-0.104144 	0.00349469 	
0.9	2.08582 	-0.0780868 	-1.64111 	0.000742628 	-0.104187 	0.00349276 	
0.905	2.08684 	-0.0784042 	-1.6411 	0.000723063 	-0.104241 	0.00348315 	
0.91	2.08773 	-0.0787142 	-1.64098 	0.000703741 	-0.10429 	0.00347304 	
0.915	2.08844 	-0.078989 	-1.64075 	0.000686316 	-0.104332 	0.0034634 	
0.92	2.08708 	-0.0778765 	-1.64338 	0.000749861 	-0.104375 	0.00346194 	
0.925	2.08812 	-0.0781994 	-1.64337 	0.000729919 	-0.10443 	0.0034521 	
0.93	2.08902 	-0.0785147 	-1.64324 	0.000710229 	-0.104479 	0.00344173 	
0.935	2.08974 	-0.0787941 	-1.64301 	0.000692473 	-0.104522 	0.00343185 	
0.94	2.08836 	-0.0776785 	-1.64567 	0.00075676 	-0.104566 	0.00343088 	
0.945	2.08942 	-0.0780068 	-1.64566 	0.000736446 	-0.104621 	0.0034208 	
0.95	2.09032 	-0.0783273 	-1.64553 	0.000716394 	-0.104671 	0.00341018 	
0.955	2.09106 	-0.0786111 	-1.6453 	0.000698313 	-0.104714 	0.00340006 	
0.96	2.08966 	-0.0774935 	-1.64798 	0.0007633 	-0.104758 	0.00339959 	
0.965	2.09073 	-0.077827 	-1.64798 	0.000742623 	-0.104814 	0.00338929 	
0.97	2.09165 	-0.0781525 	-1.64785 	0.000722214 	-0.104865 	0.00337842 	
0.975	2.09239 	-0.0784408 	-1.64761 	0.000703815 	-0.104908 	0.00336805 	
0.98	2.09097 	-0.0773222 	-1.65032 	0.000769461 	-0.104953 	0.00336811 	
0.985	2.09206 	-0.0776608 	-1.65032 	0.000748428 	-0.10501 	0.00335758 	
0.99	2.09298 	-0.0779911 	-1.65018 	0.000727671 	-0.105061 	0.00334646 	
0.995	2.09373 	-0.0782837 	-1.64994 	0.00070896 	-0.105104 	0.00333585 	
1	2.0923 	-0.0771651 	-1.65268 	0.000775225 	-0.10515 	0.00333646 	
1.005	2.0934 	-0.0775086 	-1.65268 	0.000753844 	-0.105207 	0.00332571 	
1.01	2.09433 	-0.0778437 	-1.65254 	0.000732746 	-0.105258 	0.00331434 	
1.015	2.09509 	-0.0781404 	-1.6523 	0.00071373 	-0.105303 	0.0033035 	
1.02	2.09364 	-0.0770228 	-1.65506 	0.000780571 	-0.105348 	0.00330467 	
1.025	2.09475 	-0.077371 	-1.65506 	0.000758851 	-0.105406 	0.00329369 	
1.03	2.09569 	-0.0777106 	-1.65492 	0.000737422 	-0.105458 	0.00328208 	
1.035	2.09645 	-0.0780113 	-1.65467 	0.000718108 	-0.105502 	0.003271 	
1.04	2.09499 	-0.0768957 	-1.65746 	0.000785484 	-0.105548 	0.00327276 	
1.045	2.09611 	-0.0772485 	-1.65746 	0.000763434 	-0.105607 	0.00326155 	
1.05	2.09706 	-0.0775925 	-1.65732 	0.000741682 	-0.105659 	0.00324971 	
1.055	2.09783 	-0.0778971 	-1.65706 	0.000722079 	-0.105704 	0.0032384 	
1.06	2.09635 	-0.0767845 	-1.65987 	0.000789948 	-0.10575 	0.00324075 	
1.065	2.09748 	-0.0771416 	-1.65987 	0.000767578 	-0.105809 	0.00322933 	
1.07	2.09844 	-0.0774899 	-1.65973 	0.000745512 	-0.105862 	0.00321725 	
1.075	2.09721 	-0.0763656 	-1.66144 	0.000765725 	-0.105874 	0.00325719 	
1.08	2.09825 	-0.0767252 	-1.66136 	0.000743035 	-0.10593 	0.00324508 	
1.085	2.09917 	-0.0770726 	-1.66118 	0.000720914 	-0.105981 	0.00323273 	
1.09	2.09995 	-0.0773835 	-1.66093 	0.000700828 	-0.106026 	0.00322105 	
1.095	2.09851 	-0.0763097 	-1.6637 	0.00076753 	-0.106073 	0.00322419 	
1.1	2.09964 	-0.0766716 	-1.66369 	0.000744766 	-0.106132 	0.00321244 	
1.105	2.1006 	-0.0770241 	-1.66355 	0.00072233 	-0.106185 	0.00320004 	
1.11	2.09964 	-0.0762627 	-1.66569 	0.000769994 	-0.106233 	0.00319985 	
1.115	2.10069 	-0.0766271 	-1.6656 	0.000746911 	-0.106289 	0.00318743 	
1.12	2.10162 	-0.0769791 	-1.66543 	0.000724407 	-0.106341 	0.00317477 	
1.125	2.1024 	-0.077294 	-1.66517 	0.000703976 	-0.106386 	0.00316279 	
1.13	2.10095 	-0.076229 	-1.66797 	0.000771366 	-0.106433 	0.00316707 	
1.135	2.10208 	-0.0765957 	-1.66796 	0.000748201 	-0.106493 	0.00315503 	
1.14	2.10306 	-0.076953 	-1.66781 	0.00072537 	-0.106546 	0.00314231 	
1.145	2.10208 	-0.0762008 	-1.66997 	0.000773429 	-0.106595 	0.00314294 	
1.15	2.10314 	-0.0765702 	-1.66989 	0.000749938 	-0.106651 	0.0031302 	
1.155	2.10407 	-0.0769269 	-1.66971 	0.000727035 	-0.106703 	0.0031172 	
1.16	2.10487 	-0.0772461 	-1.66945 	0.000706246 	-0.106749 	0.00310491 	
1.165	2.10339 	-0.0761928 	-1.67227 	0.000774173 	-0.106796 	0.00311034 	
1.17	2.10454 	-0.0765644 	-1.67226 	0.000750604 	-0.106856 	0.003098 	
1.175	2.10552 	-0.0769265 	-1.67212 	0.000727374 	-0.10691 	0.00308495 	
1.18	2.10454 	-0.0761859 	-1.67429 	0.000775703 	-0.106958 	0.00308641 	
1.185	2.1056 	-0.0765601 	-1.6742 	0.000751808 	-0.107015 	0.00307335 	
1.19	2.10654 	-0.0769215 	-1.67402 	0.000728513 	-0.107067 	0.00306002 	
1.195	2.1056 	-0.0762155 	-1.67614 	0.000775018 	-0.107116 	0.00306142 	
1.2	2.10666 	-0.0765902 	-1.67605 	0.000751033 	-0.107173 	0.00304824 	
1.205	2.1076 	-0.0769518 	-1.67586 	0.000727674 	-0.107225 	0.00303482 	
1.21	2.10667 	-0.0762532 	-1.67798 	0.00077412 	-0.107273 	0.00303657 	
1.215	2.10772 	-0.0766285 	-1.67789 	0.000750057 	-0.10733 	0.00302331 	
1.22	2.10866 	-0.0769906 	-1.6777 	0.000726622 	-0.107382 	0.00300981 	
1.225	2.10772 	-0.0762973 	-1.67982 	0.000773156 	-0.107431 	0.00301195 	
1.23	2.10878 	-0.0766732 	-1.67973 	0.000749006 	-0.107487 	0.00299861 	
1.235	2.10972 	-0.077036 	-1.67955 	0.000725484 	-0.107539 	0.00298502 	
1.24	2.10878 	-0.0763482 	-1.68167 	0.00077209 	-0.107588 	0.00298755 	
1.245	2.10984 	-0.0767249 	-1.68158 	0.000747845 	-0.107645 	0.00297411 	
1.25	2.11078 	-0.0770885 	-1.68139 	0.000724229 	-0.107697 	0.00296043 	
1.255	2.10984 	-0.0764067 	-1.68351 	0.000770878 	-0.107745 	0.00296334 	
1.26	2.1109 	-0.0767843 	-1.68342 	0.000746534 	-0.107802 	0.00294981 	
1.265	2.11184 	-0.0771487 	-1.68324 	0.00072282 	-0.107854 	0.00293603 	
1.27	2.1109 	-0.0764733 	-1.68536 	0.000769486 	-0.107902 	0.00293931 	
1.275	2.11196 	-0.0768518 	-1.68527 	0.00074504 	-0.107959 	0.00292569 	
1.28	2.1129 	-0.0772171 	-1.68509 	0.000721227 	-0.108011 	0.00291181 	
1.285	2.11195 	-0.0765486 	-1.68721 	0.000767883 	-0.108059 	0.00291545 	
1.29	2.11301 	-0.076928 	-1.68712 	0.000743336 	-0.108116 	0.00290173 	
1.295	2.11395 	-0.0772942 	-1.68694 	0.000719423 	-0.108168 	0.00288777 	
1.3	2.113 	-0.0766329 	-1.68906 	0.000766046 	-0.108216 	0.00289176 	
1.305	2.11406 	-0.0770132 	-1.68897 	0.000741399 	-0.108272 	0.00287795 	
1.31	2.115 	-0.0773802 	-1.68879 	0.000717388 	-0.108324 	0.00286389 	
1.315	2.1141 	-0.0767845 	-1.69097 	0.000768377 	-0.108378 	0.00286139 	
1.32	2.11516 	-0.0771656 	-1.69088 	0.000743633 	-0.108435 	0.00284749 	
1.325	2.11609 	-0.0775334 	-1.6907 	0.000719528 	-0.108486 	0.00283333 	
1.33	2.11515 	-0.0768874 	-1.69281 	0.000766016 	-0.108534 	0.00283803 	
1.335	2.1162 	-0.0772693 	-1.69272 	0.00074118 	-0.108591 	0.00282404 	
1.34	2.11714 	-0.0776378 	-1.69254 	0.000716985 	-0.108642 	0.00280979 	
1.345	2.11619 	-0.0769999 	-1.69465 	0.000763375 	-0.10869 	0.00281483 	
1.35	2.11724 	-0.0773824 	-1.69456 	0.000738452 	-0.108747 	0.00280075 	
1.355	2.11818 	-0.0777516 	-1.69438 	0.000714172 	-0.108798 	0.00278641 	
1.36	2.11723 	-0.077122 	-1.69648 	0.000760445 	-0.108846 	0.00279179 	
1.365	2.11828 	-0.0775051 	-1.69639 	0.000735441 	-0.108902 	0.00277763 	
1.37	2.11922 	-0.0778748 	-1.69621 	0.000711083 	-0.108954 	0.00276321 	
1.375	2.12001 	-0.0782054 	-1.69594 	0.000688977 	-0.108999 	0.0027496 	
1.38	2.11851 	-0.0772742 	-1.69876 	0.000757179 	-0.109045 	0.00276218 	
1.385	2.11965 	-0.0776592 	-1.69875 	0.000732148 	-0.109105 	0.00274856 	
1.39	2.12063 	-0.0780344 	-1.6986 	0.000707459 	-0.109158 	0.00273412 	
1.395	2.11963 	-0.0773973 	-1.70076 	0.000755411 	-0.109205 	0.00274083 	
1.4	2.12068 	-0.0777847 	-1.70067 	0.000730046 	-0.109261 	0.0027264 	
1.405	2.12161 	-0.0781588 	-1.70049 	0.000705314 	-0.109313 	0.00271167 	
1.41	2.1224 	-0.078493 	-1.70022 	0.000682882 	-0.109358 	0.00269777 	
1.415	2.12091 	-0.0775885 	-1.70302 	0.000750662 	-0.109404 	0.00271135 	
1.42	2.12204 	-0.0779768 	-1.70301 	0.000725322 	-0.109463 	0.00269745 	
1.425	2.123 	-0.0783551 	-1.70286 	0.000700334 	-0.109516 	0.00268273 	
1.43	2.12201 	-0.077742 	-1.705 	0.000747706 	-0.109563 	0.00269012 	
1.435	2.12305 	-0.0781319 	-1.70491 	0.000722079 	-0.109618 	0.00267544 	
1.44	2.12398 	-0.0785083 	-1.70472 	0.000697099 	-0.109669 	0.00266047 	
1.445	2.12476 	-0.0788447 	-1.70445 	0.00067444 	-0.109714 	0.00264634 	
1.45	2.12328 	-0.0779702 	-1.70722 	0.000741505 	-0.10976 	0.00266085 	
1.455	2.1244 	-0.0783601 	-1.70721 	0.000715971 	-0.109818 	0.00264674 	
1.46	2.12535 	-0.0787397 	-1.70705 	0.000690796 	-0.10987 	0.00263182 	
1.465	2.12437 	-0.0781509 	-1.70917 	0.000737526 	-0.109917 	0.00263989 	
1.47	2.1254 	-0.0785417 	-1.70908 	0.000711741 	-0.109972 	0.00262502 	
1.475	2.12632 	-0.0789189 	-1.70889 	0.000686612 	-0.110022 	0.00260987 	
1.48	2.12709 	-0.079256 	-1.70862 	0.000663817 	-0.110066 	0.00259559 	
1.485	2.12562 	-0.0784122 	-1.71136 	0.000730074 	-0.110111 	0.002611 	
1.49	2.12673 	-0.0788021 	-1.71134 	0.000704436 	-0.110169 	0.00259674 	
1.495	2.12767 	-0.0791818 	-1.71119 	0.000679162 	-0.110221 	0.00258168 	
1.5	2.12844 	-0.0795179 	-1.71091 	0.000656382 	-0.110264 	0.00256735 	
1.505	2.12693 	-0.0786667 	-1.71369 	0.000724038 	-0.110309 	0.00258391 	
1.51	2.12803 	-0.0790578 	-1.71368 	0.000698287 	-0.110367 	0.00256958 	
1.515	2.12898 	-0.0794388 	-1.71353 	0.000672879 	-0.110418 	0.00255441 	
1.52	2.12974 	-0.0797758 	-1.71326 	0.00064999 	-0.110461 	0.00253997 	
1.525	2.12823 	-0.0789419 	-1.71601 	0.000717198 	-0.110506 	0.00255702 	
1.53	2.12933 	-0.0793335 	-1.716 	0.000691358 	-0.110563 	0.00254259 	
1.535	2.13026 	-0.079715 	-1.71585 	0.000665864 	-0.110614 	0.00252732 	
1.54	2.13103 	-0.0800525 	-1.71557 	0.000642897 	-0.110657 	0.00251279 	
1.545	2.12953 	-0.0792381 	-1.71831 	0.000709454 	-0.110701 	0.00253026 	
1.55	2.13071 	-0.079758 	-1.71844 	0.000693224 	-0.110771 	0.00250047 	
1.555	2.13164 	-0.0801393 	-1.71829 	0.00066769 	-0.110821 	0.00248513 	
1.56	2.13239 	-0.0804767 	-1.71802 	0.000644681 	-0.110864 	0.00247053 	
1.565	2.13091 	-0.079682 	-1.72072 	0.000710537 	-0.110908 	0.00248841 	
1.57	2.13198 	-0.0800727 	-1.7207 	0.000684644 	-0.110964 	0.00247383 	
1.575	2.1329 	-0.0804532 	-1.72055 	0.000659106 	-0.111014 	0.00245844 	
1.58	2.13365 	-0.0807901 	-1.72028 	0.000636091 	-0.111056 	0.00244381 	
1.585	2.13218 	-0.080015 	-1.72295 	0.000701226 	-0.111099 	0.00246208 	
1.59	2.13324 	-0.0804044 	-1.72293 	0.000675361 	-0.111155 	0.00244746 	
1.595	2.13415 	-0.0807838 	-1.72278 	0.000649852 	-0.111204 	0.00243205 	
1.6	2.13489 	-0.0811196 	-1.72251 	0.000626861 	-0.111246 	0.00241741 	
1.605	2.13344 	-0.0803642 	-1.72515 	0.000691245 	-0.111289 	0.00243604 	
1.61	2.13448 	-0.0807519 	-1.72513 	0.000665439 	-0.111344 	0.00242141 	
1.615	2.13538 	-0.0811296 	-1.72497 	0.000639988 	-0.111392 	0.002406 	
1.62	2.13612 	-0.081464 	-1.72471 	0.000617047 	-0.111434 	0.00239136 	
1.625	2.13468 	-0.0807284 	-1.72732 	0.000680646 	-0.111476 	0.00241034 	
1.63	2.13571 	-0.0811139 	-1.72729 	0.000654926 	-0.11153 	0.00239571 	
1.635	2.1366 	-0.0814896 	-1.72714 	0.000629561 	-0.111578 	0.00238031 	
1.64	2.13733 	-0.0818222 	-1.72687 	0.000606695 	-0.111619 	0.0023657 	
1.645	2.1359 	-0.0811063 	-1.72945 	0.000669473 	-0.111661 	0.002385 	
1.65	2.13692 	-0.0814894 	-1.72942 	0.000643865 	-0.111715 	0.00237039 	
1.655	2.1378 	-0.0818626 	-1.72927 	0.000618611 	-0.111762 	0.00235503 	
1.66	2.13852 	-0.0821932 	-1.72901 	0.000595842 	-0.111803 	0.00234045 	
1.665	2.13711 	-0.0814971 	-1.73155 	0.000657762 	-0.111844 	0.00236005 	
1.67	2.13812 	-0.0818773 	-1.73152 	0.00063229 	-0.111897 	0.00234547 	
1.675	2.13898 	-0.0822477 	-1.73136 	0.000607171 	-0.111943 	0.00233016 	
1.68	2.13969 	-0.082576 	-1.73111 	0.00058452 	-0.111983 	0.00231564 	
1.685	2.13831 	-0.0818996 	-1.73361 	0.000645545 	-0.112024 	0.00233549 	
1.69	2.13929 	-0.0822767 	-1.73358 	0.000620233 	-0.112076 	0.00232096 	
1.695	2.14015 	-0.0826441 	-1.73343 	0.000595271 	-0.112122 	0.00230571 	
1.7	2.14085 	-0.0829697 	-1.73317 	0.000572759 	-0.112161 	0.00229127 	
1.705	2.13948 	-0.0823132 	-1.73564 	0.00063285 	-0.112202 	0.00231135 	
1.71	2.14045 	-0.0826867 	-1.7356 	0.000607721 	-0.112252 	0.00229688 	
1.715	2.1413 	-0.0830507 	-1.73545 	0.000582938 	-0.112298 	0.00228172 	
1.72	2.14199 	-0.0833734 	-1.7352 	0.000560586 	-0.112337 	0.00226736 	
1.725	2.14064 	-0.0827367 	-1.73763 	0.000619704 	-0.112376 	0.00228763 	
1.73	2.1416 	-0.0831065 	-1.73759 	0.000594779 	-0.112426 	0.00227324 	
1.735	2.14242 	-0.0834668 	-1.73744 	0.000570198 	-0.112471 	0.00225817 	
1.74	2.14311 	-0.0837863 	-1.73719 	0.000548024 	-0.112509 	0.00224391 	
1.745	2.14178 	-0.0831695 	-1.73957 	0.000606132 	-0.112548 	0.00226434 	
1.75	2.14272 	-0.0835351 	-1.73954 	0.000581433 	-0.112597 	0.00225004 	
1.755	2.14353 	-0.0838915 	-1.73938 	0.000557074 	-0.112641 	0.00223508 	
1.76	2.14421 	-0.0842076 	-1.73914 	0.000535099 	-0.112679 	0.00222094 	
1.765	2.14291 	-0.0836105 	-1.74148 	0.000592158 	-0.112717 	0.00224148 	
1.77	2.14382 	-0.0839718 	-1.74144 	0.000567706 	-0.112765 	0.00222728 	
1.775	2.14462 	-0.0843239 	-1.74129 	0.000543591 	-0.112809 	0.00221245 	
1.78	2.14529 	-0.0846363 	-1.74105 	0.000521831 	-0.112846 	0.00219844 	
1.785	2.14401 	-0.084059 	-1.74335 	0.000577804 	-0.112883 	0.00221907 	
1.79	2.14491 	-0.0844156 	-1.74331 	0.000553621 	-0.11293 	0.00220498 	
1.795	2.14569 	-0.0847632 	-1.74316 	0.00052977 	-0.112973 	0.00219029 	
1.8	2.14635 	-0.0850717 	-1.74292 	0.000508246 	-0.113009 	0.00217642 	
1.805	2.14509 	-0.0845141 	-1.74517 	0.000563096 	-0.113046 	0.00219709 	
1.81	2.14597 	-0.0848657 	-1.74513 	0.000539202 	-0.113092 	0.00218314 	
1.815	2.14674 	-0.0852085 	-1.74498 	0.000515635 	-0.113134 	0.0021686 	
1.82	2.14739 	-0.0855129 	-1.74475 	0.000494365 	-0.11317 	0.00215489 	
1.825	2.14616 	-0.0849748 	-1.74696 	0.000548055 	-0.113206 	0.00217556 	
1.83	2.14715 	-0.0854944 	-1.74712 	0.000537328 	-0.113268 	0.00214095 	
1.835	2.1479 	-0.0858322 	-1.74697 	0.000514067 	-0.113309 	0.00212658 	
1.84	2.14853 	-0.0861321 	-1.74675 	0.000493069 	-0.113344 	0.00211304 	
1.845	2.14733 	-0.0856136 	-1.7489 	0.000545551 	-0.11338 	0.00213366 	
1.85	2.14817 	-0.0859544 	-1.74885 	0.000522297 	-0.113424 	0.00212001 	
1.855	2.14891 	-0.0862869 	-1.74871 	0.000499361 	-0.113464 	0.00210582 	
1.86	2.14953 	-0.0865822 	-1.74849 	0.000478654 	-0.113498 	0.00209246 	
1.865	2.15011 	-0.0868529 	-1.74826 	0.000459552 	-0.11353 	0.00208005 	
1.87	2.14853 	-0.0861621 	-1.75089 	0.000527808 	-0.113564 	0.00210887 	
1.875	2.14941 	-0.0864975 	-1.7509 	0.00050503 	-0.11361 	0.00209598 	
1.88	2.15016 	-0.0868277 	-1.75079 	0.000482286 	-0.11365 	0.00208209 	
1.885	2.15076 	-0.0871182 	-1.75057 	0.000461877 	-0.113683 	0.00206889 	
1.89	2.15132 	-0.0873845 	-1.75035 	0.00044305 	-0.113715 	0.00205663 	
1.895	2.14974 	-0.0867085 	-1.75294 	0.00051079 	-0.113748 	0.00208588 	
1.9	2.1506 	-0.0870393 	-1.75296 	0.000488286 	-0.113792 	0.00207311 	
1.905	2.15133 	-0.0873653 	-1.75285 	0.000465798 	-0.113831 	0.00205935 	
1.91	2.15192 	-0.0876521 	-1.75263 	0.000445621 	-0.113864 	0.00204629 	
1.915	2.15247 	-0.087915 	-1.75241 	0.000427008 	-0.113895 	0.00203416 	
1.92	2.15094 	-0.0872713 	-1.75493 	0.000492579 	-0.113927 	0.00206301 	
1.925	2.15177 	-0.0875962 	-1.75494 	0.000470425 	-0.11397 	0.00205037 	
1.93	2.15248 	-0.0879164 	-1.75482 	0.000448295 	-0.114008 	0.00203679 	
1.935	2.15305 	-0.0881984 	-1.75462 	0.000428427 	-0.11404 	0.00202392 	
1.94	2.15359 	-0.088457 	-1.7544 	0.000410101 	-0.11407 	0.00201197 	
1.945	2.15211 	-0.0878463 	-1.75683 	0.000473321 	-0.114101 	0.00204029 	
1.95	2.15291 	-0.0881641 	-1.75683 	0.000451601 	-0.114142 	0.00202782 	
1.955	2.1536 	-0.0884774 	-1.75672 	0.00042991 	-0.114179 	0.00201448 	
1.96	2.15416 	-0.0887536 	-1.75652 	0.000410427 	-0.11421 	0.00200186 	
1.965	2.15468 	-0.0890068 	-1.75631 	0.000392455 	-0.114239 	0.00199014 	
1.97	2.15326 	-0.0884285 	-1.75865 	0.000453278 	-0.114269 	0.00201786 	
1.975	2.15403 	-0.0887383 	-1.75865 	0.000432062 	-0.114309 	0.00200562 	
1.98	2.15469 	-0.0890437 	-1.75854 	0.000410875 	-0.114344 	0.00199257 	
1.985	2.15523 	-0.0893132 	-1.75834 	0.000391837 	-0.114374 	0.00198023 	
1.99	2.15574 	-0.0895603 	-1.75814 	0.000374275 	-0.114402 	0.00196878 	
1.995	2.15437 	-0.0890137 	-1.76039 	0.000432662 	-0.114432 	0.00199584 	
2	2.15511 	-0.0893146 	-1.76038 	0.000412004 	-0.11447 	0.00198386 	
2.005	2.15575 	-0.0896114 	-1.76028 	0.000391378 	-0.114504 	0.00197113 	
2.01	2.15627 	-0.0898736 	-1.76009 	0.000372834 	-0.114533 	0.00195913 	
2.015	2.15676 	-0.0901139 	-1.7599 	0.000355729 	-0.11456 	0.00194798 	
2.02	2.15545 	-0.0895985 	-1.76205 	0.000411634 	-0.114588 	0.00197431 	
2.025	2.15616 	-0.0898899 	-1.76204 	0.000391583 	-0.114625 	0.00196262 	
2.03	2.15677 	-0.0901775 	-1.76193 	0.000371563 	-0.114658 	0.00195025 	
2.035	2.15728 	-0.0904317 	-1.76175 	0.000353557 	-0.114686 	0.00193859 	
2.04	2.15775 	-0.0906648 	-1.76157 	0.000336947 	-0.114712 	0.00192777 	
2.045	2.1582 	-0.0908784 	-1.76138 	0.000321633 	-0.114737 	0.00191773 	
2.05	2.15663 	-0.0902548 	-1.76383 	0.000388138 	-0.114763 	0.00195025 	
2.055	2.15735 	-0.090536 	-1.76386 	0.000368863 	-0.1148 	0.00193935 	
2.06	2.15795 	-0.0908161 	-1.76378 	0.000349393 	-0.114832 	0.00192744 	
2.065	2.15844 	-0.0910618 	-1.76361 	0.00033197 	-0.114859 	0.00191616 	
2.07	2.15889 	-0.0912871 	-1.76343 	0.000315898 	-0.114884 	0.00190568 	
2.075	2.15893 	-0.0909678 	-1.76262 	0.000262376 	-0.114855 	0.0019594 	
2.08	2.15742 	-0.0903775 	-1.76497 	0.000326291 	-0.11488 	0.00199118 	
2.085	2.1581 	-0.0906486 	-1.76499 	0.000307669 	-0.114915 	0.00198059 	
2.09	2.15868 	-0.0909189 	-1.76492 	0.00028885 	-0.114946 	0.00196906 	
2.095	2.15914 	-0.0911563 	-1.76475 	0.000272001 	-0.114971 	0.00195815 	
2.1	2.15958 	-0.0913741 	-1.76459 	0.000256459 	-0.114995 	0.00194803 	
2.105	2.15999 	-0.0915736 	-1.76442 	0.000242127 	-0.115018 	0.00193863 	
2.11	2.15857 	-0.091029 	-1.76663 	0.000302057 	-0.115042 	0.00196885 	
2.115	2.1592 	-0.0912885 	-1.76664 	0.000284193 	-0.115074 	0.0019586 	
2.12	2.15975 	-0.0915472 	-1.76656 	0.000266148 	-0.115103 	0.00194751 	
2.125	2.16019 	-0.091775 	-1.76641 	0.000249976 	-0.115128 	0.00193705 	
2.13	2.16061 	-0.0919838 	-1.76625 	0.000235058 	-0.11515 	0.00192735 	
2.135	2.16099 	-0.0921753 	-1.76609 	0.000221301 	-0.115172 	0.00191834 	
2.14	2.16136 	-0.0923506 	-1.76594 	0.000208619 	-0.115192 	0.00190997 	
2.145	2.15978 	-0.0917414 	-1.76832 	0.000275125 	-0.115214 	0.00194439 	
2.15	2.16041 	-0.0919876 	-1.76836 	0.00025823 	-0.115246 	0.00193493 	
2.155	2.16093 	-0.0922352 	-1.7683 	0.000240979 	-0.115274 	0.00192442 	
2.16	2.16135 	-0.0924519 	-1.76816 	0.000225584 	-0.115297 	0.00191447 	
2.165	2.16174 	-0.0926507 	-1.76801 	0.000211381 	-0.115318 	0.00190524 	
2.17	2.1621 	-0.092833 	-1.76787 	0.000198282 	-0.115338 	0.00189666 	
2.175	2.16245 	-0.093 	-1.76772 	0.000186205 	-0.115357 	0.00188871 	
2.18	2.16098 	-0.0924437 	-1.76993 	0.00024786 	-0.115378 	0.00192105 	
2.185	2.16155 	-0.0926756 	-1.76996 	0.000231905 	-0.115407 	0.00191202 	
2.19	2.16204 	-0.0929091 	-1.7699 	0.000215614 	-0.115433 	0.00190206 	
2.195	2.16243 	-0.093114 	-1.76977 	0.000201059 	-0.115454 	0.00189267 	
2.2	2.1628 	-0.093302 	-1.76964 	0.000187628 	-0.115474 	0.00188396 	
2.205	2.16314 	-0.0934744 	-1.76951 	0.00017524 	-0.115493 	0.00187587 	
2.21	2.16346 	-0.0936324 	-1.76937 	0.000163817 	-0.115511 	0.00186836 	
2.215	2.16376 	-0.0937771 	-1.76924 	0.000153288 	-0.115527 	0.00186139 	
2.22	2.16223 	-0.0931955 	-1.77149 	0.000217619 	-0.115546 	0.00189583 	
2.225	2.16277 	-0.0934104 	-1.77154 	0.000202859 	-0.115573 	0.0018876 	
2.23	2.16323 	-0.0936289 	-1.7715 	0.000187639 	-0.115597 	0.00187836 	
2.235	2.16358 	-0.0938197 	-1.77138 	0.000174082 	-0.115616 	0.00186963 	
2.24	2.16392 	-0.0939949 	-1.77127 	0.000161571 	-0.115635 	0.00186153 	
2.245	2.16423 	-0.0941557 	-1.77115 	0.000150029 	-0.115652 	0.00185401 	
2.25	2.16453 	-0.0943032 	-1.77103 	0.000139383 	-0.115668 	0.00184703 	
2.255	2.1648 	-0.0944383 	-1.7709 	0.000129568 	-0.115684 	0.00184056 	
2.26	2.16506 	-0.094562 	-1.77078 	0.000120521 	-0.115698 	0.00183455 	
2.265	2.16353 	-0.0939806 	-1.77301 	0.000184923 	-0.115714 	0.00186963 	
2.27	2.16402 	-0.0941762 	-1.77307 	0.00017151 	-0.115739 	0.00186223 	
2.275	2.16444 	-0.0943768 	-1.77304 	0.000157551 	-0.115761 	0.0018538 	
2.28	2.16476 	-0.0945517 	-1.77294 	0.000145145 	-0.115779 	0.00184583 	
2.285	2.16506 	-0.0947123 	-1.77284 	0.000133693 	-0.115795 	0.00183844 	
2.29	2.16534 	-0.0948599 	-1.77273 	0.000123124 	-0.115811 	0.00183158 	
2.295	2.16561 	-0.0949953 	-1.77263 	0.000113373 	-0.115825 	0.00182522 	
2.3	2.16586 	-0.0951195 	-1.77253 	0.000104379 	-0.115839 	0.00181931 	
2.305	2.16609 	-0.0952333 	-1.77242 	9.6085e-05 	-0.115852 	0.00181383 	
2.31	2.16631 	-0.0953376 	-1.77232 	8.84397e-05 	-0.115864 	0.00180875 	
2.315	2.16652 	-0.095433 	-1.77222 	8.13944e-05 	-0.115876 	0.00180403 	
2.32	2.16494 	-0.0948326 	-1.77446 	0.000147617 	-0.115889 	0.00184077 	
2.325	2.16538 	-0.0950045 	-1.77453 	0.000135888 	-0.115911 	0.00183446 	
2.33	2.16575 	-0.0951836 	-1.77452 	0.000123474 	-0.11593 	0.00182704 	
2.335	2.16603 	-0.0953389 	-1.77444 	0.000112491 	-0.115945 	0.00182002 	
2.34	2.16629 	-0.0954817 	-1.77436 	0.000102348 	-0.11596 	0.00181351 	
2.345	2.16681 	-0.0959904 	-1.77473 	0.00012058 	-0.116011 	0.0017618 	
2.35	2.16704 	-0.0961111 	-1.77465 	0.000111933 	-0.116023 	0.0017562 	
2.355	2.16725 	-0.096222 	-1.77457 	0.000103952 	-0.116035 	0.001751 	
2.36	2.16745 	-0.0963238 	-1.77449 	9.65874e-05 	-0.116046 	0.00174618 	
2.365	2.16764 	-0.0964172 	-1.77441 	8.97924e-05 	-0.116056 	0.0017417 	
2.37	2.16782 	-0.0965029 	-1.77433 	8.35247e-05 	-0.116066 	0.00173755 	
2.375	2.16799 	-0.0965814 	-1.77425 	7.77448e-05 	-0.116075 	0.0017337 	
2.38	2.16814 	-0.0966534 	-1.77417 	7.24159e-05 	-0.116084 	0.00173012 	
2.385	2.16829 	-0.0967193 	-1.77409 	6.7504e-05 	-0.116092 	0.00172681 	
2.39	2.16843 	-0.0967795 	-1.77402 	6.29777e-05 	-0.1161 	0.00172373 	
2.395	2.16855 	-0.0968346 	-1.77394 	5.88077e-05 	-0.116107 	0.00172087 	
2.4	2.16688 	-0.0961972 	-1.77623 	0.000128377 	-0.116117 	0.00176024 	
2.405	2.16726 	-0.0963364 	-1.77633 	0.000119009 	-0.116135 	0.00175549 	
2.41	2.16756 	-0.096486 	-1.77635 	0.000108747 	-0.116151 	0.0017495 	
2.415	2.16778 	-0.0966143 	-1.7763 	9.97506e-05 	-0.116162 	0.00174381 	
2.42	2.16799 	-0.0967327 	-1.77625 	9.14328e-05 	-0.116173 	0.00173854 	
2.425	2.16818 	-0.0968419 	-1.7762 	8.37423e-05 	-0.116184 	0.00173365 	
2.43	2.16835 	-0.0969426 	-1.77616 	7.6632e-05 	-0.116193 	0.00172912 	
2.435	2.16852 	-0.0970354 	-1.77611 	7.00594e-05 	-0.116202 	0.00172492 	
2.44	2.16867 	-0.0971209 	-1.77606 	6.39833e-05 	-0.116211 	0.00172102 	
2.445	2.16882 	-0.0971997 	-1.77601 	5.83663e-05 	-0.116218 	0.0017174 	
2.45	2.16895 	-0.0972724 	-1.77597 	5.31744e-05 	-0.116226 	0.00171405 	
2.455	2.16908 	-0.0973393 	-1.77592 	4.83755e-05 	-0.116233 	0.00171094 	
2.46	2.1692 	-0.097401 	-1.77588 	4.39398e-05 	-0.116239 	0.00170805 	
2.465	2.16931 	-0.0974579 	-1.77584 	3.98395e-05 	-0.116245 	0.00170538 	
2.47	2.16941 	-0.0975102 	-1.7758 	3.60492e-05 	-0.116251 	0.0017029 	
2.475	2.16951 	-0.0975585 	-1.77576 	3.2545e-05 	-0.116256 	0.0017006 	
2.48	2.1696 	-0.0976031 	-1.77572 	2.93051e-05 	-0.116261 	0.00169847 	
2.485	2.16968 	-0.0976442 	-1.77568 	2.63091e-05 	-0.116266 	0.00169649 	
2.49	2.16976 	-0.0976821 	-1.77565 	2.35379e-05 	-0.11627 	0.00169466 	
2.495	2.16983 	-0.097717 	-1.77561 	2.09743e-05 	-0.116274 	0.00169296 	
2.5	2.1699 	-0.0977494 	-1.77558 	1.86018e-05 	-0.116278 	0.00169138 	
2.505	2.16996 	-0.0977793 	-1.77555 	1.64052e-05 	-0.116281 	0.00168992 	
2.51	2.17002 	-0.0978069 	-1.77553 	1.437e-05 	-0.116284 	0.00168857 	
2.515	2.17007 	-0.0978325 	-1.7755 	1.24888e-05 	-0.116287 	0.00168731 	
2.52	2.17012 	-0.0978559 	-1.77548 	1.07589e-05 	-0.11629 	0.00168616 	
2.525	2.17017 	-0.0978776 	-1.77545 	9.1585e-06 	-0.116293 	0.00168509 	
2.53	2.17021 	-0.0978978 	-1.77543 	7.66549e-06 	-0.116295 	0.00168409 	
2.535	2.17025 	-0.0979168 	-1.77542 	6.27057e-06 	-0.116297 	0.00168316 	
2.54	2.17029 	-0.0979346 	-1.7754 	4.96491e-06 	-0.1163 	0.00168229 	
2.545	2.17033 	-0.0979513 	-1.77538 	3.73888e-06 	-0.116302 	0.00168148 	
2.55	2.1702 	-0.0977392 	-1.77509 	-1.40782e-05 	-0.116281 	0.00170833 	
2.555	2.17024 	-0.097754 	-1.77508 	-1.51592e-05 	-0.116283 	0.00170761 	
2.56	2.17027 	-0.0977675 	-1.77507 	-1.61457e-05 	-0.116284 	0.00170696 	
2.565	2.1703 	-0.0977802 	-1.77506 	-1.70689e-05 	-0.116286 	0.00170635 	
2.57	2.17034 	-0.0977924 	-1.77505 	-1.79571e-05 	-0.116288 	0.00170576 	
2.575	2.17037 	-0.0978043 	-1.77504 	-1.88131e-05 	-0.116289 	0.00170521 	
2.58	2.1704 	-0.097816 	-1.77503 	-1.96419e-05 	-0.116291 	0.00170468 	
2.585	2.17044 	-0.0978275 	-1.77502 	-2.04483e-05 	-0.116293 	0.00170417 	
2.59	2.17047 	-0.0978388 	-1.77502 	-2.12367e-05 	-0.116294 	0.00170367 	
2.595	2.17051 	-0.09785 	-1.77501 	-2.20111e-05 	-0.116296 	0.0017032 	
2.6	2.17054 	-0.0978612 	-1.77501 	-2.27754e-05 	-0.116297 	0.00170273 	
2.605	2.17058 	-0.0978724 	-1.77501 	-2.3533e-05 	-0.116299 	0.00170227 	
2.61	2.17061 	-0.0978837 	-1.77501 	-2.42872e-05 	-0.1163 	0.00170183 	
2.615	2.17065 	-0.0978951 	-1.775 	-2.5041e-05 	-0.116302 	0.00170139 	
2.62	2.17069 	-0.0979066 	-1.775 	-2.57972e-05 	-0.116303 	0.00170095 	
2.625	2.17073 	-0.0979183 	-1.77501 	-2.65584e-05 	-0.116305 	0.00170052 	
2.63	2.17077 	-0.0979302 	-1.77501 	-2.7327e-05 	-0.116307 	0.00170009 	
2.635	2.17081 	-0.0979424 	-1.77501 	-2.81051e-05 	-0.116308 	0.00169966 	
2.64	2.17086 	-0.0979548 	-1.77501 	-2.88949e-05 	-0.11631 	0.00169923 	
2.645	2.1709 	-0.0979676 	-1.77502 	-2.96981e-05 	-0.116312 	0.00169879 	
2.65	2.17095 	-0.0979807 	-1.77502 	-3.05166e-05 	-0.116314 	0.00169835 	
2.655	2.171 	-0.0979941 	-1.77503 	-3.1352e-05 	-0.116316 	0.00169791 	
2.66	2.17105 	-0.0980079 	-1.77503 	-3.22058e-05 	-0.116318 	0.00169746 	
2.665	2.17111 	-0.0980221 	-1.77504 	-3.30813e-05 	-0.11632 	0.00169701 	
2.67	2.17116 	-0.0980368 	-1.77505 	-3.39823e-05 	-0.116322 	0.00169654 	
2.675	2.17122 	-0.0980518 	-1.77505 	-3.49025e-05 	-0.116324 	0.00169607 	
2.68	2.17128 	-0.0980674 	-1.77506 	-3.58495e-05 	-0.116326 	0.00169559 	
2.685	2.17134 	-0.0980835 	-1.77507 	-3.68231e-05 	-0.116328 	0.0016951 	
2.69	2.1714 	-0.0980999 	-1.77508 	-3.78202e-05 	-0.116331 	0.00169459 	
2.695	2.17147 	-0.0981169 	-1.77509 	-3.88431e-05 	-0.116333 	0.00169408 	
2.7	2.17153 	-0.0981344 	-1.7751 	-3.98925e-05 	-0.116336 	0.00169356 	
2.705	2.1716 	-0.0981523 	-1.77511 	-4.09693e-05 	-0.116338 	0.00169302 	
2.71	2.17167 	-0.0981707 	-1.77513 	-4.20741e-05 	-0.116341 	0.00169248 	
2.715	2.17175 	-0.0981897 	-1.77514 	-4.32074e-05 	-0.116343 	0.00169192 	
2.72	2.17182 	-0.0982092 	-1.77515 	-4.437e-05 	-0.116346 	0.00169135 	
2.725	2.1719 	-0.0982292 	-1.77517 	-4.55623e-05 	-0.116349 	0.00169076 	
2.73	2.17198 	-0.0982497 	-1.77518 	-4.67847e-05 	-0.116352 	0.00169016 	
2.735	2.17206 	-0.0982708 	-1.7752 	-4.80378e-05 	-0.116355 	0.00168955 	
2.74	2.17215 	-0.0982924 	-1.77521 	-4.9322e-05 	-0.116358 	0.00168892 	
2.745	2.17223 	-0.0983146 	-1.77523 	-5.06375e-05 	-0.116361 	0.00168828 	
2.75	2.17232 	-0.0983373 	-1.77524 	-5.19848e-05 	-0.116364 	0.00168763 	
2.755	2.17241 	-0.0983606 	-1.77526 	-5.3364e-05 	-0.116368 	0.00168696 	
2.76	2.17251 	-0.0983844 	-1.77528 	-5.47756e-05 	-0.116371 	0.00168628 	
2.765	2.1726 	-0.0984088 	-1.7753 	-5.62197e-05 	-0.116374 	0.00168558 	
2.77	2.17499 	-0.0980538 	-1.77257 	-1.99661e-05 	-0.116377 	0.00170819 	
2.775	2.17508 	-0.0981365 	-1.77268 	-2.50021e-05 	-0.116379 	0.00170465 	
2.78	2.17504 	-0.0982194 	-1.77271 	-3.02108e-05 	-0.116376 	0.0017013 	
2.785	2.17498 	-0.0982892 	-1.7727 	-3.46373e-05 	-0.116373 	0.00169867 	
2.79	2.17493 	-0.0983565 	-1.7727 	-3.88887e-05 	-0.11637 	0.00169616 	
2.795	2.17489 	-0.0984214 	-1.7727 	-4.29803e-05 	-0.116368 	0.00169376 	
2.8	2.17487 	-0.0984842 	-1.7727 	-4.69264e-05 	-0.116366 	0.00169146 	
2.805	2.17486 	-0.098545 	-1.77271 	-5.07401e-05 	-0.116365 	0.00168925 	
2.81	2.17473 	-0.0984353 	-1.77251 	-6.68086e-05 	-0.116348 	0.00170756 	
2.815	2.17475 	-0.0984926 	-1.77252 	-7.03844e-05 	-0.116347 	0.00170553 	
2.82	2.17477 	-0.098548 	-1.77252 	-7.38312e-05 	-0.116347 	0.00170357 	
2.825	2.1748 	-0.098602 	-1.77253 	-7.71803e-05 	-0.116348 	0.00170168 	
2.83	2.17484 	-0.0986549 	-1.77255 	-8.04567e-05 	-0.116349 	0.00169985 	
2.835	2.17489 	-0.098707 	-1.77256 	-8.3665e-05 	-0.11635 	0.00169808 	
2.84	2.17495 	-0.0987581 	-1.77258 	-8.68124e-05 	-0.116352 	0.00169634 	
2.845	2.17738 	-0.0987744 	-1.76972 	-8.83575e-05 	-0.116354 	0.00169677 	
2.85	2.17744 	-0.0988418 	-1.76982 	-9.21605e-05 	-0.116354 	0.00169464 	
2.855	2.17738 	-0.0988974 	-1.76985 	-9.54474e-05 	-0.116349 	0.00169266 	
2.86	2.17728 	-0.0989448 	-1.76983 	-9.83525e-05 	-0.116344 	0.00169087 	
2.865	2.17721 	-0.098992 	-1.76982 	-0.000101231 	-0.11634 	0.00168913 	
2.87	2.17715 	-0.0990389 	-1.76981 	-0.000104088 	-0.116336 	0.00168742 	
2.875	2.17712 	-0.0990856 	-1.7698 	-0.000106928 	-0.116333 	0.00168574 	
2.88	2.17709 	-0.0991322 	-1.7698 	-0.000109753 	-0.116331 	0.00168409 	
2.885	2.17708 	-0.0991787 	-1.7698 	-0.000112567 	-0.11633 	0.00168247 	
2.89	2.17709 	-0.0992252 	-1.76981 	-0.000115374 	-0.116329 	0.00168087 	
2.895	2.17711 	-0.0992718 	-1.76981 	-0.000118176 	-0.116328 	0.00167929 	
2.9	2.17714 	-0.0993183 	-1.76982 	-0.000120976 	-0.116328 	0.00167773 	
2.905	2.17948 	-0.0993652 	-1.76704 	-0.000125699 	-0.116329 	0.00167619 	
2.91	2.17952 	-0.0994251 	-1.76713 	-0.000128971 	-0.116328 	0.00167442 	
2.915	2.17944 	-0.0994735 	-1.76715 	-0.00013174 	-0.116322 	0.00167276 	
2.92	2.17934 	-0.0995152 	-1.76713 	-0.000134225 	-0.116317 	0.00167121 	
2.925	2.17926 	-0.0995576 	-1.76712 	-0.000136744 	-0.116312 	0.00166967 	
2.93	2.17921 	-0.0996006 	-1.76711 	-0.000139295 	-0.116308 	0.00166813 	
2.935	2.17917 	-0.0996442 	-1.7671 	-0.00014188 	-0.116305 	0.0016666 	
2.94	2.17915 	-0.0996884 	-1.7671 	-0.000144497 	-0.116302 	0.00166508 	
2.945	2.17914 	-0.0997331 	-1.7671 	-0.000147146 	-0.116301 	0.00166356 	
2.95	2.17915 	-0.0997785 	-1.76711 	-0.000149828 	-0.1163 	0.00166204 	
2.955	2.17918 	-0.0998244 	-1.76712 	-0.000152542 	-0.116299 	0.00166052 	
2.96	2.18159 	-0.0998748 	-1.76424 	-0.000157628 	-0.116299 	0.00165875 	
2.965	2.18163 	-0.0999358 	-1.76434 	-0.000160894 	-0.116298 	0.00165699 	
2.97	2.18155 	-0.0999848 	-1.76436 	-0.000163646 	-0.116292 	0.00165535 	
2.975	2.18145 	-0.100027 	-1.76434 	-0.000166123 	-0.116286 	0.00165379 	
2.98	2.18137 	-0.10007 	-1.76433 	-0.000168658 	-0.116281 	0.00165223 	
2.985	2.18131 	-0.100114 	-1.76432 	-0.000171249 	-0.116277 	0.00165067 	
2.99	2.18127 	-0.10016 	-1.76431 	-0.000173894 	-0.116274 	0.0016491 	
2.995	2.18125 	-0.100206 	-1.76431 	-0.000176592 	-0.116271 	0.00164753 	
3	2.18125 	-0.100253 	-1.76431 	-0.000179341 	-0.116269 	0.00164596 	
3.005	2.18127 	-0.1003 	-1.76432 	-0.000182138 	-0.116268 	0.00164437 	
3.01	2.18368 	-0.100353 	-1.76143 	-0.000187351 	-0.116268 	0.00164247 	
3.015	2.18372 	-0.100417 	-1.76153 	-0.000190747 	-0.116266 	0.00164063 	
3.02	2.18364 	-0.100468 	-1.76155 	-0.000193635 	-0.11626 	0.0016389 	
3.025	2.18353 	-0.100513 	-1.76153 	-0.000196253 	-0.116254 	0.00163725 	
3.03	2.18345 	-0.10056 	-1.76152 	-0.00019894 	-0.116248 	0.0016356 	
3.035	2.18339 	-0.100607 	-1.76151 	-0.000201693 	-0.116244 	0.00163394 	
3.04	2.18335 	-0.100655 	-1.7615 	-0.00020451 	-0.11624 	0.00163227 	
3.045	2.18334 	-0.100704 	-1.76151 	-0.000207387 	-0.116238 	0.00163059 	
3.05	2.18334 	-0.100755 	-1.76151 	-0.000210322 	-0.116236 	0.00162891 	
3.055	2.18567 	-0.10081 	-1.75869 	-0.000215598 	-0.116235 	0.00162687 	
3.06	2.1857 	-0.100876 	-1.75879 	-0.000219132 	-0.116233 	0.00162494 	
3.065	2.18568 	-0.10102 	-1.75891 	-0.000215574 	-0.116235 	0.00161234 	
3.07	2.18558 	-0.101068 	-1.75889 	-0.000218382 	-0.116229 	0.00161057 	
3.075	2.18549 	-0.101118 	-1.75888 	-0.000221279 	-0.116223 	0.00160879 	
3.08	2.18544 	-0.101169 	-1.75888 	-0.000224251 	-0.116219 	0.00160701 	
3.085	2.18541 	-0.101221 	-1.75888 	-0.000227285 	-0.116215 	0.00160521 	
3.09	2.18539 	-0.101275 	-1.75888 	-0.000230382 	-0.116213 	0.00160341 	
3.095	2.1854 	-0.101329 	-1.75889 	-0.000233538 	-0.116211 	0.0016016 	
3.1	2.18786 	-0.101389 	-1.75592 	-0.000239135 	-0.11621 	0.00159938 	
3.105	2.18791 	-0.10146 	-1.75603 	-0.000242959 	-0.116208 	0.00159729 	
3.11	2.18783 	-0.101519 	-1.75605 	-0.000246257 	-0.116202 	0.00159531 	
3.115	2.18772 	-0.101571 	-1.75604 	-0.00024927 	-0.116195 	0.00159342 	
3.12	2.18764 	-0.101625 	-1.75603 	-0.000252356 	-0.116189 	0.00159152 	
3.125	2.18758 	-0.101679 	-1.75602 	-0.000255514 	-0.116184 	0.00158961 	
3.13	2.18755 	-0.101734 	-1.75602 	-0.000258739 	-0.116181 	0.0015877 	
3.135	2.18754 	-0.101791 	-1.75603 	-0.000262028 	-0.116178 	0.00158578 	
3.14	2.18985 	-0.101853 	-1.75321 	-0.000267604 	-0.116176 	0.00158344 	
3.145	2.18987 	-0.101926 	-1.75331 	-0.000271522 	-0.116173 	0.00158125 	
3.15	2.18978 	-0.101987 	-1.75333 	-0.000274969 	-0.116167 	0.00157917 	
3.155	2.18967 	-0.102042 	-1.75332 	-0.00027816 	-0.11616 	0.00157716 	
3.16	2.18959 	-0.102099 	-1.75331 	-0.000281426 	-0.116154 	0.00157515 	
3.165	2.18954 	-0.102156 	-1.75331 	-0.000284764 	-0.116149 	0.00157313 	
3.17	2.18951 	-0.102215 	-1.75331 	-0.000288168 	-0.116145 	0.00157111 	
3.175	2.18951 	-0.102274 	-1.75332 	-0.000291637 	-0.116143 	0.00156908 	
3.18	2.19189 	-0.10234 	-1.75042 	-0.000297451 	-0.116141 	0.00156657 	
3.185	2.19193 	-0.102417 	-1.75053 	-0.000301591 	-0.116139 	0.00156426 	
3.19	2.19184 	-0.102482 	-1.75055 	-0.000305233 	-0.116132 	0.00156205 	
3.195	2.19173 	-0.10254 	-1.75054 	-0.000308598 	-0.116125 	0.00155993 	
3.2	2.19165 	-0.102599 	-1.75054 	-0.000312038 	-0.116119 	0.00155781 	
3.205	2.1916 	-0.10266 	-1.75054 	-0.000315549 	-0.116114 	0.00155568 	
3.21	2.19158 	-0.102721 	-1.75054 	-0.000319126 	-0.11611 	0.00155355 	
3.215	2.19157 	-0.102784 	-1.75055 	-0.000322767 	-0.116108 	0.00155141 	
3.22	2.19404 	-0.102853 	-1.74754 	-0.000328818 	-0.116106 	0.00154874 	
3.225	2.19409 	-0.102934 	-1.74766 	-0.000333179 	-0.116104 	0.0015463 	
3.23	2.19401 	-0.103003 	-1.74769 	-0.000337009 	-0.116097 	0.00154397 	
3.235	2.1939 	-0.103064 	-1.74768 	-0.000340537 	-0.116089 	0.00154174 	
3.24	2.19382 	-0.103126 	-1.74768 	-0.00034414 	-0.116083 	0.00153951 	
3.245	2.19376 	-0.103189 	-1.74768 	-0.000347813 	-0.116078 	0.00153728 	
3.25	2.19374 	-0.103254 	-1.74769 	-0.000351551 	-0.116075 	0.00153504 	
3.255	2.19597 	-0.103323 	-1.74493 	-0.000357462 	-0.116072 	0.00153229 	
3.26	2.19599 	-0.103404 	-1.74503 	-0.000361838 	-0.116069 	0.00152978 	
3.265	2.19589 	-0.103474 	-1.74506 	-0.000365767 	-0.116061 	0.00152738 	
3.27	2.19578 	-0.103537 	-1.74505 	-0.000369443 	-0.116054 	0.00152505 	
3.275	2.19571 	-0.103602 	-1.74505 	-0.000373191 	-0.116048 	0.00152273 	
3.28	2.19566 	-0.103668 	-1.74506 	-0.000377007 	-0.116043 	0.00152041 	
3.285	2.19564 	-0.103735 	-1.74507 	-0.000380887 	-0.116039 	0.00151808 	
3.29	2.19789 	-0.103807 	-1.74228 	-0.000386947 	-0.116037 	0.00151519 	
3.295	2.19792 	-0.103891 	-1.74239 	-0.00039148 	-0.116033 	0.00151259 	
3.3	2.19783 	-0.103963 	-1.74241 	-0.000395556 	-0.116026 	0.00151009 	
3.305	2.19772 	-0.104029 	-1.74241 	-0.000399369 	-0.116018 	0.00150768 	
3.31	2.19765 	-0.104096 	-1.74241 	-0.000403253 	-0.116012 	0.00150527 	
3.315	2.1976 	-0.104165 	-1.74242 	-0.000407202 	-0.116008 	0.00150286 	
3.32	2.19758 	-0.104234 	-1.74243 	-0.000411213 	-0.116004 	0.00150045 	
3.325	2.19988 	-0.104309 	-1.7396 	-0.000417424 	-0.116001 	0.00149742 	
3.33	2.19992 	-0.104395 	-1.73971 	-0.000422112 	-0.115998 	0.00149473 	
3.335	2.19989 	-0.104551 	-1.73984 	-0.000420235 	-0.115999 	0.00148243 	
3.34	1.89574 	0.0465913 	-1.08844 	-0.0103596 	-0.0892252 	-0.00137795 	
3.345	1.0058 	0.489088 	0.818079 	-0.0394427 	-0.0108788 	-0.00974486 	
3.35	0.781342 	0.599651 	1.29263 	-0.046765 	0.00868167 	-0.011856 	
3.355	-0.0504625 	1.01151 	3.06397 	-0.0741144 	0.0815218 	-0.019576 	
3.36	-0.180545 	1.03319 	3.18246 	-0.0751957 	0.0888026 	-0.0212073 	
3.365	-0.87994 	1.26079 	4.23991 	-0.0894592 	0.13926 	-0.0286303 	
3.37	-0.922541 	1.2115 	4.52791 	-0.086131 	0.14818 	-0.0223708 	
3.375	-1.51189 	1.16275 	5.67268 	-0.0694221 	0.196823 	-0.0174807 	
3.38	-1.60284 	1.1921 	6.06035 	-0.0707233 	0.210175 	-0.0182395 	
3.385	-2.12204 	1.47761 	7.16182 	-0.0893124 	0.256249 	-0.024039 	
3.39	-2.21086 	1.38409 	7.43953 	-0.0806505 	0.266209 	-0.0180442 	
3.395	-2.51066 	1.20675 	8.15266 	-0.0551685 	0.293269 	-0.0137596 	
3.4	-2.31167 	1.07933 	7.81942 	-0.0432537 	0.277863 	-0.013465 	
3.405	-2.46329 	0.92346 	8.40224 	-0.0180146 	0.296911 	-0.0151561 	
3.41	-2.52601 	1.0439 	8.54572 	-0.029223 	0.302518 	-0.0174447 	
3.415	-3.04319 	1.34868 	9.56445 	-0.051467 	0.345381 	-0.0239106 	
3.42	-2.75081 	1.29705 	9.28071 	-0.0467963 	0.328339 	-0.0267699 	
3.425	-2.27194 	1.1358 	9.15817 	-0.0251608 	0.30906 	-0.036474 	
3.43	-2.22376 	1.13454 	9.00986 	-0.0292239 	0.303591 	-0.036272 	
3.435	-2.79893 	1.35643 	9.95797 	-0.0542306 	0.347491 	-0.0362085 	
