0	0.0373224 	-0.00139039 	-0.0281442 	-2.00164e-05 	-0.0017741 	0.000116929 	
0.005	0.184836 	-0.00807192 	-0.139992 	-3.07648e-06 	-0.00886282 	0.000442978 	
0.01	0.321552 	-0.0142644 	-0.243654 	1.26236e-05 	-0.0154327 	0.000745163 	
0.015	0.448263 	-0.0200037 	-0.339728 	2.71745e-05 	-0.0215218 	0.00102523 	
0.02	0.565699 	-0.0253229 	-0.428771 	4.06601e-05 	-0.0271652 	0.0012848 	
0.025	0.674541 	-0.0302528 	-0.511296 	5.31578e-05 	-0.0323955 	0.00152537 	
0.03	0.775416 	-0.0348218 	-0.587781 	6.47398e-05 	-0.0372431 	0.00174833 	
0.035	0.868909 	-0.0390563 	-0.658667 	7.54725e-05 	-0.041736 	0.00195497 	
0.04	0.95556 	-0.0429809 	-0.724364 	8.54179e-05 	-0.0459 	0.00214648 	
0.045	1.03587 	-0.0466182 	-0.785252 	9.46331e-05 	-0.0497593 	0.00232397 	
0.05	1.1103 	-0.0499893 	-0.841683 	0.000103171 	-0.0533362 	0.00248847 	
0.055	1.17929 	-0.0531135 	-0.893982 	0.000111081 	-0.0566514 	0.00264092 	
0.06	1.24322 	-0.056009 	-0.942452 	0.000118409 	-0.059724 	0.00278221 	
0.065	1.30248 	-0.0586925 	-0.987372 	0.000125197 	-0.0625718 	0.00291316 	
0.07	1.3574 	-0.0611795 	-1.029 	0.000131484 	-0.0652113 	0.00303451 	
0.075	1.40831 	-0.0634844 	-1.06759 	0.000137306 	-0.0676577 	0.00314697 	
0.08	1.45548 	-0.0656205 	-1.10334 	0.000142698 	-0.0699251 	0.0032512 	
0.085	1.49921 	-0.0676001 	-1.13648 	0.000147689 	-0.0720267 	0.00334779 	
0.09	1.53974 	-0.0694348 	-1.16719 	0.00015231 	-0.0739746 	0.0034373 	
0.095	1.5773 	-0.071135 	-1.19565 	0.000156586 	-0.07578 	0.00352025 	
0.1	1.61212 	-0.0727106 	-1.22203 	0.000160543 	-0.0774534 	0.00359712 	
0.105	1.64439 	-0.0741708 	-1.24647 	0.000164203 	-0.0790046 	0.00366835 	
0.11	1.67429 	-0.075524 	-1.26912 	0.000167588 	-0.0804423 	0.00373436 	
0.115	1.70202 	-0.0767779 	-1.2901 	0.000170718 	-0.0817749 	0.00379552 	
0.12	1.72771 	-0.07794 	-1.30955 	0.000173611 	-0.0830102 	0.0038522 	
0.125	1.75153 	-0.0790168 	-1.32758 	0.000176284 	-0.0841553 	0.00390472 	
0.13	1.7736 	-0.0800146 	-1.34428 	0.000178753 	-0.0852167 	0.00395337 	
0.135	1.79406 	-0.0809392 	-1.35975 	0.000181033 	-0.0862006 	0.00399846 	
0.14	1.81303 	-0.081796 	-1.37409 	0.000183136 	-0.0871127 	0.00404023 	
0.145	1.83061 	-0.0825898 	-1.38737 	0.000185076 	-0.0879582 	0.00407893 	
0.15	1.8469 	-0.0833254 	-1.39968 	0.000186864 	-0.0887421 	0.00411478 	
0.155	1.86201 	-0.0840069 	-1.41109 	0.000188511 	-0.0894688 	0.00414799 	
0.16	1.87601 	-0.0846382 	-1.42165 	0.000190026 	-0.0901425 	0.00417875 	
0.165	1.88748 	-0.0839236 	-1.43366 	0.000252088 	-0.0907706 	0.00419808 	
0.17	1.89981 	-0.084527 	-1.4429 	0.000250218 	-0.0913623 	0.00422347 	
0.175	1.9112 	-0.0850996 	-1.45139 	0.000247623 	-0.09191 	0.00424651 	
0.18	1.92167 	-0.085622 	-1.45919 	0.000245542 	-0.0924151 	0.00426783 	
0.185	1.93137 	-0.0861059 	-1.46642 	0.000243601 	-0.0928835 	0.00428756 	
0.19	1.94037 	-0.0865541 	-1.47311 	0.000241789 	-0.0933178 	0.00430583 	
0.195	1.94871 	-0.0869693 	-1.4793 	0.000240097 	-0.0937207 	0.00432274 	
0.2	1.95645 	-0.0873538 	-1.48504 	0.000238515 	-0.0940943 	0.0043384 	
0.205	1.96362 	-0.0877099 	-1.49035 	0.000237035 	-0.0944409 	0.00435288 	
0.21	1.97027 	-0.0880396 	-1.49527 	0.00023565 	-0.0947624 	0.00436629 	
0.215	1.97644 	-0.0883448 	-1.49982 	0.000234352 	-0.0950607 	0.00437869 	
0.22	1.98215 	-0.0886275 	-1.50404 	0.000233135 	-0.0953375 	0.00439016 	
0.225	1.98588 	-0.0875474 	-1.51024 	0.000294961 	-0.0955977 	0.00439166 	
0.23	1.99111 	-0.0878553 	-1.51401 	0.000290534 	-0.0958484 	0.0044005 	
0.235	1.9959 	-0.0881537 	-1.51742 	0.000285573 	-0.0960802 	0.0044082 	
0.24	2.00027 	-0.088422 	-1.52052 	0.000281295 	-0.0962926 	0.00441528 	
0.245	2.00432 	-0.0886703 	-1.52339 	0.000277313 	-0.0964897 	0.00442182 	
0.25	2.00807 	-0.0889001 	-1.52604 	0.000273607 	-0.0966729 	0.00442785 	
0.255	2.01156 	-0.0891127 	-1.52849 	0.000270155 	-0.0968429 	0.00443342 	
0.26	2.01479 	-0.0893094 	-1.53076 	0.000266939 	-0.0970009 	0.00443854 	
0.265	2.0178 	-0.0894913 	-1.53285 	0.000263941 	-0.0971477 	0.00444327 	
0.27	2.02058 	-0.0896595 	-1.53478 	0.000261145 	-0.0972842 	0.00444762 	
0.275	2.02147 	-0.0883744 	-1.53905 	0.000326509 	-0.0974147 	0.00444221 	
0.28	2.02421 	-0.0885905 	-1.54087 	0.000320388 	-0.0975461 	0.00444488 	
0.285	2.02656 	-0.0886343 	-1.54228 	0.000300537 	-0.0976501 	0.00446541 	
0.29	2.02877 	-0.0888232 	-1.54369 	0.000294796 	-0.0977596 	0.00446712 	
0.295	2.03082 	-0.0889979 	-1.54499 	0.000289456 	-0.0978614 	0.00446869 	
0.3	2.03273 	-0.0891593 	-1.54619 	0.000284488 	-0.0979563 	0.0044701 	
0.305	2.03451 	-0.0893085 	-1.54729 	0.000279865 	-0.0980446 	0.00447138 	
0.31	2.03616 	-0.0894463 	-1.5483 	0.00027556 	-0.0981269 	0.00447254 	
0.315	2.03605 	-0.0881981 	-1.55161 	0.000336819 	-0.0982071 	0.00446496 	
0.32	2.0378 	-0.088385 	-1.55262 	0.000329538 	-0.0982913 	0.00446492 	
0.325	2.03936 	-0.0885713 	-1.55348 	0.000321914 	-0.0983688 	0.00446434 	
0.33	2.04073 	-0.0887352 	-1.55421 	0.000315178 	-0.0984382 	0.00446373 	
0.335	2.04201 	-0.0888867 	-1.55488 	0.000308913 	-0.098503 	0.00446313 	
0.34	2.04319 	-0.0890265 	-1.55548 	0.000303086 	-0.0985636 	0.00446254 	
0.345	2.0443 	-0.0891557 	-1.55604 	0.000297664 	-0.0986201 	0.00446195 	
0.35	2.04372 	-0.087929 	-1.55888 	0.000356809 	-0.0986764 	0.0044533 	
0.355	2.04499 	-0.0881073 	-1.5595 	0.000348612 	-0.0987383 	0.00445177 	
0.36	2.04611 	-0.0882854 	-1.55999 	0.000340149 	-0.0987952 	0.00444981 	
0.365	2.04708 	-0.0884418 	-1.56037 	0.000332624 	-0.0988457 	0.00444791 	
0.37	2.04799 	-0.0885862 	-1.56072 	0.000325629 	-0.098893 	0.00444611 	
0.375	2.04883 	-0.0887196 	-1.56103 	0.000319122 	-0.0989373 	0.00444441 	
0.38	2.04962 	-0.0888425 	-1.56131 	0.00031307 	-0.098979 	0.00444279 	
0.385	2.0486 	-0.0874958 	-1.56411 	0.000377457 	-0.0990218 	0.00443287 	
0.39	2.04964 	-0.087676 	-1.56451 	0.000368346 	-0.0990725 	0.00443036 	
0.395	2.05054 	-0.0878565 	-1.56479 	0.000358975 	-0.0991187 	0.00442742 	
0.4	2.05128 	-0.088014 	-1.56497 	0.000350656 	-0.0991588 	0.0044246 	
0.405	2.05198 	-0.0881594 	-1.56513 	0.000342921 	-0.0991966 	0.00442195 	
0.41	2.05263 	-0.0882935 	-1.56526 	0.000335729 	-0.0992322 	0.00441945 	
0.415	2.05158 	-0.0870452 	-1.56778 	0.000395199 	-0.0992691 	0.0044096 	
0.42	2.05248 	-0.0872302 	-1.56804 	0.000385326 	-0.0993136 	0.00440638 	
0.425	2.05326 	-0.0874148 	-1.56819 	0.000375282 	-0.0993544 	0.0044028 	
0.43	2.0539 	-0.0875767 	-1.56826 	0.000366309 	-0.0993898 	0.00439939 	
0.435	2.0545 	-0.0877261 	-1.56832 	0.000357969 	-0.0994232 	0.00439618 	
0.44	2.05506 	-0.0878639 	-1.56835 	0.000350215 	-0.0994548 	0.00439316 	
0.445	2.05384 	-0.0865481 	-1.57093 	0.000412962 	-0.0994883 	0.00438284 	
0.45	2.05468 	-0.086741 	-1.57112 	0.000402358 	-0.0995305 	0.0043791 	
0.455	2.05541 	-0.0869333 	-1.5712 	0.000391594 	-0.0995689 	0.004375 	
0.46	2.05599 	-0.0871015 	-1.57119 	0.000381985 	-0.0996018 	0.00437109 	
0.465	2.05654 	-0.0872568 	-1.57118 	0.000373055 	-0.099633 	0.00436741 	
0.47	2.05706 	-0.0873999 	-1.57115 	0.000364752 	-0.0996625 	0.00436396 	
0.475	2.05567 	-0.0860056 	-1.57383 	0.000431478 	-0.0996944 	0.00435326 	
0.48	2.05651 	-0.0862086 	-1.57398 	0.000420108 	-0.0997362 	0.00434908 	
0.485	2.05722 	-0.0864108 	-1.57401 	0.000408587 	-0.0997739 	0.0043445 	
0.49	2.05778 	-0.0865873 	-1.57396 	0.000398314 	-0.0998059 	0.00434014 	
0.495	2.0583 	-0.0867502 	-1.57389 	0.000388767 	-0.0998362 	0.00433605 	
0.5	2.05711 	-0.0855397 	-1.57625 	0.000446641 	-0.0998683 	0.00432596 	
0.505	2.0579 	-0.0857503 	-1.57634 	0.000434661 	-0.0999087 	0.00432133 	
0.51	2.05858 	-0.0859585 	-1.57633 	0.000422644 	-0.0999457 	0.00431638 	
0.515	2.05914 	-0.086142 	-1.57625 	0.000411851 	-0.0999776 	0.00431168 	
0.52	2.05965 	-0.0863112 	-1.57615 	0.000401823 	-0.100008 	0.00430728 	
0.525	2.05841 	-0.0850743 	-1.57856 	0.00046122 	-0.10004 	0.00429715 	
0.53	2.05921 	-0.0852927 	-1.57863 	0.000448691 	-0.100081 	0.00429221 	
0.535	2.0599 	-0.0855085 	-1.5786 	0.000436141 	-0.100118 	0.00428695 	
0.54	2.06045 	-0.0856986 	-1.5785 	0.000424871 	-0.10015 	0.00428194 	
0.545	2.06097 	-0.085874 	-1.57838 	0.0004144 	-0.100181 	0.00427725 	
0.55	2.05966 	-0.0845925 	-1.58087 	0.000476275 	-0.100214 	0.00426709 	
0.555	2.06048 	-0.0848197 	-1.58094 	0.000463172 	-0.100256 	0.00426185 	
0.56	2.06118 	-0.085044 	-1.5809 	0.000450056 	-0.100294 	0.00425626 	
0.565	2.06174 	-0.0852414 	-1.58077 	0.000438286 	-0.100327 	0.00425095 	
0.57	2.06226 	-0.0854234 	-1.58064 	0.000427352 	-0.100358 	0.00424598 	
0.575	2.06088 	-0.0840981 	-1.58322 	0.000491725 	-0.100391 	0.00423582 	
0.58	2.06173 	-0.0843347 	-1.58328 	0.000478025 	-0.100434 	0.00423028 	
0.585	2.06245 	-0.0845681 	-1.58323 	0.000464322 	-0.100474 	0.00422437 	
0.59	2.06302 	-0.0847732 	-1.58309 	0.000452034 	-0.100507 	0.00421875 	
0.595	2.06356 	-0.0849624 	-1.58295 	0.000440619 	-0.100539 	0.00421348 	
0.6	2.06211 	-0.0835959 	-1.58562 	0.000507422 	-0.100573 	0.0042034 	
0.605	2.063 	-0.0838423 	-1.58568 	0.000493112 	-0.100618 	0.00419756 	
0.61	2.06374 	-0.084085 	-1.58563 	0.000478809 	-0.100658 	0.00419132 	
0.615	2.06432 	-0.0842982 	-1.58548 	0.00046599 	-0.100692 	0.00418538 	
0.62	2.06321 	-0.0831979 	-1.5877 	0.000519634 	-0.100728 	0.0041759 	
0.625	2.06404 	-0.0834503 	-1.5877 	0.000504848 	-0.100772 	0.00416963 	
0.63	2.06477 	-0.0836972 	-1.58762 	0.000490217 	-0.100812 	0.00416311 	
0.635	2.06537 	-0.0839165 	-1.58746 	0.000477002 	-0.100847 	0.00415694 	
0.64	2.06426 	-0.082821 	-1.58969 	0.000530671 	-0.100884 	0.00414761 	
0.645	2.06511 	-0.083079 	-1.58969 	0.000515508 	-0.100929 	0.00414112 	
0.65	2.06585 	-0.0833313 	-1.5896 	0.00050052 	-0.10097 	0.00413438 	
0.655	2.06646 	-0.0835554 	-1.58944 	0.000486978 	-0.101005 	0.00412799 	
0.66	2.06532 	-0.0824405 	-1.59172 	0.000541938 	-0.101043 	0.00411881 	
0.665	2.06619 	-0.0827045 	-1.59172 	0.000526383 	-0.101088 	0.00411211 	
0.67	2.06743 	-0.0835806 	-1.59232 	0.000559103 	-0.101192 	0.00403611 	
0.675	2.06805 	-0.0838098 	-1.59215 	0.000545218 	-0.101228 	0.0040295 	
0.68	2.06688 	-0.0826742 	-1.59449 	0.000601501 	-0.101266 	0.00402042 	
0.685	2.06777 	-0.0829447 	-1.59449 	0.000585535 	-0.101313 	0.0040135 	
0.69	2.06855 	-0.083209 	-1.59439 	0.000569758 	-0.101356 	0.00400629 	
0.695	2.06918 	-0.0834436 	-1.59422 	0.000555512 	-0.101393 	0.00399945 	
0.7	2.06798 	-0.0822889 	-1.59661 	0.00061312 	-0.101432 	0.00399056 	
0.705	2.0689 	-0.0825661 	-1.59661 	0.000596727 	-0.10148 	0.0039834 	
0.71	2.06969 	-0.0828369 	-1.59651 	0.000580532 	-0.101524 	0.00397594 	
0.715	2.07033 	-0.0830771 	-1.59633 	0.000565914 	-0.101561 	0.00396886 	
0.72	2.0691 	-0.0819048 	-1.59878 	0.000624799 	-0.101601 	0.00396018 	
0.725	2.07004 	-0.0821888 	-1.59878 	0.00060797 	-0.10165 	0.00395279 	
0.73	2.07085 	-0.0824661 	-1.59868 	0.000591349 	-0.101695 	0.00394507 	
0.735	2.07151 	-0.0827121 	-1.5985 	0.000576351 	-0.101733 	0.00393774 	
0.74	2.07025 	-0.0815236 	-1.60099 	0.000636466 	-0.101774 	0.0039293 	
0.745	2.07121 	-0.0818145 	-1.601 	0.000619195 	-0.101824 	0.00392166 	
0.75	2.07204 	-0.0820984 	-1.60089 	0.000602143 	-0.101869 	0.00391368 	
0.755	2.07271 	-0.0823501 	-1.6007 	0.00058676 	-0.101909 	0.00390609 	
0.76	2.07143 	-0.0811468 	-1.60325 	0.000648063 	-0.10195 	0.00389793 	
0.765	2.07241 	-0.0814446 	-1.60325 	0.000630349 	-0.102001 	0.00389005 	
0.77	2.07325 	-0.0817352 	-1.60315 	0.000612864 	-0.102048 	0.00388179 	
0.775	2.07393 	-0.0819927 	-1.60295 	0.000597094 	-0.102088 	0.00387395 	
0.78	2.07262 	-0.0807759 	-1.60555 	0.000659542 	-0.10213 	0.00386609 	
0.785	2.07363 	-0.0810806 	-1.60555 	0.000641384 	-0.102182 	0.00385795 	
0.79	2.07449 	-0.0813778 	-1.60545 	0.000623466 	-0.102229 	0.00384943 	
0.795	2.07518 	-0.0816411 	-1.60524 	0.00060731 	-0.10227 	0.00384132 	
0.8	2.07385 	-0.0804121 	-1.60788 	0.000670861 	-0.102313 	0.00383379 	
0.805	2.07487 	-0.0807236 	-1.6079 	0.000652262 	-0.102366 	0.0038254 	
0.81	2.07574 	-0.0810273 	-1.60779 	0.000633913 	-0.102414 	0.0038166 	
0.815	2.07645 	-0.0812963 	-1.60758 	0.000617371 	-0.102456 	0.00380823 	
0.82	2.07509 	-0.0800565 	-1.61026 	0.000681985 	-0.102499 	0.00380106 	
0.825	2.07614 	-0.0803747 	-1.61028 	0.000662947 	-0.102554 	0.00379242 	
0.83	2.07703 	-0.0806848 	-1.61017 	0.00064417 	-0.102603 	0.00378334 	
0.835	2.07774 	-0.0809595 	-1.60995 	0.000627245 	-0.102645 	0.00377471 	
0.84	2.07636 	-0.0797101 	-1.61268 	0.000692882 	-0.102689 	0.00376792 	
0.845	2.07743 	-0.0800349 	-1.6127 	0.000673409 	-0.102744 	0.00375903 	
0.85	2.07833 	-0.0803514 	-1.61258 	0.000654208 	-0.102794 	0.00374968 	
0.855	2.07906 	-0.0806317 	-1.61237 	0.000636904 	-0.102837 	0.00374077 	
0.86	2.07765 	-0.0793739 	-1.61514 	0.000703522 	-0.102881 	0.00373441 	
0.865	2.07874 	-0.0797051 	-1.61515 	0.00068362 	-0.102938 	0.00372526 	
0.87	2.07965 	-0.0800279 	-1.61504 	0.000664 	-0.102988 	0.00371563 	
0.875	2.08039 	-0.0803136 	-1.61481 	0.000646321 	-0.103032 	0.00370646 	
0.88	2.07896 	-0.0790488 	-1.61763 	0.000713879 	-0.103077 	0.00370054 	
0.885	2.08007 	-0.0793864 	-1.61764 	0.000693553 	-0.103134 	0.00369113 	
0.89	2.081 	-0.0797152 	-1.61753 	0.00067352 	-0.103186 	0.00368123 	
0.895	2.08007 	-0.0788145 	-1.61967 	0.0007214 	-0.103232 	0.00367433 	
0.9	2.08109 	-0.0791556 	-1.61961 	0.000700712 	-0.103287 	0.00366433 	
0.905	2.08199 	-0.0794851 	-1.61946 	0.000680541 	-0.103337 	0.00365416 	
0.91	2.08275 	-0.0797802 	-1.61924 	0.000662221 	-0.103382 	0.00364453 	
0.915	2.08133 	-0.0785402 	-1.62204 	0.000729414 	-0.103428 	0.00363939 	
0.92	2.08245 	-0.0788861 	-1.62206 	0.000708494 	-0.103487 	0.00362957 	
0.925	2.0834 	-0.0792227 	-1.62194 	0.000687893 	-0.103539 	0.00361925 	
0.93	2.08245 	-0.0783203 	-1.62413 	0.000736666 	-0.103587 	0.00361297 	
0.935	2.08349 	-0.0786698 	-1.62407 	0.00071538 	-0.103642 	0.00360256 	
0.94	2.08441 	-0.0790074 	-1.62391 	0.000694629 	-0.103694 	0.00359195 	
0.945	2.0835 	-0.0781362 	-1.62606 	0.000741989 	-0.103742 	0.00358583 	
0.95	2.08455 	-0.078488 	-1.626 	0.000720511 	-0.103798 	0.00357525 	
0.955	2.08547 	-0.0788277 	-1.62584 	0.000699591 	-0.103849 	0.0035645 	
0.96	2.08455 	-0.077958 	-1.628 	0.00074722 	-0.103898 	0.00355868 	
0.965	2.0856 	-0.0783123 	-1.62794 	0.000725552 	-0.103954 	0.00354796 	
0.97	2.08653 	-0.0786543 	-1.62778 	0.000704447 	-0.104006 	0.00353705 	
0.975	2.08561 	-0.077784 	-1.62996 	0.000752479 	-0.104055 	0.00353156 	
0.98	2.08667 	-0.0781409 	-1.62989 	0.000730608 	-0.104112 	0.00352069 	
0.985	2.08761 	-0.0784855 	-1.62974 	0.000709304 	-0.104164 	0.00350963 	
0.99	2.08667 	-0.0776149 	-1.63193 	0.000757722 	-0.104213 	0.00350446 	
0.995	2.08774 	-0.0779747 	-1.63187 	0.000735637 	-0.10427 	0.00349344 	
1	2.08869 	-0.078322 	-1.63172 	0.000714124 	-0.104322 	0.00348221 	
1.005	2.08774 	-0.077452 	-1.63393 	0.000762899 	-0.104372 	0.00347737 	
1.01	2.08882 	-0.0778147 	-1.63387 	0.000740592 	-0.104429 	0.00346619 	
1.015	2.08977 	-0.0781649 	-1.63371 	0.000718863 	-0.104482 	0.00345479 	
1.02	2.08885 	-0.0773347 	-1.63598 	0.000770957 	-0.104536 	0.00344583 	
1.025	2.08993 	-0.0777004 	-1.63592 	0.000748424 	-0.104594 	0.00343448 	
1.03	2.09089 	-0.0780535 	-1.63576 	0.000726474 	-0.104647 	0.00342291 	
1.035	2.08993 	-0.0771862 	-1.638 	0.000775877 	-0.104696 	0.00341874 	
1.04	2.09103 	-0.077555 	-1.63794 	0.000753114 	-0.104755 	0.00340721 	
1.045	2.09199 	-0.077911 	-1.63778 	0.00073094 	-0.104808 	0.00339547 	
1.05	2.09102 	-0.077046 	-1.64004 	0.000780621 	-0.104858 	0.00339164 	
1.055	2.09212 	-0.0774178 	-1.63998 	0.000757628 	-0.104917 	0.00337994 	
1.06	2.09309 	-0.0777767 	-1.63982 	0.00073523 	-0.104971 	0.00336802 	
1.065	2.09212 	-0.0769145 	-1.64209 	0.000785165 	-0.105021 	0.00336453 	
1.07	2.09322 	-0.0772894 	-1.64203 	0.000761942 	-0.10508 	0.00335267 	
1.075	2.0942 	-0.0776512 	-1.64187 	0.000739321 	-0.105134 	0.00334057 	
1.08	2.09322 	-0.0767923 	-1.64415 	0.000789487 	-0.105184 	0.00333743 	
1.085	2.09433 	-0.0771702 	-1.64409 	0.000766036 	-0.105244 	0.0033254 	
1.09	2.09531 	-0.0775349 	-1.64393 	0.000743193 	-0.105298 	0.00331312 	
1.095	2.09432 	-0.0766797 	-1.64622 	0.000793569 	-0.105348 	0.00331034 	
1.1	2.09544 	-0.0770605 	-1.64616 	0.000769893 	-0.105408 	0.00329814 	
1.105	2.09642 	-0.0774281 	-1.646 	0.000746831 	-0.105462 	0.00328568 	
1.11	2.09543 	-0.0765772 	-1.6483 	0.000797396 	-0.105513 	0.00328327 	
1.115	2.09655 	-0.0769608 	-1.64824 	0.000773497 	-0.105573 	0.00327089 	
1.12	2.09754 	-0.0773311 	-1.64807 	0.000750219 	-0.105628 	0.00325826 	
1.125	2.09654 	-0.0764849 	-1.65038 	0.000800953 	-0.105679 	0.00325622 	
1.13	2.09767 	-0.0768713 	-1.65032 	0.000776836 	-0.105739 	0.00324367 	
1.135	2.09866 	-0.0772443 	-1.65016 	0.000753347 	-0.105793 	0.00323087 	
1.14	2.09765 	-0.0764031 	-1.65248 	0.000804228 	-0.105844 	0.0032292 	
1.145	2.09879 	-0.0767923 	-1.65242 	0.000779898 	-0.105905 	0.00321649 	
1.15	2.09978 	-0.0771678 	-1.65225 	0.000756202 	-0.10596 	0.00320351 	
1.155	2.09877 	-0.0763322 	-1.65458 	0.000807212 	-0.106011 	0.00320222 	
1.16	2.09991 	-0.076724 	-1.65452 	0.000782673 	-0.106071 	0.00318935 	
1.165	2.10091 	-0.077102 	-1.65435 	0.000758776 	-0.106126 	0.0031762 	
1.17	2.09989 	-0.0762723 	-1.65668 	0.000809894 	-0.106178 	0.00317529 	
1.175	2.10103 	-0.0766665 	-1.65662 	0.000785153 	-0.106238 	0.00316226 	
1.18	2.10203 	-0.0770469 	-1.65646 	0.00076106 	-0.106294 	0.00314895 	
1.185	2.10101 	-0.0762236 	-1.65879 	0.000812267 	-0.106345 	0.00314843 	
1.19	2.10215 	-0.0766202 	-1.65873 	0.00078733 	-0.106406 	0.00313524 	
1.195	2.10316 	-0.0770028 	-1.65857 	0.000763046 	-0.106461 	0.00312176 	
1.2	2.10214 	-0.0761862 	-1.66091 	0.000814323 	-0.106513 	0.00312164 	
1.205	2.10328 	-0.0765851 	-1.66085 	0.000789196 	-0.106573 	0.00310829 	
1.21	2.10428 	-0.0769699 	-1.66068 	0.000764727 	-0.106629 	0.00309465 	
1.215	2.10326 	-0.0761603 	-1.66302 	0.000816055 	-0.10668 	0.00309492 	
1.22	2.1044 	-0.0765613 	-1.66296 	0.000790745 	-0.106741 	0.00308142 	
1.225	2.10541 	-0.0769482 	-1.6628 	0.000766099 	-0.106797 	0.00306763 	
1.23	2.10438 	-0.076146 	-1.66514 	0.000817458 	-0.106848 	0.0030683 	
1.235	2.10553 	-0.076549 	-1.66508 	0.000791971 	-0.106909 	0.00305465 	
1.24	2.10654 	-0.0769378 	-1.66491 	0.000767154 	-0.106965 	0.00304071 	
1.245	2.10551 	-0.0761433 	-1.66726 	0.000818526 	-0.107016 	0.00304179 	
1.25	2.10665 	-0.0765483 	-1.6672 	0.000792869 	-0.107077 	0.00302799 	
1.255	2.10766 	-0.0769389 	-1.66703 	0.000767889 	-0.107133 	0.0030139 	
1.26	2.10663 	-0.0761525 	-1.66938 	0.000819253 	-0.107184 	0.00301538 	
1.265	2.10778 	-0.0765592 	-1.66932 	0.000793435 	-0.107245 	0.00300144 	
1.27	2.10879 	-0.0769515 	-1.66915 	0.000768298 	-0.107301 	0.00298721 	
1.275	2.10775 	-0.0761734 	-1.6715 	0.000819637 	-0.107352 	0.00298909 	
1.28	2.1089 	-0.0765818 	-1.67144 	0.000793665 	-0.107413 	0.00297502 	
1.285	2.10991 	-0.0769757 	-1.67127 	0.000768378 	-0.107469 	0.00296065 	
1.29	2.10887 	-0.0762063 	-1.67362 	0.000819672 	-0.107521 	0.00296294 	
1.295	2.11002 	-0.0766162 	-1.67356 	0.000793554 	-0.107581 	0.00294873 	
1.3	2.11103 	-0.0770115 	-1.67339 	0.000768126 	-0.107637 	0.00293423 	
1.305	2.10999 	-0.076251 	-1.67574 	0.000819356 	-0.107688 	0.00293692 	
1.31	2.11114 	-0.0766623 	-1.67567 	0.0007931 	-0.107749 	0.00292259 	
1.315	2.11215 	-0.0770589 	-1.6755 	0.000767539 	-0.107805 	0.00290796 	
1.32	2.11111 	-0.0763077 	-1.67785 	0.000818686 	-0.107856 	0.00291106 	
1.325	2.11226 	-0.0767201 	-1.67779 	0.000792301 	-0.107917 	0.00289661 	
1.33	2.11326 	-0.077118 	-1.67761 	0.000766614 	-0.107972 	0.00288185 	
1.335	2.11222 	-0.0763762 	-1.67996 	0.000817659 	-0.108023 	0.00288535 	
1.34	2.11337 	-0.0767898 	-1.67989 	0.000791153 	-0.108084 	0.00287078 	
1.345	2.11438 	-0.0771887 	-1.67972 	0.000765348 	-0.108139 	0.00285591 	
1.35	2.11333 	-0.0764566 	-1.68206 	0.000816273 	-0.108191 	0.00285982 	
1.355	2.11448 	-0.0768712 	-1.682 	0.000789655 	-0.108251 	0.00284513 	
1.36	2.11548 	-0.0772709 	-1.68183 	0.000763741 	-0.108306 	0.00283015 	
1.365	2.11444 	-0.0765489 	-1.68416 	0.000814527 	-0.108357 	0.00283445 	
1.37	2.11558 	-0.0769642 	-1.68409 	0.000787805 	-0.108418 	0.00281967 	
1.375	2.11658 	-0.0773648 	-1.68392 	0.000761792 	-0.108473 	0.00280457 	
1.38	2.11554 	-0.076653 	-1.68625 	0.000812419 	-0.108524 	0.00280928 	
1.385	2.11668 	-0.077069 	-1.68619 	0.000785603 	-0.108584 	0.00279439 	
1.39	2.11768 	-0.0774701 	-1.68601 	0.000759498 	-0.108639 	0.00277919 	
1.395	2.11664 	-0.0767687 	-1.68833 	0.000809949 	-0.108689 	0.00278429 	
1.4	2.11778 	-0.0771853 	-1.68827 	0.000783048 	-0.108749 	0.00276931 	
1.405	2.11877 	-0.0775869 	-1.6881 	0.000756861 	-0.108804 	0.00275402 	
1.41	2.11774 	-0.0768961 	-1.69041 	0.000807116 	-0.108854 	0.00275951 	
1.415	2.11887 	-0.077313 	-1.69034 	0.000780139 	-0.108914 	0.00274444 	
1.42	2.11986 	-0.077715 	-1.69017 	0.000753879 	-0.108969 	0.00272906 	
1.425	2.11883 	-0.077035 	-1.69248 	0.000803921 	-0.109019 	0.00273494 	
1.43	2.11995 	-0.0774522 	-1.69241 	0.000776878 	-0.109079 	0.00271978 	
1.435	2.12094 	-0.0778544 	-1.69224 	0.000750554 	-0.109133 	0.00270432 	
1.44	2.11991 	-0.0771854 	-1.69453 	0.000800363 	-0.109183 	0.00271058 	
1.445	2.12055 	-0.0769698 	-1.69372 	0.000725321 	-0.109179 	0.00277 	
1.45	2.12154 	-0.0773721 	-1.69355 	0.000698943 	-0.109233 	0.00275447 	
1.455	2.12051 	-0.0767144 	-1.69583 	0.000748548 	-0.109283 	0.00276114 	
1.46	2.12162 	-0.0771315 	-1.69577 	0.000721403 	-0.109342 	0.00274584 	
1.465	2.12261 	-0.0775337 	-1.69559 	0.00069498 	-0.109395 	0.00273023 	
1.47	2.12158 	-0.0768873 	-1.69787 	0.000744316 	-0.109445 	0.00273728 	
1.475	2.12269 	-0.0773042 	-1.6978 	0.000717134 	-0.109504 	0.00272191 	
1.48	2.12367 	-0.0777062 	-1.69763 	0.000690676 	-0.109557 	0.00270624 	
1.485	2.12264 	-0.0770712 	-1.69989 	0.000739726 	-0.109606 	0.00271365 	
1.49	2.12375 	-0.0774877 	-1.69982 	0.000712518 	-0.109665 	0.00269822 	
1.495	2.12472 	-0.0778893 	-1.69965 	0.000686035 	-0.109718 	0.00268249 	
1.5	2.1237 	-0.0772659 	-1.7019 	0.000734779 	-0.109767 	0.00269026 	
1.505	2.1248 	-0.0776819 	-1.70183 	0.000707556 	-0.109825 	0.00267477 	
1.51	2.12577 	-0.078083 	-1.70166 	0.000681058 	-0.109878 	0.002659 	
1.515	2.12475 	-0.0774712 	-1.7039 	0.000729479 	-0.109927 	0.00266711 	
1.52	2.12584 	-0.0778865 	-1.70383 	0.00070225 	-0.109984 	0.00265158 	
1.525	2.12681 	-0.0782869 	-1.70366 	0.000675748 	-0.110037 	0.00263577 	
1.53	2.1258 	-0.0776869 	-1.70588 	0.000723827 	-0.110085 	0.00264422 	
1.535	2.12688 	-0.0781014 	-1.70581 	0.000696604 	-0.110142 	0.00262865 	
1.54	2.12784 	-0.0785009 	-1.70564 	0.000670108 	-0.110194 	0.0026128 	
1.545	2.12683 	-0.0779129 	-1.70784 	0.000717829 	-0.110243 	0.00262158 	
1.55	2.12791 	-0.0783262 	-1.70777 	0.000690622 	-0.110299 	0.00260598 	
1.555	2.12886 	-0.0787248 	-1.7076 	0.000664142 	-0.110351 	0.00259011 	
1.56	2.12786 	-0.0781487 	-1.70979 	0.000711486 	-0.110399 	0.0025992 	
1.565	2.12893 	-0.0785609 	-1.70972 	0.000684307 	-0.110455 	0.00258358 	
1.57	2.12987 	-0.0789584 	-1.70955 	0.000657854 	-0.110507 	0.00256769 	
1.575	2.12888 	-0.0783943 	-1.71172 	0.000704804 	-0.110554 	0.00257708 	
1.58	2.12994 	-0.0788052 	-1.71165 	0.000677663 	-0.11061 	0.00256145 	
1.585	2.13087 	-0.0792014 	-1.71148 	0.000651248 	-0.110661 	0.00254554 	
1.59	2.12989 	-0.0786494 	-1.71364 	0.000697787 	-0.110708 	0.00255524 	
1.595	2.13094 	-0.0790588 	-1.71357 	0.000670696 	-0.110763 	0.00253959 	
1.6	2.13187 	-0.0794535 	-1.7134 	0.000644329 	-0.110814 	0.00252369 	
1.605	2.13089 	-0.0789136 	-1.71554 	0.00069044 	-0.110861 	0.00253366 	
1.61	2.13193 	-0.0793214 	-1.71546 	0.00066341 	-0.110915 	0.00251801 	
1.615	2.13285 	-0.0797145 	-1.7153 	0.000637102 	-0.110965 	0.00250211 	
1.62	2.13188 	-0.0791868 	-1.71741 	0.000682768 	-0.111012 	0.00251236 	
1.625	2.13291 	-0.0795927 	-1.71734 	0.00065581 	-0.111066 	0.00249672 	
1.63	2.13382 	-0.0799841 	-1.71717 	0.000629574 	-0.111116 	0.00248083 	
1.635	2.1346 	-0.0803342 	-1.71693 	0.000605776 	-0.111159 	0.00246589 	
1.64	2.13309 	-0.0795338 	-1.71973 	0.000673319 	-0.111204 	0.00248519 	
1.645	2.1342 	-0.0799383 	-1.71974 	0.000646569 	-0.111261 	0.00247027 	
1.65	2.13514 	-0.0803321 	-1.71961 	0.000620199 	-0.111312 	0.0024545 	
1.655	2.13414 	-0.0798075 	-1.72175 	0.000666814 	-0.111357 	0.00246607 	
1.66	2.13515 	-0.080212 	-1.72168 	0.00063986 	-0.111411 	0.00245038 	
1.665	2.13605 	-0.0806024 	-1.72151 	0.000613601 	-0.11146 	0.0024344 	
1.67	2.13682 	-0.0809514 	-1.72127 	0.000589794 	-0.111502 	0.00241938 	
1.675	2.13533 	-0.0801898 	-1.72401 	0.000655805 	-0.111546 	0.00243931 	
1.68	2.13641 	-0.0805916 	-1.72401 	0.000629124 	-0.111602 	0.00242432 	
1.685	2.13733 	-0.0809828 	-1.72388 	0.000602827 	-0.111652 	0.00240851 	
1.69	2.13808 	-0.0813293 	-1.72363 	0.000579134 	-0.111694 	0.0023935 	
1.695	2.13657 	-0.0805674 	-1.7264 	0.000646046 	-0.111737 	0.00241448 	
1.7	2.13764 	-0.0809684 	-1.72641 	0.000619376 	-0.111792 	0.00239948 	
1.705	2.13855 	-0.0813591 	-1.72627 	0.000593069 	-0.111841 	0.00238363 	
1.71	2.1393 	-0.0817049 	-1.72603 	0.000569376 	-0.111883 	0.00236858 	
1.715	2.1378 	-0.0809656 	-1.72875 	0.000635317 	-0.111925 	0.00238984 	
1.72	2.13885 	-0.0813649 	-1.72876 	0.0006087 	-0.11198 	0.0023748 	
1.725	2.13975 	-0.081754 	-1.72862 	0.000582449 	-0.112028 	0.00235894 	
1.73	2.14049 	-0.0820985 	-1.72838 	0.000558802 	-0.112069 	0.00234388 	
1.735	2.13901 	-0.0813835 	-1.73106 	0.000623577 	-0.112111 	0.00236533 	
1.74	2.14005 	-0.0817804 	-1.73106 	0.000597071 	-0.112165 	0.00235029 	
1.745	2.14094 	-0.0821669 	-1.73093 	0.000570933 	-0.112212 	0.00233445 	
1.75	2.14166 	-0.0825094 	-1.73068 	0.000547382 	-0.112253 	0.00231943 	
1.755	2.14021 	-0.0818185 	-1.73331 	0.000610961 	-0.112294 	0.00234104 	
1.76	2.14123 	-0.082212 	-1.73331 	0.000584616 	-0.112347 	0.00232602 	
1.765	2.1421 	-0.0825954 	-1.73318 	0.000558641 	-0.112394 	0.00231024 	
1.77	2.14281 	-0.0829351 	-1.73294 	0.000535231 	-0.112433 	0.00229529 	
1.775	2.14139 	-0.082268 	-1.73552 	0.000597591 	-0.112474 	0.00231703 	
1.78	2.14238 	-0.0826576 	-1.73551 	0.000571451 	-0.112526 	0.00230208 	
1.785	2.14324 	-0.0830371 	-1.73538 	0.000545681 	-0.112572 	0.00228639 	
1.79	2.14394 	-0.0833736 	-1.73515 	0.000522451 	-0.112611 	0.00227153 	
1.795	2.14254 	-0.0827299 	-1.73768 	0.000583566 	-0.112651 	0.00229338 	
1.8	2.14352 	-0.083115 	-1.73767 	0.00055767 	-0.112701 	0.00227851 	
1.805	2.14436 	-0.0834903 	-1.73754 	0.000532141 	-0.112746 	0.00226293 	
1.81	2.14505 	-0.083823 	-1.7373 	0.000509124 	-0.112785 	0.0022482 	
1.815	2.14368 	-0.0832024 	-1.73978 	0.000568966 	-0.112824 	0.00227011 	
1.82	2.14464 	-0.0835826 	-1.73977 	0.000543347 	-0.112873 	0.00225535 	
1.825	2.14546 	-0.083953 	-1.73964 	0.000518092 	-0.112918 	0.00223991 	
1.83	2.14614 	-0.0842817 	-1.73941 	0.000495318 	-0.112955 	0.00222532 	
1.835	2.1448 	-0.0836839 	-1.74184 	0.000553857 	-0.112994 	0.00224726 	
1.84	2.14573 	-0.0840587 	-1.74182 	0.000528546 	-0.113042 	0.00223264 	
1.845	2.14654 	-0.084424 	-1.74169 	0.000503595 	-0.113086 	0.00221735 	
1.85	2.14721 	-0.0847482 	-1.74147 	0.000481091 	-0.113123 	0.00220292 	
1.855	2.14589 	-0.0841729 	-1.74384 	0.000538293 	-0.11316 	0.00222485 	
1.86	2.1468 	-0.084542 	-1.74382 	0.000513319 	-0.113208 	0.00221037 	
1.865	2.1476 	-0.0849017 	-1.7437 	0.000488701 	-0.11325 	0.00219527 	
1.87	2.14825 	-0.0852211 	-1.74348 	0.000466492 	-0.113286 	0.00218102 	
1.875	2.14697 	-0.0846681 	-1.74579 	0.000522323 	-0.113323 	0.00220289 	
1.88	2.14786 	-0.0850311 	-1.74577 	0.000497713 	-0.113369 	0.00218858 	
1.885	2.14863 	-0.0853849 	-1.74565 	0.000473453 	-0.113411 	0.00217368 	
1.89	2.14927 	-0.0856991 	-1.74543 	0.000451563 	-0.113446 	0.00215963 	
1.895	2.14802 	-0.0851683 	-1.74769 	0.00050599 	-0.113482 	0.0021814 	
1.9	2.14889 	-0.0855248 	-1.74767 	0.000481769 	-0.113527 	0.00216727 	
1.905	2.14964 	-0.0858724 	-1.74754 	0.000457892 	-0.113568 	0.00215258 	
1.91	2.15027 	-0.0861812 	-1.74734 	0.000436344 	-0.113603 	0.00213875 	
1.915	2.14905 	-0.0856722 	-1.74954 	0.000489333 	-0.113638 	0.00216037 	
1.92	2.1499 	-0.0860219 	-1.74951 	0.000465525 	-0.113682 	0.00214644 	
1.925	2.15063 	-0.0863629 	-1.74939 	0.000442056 	-0.113721 	0.00213198 	
1.93	2.15125 	-0.0866661 	-1.74919 	0.000420871 	-0.113755 	0.00211838 	
1.935	2.15006 	-0.0861787 	-1.75133 	0.000472387 	-0.113789 	0.00213981 	
1.94	2.15088 	-0.0865213 	-1.7513 	0.000449017 	-0.113832 	0.0021261 	
1.945	2.1516 	-0.0868555 	-1.75118 	0.000425978 	-0.11387 	0.00211189 	
1.95	2.1522 	-0.0871526 	-1.75098 	0.000405178 	-0.113904 	0.00209853 	
1.955	2.15277 	-0.087425 	-1.75078 	0.000385999 	-0.113935 	0.00208613 	
1.96	2.15121 	-0.0867749 	-1.75337 	0.000452709 	-0.113968 	0.00211572 	
1.965	2.15206 	-0.0871098 	-1.7534 	0.000429956 	-0.114011 	0.00210283 	
1.97	2.15342 	-0.0882947 	-1.75433 	0.00047047 	-0.114135 	0.00198603 	
1.975	2.154 	-0.0885854 	-1.75414 	0.000450089 	-0.114167 	0.00197291 	
1.98	2.15455 	-0.0888518 	-1.75394 	0.000431297 	-0.114197 	0.00196074 	
1.985	2.15301 	-0.0882203 	-1.75648 	0.000496946 	-0.114229 	0.00199045 	
1.99	2.15383 	-0.0885486 	-1.75651 	0.000474609 	-0.114271 	0.00197776 	
1.995	2.15454 	-0.0888721 	-1.75642 	0.000452298 	-0.114309 	0.00196414 	
2	2.1551 	-0.0891573 	-1.75624 	0.000432274 	-0.11434 	0.00195124 	
2.005	2.15563 	-0.0894187 	-1.75605 	0.000413811 	-0.114369 	0.00193927 	
2.01	2.15416 	-0.0888227 	-1.75849 	0.000476832 	-0.1144 	0.00196829 	
2.015	2.15495 	-0.089143 	-1.75851 	0.000454991 	-0.11444 	0.0019558 	
2.02	2.15562 	-0.0894586 	-1.75842 	0.000433182 	-0.114476 	0.00194245 	
2.025	2.15617 	-0.0897372 	-1.75824 	0.000413596 	-0.114506 	0.00192983 	
2.03	2.15669 	-0.0899926 	-1.75805 	0.000395536 	-0.114535 	0.00191812 	
2.035	2.15527 	-0.0894326 	-1.76039 	0.000455753 	-0.114564 	0.00194632 	
2.04	2.15603 	-0.0897436 	-1.76041 	0.000434492 	-0.114603 	0.00193408 	
2.045	2.15668 	-0.0900502 	-1.76032 	0.00041327 	-0.114637 	0.00192106 	
2.05	2.15721 	-0.0903211 	-1.76014 	0.000394199 	-0.114666 	0.00190877 	
2.055	2.1577 	-0.0905695 	-1.75997 	0.000376614 	-0.114694 	0.00189738 	
2.06	2.15635 	-0.0900446 	-1.7622 	0.000433983 	-0.114722 	0.00192466 	
2.065	2.15707 	-0.0903453 	-1.76221 	0.000413375 	-0.114759 	0.00191274 	
2.07	2.1577 	-0.090642 	-1.76212 	0.000392807 	-0.114792 	0.00190009 	
2.075	2.15821 	-0.0909043 	-1.76195 	0.000374313 	-0.11482 	0.00188818 	
2.08	2.15869 	-0.0911449 	-1.76178 	0.000357261 	-0.114847 	0.00187713 	
2.085	2.15914 	-0.0913653 	-1.76161 	0.000341544 	-0.114872 	0.00186688 	
2.09	2.15754 	-0.0907337 	-1.76414 	0.000409418 	-0.114898 	0.00190037 	
2.095	2.15826 	-0.0910232 	-1.76419 	0.00038966 	-0.114935 	0.00188927 	
2.1	2.15888 	-0.0913112 	-1.76412 	0.000369712 	-0.114967 	0.00187713 	
2.105	2.15936 	-0.091564 	-1.76397 	0.000351867 	-0.114994 	0.00186564 	
2.11	2.15982 	-0.0917959 	-1.76381 	0.000335412 	-0.115019 	0.00185497 	
2.115	2.16025 	-0.0920084 	-1.76364 	0.000320244 	-0.115043 	0.00184507 	
2.12	2.15872 	-0.0914148 	-1.76605 	0.000385017 	-0.115068 	0.00187755 	
2.125	2.1594 	-0.0916928 	-1.76609 	0.000366 	-0.115103 	0.0018668 	
2.13	2.15998 	-0.0919697 	-1.76603 	0.000346793 	-0.115133 	0.00185508 	
2.135	2.16045 	-0.0922131 	-1.76588 	0.000329599 	-0.115159 	0.00184401 	
2.14	2.16088 	-0.0924364 	-1.76573 	0.000313744 	-0.115183 	0.00183373 	
2.145	2.16129 	-0.092641 	-1.76558 	0.000299128 	-0.115205 	0.00182421 	
2.15	2.15986 	-0.0920979 	-1.76782 	0.000359415 	-0.115229 	0.00185486 	
2.155	2.1605 	-0.0923625 	-1.76785 	0.000341257 	-0.115261 	0.00184449 	
2.16	2.16104 	-0.0926264 	-1.76779 	0.000322926 	-0.11529 	0.00183327 	
2.165	2.16148 	-0.0928588 	-1.76765 	0.000306499 	-0.115314 	0.00182271 	
2.17	2.1619 	-0.093072 	-1.76751 	0.00029135 	-0.115337 	0.0018129 	
2.175	2.16229 	-0.0932674 	-1.76737 	0.000277384 	-0.115358 	0.00180381 	
2.18	2.16265 	-0.0934464 	-1.76723 	0.000264513 	-0.115378 	0.00179538 	
2.185	2.16107 	-0.0928439 	-1.76962 	0.000330843 	-0.1154 	0.00182997 	
2.19	2.16169 	-0.0930932 	-1.76968 	0.000313784 	-0.115431 	0.00182045 	
2.195	2.16222 	-0.093344 	-1.76964 	0.000296377 	-0.115459 	0.00180988 	
2.2	2.16263 	-0.0935637 	-1.76951 	0.000280842 	-0.115481 	0.00179989 	
2.205	2.16301 	-0.0937653 	-1.76938 	0.000266512 	-0.115502 	0.00179063 	
2.21	2.16338 	-0.0939501 	-1.76925 	0.0002533 	-0.115522 	0.00178204 	
2.215	2.16372 	-0.0941196 	-1.76912 	0.000241122 	-0.115541 	0.00177407 	
2.22	2.16227 	-0.0935759 	-1.77132 	0.000301922 	-0.115561 	0.0018062 	
2.225	2.16283 	-0.0938088 	-1.77137 	0.00028594 	-0.115589 	0.00179717 	
2.23	2.16331 	-0.0940434 	-1.77132 	0.000269634 	-0.115615 	0.00178724 	
2.235	2.16369 	-0.0942495 	-1.77121 	0.000255061 	-0.115635 	0.00177789 	
2.24	2.16405 	-0.0944386 	-1.77109 	0.000241617 	-0.115655 	0.00176921 	
2.245	2.16439 	-0.0946122 	-1.77097 	0.000229219 	-0.115673 	0.00176117 	
2.25	2.1647 	-0.0947713 	-1.77085 	0.000217789 	-0.115691 	0.00175371 	
2.255	2.165 	-0.094917 	-1.77073 	0.000207256 	-0.115707 	0.00174679 	
2.26	2.16351 	-0.0943565 	-1.77295 	0.000269781 	-0.115725 	0.00178048 	
2.265	2.16403 	-0.0945699 	-1.77301 	0.00025516 	-0.115751 	0.00177233 	
2.27	2.16447 	-0.0947868 	-1.77298 	0.0002401 	-0.115774 	0.00176321 	
2.275	2.16482 	-0.0949766 	-1.77288 	0.000226676 	-0.115793 	0.00175461 	
2.28	2.16515 	-0.095151 	-1.77277 	0.00021429 	-0.115811 	0.00174664 	
2.285	2.16546 	-0.0953111 	-1.77267 	0.000202865 	-0.115828 	0.00173925 	
2.29	2.16574 	-0.095458 	-1.77257 	0.000192329 	-0.115843 	0.00173239 	
2.295	2.16601 	-0.0955926 	-1.77246 	0.000182615 	-0.115858 	0.00172603 	
2.3	2.16626 	-0.095716 	-1.77236 	0.000173664 	-0.115872 	0.00172013 	
2.305	2.1665 	-0.0958289 	-1.77225 	0.000165418 	-0.115885 	0.00171466 	
2.31	2.16487 	-0.0952121 	-1.77459 	0.00023353 	-0.1159 	0.00175216 	
2.315	2.16536 	-0.0954029 	-1.77468 	0.000220542 	-0.115925 	0.00174517 	
2.32	2.16576 	-0.0955998 	-1.77467 	0.000206914 	-0.115945 	0.00173702 	
2.325	2.16607 	-0.0957709 	-1.77459 	0.00019484 	-0.115962 	0.00172931 	
2.33	2.16636 	-0.0959282 	-1.7745 	0.000183694 	-0.115978 	0.00172216 	
2.335	2.16663 	-0.0960728 	-1.77442 	0.000173407 	-0.115992 	0.00171554 	
2.34	2.16688 	-0.0962056 	-1.77433 	0.000163915 	-0.116006 	0.00170939 	
2.345	2.16712 	-0.0963275 	-1.77425 	0.00015516 	-0.116019 	0.00170369 	
2.35	2.16734 	-0.0964394 	-1.77416 	0.000147086 	-0.116031 	0.00169841 	
2.355	2.16754 	-0.0965419 	-1.77408 	0.000139641 	-0.116042 	0.0016935 	
2.36	2.16774 	-0.0966359 	-1.77399 	0.00013278 	-0.116053 	0.00168896 	
2.365	2.16757 	-0.0962419 	-1.77333 	9.13332e-05 	-0.116015 	0.00174283 	
2.37	2.16774 	-0.0963207 	-1.77324 	8.55094e-05 	-0.116025 	0.00173892 	
2.375	2.16607 	-0.0956879 	-1.77557 	0.000155041 	-0.116036 	0.00177793 	
2.38	2.1665 	-0.095849 	-1.77568 	0.000144157 	-0.116057 	0.00177226 	
2.385	2.16684 	-0.0960188 	-1.77569 	0.000132475 	-0.116075 	0.00176538 	
2.39	2.1671 	-0.0961654 	-1.77563 	0.000122183 	-0.116088 	0.00175886 	
2.395	2.16733 	-0.0963004 	-1.77557 	0.000112675 	-0.116101 	0.00175281 	
2.4	2.16755 	-0.0964248 	-1.77551 	0.000103892 	-0.116113 	0.0017472 	
2.405	2.16776 	-0.0965392 	-1.77545 	9.57793e-05 	-0.116124 	0.001742 	
2.41	2.16795 	-0.0966446 	-1.77539 	8.82871e-05 	-0.116135 	0.00173718 	
2.415	2.16813 	-0.0967415 	-1.77533 	8.13687e-05 	-0.116145 	0.00173271 	
2.42	2.1683 	-0.0968306 	-1.77528 	7.4981e-05 	-0.116154 	0.00172856 	
2.425	2.16846 	-0.0969125 	-1.77522 	6.90839e-05 	-0.116162 	0.00172472 	
2.43	2.16861 	-0.0969879 	-1.77516 	6.364e-05 	-0.11617 	0.00172116 	
2.435	2.16875 	-0.0970572 	-1.77511 	5.86144e-05 	-0.116178 	0.00171785 	
2.44	2.16888 	-0.0971208 	-1.77505 	5.39768e-05 	-0.116185 	0.00171479 	
2.445	2.169 	-0.0971793 	-1.775 	4.96964e-05 	-0.116192 	0.00171195 	
2.45	2.16911 	-0.097233 	-1.77495 	4.57459e-05 	-0.116198 	0.00170932 	
2.455	2.16922 	-0.0972824 	-1.77489 	4.21009e-05 	-0.116204 	0.00170688 	
2.46	2.16932 	-0.0973277 	-1.77485 	3.87376e-05 	-0.11621 	0.00170461 	
2.465	2.16941 	-0.0973693 	-1.7748 	3.56342e-05 	-0.116215 	0.00170252 	
2.47	2.1695 	-0.0974075 	-1.77475 	3.27706e-05 	-0.11622 	0.00170057 	
2.475	2.16958 	-0.0974426 	-1.77471 	3.01279e-05 	-0.116224 	0.00169876 	
2.48	2.16966 	-0.0974749 	-1.77466 	2.76888e-05 	-0.116228 	0.00169709 	
2.485	2.16973 	-0.0975045 	-1.77462 	2.54372e-05 	-0.116232 	0.00169554 	
2.49	2.16979 	-0.0975318 	-1.77458 	2.33581e-05 	-0.116236 	0.0016941 	
2.495	2.16985 	-0.0975568 	-1.77455 	2.14378e-05 	-0.11624 	0.00169277 	
2.5	2.16991 	-0.0975799 	-1.77451 	1.96634e-05 	-0.116243 	0.00169153 	
2.505	2.16997 	-0.0976012 	-1.77448 	1.8023e-05 	-0.116246 	0.00169039 	
2.51	2.17002 	-0.0976208 	-1.77445 	1.65053e-05 	-0.116249 	0.00168933 	
2.515	2.17006 	-0.097639 	-1.77442 	1.51032e-05 	-0.116251 	0.00168835 	
2.52	2.17011 	-0.0976555 	-1.77439 	1.38185e-05 	-0.116254 	0.00168744 	
2.525	2.17015 	-0.0976707 	-1.77437 	1.26306e-05 	-0.116256 	0.0016866 	
2.53	2.17018 	-0.0976851 	-1.77434 	1.15157e-05 	-0.116258 	0.00168582 	
2.535	2.17022 	-0.0976987 	-1.77432 	1.04613e-05 	-0.11626 	0.00168508 	
2.54	2.17026 	-0.0977118 	-1.7743 	9.45588e-06 	-0.116262 	0.00168438 	
2.545	2.17029 	-0.0977245 	-1.77428 	8.48798e-06 	-0.116264 	0.00168371 	
2.55	2.17032 	-0.097737 	-1.77426 	7.54699e-06 	-0.116266 	0.00168307 	
2.555	2.17036 	-0.0977493 	-1.77424 	6.62315e-06 	-0.116268 	0.00168245 	
2.56	2.17039 	-0.0977617 	-1.77423 	5.7074e-06 	-0.11627 	0.00168185 	
2.565	2.17043 	-0.0977743 	-1.77421 	4.79137e-06 	-0.116271 	0.00168125 	
2.57	2.17046 	-0.0977871 	-1.7742 	3.86728e-06 	-0.116273 	0.00168065 	
2.575	2.1705 	-0.0978003 	-1.77418 	2.92794e-06 	-0.116275 	0.00168006 	
2.58	2.17054 	-0.0978139 	-1.77417 	1.9667e-06 	-0.116277 	0.00167946 	
2.585	2.17058 	-0.0978281 	-1.77415 	9.77381e-07 	-0.116279 	0.00167886 	
2.59	2.17063 	-0.097843 	-1.77414 	-4.81139e-08 	-0.116281 	0.00167824 	
2.595	2.17067 	-0.0978587 	-1.77413 	-1.12074e-06 	-0.116283 	0.0016776 	
2.6	2.17072 	-0.0978752 	-1.77412 	-2.23955e-06 	-0.116285 	0.00167694 	
2.605	2.17077 	-0.0978925 	-1.7741 	-3.40541e-06 	-0.116288 	0.00167626 	
2.61	2.17082 	-0.0979108 	-1.77409 	-4.62388e-06 	-0.11629 	0.00167557 	
2.615	2.17088 	-0.09793 	-1.77408 	-5.89888e-06 	-0.116293 	0.00167484 	
2.62	2.17094 	-0.0979502 	-1.77406 	-7.23397e-06 	-0.116295 	0.00167409 	
2.625	2.171 	-0.0979715 	-1.77405 	-8.63247e-06 	-0.116298 	0.00167331 	
2.63	2.17107 	-0.0979939 	-1.77404 	-1.00974e-05 	-0.116301 	0.00167249 	
2.635	2.17114 	-0.0980174 	-1.77402 	-1.16317e-05 	-0.116304 	0.00167165 	
2.64	2.17122 	-0.0980421 	-1.77401 	-1.32379e-05 	-0.116307 	0.00167076 	
2.645	2.17129 	-0.0980681 	-1.77399 	-1.49183e-05 	-0.116311 	0.00166985 	
2.65	2.17137 	-0.0980953 	-1.77398 	-1.66753e-05 	-0.116314 	0.00166889 	
2.655	2.17146 	-0.0981237 	-1.77397 	-1.85108e-05 	-0.116318 	0.0016679 	
2.66	2.17155 	-0.0981535 	-1.77395 	-2.04268e-05 	-0.116322 	0.00166686 	
2.665	2.17164 	-0.0981846 	-1.77393 	-2.24249e-05 	-0.116325 	0.00166579 	
2.67	2.17174 	-0.098217 	-1.77392 	-2.45068e-05 	-0.11633 	0.00166467 	
2.675	2.17184 	-0.0982508 	-1.7739 	-2.66739e-05 	-0.116334 	0.00166351 	
2.68	2.17195 	-0.098286 	-1.77389 	-2.89276e-05 	-0.116338 	0.0016623 	
2.685	2.17206 	-0.0983227 	-1.77387 	-3.1269e-05 	-0.116343 	0.00166105 	
2.69	2.17217 	-0.0983607 	-1.77385 	-3.36993e-05 	-0.116348 	0.00165976 	
2.695	2.17229 	-0.0984002 	-1.77383 	-3.62196e-05 	-0.116353 	0.00165842 	
2.7	2.17242 	-0.0984411 	-1.77381 	-3.88307e-05 	-0.116358 	0.00165703 	
2.705	2.17254 	-0.0984835 	-1.77379 	-4.15334e-05 	-0.116364 	0.0016556 	
2.71	2.17268 	-0.0985274 	-1.77377 	-4.43287e-05 	-0.116369 	0.00165412 	
2.715	2.17281 	-0.0985728 	-1.77375 	-4.7217e-05 	-0.116375 	0.00165259 	
2.72	2.17295 	-0.0986196 	-1.77373 	-5.01992e-05 	-0.116381 	0.00165101 	
2.725	2.1731 	-0.098668 	-1.77371 	-5.32757e-05 	-0.116387 	0.00164938 	
2.73	2.17325 	-0.0987179 	-1.77369 	-5.64469e-05 	-0.116393 	0.00164771 	
2.735	2.1734 	-0.0987693 	-1.77367 	-5.97135e-05 	-0.1164 	0.00164598 	
2.74	2.17356 	-0.0988222 	-1.77364 	-6.30757e-05 	-0.116407 	0.00164421 	
2.745	2.17373 	-0.0988766 	-1.77362 	-6.65339e-05 	-0.116414 	0.00164239 	
2.75	2.17377 	-0.0987569 	-1.77338 	-8.29331e-05 	-0.116403 	0.00166178 	
2.755	2.17394 	-0.0988142 	-1.77336 	-8.65748e-05 	-0.11641 	0.00165986 	
2.76	2.17412 	-0.0988725 	-1.77333 	-9.02813e-05 	-0.116418 	0.00165791 	
2.765	2.1743 	-0.0989322 	-1.7733 	-9.40753e-05 	-0.116426 	0.0016559 	
2.77	2.17449 	-0.0989936 	-1.77328 	-9.79735e-05 	-0.116433 	0.00165385 	
2.775	2.17468 	-0.0990565 	-1.77325 	-0.000101972 	-0.116441 	0.00165174 	
2.78	2.17488 	-0.0991211 	-1.77322 	-0.000106071 	-0.11645 	0.00164958 	
2.785	2.17508 	-0.0991872 	-1.77319 	-0.00011027 	-0.116458 	0.00164736 	
2.79	2.17731 	-0.0986284 	-1.77075 	-5.11731e-05 	-0.116466 	0.00168315 	
2.795	2.1775 	-0.0987807 	-1.7708 	-6.09783e-05 	-0.116474 	0.00167652 	
2.8	2.1776 	-0.0989435 	-1.77079 	-7.15142e-05 	-0.116478 	0.00167001 	
2.805	2.17767 	-0.0990911 	-1.77074 	-8.10415e-05 	-0.116481 	0.00166453 	
2.81	2.17776 	-0.0992347 	-1.7707 	-9.03066e-05 	-0.116485 	0.00165922 	
2.815	2.17786 	-0.0993748 	-1.77066 	-9.93357e-05 	-0.116489 	0.00165407 	
2.82	2.17798 	-0.0995117 	-1.77061 	-0.000108153 	-0.116494 	0.00164907 	
2.825	2.17811 	-0.0996459 	-1.77057 	-0.000116781 	-0.1165 	0.00164419 	
2.83	2.17825 	-0.0997775 	-1.77053 	-0.000125241 	-0.116506 	0.00163942 	
2.835	2.17841 	-0.0999069 	-1.77048 	-0.000133551 	-0.116513 	0.00163475 	
2.84	2.17858 	-0.100034 	-1.77044 	-0.00014173 	-0.11652 	0.00163018 	
2.845	2.17875 	-0.10016 	-1.7704 	-0.000149793 	-0.116527 	0.00162569 	
2.85	2.17894 	-0.100285 	-1.77036 	-0.000157757 	-0.116535 	0.00162127 	
2.855	2.17914 	-0.100408 	-1.77031 	-0.000165635 	-0.116544 	0.00161691 	
2.86	2.18162 	-0.100471 	-1.76751 	-0.000169159 	-0.116552 	0.00161609 	
2.865	2.18183 	-0.10061 	-1.76754 	-0.000177765 	-0.116559 	0.00161121 	
2.87	2.18191 	-0.10074 	-1.7675 	-0.000185947 	-0.116562 	0.00160648 	
2.875	2.18198 	-0.100862 	-1.76743 	-0.000193758 	-0.116564 	0.00160198 	
2.88	2.18206 	-0.100984 	-1.76735 	-0.000201528 	-0.116567 	0.00159753 	
2.885	2.18216 	-0.101105 	-1.76729 	-0.000209265 	-0.116572 	0.00159312 	
2.89	2.18229 	-0.101226 	-1.76722 	-0.00021698 	-0.116576 	0.00158874 	
2.895	2.18243 	-0.101347 	-1.76715 	-0.000224681 	-0.116582 	0.0015844 	
2.9	2.18259 	-0.101468 	-1.76709 	-0.000232374 	-0.116588 	0.00158009 	
2.905	2.18276 	-0.101588 	-1.76702 	-0.000240066 	-0.116595 	0.00157579 	
2.91	2.18295 	-0.101709 	-1.76696 	-0.000247765 	-0.116603 	0.00157151 	
2.915	2.18315 	-0.101831 	-1.7669 	-0.000255476 	-0.116611 	0.00156724 	
2.92	2.18569 	-0.10195 	-1.76399 	-0.000264759 	-0.11662 	0.00156294 	
2.925	2.18591 	-0.102085 	-1.76402 	-0.000272953 	-0.116627 	0.00155842 	
2.93	2.18601 	-0.102209 	-1.76396 	-0.00028068 	-0.11663 	0.00155401 	
2.935	2.18608 	-0.102327 	-1.76387 	-0.000288172 	-0.116633 	0.00154969 	
2.94	2.18618 	-0.102446 	-1.76378 	-0.000295723 	-0.116636 	0.00154537 	
2.945	2.1863 	-0.102566 	-1.7637 	-0.000303333 	-0.116641 	0.00154104 	
2.95	2.18645 	-0.102687 	-1.76362 	-0.000311006 	-0.116646 	0.0015367 	
2.955	2.18661 	-0.102809 	-1.76354 	-0.000318742 	-0.116653 	0.00153234 	
2.96	2.18679 	-0.102932 	-1.76346 	-0.000326543 	-0.11666 	0.00152798 	
2.965	2.18699 	-0.103056 	-1.76339 	-0.00033441 	-0.116668 	0.0015236 	
2.97	2.1872 	-0.103182 	-1.76332 	-0.000342344 	-0.116676 	0.0015192 	
2.975	2.18985 	-0.103312 	-1.76029 	-0.000352498 	-0.116686 	0.00151428 	
2.98	2.19009 	-0.103453 	-1.76031 	-0.00036101 	-0.116694 	0.0015096 	
2.985	2.19021 	-0.103582 	-1.76025 	-0.000369058 	-0.116697 	0.00150501 	
2.99	2.1903 	-0.103706 	-1.76015 	-0.000376898 	-0.1167 	0.00150049 	
2.995	2.19041 	-0.103832 	-1.76005 	-0.000384836 	-0.116704 	0.00149595 	
3	2.19055 	-0.103959 	-1.75996 	-0.000392871 	-0.116709 	0.00149138 	
3.005	2.19072 	-0.104088 	-1.75987 	-0.000401001 	-0.116716 	0.00148678 	
3.01	2.1909 	-0.104218 	-1.75978 	-0.000409225 	-0.116723 	0.00148215 	
3.015	2.19111 	-0.10435 	-1.7597 	-0.000417541 	-0.116731 	0.0014775 	
3.02	2.19133 	-0.104483 	-1.75962 	-0.00042595 	-0.11674 	0.00147282 	
3.025	2.19399 	-0.104622 	-1.75657 	-0.000436598 	-0.116749 	0.00146746 	
3.03	2.19425 	-0.104772 	-1.75659 	-0.000445633 	-0.116758 	0.00146248 	
3.035	2.19438 	-0.104911 	-1.75652 	-0.000454219 	-0.116762 	0.00145759 	
3.04	2.19449 	-0.105044 	-1.75641 	-0.000462611 	-0.116765 	0.00145275 	
3.045	2.19462 	-0.105179 	-1.75631 	-0.000471116 	-0.11677 	0.00144787 	
3.05	2.19478 	-0.105316 	-1.75621 	-0.00047973 	-0.116776 	0.00144297 	
3.055	2.19497 	-0.105454 	-1.75612 	-0.000488451 	-0.116783 	0.00143804 	
3.06	2.19518 	-0.105594 	-1.75603 	-0.000497277 	-0.116791 	0.00143307 	
3.065	2.19541 	-0.105736 	-1.75594 	-0.000506205 	-0.1168 	0.00142808 	
3.07	2.198 	-0.105884 	-1.75297 	-0.000517261 	-0.11681 	0.00142231 	
3.075	2.19826 	-0.106042 	-1.75297 	-0.000526813 	-0.116818 	0.00141702 	
3.08	2.19841 	-0.106189 	-1.7529 	-0.000535949 	-0.116823 	0.0014118 	
3.085	2.19853 	-0.106332 	-1.75279 	-0.00054491 	-0.116827 	0.00140663 	
3.09	2.19869 	-0.106476 	-1.75268 	-0.000553988 	-0.116833 	0.00140143 	
3.095	2.19887 	-0.106622 	-1.75258 	-0.000563179 	-0.116839 	0.0013962 	
3.1	2.19908 	-0.10677 	-1.75249 	-0.000572479 	-0.116847 	0.00139093 	
3.105	2.19931 	-0.10692 	-1.7524 	-0.000581886 	-0.116856 	0.00138564 	
3.11	2.19956 	-0.107072 	-1.75231 	-0.000591396 	-0.116866 	0.00138031 	
3.115	2.20247 	-0.107468 	-1.74947 	-0.000585337 	-0.1169 	0.00134529 	
3.12	2.20277 	-0.107638 	-1.74948 	-0.000595541 	-0.11691 	0.00133964 	
3.125	2.20294 	-0.107796 	-1.74941 	-0.00060532 	-0.116915 	0.00133405 	
3.13	2.20308 	-0.107949 	-1.7493 	-0.000614919 	-0.11692 	0.00132852 	
3.135	2.20325 	-0.108104 	-1.7492 	-0.000624626 	-0.116926 	0.00132296 	
3.14	2.20345 	-0.108261 	-1.7491 	-0.00063444 	-0.116933 	0.00131738 	
3.145	2.20367 	-0.108419 	-1.749 	-0.00064436 	-0.116942 	0.00131176 	
3.15	2.20392 	-0.108579 	-1.74891 	-0.000654381 	-0.116951 	0.00130612 	
3.155	2.20651 	-0.108745 	-1.74594 	-0.000666357 	-0.116962 	0.00129952 	
3.16	2.2068 	-0.108921 	-1.74594 	-0.00067701 	-0.116971 	0.00129358 	
3.165	2.20698 	-0.109087 	-1.74586 	-0.000687251 	-0.116977 	0.00128772 	
3.17	2.20713 	-0.109248 	-1.74575 	-0.000697314 	-0.116982 	0.00128191 	
3.175	2.20732 	-0.10941 	-1.74565 	-0.000707487 	-0.116989 	0.00127608 	
3.18	2.20754 	-0.109575 	-1.74555 	-0.000717768 	-0.116997 	0.00127022 	
3.185	2.20778 	-0.109741 	-1.74545 	-0.000728153 	-0.117006 	0.00126433 	
3.19	2.20805 	-0.109908 	-1.74536 	-0.000738637 	-0.117016 	0.00125842 	
3.195	2.21072 	-0.110082 	-1.7423 	-0.000751076 	-0.117027 	0.0012514 	
3.2	2.21104 	-0.110267 	-1.74231 	-0.000762227 	-0.117037 	0.00124518 	
3.205	2.21124 	-0.110441 	-1.74224 	-0.000772938 	-0.117043 	0.00123904 	
3.21	2.21141 	-0.110609 	-1.74213 	-0.000783449 	-0.117049 	0.00123296 	
3.215	2.21161 	-0.110779 	-1.74202 	-0.000794069 	-0.117056 	0.00122686 	
3.22	2.21185 	-0.110951 	-1.74192 	-0.000804794 	-0.117065 	0.00122074 	
3.225	2.21211 	-0.111124 	-1.74183 	-0.00081562 	-0.117075 	0.00121459 	
3.23	2.21239 	-0.111299 	-1.74174 	-0.000826542 	-0.117085 	0.00120841 	
3.235	2.21516 	-0.111481 	-1.73857 	-0.000839418 	-0.117097 	0.00120097 	
3.24	2.21551 	-0.111674 	-1.7386 	-0.000851045 	-0.117108 	0.00119448 	
3.245	2.21572 	-0.111855 	-1.73853 	-0.000862197 	-0.117115 	0.00118808 	
3.25	2.2159 	-0.112031 	-1.73842 	-0.000873125 	-0.117121 	0.00118175 	
3.255	2.21612 	-0.112208 	-1.73832 	-0.000884159 	-0.117129 	0.0011754 	
3.26	2.21636 	-0.112386 	-1.73822 	-0.000895293 	-0.117137 	0.00116903 	
3.265	2.21664 	-0.112567 	-1.73813 	-0.000906524 	-0.117148 	0.00116263 	
3.27	2.21917 	-0.112752 	-1.73522 	-0.000919469 	-0.117159 	0.00115499 	
3.275	2.2195 	-0.112948 	-1.73522 	-0.000931319 	-0.117169 	0.00114832 	
3.28	2.21971 	-0.113135 	-1.73515 	-0.000942776 	-0.117176 	0.00114172 	
3.285	2.21991 	-0.113316 	-1.73505 	-0.000954052 	-0.117182 	0.00113518 	
3.29	2.22014 	-0.113499 	-1.73495 	-0.000965429 	-0.117191 	0.00112862 	
3.295	2.2204 	-0.113683 	-1.73486 	-0.000976902 	-0.1172 	0.00112205 	
3.3	2.22069 	-0.113869 	-1.73477 	-0.000988466 	-0.117211 	0.00111545 	
3.305	2.22326 	-0.114061 	-1.73183 	-0.0010017 	-0.117222 	0.00110749 	
3.31	2.2236 	-0.114263 	-1.73184 	-0.00101389 	-0.117233 	0.00110062 	
3.315	2.22383 	-0.114455 	-1.73177 	-0.00102568 	-0.11724 	0.00109382 	
3.32	2.22404 	-0.114641 	-1.73167 	-0.00103727 	-0.117247 	0.00108709 	
3.325	2.22428 	-0.11483 	-1.73158 	-0.00104896 	-0.117256 	0.00108035 	
3.33	2.22456 	-0.11502 	-1.73149 	-0.00106073 	-0.117266 	0.00107359 	
3.335	2.22486 	-0.115211 	-1.7314 	-0.0010726 	-0.117277 	0.00106682 	
3.34	2.22748 	-0.115408 	-1.72842 	-0.0010861 	-0.117289 	0.00105854 	
3.345	2.22784 	-0.115615 	-1.72843 	-0.0010986 	-0.117301 	0.00105148 	
3.35	2.22808 	-0.115812 	-1.72837 	-0.00111069 	-0.117308 	0.0010445 	
3.355	2.22831 	-0.116004 	-1.72828 	-0.00112256 	-0.117315 	0.0010376 	
3.36	2.22856 	-0.116197 	-1.72819 	-0.00113452 	-0.117324 	0.00103068 	
3.365	2.22885 	-0.116392 	-1.7281 	-0.00114656 	-0.117335 	0.00102376 	
3.37	2.22916 	-0.116587 	-1.72802 	-0.00115869 	-0.117346 	0.00101683 	
3.375	2.23183 	-0.116789 	-1.72499 	-0.00117241 	-0.117359 	0.00100825 	
3.38	2.2322 	-0.117002 	-1.72501 	-0.00118519 	-0.11737 	0.00100102 	
3.385	2.23245 	-0.117203 	-1.72496 	-0.00119753 	-0.117378 	0.000993882 	
3.39	2.23269 	-0.117399 	-1.72487 	-0.00120964 	-0.117386 	0.000986824 	
3.395	2.23295 	-0.117597 	-1.72478 	-0.00122184 	-0.117395 	0.000979761 	
3.4	2.23324 	-0.117795 	-1.7247 	-0.00123412 	-0.117406 	0.00097269 	
3.405	2.23357 	-0.117995 	-1.72463 	-0.00124647 	-0.117417 	0.000965614 	
3.41	2.23627 	-0.118201 	-1.72156 	-0.00126036 	-0.11743 	0.000956755 	
3.415	2.23665 	-0.118418 	-1.72159 	-0.00127338 	-0.117442 	0.000949376 	
3.42	2.23692 	-0.118623 	-1.72154 	-0.00128594 	-0.11745 	0.000942098 	
3.425	2.23716 	-0.118823 	-1.72146 	-0.00129826 	-0.117458 	0.000934905 	
3.43	2.23743 	-0.119024 	-1.72138 	-0.00131066 	-0.117468 	0.000927711 	
3.435	2.23773 	-0.119226 	-1.7213 	-0.00132313 	-0.117478 	0.000920514 	
3.44	2.23806 	-0.119429 	-1.72123 	-0.00133567 	-0.11749 	0.000913314 	
3.445	2.24079 	-0.119638 	-1.71813 	-0.00134969 	-0.117503 	0.000904196 	
3.45	2.24119 	-0.119859 	-1.71817 	-0.00136291 	-0.117516 	0.000896689 	
3.455	2.24145 	-0.120068 	-1.71813 	-0.00137565 	-0.117524 	0.00088929 	
3.46	2.2417 	-0.120271 	-1.71805 	-0.00138814 	-0.117532 	0.000881983 	
3.465	2.24198 	-0.120475 	-1.71798 	-0.0014007 	-0.117542 	0.000874678 	
3.47	2.24229 	-0.12068 	-1.71791 	-0.00141333 	-0.117553 	0.000867374 	
3.475	2.24263 	-0.120886 	-1.71784 	-0.00142602 	-0.117565 	0.000860071 	
3.48	2.24537 	-0.121098 	-1.71472 	-0.00144012 	-0.117578 	0.000850716 	
3.485	2.24578 	-0.121322 	-1.71477 	-0.00145349 	-0.117591 	0.000843103 	
3.49	2.24605 	-0.121534 	-1.71474 	-0.00146638 	-0.117599 	0.000835604 	
3.495	2.2463 	-0.121739 	-1.71466 	-0.001479 	-0.117607 	0.000828203 	
3.5	2.24659 	-0.121945 	-1.71459 	-0.00149169 	-0.117617 	0.000820809 	
3.505	2.24698 	-0.122257 	-1.71465 	-0.00149651 	-0.117638 	0.000800949 	
3.51	2.24733 	-0.122466 	-1.71459 	-0.00150932 	-0.11765 	0.000793562 	
3.515	2.25008 	-0.12268 	-1.71147 	-0.00152346 	-0.117664 	0.000783995 	
3.52	2.25049 	-0.122907 	-1.71152 	-0.00153697 	-0.117677 	0.000776286 	
3.525	2.25077 	-0.123121 	-1.71149 	-0.00154999 	-0.117685 	0.000768697 	
3.53	2.25103 	-0.123329 	-1.71143 	-0.00156273 	-0.117694 	0.000761214 	
3.535	2.25132 	-0.123538 	-1.71136 	-0.00157553 	-0.117703 	0.000753741 	
3.54	2.25164 	-0.123747 	-1.71131 	-0.00158838 	-0.117714 	0.000746279 	
3.545	2.25199 	-0.123958 	-1.71125 	-0.00160128 	-0.117727 	0.000738826 	
3.55	2.25474 	-0.124174 	-1.70812 	-0.00161542 	-0.11774 	0.000729077 	
3.555	2.25516 	-0.124402 	-1.70819 	-0.00162899 	-0.117753 	0.000721313 	
3.56	2.25544 	-0.124617 	-1.70817 	-0.00164206 	-0.117762 	0.000713673 	
3.565	2.25571 	-0.124826 	-1.7081 	-0.00165485 	-0.11777 	0.000706143 	
3.57	2.256 	-0.125036 	-1.70805 	-0.00166769 	-0.11778 	0.000698629 	
3.575	2.25632 	-0.125247 	-1.708 	-0.00168058 	-0.117791 	0.000691128 	
3.58	2.25667 	-0.125458 	-1.70795 	-0.00169351 	-0.117803 	0.00068364 	
3.585	2.25942 	-0.125675 	-1.70483 	-0.00170759 	-0.117817 	0.000673738 	
3.59	2.25984 	-0.125903 	-1.7049 	-0.00172119 	-0.11783 	0.00066594 	
3.595	2.26013 	-0.12612 	-1.70489 	-0.00173428 	-0.117838 	0.000658268 	
3.6	2.26039 	-0.126329 	-1.70483 	-0.00174709 	-0.117847 	0.000650713 	
3.605	2.26069 	-0.12654 	-1.70478 	-0.00175993 	-0.117856 	0.000643177 	
3.61	2.26102 	-0.126751 	-1.70474 	-0.00177282 	-0.117867 	0.000635658 	
3.615	2.26137 	-0.126962 	-1.70469 	-0.00178574 	-0.11788 	0.000628156 	
3.62	2.2641 	-0.127179 	-1.7016 	-0.00179973 	-0.117893 	0.000618131 	
3.625	2.26452 	-0.127408 	-1.70167 	-0.00181331 	-0.117906 	0.000610321 	
3.63	2.26482 	-0.127625 	-1.70166 	-0.00182639 	-0.117915 	0.00060264 	
3.635	2.26508 	-0.127834 	-1.70162 	-0.00183917 	-0.117923 	0.000595081 	
3.64	2.26538 	-0.128044 	-1.70157 	-0.00185199 	-0.117933 	0.000587545 	
3.645	2.26571 	-0.128255 	-1.70153 	-0.00186484 	-0.117944 	0.000580029 	
3.65	2.26607 	-0.128466 	-1.7015 	-0.00187772 	-0.117956 	0.000572535 	
3.655	2.26877 	-0.128683 	-1.69843 	-0.00189158 	-0.11797 	0.000562419 	
3.66	2.26919 	-0.128911 	-1.69851 	-0.0019051 	-0.117983 	0.000554621 	
3.665	2.26949 	-0.129127 	-1.69851 	-0.00191813 	-0.117991 	0.000546954 	
3.67	2.26976 	-0.129336 	-1.69847 	-0.00193085 	-0.118 	0.000539413 	
3.675	2.27006 	-0.129546 	-1.69843 	-0.0019436 	-0.11801 	0.000531899 	
3.68	2.27039 	-0.129756 	-1.6984 	-0.00195638 	-0.118021 	0.00052441 	
3.685	2.27075 	-0.129966 	-1.69837 	-0.00196918 	-0.118033 	0.000516945 	
3.69	2.27341 	-0.130182 	-1.69534 	-0.00198286 	-0.118046 	0.000506772 	
3.695	2.27383 	-0.130408 	-1.69542 	-0.00199629 	-0.118059 	0.000499009 	
3.7	2.27413 	-0.130623 	-1.69543 	-0.00200922 	-0.118067 	0.00049138 	
3.705	2.2744 	-0.130831 	-1.6954 	-0.00202185 	-0.118076 	0.00048388 	
3.71	2.2747 	-0.13104 	-1.69537 	-0.0020345 	-0.118086 	0.000476411 	
3.715	2.27503 	-0.131248 	-1.69534 	-0.00204717 	-0.118097 	0.00046897 	
3.72	2.27539 	-0.131457 	-1.69532 	-0.00205985 	-0.118109 	0.000461558 	
3.725	2.27802 	-0.131671 	-1.69234 	-0.00207332 	-0.118122 	0.000451364 	
3.73	2.27843 	-0.131895 	-1.69242 	-0.0020866 	-0.118134 	0.000443661 	
3.735	2.27873 	-0.132109 	-1.69243 	-0.0020994 	-0.118143 	0.000436092 	
3.74	2.279 	-0.132315 	-1.69241 	-0.0021119 	-0.118151 	0.000428657 	
3.745	2.2793 	-0.132521 	-1.69239 	-0.00212441 	-0.118161 	0.000421255 	
3.75	2.27963 	-0.132728 	-1.69237 	-0.00213692 	-0.118172 	0.000413886 	
3.755	2.27999 	-0.132934 	-1.69235 	-0.00214945 	-0.118184 	0.00040655 	
3.76	2.28256 	-0.133145 	-1.68942 	-0.00216267 	-0.118197 	0.000396371 	
3.765	2.28298 	-0.133367 	-1.68952 	-0.00217577 	-0.118209 	0.000388753 	
3.77	2.28327 	-0.133578 	-1.68953 	-0.0021884 	-0.118217 	0.000381269 	
3.775	2.28354 	-0.133782 	-1.68951 	-0.00220072 	-0.118226 	0.000373921 	
3.78	2.28384 	-0.133985 	-1.6895 	-0.00221305 	-0.118235 	0.000366611 	
3.785	2.28417 	-0.134189 	-1.68949 	-0.00222538 	-0.118246 	0.000359337 	
3.79	2.27967 	-0.138168 	-1.67742 	-0.00171154 	-0.117615 	0.000427774 	
3.795	2.0019 	-0.34662 	-1.00074 	0.0277652 	-0.0816963 	0.00460765 	
3.8	1.20933 	-0.941286 	0.92094 	0.111192 	0.0202847 	0.0171768 	
3.805	1.15931 	-0.910335 	1.01003 	0.116769 	0.0248557 	0.0122782 	
3.81	1.03565 	-0.769888 	1.24902 	0.134172 	0.0364365 	-0.00770597 	
3.815	0.771977 	-0.90558 	1.7549 	0.154787 	0.0642894 	-0.0030247 	
3.82	-0.281884 	-1.45463 	3.85673 	0.242712 	0.179049 	0.0120387 	
3.825	-0.838725 	-1.66461 	5.03416 	0.296365 	0.242515 	0.0081151 	
3.83	-1.64138 	-2.10401 	6.5991 	0.359858 	0.329879 	0.0242528 	
3.835	-1.38812 	-1.92694 	6.10017 	0.340634 	0.30222 	0.015434 	
3.84	-1.21868 	-1.70822 	5.81275 	0.334815 	0.285066 	-0.00387752 	
3.845	-0.961248 	-1.59339 	5.26398 	0.310125 	0.255526 	-0.00357953 	
3.85	-0.722519 	-1.4873 	4.75509 	0.287266 	0.22812 	-0.00334259 	
3.855	-0.501505 	-1.38867 	4.28384 	0.266056 	0.202749 	-0.00308858 	
3.86	-0.296619 	-1.29729 	3.84707 	0.246398 	0.179233 	-0.0028539 	
3.865	-0.106682 	-1.2126 	3.44227 	0.228178 	0.157437 	-0.00263686 	
3.87	0.0693994 	-1.13413 	3.06709 	0.21129 	0.137234 	-0.00243618 	
3.875	0.232637 	-1.06142 	2.71938 	0.195638 	0.118508 	-0.00225057 	
3.88	0.357146 	-0.972886 	2.42613 	0.183104 	0.102674 	-0.00420446 	
3.885	0.427615 	-0.847364 	2.21273 	0.175542 	0.091129 	-0.0111443 	
3.89	0.528973 	-0.761193 	2.03339 	0.169715 	0.0808544 	-0.0173893 	
3.895	0.560733 	-0.621408 	2.06589 	0.177851 	0.0808216 	-0.0362411 	
3.9	0.65268 	-0.55013 	1.90044 	0.172118 	0.0714306 	-0.0410108 	
3.905	0.675743 	-0.426003 	1.94471 	0.180203 	0.0722021 	-0.0582543 	
3.91	0.780141 	-0.382059 	1.71197 	0.169377 	0.0597693 	-0.0572997 	
3.915	0.847425 	-0.295046 	1.56152 	0.164457 	0.0513194 	-0.0630418 	
3.92	0.936151 	-0.292624 	1.36273 	0.153993 	0.0409418 	-0.0582199 	
3.925	0.743963 	-0.456233 	1.82119 	0.172896 	0.0670422 	-0.0523668 	
3.93	0.104401 	-0.893235 	3.32579 	0.238275 	0.15117 	-0.0435939 	
3.935	0.183968 	-0.86042 	3.15184 	0.230186 	0.141841 	-0.0429682 	
3.94	0.113229 	-0.921734 	3.48337 	0.247276 	0.159143 	-0.0487429 	
3.945	-0.281838 	-1.41609 	4.88841 	0.30955 	0.235159 	-0.0423825 	
3.95	-0.138765 	-1.30624 	4.54843 	0.295188 	0.216448 	-0.0456163 	
3.955	-0.215684 	-1.25828 	4.82974 	0.313062 	0.230369 	-0.0609658 	
3.96	-0.606641 	-1.58791 	5.88058 	0.358795 	0.287322 	-0.0554028 	
3.965	-0.754836 	-1.68353 	6.18636 	0.371497 	0.304397 	-0.0518228 	
3.97	-1.12499 	-1.86 	6.98531 	0.407044 	0.348563 	-0.051452 	
3.975	-1.05678 	-1.83267 	6.78628 	0.396834 	0.338143 	-0.0483045 	
3.98	-0.810268 	-1.7091 	6.16696 	0.367585 	0.304704 	-0.0447723 	
3.985	-0.872096 	-1.79582 	6.28691 	0.370837 	0.312093 	-0.037861 	
3.99	-1.53907 	-2.3021 	7.85993 	0.437755 	0.399854 	-0.0236396 	
3.995	-1.64073 	-2.45244 	8.13949 	0.448026 	0.416054 	-0.0154514 	
4	-2.25072 	-3.00688 	9.71634 	0.515089 	0.503539 	0.000459885 	
