0	0.310321 	-0.173738 	0.536976 	0.177629 	-1.45264 	-0.244715 	
0.005	0.310321 	-0.173738 	0.536976 	0.177629 	-1.45264 	-0.244715 	
0.01	0.310321 	-0.173738 	0.536976 	0.177629 	-1.45264 	-0.244715 	
0.015	0.310322 	-0.173738 	0.536976 	0.177629 	-1.45264 	-0.244715 	
0.02	0.310323 	-0.173738 	0.536976 	0.177629 	-1.45264 	-0.244715 	
0.025	0.310325 	-0.173738 	0.536976 	0.177629 	-1.45264 	-0.244715 	
0.03	0.310327 	-0.173738 	0.536977 	0.177629 	-1.45264 	-0.244715 	
0.035	0.31033 	-0.173738 	0.536977 	0.177629 	-1.45264 	-0.244715 	
0.04	0.310333 	-0.173738 	0.536978 	0.177629 	-1.45264 	-0.244715 	
0.045	0.310337 	-0.173738 	0.536979 	0.177629 	-1.45264 	-0.244715 	
0.05	0.310342 	-0.173738 	0.53698 	0.177629 	-1.45264 	-0.244715 	
0.055	0.310347 	-0.173739 	0.536981 	0.177629 	-1.45264 	-0.244715 	
0.06	0.310353 	-0.173739 	0.536982 	0.177629 	-1.45264 	-0.244715 	
0.065	0.310359 	-0.173739 	0.536983 	0.177629 	-1.45264 	-0.244715 	
0.07	0.310365 	-0.173739 	0.536984 	0.177629 	-1.45264 	-0.244715 	
0.075	0.310373 	-0.173739 	0.536985 	0.177629 	-1.45264 	-0.244715 	
0.08	0.31038 	-0.173739 	0.536987 	0.177629 	-1.45264 	-0.244715 	
0.085	0.310389 	-0.173739 	0.536988 	0.177629 	-1.45264 	-0.244715 	
0.09	0.310399 	-0.173739 	0.53699 	0.177629 	-1.45264 	-0.244715 	
0.095	0.310407 	-0.17374 	0.536992 	0.177629 	-1.45264 	-0.244715 	
0.1	0.310418 	-0.17374 	0.536994 	0.177629 	-1.45264 	-0.244715 	
0.105	0.310428 	-0.17374 	0.536996 	0.177629 	-1.45264 	-0.244715 	
0.11	0.31044 	-0.17374 	0.536998 	0.177629 	-1.45264 	-0.244715 	
0.115	0.310451 	-0.17374 	0.537 	0.177629 	-1.45264 	-0.244715 	
0.12	0.310463 	-0.173741 	0.537002 	0.177629 	-1.45264 	-0.244715 	
0.125	0.310476 	-0.173741 	0.537004 	0.177629 	-1.45264 	-0.244715 	
0.13	0.310489 	-0.173741 	0.537007 	0.177629 	-1.45264 	-0.244715 	
0.135	0.310503 	-0.173741 	0.537009 	0.177629 	-1.45264 	-0.244715 	
0.14	0.310517 	-0.173742 	0.537012 	0.177629 	-1.45264 	-0.244715 	
0.145	0.310532 	-0.173742 	0.537015 	0.177629 	-1.45264 	-0.244715 	
0.15	0.310547 	-0.173742 	0.537018 	0.177629 	-1.45264 	-0.244715 	
0.155	0.310563 	-0.173742 	0.53702 	0.177629 	-1.45264 	-0.244715 	
0.16	0.31058 	-0.173743 	0.537024 	0.177629 	-1.45264 	-0.244715 	
0.165	0.310535 	-0.173728 	0.537008 	0.176027 	-1.45151 	-0.242507 	
0.17	0.310552 	-0.173729 	0.537011 	0.176027 	-1.45151 	-0.242507 	
0.175	0.31057 	-0.173729 	0.537015 	0.176027 	-1.45151 	-0.242507 	
0.18	0.310589 	-0.173729 	0.537018 	0.176027 	-1.45151 	-0.242507 	
0.185	0.310608 	-0.17373 	0.537021 	0.176027 	-1.45151 	-0.242507 	
0.19	0.310627 	-0.17373 	0.537025 	0.176027 	-1.45151 	-0.242507 	
0.195	0.310647 	-0.17373 	0.537029 	0.176027 	-1.45151 	-0.242507 	
0.2	0.310668 	-0.173731 	0.537033 	0.176027 	-1.45151 	-0.242507 	
0.205	0.310689 	-0.173731 	0.537037 	0.176027 	-1.45151 	-0.242507 	
0.21	0.310711 	-0.173731 	0.537041 	0.176027 	-1.45151 	-0.242507 	
0.215	0.310733 	-0.173732 	0.537045 	0.176027 	-1.45151 	-0.242507 	
0.22	0.310756 	-0.173732 	0.537049 	0.176027 	-1.45151 	-0.242507 	
0.225	0.310718 	-0.173718 	0.537035 	0.174447 	-1.4504 	-0.240331 	
0.23	0.310742 	-0.173718 	0.537039 	0.174447 	-1.4504 	-0.240331 	
0.235	0.310766 	-0.173719 	0.537044 	0.174447 	-1.4504 	-0.240331 	
0.24	0.310791 	-0.173719 	0.537048 	0.174447 	-1.4504 	-0.240331 	
0.245	0.310816 	-0.17372 	0.537053 	0.174447 	-1.4504 	-0.240331 	
0.25	0.310842 	-0.17372 	0.537058 	0.174447 	-1.4504 	-0.240331 	
0.255	0.310869 	-0.173721 	0.537063 	0.174447 	-1.4504 	-0.240331 	
0.26	0.310895 	-0.173721 	0.537068 	0.174447 	-1.4504 	-0.240331 	
0.265	0.310923 	-0.173721 	0.537073 	0.174447 	-1.4504 	-0.240331 	
0.27	0.310951 	-0.173722 	0.537078 	0.174447 	-1.4504 	-0.240331 	
0.275	0.310915 	-0.173707 	0.537064 	0.172774 	-1.44923 	-0.238025 	
0.28	0.310943 	-0.173708 	0.537069 	0.172774 	-1.44923 	-0.238025 	
0.285	0.310973 	-0.173708 	0.537074 	0.172774 	-1.44923 	-0.238025 	
0.29	0.311003 	-0.173709 	0.53708 	0.172774 	-1.44923 	-0.238025 	
0.295	0.311033 	-0.173709 	0.537085 	0.172774 	-1.44923 	-0.238025 	
0.3	0.311064 	-0.17371 	0.537091 	0.172774 	-1.44923 	-0.238025 	
0.305	0.311096 	-0.17371 	0.537097 	0.172774 	-1.44923 	-0.238025 	
0.31	0.311128 	-0.173711 	0.537103 	0.172774 	-1.44923 	-0.238025 	
0.315	0.311099 	-0.173697 	0.53709 	0.17118 	-1.44811 	-0.235829 	
0.32	0.311132 	-0.173698 	0.537097 	0.17118 	-1.44811 	-0.235829 	
0.325	0.311165 	-0.173698 	0.537103 	0.17118 	-1.44811 	-0.235829 	
0.33	0.311199 	-0.173699 	0.537109 	0.17118 	-1.44811 	-0.235829 	
0.335	0.311234 	-0.173699 	0.537115 	0.17118 	-1.44811 	-0.235829 	
0.34	0.311269 	-0.1737 	0.537122 	0.17118 	-1.44811 	-0.235829 	
0.345	0.311304 	-0.1737 	0.537128 	0.17118 	-1.44811 	-0.235829 	
0.35	0.31134 	-0.1737 	0.537135 	0.17118 	-1.44811 	-0.235829 	
0.355	0.311308 	-0.173686 	0.537121 	0.169409 	-1.44687 	-0.233389 	
0.36	0.311345 	-0.173686 	0.537128 	0.169409 	-1.44687 	-0.233389 	
0.365	0.311382 	-0.173687 	0.537135 	0.169409 	-1.44687 	-0.233389 	
0.37	0.31142 	-0.173687 	0.537142 	0.169409 	-1.44687 	-0.233389 	
0.375	0.311459 	-0.173688 	0.537149 	0.169409 	-1.44687 	-0.233389 	
0.38	0.311498 	-0.173688 	0.537156 	0.169409 	-1.44687 	-0.233389 	
0.385	0.311537 	-0.173689 	0.537163 	0.169409 	-1.44687 	-0.233389 	
0.39	0.31151 	-0.173675 	0.537151 	0.167671 	-1.44565 	-0.230995 	
0.395	0.31155 	-0.173675 	0.537158 	0.167671 	-1.44565 	-0.230995 	
0.4	0.311591 	-0.173676 	0.537166 	0.167671 	-1.44565 	-0.230995 	
0.405	0.311632 	-0.173676 	0.537173 	0.167671 	-1.44565 	-0.230995 	
0.41	0.311674 	-0.173677 	0.537181 	0.167671 	-1.44565 	-0.230995 	
0.415	0.311716 	-0.173677 	0.537189 	0.167671 	-1.44565 	-0.230995 	
0.42	0.311696 	-0.173664 	0.537178 	0.166051 	-1.44452 	-0.228763 	
0.425	0.311739 	-0.173665 	0.537186 	0.166051 	-1.44452 	-0.228763 	
0.43	0.311783 	-0.173665 	0.537194 	0.166051 	-1.44452 	-0.228763 	
0.435	0.311827 	-0.173666 	0.537202 	0.166051 	-1.44452 	-0.228763 	
0.44	0.311872 	-0.173666 	0.53721 	0.166051 	-1.44452 	-0.228763 	
0.445	0.311917 	-0.173667 	0.537218 	0.166051 	-1.44452 	-0.228763 	
0.45	0.311896 	-0.173653 	0.537207 	0.164345 	-1.44332 	-0.226413 	
0.455	0.311942 	-0.173654 	0.537216 	0.164345 	-1.44332 	-0.226413 	
0.46	0.311989 	-0.173654 	0.537224 	0.164345 	-1.44332 	-0.226413 	
0.465	0.312036 	-0.173655 	0.537233 	0.164345 	-1.44332 	-0.226413 	
0.47	0.312083 	-0.173655 	0.537241 	0.164345 	-1.44332 	-0.226413 	
0.475	0.312131 	-0.173655 	0.53725 	0.164345 	-1.44332 	-0.226413 	
0.48	0.312109 	-0.173642 	0.537238 	0.162535 	-1.44205 	-0.223918 	
0.485	0.312158 	-0.173642 	0.537247 	0.162535 	-1.44205 	-0.223918 	
0.49	0.312207 	-0.173642 	0.537256 	0.162535 	-1.44205 	-0.223918 	
0.495	0.312256 	-0.173643 	0.537265 	0.162535 	-1.44205 	-0.223918 	
0.5	0.312307 	-0.173643 	0.537274 	0.162535 	-1.44205 	-0.223918 	
0.505	0.312294 	-0.173631 	0.537265 	0.160915 	-1.44092 	-0.221687 	
0.51	0.312345 	-0.173632 	0.537275 	0.160915 	-1.44092 	-0.221687 	
0.515	0.312396 	-0.173632 	0.537284 	0.160915 	-1.44092 	-0.221687 	
0.52	0.312448 	-0.173632 	0.537293 	0.160915 	-1.44092 	-0.221687 	
0.525	0.312501 	-0.173633 	0.537303 	0.160915 	-1.44092 	-0.221687 	
0.53	0.312489 	-0.17362 	0.537294 	0.159251 	-1.43975 	-0.219394 	
0.535	0.312542 	-0.173621 	0.537303 	0.159251 	-1.43975 	-0.219394 	
0.54	0.312595 	-0.173621 	0.537313 	0.159251 	-1.43975 	-0.219394 	
0.545	0.312649 	-0.173621 	0.537323 	0.159251 	-1.43975 	-0.219394 	
0.55	0.312704 	-0.173622 	0.537333 	0.159251 	-1.43975 	-0.219394 	
0.555	0.312691 	-0.173609 	0.537323 	0.15752 	-1.43854 	-0.21701 	
0.56	0.312746 	-0.17361 	0.537333 	0.15752 	-1.43854 	-0.21701 	
0.565	0.312802 	-0.17361 	0.537344 	0.15752 	-1.43854 	-0.21701 	
0.57	0.312858 	-0.17361 	0.537354 	0.15752 	-1.43854 	-0.21701 	
0.575	0.312915 	-0.17361 	0.537364 	0.15752 	-1.43854 	-0.21701 	
0.58	0.312902 	-0.173598 	0.537354 	0.155722 	-1.43727 	-0.214534 	
0.585	0.312959 	-0.173598 	0.537365 	0.155722 	-1.43727 	-0.214534 	
0.59	0.313017 	-0.173598 	0.537375 	0.155722 	-1.43727 	-0.214534 	
0.595	0.313075 	-0.173598 	0.537386 	0.155722 	-1.43727 	-0.214534 	
0.6	0.313133 	-0.173599 	0.537396 	0.155722 	-1.43727 	-0.214534 	
0.605	0.31312 	-0.173586 	0.537386 	0.153859 	-1.43597 	-0.211966 	
0.61	0.313179 	-0.173586 	0.537397 	0.153859 	-1.43597 	-0.211966 	
0.615	0.313239 	-0.173586 	0.537408 	0.153859 	-1.43597 	-0.211966 	
0.62	0.313299 	-0.173586 	0.537419 	0.153859 	-1.43597 	-0.211966 	
0.625	0.313298 	-0.173576 	0.537412 	0.152283 	-1.43486 	-0.209796 	
0.63	0.313359 	-0.173576 	0.537423 	0.152283 	-1.43486 	-0.209796 	
0.635	0.31342 	-0.173576 	0.537434 	0.152283 	-1.43486 	-0.209796 	
0.64	0.313482 	-0.173576 	0.537445 	0.152283 	-1.43486 	-0.209796 	
0.645	0.313482 	-0.173566 	0.537439 	0.150702 	-1.43376 	-0.207617 	
0.65	0.313545 	-0.173566 	0.53745 	0.150702 	-1.43376 	-0.207617 	
0.655	0.313608 	-0.173566 	0.537462 	0.150702 	-1.43376 	-0.207617 	
0.66	0.313671 	-0.173566 	0.537473 	0.150702 	-1.43376 	-0.207617 	
0.665	0.313671 	-0.173555 	0.537467 	0.149084 	-1.43262 	-0.205388 	
0.67	0.313735 	-0.173555 	0.537478 	0.149084 	-1.43262 	-0.205388 	
0.675	0.3138 	-0.173555 	0.53749 	0.149084 	-1.43262 	-0.205388 	
0.68	0.313864 	-0.173555 	0.537501 	0.149084 	-1.43262 	-0.205388 	
0.685	0.313865 	-0.173544 	0.537495 	0.147429 	-1.43146 	-0.203109 	
0.69	0.31393 	-0.173544 	0.537507 	0.147429 	-1.43146 	-0.203109 	
0.695	0.313996 	-0.173544 	0.537519 	0.147429 	-1.43146 	-0.203109 	
0.7	0.314062 	-0.173544 	0.53753 	0.147429 	-1.43146 	-0.203109 	
0.705	0.314062 	-0.173534 	0.537524 	0.145738 	-1.43027 	-0.200778 	
0.71	0.314129 	-0.173533 	0.537536 	0.145738 	-1.43027 	-0.200778 	
0.715	0.314196 	-0.173533 	0.537548 	0.145738 	-1.43027 	-0.200778 	
0.72	0.314264 	-0.173533 	0.53756 	0.145738 	-1.43027 	-0.200778 	
0.725	0.314264 	-0.173523 	0.537553 	0.14401 	-1.42906 	-0.198398 	
0.73	0.314332 	-0.173522 	0.537566 	0.14401 	-1.42906 	-0.198398 	
0.735	0.314401 	-0.173522 	0.537578 	0.14401 	-1.42906 	-0.198398 	
0.74	0.31447 	-0.173522 	0.53759 	0.14401 	-1.42906 	-0.198398 	
0.745	0.31447 	-0.173511 	0.537583 	0.142248 	-1.42783 	-0.19597 	
0.75	0.314539 	-0.173511 	0.537596 	0.142248 	-1.42783 	-0.19597 	
0.755	0.314609 	-0.173511 	0.537608 	0.142248 	-1.42783 	-0.19597 	
0.76	0.314679 	-0.17351 	0.537621 	0.142248 	-1.42783 	-0.19597 	
0.765	0.314679 	-0.1735 	0.537614 	0.140452 	-1.42657 	-0.193496 	
0.77	0.31475 	-0.173499 	0.537627 	0.140452 	-1.42657 	-0.193496 	
0.775	0.314821 	-0.173499 	0.53764 	0.140452 	-1.42657 	-0.193496 	
0.78	0.314893 	-0.173498 	0.537652 	0.140452 	-1.42657 	-0.193496 	
0.785	0.314893 	-0.173488 	0.537645 	0.138623 	-1.42529 	-0.190977 	
0.79	0.314965 	-0.173487 	0.537658 	0.138623 	-1.42529 	-0.190977 	
0.795	0.315037 	-0.173487 	0.537671 	0.138623 	-1.42529 	-0.190977 	
0.8	0.31511 	-0.173486 	0.537684 	0.138623 	-1.42529 	-0.190977 	
0.805	0.31511 	-0.173476 	0.537677 	0.136764 	-1.42398 	-0.188415 	
0.81	0.315183 	-0.173475 	0.53769 	0.136764 	-1.42398 	-0.188415 	
0.815	0.315257 	-0.173475 	0.537703 	0.136764 	-1.42398 	-0.188415 	
0.82	0.315331 	-0.173474 	0.537716 	0.136764 	-1.42398 	-0.188415 	
0.825	0.31533 	-0.173464 	0.537709 	0.134874 	-1.42266 	-0.185811 	
0.83	0.315405 	-0.173463 	0.537723 	0.134874 	-1.42266 	-0.185811 	
0.835	0.31548 	-0.173462 	0.537736 	0.134874 	-1.42266 	-0.185811 	
0.84	0.315555 	-0.173462 	0.537749 	0.134874 	-1.42266 	-0.185811 	
0.845	0.315554 	-0.173451 	0.537742 	0.132955 	-1.42131 	-0.183167 	
0.85	0.31563 	-0.173451 	0.537756 	0.132955 	-1.42131 	-0.183167 	
0.855	0.315706 	-0.17345 	0.537769 	0.132955 	-1.42131 	-0.183167 	
0.86	0.315782 	-0.173449 	0.537783 	0.132955 	-1.42131 	-0.183167 	
0.865	0.315781 	-0.173439 	0.537775 	0.131008 	-1.41995 	-0.180486 	
0.87	0.315858 	-0.173438 	0.537789 	0.131008 	-1.41995 	-0.180486 	
0.875	0.315935 	-0.173437 	0.537803 	0.131008 	-1.41995 	-0.180486 	
0.88	0.316012 	-0.173436 	0.537816 	0.131008 	-1.41995 	-0.180486 	
0.885	0.316012 	-0.173426 	0.537809 	0.129035 	-1.41856 	-0.177767 	
0.89	0.316089 	-0.173425 	0.537823 	0.129035 	-1.41856 	-0.177767 	
0.895	0.316167 	-0.173424 	0.537837 	0.129035 	-1.41856 	-0.177767 	
0.9	0.316245 	-0.173423 	0.53785 	0.129035 	-1.41856 	-0.177767 	
0.905	0.316245 	-0.173413 	0.537843 	0.127037 	-1.41716 	-0.175014 	
0.91	0.316323 	-0.173412 	0.537857 	0.127037 	-1.41716 	-0.175014 	
0.915	0.316402 	-0.173411 	0.537871 	0.127037 	-1.41716 	-0.175014 	
0.92	0.316419 	-0.173403 	0.537868 	0.125471 	-1.41607 	-0.172857 	
0.925	0.316499 	-0.173402 	0.537882 	0.125471 	-1.41607 	-0.172857 	
0.93	0.316578 	-0.173401 	0.537896 	0.125471 	-1.41607 	-0.172857 	
0.935	0.316658 	-0.1734 	0.53791 	0.125471 	-1.41607 	-0.172857 	
0.94	0.316659 	-0.17339 	0.537904 	0.123477 	-1.41467 	-0.17011 	
0.945	0.316739 	-0.173389 	0.537918 	0.123477 	-1.41467 	-0.17011 	
0.95	0.31682 	-0.173388 	0.537932 	0.123477 	-1.41467 	-0.17011 	
0.955	0.316837 	-0.17338 	0.537929 	0.121885 	-1.41355 	-0.167917 	
0.96	0.316918 	-0.173379 	0.537944 	0.121885 	-1.41355 	-0.167917 	
0.965	0.316999 	-0.173377 	0.537958 	0.121885 	-1.41355 	-0.167917 	
0.97	0.317018 	-0.17337 	0.537956 	0.120324 	-1.41246 	-0.165766 	
0.975	0.3171 	-0.173369 	0.53797 	0.120324 	-1.41246 	-0.165766 	
0.98	0.317181 	-0.173367 	0.537985 	0.120324 	-1.41246 	-0.165766 	
0.985	0.317201 	-0.17336 	0.537983 	0.118756 	-1.41136 	-0.163606 	
0.99	0.317283 	-0.173359 	0.537997 	0.118756 	-1.41136 	-0.163606 	
0.995	0.317365 	-0.173357 	0.538011 	0.118756 	-1.41136 	-0.163606 	
1	0.317385 	-0.17335 	0.53801 	0.117178 	-1.41025 	-0.161432 	
1.005	0.317468 	-0.173348 	0.538024 	0.117178 	-1.41025 	-0.161432 	
1.01	0.31755 	-0.173347 	0.538039 	0.117178 	-1.41025 	-0.161432 	
1.015	0.31757 	-0.17334 	0.538037 	0.11559 	-1.40914 	-0.159244 	
1.02	0.317653 	-0.173338 	0.538051 	0.11559 	-1.40914 	-0.159244 	
1.025	0.317736 	-0.173336 	0.538066 	0.11559 	-1.40914 	-0.159244 	
1.03	0.317756 	-0.17333 	0.538064 	0.113992 	-1.40802 	-0.157043 	
1.035	0.31784 	-0.173328 	0.538078 	0.113992 	-1.40802 	-0.157043 	
1.04	0.317923 	-0.173326 	0.538093 	0.113992 	-1.40802 	-0.157043 	
1.045	0.317943 	-0.173319 	0.538091 	0.112386 	-1.40689 	-0.15483 	
1.05	0.318027 	-0.173317 	0.538106 	0.112386 	-1.40689 	-0.15483 	
1.055	0.318111 	-0.173315 	0.538121 	0.112386 	-1.40689 	-0.15483 	
1.06	0.318132 	-0.173309 	0.538119 	0.110771 	-1.40576 	-0.152605 	
1.065	0.318216 	-0.173307 	0.538133 	0.110771 	-1.40576 	-0.152605 	
1.07	0.3183 	-0.173305 	0.538148 	0.110771 	-1.40576 	-0.152605 	
1.075	0.318321 	-0.173299 	0.538146 	0.109148 	-1.40462 	-0.15037 	
1.08	0.318405 	-0.173296 	0.538161 	0.109148 	-1.40462 	-0.15037 	
1.085	0.31849 	-0.173294 	0.538176 	0.109148 	-1.40462 	-0.15037 	
1.09	0.31851 	-0.173288 	0.538174 	0.107518 	-1.40348 	-0.148124 	
1.095	0.318596 	-0.173286 	0.538189 	0.107518 	-1.40348 	-0.148124 	
1.1	0.318681 	-0.173283 	0.538204 	0.107518 	-1.40348 	-0.148124 	
1.105	0.318701 	-0.173278 	0.538202 	0.105882 	-1.40233 	-0.14587 	
1.11	0.318787 	-0.173275 	0.538217 	0.105882 	-1.40233 	-0.14587 	
1.115	0.318872 	-0.173273 	0.538232 	0.105882 	-1.40233 	-0.14587 	
1.12	0.318892 	-0.173267 	0.53823 	0.104239 	-1.40118 	-0.143607 	
1.125	0.318978 	-0.173264 	0.538245 	0.104239 	-1.40118 	-0.143607 	
1.13	0.319064 	-0.173262 	0.53826 	0.104239 	-1.40118 	-0.143607 	
1.135	0.319084 	-0.173256 	0.538258 	0.102591 	-1.40002 	-0.141336 	
1.14	0.31917 	-0.173254 	0.538273 	0.102591 	-1.40002 	-0.141336 	
1.145	0.319256 	-0.173251 	0.538288 	0.102591 	-1.40002 	-0.141336 	
1.15	0.319277 	-0.173246 	0.538286 	0.100938 	-1.39887 	-0.139059 	
1.155	0.319363 	-0.173243 	0.538301 	0.100938 	-1.39887 	-0.139059 	
1.16	0.319449 	-0.17324 	0.538316 	0.100938 	-1.39887 	-0.139059 	
1.165	0.31947 	-0.173235 	0.538314 	0.0992812 	-1.3977 	-0.136776 	
1.17	0.319556 	-0.173232 	0.538329 	0.0992812 	-1.3977 	-0.136776 	
1.175	0.319643 	-0.173229 	0.538344 	0.0992812 	-1.3977 	-0.136776 	
1.18	0.319663 	-0.173224 	0.538343 	0.0976204 	-1.39654 	-0.134488 	
1.185	0.31975 	-0.173221 	0.538358 	0.0976204 	-1.39654 	-0.134488 	
1.19	0.319837 	-0.173218 	0.538373 	0.0976204 	-1.39654 	-0.134488 	
1.195	0.319857 	-0.173214 	0.538371 	0.0959564 	-1.39537 	-0.132196 	
1.2	0.319944 	-0.173211 	0.538386 	0.0959564 	-1.39537 	-0.132196 	
1.205	0.320031 	-0.173208 	0.538401 	0.0959564 	-1.39537 	-0.132196 	
1.21	0.320051 	-0.173203 	0.538399 	0.0942899 	-1.3942 	-0.1299 	
1.215	0.320138 	-0.1732 	0.538414 	0.0942899 	-1.3942 	-0.1299 	
1.22	0.320225 	-0.173197 	0.538429 	0.0942899 	-1.3942 	-0.1299 	
1.225	0.320245 	-0.173192 	0.538428 	0.0926215 	-1.39303 	-0.127601 	
1.23	0.320332 	-0.173189 	0.538443 	0.0926215 	-1.39303 	-0.127601 	
1.235	0.320419 	-0.173186 	0.538458 	0.0926215 	-1.39303 	-0.127601 	
1.24	0.32044 	-0.173182 	0.538456 	0.0909517 	-1.39186 	-0.125301 	
1.245	0.320527 	-0.173178 	0.538471 	0.0909517 	-1.39186 	-0.125301 	
1.25	0.320614 	-0.173175 	0.538486 	0.0909517 	-1.39186 	-0.125301 	
1.255	0.320634 	-0.173171 	0.538485 	0.0892812 	-1.39069 	-0.123 	
1.26	0.320721 	-0.173167 	0.5385 	0.0892812 	-1.39069 	-0.123 	
1.265	0.320808 	-0.173164 	0.538514 	0.0892812 	-1.39069 	-0.123 	
1.27	0.320829 	-0.17316 	0.538513 	0.0876105 	-1.38952 	-0.120698 	
1.275	0.320916 	-0.173157 	0.538528 	0.0876105 	-1.38952 	-0.120698 	
1.28	0.321003 	-0.173153 	0.538543 	0.0876105 	-1.38952 	-0.120698 	
1.285	0.321023 	-0.173149 	0.538542 	0.0859402 	-1.38835 	-0.118397 	
1.29	0.32111 	-0.173146 	0.538556 	0.0859402 	-1.38835 	-0.118397 	
1.295	0.321197 	-0.173142 	0.538571 	0.0859402 	-1.38835 	-0.118397 	
1.3	0.321218 	-0.173139 	0.53857 	0.084271 	-1.38718 	-0.116097 	
1.305	0.321305 	-0.173135 	0.538585 	0.084271 	-1.38718 	-0.116097 	
1.31	0.321391 	-0.173131 	0.538599 	0.084271 	-1.38718 	-0.116097 	
1.315	0.321412 	-0.173128 	0.538598 	0.0826033 	-1.38601 	-0.1138 	
1.32	0.321499 	-0.173124 	0.538613 	0.0826033 	-1.38601 	-0.1138 	
1.325	0.321585 	-0.17312 	0.538628 	0.0826033 	-1.38601 	-0.1138 	
1.33	0.321606 	-0.173117 	0.538627 	0.0809379 	-1.38484 	-0.111505 	
1.335	0.321692 	-0.173113 	0.538641 	0.0809379 	-1.38484 	-0.111505 	
1.34	0.321779 	-0.173109 	0.538656 	0.0809379 	-1.38484 	-0.111505 	
1.345	0.321799 	-0.173107 	0.538655 	0.0792752 	-1.38368 	-0.109215 	
1.35	0.321886 	-0.173103 	0.53867 	0.0792752 	-1.38368 	-0.109215 	
1.355	0.321972 	-0.173098 	0.538684 	0.0792752 	-1.38368 	-0.109215 	
1.36	0.321992 	-0.173096 	0.538683 	0.0776159 	-1.38251 	-0.106929 	
1.365	0.322079 	-0.173092 	0.538698 	0.0776159 	-1.38251 	-0.106929 	
1.37	0.322165 	-0.173088 	0.538712 	0.0776159 	-1.38251 	-0.106929 	
1.375	0.322185 	-0.173085 	0.538711 	0.0759606 	-1.38135 	-0.104648 	
1.38	0.322271 	-0.173081 	0.538726 	0.0759606 	-1.38135 	-0.104648 	
1.385	0.322357 	-0.173077 	0.53874 	0.0759606 	-1.38135 	-0.104648 	
1.39	0.322377 	-0.173075 	0.538739 	0.0743098 	-1.3802 	-0.102374 	
1.395	0.322463 	-0.17307 	0.538754 	0.0743098 	-1.3802 	-0.102374 	
1.4	0.322548 	-0.173066 	0.538768 	0.0743098 	-1.3802 	-0.102374 	
1.405	0.322568 	-0.173064 	0.538767 	0.0726642 	-1.37904 	-0.100107 	
1.41	0.322654 	-0.17306 	0.538782 	0.0726642 	-1.37904 	-0.100107 	
1.415	0.322739 	-0.173055 	0.538796 	0.0726642 	-1.37904 	-0.100107 	
1.42	0.322759 	-0.173054 	0.538795 	0.0710243 	-1.37789 	-0.0978477 	
1.425	0.322844 	-0.173049 	0.53881 	0.0710243 	-1.37789 	-0.0978477 	
1.43	0.32293 	-0.173045 	0.538824 	0.0710243 	-1.37789 	-0.0978477 	
1.435	0.322949 	-0.173043 	0.538823 	0.0693906 	-1.37675 	-0.095597 	
1.44	0.323034 	-0.173039 	0.538837 	0.0693906 	-1.37675 	-0.095597 	
1.445	0.323119 	-0.173034 	0.538852 	0.0693906 	-1.37675 	-0.0955971 	
1.45	0.323139 	-0.173033 	0.538851 	0.0677639 	-1.37561 	-0.0933559 	
1.455	0.323223 	-0.173028 	0.538865 	0.0677639 	-1.37561 	-0.0933559 	
1.46	0.323307 	-0.173023 	0.538879 	0.0677639 	-1.37561 	-0.0933559 	
1.465	0.323327 	-0.173022 	0.538878 	0.0661445 	-1.37447 	-0.091125 	
1.47	0.323411 	-0.173018 	0.538892 	0.0661445 	-1.37447 	-0.091125 	
1.475	0.323495 	-0.173013 	0.538906 	0.0661445 	-1.37447 	-0.091125 	
1.48	0.323514 	-0.173012 	0.538906 	0.0645332 	-1.37334 	-0.0889052 	
1.485	0.323598 	-0.173007 	0.53892 	0.0645332 	-1.37334 	-0.0889052 	
1.49	0.323682 	-0.173002 	0.538934 	0.0645332 	-1.37334 	-0.0889052 	
1.495	0.323701 	-0.173002 	0.538933 	0.0629305 	-1.37222 	-0.0866972 	
1.5	0.323784 	-0.172997 	0.538947 	0.0629305 	-1.37222 	-0.0866972 	
1.505	0.323867 	-0.172992 	0.538961 	0.0629305 	-1.37222 	-0.0866972 	
1.51	0.323886 	-0.172991 	0.53896 	0.061337 	-1.3711 	-0.0845019 	
1.515	0.323969 	-0.172986 	0.538974 	0.061337 	-1.3711 	-0.0845019 	
1.52	0.324051 	-0.172982 	0.538988 	0.061337 	-1.3711 	-0.0845019 	
1.525	0.324071 	-0.172981 	0.538987 	0.0597532 	-1.36999 	-0.0823199 	
1.53	0.324153 	-0.172976 	0.539001 	0.0597532 	-1.36999 	-0.0823199 	
1.535	0.324235 	-0.172971 	0.539014 	0.0597532 	-1.36999 	-0.0823199 	
1.54	0.324254 	-0.172971 	0.539014 	0.0581796 	-1.36889 	-0.0801521 	
1.545	0.324335 	-0.172966 	0.539027 	0.0581796 	-1.36889 	-0.0801521 	
1.55	0.324416 	-0.172961 	0.539041 	0.0581796 	-1.36889 	-0.0801521 	
1.555	0.324435 	-0.172961 	0.53904 	0.0566169 	-1.36779 	-0.0779992 	
1.56	0.324516 	-0.172956 	0.539054 	0.0566169 	-1.36779 	-0.0779992 	
1.565	0.324597 	-0.172951 	0.539067 	0.0566169 	-1.36779 	-0.0779992 	
1.57	0.324616 	-0.172951 	0.539067 	0.0550656 	-1.3667 	-0.075862 	
1.575	0.324696 	-0.172946 	0.53908 	0.0550656 	-1.3667 	-0.075862 	
1.58	0.324776 	-0.172941 	0.539093 	0.0550656 	-1.3667 	-0.075862 	
1.585	0.324795 	-0.172941 	0.539093 	0.0535263 	-1.36563 	-0.0737413 	
1.59	0.324874 	-0.172936 	0.539106 	0.0535263 	-1.36563 	-0.0737413 	
1.595	0.324954 	-0.172931 	0.539119 	0.0535263 	-1.36563 	-0.0737413 	
1.6	0.325033 	-0.172926 	0.539132 	0.0535263 	-1.36563 	-0.0737413 	
1.605	0.325033 	-0.172928 	0.539128 	0.0515456 	-1.36424 	-0.0710124 	
1.61	0.325112 	-0.172923 	0.539141 	0.0515456 	-1.36424 	-0.0710124 	
1.615	0.32519 	-0.172918 	0.539154 	0.0515456 	-1.36424 	-0.0710124 	
1.62	0.325207 	-0.172918 	0.539153 	0.0499893 	-1.36315 	-0.0688685 	
1.625	0.325285 	-0.172913 	0.539166 	0.0499893 	-1.36315 	-0.0688685 	
1.63	0.325363 	-0.172908 	0.539179 	0.0499893 	-1.36315 	-0.0688685 	
1.635	0.32544 	-0.172903 	0.539191 	0.0499893 	-1.36315 	-0.0688685 	
1.64	0.32544 	-0.172906 	0.539187 	0.0480447 	-1.36178 	-0.0661893 	
1.645	0.325517 	-0.1729 	0.5392 	0.0480447 	-1.36178 	-0.0661893 	
1.65	0.325594 	-0.172895 	0.539213 	0.0480447 	-1.36178 	-0.0661893 	
1.655	0.32567 	-0.17289 	0.539225 	0.0480447 	-1.36178 	-0.0661893 	
1.66	0.325669 	-0.172893 	0.539221 	0.0460834 	-1.36041 	-0.0634873 	
1.665	0.325745 	-0.172888 	0.539233 	0.0460834 	-1.36041 	-0.0634873 	
1.67	0.32582 	-0.172882 	0.539246 	0.0460834 	-1.36041 	-0.0634873 	
1.675	0.325896 	-0.172877 	0.539258 	0.0460834 	-1.36041 	-0.0634873 	
1.68	0.325894 	-0.17288 	0.539254 	0.0441447 	-1.35905 	-0.0608164 	
1.685	0.325969 	-0.172875 	0.539266 	0.0441447 	-1.35905 	-0.0608164 	
1.69	0.326044 	-0.17287 	0.539278 	0.0441447 	-1.35905 	-0.0608164 	
1.695	0.326118 	-0.172865 	0.53929 	0.0441447 	-1.35905 	-0.0608164 	
1.7	0.326116 	-0.172868 	0.539286 	0.0422336 	-1.35771 	-0.0581836 	
1.705	0.32619 	-0.172863 	0.539298 	0.0422336 	-1.35771 	-0.0581836 	
1.71	0.326263 	-0.172858 	0.53931 	0.0422336 	-1.35771 	-0.0581836 	
1.715	0.326337 	-0.172852 	0.539322 	0.0422336 	-1.35771 	-0.0581836 	
1.72	0.326335 	-0.172856 	0.539318 	0.0403518 	-1.35639 	-0.0555911 	
1.725	0.326407 	-0.172851 	0.53933 	0.0403518 	-1.35639 	-0.0555911 	
1.73	0.326479 	-0.172846 	0.539342 	0.0403518 	-1.35639 	-0.0555911 	
1.735	0.326551 	-0.17284 	0.539353 	0.0403518 	-1.35639 	-0.0555911 	
1.74	0.32655 	-0.172844 	0.53935 	0.0385005 	-1.35509 	-0.0530406 	
1.745	0.326621 	-0.172839 	0.539361 	0.0385005 	-1.35509 	-0.0530406 	
1.75	0.326692 	-0.172834 	0.539373 	0.0385005 	-1.35509 	-0.0530406 	
1.755	0.326763 	-0.172828 	0.539384 	0.0385005 	-1.35509 	-0.0530406 	
1.76	0.326761 	-0.172833 	0.539381 	0.0366808 	-1.35381 	-0.0505338 	
1.765	0.326831 	-0.172827 	0.539392 	0.0366808 	-1.35381 	-0.0505338 	
1.77	0.326901 	-0.172822 	0.539403 	0.0366808 	-1.35381 	-0.0505338 	
1.775	0.32697 	-0.172817 	0.539414 	0.0366808 	-1.35381 	-0.0505338 	
1.78	0.326968 	-0.172821 	0.539411 	0.034894 	-1.35256 	-0.048072 	
1.785	0.327037 	-0.172816 	0.539422 	0.034894 	-1.35256 	-0.048072 	
1.79	0.327106 	-0.172811 	0.539433 	0.034894 	-1.35256 	-0.048072 	
1.795	0.327174 	-0.172805 	0.539444 	0.034894 	-1.35256 	-0.048072 	
1.8	0.327172 	-0.17281 	0.539441 	0.033141 	-1.35133 	-0.0456571 	
1.805	0.327239 	-0.172805 	0.539451 	0.033141 	-1.35133 	-0.0456571 	
1.81	0.327306 	-0.172799 	0.539462 	0.033141 	-1.35133 	-0.0456571 	
1.815	0.327373 	-0.172794 	0.539473 	0.033141 	-1.35133 	-0.0456571 	
1.82	0.327371 	-0.172799 	0.53947 	0.0314231 	-1.35013 	-0.0432903 	
1.825	0.327437 	-0.172794 	0.53948 	0.0314231 	-1.35013 	-0.0432903 	
1.83	0.327503 	-0.172788 	0.539491 	0.0314231 	-1.35013 	-0.0432903 	
1.835	0.327568 	-0.172783 	0.539501 	0.0314231 	-1.35013 	-0.0432903 	
1.84	0.327566 	-0.172788 	0.539498 	0.0297412 	-1.34895 	-0.0409734 	
1.845	0.327631 	-0.172783 	0.539509 	0.0297412 	-1.34895 	-0.0409734 	
1.85	0.327695 	-0.172778 	0.539519 	0.0297412 	-1.34895 	-0.0409734 	
1.855	0.327759 	-0.172773 	0.539529 	0.0297412 	-1.34895 	-0.0409734 	
1.86	0.327757 	-0.172778 	0.539526 	0.0280966 	-1.3478 	-0.0387076 	
1.865	0.32782 	-0.172773 	0.539536 	0.0280966 	-1.3478 	-0.0387076 	
1.87	0.327883 	-0.172767 	0.539546 	0.0280966 	-1.3478 	-0.0387076 	
1.875	0.327945 	-0.172762 	0.539556 	0.0280966 	-1.3478 	-0.0387076 	
1.88	0.327944 	-0.172767 	0.539553 	0.0264901 	-1.34667 	-0.0364944 	
1.885	0.328005 	-0.172762 	0.539563 	0.0264901 	-1.34667 	-0.0364944 	
1.89	0.328066 	-0.172757 	0.539573 	0.0264901 	-1.34667 	-0.0364944 	
1.895	0.328127 	-0.172752 	0.539583 	0.0264901 	-1.34667 	-0.0364944 	
1.9	0.328125 	-0.172757 	0.53958 	0.0249229 	-1.34557 	-0.0343353 	
1.905	0.328185 	-0.172752 	0.53959 	0.0249229 	-1.34557 	-0.0343353 	
1.91	0.328245 	-0.172747 	0.539599 	0.0249229 	-1.34557 	-0.0343353 	
1.915	0.328304 	-0.172742 	0.539609 	0.0249229 	-1.34557 	-0.0343353 	
1.92	0.328302 	-0.172748 	0.539606 	0.0233958 	-1.3445 	-0.0322315 	
1.925	0.328361 	-0.172743 	0.539615 	0.0233958 	-1.3445 	-0.0322315 	
1.93	0.328419 	-0.172738 	0.539624 	0.0233958 	-1.3445 	-0.0322315 	
1.935	0.328476 	-0.172733 	0.539634 	0.0233958 	-1.3445 	-0.0322315 	
1.94	0.328534 	-0.172728 	0.539643 	0.0233958 	-1.3445 	-0.0322315 	
1.945	0.328518 	-0.172736 	0.539637 	0.0215834 	-1.34323 	-0.0297345 	
1.95	0.328575 	-0.172731 	0.539646 	0.0215834 	-1.34323 	-0.0297345 	
1.955	0.328631 	-0.172726 	0.539655 	0.0215834 	-1.34323 	-0.0297345 	
1.96	0.328686 	-0.172721 	0.539664 	0.0215834 	-1.34323 	-0.0297345 	
1.965	0.328741 	-0.172716 	0.539673 	0.0215834 	-1.34323 	-0.0297345 	
1.97	0.328725 	-0.172724 	0.539668 	0.0198013 	-1.34198 	-0.0272794 	
1.975	0.32878 	-0.172719 	0.539676 	0.0198013 	-1.34198 	-0.0272794 	
1.98	0.328833 	-0.172715 	0.539685 	0.0198013 	-1.34198 	-0.0272794 	
1.985	0.328887 	-0.17271 	0.539693 	0.0198013 	-1.34198 	-0.0272794 	
1.99	0.32894 	-0.172705 	0.539702 	0.0198013 	-1.34198 	-0.0272794 	
1.995	0.328924 	-0.172713 	0.539697 	0.0180833 	-1.34078 	-0.0249126 	
2	0.328976 	-0.172709 	0.539705 	0.0180833 	-1.34078 	-0.0249126 	
2.005	0.329028 	-0.172704 	0.539713 	0.0180833 	-1.34078 	-0.0249126 	
2.01	0.329079 	-0.172699 	0.539721 	0.0180833 	-1.34078 	-0.0249126 	
2.015	0.32913 	-0.172695 	0.539729 	0.0180833 	-1.34078 	-0.0249126 	
2.02	0.329115 	-0.172703 	0.539725 	0.0164345 	-1.33962 	-0.0226411 	
2.025	0.329165 	-0.172698 	0.539733 	0.0164345 	-1.33962 	-0.0226411 	
2.03	0.329214 	-0.172694 	0.53974 	0.0164345 	-1.33962 	-0.0226411 	
2.035	0.329263 	-0.172689 	0.539748 	0.0164345 	-1.33962 	-0.0226411 	
2.04	0.329312 	-0.172685 	0.539756 	0.0164345 	-1.33962 	-0.0226411 	
2.045	0.329297 	-0.172693 	0.539751 	0.0148568 	-1.33851 	-0.0204675 	
2.05	0.329345 	-0.172688 	0.539759 	0.0148568 	-1.33851 	-0.0204675 	
2.055	0.329392 	-0.172684 	0.539766 	0.0148568 	-1.33851 	-0.0204675 	
2.06	0.329439 	-0.17268 	0.539774 	0.0148568 	-1.33851 	-0.0204675 	
2.065	0.329485 	-0.172676 	0.539781 	0.0148568 	-1.33851 	-0.0204675 	
2.07	0.329531 	-0.172671 	0.539788 	0.0148568 	-1.33851 	-0.0204675 	
2.075	0.329506 	-0.172681 	0.539782 	0.013091 	-1.33728 	-0.0180349 	
2.08	0.329551 	-0.172677 	0.539789 	0.013091 	-1.33728 	-0.0180349 	
2.085	0.329596 	-0.172673 	0.539796 	0.013091 	-1.33728 	-0.0180349 	
2.09	0.329639 	-0.172669 	0.539803 	0.013091 	-1.33728 	-0.0180349 	
2.095	0.329683 	-0.172665 	0.53981 	0.013091 	-1.33728 	-0.0180349 	
2.1	0.329726 	-0.172661 	0.539817 	0.013091 	-1.33728 	-0.0180349 	
2.105	0.329702 	-0.17267 	0.53981 	0.0114025 	-1.33609 	-0.0157086 	
2.11	0.329744 	-0.172666 	0.539817 	0.0114025 	-1.33609 	-0.0157086 	
2.115	0.329785 	-0.172663 	0.539824 	0.0114025 	-1.33609 	-0.0157086 	
2.12	0.329826 	-0.172659 	0.53983 	0.0114025 	-1.33609 	-0.0157086 	
2.125	0.329867 	-0.172655 	0.539836 	0.0114025 	-1.33609 	-0.0157086 	
2.13	0.329907 	-0.172651 	0.539843 	0.0114025 	-1.33609 	-0.0157086 	
2.135	0.329884 	-0.17266 	0.539837 	0.00982041 	-1.33498 	-0.0135291 	
2.14	0.329923 	-0.172657 	0.539843 	0.00982041 	-1.33498 	-0.0135291 	
2.145	0.329962 	-0.172653 	0.539849 	0.00982041 	-1.33498 	-0.0135291 	
2.15	0.33 	-0.172649 	0.539855 	0.00982041 	-1.33498 	-0.0135291 	
2.155	0.330037 	-0.172646 	0.539861 	0.00982041 	-1.33498 	-0.0135291 	
2.16	0.330075 	-0.172642 	0.539867 	0.00982041 	-1.33498 	-0.0135291 	
2.165	0.330111 	-0.172639 	0.539873 	0.00982041 	-1.33498 	-0.0135291 	
2.17	0.330081 	-0.172649 	0.539866 	0.00814167 	-1.33381 	-0.0112163 	
2.175	0.330117 	-0.172646 	0.539872 	0.00814167 	-1.33381 	-0.0112163 	
2.18	0.330152 	-0.172643 	0.539877 	0.00814167 	-1.33381 	-0.0112163 	
2.185	0.330187 	-0.172639 	0.539882 	0.00814167 	-1.33381 	-0.0112163 	
2.19	0.330221 	-0.172636 	0.539888 	0.00814167 	-1.33381 	-0.0112163 	
2.195	0.330254 	-0.172633 	0.539893 	0.00814167 	-1.33381 	-0.0112163 	
2.2	0.330288 	-0.17263 	0.539898 	0.00814167 	-1.33381 	-0.0112163 	
2.205	0.330259 	-0.17264 	0.539892 	0.00659285 	-1.33272 	-0.00908259 	
2.21	0.330291 	-0.172637 	0.539897 	0.00659285 	-1.33272 	-0.00908259 	
2.215	0.330323 	-0.172633 	0.539902 	0.00659285 	-1.33272 	-0.00908259 	
2.22	0.330354 	-0.17263 	0.539907 	0.00659285 	-1.33272 	-0.00908259 	
2.225	0.330385 	-0.172628 	0.539912 	0.00659285 	-1.33272 	-0.00908259 	
2.23	0.330415 	-0.172625 	0.539916 	0.00659285 	-1.33272 	-0.00908259 	
2.235	0.330444 	-0.172622 	0.539921 	0.00659285 	-1.33272 	-0.00908259 	
2.24	0.330474 	-0.172619 	0.539925 	0.00659285 	-1.33272 	-0.00908259 	
2.245	0.330441 	-0.17263 	0.539918 	0.00503523 	-1.33163 	-0.00693671 	
2.25	0.330469 	-0.172627 	0.539923 	0.00503523 	-1.33163 	-0.00693671 	
2.255	0.330496 	-0.172624 	0.539927 	0.00503523 	-1.33163 	-0.00693671 	
2.26	0.330523 	-0.172622 	0.539931 	0.00503523 	-1.33163 	-0.00693671 	
2.265	0.33055 	-0.172619 	0.539936 	0.00503523 	-1.33163 	-0.00693671 	
2.27	0.330576 	-0.172616 	0.53994 	0.00503523 	-1.33163 	-0.00693671 	
2.275	0.330601 	-0.172614 	0.539944 	0.00503523 	-1.33163 	-0.00693671 	
2.28	0.330626 	-0.172611 	0.539947 	0.00503523 	-1.33163 	-0.00693671 	
2.285	0.330651 	-0.172609 	0.539951 	0.00503523 	-1.33163 	-0.00693671 	
2.29	0.330675 	-0.172607 	0.539955 	0.00503523 	-1.33163 	-0.00693671 	
2.295	0.330633 	-0.172619 	0.539947 	0.00339395 	-1.33048 	-0.00467554 	
2.3	0.330656 	-0.172617 	0.53995 	0.00339395 	-1.33048 	-0.00467554 	
2.305	0.330679 	-0.172614 	0.539954 	0.00339395 	-1.33048 	-0.00467554 	
2.31	0.3307 	-0.172612 	0.539957 	0.00339395 	-1.33048 	-0.00467554 	
2.315	0.330722 	-0.17261 	0.53996 	0.00339395 	-1.33048 	-0.00467554 	
2.32	0.330742 	-0.172608 	0.539964 	0.00339395 	-1.33048 	-0.00467554 	
2.325	0.330763 	-0.172606 	0.539967 	0.00339395 	-1.33048 	-0.00467554 	
2.33	0.330782 	-0.172604 	0.53997 	0.00339395 	-1.33048 	-0.00467554 	
2.335	0.330801 	-0.172602 	0.539973 	0.00339395 	-1.33048 	-0.00467554 	
2.34	0.33082 	-0.1726 	0.539976 	0.00339395 	-1.33048 	-0.00467554 	
2.345	0.330838 	-0.172599 	0.539979 	0.00339395 	-1.33048 	-0.00467554 	
2.35	0.330856 	-0.172597 	0.539981 	0.00339395 	-1.33048 	-0.00467554 	
2.355	0.330812 	-0.172609 	0.539973 	0.00184687 	-1.32939 	-0.0025442 	
2.36	0.330828 	-0.172608 	0.539975 	0.00184687 	-1.32939 	-0.0025442 	
2.365	0.330844 	-0.172606 	0.539978 	0.00184687 	-1.32939 	-0.0025442 	
2.37	0.33086 	-0.172604 	0.53998 	0.00184687 	-1.32939 	-0.0025442 	
2.375	0.330875 	-0.172603 	0.539983 	0.00184687 	-1.32939 	-0.0025442 	
2.38	0.330889 	-0.172601 	0.539985 	0.00184687 	-1.32939 	-0.0025442 	
2.385	0.330903 	-0.1726 	0.539987 	0.00184687 	-1.32939 	-0.0025442 	
2.39	0.330916 	-0.172599 	0.539989 	0.00184687 	-1.32939 	-0.0025442 	
2.395	0.330929 	-0.172597 	0.539991 	0.00184687 	-1.32939 	-0.0025442 	
2.4	0.330941 	-0.172596 	0.539993 	0.00184687 	-1.32939 	-0.0025442 	
2.405	0.330953 	-0.172595 	0.539995 	0.00184687 	-1.32939 	-0.0025442 	
2.41	0.330964 	-0.172594 	0.539996 	0.00184687 	-1.32939 	-0.0025442 	
2.415	0.330974 	-0.172593 	0.539998 	0.00184687 	-1.32939 	-0.0025442 	
2.42	0.330984 	-0.172592 	0.54 	0.00184687 	-1.32939 	-0.0025442 	
2.425	0.330993 	-0.172591 	0.540001 	0.00184687 	-1.32939 	-0.0025442 	
2.43	0.331003 	-0.17259 	0.540002 	0.00184687 	-1.32939 	-0.0025442 	
2.435	0.331011 	-0.172589 	0.540004 	0.00184687 	-1.32939 	-0.0025442 	
2.44	0.331018 	-0.172588 	0.540005 	0.00184687 	-1.32939 	-0.0025442 	
2.445	0.331026 	-0.172588 	0.540006 	0.00184687 	-1.32939 	-0.0025442 	
2.45	0.331033 	-0.172587 	0.540007 	0.00184687 	-1.32939 	-0.0025442 	
2.455	0.331039 	-0.172586 	0.540008 	0.00184687 	-1.32939 	-0.0025442 	
2.46	0.331045 	-0.172586 	0.540009 	0.00184687 	-1.32939 	-0.0025442 	
2.465	0.33099 	-0.172599 	0.539999 	0.000313901 	-1.32832 	-0.000432279 	
2.47	0.330994 	-0.172599 	0.539999 	0.000313901 	-1.32832 	-0.000432279 	
2.475	0.330998 	-0.172598 	0.54 	0.000313901 	-1.32832 	-0.000432279 	
2.48	0.331002 	-0.172598 	0.540001 	0.000313901 	-1.32832 	-0.000432279 	
2.485	0.331005 	-0.172598 	0.540001 	0.000313901 	-1.32832 	-0.000432279 	
2.49	0.331008 	-0.172598 	0.540002 	0.000313901 	-1.32832 	-0.000432279 	
2.495	0.33101 	-0.172597 	0.540002 	0.000313901 	-1.32832 	-0.000432279 	
2.5	0.331011 	-0.172597 	0.540002 	0.000313901 	-1.32832 	-0.000432279 	
2.505	0.331011 	-0.172597 	0.540002 	0.000313901 	-1.32832 	-0.000432279 	
2.51	0.331012 	-0.172597 	0.540002 	0.000313901 	-1.32832 	-0.000432279 	
2.515	0.331015 	-0.172594 	0.540002 	0.000313901 	-1.32832 	-0.000432279 	
2.52	0.331015 	-0.172594 	0.540002 	0.000313901 	-1.32832 	-0.000432279 	
2.525	0.331016 	-0.172595 	0.540001 	0.000313901 	-1.32832 	-0.000432279 	
2.53	0.331016 	-0.172596 	0.54 	0.000313901 	-1.32832 	-0.000432279 	
2.535	0.331016 	-0.172597 	0.539999 	0.000313901 	-1.32832 	-0.000432279 	
2.54	0.331017 	-0.172598 	0.539997 	0.000313901 	-1.32832 	-0.000432279 	
2.545	0.331017 	-0.1726 	0.539995 	0.000313901 	-1.32832 	-0.000432279 	
2.55	0.331017 	-0.172602 	0.539993 	0.000313901 	-1.32832 	-0.000432279 	
2.555	0.331018 	-0.172604 	0.53999 	0.000313901 	-1.32832 	-0.000432279 	
2.56	0.331018 	-0.172606 	0.539988 	0.000313901 	-1.32832 	-0.000432279 	
2.565	0.331019 	-0.172609 	0.539984 	0.000313901 	-1.32832 	-0.000432279 	
2.57	0.33102 	-0.172612 	0.539981 	0.000313902 	-1.32832 	-0.000432279 	
2.575	0.33102 	-0.172615 	0.539977 	0.000313902 	-1.32832 	-0.000432279 	
2.58	0.331021 	-0.172619 	0.539973 	0.000313902 	-1.32832 	-0.000432279 	
2.585	0.331022 	-0.172622 	0.539969 	0.000313902 	-1.32832 	-0.000432279 	
2.59	0.331019 	-0.172602 	0.539965 	0.00122745 	-1.3283 	-4.32748e-05 	
2.595	0.33102 	-0.172606 	0.53996 	0.00122745 	-1.3283 	-4.32749e-05 	
2.6	0.331021 	-0.172611 	0.539955 	0.00122745 	-1.3283 	-4.32749e-05 	
2.605	0.331023 	-0.172616 	0.539949 	0.00122745 	-1.3283 	-4.3275e-05 	
2.61	0.331024 	-0.172621 	0.539943 	0.00122745 	-1.3283 	-4.32751e-05 	
2.615	0.331025 	-0.172626 	0.539937 	0.00122745 	-1.3283 	-4.32753e-05 	
2.62	0.331026 	-0.172631 	0.539931 	0.00122745 	-1.3283 	-4.32754e-05 	
2.625	0.331035 	-0.172606 	0.539927 	0.00259009 	-1.32849 	-3.71923e-06 	
2.63	0.331037 	-0.172613 	0.539919 	0.00259009 	-1.32849 	-3.71938e-06 	
2.635	0.331038 	-0.172618 	0.539912 	0.00259009 	-1.32849 	-3.71952e-06 	
2.64	0.33104 	-0.172626 	0.539904 	0.00259009 	-1.32849 	-3.7197e-06 	
2.645	0.331041 	-0.172632 	0.539896 	0.00259009 	-1.32849 	-3.71986e-06 	
2.65	0.331051 	-0.17261 	0.53989 	0.00391118 	-1.32869 	2.23634e-07 	
2.655	0.331053 	-0.172617 	0.539882 	0.00391118 	-1.32869 	2.23445e-07 	
2.66	0.331054 	-0.172625 	0.539873 	0.00391118 	-1.32869 	2.23243e-07 	
2.665	0.331056 	-0.172632 	0.539864 	0.00391118 	-1.32869 	2.23027e-07 	
2.67	0.331058 	-0.17264 	0.539855 	0.00391118 	-1.32869 	2.22797e-07 	
2.675	0.33107 	-0.172614 	0.539848 	0.00545606 	-1.32892 	8.40885e-07 	
2.68	0.331072 	-0.172623 	0.539838 	0.00545606 	-1.32892 	8.40624e-07 	
2.685	0.331074 	-0.172631 	0.539828 	0.00545606 	-1.32892 	8.40347e-07 	
2.69	0.331076 	-0.17264 	0.539817 	0.00545606 	-1.32892 	8.40054e-07 	
2.695	0.331087 	-0.172617 	0.539809 	0.00690387 	-1.32913 	8.06165e-07 	
2.7	0.331089 	-0.172627 	0.539798 	0.00690387 	-1.32913 	8.05837e-07 	
2.705	0.331092 	-0.172637 	0.539787 	0.00690387 	-1.32913 	8.05492e-07 	
2.71	0.331087 	-0.172654 	0.539775 	0.00690387 	-1.32913 	8.07013e-07 	
2.715	0.331099 	-0.172628 	0.539766 	0.00848508 	-1.32937 	9.43683e-07 	
2.72	0.331101 	-0.172639 	0.539754 	0.00848508 	-1.32937 	9.4328e-07 	
2.725	0.331104 	-0.17265 	0.539741 	0.00848508 	-1.32937 	9.42858e-07 	
2.73	0.331115 	-0.172631 	0.539731 	0.00981409 	-1.32957 	7.07677e-07 	
2.735	0.331117 	-0.172642 	0.539718 	0.00981409 	-1.32957 	7.07213e-07 	
2.74	0.33112 	-0.172654 	0.539705 	0.00981409 	-1.32957 	7.06729e-07 	
2.745	0.331131 	-0.172634 	0.539694 	0.0111968 	-1.32978 	7.35895e-07 	
2.75	0.331134 	-0.172646 	0.53968 	0.0111968 	-1.32978 	7.35367e-07 	
2.755	0.331137 	-0.172659 	0.539665 	0.0111968 	-1.32978 	7.34815e-07 	
2.76	0.331149 	-0.172638 	0.539654 	0.0126632 	-1.33 	8.22527e-07 	
2.765	0.331152 	-0.172651 	0.539639 	0.0126632 	-1.33 	8.21928e-07 	
2.77	0.331155 	-0.172664 	0.539624 	0.0126632 	-1.33 	8.21306e-07 	
2.775	0.331168 	-0.172642 	0.539612 	0.0142158 	-1.33023 	9.22476e-07 	
2.78	0.331171 	-0.172656 	0.539596 	0.0142158 	-1.33023 	9.21803e-07 	
2.785	0.331174 	-0.172669 	0.53958 	0.0142158 	-1.33023 	9.21105e-07 	
2.79	0.331187 	-0.172646 	0.539567 	0.015854 	-1.33048 	1.02849e-06 	
2.795	0.331191 	-0.17266 	0.539551 	0.015854 	-1.33048 	1.02774e-06 	
2.8	0.331194 	-0.172675 	0.539534 	0.015854 	-1.33048 	1.02696e-06 	
2.805	0.331208 	-0.172651 	0.539521 	0.0175767 	-1.33073 	1.1394e-06 	
2.81	0.331212 	-0.172665 	0.539503 	0.0175767 	-1.33073 	1.13857e-06 	
2.815	0.331215 	-0.17268 	0.539486 	0.0175767 	-1.33073 	1.1377e-06 	
2.82	0.33123 	-0.172655 	0.539472 	0.0193832 	-1.331 	1.25485e-06 	
2.825	0.331234 	-0.172671 	0.539453 	0.0193832 	-1.331 	1.25393e-06 	
2.83	0.331245 	-0.172657 	0.539438 	0.0206953 	-1.3312 	7.34351e-07 	
2.835	0.331249 	-0.172673 	0.539419 	0.0206953 	-1.3312 	7.33368e-07 	
2.84	0.331261 	-0.17266 	0.539403 	0.0219901 	-1.33139 	6.68323e-07 	
2.845	0.331265 	-0.172676 	0.539384 	0.0219901 	-1.33139 	6.67276e-07 	
2.85	0.331277 	-0.172663 	0.539367 	0.0233157 	-1.33159 	6.90938e-07 	
2.855	0.331281 	-0.17268 	0.539347 	0.0233157 	-1.33159 	6.89826e-07 	
2.86	0.331293 	-0.172667 	0.53933 	0.0246765 	-1.3318 	7.27356e-07 	
2.865	0.331297 	-0.172684 	0.53931 	0.0246765 	-1.3318 	7.26177e-07 	
2.87	0.33131 	-0.17267 	0.539292 	0.0260726 	-1.33201 	7.66235e-07 	
2.875	0.331314 	-0.172688 	0.539272 	0.0260726 	-1.33201 	7.64987e-07 	
2.88	0.331327 	-0.172674 	0.539254 	0.0275038 	-1.33222 	8.06017e-07 	
2.885	0.331331 	-0.172692 	0.539233 	0.0275038 	-1.33222 	8.04699e-07 	
2.89	0.331344 	-0.172677 	0.539214 	0.0289698 	-1.33244 	8.46475e-07 	
2.895	0.331349 	-0.172696 	0.539192 	0.0289698 	-1.33244 	8.45084e-07 	
2.9	0.331362 	-0.172681 	0.539174 	0.0304701 	-1.33267 	8.8755e-07 	
2.905	0.331367 	-0.1727 	0.539151 	0.0304701 	-1.33267 	8.86084e-07 	
2.91	0.331381 	-0.172685 	0.539132 	0.0320044 	-1.3329 	9.29202e-07 	
2.915	0.331386 	-0.172704 	0.539109 	0.0320044 	-1.3329 	9.27659e-07 	
2.92	0.3314 	-0.172688 	0.53909 	0.0335723 	-1.33313 	9.71395e-07 	
2.925	0.331405 	-0.172708 	0.539066 	0.0335724 	-1.33313 	9.69773e-07 	
2.93	0.331427 	-0.172684 	0.539046 	0.0351735 	-1.33337 	9.82306e-07 	
2.935	0.331432 	-0.172705 	0.539023 	0.0351735 	-1.33337 	9.80563e-07 	
2.94	0.331447 	-0.172688 	0.539002 	0.0368074 	-1.33362 	1.05408e-06 	
2.945	0.331452 	-0.172709 	0.538978 	0.0368074 	-1.33362 	1.05229e-06 	
2.95	0.331467 	-0.172692 	0.538957 	0.0384738 	-1.33386 	1.10053e-06 	
2.955	0.331472 	-0.172713 	0.538933 	0.0384738 	-1.33386 	1.09866e-06 	
2.96	0.331487 	-0.172697 	0.538911 	0.0401721 	-1.33412 	1.14479e-06 	
2.965	0.331493 	-0.172718 	0.538886 	0.0401721 	-1.33412 	1.14284e-06 	
2.97	0.331508 	-0.172701 	0.538865 	0.041902 	-1.33438 	1.18914e-06 	
2.975	0.331514 	-0.172723 	0.538839 	0.041902 	-1.33438 	1.1871e-06 	
2.98	0.331529 	-0.172705 	0.538817 	0.0436631 	-1.33464 	1.23378e-06 	
2.985	0.331535 	-0.172727 	0.538791 	0.0436631 	-1.33464 	1.23164e-06 	
2.99	0.33155 	-0.172709 	0.538768 	0.0454549 	-1.33491 	1.27868e-06 	
2.995	0.331556 	-0.172732 	0.538742 	0.0454549 	-1.33491 	1.27645e-06 	
3	0.331572 	-0.172714 	0.538719 	0.0472769 	-1.33518 	1.3238e-06 	
3.005	0.331578 	-0.172737 	0.538692 	0.0472769 	-1.33518 	1.32149e-06 	
3.01	0.331594 	-0.172718 	0.538669 	0.0491287 	-1.33546 	1.36912e-06 	
3.015	0.331601 	-0.172742 	0.538642 	0.0491287 	-1.33546 	1.36671e-06 	
3.02	0.331617 	-0.172723 	0.538618 	0.0510098 	-1.33574 	1.41458e-06 	
3.025	0.331624 	-0.172747 	0.538591 	0.0510098 	-1.33574 	1.41207e-06 	
3.03	0.33164 	-0.172728 	0.538567 	0.0529198 	-1.33603 	1.46014e-06 	
3.035	0.331647 	-0.172752 	0.538539 	0.0529198 	-1.33603 	1.45754e-06 	
3.04	0.331663 	-0.172732 	0.538514 	0.0548582 	-1.33632 	1.50577e-06 	
3.045	0.33167 	-0.172757 	0.538486 	0.0548582 	-1.33632 	1.50306e-06 	
3.05	0.331687 	-0.172737 	0.538461 	0.0568246 	-1.33661 	1.55142e-06 	
3.055	0.331694 	-0.172762 	0.538432 	0.0568246 	-1.33661 	1.54861e-06 	
3.06	0.331711 	-0.172742 	0.538407 	0.0588183 	-1.33691 	1.59705e-06 	
3.065	0.331718 	-0.172767 	0.538378 	0.0588183 	-1.33691 	1.59414e-06 	
3.07	0.331735 	-0.172747 	0.538353 	0.060839 	-1.33722 	1.64261e-06 	
3.075	0.331742 	-0.172772 	0.538323 	0.060839 	-1.33722 	1.6396e-06 	
3.08	0.33176 	-0.172752 	0.538298 	0.0628861 	-1.33752 	1.68807e-06 	
3.085	0.331767 	-0.172778 	0.538267 	0.0628861 	-1.33752 	1.68496e-06 	
3.09	0.331784 	-0.172757 	0.538242 	0.064959 	-1.33783 	1.73339e-06 	
3.095	0.331792 	-0.172783 	0.538211 	0.0649591 	-1.33783 	1.73016e-06 	
3.1	0.33181 	-0.172762 	0.538185 	0.0670574 	-1.33815 	1.77851e-06 	
3.105	0.331817 	-0.172788 	0.538154 	0.0670574 	-1.33815 	1.77518e-06 	
3.11	0.331835 	-0.172767 	0.538128 	0.0691807 	-1.33847 	1.82341e-06 	
3.115	0.331843 	-0.172794 	0.538096 	0.0691807 	-1.33847 	1.81997e-06 	
3.12	0.331861 	-0.172772 	0.53807 	0.0713283 	-1.33879 	1.86803e-06 	
3.125	0.331869 	-0.172799 	0.538038 	0.0713283 	-1.33879 	1.86448e-06 	
3.13	0.331887 	-0.172778 	0.538011 	0.0734997 	-1.33911 	1.91234e-06 	
3.135	0.331895 	-0.172805 	0.537979 	0.0734997 	-1.33911 	1.90868e-06 	
3.14	0.331913 	-0.172783 	0.537952 	0.0756944 	-1.33944 	1.95629e-06 	
3.145	0.331921 	-0.17281 	0.537919 	0.0756944 	-1.33944 	1.95252e-06 	
3.15	0.33194 	-0.172788 	0.537892 	0.0779117 	-1.33977 	1.99984e-06 	
3.155	0.331948 	-0.172816 	0.537859 	0.0779118 	-1.33977 	1.99596e-06 	
3.16	0.331967 	-0.172794 	0.537831 	0.0801513 	-1.34011 	2.04295e-06 	
3.165	0.331975 	-0.172822 	0.537798 	0.0801513 	-1.34011 	2.03896e-06 	
3.17	0.331994 	-0.172799 	0.53777 	0.0824125 	-1.34045 	2.08559e-06 	
3.175	0.332002 	-0.172827 	0.537737 	0.0824125 	-1.34045 	2.08148e-06 	
3.18	0.332015 	-0.172812 	0.537709 	0.0846946 	-1.34079 	2.16726e-06 	
3.185	0.332029 	-0.172812 	0.537678 	0.0859591 	-1.34098 	8.22784e-07 	
3.19	0.332038 	-0.17284 	0.537644 	0.0859592 	-1.34098 	8.18502e-07 	
3.195	0.332056 	-0.17282 	0.537615 	0.0881679 	-1.34131 	1.88868e-06 	
3.2	0.33207 	-0.17282 	0.537584 	0.0894383 	-1.3415 	8.02165e-07 	
3.205	0.332079 	-0.172849 	0.53755 	0.0894383 	-1.3415 	7.9771e-07 	
3.21	0.332098 	-0.172828 	0.537521 	0.0916738 	-1.34184 	1.93473e-06 	
3.215	0.332113 	-0.172829 	0.537489 	0.0929598 	-1.34203 	8.23102e-07 	
3.22	0.332122 	-0.172858 	0.537454 	0.0929598 	-1.34203 	8.18475e-07 	
3.225	0.332141 	-0.172837 	0.537425 	0.0952218 	-1.34237 	1.98526e-06 	
3.23	0.332155 	-0.172837 	0.537393 	0.0965226 	-1.34256 	8.44133e-07 	
3.235	0.332165 	-0.172867 	0.537358 	0.0965226 	-1.34256 	8.39333e-07 	
3.24	0.332184 	-0.172845 	0.537328 	0.0988099 	-1.34291 	2.03444e-06 	
3.245	0.332199 	-0.172846 	0.537296 	0.100125 	-1.3431 	8.64548e-07 	
3.25	0.332208 	-0.172876 	0.53726 	0.100125 	-1.3431 	8.59575e-07 	
3.255	0.332227 	-0.172854 	0.53723 	0.102436 	-1.34345 	2.08207e-06 	
3.26	0.332242 	-0.172855 	0.537197 	0.103765 	-1.34365 	8.84291e-07 	
3.265	0.332252 	-0.172885 	0.537161 	0.103765 	-1.34365 	8.79146e-07 	
3.27	0.332271 	-0.172863 	0.537131 	0.106099 	-1.344 	2.12806e-06 	
3.275	0.332286 	-0.172864 	0.537098 	0.10744 	-1.3442 	9.03317e-07 	
3.28	0.332296 	-0.172894 	0.537062 	0.10744 	-1.3442 	8.98001e-07 	
3.285	0.332316 	-0.172872 	0.537031 	0.109795 	-1.34455 	2.17229e-06 	
3.29	0.332331 	-0.172872 	0.536998 	0.111148 	-1.34475 	9.21585e-07 	
3.295	0.332341 	-0.172903 	0.536962 	0.111148 	-1.34475 	9.16099e-07 	
3.3	0.33236 	-0.172881 	0.536931 	0.113523 	-1.34511 	2.21466e-06 	
3.305	0.332376 	-0.172881 	0.536897 	0.114888 	-1.34531 	9.39052e-07 	
3.31	0.332391 	-0.172884 	0.536864 	0.116152 	-1.3455 	7.1504e-07 	
3.315	0.332401 	-0.172915 	0.536826 	0.116152 	-1.3455 	7.09331e-07 	
3.32	0.33242 	-0.172893 	0.536795 	0.118542 	-1.34586 	2.2271e-06 	
3.325	0.332436 	-0.172894 	0.536762 	0.119919 	-1.34607 	9.55875e-07 	
3.33	0.332451 	-0.172896 	0.536727 	0.121196 	-1.34626 	7.30606e-07 	
3.335	0.332466 	-0.172899 	0.536693 	0.122465 	-1.34645 	7.01598e-07 	
3.34	0.332482 	-0.172902 	0.536659 	0.123736 	-1.34664 	7.0093e-07 	
3.345	0.332497 	-0.172905 	0.536625 	0.12501 	-1.34683 	7.03903e-07 	
3.35	0.332512 	-0.172909 	0.53659 	0.126286 	-1.34702 	7.0726e-07 	
3.355	0.332528 	-0.172912 	0.536556 	0.127565 	-1.34721 	7.10596e-07 	
3.36	0.332543 	-0.172915 	0.536521 	0.128846 	-1.34741 	7.13861e-07 	
3.365	0.332558 	-0.172918 	0.536487 	0.13013 	-1.3476 	7.17048e-07 	
3.37	0.332574 	-0.172921 	0.536452 	0.131415 	-1.34779 	7.20157e-07 	
3.375	0.332589 	-0.172924 	0.536417 	0.132703 	-1.34798 	7.23186e-07 	
3.38	0.332605 	-0.172927 	0.536382 	0.133994 	-1.34818 	7.26135e-07 	
3.385	0.33262 	-0.17293 	0.536347 	0.135286 	-1.34837 	7.29002e-07 	
3.39	0.332636 	-0.172933 	0.536312 	0.13658 	-1.34856 	7.31787e-07 	
3.395	0.332651 	-0.172936 	0.536278 	0.137876 	-1.34876 	7.34489e-07 	
3.4	0.332666 	-0.17294 	0.536243 	0.139174 	-1.34895 	7.38721e-07 	
3.405	0.332682 	-0.172943 	0.536207 	0.140474 	-1.34915 	7.39818e-07 	
3.41	0.332698 	-0.172946 	0.536172 	0.141775 	-1.34934 	7.42108e-07 	
3.415	0.332713 	-0.172949 	0.536137 	0.143078 	-1.34954 	7.44455e-07 	
3.42	0.332729 	-0.172952 	0.536102 	0.144382 	-1.34973 	7.4673e-07 	
3.425	0.332744 	-0.172956 	0.536067 	0.145688 	-1.34993 	7.4892e-07 	
3.43	0.33276 	-0.172959 	0.536032 	0.146995 	-1.35013 	7.51021e-07 	
3.435	0.332776 	-0.172962 	0.535996 	0.148303 	-1.35032 	7.53035e-07 	
3.44	0.332792 	-0.172965 	0.535961 	0.149612 	-1.35052 	7.5496e-07 	
3.445	0.332807 	-0.172968 	0.535926 	0.150923 	-1.35071 	7.56795e-07 	
3.45	0.332823 	-0.172971 	0.53589 	0.152234 	-1.35091 	7.5854e-07 	
3.455	0.332839 	-0.172974 	0.535855 	0.153547 	-1.35111 	7.60194e-07 	
3.46	0.332854 	-0.172978 	0.535819 	0.15486 	-1.3513 	7.61757e-07 	
3.465	0.33287 	-0.172981 	0.535784 	0.156174 	-1.3515 	7.63229e-07 	
3.47	0.332886 	-0.172984 	0.535749 	0.157489 	-1.3517 	7.64609e-07 	
3.475	0.332902 	-0.172987 	0.535713 	0.158804 	-1.35189 	7.65896e-07 	
3.48	0.332918 	-0.17299 	0.535678 	0.16012 	-1.35209 	7.6709e-07 	
3.485	0.332933 	-0.172993 	0.535642 	0.161436 	-1.35229 	7.68191e-07 	
3.49	0.332949 	-0.172996 	0.535607 	0.162752 	-1.35249 	7.69198e-07 	
3.495	0.332965 	-0.173 	0.535571 	0.164069 	-1.35268 	7.70111e-07 	
3.5	0.332981 	-0.173003 	0.535536 	0.165386 	-1.35288 	7.70929e-07 	
3.505	0.332996 	-0.173006 	0.5355 	0.166703 	-1.35308 	7.71653e-07 	
3.51	0.333012 	-0.173009 	0.535464 	0.16802 	-1.35328 	7.72282e-07 	
3.515	0.333028 	-0.173012 	0.535429 	0.169337 	-1.35347 	7.72815e-07 	
3.52	0.333044 	-0.173015 	0.535393 	0.170654 	-1.35367 	7.73253e-07 	
3.525	0.33306 	-0.173019 	0.535358 	0.17197 	-1.35387 	7.73595e-07 	
3.53	0.333075 	-0.173022 	0.535322 	0.173286 	-1.35406 	7.73842e-07 	
3.535	0.333091 	-0.173025 	0.535287 	0.174602 	-1.35426 	7.73992e-07 	
3.54	0.333107 	-0.173028 	0.535251 	0.175917 	-1.35446 	7.74046e-07 	
3.545	0.333123 	-0.173031 	0.535216 	0.177232 	-1.35466 	7.74003e-07 	
3.55	0.333138 	-0.173034 	0.535181 	0.178546 	-1.35485 	7.73864e-07 	
3.555	0.333154 	-0.173037 	0.535145 	0.17986 	-1.35505 	7.73628e-07 	
3.56	0.33317 	-0.173041 	0.53511 	0.181172 	-1.35525 	7.73296e-07 	
3.565	0.333192 	-0.173038 	0.535074 	0.182484 	-1.35544 	7.48943e-07 	
3.57	0.333208 	-0.173041 	0.535039 	0.183795 	-1.35564 	7.69718e-07 	
3.575	0.333223 	-0.173044 	0.535004 	0.185104 	-1.35584 	7.71461e-07 	
3.58	0.333239 	-0.173047 	0.534968 	0.186413 	-1.35603 	7.70981e-07 	
3.585	0.333255 	-0.17305 	0.534933 	0.18772 	-1.35623 	7.70189e-07 	
3.59	0.33327 	-0.173053 	0.534898 	0.189026 	-1.35642 	7.6928e-07 	
3.595	0.333286 	-0.173056 	0.534863 	0.190331 	-1.35662 	7.68271e-07 	
3.6	0.333301 	-0.17306 	0.534828 	0.191634 	-1.35681 	7.67167e-07 	
3.605	0.333317 	-0.173063 	0.534793 	0.192936 	-1.35701 	7.65966e-07 	
3.61	0.333333 	-0.173066 	0.534757 	0.194236 	-1.3572 	7.6467e-07 	
3.615	0.333348 	-0.173069 	0.534722 	0.195534 	-1.3574 	7.63278e-07 	
3.62	0.333364 	-0.173072 	0.534687 	0.196831 	-1.35759 	7.6179e-07 	
3.625	0.333379 	-0.173075 	0.534653 	0.198125 	-1.35779 	7.60208e-07 	
3.63	0.333395 	-0.173078 	0.534618 	0.199418 	-1.35798 	7.5853e-07 	
3.635	0.33341 	-0.173081 	0.534583 	0.200708 	-1.35817 	7.56758e-07 	
3.64	0.333426 	-0.173084 	0.534548 	0.201997 	-1.35837 	7.54892e-07 	
3.645	0.333441 	-0.173087 	0.534513 	0.203283 	-1.35856 	7.52931e-07 	
3.65	0.333457 	-0.17309 	0.534479 	0.204567 	-1.35875 	7.50878e-07 	
3.655	0.333472 	-0.173094 	0.534444 	0.205849 	-1.35894 	7.48731e-07 	
3.66	0.333487 	-0.173097 	0.53441 	0.207129 	-1.35914 	7.46492e-07 	
3.665	0.333503 	-0.1731 	0.534375 	0.208405 	-1.35933 	7.4416e-07 	
3.67	0.333518 	-0.173103 	0.534341 	0.20968 	-1.35952 	7.41737e-07 	
3.675	0.333533 	-0.173106 	0.534307 	0.210951 	-1.35971 	7.39223e-07 	
3.68	0.333548 	-0.173109 	0.534273 	0.21222 	-1.3599 	7.36618e-07 	
3.685	0.333563 	-0.173112 	0.534238 	0.213486 	-1.36009 	7.33923e-07 	
3.69	0.333579 	-0.173115 	0.534204 	0.214749 	-1.36028 	7.31138e-07 	
3.695	0.333594 	-0.173118 	0.53417 	0.216009 	-1.36047 	7.28265e-07 	
3.7	0.333607 	-0.173148 	0.534133 	0.216009 	-1.36047 	7.2026e-07 	
3.705	0.333624 	-0.173127 	0.534102 	0.218393 	-1.36082 	2.36011e-06 	
3.71	0.333639 	-0.173127 	0.534069 	0.219758 	-1.36103 	1.00175e-06 	
3.715	0.333652 	-0.173157 	0.534032 	0.219758 	-1.36103 	9.93775e-07 	
3.72	0.333668 	-0.173135 	0.534001 	0.222134 	-1.36138 	2.37882e-06 	
3.725	0.333683 	-0.173136 	0.533968 	0.223489 	-1.36159 	9.94324e-07 	
3.73	0.333697 	-0.173166 	0.533931 	0.223489 	-1.36159 	9.86395e-07 	
3.735	0.333714 	-0.173143 	0.533901 	0.225846 	-1.36194 	2.3365e-06 	
