0	2.05374 	-0.0925279 	-1.5594 	0.000238394 	-0.0987742 	0.00451744 	
0.005	2.05374 	-0.0925277 	-1.5594 	0.000238402 	-0.0987742 	0.00451744 	
0.01	2.05374 	-0.0925276 	-1.5594 	0.00023841 	-0.0987742 	0.00451744 	
0.015	2.05374 	-0.0925274 	-1.5594 	0.000238417 	-0.0987742 	0.00451745 	
0.02	2.05374 	-0.0925273 	-1.5594 	0.000238423 	-0.0987742 	0.00451745 	
0.025	2.05374 	-0.0925271 	-1.5594 	0.000238428 	-0.0987743 	0.00451745 	
0.03	2.05374 	-0.0925269 	-1.5594 	0.000238432 	-0.0987743 	0.00451745 	
0.035	2.05374 	-0.0925267 	-1.5594 	0.000238433 	-0.0987744 	0.00451745 	
0.04	2.05374 	-0.0925265 	-1.55939 	0.000238433 	-0.0987745 	0.00451744 	
0.045	2.05375 	-0.0925262 	-1.55939 	0.000238431 	-0.0987747 	0.00451743 	
0.05	2.05375 	-0.0925259 	-1.55939 	0.000238426 	-0.0987749 	0.00451742 	
0.055	2.05375 	-0.0925255 	-1.55938 	0.000238419 	-0.0987751 	0.0045174 	
0.06	2.05375 	-0.0925251 	-1.55938 	0.000238409 	-0.0987754 	0.00451738 	
0.065	2.05376 	-0.0925247 	-1.55937 	0.000238396 	-0.0987758 	0.00451736 	
0.07	2.05376 	-0.0925242 	-1.55936 	0.00023838 	-0.0987762 	0.00451733 	
0.075	2.05377 	-0.0925236 	-1.55935 	0.000238361 	-0.0987767 	0.00451729 	
0.08	2.05377 	-0.0925229 	-1.55934 	0.000238338 	-0.0987772 	0.00451725 	
0.085	2.05378 	-0.0925222 	-1.55933 	0.000238312 	-0.0987778 	0.00451721 	
0.09	2.05379 	-0.0925214 	-1.55931 	0.000238283 	-0.0987785 	0.00451716 	
0.095	2.0538 	-0.0925206 	-1.5593 	0.000238249 	-0.0987793 	0.0045171 	
0.1	2.05381 	-0.0925197 	-1.55928 	0.000238212 	-0.0987801 	0.00451704 	
0.105	2.05382 	-0.0925187 	-1.55926 	0.000238171 	-0.0987811 	0.00451697 	
0.11	2.05383 	-0.0925176 	-1.55924 	0.000238126 	-0.0987821 	0.0045169 	
0.115	2.05384 	-0.0925164 	-1.55922 	0.000238077 	-0.0987832 	0.00451682 	
0.12	2.05385 	-0.0925152 	-1.5592 	0.000238024 	-0.0987843 	0.00451673 	
0.125	2.05387 	-0.0925138 	-1.55918 	0.000237967 	-0.0987856 	0.00451664 	
0.13	2.05388 	-0.0925124 	-1.55915 	0.000237906 	-0.0987869 	0.00451654 	
0.135	2.0539 	-0.0925109 	-1.55912 	0.00023784 	-0.0987884 	0.00451643 	
0.14	2.05391 	-0.0925093 	-1.55909 	0.000237771 	-0.0987899 	0.00451632 	
0.145	2.05393 	-0.0925077 	-1.55906 	0.000237697 	-0.0987915 	0.0045162 	
0.15	2.05395 	-0.0925059 	-1.55903 	0.000237619 	-0.0987932 	0.00451608 	
0.155	2.05397 	-0.0925041 	-1.559 	0.000237537 	-0.098795 	0.00451595 	
0.16	2.05399 	-0.0925021 	-1.55896 	0.00023745 	-0.0987969 	0.00451581 	
0.165	2.05237 	-0.0910989 	-1.56132 	0.000303077 	-0.0988023 	0.00450615 	
0.17	2.0527 	-0.0911663 	-1.56144 	0.000299449 	-0.0988168 	0.00450505 	
0.175	2.05296 	-0.0912421 	-1.56148 	0.000295222 	-0.0988296 	0.00450353 	
0.18	2.05312 	-0.0913042 	-1.56144 	0.000291627 	-0.0988389 	0.00450208 	
0.185	2.05328 	-0.0913615 	-1.56141 	0.000288283 	-0.0988478 	0.00450071 	
0.19	2.05342 	-0.0914143 	-1.56137 	0.000285171 	-0.0988563 	0.00449943 	
0.195	2.05356 	-0.091463 	-1.56133 	0.000282274 	-0.0988645 	0.00449821 	
0.2	2.05369 	-0.0915078 	-1.56129 	0.000279577 	-0.0988724 	0.00449707 	
0.205	2.05381 	-0.0915491 	-1.56124 	0.000277063 	-0.0988799 	0.00449599 	
0.21	2.05393 	-0.091587 	-1.5612 	0.00027472 	-0.0988872 	0.00449496 	
0.215	2.05404 	-0.0916219 	-1.56115 	0.000272535 	-0.0988943 	0.00449399 	
0.22	2.05415 	-0.0916538 	-1.5611 	0.000270495 	-0.0989012 	0.00449307 	
0.225	2.05263 	-0.090309 	-1.56341 	0.000333388 	-0.0989112 	0.00448321 	
0.23	2.05303 	-0.0904045 	-1.56351 	0.00032811 	-0.0989301 	0.00448142 	
0.235	2.05336 	-0.0905061 	-1.56352 	0.000322357 	-0.0989469 	0.00447926 	
0.24	2.05397 	-0.0910835 	-1.56401 	0.000355742 	-0.0990093 	0.00442343 	
0.245	2.05419 	-0.0911628 	-1.56396 	0.00035108 	-0.0990219 	0.0044215 	
0.25	2.05439 	-0.091236 	-1.5639 	0.000346742 	-0.0990339 	0.00441968 	
0.255	2.05458 	-0.0913034 	-1.56385 	0.000342706 	-0.0990454 	0.00441796 	
0.26	2.05476 	-0.0913655 	-1.56378 	0.000338949 	-0.0990565 	0.00441635 	
0.265	2.05494 	-0.0914227 	-1.56372 	0.00033545 	-0.0990671 	0.00441482 	
0.27	2.0551 	-0.0914753 	-1.56365 	0.000332191 	-0.0990773 	0.00441338 	
0.275	2.05353 	-0.0900739 	-1.5661 	0.000397837 	-0.0990907 	0.00440286 	
0.28	2.05402 	-0.0901919 	-1.5662 	0.000391251 	-0.0991136 	0.00440056 	
0.285	2.05442 	-0.0903148 	-1.5662 	0.000384245 	-0.0991341 	0.00439787 	
0.29	2.05469 	-0.0904195 	-1.56614 	0.000378101 	-0.0991504 	0.00439531 	
0.295	2.05496 	-0.0905162 	-1.56607 	0.000372388 	-0.099166 	0.00439291 	
0.3	2.0552 	-0.0906054 	-1.566 	0.000367074 	-0.0991808 	0.00439065 	
0.305	2.05544 	-0.0906876 	-1.56592 	0.000362131 	-0.099195 	0.00438852 	
0.31	2.05566 	-0.0907633 	-1.56584 	0.00035753 	-0.0992086 	0.00438651 	
0.315	2.05423 	-0.0894583 	-1.56816 	0.000418726 	-0.0992249 	0.0043763 	
0.32	2.05474 	-0.0895923 	-1.56823 	0.000411161 	-0.09925 	0.00437355 	
0.325	2.05517 	-0.0897296 	-1.56822 	0.000403272 	-0.0992728 	0.00437045 	
0.33	2.05549 	-0.0898482 	-1.56815 	0.000396288 	-0.0992914 	0.0043675 	
0.335	2.05579 	-0.0899576 	-1.56806 	0.000389795 	-0.0993092 	0.00436473 	
0.34	2.05607 	-0.0900585 	-1.56798 	0.000383757 	-0.0993261 	0.00436213 	
0.345	2.05634 	-0.0901515 	-1.56789 	0.000378139 	-0.0993423 	0.00435968 	
0.35	2.0566 	-0.0902372 	-1.5678 	0.000372913 	-0.0993579 	0.00435738 	
0.355	2.05501 	-0.0887947 	-1.57037 	0.000440916 	-0.0993766 	0.00434641 	
0.36	2.05561 	-0.0889463 	-1.57047 	0.000432344 	-0.0994055 	0.00434328 	
0.365	2.05609 	-0.0891008 	-1.57046 	0.000423447 	-0.0994313 	0.00433975 	
0.37	2.05645 	-0.0892337 	-1.57037 	0.000415587 	-0.0994523 	0.00433639 	
0.375	2.05679 	-0.0893564 	-1.57027 	0.00040828 	-0.0994722 	0.00433323 	
0.38	2.0571 	-0.0894695 	-1.57018 	0.000401486 	-0.0994913 	0.00433026 	
0.385	2.0574 	-0.0895738 	-1.57008 	0.000395167 	-0.0995095 	0.00432747 	
0.39	2.05589 	-0.0881846 	-1.57259 	0.000460844 	-0.0995306 	0.0043167 	
0.395	2.05652 	-0.0883506 	-1.57267 	0.000451394 	-0.0995616 	0.00431316 	
0.4	2.05704 	-0.0885182 	-1.57264 	0.00044169 	-0.0995894 	0.00430924 	
0.405	2.05743 	-0.0886636 	-1.57254 	0.000433073 	-0.0996124 	0.00430551 	
0.41	2.0578 	-0.0887976 	-1.57244 	0.000425064 	-0.0996343 	0.004302 	
0.415	2.05814 	-0.0889212 	-1.57233 	0.000417618 	-0.0996552 	0.00429872 	
0.42	2.05679 	-0.0876564 	-1.57465 	0.000477495 	-0.0996785 	0.00428845 	
0.425	2.05743 	-0.0878333 	-1.5747 	0.00046735 	-0.0997106 	0.00428453 	
0.43	2.05796 	-0.0880104 	-1.57467 	0.000457043 	-0.0997398 	0.00428029 	
0.435	2.05838 	-0.0881653 	-1.57456 	0.000447832 	-0.0997644 	0.00427626 	
0.44	2.05877 	-0.0883081 	-1.57444 	0.000439272 	-0.0997878 	0.00427248 	
0.445	2.05915 	-0.0884399 	-1.57433 	0.000431314 	-0.0998102 	0.00426893 	
0.45	2.05772 	-0.0871154 	-1.57678 	0.000494359 	-0.0998351 	0.00425847 	
0.455	2.05841 	-0.0873037 	-1.57683 	0.000483534 	-0.0998695 	0.00425427 	
0.46	2.05898 	-0.0874918 	-1.57679 	0.000472557 	-0.0999006 	0.00424971 	
0.465	2.05943 	-0.0876562 	-1.57668 	0.000462755 	-0.0999268 	0.00424537 	
0.47	2.05984 	-0.0878078 	-1.57655 	0.000453645 	-0.0999517 	0.0042413 	
0.475	2.06024 	-0.0879476 	-1.57643 	0.000445178 	-0.0999755 	0.00423748 	
0.48	2.05873 	-0.0865491 	-1.57903 	0.000512164 	-0.100002 	0.00422684 	
0.485	2.05947 	-0.0867497 	-1.5791 	0.000500611 	-0.100039 	0.00422233 	
0.49	2.06008 	-0.0869499 	-1.57906 	0.000488911 	-0.100072 	0.00421742 	
0.495	2.06055 	-0.0871244 	-1.57893 	0.000478476 	-0.1001 	0.00421275 	
0.5	2.06082 	-0.0870568 	-1.57854 	0.000450949 	-0.100103 	0.00423366 	
0.505	2.05954 	-0.0858452 	-1.58085 	0.000509006 	-0.100132 	0.0042237 	
0.51	2.06026 	-0.0860545 	-1.58088 	0.000496865 	-0.100169 	0.00421881 	
0.515	2.06088 	-0.0862617 	-1.58082 	0.000484691 	-0.100203 	0.0042136 	
0.52	2.06137 	-0.0864443 	-1.58068 	0.000473755 	-0.100232 	0.00420866 	
0.525	2.06184 	-0.0866126 	-1.58054 	0.000463596 	-0.10026 	0.00420403 	
0.53	2.06053 	-0.0853765 	-1.58292 	0.000523148 	-0.10029 	0.00419411 	
0.535	2.06129 	-0.0855945 	-1.58295 	0.000510476 	-0.100328 	0.00418896 	
0.54	2.06193 	-0.08581 	-1.58288 	0.000497785 	-0.100364 	0.00418348 	
0.545	2.06244 	-0.0859998 	-1.58274 	0.000486387 	-0.100394 	0.00417828 	
0.55	2.06293 	-0.0861747 	-1.5826 	0.000475799 	-0.100423 	0.00417341 	
0.555	2.06157 	-0.0848958 	-1.58506 	0.000537807 	-0.100454 	0.00416351 	
0.56	2.06236 	-0.085123 	-1.5851 	0.000524575 	-0.100494 	0.0041581 	
0.565	2.06304 	-0.0853474 	-1.58503 	0.00051133 	-0.100531 	0.00415234 	
0.57	2.06357 	-0.0855448 	-1.58489 	0.000499444 	-0.100563 	0.00414686 	
0.575	2.06407 	-0.0857269 	-1.58473 	0.000488404 	-0.100593 	0.00414172 	
0.58	2.06266 	-0.0844056 	-1.5873 	0.000552886 	-0.100625 	0.00413189 	
0.585	2.06349 	-0.0846425 	-1.58734 	0.000539068 	-0.100667 	0.0041262 	
0.59	2.06419 	-0.0848762 	-1.58727 	0.000525246 	-0.100706 	0.00412014 	
0.595	2.06474 	-0.0850817 	-1.58712 	0.00051285 	-0.100738 	0.00411437 	
0.6	2.06526 	-0.0852711 	-1.58696 	0.000501338 	-0.100769 	0.00410896 	
0.605	2.0638 	-0.0839098 	-1.58962 	0.000568225 	-0.100803 	0.00409924 	
0.61	2.06466 	-0.0841566 	-1.58967 	0.000553804 	-0.100847 	0.00409327 	
0.615	2.06539 	-0.0843998 	-1.5896 	0.000539391 	-0.100887 	0.00408689 	
0.62	2.06596 	-0.0846135 	-1.58944 	0.000526472 	-0.100921 	0.00408081 	
0.625	2.06484 	-0.0835184 	-1.59166 	0.000580145 	-0.100956 	0.00407163 	
0.63	2.06566 	-0.0837713 	-1.59165 	0.000565252 	-0.101 	0.00406523 	
0.635	2.06638 	-0.0840188 	-1.59155 	0.000550517 	-0.101039 	0.00405858 	
0.64	2.06697 	-0.0842386 	-1.59139 	0.000537207 	-0.101074 	0.00405227 	
0.645	2.06585 	-0.083149 	-1.59361 	0.000590885 	-0.10111 	0.00404325 	
0.65	2.0667 	-0.0834076 	-1.59361 	0.000575622 	-0.101155 	0.00403664 	
0.655	2.06743 	-0.0836604 	-1.59351 	0.000560534 	-0.101195 	0.00402977 	
0.66	2.06803 	-0.083885 	-1.59334 	0.000546902 	-0.101231 	0.00402326 	
0.665	2.06689 	-0.0827766 	-1.59562 	0.000601855 	-0.101268 	0.00401441 	
0.67	2.06775 	-0.0830413 	-1.59561 	0.000586205 	-0.101314 	0.00400759 	
0.675	2.06851 	-0.0833 	-1.59551 	0.000570738 	-0.101355 	0.0040005 	
0.68	2.06912 	-0.0835297 	-1.59534 	0.000556768 	-0.101392 	0.00399377 	
0.685	2.06795 	-0.0824015 	-1.59767 	0.000613069 	-0.101429 	0.0039851 	
0.69	2.06884 	-0.0826725 	-1.59767 	0.000597012 	-0.101476 	0.00397806 	
0.695	2.06961 	-0.0829374 	-1.59757 	0.000581145 	-0.101519 	0.00397073 	
0.7	2.07024 	-0.0831725 	-1.59739 	0.000566818 	-0.101556 	0.00396377 	
0.705	2.06903 	-0.0820258 	-1.59978 	0.000624428 	-0.101595 	0.00395531 	
0.71	2.06995 	-0.0823035 	-1.59977 	0.000607948 	-0.101642 	0.00394804 	
0.715	2.07074 	-0.0825748 	-1.59967 	0.000591667 	-0.101686 	0.00394046 	
0.72	2.07138 	-0.0828155 	-1.59949 	0.000576972 	-0.101724 	0.00393326 	
0.725	2.07015 	-0.0816518 	-1.60193 	0.000635841 	-0.101763 	0.00392503 	
0.73	2.07109 	-0.0819362 	-1.60193 	0.00061893 	-0.101813 	0.00391753 	
0.735	2.07189 	-0.082214 	-1.60182 	0.000602226 	-0.101857 	0.00390969 	
0.74	2.07255 	-0.0824604 	-1.60163 	0.000587153 	-0.101896 	0.00390225 	
0.745	2.07129 	-0.0812811 	-1.60413 	0.000647237 	-0.101936 	0.00389427 	
0.75	2.07225 	-0.0815723 	-1.60413 	0.000629888 	-0.101986 	0.00388653 	
0.755	2.07308 	-0.0818567 	-1.60402 	0.000612757 	-0.102032 	0.00387843 	
0.76	2.07375 	-0.0821088 	-1.60383 	0.000597303 	-0.102071 	0.00387073 	
0.765	2.07246 	-0.0809152 	-1.60637 	0.000658556 	-0.102112 	0.00386303 	
0.77	2.07344 	-0.0812133 	-1.60638 	0.000640767 	-0.102164 	0.00385504 	
0.775	2.07428 	-0.0815043 	-1.60627 	0.000623207 	-0.10221 	0.00384668 	
0.78	2.07497 	-0.0817622 	-1.60607 	0.000607368 	-0.10225 	0.00383873 	
0.785	2.07366 	-0.0805556 	-1.60866 	0.000669749 	-0.102292 	0.00383134 	
0.79	2.0744 	-0.0805325 	-1.60829 	0.000626068 	-0.102312 	0.00386011 	
0.795	2.07526 	-0.08083 	-1.60818 	0.000608078 	-0.102359 	0.00385148 	
0.8	2.07596 	-0.0810936 	-1.60798 	0.000591856 	-0.1024 	0.00384326 	
0.805	2.07462 	-0.0798756 	-1.61061 	0.000655348 	-0.102442 	0.00383625 	
0.81	2.07565 	-0.0801872 	-1.61062 	0.000636682 	-0.102496 	0.00382776 	
0.815	2.07652 	-0.0804912 	-1.61051 	0.000618264 	-0.102544 	0.00381886 	
0.82	2.07723 	-0.0807605 	-1.6103 	0.000601659 	-0.102586 	0.00381038 	
0.825	2.07587 	-0.0795321 	-1.61298 	0.000666197 	-0.102629 	0.00380374 	
0.83	2.07691 	-0.0798504 	-1.61299 	0.000647095 	-0.102683 	0.003795 	
0.835	2.0778 	-0.0801607 	-1.61288 	0.000628253 	-0.102732 	0.00378582 	
0.84	2.07852 	-0.0804356 	-1.61266 	0.000611269 	-0.102774 	0.00377707 	
0.845	2.07713 	-0.0791981 	-1.61539 	0.00067681 	-0.102818 	0.00377084 	
0.85	2.0782 	-0.0795229 	-1.6154 	0.000657278 	-0.102874 	0.00376184 	
0.855	2.0791 	-0.0798395 	-1.61528 	0.000638015 	-0.102924 	0.00375238 	
0.86	2.07983 	-0.0801199 	-1.61506 	0.000620655 	-0.102966 	0.00374337 	
0.865	2.07843 	-0.0788746 	-1.61783 	0.00068716 	-0.103011 	0.00373757 	
0.87	2.07951 	-0.0792058 	-1.61784 	0.000667201 	-0.103067 	0.00372831 	
0.875	2.08043 	-0.0795285 	-1.61772 	0.000647523 	-0.103118 	0.00371858 	
0.88	2.08117 	-0.0798143 	-1.6175 	0.000629791 	-0.103161 	0.00370931 	
0.885	2.07974 	-0.0785624 	-1.6203 	0.000697218 	-0.103207 	0.00370396 	
0.89	2.08084 	-0.0788998 	-1.62032 	0.00067684 	-0.103264 	0.00369445 	
0.895	2.08177 	-0.0792286 	-1.6202 	0.000656751 	-0.103315 	0.00368444 	
0.9	2.08252 	-0.0795197 	-1.61997 	0.000638653 	-0.103359 	0.0036749 	
0.905	2.08107 	-0.0782623 	-1.62281 	0.00070696 	-0.103405 	0.00367003 	
0.91	2.08219 	-0.0786059 	-1.62283 	0.000686169 	-0.103463 	0.00366027 	
0.915	2.08313 	-0.0789406 	-1.62271 	0.000665677 	-0.103515 	0.00364999 	
0.92	2.08219 	-0.0780484 	-1.62488 	0.000713982 	-0.103562 	0.00364382 	
0.925	2.08322 	-0.0783953 	-1.62481 	0.000692833 	-0.103618 	0.00363345 	
0.93	2.08413 	-0.0787304 	-1.62466 	0.000672215 	-0.103669 	0.00362288 	
0.935	2.0849 	-0.0790305 	-1.62443 	0.000653491 	-0.103714 	0.00361289 	
0.94	2.08347 	-0.0778008 	-1.62726 	0.0007213 	-0.103761 	0.00360883 	
0.945	2.0846 	-0.0781522 	-1.62727 	0.000699937 	-0.10382 	0.00359867 	
0.95	2.08556 	-0.0784943 	-1.62715 	0.000678901 	-0.103872 	0.00358796 	
0.955	2.0846 	-0.0776023 	-1.62935 	0.00072802 	-0.103921 	0.00358246 	
0.96	2.08565 	-0.0779572 	-1.62929 	0.000706295 	-0.103977 	0.00357169 	
0.965	2.08658 	-0.0783 	-1.62913 	0.000685119 	-0.104029 	0.00356071 	
0.97	2.08566 	-0.07744 	-1.6313 	0.00073277 	-0.104077 	0.00355535 	
0.975	2.08672 	-0.077797 	-1.63123 	0.000710865 	-0.104134 	0.00354441 	
0.98	2.08765 	-0.0781416 	-1.63107 	0.000689532 	-0.104186 	0.00353328 	
0.985	2.08672 	-0.077284 	-1.63324 	0.000737418 	-0.104235 	0.00352825 	
0.99	2.08778 	-0.0776432 	-1.63317 	0.000715335 	-0.104292 	0.00351717 	
0.995	2.08872 	-0.07799 	-1.63301 	0.000693828 	-0.104344 	0.0035059 	
1	2.08779 	-0.0771325 	-1.6352 	0.000742086 	-0.104393 	0.0035012 	
1.005	2.08886 	-0.0774942 	-1.63514 	0.000719812 	-0.10445 	0.00348998 	
1.01	2.0898 	-0.0778433 	-1.63498 	0.000698116 	-0.104503 	0.00347856 	
1.015	2.08886 	-0.0769863 	-1.63718 	0.000746729 	-0.104552 	0.00347421 	
1.02	2.08994 	-0.0773506 	-1.63712 	0.000724252 	-0.10461 	0.00346284 	
1.025	2.09089 	-0.0777023 	-1.63696 	0.000702359 	-0.104663 	0.00345125 	
1.03	2.08994 	-0.0768466 	-1.63918 	0.000751296 	-0.104712 	0.00344725 	
1.035	2.09102 	-0.0772136 	-1.63911 	0.00072861 	-0.10477 	0.00343572 	
1.04	2.09198 	-0.0775679 	-1.63895 	0.000706511 	-0.104824 	0.00342397 	
1.045	2.09102 	-0.0767141 	-1.64119 	0.000755744 	-0.104873 	0.00342032 	
1.05	2.09211 	-0.0770839 	-1.64112 	0.000732842 	-0.104932 	0.00340863 	
1.055	2.09308 	-0.0774409 	-1.64096 	0.000710534 	-0.104985 	0.00339671 	
1.06	2.09211 	-0.0765895 	-1.64321 	0.000760036 	-0.105035 	0.0033934 	
1.065	2.09321 	-0.0769622 	-1.64315 	0.000736917 	-0.105094 	0.00338155 	
1.07	2.09418 	-0.0773219 	-1.64298 	0.000714396 	-0.105147 	0.00336947 	
1.075	2.0932 	-0.0764735 	-1.64524 	0.000764143 	-0.105198 	0.00336651 	
1.08	2.09431 	-0.076849 	-1.64518 	0.000740805 	-0.105256 	0.00335449 	
1.085	2.09575 	-0.0778187 	-1.64572 	0.000764792 	-0.105371 	0.00327223 	
1.09	2.09477 	-0.0769736 	-1.64799 	0.000814716 	-0.105421 	0.00326959 	
1.095	2.09588 	-0.0773519 	-1.64793 	0.00079116 	-0.105481 	0.00325741 	
1.1	2.09686 	-0.077717 	-1.64776 	0.000768215 	-0.105535 	0.00324498 	
1.105	2.09587 	-0.0768759 	-1.65004 	0.000818336 	-0.105585 	0.00324269 	
1.11	2.09699 	-0.077257 	-1.64998 	0.000794564 	-0.105645 	0.00323035 	
1.115	2.09797 	-0.0776248 	-1.64982 	0.000771409 	-0.105699 	0.00321775 	
1.12	2.09698 	-0.0767881 	-1.6521 	0.000821706 	-0.10575 	0.00321583 	
1.125	2.0981 	-0.0771719 	-1.65204 	0.00079772 	-0.105809 	0.00320332 	
1.13	2.09908 	-0.0775423 	-1.65188 	0.000774358 	-0.105864 	0.00319055 	
1.135	2.09809 	-0.0767106 	-1.65417 	0.00082481 	-0.105915 	0.003189 	
1.14	2.09921 	-0.077097 	-1.65411 	0.000800615 	-0.105975 	0.00317633 	
1.145	2.1002 	-0.0774699 	-1.65395 	0.000777049 	-0.106029 	0.00316339 	
1.15	2.0992 	-0.0766435 	-1.65625 	0.000827635 	-0.10608 	0.00316222 	
1.155	2.10032 	-0.0770325 	-1.65619 	0.000803235 	-0.10614 	0.00314939 	
1.16	2.10132 	-0.0774079 	-1.65602 	0.00077947 	-0.106195 	0.00313628 	
1.165	2.10031 	-0.0765872 	-1.65833 	0.000830169 	-0.106246 	0.00313549 	
1.17	2.10144 	-0.0769786 	-1.65827 	0.000805569 	-0.106307 	0.0031225 	
1.175	2.10244 	-0.0773564 	-1.6581 	0.000781611 	-0.106361 	0.00310923 	
1.18	2.10143 	-0.0765418 	-1.66042 	0.000832404 	-0.106413 	0.00310883 	
1.185	2.10256 	-0.0769356 	-1.66036 	0.000807609 	-0.106473 	0.00309567 	
1.19	2.10356 	-0.0773156 	-1.66019 	0.000783462 	-0.106528 	0.00308224 	
1.195	2.10254 	-0.0765076 	-1.66251 	0.000834328 	-0.106579 	0.00308223 	
1.2	2.10368 	-0.0769036 	-1.66245 	0.000809345 	-0.10664 	0.00306892 	
1.205	2.10468 	-0.0772858 	-1.66228 	0.000785015 	-0.106695 	0.00305534 	
1.21	2.10366 	-0.0764846 	-1.66461 	0.000835936 	-0.106746 	0.00305571 	
1.215	2.1048 	-0.0768828 	-1.66454 	0.000810771 	-0.106807 	0.00304226 	
1.22	2.1058 	-0.077267 	-1.66437 	0.000786264 	-0.106862 	0.00302851 	
1.225	2.10478 	-0.0764731 	-1.6667 	0.00083722 	-0.106913 	0.00302929 	
1.23	2.10592 	-0.0768733 	-1.66664 	0.000811879 	-0.106974 	0.00301569 	
1.235	2.10692 	-0.0772594 	-1.66647 	0.000787202 	-0.107029 	0.00300179 	
1.24	2.1059 	-0.0764731 	-1.6688 	0.000838174 	-0.10708 	0.00300296 	
1.245	2.10704 	-0.0768752 	-1.66873 	0.000812665 	-0.107141 	0.00298922 	
1.25	2.10804 	-0.0772631 	-1.66856 	0.000787825 	-0.107196 	0.00297518 	
1.255	2.10702 	-0.0764847 	-1.6709 	0.000838793 	-0.107248 	0.00297674 	
1.26	2.10816 	-0.0768885 	-1.67083 	0.000813122 	-0.107308 	0.00296286 	
1.265	2.10916 	-0.0772781 	-1.67066 	0.000788126 	-0.107364 	0.00294868 	
1.27	2.10813 	-0.0765079 	-1.67299 	0.000839072 	-0.107415 	0.00295065 	
1.275	2.10928 	-0.0769134 	-1.67293 	0.000813247 	-0.107475 	0.00293662 	
1.28	2.11028 	-0.0773046 	-1.67276 	0.000788102 	-0.107531 	0.0029223 	
1.285	2.10925 	-0.0765429 	-1.67509 	0.000839006 	-0.107582 	0.00292468 	
1.29	2.11039 	-0.07695 	-1.67502 	0.000813036 	-0.107643 	0.00291052 	
1.295	2.1114 	-0.0773426 	-1.67485 	0.00078775 	-0.107698 	0.00289607 	
1.3	2.11036 	-0.0765897 	-1.67718 	0.000838593 	-0.107749 	0.00289884 	
1.305	2.1115 	-0.0769981 	-1.67712 	0.000812485 	-0.10781 	0.00288456 	
1.31	2.11251 	-0.077392 	-1.67694 	0.000787065 	-0.107865 	0.00286998 	
1.315	2.11148 	-0.0766482 	-1.67927 	0.000837829 	-0.107916 	0.00287316 	
1.32	2.11262 	-0.0770578 	-1.67921 	0.000811592 	-0.107976 	0.00285876 	
1.325	2.11362 	-0.077453 	-1.67903 	0.000786046 	-0.108031 	0.00284405 	
1.33	2.11259 	-0.0767185 	-1.68136 	0.000836712 	-0.108082 	0.00284762 	
1.335	2.11372 	-0.0771292 	-1.68129 	0.000810353 	-0.108143 	0.00283311 	
1.34	2.11472 	-0.0775254 	-1.68112 	0.00078469 	-0.108198 	0.00281829 	
1.345	2.11369 	-0.0768005 	-1.68344 	0.000835239 	-0.108249 	0.00282226 	
1.35	2.11483 	-0.0772122 	-1.68337 	0.000808768 	-0.108309 	0.00280763 	
1.355	2.11583 	-0.0776094 	-1.6832 	0.000782996 	-0.108364 	0.0027927 	
1.36	2.11409 	-0.0759644 	-1.68442 	0.00076272 	-0.108322 	0.00290632 	
1.365	2.11522 	-0.076377 	-1.68435 	0.000736145 	-0.108382 	0.00289159 	
1.37	2.11622 	-0.0767749 	-1.68418 	0.000710273 	-0.108436 	0.00287655 	
1.375	2.11519 	-0.0760701 	-1.68649 	0.000760601 	-0.108487 	0.00288137 	
1.38	2.11632 	-0.0764833 	-1.68642 	0.000733931 	-0.108547 	0.00286654 	
1.385	2.11731 	-0.0768819 	-1.68625 	0.000707967 	-0.108602 	0.0028514 	
1.39	2.11628 	-0.0761873 	-1.68855 	0.000758122 	-0.108652 	0.00285662 	
1.395	2.11741 	-0.0766011 	-1.68848 	0.000731367 	-0.108712 	0.00284169 	
1.4	2.1184 	-0.0770002 	-1.68831 	0.000705321 	-0.108766 	0.00282646 	
1.405	2.11737 	-0.0763161 	-1.6906 	0.000755283 	-0.108817 	0.00283206 	
1.41	2.11849 	-0.0767302 	-1.69054 	0.000728452 	-0.108876 	0.00281704 	
1.415	2.11948 	-0.0771297 	-1.69036 	0.000702333 	-0.10893 	0.00280172 	
1.42	2.11846 	-0.0764562 	-1.69265 	0.000752085 	-0.10898 	0.0028077 	
1.425	2.11958 	-0.0768706 	-1.69258 	0.000725188 	-0.10904 	0.0027926 	
1.43	2.12056 	-0.0772703 	-1.69241 	0.000699004 	-0.109094 	0.0027772 	
1.435	2.11954 	-0.0766077 	-1.69468 	0.000748527 	-0.109143 	0.00278355 	
1.44	2.12065 	-0.0770222 	-1.69461 	0.000721573 	-0.109202 	0.00276837 	
1.445	2.12163 	-0.0774219 	-1.69444 	0.000695335 	-0.109256 	0.0027529 	
1.45	2.12061 	-0.0767703 	-1.69671 	0.000744611 	-0.109306 	0.00275962 	
1.455	2.12172 	-0.0771847 	-1.69664 	0.00071761 	-0.109365 	0.00274437 	
1.46	2.1227 	-0.0775844 	-1.69646 	0.000691326 	-0.109418 	0.00272883 	
1.465	2.12168 	-0.0769439 	-1.69872 	0.000740337 	-0.109467 	0.00273592 	
1.47	2.12278 	-0.0773581 	-1.69865 	0.0007133 	-0.109526 	0.0027206 	
1.475	2.12376 	-0.0777576 	-1.69848 	0.000686981 	-0.109579 	0.002705 	
1.48	2.12274 	-0.0771284 	-1.70072 	0.000735708 	-0.109628 	0.00271244 	
1.485	2.12384 	-0.0775423 	-1.70065 	0.000708644 	-0.109686 	0.00269707 	
1.49	2.12481 	-0.0779414 	-1.70048 	0.000682299 	-0.109739 	0.00268141 	
1.495	2.1238 	-0.0773236 	-1.70271 	0.000730726 	-0.109788 	0.0026892 	
1.5	2.12489 	-0.0777369 	-1.70264 	0.000703645 	-0.109846 	0.00267378 	
1.505	2.12585 	-0.0781355 	-1.70247 	0.000677285 	-0.109898 	0.00265807 	
1.51	2.12484 	-0.0775292 	-1.70468 	0.000725392 	-0.109947 	0.00266621 	
1.515	2.12593 	-0.0779419 	-1.70461 	0.000698306 	-0.110004 	0.00265074 	
1.52	2.12688 	-0.0783398 	-1.70444 	0.000671941 	-0.110056 	0.00263499 	
1.525	2.12588 	-0.0777452 	-1.70664 	0.000719711 	-0.110105 	0.00264346 	
1.53	2.12696 	-0.0781571 	-1.70657 	0.000692629 	-0.110162 	0.00262795 	
1.535	2.12791 	-0.0785542 	-1.7064 	0.000666269 	-0.110214 	0.00261217 	
1.54	2.12692 	-0.0779713 	-1.70859 	0.000713684 	-0.110262 	0.00262096 	
1.545	2.12798 	-0.0783821 	-1.70852 	0.000686619 	-0.110318 	0.00260542 	
1.55	2.12893 	-0.0787783 	-1.70834 	0.000660274 	-0.11037 	0.00258961 	
1.555	2.12794 	-0.0782072 	-1.71052 	0.000707317 	-0.110417 	0.00259872 	
1.56	2.129 	-0.0786169 	-1.71044 	0.000680278 	-0.110473 	0.00258316 	
1.565	2.12994 	-0.0790119 	-1.71027 	0.00065396 	-0.110524 	0.00256733 	
1.57	2.12895 	-0.0784527 	-1.71243 	0.000700613 	-0.110572 	0.00257674 	
1.575	2.13001 	-0.0788611 	-1.71235 	0.000673612 	-0.110627 	0.00256116 	
1.58	2.13094 	-0.0792549 	-1.71218 	0.000647331 	-0.110678 	0.00254532 	
1.585	2.12996 	-0.0787076 	-1.71432 	0.000693577 	-0.110725 	0.00255502 	
1.59	2.131 	-0.0791145 	-1.71425 	0.000666624 	-0.11078 	0.00253943 	
1.595	2.13193 	-0.0795069 	-1.71408 	0.000640391 	-0.11083 	0.00252359 	
1.6	2.13096 	-0.0789716 	-1.7162 	0.000686213 	-0.110877 	0.00253357 	
1.605	2.13199 	-0.0793769 	-1.71612 	0.000659321 	-0.110932 	0.00251798 	
1.61	2.13291 	-0.0797677 	-1.71596 	0.000633147 	-0.110982 	0.00250215 	
1.615	2.13369 	-0.0801172 	-1.71571 	0.000609405 	-0.111025 	0.00248724 	
1.62	2.13218 	-0.0793069 	-1.71851 	0.000677162 	-0.11107 	0.00250619 	
1.625	2.13329 	-0.079711 	-1.71853 	0.00065046 	-0.111128 	0.00249132 	
1.63	2.13424 	-0.0801045 	-1.71839 	0.000624136 	-0.111179 	0.00247559 	
1.635	2.13323 	-0.0795718 	-1.72054 	0.000670959 	-0.111225 	0.0024869 	
1.64	2.13425 	-0.0799761 	-1.72046 	0.000644041 	-0.111278 	0.00247124 	
1.645	2.13515 	-0.0803662 	-1.7203 	0.000617818 	-0.111327 	0.0024553 	
1.65	2.13592 	-0.080715 	-1.72005 	0.000594042 	-0.11137 	0.0024403 	
1.655	2.13479 	-0.0804248 	-1.72337 	0.00069646 	-0.111463 	0.00240243 	
1.66	2.13588 	-0.0808268 	-1.72338 	0.000669797 	-0.111519 	0.00238746 	
1.665	2.13681 	-0.0812181 	-1.72324 	0.000643518 	-0.111569 	0.00237168 	
1.67	2.13756 	-0.0815646 	-1.72299 	0.000619841 	-0.111611 	0.00235668 	
1.675	2.13604 	-0.0807915 	-1.72576 	0.000687044 	-0.111655 	0.00237732 	
1.68	2.13712 	-0.0811929 	-1.72577 	0.000660376 	-0.11171 	0.00236234 	
1.685	2.13804 	-0.0815839 	-1.72564 	0.00063407 	-0.11176 	0.00234651 	
1.69	2.13879 	-0.0819299 	-1.72539 	0.000610378 	-0.111802 	0.00233146 	
1.695	2.13729 	-0.0811792 	-1.72813 	0.000676653 	-0.111845 	0.00235241 	
1.7	2.13835 	-0.0815792 	-1.72813 	0.00065002 	-0.1119 	0.00233738 	
1.705	2.13925 	-0.0819688 	-1.72799 	0.000623753 	-0.111948 	0.00232151 	
1.71	2.13999 	-0.0823137 	-1.72775 	0.000600091 	-0.11199 	0.00230646 	
1.715	2.13851 	-0.0815871 	-1.73044 	0.000665243 	-0.112032 	0.00232761 	
1.72	2.13955 	-0.0819848 	-1.73044 	0.000638703 	-0.112086 	0.00231257 	
1.725	2.14045 	-0.0823722 	-1.7303 	0.000612532 	-0.112134 	0.00229672 	
1.73	2.14118 	-0.0827153 	-1.73006 	0.000588952 	-0.112175 	0.00228169 	
1.735	2.13972 	-0.0820126 	-1.7327 	0.000652949 	-0.112216 	0.00230303 	
1.74	2.14074 	-0.0824073 	-1.7327 	0.000626552 	-0.11227 	0.00228801 	
1.745	2.14162 	-0.0827917 	-1.73257 	0.000600526 	-0.112317 	0.00227221 	
1.75	2.14234 	-0.0831323 	-1.73232 	0.000577071 	-0.112357 	0.00225723 	
1.755	2.14091 	-0.0824531 	-1.73492 	0.000639891 	-0.112398 	0.00227874 	
1.76	2.14191 	-0.0828441 	-1.73491 	0.000613681 	-0.11245 	0.00226377 	
1.765	2.14278 	-0.083225 	-1.73478 	0.000587841 	-0.112497 	0.00224804 	
1.77	2.14349 	-0.0835626 	-1.73454 	0.00056455 	-0.112536 	0.00223314 	
1.775	2.14208 	-0.0829066 	-1.73709 	0.000626167 	-0.112576 	0.00225479 	
1.78	2.14306 	-0.0832934 	-1.73708 	0.000600182 	-0.112628 	0.00223989 	
1.785	2.14391 	-0.0836702 	-1.73695 	0.000574566 	-0.112673 	0.00222427 	
1.79	2.14461 	-0.0840043 	-1.73671 	0.000551472 	-0.112712 	0.00220948 	
1.795	2.14323 	-0.0833713 	-1.73921 	0.000611856 	-0.112752 	0.00223122 	
1.8	2.14419 	-0.0837534 	-1.7392 	0.000586131 	-0.112802 	0.00221642 	
1.805	2.14503 	-0.0841257 	-1.73906 	0.00056077 	-0.112846 	0.00220092 	
1.81	2.14571 	-0.0844559 	-1.73883 	0.000537903 	-0.112885 	0.00218627 	
1.815	2.14436 	-0.0838456 	-1.74128 	0.000597023 	-0.112923 	0.00220807 	
1.82	2.1453 	-0.0842226 	-1.74126 	0.000571588 	-0.112973 	0.00219339 	
1.825	2.14612 	-0.08459 	-1.74113 	0.000546513 	-0.113016 	0.00217804 	
1.83	2.14679 	-0.0849159 	-1.7409 	0.000523899 	-0.113054 	0.00216354 	
1.835	2.14547 	-0.0843281 	-1.7433 	0.000581723 	-0.113092 	0.00218536 	
1.84	2.14639 	-0.0846996 	-1.74328 	0.000556605 	-0.11314 	0.00217082 	
1.845	2.14719 	-0.0850617 	-1.74315 	0.000531845 	-0.113183 	0.00215563 	
1.85	2.14785 	-0.085383 	-1.74293 	0.000509509 	-0.11322 	0.0021413 	
1.855	2.14655 	-0.0848175 	-1.74527 	0.000566002 	-0.113257 	0.0021631 	
1.86	2.14745 	-0.0851831 	-1.74525 	0.000541229 	-0.113304 	0.00214871 	
1.865	2.14824 	-0.0855395 	-1.74512 	0.000516809 	-0.113346 	0.00213371 	
1.87	2.14889 	-0.085856 	-1.7449 	0.000494776 	-0.113382 	0.00211957 	
1.875	2.14762 	-0.0853124 	-1.74718 	0.000549902 	-0.113418 	0.0021413 	
1.88	2.1485 	-0.0856719 	-1.74716 	0.0005255 	-0.113464 	0.00212708 	
1.885	2.14927 	-0.0860223 	-1.74703 	0.000501445 	-0.113505 	0.00211228 	
1.89	2.1499 	-0.0863335 	-1.74682 	0.000479738 	-0.11354 	0.00209834 	
1.895	2.14867 	-0.0858118 	-1.74905 	0.000533463 	-0.113576 	0.00211996 	
1.9	2.14952 	-0.0861647 	-1.74902 	0.000509456 	-0.113621 	0.00210593 	
1.905	2.15027 	-0.0865088 	-1.7489 	0.00048579 	-0.113661 	0.00209136 	
1.91	2.15089 	-0.0868146 	-1.74869 	0.000464429 	-0.113695 	0.00207763 	
1.915	2.14969 	-0.0863145 	-1.75086 	0.000516719 	-0.11373 	0.00209909 	
1.92	2.15052 	-0.0866606 	-1.75083 	0.000493131 	-0.113773 	0.00208527 	
1.925	2.15125 	-0.0869981 	-1.75071 	0.000469877 	-0.113812 	0.00207093 	
1.93	2.15186 	-0.0872981 	-1.7505 	0.000448885 	-0.113846 	0.00205744 	
1.935	2.15244 	-0.0875731 	-1.7503 	0.000429527 	-0.113878 	0.00204492 	
1.94	2.15086 	-0.0869065 	-1.75293 	0.00049729 	-0.113911 	0.00207464 	
1.945	2.15157 	-0.0870424 	-1.75271 	0.000459283 	-0.113935 	0.00208606 	
1.95	2.15231 	-0.0873759 	-1.75262 	0.000436332 	-0.113974 	0.00207208 	
1.955	2.1529 	-0.0876697 	-1.75242 	0.000415737 	-0.114007 	0.00205882 	
1.96	2.15346 	-0.087939 	-1.75222 	0.000396747 	-0.114038 	0.00204651 	
1.965	2.15189 	-0.0872907 	-1.7548 	0.000463617 	-0.11407 	0.00207647 	
1.97	2.15273 	-0.0876232 	-1.75483 	0.000441011 	-0.114113 	0.00206365 	
1.975	2.15345 	-0.0879508 	-1.75474 	0.000418433 	-0.114151 	0.00204987 	
1.98	2.15402 	-0.0882395 	-1.75454 	0.000398172 	-0.114183 	0.00203681 	
1.985	2.15456 	-0.0885041 	-1.75435 	0.00037949 	-0.114213 	0.00202469 	
1.99	2.15305 	-0.0878912 	-1.75683 	0.000443789 	-0.114244 	0.00205401 	
1.995	2.15386 	-0.088216 	-1.75686 	0.000421654 	-0.114285 	0.00204138 	
2	2.15455 	-0.0885361 	-1.75676 	0.000399553 	-0.114322 	0.00202785 	
2.005	2.15511 	-0.0888184 	-1.75658 	0.000379708 	-0.114352 	0.00201506 	
2.01	2.15563 	-0.0890773 	-1.75639 	0.00036141 	-0.114381 	0.00200319 	
2.015	2.15419 	-0.0885004 	-1.75877 	0.000422959 	-0.114411 	0.00203173 	
2.02	2.15496 	-0.0888163 	-1.75879 	0.000401381 	-0.114451 	0.00201934 	
2.025	2.15563 	-0.0891276 	-1.7587 	0.000379842 	-0.114486 	0.00200613 	
2.03	2.15617 	-0.0894026 	-1.75852 	0.000360491 	-0.114516 	0.00199365 	
2.035	2.15667 	-0.0896547 	-1.75833 	0.000342647 	-0.114544 	0.00198208 	
2.04	2.15529 	-0.0891129 	-1.76061 	0.000401402 	-0.114573 	0.00200978 	
2.045	2.15603 	-0.0894189 	-1.76062 	0.000380453 	-0.114611 	0.00199768 	
2.05	2.15667 	-0.0897206 	-1.76053 	0.000359545 	-0.114645 	0.00198482 	
2.055	2.15719 	-0.0899872 	-1.76036 	0.00034075 	-0.114673 	0.00197271 	
2.06	2.15768 	-0.0902318 	-1.76019 	0.000323419 	-0.1147 	0.00196147 	
2.065	2.15636 	-0.0897243 	-1.76236 	0.000379342 	-0.114728 	0.00198825 	
2.07	2.15707 	-0.0900196 	-1.76236 	0.00035908 	-0.114764 	0.00197649 	
2.075	2.15768 	-0.0903108 	-1.76227 	0.00033886 	-0.114797 	0.00196403 	
2.08	2.15818 	-0.0905686 	-1.76211 	0.000320673 	-0.114824 	0.00195232 	
2.085	2.15865 	-0.0908049 	-1.76194 	0.000303903 	-0.11485 	0.00194145 	
2.09	2.15909 	-0.0910214 	-1.76177 	0.000288446 	-0.114875 	0.00193137 	
2.095	2.15753 	-0.0904105 	-1.76423 	0.000354556 	-0.1149 	0.00196418 	
2.1	2.15824 	-0.0906939 	-1.76427 	0.000335178 	-0.114937 	0.00195325 	
2.105	2.15884 	-0.090976 	-1.76421 	0.000315614 	-0.114968 	0.00194133 	
2.11	2.15931 	-0.0912239 	-1.76405 	0.000298105 	-0.114994 	0.00193004 	
2.115	2.15976 	-0.0914512 	-1.76389 	0.00028196 	-0.115019 	0.00191958 	
2.12	2.16018 	-0.0916594 	-1.76373 	0.000267077 	-0.115042 	0.00190986 	
2.125	2.15869 	-0.0910861 	-1.76607 	0.000330057 	-0.115067 	0.00194162 	
2.13	2.15936 	-0.0913577 	-1.76611 	0.000311446 	-0.115101 	0.00193105 	
2.135	2.15993 	-0.0916283 	-1.76604 	0.000292649 	-0.115131 	0.00191957 	
2.14	2.16038 	-0.0918664 	-1.7659 	0.000275816 	-0.115155 	0.00190873 	
2.145	2.16081 	-0.0920848 	-1.76575 	0.000260293 	-0.115179 	0.00189867 	
2.15	2.16121 	-0.092285 	-1.7656 	0.000245982 	-0.115201 	0.00188935 	
2.155	2.15982 	-0.0917614 	-1.76778 	0.000304473 	-0.115224 	0.00191924 	
2.16	2.16044 	-0.0920195 	-1.7678 	0.00028674 	-0.115256 	0.00190907 	
2.165	2.16097 	-0.0922768 	-1.76774 	0.000268839 	-0.115284 	0.00189811 	
2.17	2.1614 	-0.0925036 	-1.7676 	0.000252791 	-0.115307 	0.00188778 	
2.175	2.16181 	-0.0927118 	-1.76747 	0.000237991 	-0.115329 	0.00187821 	
2.18	2.16218 	-0.0929026 	-1.76733 	0.000224345 	-0.11535 	0.00186933 	
2.185	2.16254 	-0.0930773 	-1.76718 	0.000211769 	-0.11537 	0.00186109 	
2.19	2.16102 	-0.0924974 	-1.7695 	0.000275965 	-0.115391 	0.00189472 	
2.195	2.16161 	-0.0927398 	-1.76955 	0.000259351 	-0.115421 	0.0018854 	
2.2	2.16212 	-0.0929838 	-1.76951 	0.000242399 	-0.115448 	0.00187509 	
2.205	2.16252 	-0.0931976 	-1.76938 	0.000227262 	-0.11547 	0.00186536 	
2.21	2.1629 	-0.0933939 	-1.76926 	0.000213299 	-0.11549 	0.00185634 	
2.215	2.16325 	-0.093574 	-1.76913 	0.000200424 	-0.115509 	0.00184797 	
2.22	2.16358 	-0.0937389 	-1.769 	0.000188556 	-0.115528 	0.0018402 	
2.225	2.1639 	-0.09389 	-1.76887 	0.000177621 	-0.115545 	0.001833 	
2.23	2.16228 	-0.0932762 	-1.77126 	0.000245388 	-0.115564 	0.00186926 	
2.235	2.16285 	-0.0935017 	-1.77133 	0.000229976 	-0.115592 	0.00186078 	
2.24	2.16333 	-0.0937306 	-1.7713 	0.000214087 	-0.115617 	0.00185118 	
2.245	2.16356 	-0.0937488 	-1.77097 	0.00018663 	-0.115619 	0.00186408 	
2.25	2.16391 	-0.0939323 	-1.77086 	0.000173584 	-0.115638 	0.00185567 	
2.255	2.16423 	-0.0941007 	-1.77075 	0.000161552 	-0.115656 	0.00184786 	
2.26	2.16454 	-0.0942552 	-1.77063 	0.000150457 	-0.115672 	0.00184062 	
2.265	2.16482 	-0.0943967 	-1.77052 	0.000140231 	-0.115688 	0.0018339 	
2.27	2.16509 	-0.0945262 	-1.7704 	0.000130809 	-0.115703 	0.00182767 	
2.275	2.16348 	-0.0939165 	-1.77275 	0.000198321 	-0.11572 	0.00186444 	
2.28	2.164 	-0.0941218 	-1.77283 	0.00018431 	-0.115746 	0.0018568 	
2.285	2.16443 	-0.0943321 	-1.77281 	0.000169735 	-0.115768 	0.00184804 	
2.29	2.16476 	-0.0945153 	-1.77271 	0.000156791 	-0.115786 	0.00183976 	
2.295	2.16507 	-0.0946836 	-1.77262 	0.000144844 	-0.115803 	0.00183207 	
2.3	2.16536 	-0.0948382 	-1.77252 	0.000133822 	-0.115819 	0.00182494 	
2.305	2.16564 	-0.0949801 	-1.77242 	0.000123655 	-0.115834 	0.00181833 	
2.31	2.16589 	-0.0951103 	-1.77232 	0.000114279 	-0.115848 	0.0018122 	
2.315	2.16614 	-0.0952296 	-1.77222 	0.000105636 	-0.115861 	0.00180652 	
2.32	2.16636 	-0.0953389 	-1.77213 	9.76705e-05 	-0.115874 	0.00180125 	
2.325	2.16657 	-0.0954389 	-1.77203 	9.03323e-05 	-0.115885 	0.00179636 	
2.33	2.16493 	-0.094816 	-1.77437 	0.000159084 	-0.115899 	0.00183451 	
2.335	2.16539 	-0.0949957 	-1.77446 	0.000146876 	-0.115922 	0.00182801 	
2.34	2.16577 	-0.0951826 	-1.77446 	0.000133969 	-0.115942 	0.00182033 	
2.345	2.16606 	-0.0953446 	-1.77438 	0.000122554 	-0.115957 	0.00181305 	
2.35	2.16633 	-0.0954936 	-1.77431 	0.000112014 	-0.115972 	0.00180631 	
2.355	2.16658 	-0.0956307 	-1.77423 	0.000102283 	-0.115985 	0.00180005 	
2.36	2.16681 	-0.0957567 	-1.77415 	9.33007e-05 	-0.115998 	0.00179426 	
2.365	2.16703 	-0.0958725 	-1.77408 	8.50113e-05 	-0.11601 	0.00178888 	
2.37	2.16724 	-0.0959788 	-1.774 	7.73628e-05 	-0.116021 	0.00178389 	
2.375	2.16743 	-0.0960764 	-1.77393 	7.03074e-05 	-0.116032 	0.00177927 	
2.38	2.16761 	-0.0961659 	-1.77385 	6.38004e-05 	-0.116042 	0.00177498 	
2.385	2.16778 	-0.0962481 	-1.77378 	5.78005e-05 	-0.116051 	0.001771 	
2.39	2.16794 	-0.0963233 	-1.7737 	5.22696e-05 	-0.11606 	0.00176731 	
2.395	2.16809 	-0.0963923 	-1.77363 	4.71722e-05 	-0.116068 	0.00176389 	
2.4	2.16823 	-0.0964554 	-1.77356 	4.24754e-05 	-0.116076 	0.00176072 	
2.405	2.16836 	-0.0965131 	-1.77349 	3.81487e-05 	-0.116083 	0.00175778 	
2.41	2.16666 	-0.0958663 	-1.77582 	0.000108851 	-0.116093 	0.0017978 	
2.415	2.16704 	-0.0960095 	-1.77594 	9.9244e-05 	-0.116111 	0.00179295 	
2.42	2.16735 	-0.096163 	-1.77597 	8.87386e-05 	-0.116127 	0.00178684 	
2.425	2.16757 	-0.096295 	-1.77592 	7.9527e-05 	-0.116139 	0.00178104 	
2.43	2.16778 	-0.0964167 	-1.77588 	7.10093e-05 	-0.11615 	0.00177566 	
2.435	2.16797 	-0.0965289 	-1.77583 	6.31349e-05 	-0.11616 	0.00177067 	
2.44	2.16815 	-0.0966324 	-1.77579 	5.58545e-05 	-0.11617 	0.00176604 	
2.445	2.16832 	-0.0967279 	-1.77575 	4.91235e-05 	-0.116179 	0.00176176 	
2.45	2.16848 	-0.096816 	-1.7757 	4.29012e-05 	-0.116187 	0.00175778 	
2.455	2.16862 	-0.0968972 	-1.77566 	3.71491e-05 	-0.116195 	0.0017541 	
2.46	2.16876 	-0.096972 	-1.77562 	3.18317e-05 	-0.116203 	0.00175068 	
2.465	2.16889 	-0.097041 	-1.77558 	2.69159e-05 	-0.116209 	0.00174752 	
2.47	2.169 	-0.0971047 	-1.77554 	2.23711e-05 	-0.116216 	0.00174458 	
2.475	2.16911 	-0.0971634 	-1.77551 	1.81691e-05 	-0.116222 	0.00174186 	
2.48	2.16922 	-0.0972176 	-1.77547 	1.42835e-05 	-0.116227 	0.00173934 	
2.485	2.16931 	-0.0972675 	-1.77544 	1.06899e-05 	-0.116233 	0.001737 	
2.49	2.1694 	-0.0973137 	-1.7754 	7.36589e-06 	-0.116238 	0.00173483 	
2.495	2.16948 	-0.0973563 	-1.77537 	4.29046e-06 	-0.116242 	0.00173282 	
2.5	2.16956 	-0.0973957 	-1.77534 	1.44424e-06 	-0.116246 	0.00173096 	
2.505	2.16963 	-0.0974321 	-1.77531 	-1.19112e-06 	-0.11625 	0.00172923 	
2.51	2.1697 	-0.0974655 	-1.77529 	-3.61411e-06 	-0.116254 	0.00172764 	
2.515	2.17014 	-0.0980054 	-1.77588 	3.14826e-05 	-0.116308 	0.00166443 	
2.52	2.17019 	-0.098033 	-1.77586 	2.94627e-05 	-0.116312 	0.00166309 	
2.525	2.17025 	-0.0980603 	-1.77584 	2.74936e-05 	-0.116314 	0.0016618 	
2.53	2.1703 	-0.0980865 	-1.77582 	2.56198e-05 	-0.116317 	0.00166059 	
2.535	2.17034 	-0.0981108 	-1.7758 	2.38736e-05 	-0.11632 	0.00165946 	
2.54	2.17039 	-0.0981337 	-1.77579 	2.22367e-05 	-0.116322 	0.0016584 	
2.545	2.17043 	-0.0981554 	-1.77577 	2.06964e-05 	-0.116324 	0.00165742 	
2.55	2.17047 	-0.0981759 	-1.77576 	1.92415e-05 	-0.116327 	0.00165649 	
2.555	2.17051 	-0.0981954 	-1.77575 	1.78615e-05 	-0.116329 	0.00165561 	
2.56	2.17055 	-0.0982141 	-1.77573 	1.65471e-05 	-0.116331 	0.00165478 	
2.565	2.17059 	-0.0982321 	-1.77573 	1.52891e-05 	-0.116332 	0.00165399 	
2.57	2.17062 	-0.0982495 	-1.77572 	1.40795e-05 	-0.116334 	0.00165324 	
2.575	2.17066 	-0.0982665 	-1.77571 	1.29105e-05 	-0.116336 	0.00165253 	
2.58	2.17069 	-0.0982831 	-1.7757 	1.17751e-05 	-0.116338 	0.00165184 	
2.585	2.17073 	-0.0982994 	-1.7757 	1.06667e-05 	-0.11634 	0.00165117 	
2.59	2.17077 	-0.0983155 	-1.77569 	9.57926e-06 	-0.116341 	0.00165052 	
2.595	2.1708 	-0.0983316 	-1.77569 	8.50719e-06 	-0.116343 	0.00164989 	
2.6	2.17084 	-0.0983476 	-1.77569 	7.44525e-06 	-0.116345 	0.00164928 	
2.605	2.17088 	-0.0983637 	-1.77568 	6.38862e-06 	-0.116346 	0.00164867 	
2.61	2.17058 	-0.0954232 	-1.77629 	0.000158269 	-0.11635 	0.00164013 	
2.615	2.17068 	-0.0956128 	-1.77633 	0.000146778 	-0.116357 	0.00163531 	
2.62	2.17076 	-0.0958433 	-1.77635 	0.000133055 	-0.116364 	0.00162935 	
2.625	2.17082 	-0.0960452 	-1.77635 	0.000121135 	-0.116368 	0.00162405 	
2.63	2.17088 	-0.0962339 	-1.77636 	0.000109995 	-0.116372 	0.0016191 	
2.635	2.17094 	-0.0964104 	-1.77636 	9.95739e-05 	-0.116376 	0.00161446 	
2.64	2.171 	-0.0965757 	-1.77637 	8.98143e-05 	-0.116379 	0.00161011 	
2.645	2.17106 	-0.0967307 	-1.77637 	8.06641e-05 	-0.116383 	0.00160604 	
2.65	2.17112 	-0.0968762 	-1.77638 	7.20747e-05 	-0.116387 	0.00160221 	
2.655	2.1718 	-0.0938581 	-1.77581 	0.000205947 	-0.116391 	0.00156534 	
2.66	2.17185 	-0.0941482 	-1.77582 	0.000189199 	-0.116397 	0.00155844 	
2.665	2.17187 	-0.0944672 	-1.77581 	0.000170841 	-0.1164 	0.00155097 	
2.67	2.17189 	-0.094752 	-1.77581 	0.000154458 	-0.116403 	0.00154428 	
2.675	2.1719 	-0.0950182 	-1.7758 	0.000139141 	-0.116406 	0.00153801 	
2.68	2.17193 	-0.0952672 	-1.7758 	0.000124812 	-0.116409 	0.00153213 	
2.685	2.17196 	-0.0955002 	-1.7758 	0.000111395 	-0.116412 	0.00152662 	
2.69	2.17272 	-0.0924664 	-1.77508 	0.000243127 	-0.116416 	0.00148479 	
2.695	2.17274 	-0.0928356 	-1.77509 	0.000222093 	-0.116421 	0.00147643 	
2.7	2.17273 	-0.0932288 	-1.77508 	0.000199698 	-0.116424 	0.00146761 	
2.705	2.17272 	-0.0935824 	-1.77506 	0.000179558 	-0.116426 	0.00145964 	
2.71	2.17271 	-0.0939128 	-1.77505 	0.000160735 	-0.116428 	0.00145219 	
2.715	2.17271 	-0.0942217 	-1.77504 	0.000143128 	-0.116431 	0.0014452 	
2.72	2.17348 	-0.0911793 	-1.77429 	0.000274322 	-0.116434 	0.0014009 	
2.725	2.17348 	-0.0916184 	-1.77429 	0.000249436 	-0.116438 	0.00139117 	
2.73	2.17345 	-0.0920778 	-1.77427 	0.000223388 	-0.116441 	0.00138104 	
2.735	2.17342 	-0.0924928 	-1.77425 	0.000199856 	-0.116443 	0.00137186 	
2.74	2.1734 	-0.0928804 	-1.77424 	0.000177865 	-0.116445 	0.00136327 	
2.745	2.1741 	-0.0900647 	-1.77351 	0.000298215 	-0.116448 	0.00131924 	
2.75	2.17409 	-0.0905642 	-1.77351 	0.000269967 	-0.116452 	0.00130828 	
2.755	2.17404 	-0.0910778 	-1.77348 	0.000240912 	-0.116455 	0.00129704 	
2.76	2.174 	-0.0915439 	-1.77346 	0.000214536 	-0.116457 	0.00128681 	
2.765	2.17397 	-0.0919794 	-1.77344 	0.000189889 	-0.116459 	0.00127723 	
2.77	2.17473 	-0.0889197 	-1.77265 	0.000320624 	-0.116462 	0.00122907 	
2.775	2.17471 	-0.0894758 	-1.77264 	0.000289236 	-0.116466 	0.00121692 	
2.78	2.17479 	-0.0902158 	-1.77282 	0.000269661 	-0.116486 	0.00118379 	
2.785	2.17473 	-0.0907339 	-1.7728 	0.00024039 	-0.116488 	0.00117247 	
2.79	2.17539 	-0.0881366 	-1.77208 	0.000349783 	-0.11649 	0.00112707 	
2.795	2.17535 	-0.088745 	-1.77207 	0.000315454 	-0.116494 	0.00111382 	
2.8	2.17528 	-0.0893588 	-1.77204 	0.000280811 	-0.116496 	0.00110046 	
2.805	2.17522 	-0.0899188 	-1.77201 	0.000249197 	-0.116498 	0.00108825 	
2.81	2.1759 	-0.0872101 	-1.77126 	0.000363161 	-0.116501 	0.00104038 	
2.815	2.17586 	-0.0878621 	-1.77125 	0.000326404 	-0.116505 	0.00102618 	
2.82	2.17579 	-0.0885187 	-1.77121 	0.000289369 	-0.116508 	0.00101191 	
2.825	2.17573 	-0.089118 	-1.77118 	0.00025556 	-0.11651 	0.000998842 	
2.83	2.17645 	-0.0862454 	-1.77039 	0.000376455 	-0.116513 	0.000947973 	
2.835	2.17641 	-0.086942 	-1.77037 	0.000337213 	-0.116517 	0.000932803 	
2.84	2.17633 	-0.0876431 	-1.77034 	0.000297693 	-0.11652 	0.00091756 	
2.845	2.17627 	-0.088283 	-1.77031 	0.000261615 	-0.116522 	0.000903611 	
2.85	2.17703 	-0.0852456 	-1.76946 	0.000389473 	-0.116525 	0.000849692 	
2.855	2.17699 	-0.0859881 	-1.76945 	0.000347676 	-0.11653 	0.000833514 	
2.86	2.17691 	-0.0867348 	-1.76942 	0.000305607 	-0.116533 	0.000817273 	
2.865	2.17683 	-0.0874163 	-1.76938 	0.000267202 	-0.116535 	0.000802414 	
2.87	2.17764 	-0.0842183 	-1.76849 	0.000401842 	-0.116538 	0.000745461 	
2.875	2.1776 	-0.0850073 	-1.76848 	0.00035745 	-0.116543 	0.000728254 	
2.88	2.17751 	-0.0858003 	-1.76844 	0.000312797 	-0.116546 	0.000710994 	
2.885	2.17812 	-0.0834215 	-1.76771 	0.000410047 	-0.116549 	0.00066043 	
2.89	2.17805 	-0.084254 	-1.76768 	0.000363201 	-0.116553 	0.000642295 	
2.895	2.17796 	-0.085077 	-1.76764 	0.000316869 	-0.116556 	0.000624377 	
2.9	2.17857 	-0.0827056 	-1.76689 	0.000413507 	-0.116559 	0.000572903 	
2.905	2.17849 	-0.0835686 	-1.76686 	0.000364965 	-0.116563 	0.000554088 	
2.91	2.1784 	-0.0844204 	-1.76682 	0.00031703 	-0.116566 	0.000535526 	
2.915	2.17903 	-0.0819776 	-1.76606 	0.000416609 	-0.116569 	0.0004824 	
2.92	2.17895 	-0.0828706 	-1.76603 	0.000366397 	-0.116573 	0.000462908 	
2.925	2.17886 	-0.0837518 	-1.76599 	0.000316823 	-0.116576 	0.000443686 	
2.93	2.17951 	-0.0812324 	-1.7652 	0.000419589 	-0.116579 	0.000388838 	
2.935	2.17943 	-0.0821559 	-1.76517 	0.000367676 	-0.116584 	0.000368655 	
2.94	2.17933 	-0.0830672 	-1.76513 	0.000316429 	-0.116587 	0.000348757 	
2.945	2.18001 	-0.0804726 	-1.76431 	0.00042231 	-0.11659 	0.000292189 	
2.95	2.17993 	-0.0814272 	-1.76428 	0.000368673 	-0.116595 	0.000271303 	
2.955	2.17983 	-0.0823689 	-1.76424 	0.000315733 	-0.116599 	0.00025072 	
2.96	2.18052 	-0.0797014 	-1.7634 	0.000424633 	-0.116602 	0.000192448 	
2.965	2.18045 	-0.0806873 	-1.76338 	0.000369258 	-0.116607 	0.000170852 	
2.97	2.18034 	-0.0816596 	-1.76333 	0.000314615 	-0.11661 	0.000149577 	
2.975	2.18105 	-0.0789213 	-1.76247 	0.000426443 	-0.116613 	8.96226e-05 	
2.98	2.18098 	-0.0799386 	-1.76244 	0.000369329 	-0.116619 	6.73125e-05 	
2.985	2.18087 	-0.0809416 	-1.7624 	0.000312982 	-0.116623 	4.53421e-05 	
2.99	2.1816 	-0.0781347 	-1.76151 	0.000427652 	-0.116626 	-1.62699e-05 	
2.995	2.18152 	-0.0791832 	-1.76149 	0.000368803 	-0.116631 	-3.92949e-05 	
3	2.18142 	-0.0802168 	-1.76144 	0.000310758 	-0.116635 	-6.19598e-05 	
3.005	2.18216 	-0.0773433 	-1.76053 	0.000428189 	-0.116638 	-0.000125202 	
3.01	2.18208 	-0.078423 	-1.76051 	0.000367617 	-0.116644 	-0.00014894 	
3.015	2.18197 	-0.0794869 	-1.76046 	0.000307888 	-0.116648 	-0.000172297 	
3.02	2.18273 	-0.0765488 	-1.75953 	0.000428002 	-0.116651 	-0.000237139 	
3.025	2.18265 	-0.0776593 	-1.7595 	0.000365724 	-0.116658 	-0.000261587 	
3.03	2.18254 	-0.0787533 	-1.75946 	0.000304328 	-0.116662 	-0.000285631 	
3.035	2.18332 	-0.0757525 	-1.7585 	0.000427049 	-0.116665 	-0.00035204 	
3.04	2.18324 	-0.0768934 	-1.75848 	0.000363086 	-0.116671 	-0.000377191 	
3.045	2.18312 	-0.0780172 	-1.75843 	0.000300046 	-0.116675 	-0.000401918 	
3.05	2.18349 	-0.0744254 	-1.75679 	0.000383071 	-0.116625 	-0.000403467 	
3.055	2.18341 	-0.0755959 	-1.75677 	0.000317475 	-0.116632 	-0.000429303 	
3.06	2.18329 	-0.0767468 	-1.75672 	0.000252937 	-0.116636 	-0.000454651 	
3.065	2.1841 	-0.0736246 	-1.75572 	0.000380691 	-0.11664 	-0.000524021 	
3.07	2.18402 	-0.0748228 	-1.7557 	0.000313574 	-0.116646 	-0.000550501 	
3.075	2.1839 	-0.0760024 	-1.75565 	0.000247449 	-0.116651 	-0.000576515 	
3.08	2.18472 	-0.0728241 	-1.75463 	0.000377546 	-0.116654 	-0.000647359 	
3.085	2.18463 	-0.0740518 	-1.7546 	0.000308801 	-0.116661 	-0.000674531 	
3.09	2.18451 	-0.0752602 	-1.75455 	0.00024109 	-0.116665 	-0.000701211 	
3.095	2.18534 	-0.0720274 	-1.75351 	0.000373475 	-0.116669 	-0.000773483 	
3.1	2.18526 	-0.073284 	-1.75349 	0.000303141 	-0.116676 	-0.000801333 	
3.105	2.1858 	-0.0714359 	-1.75274 	0.000372144 	-0.11668 	-0.000862531 	
3.11	2.18567 	-0.0727272 	-1.75269 	0.000299854 	-0.116685 	-0.000891081 	
3.115	2.18553 	-0.0739779 	-1.75263 	0.000229817 	-0.116689 	-0.000918728 	
3.12	2.18635 	-0.0707917 	-1.75159 	0.000359881 	-0.116692 	-0.000991873 	
3.125	2.18627 	-0.0720899 	-1.75157 	0.00028726 	-0.116699 	-0.00102071 	
3.13	2.18682 	-0.0702057 	-1.7508 	0.000357653 	-0.116704 	-0.00108356 	
3.135	2.18669 	-0.0715373 	-1.75075 	0.000283162 	-0.116709 	-0.00111307 	
3.14	2.18654 	-0.0728265 	-1.75069 	0.00021101 	-0.116712 	-0.00114164 	
3.145	2.18739 	-0.0695589 	-1.74962 	0.000344595 	-0.116716 	-0.00121679 	
3.15	2.1873 	-0.0708966 	-1.7496 	0.000269817 	-0.116724 	-0.00124658 	
3.155	2.18787 	-0.0689684 	-1.74881 	0.000341976 	-0.116728 	-0.00131116 	
3.16	2.18774 	-0.0703396 	-1.74876 	0.000265314 	-0.116733 	-0.00134163 	
3.165	2.18827 	-0.0685197 	-1.74799 	0.000332551 	-0.116737 	-0.00140542 	
3.17	2.18813 	-0.0699044 	-1.74794 	0.00025516 	-0.116742 	-0.00143621 	
3.175	2.18867 	-0.0680786 	-1.74716 	0.000322625 	-0.116746 	-0.00150042 	
3.18	2.18853 	-0.0694751 	-1.74711 	0.000244599 	-0.116751 	-0.0015315 	
3.185	2.18907 	-0.0676332 	-1.74633 	0.000312757 	-0.116755 	-0.00159626 	
3.19	2.18894 	-0.0690415 	-1.74628 	0.000234091 	-0.116761 	-0.00162764 	
3.195	2.18948 	-0.0671834 	-1.74549 	0.000302945 	-0.116765 	-0.00169294 	
3.2	2.18935 	-0.0686037 	-1.74544 	0.000223628 	-0.11677 	-0.00172463 	
3.205	2.1899 	-0.0667303 	-1.74465 	0.000293137 	-0.116774 	-0.00179048 	
3.21	2.18977 	-0.0681628 	-1.7446 	0.000213161 	-0.11678 	-0.00182247 	
3.215	2.19033 	-0.066275 	-1.7438 	0.000283285 	-0.116784 	-0.00188886 	
3.22	2.1902 	-0.0677198 	-1.74376 	0.000202646 	-0.11679 	-0.00192116 	
3.225	2.19076 	-0.0658184 	-1.74295 	0.000273347 	-0.116794 	-0.00198808 	
3.23	2.19063 	-0.0672755 	-1.74291 	0.000192045 	-0.1168 	-0.00202069 	
3.235	2.1912 	-0.0653614 	-1.74209 	0.000263288 	-0.116804 	-0.00208813 	
3.24	2.19107 	-0.0668308 	-1.74205 	0.000181326 	-0.11681 	-0.00212105 	
3.245	2.19164 	-0.0649047 	-1.74123 	0.000253078 	-0.116815 	-0.00218899 	
3.25	2.19151 	-0.0663862 	-1.74119 	0.000170462 	-0.116821 	-0.00222222 	
3.255	2.19209 	-0.0644489 	-1.74037 	0.000242693 	-0.116825 	-0.00229066 	
3.26	2.19196 	-0.0659425 	-1.74033 	0.00015943 	-0.116831 	-0.00232419 	
3.265	2.19254 	-0.0639947 	-1.7395 	0.000232111 	-0.116835 	-0.00239312 	
3.27	2.19241 	-0.0655001 	-1.73946 	0.00014821 	-0.116841 	-0.00242695 	
3.275	2.193 	-0.0635425 	-1.73863 	0.000221314 	-0.116846 	-0.00249635 	
3.28	2.19287 	-0.0650596 	-1.73859 	0.000136788 	-0.116852 	-0.00253048 	
3.285	2.19345 	-0.0630929 	-1.73775 	0.000210289 	-0.116856 	-0.00260033 	
3.29	2.19332 	-0.0646214 	-1.73771 	0.000125149 	-0.116863 	-0.00263475 	
3.295	2.19391 	-0.0626462 	-1.73687 	0.000199023 	-0.116867 	-0.00270505 	
3.3	2.19378 	-0.0641859 	-1.73683 	0.000113284 	-0.116873 	-0.00273975 	
3.305	2.19438 	-0.0622027 	-1.73599 	0.000187507 	-0.116878 	-0.00281048 	
3.31	2.19424 	-0.0637534 	-1.73595 	0.000101184 	-0.116884 	-0.00284546 	
3.315	2.19484 	-0.0617629 	-1.7351 	0.000175733 	-0.116888 	-0.0029166 	
3.32	2.19471 	-0.0633242 	-1.73506 	8.88423e-05 	-0.116895 	-0.00295186 	
3.325	2.19531 	-0.0613271 	-1.73421 	0.000163694 	-0.116899 	-0.00302339 	
3.33	2.19518 	-0.0628987 	-1.73417 	7.62531e-05 	-0.116905 	-0.00305892 	
3.335	2.19578 	-0.0608954 	-1.73331 	0.000151386 	-0.11691 	-0.00313083 	
3.34	1.96518 	0.0280866 	-1.17871 	-0.00775803 	-0.0952624 	-0.00281322 	
3.345	1.29033 	0.292773 	0.444432 	-0.0306526 	-0.0319781 	-0.00189491 	
3.35	1.40418 	0.275206 	0.411343 	-0.0324198 	-0.0365059 	0.000787854 	
3.355	1.60439 	0.280654 	0.633923 	-0.0418866 	-0.0373677 	0.00888703 	
3.36	1.68177 	0.253502 	0.486637 	-0.040197 	-0.0436443 	0.00916967 	
3.365	1.83934 	0.230241 	0.412548 	-0.0416898 	-0.0507451 	0.0123141 	
3.37	1.96503 	0.2153 	0.337287 	-0.0421694 	-0.0567479 	0.0140208 	
3.375	1.94955 	0.272861 	0.743544 	-0.0507557 	-0.0458585 	0.0178334 	
3.38	1.46438 	0.42586 	1.76522 	-0.0650995 	-0.00371925 	0.0185373 	
3.385	1.5 	0.427156 	1.78966 	-0.0660251 	-0.00442251 	0.0193382 	
3.39	1.50063 	0.500655 	2.37071 	-0.0781187 	0.0103818 	0.0250809 	
3.395	1.59872 	0.46506 	2.1272 	-0.0744748 	0.000792164 	0.0244369 	
3.4	1.82131 	0.445923 	2.05031 	-0.0763461 	-0.00838975 	0.0279283 	
3.405	1.96155 	0.423264 	1.90581 	-0.0753695 	-0.0168095 	0.0289975 	
3.41	2.07238 	0.397343 	1.74741 	-0.073608 	-0.0244351 	0.0293555 	
3.415	2.22433 	0.382325 	1.65974 	-0.0738704 	-0.0317667 	0.031084 	
3.42	2.25646 	0.35211 	1.47638 	-0.0705098 	-0.0374253 	0.0299636 	
3.425	2.38355 	0.336726 	1.49381 	-0.0730263 	-0.0410718 	0.0332207 	
3.43	2.46942 	0.314598 	1.44652 	-0.0734945 	-0.0449003 	0.0348794 	
3.435	2.18714 	0.231446 	1.84821 	-0.0593065 	-0.0249331 	0.0353808 	
3.44	1.32028 	0.0296801 	3.36462 	-0.0235701 	0.0439205 	0.0391719 	
3.445	1.08173 	-0.0366933 	3.65355 	-0.00973589 	0.0594992 	0.0372455 	
3.45	0.30572 	-0.222851 	5.04923 	0.0223416 	0.122231 	0.0408908 	
3.455	0.130163 	-0.272158 	5.23733 	0.0332226 	0.133111 	0.0387323 	
3.46	-0.590168 	-0.443663 	6.52446 	0.0619687 	0.191162 	0.0428069 	
3.465	-0.674467 	-0.472629 	6.56822 	0.0694036 	0.195262 	0.0399899 	
3.47	-1.26754 	-0.617495 	7.66291 	0.094139 	0.244065 	0.0428224 	
3.475	-1.36967 	-0.649317 	7.70904 	0.100066 	0.248853 	0.0415763 	
3.48	-1.94991 	-0.794047 	8.75023 	0.12229 	0.295865 	0.0459578 	
3.485	-1.982 	-0.801029 	8.71843 	0.127082 	0.29626 	0.0427191 	
3.49	-2.53549 	-0.936944 	9.70801 	0.147645 	0.341031 	0.0473162 	
3.495	-2.53108 	-0.935371 	9.61784 	0.150737 	0.338701 	0.044029 	
3.5	-3.06204 	-1.06383 	10.5637 	0.169878 	0.381578 	0.0488295 	
