0	0.310257 	-0.173727 	0.536956 	0.1761 	-1.45153 	-0.242598 	
0.005	0.310257 	-0.173727 	0.536956 	0.1761 	-1.45153 	-0.242598 	
0.01	0.310257 	-0.173727 	0.536956 	0.1761 	-1.45153 	-0.242598 	
0.015	0.310258 	-0.173727 	0.536956 	0.1761 	-1.45153 	-0.242598 	
0.02	0.31026 	-0.173727 	0.536956 	0.1761 	-1.45153 	-0.242598 	
0.025	0.310261 	-0.173727 	0.536957 	0.1761 	-1.45153 	-0.242598 	
0.03	0.310264 	-0.173727 	0.536957 	0.1761 	-1.45153 	-0.242598 	
0.035	0.310267 	-0.173727 	0.536958 	0.1761 	-1.45153 	-0.242598 	
0.04	0.31027 	-0.173727 	0.536958 	0.1761 	-1.45153 	-0.242598 	
0.045	0.310274 	-0.173727 	0.536959 	0.1761 	-1.45153 	-0.242598 	
0.05	0.310279 	-0.173727 	0.53696 	0.1761 	-1.45153 	-0.242598 	
0.055	0.310284 	-0.173728 	0.536961 	0.1761 	-1.45153 	-0.242598 	
0.06	0.310289 	-0.173728 	0.536962 	0.1761 	-1.45153 	-0.242598 	
0.065	0.310296 	-0.173728 	0.536963 	0.1761 	-1.45153 	-0.242598 	
0.07	0.310302 	-0.173728 	0.536964 	0.1761 	-1.45153 	-0.242598 	
0.075	0.31031 	-0.173728 	0.536965 	0.1761 	-1.45153 	-0.242598 	
0.08	0.310317 	-0.173728 	0.536967 	0.1761 	-1.45153 	-0.242598 	
0.085	0.310326 	-0.173728 	0.536968 	0.1761 	-1.45153 	-0.242598 	
0.09	0.310335 	-0.173728 	0.53697 	0.1761 	-1.45153 	-0.242598 	
0.095	0.310344 	-0.173729 	0.536972 	0.1761 	-1.45153 	-0.242598 	
0.1	0.310355 	-0.173729 	0.536974 	0.1761 	-1.45153 	-0.242598 	
0.105	0.310365 	-0.173729 	0.536976 	0.1761 	-1.45153 	-0.242598 	
0.11	0.310376 	-0.173729 	0.536978 	0.1761 	-1.45153 	-0.242598 	
0.115	0.310388 	-0.173729 	0.53698 	0.1761 	-1.45153 	-0.242598 	
0.12	0.3104 	-0.17373 	0.536982 	0.1761 	-1.45153 	-0.242598 	
0.125	0.310413 	-0.17373 	0.536985 	0.1761 	-1.45153 	-0.242598 	
0.13	0.310426 	-0.17373 	0.536987 	0.1761 	-1.45153 	-0.242598 	
0.135	0.31044 	-0.17373 	0.53699 	0.1761 	-1.45153 	-0.242598 	
0.14	0.310454 	-0.173731 	0.536992 	0.1761 	-1.45153 	-0.242598 	
0.145	0.310469 	-0.173731 	0.536995 	0.1761 	-1.45153 	-0.242598 	
0.15	0.310484 	-0.173731 	0.536998 	0.1761 	-1.45153 	-0.242598 	
0.155	0.3105 	-0.173731 	0.537001 	0.1761 	-1.45153 	-0.242598 	
0.16	0.310516 	-0.173732 	0.537004 	0.1761 	-1.45153 	-0.242598 	
0.165	0.310472 	-0.173717 	0.536988 	0.174512 	-1.45042 	-0.240409 	
0.17	0.31049 	-0.173718 	0.536992 	0.174512 	-1.45042 	-0.240409 	
0.175	0.310508 	-0.173718 	0.536995 	0.174512 	-1.45042 	-0.240409 	
0.18	0.310526 	-0.173718 	0.536998 	0.174512 	-1.45042 	-0.240409 	
0.185	0.310545 	-0.173719 	0.537002 	0.174512 	-1.45042 	-0.240409 	
0.19	0.310565 	-0.173719 	0.537005 	0.174512 	-1.45042 	-0.240409 	
0.195	0.310585 	-0.173719 	0.537009 	0.174512 	-1.45042 	-0.240409 	
0.2	0.310605 	-0.17372 	0.537013 	0.174512 	-1.45042 	-0.240409 	
0.205	0.310627 	-0.17372 	0.537017 	0.174512 	-1.45042 	-0.240409 	
0.21	0.310648 	-0.17372 	0.537021 	0.174512 	-1.45042 	-0.240409 	
0.215	0.31067 	-0.173721 	0.537025 	0.174512 	-1.45042 	-0.240409 	
0.22	0.310693 	-0.173721 	0.537029 	0.174512 	-1.45042 	-0.240409 	
0.225	0.310716 	-0.173721 	0.537033 	0.174512 	-1.45042 	-0.240409 	
0.23	0.310675 	-0.173706 	0.537018 	0.172809 	-1.44922 	-0.238064 	
0.235	0.310699 	-0.173707 	0.537023 	0.172809 	-1.44922 	-0.238064 	
0.24	0.310724 	-0.173707 	0.537027 	0.172809 	-1.44922 	-0.238064 	
0.245	0.310749 	-0.173708 	0.537032 	0.172809 	-1.44922 	-0.238064 	
0.25	0.310775 	-0.173708 	0.537037 	0.172809 	-1.44922 	-0.238064 	
0.255	0.310801 	-0.173708 	0.537041 	0.172809 	-1.44922 	-0.238064 	
0.26	0.310828 	-0.173709 	0.537046 	0.172809 	-1.44922 	-0.238064 	
0.265	0.310856 	-0.173709 	0.537051 	0.172809 	-1.44922 	-0.238064 	
0.27	0.310883 	-0.17371 	0.537057 	0.172809 	-1.44922 	-0.238064 	
0.275	0.310912 	-0.17371 	0.537062 	0.172809 	-1.44922 	-0.238064 	
0.28	0.310875 	-0.173696 	0.537048 	0.171107 	-1.44803 	-0.235718 	
0.285	0.310905 	-0.173696 	0.537053 	0.171107 	-1.44803 	-0.235718 	
0.29	0.310934 	-0.173696 	0.537058 	0.171107 	-1.44803 	-0.235718 	
0.295	0.310965 	-0.173697 	0.537064 	0.171107 	-1.44803 	-0.235718 	
0.3	0.310996 	-0.173697 	0.53707 	0.171107 	-1.44803 	-0.235718 	
0.305	0.311027 	-0.173698 	0.537076 	0.171107 	-1.44803 	-0.235718 	
0.31	0.311059 	-0.173698 	0.537081 	0.171107 	-1.44803 	-0.235718 	
0.315	0.311092 	-0.173699 	0.537087 	0.171107 	-1.44803 	-0.235718 	
0.32	0.311063 	-0.173685 	0.537075 	0.169499 	-1.4469 	-0.233503 	
0.325	0.311096 	-0.173686 	0.537081 	0.169499 	-1.4469 	-0.233503 	
0.33	0.31113 	-0.173686 	0.537087 	0.169499 	-1.4469 	-0.233503 	
0.335	0.311165 	-0.173687 	0.537094 	0.169499 	-1.4469 	-0.233503 	
0.34	0.3112 	-0.173687 	0.5371 	0.169499 	-1.4469 	-0.233503 	
0.345	0.311235 	-0.173687 	0.537107 	0.169499 	-1.4469 	-0.233503 	
0.35	0.311271 	-0.173688 	0.537113 	0.169499 	-1.4469 	-0.233503 	
0.355	0.311308 	-0.173688 	0.53712 	0.169499 	-1.4469 	-0.233503 	
0.36	0.311276 	-0.173674 	0.537106 	0.167717 	-1.44565 	-0.231049 	
0.365	0.311313 	-0.173674 	0.537113 	0.167717 	-1.44565 	-0.231049 	
0.37	0.311351 	-0.173675 	0.53712 	0.167717 	-1.44565 	-0.231049 	
0.375	0.311389 	-0.173675 	0.537127 	0.167717 	-1.44565 	-0.231049 	
0.38	0.311428 	-0.173676 	0.537134 	0.167717 	-1.44565 	-0.231049 	
0.385	0.311468 	-0.173676 	0.537142 	0.167717 	-1.44565 	-0.231049 	
0.39	0.311508 	-0.173677 	0.537149 	0.167717 	-1.44565 	-0.231049 	
0.395	0.31148 	-0.173663 	0.537136 	0.165973 	-1.44443 	-0.228645 	
0.4	0.311521 	-0.173663 	0.537144 	0.165973 	-1.44443 	-0.228645 	
0.405	0.311563 	-0.173663 	0.537151 	0.165973 	-1.44443 	-0.228645 	
0.41	0.311604 	-0.173664 	0.537159 	0.165973 	-1.44443 	-0.228645 	
0.415	0.311647 	-0.173664 	0.537167 	0.165973 	-1.44443 	-0.228645 	
0.42	0.311689 	-0.173665 	0.537175 	0.165973 	-1.44443 	-0.228645 	
0.425	0.31167 	-0.173652 	0.537164 	0.164348 	-1.44329 	-0.226407 	
0.43	0.311713 	-0.173653 	0.537172 	0.164348 	-1.44329 	-0.226407 	
0.435	0.311758 	-0.173653 	0.53718 	0.164348 	-1.44329 	-0.226407 	
0.44	0.311802 	-0.173653 	0.537188 	0.164348 	-1.44329 	-0.226407 	
0.445	0.311847 	-0.173654 	0.537197 	0.164348 	-1.44329 	-0.226407 	
0.45	0.311893 	-0.173654 	0.537205 	0.164348 	-1.44329 	-0.226407 	
0.455	0.311872 	-0.173641 	0.537194 	0.162639 	-1.44209 	-0.224053 	
0.46	0.311919 	-0.173642 	0.537202 	0.162639 	-1.44209 	-0.224053 	
0.465	0.311966 	-0.173642 	0.537211 	0.162639 	-1.44209 	-0.224053 	
0.47	0.312013 	-0.173642 	0.53722 	0.162639 	-1.44209 	-0.224053 	
0.475	0.312061 	-0.173643 	0.537228 	0.162639 	-1.44209 	-0.224053 	
0.48	0.312109 	-0.173643 	0.537237 	0.162639 	-1.44209 	-0.224053 	
0.485	0.312088 	-0.17363 	0.537226 	0.160826 	-1.44082 	-0.221556 	
0.49	0.312137 	-0.17363 	0.537235 	0.160826 	-1.44082 	-0.221556 	
0.495	0.312187 	-0.17363 	0.537244 	0.160826 	-1.44082 	-0.221556 	
0.5	0.312237 	-0.173631 	0.537253 	0.160826 	-1.44082 	-0.221556 	
0.505	0.312287 	-0.173631 	0.537262 	0.160826 	-1.44082 	-0.221556 	
0.51	0.312275 	-0.173619 	0.537253 	0.159206 	-1.43969 	-0.219323 	
0.515	0.312327 	-0.173619 	0.537262 	0.159206 	-1.43969 	-0.219323 	
0.52	0.312379 	-0.17362 	0.537272 	0.159206 	-1.43969 	-0.219323 	
0.525	0.312431 	-0.17362 	0.537281 	0.159206 	-1.43969 	-0.219323 	
0.53	0.312484 	-0.17362 	0.537291 	0.159206 	-1.43969 	-0.219323 	
0.535	0.312472 	-0.173608 	0.537282 	0.157542 	-1.43852 	-0.217032 	
0.54	0.312526 	-0.173609 	0.537292 	0.157542 	-1.43852 	-0.217032 	
0.545	0.31258 	-0.173609 	0.537301 	0.157542 	-1.43852 	-0.217032 	
0.55	0.312634 	-0.173609 	0.537311 	0.157542 	-1.43852 	-0.217032 	
0.555	0.312689 	-0.17361 	0.537321 	0.157542 	-1.43852 	-0.217032 	
0.56	0.312677 	-0.173597 	0.537312 	0.155813 	-1.43731 	-0.21465 	
0.565	0.312732 	-0.173598 	0.537322 	0.155813 	-1.43731 	-0.21465 	
0.57	0.312789 	-0.173598 	0.537332 	0.155813 	-1.43731 	-0.21465 	
0.575	0.312845 	-0.173598 	0.537342 	0.155813 	-1.43731 	-0.21465 	
0.58	0.312902 	-0.173598 	0.537353 	0.155813 	-1.43731 	-0.21465 	
0.585	0.312889 	-0.173586 	0.537343 	0.154018 	-1.43605 	-0.212176 	
0.59	0.312947 	-0.173586 	0.537354 	0.154018 	-1.43605 	-0.212176 	
0.595	0.313005 	-0.173586 	0.537364 	0.154018 	-1.43605 	-0.212176 	
0.6	0.313064 	-0.173586 	0.537375 	0.154018 	-1.43605 	-0.212176 	
0.605	0.313123 	-0.173586 	0.537385 	0.154018 	-1.43605 	-0.212176 	
0.61	0.31311 	-0.173574 	0.537376 	0.152157 	-1.43475 	-0.209613 	
0.615	0.313169 	-0.173574 	0.537386 	0.152157 	-1.43475 	-0.209613 	
0.62	0.31323 	-0.173574 	0.537397 	0.152157 	-1.43475 	-0.209613 	
0.625	0.31329 	-0.173574 	0.537408 	0.152157 	-1.43475 	-0.209613 	
0.63	0.31329 	-0.173564 	0.537402 	0.150585 	-1.43365 	-0.207448 	
0.635	0.313351 	-0.173564 	0.537413 	0.150585 	-1.43365 	-0.207448 	
0.64	0.313413 	-0.173564 	0.537424 	0.150585 	-1.43365 	-0.207448 	
0.645	0.313475 	-0.173564 	0.537435 	0.150585 	-1.43365 	-0.207448 	
0.65	0.313476 	-0.173554 	0.537429 	0.149007 	-1.43254 	-0.205274 	
0.655	0.313539 	-0.173554 	0.53744 	0.149007 	-1.43254 	-0.205274 	
0.66	0.313602 	-0.173554 	0.537452 	0.149007 	-1.43254 	-0.205274 	
0.665	0.313665 	-0.173554 	0.537463 	0.149007 	-1.43254 	-0.205274 	
0.67	0.313666 	-0.173543 	0.537457 	0.147394 	-1.43141 	-0.203052 	
0.675	0.313731 	-0.173543 	0.537469 	0.147394 	-1.43141 	-0.203052 	
0.68	0.313795 	-0.173543 	0.53748 	0.147394 	-1.43141 	-0.203052 	
0.685	0.31386 	-0.173543 	0.537492 	0.147394 	-1.43141 	-0.203052 	
0.69	0.313861 	-0.173533 	0.537486 	0.145744 	-1.43025 	-0.200779 	
0.695	0.313927 	-0.173533 	0.537498 	0.145744 	-1.43025 	-0.200779 	
0.7	0.313993 	-0.173532 	0.537509 	0.145744 	-1.43025 	-0.200779 	
0.705	0.31406 	-0.173532 	0.537521 	0.145744 	-1.43025 	-0.200779 	
0.71	0.314061 	-0.173522 	0.537515 	0.144058 	-1.42907 	-0.198456 	
0.715	0.314128 	-0.173522 	0.537527 	0.144058 	-1.42907 	-0.198456 	
0.72	0.314195 	-0.173521 	0.537539 	0.144058 	-1.42907 	-0.198456 	
0.725	0.314263 	-0.173521 	0.537551 	0.144058 	-1.42907 	-0.198456 	
0.73	0.314264 	-0.173511 	0.537545 	0.142337 	-1.42786 	-0.196084 	
0.735	0.314332 	-0.173511 	0.537557 	0.142337 	-1.42786 	-0.196084 	
0.74	0.314401 	-0.17351 	0.537569 	0.142337 	-1.42786 	-0.196084 	
0.745	0.314471 	-0.17351 	0.537582 	0.142337 	-1.42786 	-0.196084 	
0.75	0.314471 	-0.1735 	0.537575 	0.140581 	-1.42663 	-0.193666 	
0.755	0.314541 	-0.173499 	0.537588 	0.140581 	-1.42663 	-0.193666 	
0.76	0.314611 	-0.173499 	0.5376 	0.140581 	-1.42663 	-0.193666 	
0.765	0.314682 	-0.173498 	0.537613 	0.140581 	-1.42663 	-0.193666 	
0.77	0.314683 	-0.173488 	0.537606 	0.138793 	-1.42538 	-0.191202 	
0.775	0.314754 	-0.173488 	0.537619 	0.138793 	-1.42538 	-0.191202 	
0.78	0.314825 	-0.173487 	0.537632 	0.138793 	-1.42538 	-0.191202 	
0.785	0.314897 	-0.173487 	0.537645 	0.138793 	-1.42538 	-0.191202 	
0.79	0.314898 	-0.173476 	0.537638 	0.136972 	-1.4241 	-0.188694 	
0.795	0.31497 	-0.173476 	0.537651 	0.136972 	-1.4241 	-0.188694 	
0.8	0.315043 	-0.173475 	0.537664 	0.136972 	-1.4241 	-0.188694 	
0.805	0.315116 	-0.173475 	0.537677 	0.136972 	-1.4241 	-0.188694 	
0.81	0.315116 	-0.173464 	0.53767 	0.135121 	-1.42281 	-0.186144 	
0.815	0.31519 	-0.173464 	0.537683 	0.135121 	-1.42281 	-0.186144 	
0.82	0.315264 	-0.173463 	0.537696 	0.135121 	-1.42281 	-0.186144 	
0.825	0.315338 	-0.173462 	0.537709 	0.135121 	-1.42281 	-0.186144 	
0.83	0.315338 	-0.173452 	0.537702 	0.13324 	-1.42149 	-0.183552 	
0.835	0.315413 	-0.173452 	0.537716 	0.13324 	-1.42149 	-0.183552 	
0.84	0.315488 	-0.173451 	0.537729 	0.13324 	-1.42149 	-0.183552 	
0.845	0.315563 	-0.17345 	0.537743 	0.13324 	-1.42149 	-0.183552 	
0.85	0.315564 	-0.17344 	0.537736 	0.131331 	-1.42015 	-0.180922 	
0.855	0.315639 	-0.173439 	0.537749 	0.131331 	-1.42015 	-0.180922 	
0.86	0.315716 	-0.173438 	0.537763 	0.131331 	-1.42015 	-0.180922 	
0.865	0.315792 	-0.173437 	0.537776 	0.131331 	-1.42015 	-0.180922 	
0.87	0.315792 	-0.173428 	0.537769 	0.129394 	-1.41879 	-0.178254 	
0.875	0.315869 	-0.173427 	0.537783 	0.129394 	-1.41879 	-0.178254 	
0.88	0.315946 	-0.173426 	0.537796 	0.129394 	-1.41879 	-0.178254 	
0.885	0.316024 	-0.173425 	0.53781 	0.129394 	-1.41879 	-0.178254 	
0.89	0.316024 	-0.173415 	0.537803 	0.127431 	-1.41742 	-0.175551 	
0.895	0.316102 	-0.173414 	0.537817 	0.127431 	-1.41742 	-0.175551 	
0.9	0.31618 	-0.173413 	0.537831 	0.127431 	-1.41742 	-0.175551 	
0.905	0.316258 	-0.173412 	0.537845 	0.127431 	-1.41742 	-0.175551 	
0.91	0.316258 	-0.173402 	0.537838 	0.125444 	-1.41602 	-0.172813 	
0.915	0.316337 	-0.173401 	0.537851 	0.125444 	-1.41602 	-0.172813 	
0.92	0.316416 	-0.1734 	0.537865 	0.125444 	-1.41602 	-0.172813 	
0.925	0.316496 	-0.173399 	0.537879 	0.125444 	-1.41602 	-0.172813 	
0.93	0.316496 	-0.173389 	0.537872 	0.123433 	-1.41461 	-0.170042 	
0.935	0.316575 	-0.173388 	0.537886 	0.123433 	-1.41461 	-0.170043 	
0.94	0.316655 	-0.173387 	0.537901 	0.123433 	-1.41461 	-0.170043 	
0.945	0.316673 	-0.173379 	0.537898 	0.121859 	-1.41351 	-0.167874 	
0.95	0.316754 	-0.173378 	0.537912 	0.121859 	-1.41351 	-0.167874 	
0.955	0.316834 	-0.173377 	0.537927 	0.121859 	-1.41351 	-0.167874 	
0.96	0.316915 	-0.173375 	0.537941 	0.121859 	-1.41351 	-0.167874 	
0.965	0.316917 	-0.173366 	0.537934 	0.119856 	-1.41211 	-0.165115 	
0.97	0.316998 	-0.173365 	0.537948 	0.119856 	-1.41211 	-0.165115 	
0.975	0.317079 	-0.173363 	0.537963 	0.119856 	-1.41211 	-0.165115 	
0.98	0.317098 	-0.173356 	0.537961 	0.118258 	-1.41099 	-0.162914 	
0.985	0.31718 	-0.173355 	0.537975 	0.118258 	-1.41099 	-0.162914 	
0.99	0.317262 	-0.173353 	0.537989 	0.118258 	-1.41099 	-0.162914 	
0.995	0.317282 	-0.173346 	0.537987 	0.116692 	-1.40989 	-0.160757 	
1	0.317364 	-0.173345 	0.538002 	0.116692 	-1.40989 	-0.160757 	
1.005	0.317447 	-0.173343 	0.538016 	0.116692 	-1.40989 	-0.160757 	
1.01	0.317467 	-0.173336 	0.538015 	0.115121 	-1.40879 	-0.158591 	
1.015	0.31755 	-0.173334 	0.538029 	0.115121 	-1.40879 	-0.158591 	
1.02	0.317633 	-0.173332 	0.538044 	0.115121 	-1.40879 	-0.158591 	
1.025	0.317653 	-0.173326 	0.538042 	0.11354 	-1.40768 	-0.156413 	
1.03	0.317737 	-0.173324 	0.538057 	0.11354 	-1.40768 	-0.156413 	
1.035	0.31782 	-0.173322 	0.538071 	0.11354 	-1.40768 	-0.156413 	
1.04	0.317841 	-0.173316 	0.53807 	0.11195 	-1.40657 	-0.154223 	
1.045	0.317925 	-0.173314 	0.538084 	0.11195 	-1.40657 	-0.154223 	
1.05	0.318008 	-0.173312 	0.538099 	0.11195 	-1.40657 	-0.154223 	
1.055	0.318029 	-0.173306 	0.538097 	0.110352 	-1.40545 	-0.152021 	
1.06	0.318113 	-0.173303 	0.538112 	0.110352 	-1.40545 	-0.152021 	
1.065	0.318198 	-0.173301 	0.538127 	0.110352 	-1.40545 	-0.152021 	
1.07	0.318218 	-0.173295 	0.538125 	0.108745 	-1.40432 	-0.149809 	
1.075	0.318303 	-0.173293 	0.53814 	0.108745 	-1.40432 	-0.149809 	
1.08	0.318388 	-0.173291 	0.538154 	0.108745 	-1.40432 	-0.149809 	
1.085	0.318409 	-0.173285 	0.538153 	0.107132 	-1.40319 	-0.147586 	
1.09	0.318494 	-0.173283 	0.538168 	0.107132 	-1.40319 	-0.147586 	
1.095	0.318579 	-0.17328 	0.538182 	0.107132 	-1.40319 	-0.147586 	
1.1	0.3186 	-0.173274 	0.538181 	0.105512 	-1.40205 	-0.145354 	
1.105	0.318685 	-0.173272 	0.538196 	0.105512 	-1.40205 	-0.145354 	
1.11	0.31877 	-0.17327 	0.53821 	0.105512 	-1.40205 	-0.145354 	
1.115	0.318791 	-0.173264 	0.538209 	0.103885 	-1.40091 	-0.143113 	
1.12	0.318877 	-0.173261 	0.538224 	0.103885 	-1.40091 	-0.143113 	
1.125	0.318963 	-0.173259 	0.538239 	0.103885 	-1.40091 	-0.143113 	
1.13	0.318984 	-0.173254 	0.538237 	0.102253 	-1.39977 	-0.140865 	
1.135	0.31907 	-0.173251 	0.538252 	0.102253 	-1.39977 	-0.140865 	
1.14	0.319156 	-0.173248 	0.538267 	0.102253 	-1.39977 	-0.140865 	
1.145	0.319177 	-0.173243 	0.538266 	0.100616 	-1.39862 	-0.13861 	
1.15	0.319263 	-0.17324 	0.53828 	0.100616 	-1.39862 	-0.13861 	
1.155	0.319349 	-0.173237 	0.538295 	0.100616 	-1.39862 	-0.13861 	
1.16	0.31937 	-0.173233 	0.538294 	0.0989746 	-1.39747 	-0.136348 	
1.165	0.319456 	-0.17323 	0.538309 	0.0989746 	-1.39747 	-0.136348 	
1.17	0.319543 	-0.173227 	0.538324 	0.0989746 	-1.39747 	-0.136348 	
1.175	0.319564 	-0.173222 	0.538322 	0.0973293 	-1.39632 	-0.134082 	
1.18	0.31965 	-0.173219 	0.538337 	0.0973293 	-1.39632 	-0.134082 	
1.185	0.319737 	-0.173216 	0.538352 	0.0973293 	-1.39632 	-0.134082 	
1.19	0.319758 	-0.173211 	0.538351 	0.0956806 	-1.39516 	-0.13181 	
1.195	0.319845 	-0.173208 	0.538366 	0.0956806 	-1.39516 	-0.13181 	
1.2	0.319932 	-0.173205 	0.538381 	0.0956806 	-1.39516 	-0.13181 	
1.205	0.319953 	-0.173201 	0.538379 	0.0940292 	-1.39401 	-0.129535 	
1.21	0.32004 	-0.173198 	0.538394 	0.0940292 	-1.39401 	-0.129535 	
1.215	0.320126 	-0.173194 	0.538409 	0.0940292 	-1.39401 	-0.129535 	
1.22	0.320147 	-0.17319 	0.538408 	0.0923757 	-1.39285 	-0.127258 	
1.225	0.320234 	-0.173187 	0.538423 	0.0923757 	-1.39285 	-0.127258 	
1.23	0.320321 	-0.173184 	0.538438 	0.0923757 	-1.39285 	-0.127258 	
1.235	0.320342 	-0.17318 	0.538437 	0.0907207 	-1.39169 	-0.124978 	
1.24	0.320429 	-0.173176 	0.538451 	0.0907207 	-1.39169 	-0.124978 	
1.245	0.320516 	-0.173173 	0.538466 	0.0907207 	-1.39169 	-0.124978 	
1.25	0.320538 	-0.173169 	0.538465 	0.0890647 	-1.39053 	-0.122696 	
1.255	0.320625 	-0.173165 	0.53848 	0.0890647 	-1.39053 	-0.122696 	
1.26	0.320712 	-0.173162 	0.538495 	0.0890647 	-1.39053 	-0.122696 	
1.265	0.320733 	-0.173158 	0.538494 	0.0874084 	-1.38936 	-0.120415 	
1.27	0.32082 	-0.173155 	0.538509 	0.0874084 	-1.38936 	-0.120415 	
1.275	0.320907 	-0.173151 	0.538523 	0.0874084 	-1.38936 	-0.120415 	
1.28	0.320928 	-0.173148 	0.538522 	0.0857523 	-1.3882 	-0.118133 	
1.285	0.321015 	-0.173144 	0.538537 	0.0857523 	-1.3882 	-0.118133 	
1.29	0.321102 	-0.17314 	0.538552 	0.0857523 	-1.3882 	-0.118133 	
1.295	0.321123 	-0.173137 	0.538551 	0.084097 	-1.38704 	-0.115853 	
1.3	0.32121 	-0.173133 	0.538566 	0.084097 	-1.38704 	-0.115853 	
1.305	0.321296 	-0.173129 	0.538581 	0.084097 	-1.38704 	-0.115853 	
1.31	0.321317 	-0.173126 	0.53858 	0.0824431 	-1.38588 	-0.113574 	
1.315	0.321404 	-0.173123 	0.538594 	0.0824432 	-1.38588 	-0.113574 	
1.32	0.321491 	-0.173119 	0.538609 	0.0824432 	-1.38588 	-0.113574 	
1.325	0.321512 	-0.173116 	0.538608 	0.0807912 	-1.38473 	-0.111299 	
1.33	0.321599 	-0.173112 	0.538623 	0.0807912 	-1.38473 	-0.111299 	
1.335	0.321685 	-0.173108 	0.538638 	0.0807912 	-1.38473 	-0.111299 	
1.34	0.321706 	-0.173105 	0.538637 	0.0791419 	-1.38357 	-0.109027 	
1.345	0.321793 	-0.173101 	0.538651 	0.0791419 	-1.38357 	-0.109027 	
1.35	0.321879 	-0.173097 	0.538666 	0.0791419 	-1.38357 	-0.109027 	
1.355	0.3219 	-0.173095 	0.538665 	0.0774957 	-1.38242 	-0.106759 	
1.36	0.321986 	-0.173091 	0.53868 	0.0774957 	-1.38242 	-0.106759 	
1.365	0.322073 	-0.173086 	0.538694 	0.0774957 	-1.38242 	-0.106759 	
1.37	0.322093 	-0.173084 	0.538693 	0.0758533 	-1.38127 	-0.104496 	
1.375	0.32218 	-0.17308 	0.538708 	0.0758533 	-1.38127 	-0.104496 	
1.38	0.322266 	-0.173076 	0.538723 	0.0758533 	-1.38127 	-0.104496 	
1.385	0.322286 	-0.173074 	0.538722 	0.0742151 	-1.38012 	-0.102239 	
1.39	0.322372 	-0.173069 	0.538736 	0.0742151 	-1.38012 	-0.102239 	
1.395	0.322458 	-0.173065 	0.538751 	0.0742151 	-1.38012 	-0.102239 	
1.4	0.322479 	-0.173063 	0.53875 	0.0725819 	-1.37897 	-0.0999894 	
1.405	0.322564 	-0.173059 	0.538764 	0.0725819 	-1.37897 	-0.0999894 	
1.41	0.32265 	-0.173054 	0.538779 	0.0725819 	-1.37897 	-0.0999894 	
1.415	0.32267 	-0.173053 	0.538778 	0.0709541 	-1.37783 	-0.097747 	
1.42	0.322756 	-0.173048 	0.538792 	0.0709541 	-1.37783 	-0.097747 	
1.425	0.322841 	-0.173044 	0.538807 	0.0709541 	-1.37783 	-0.097747 	
1.43	0.322861 	-0.173042 	0.538806 	0.0693324 	-1.37669 	-0.0955129 	
1.435	0.322946 	-0.173038 	0.53882 	0.0693324 	-1.37669 	-0.0955129 	
1.44	0.323031 	-0.173033 	0.538835 	0.0693324 	-1.37669 	-0.0955129 	
1.445	0.323051 	-0.173032 	0.538834 	0.0677173 	-1.37556 	-0.0932879 	
1.45	0.323136 	-0.173027 	0.538848 	0.0677173 	-1.37556 	-0.0932879 	
1.455	0.32322 	-0.173023 	0.538862 	0.0677173 	-1.37556 	-0.0932879 	
1.46	0.323241 	-0.173022 	0.538862 	0.0661094 	-1.37444 	-0.0910729 	
1.465	0.323325 	-0.173017 	0.538876 	0.0661094 	-1.37444 	-0.0910729 	
1.47	0.323409 	-0.173012 	0.53889 	0.0661094 	-1.37444 	-0.0910729 	
1.475	0.323429 	-0.173011 	0.538889 	0.0645093 	-1.37331 	-0.0888685 	
1.48	0.323513 	-0.173007 	0.538903 	0.0645093 	-1.37331 	-0.0888685 	
1.485	0.323596 	-0.173002 	0.538917 	0.0645093 	-1.37331 	-0.0888685 	
1.49	0.323616 	-0.173001 	0.538917 	0.0629175 	-1.3722 	-0.0866756 	
1.495	0.3237 	-0.172996 	0.538931 	0.0629175 	-1.3722 	-0.0866756 	
1.5	0.323783 	-0.172992 	0.538945 	0.0629175 	-1.3722 	-0.0866756 	
1.505	0.323803 	-0.172991 	0.538944 	0.0613346 	-1.37109 	-0.084495 	
1.51	0.323885 	-0.172986 	0.538958 	0.0613346 	-1.37109 	-0.084495 	
1.515	0.323968 	-0.172981 	0.538972 	0.0613346 	-1.37109 	-0.084495 	
1.52	0.323988 	-0.172981 	0.538971 	0.0597611 	-1.36999 	-0.0823274 	
1.525	0.32407 	-0.172976 	0.538985 	0.0597611 	-1.36999 	-0.0823274 	
1.53	0.324152 	-0.172971 	0.538999 	0.0597611 	-1.36999 	-0.0823274 	
1.535	0.324172 	-0.172971 	0.538998 	0.0581976 	-1.36889 	-0.0801735 	
1.54	0.324253 	-0.172966 	0.539012 	0.0581976 	-1.36889 	-0.0801735 	
1.545	0.324335 	-0.172961 	0.539025 	0.0581976 	-1.36889 	-0.0801735 	
1.55	0.324354 	-0.172961 	0.539025 	0.0566448 	-1.3678 	-0.0780343 	
1.555	0.324436 	-0.172956 	0.539039 	0.0566448 	-1.3678 	-0.0780343 	
1.56	0.324517 	-0.172951 	0.539052 	0.0566448 	-1.3678 	-0.0780343 	
1.565	0.324536 	-0.172951 	0.539052 	0.055103 	-1.36672 	-0.0759103 	
1.57	0.324616 	-0.172946 	0.539065 	0.055103 	-1.36672 	-0.0759103 	
1.575	0.324697 	-0.172941 	0.539078 	0.055103 	-1.36672 	-0.0759103 	
1.58	0.324777 	-0.172936 	0.539092 	0.055103 	-1.36672 	-0.0759103 	
1.585	0.324778 	-0.172938 	0.539087 	0.0531179 	-1.36533 	-0.0731755 	
1.59	0.324857 	-0.172933 	0.539101 	0.0531179 	-1.36533 	-0.0731755 	
1.595	0.324937 	-0.172928 	0.539114 	0.0531179 	-1.36533 	-0.0731755 	
1.6	0.324954 	-0.172928 	0.539113 	0.0515571 	-1.36424 	-0.0710255 	
1.605	0.325033 	-0.172923 	0.539126 	0.0515571 	-1.36424 	-0.0710255 	
1.61	0.325112 	-0.172918 	0.539139 	0.0515571 	-1.36424 	-0.0710255 	
1.615	0.32519 	-0.172913 	0.539152 	0.0515571 	-1.36424 	-0.0710255 	
1.62	0.325191 	-0.172915 	0.539148 	0.0496056 	-1.36287 	-0.0683369 	
1.625	0.325269 	-0.17291 	0.539161 	0.0496056 	-1.36287 	-0.0683369 	
1.63	0.325347 	-0.172905 	0.539174 	0.0496056 	-1.36287 	-0.0683369 	
1.635	0.325363 	-0.172906 	0.539173 	0.0480762 	-1.3618 	-0.0662301 	
1.64	0.325441 	-0.172901 	0.539186 	0.0480762 	-1.3618 	-0.0662301 	
1.645	0.325518 	-0.172895 	0.539199 	0.0480762 	-1.3618 	-0.0662301 	
1.65	0.325595 	-0.17289 	0.539211 	0.0480762 	-1.3618 	-0.0662301 	
1.655	0.325595 	-0.172893 	0.539207 	0.0461668 	-1.36046 	-0.0635996 	
1.66	0.325671 	-0.172888 	0.53922 	0.0461668 	-1.36046 	-0.0635996 	
1.665	0.325747 	-0.172883 	0.539232 	0.0461668 	-1.36046 	-0.0635996 	
1.67	0.325823 	-0.172877 	0.539245 	0.0461668 	-1.36046 	-0.0635996 	
1.675	0.325822 	-0.172881 	0.539241 	0.0442422 	-1.35911 	-0.0609483 	
1.68	0.325897 	-0.172876 	0.539253 	0.0442422 	-1.35911 	-0.0609483 	
1.685	0.325972 	-0.17287 	0.539265 	0.0442422 	-1.35911 	-0.0609483 	
1.69	0.326047 	-0.172865 	0.539277 	0.0442422 	-1.35911 	-0.0609483 	
1.695	0.326046 	-0.172869 	0.539273 	0.042341 	-1.35778 	-0.0583291 	
1.7	0.32612 	-0.172863 	0.539286 	0.042341 	-1.35778 	-0.0583291 	
1.705	0.326193 	-0.172858 	0.539298 	0.042341 	-1.35778 	-0.0583291 	
1.71	0.326267 	-0.172853 	0.539309 	0.042341 	-1.35778 	-0.0583291 	
1.715	0.326266 	-0.172857 	0.539306 	0.0404681 	-1.35646 	-0.055749 	
1.72	0.326339 	-0.172851 	0.539318 	0.0404681 	-1.35646 	-0.055749 	
1.725	0.326411 	-0.172846 	0.539329 	0.0404681 	-1.35646 	-0.055749 	
1.73	0.326484 	-0.172841 	0.539341 	0.0404681 	-1.35646 	-0.055749 	
1.735	0.326482 	-0.172845 	0.539337 	0.038625 	-1.35517 	-0.05321 	
1.74	0.326554 	-0.17284 	0.539349 	0.038625 	-1.35517 	-0.05321 	
1.745	0.326625 	-0.172834 	0.539361 	0.038625 	-1.35517 	-0.05321 	
1.75	0.326696 	-0.172829 	0.539372 	0.038625 	-1.35517 	-0.05321 	
1.755	0.326695 	-0.172833 	0.539369 	0.0368131 	-1.3539 	-0.0507138 	
1.76	0.326766 	-0.172828 	0.53938 	0.0368131 	-1.3539 	-0.0507138 	
1.765	0.326836 	-0.172823 	0.539391 	0.0368131 	-1.3539 	-0.0507138 	
1.77	0.326906 	-0.172817 	0.539403 	0.0368131 	-1.3539 	-0.0507138 	
1.775	0.326904 	-0.172822 	0.539399 	0.0350333 	-1.35265 	-0.0482621 	
1.78	0.326973 	-0.172817 	0.539411 	0.0350333 	-1.35265 	-0.0482621 	
1.785	0.327042 	-0.172811 	0.539422 	0.0350333 	-1.35265 	-0.0482621 	
1.79	0.327111 	-0.172806 	0.539433 	0.0350333 	-1.35265 	-0.0482621 	
1.795	0.327109 	-0.172811 	0.539429 	0.0332869 	-1.35143 	-0.0458562 	
1.8	0.327177 	-0.172805 	0.53944 	0.0332869 	-1.35143 	-0.0458562 	
1.805	0.327245 	-0.1728 	0.539451 	0.0332869 	-1.35143 	-0.0458562 	
1.81	0.327312 	-0.172795 	0.539462 	0.0332869 	-1.35143 	-0.0458562 	
1.815	0.32731 	-0.1728 	0.539459 	0.031575 	-1.35023 	-0.0434979 	
1.82	0.327377 	-0.172795 	0.53947 	0.031575 	-1.35023 	-0.0434979 	
1.825	0.327443 	-0.172789 	0.53948 	0.031575 	-1.35023 	-0.0434979 	
1.83	0.327508 	-0.172784 	0.539491 	0.031575 	-1.35023 	-0.0434979 	
1.835	0.327507 	-0.172789 	0.539488 	0.0298986 	-1.34905 	-0.0411885 	
1.84	0.327572 	-0.172784 	0.539498 	0.0298986 	-1.34905 	-0.0411885 	
1.845	0.327637 	-0.172779 	0.539509 	0.0298986 	-1.34905 	-0.0411885 	
1.85	0.327701 	-0.172774 	0.539519 	0.0298986 	-1.34905 	-0.0411885 	
1.855	0.3277 	-0.172779 	0.539516 	0.0282588 	-1.34791 	-0.0389295 	
1.86	0.327763 	-0.172773 	0.539526 	0.0282588 	-1.34791 	-0.0389295 	
1.865	0.327826 	-0.172768 	0.539536 	0.0282588 	-1.34791 	-0.0389295 	
1.87	0.327889 	-0.172763 	0.539546 	0.0282588 	-1.34791 	-0.0389295 	
1.875	0.327888 	-0.172768 	0.539544 	0.0266566 	-1.34678 	-0.0367223 	
1.88	0.32795 	-0.172763 	0.539554 	0.0266566 	-1.34678 	-0.0367223 	
1.885	0.328011 	-0.172758 	0.539563 	0.0266566 	-1.34678 	-0.0367223 	
1.89	0.328073 	-0.172753 	0.539573 	0.0266566 	-1.34678 	-0.0367223 	
1.895	0.328071 	-0.172758 	0.539571 	0.0250931 	-1.34569 	-0.0345683 	
1.9	0.328132 	-0.172753 	0.53958 	0.0250931 	-1.34569 	-0.0345683 	
1.905	0.328192 	-0.172748 	0.53959 	0.0250931 	-1.34569 	-0.0345683 	
1.91	0.328251 	-0.172743 	0.539599 	0.0250931 	-1.34569 	-0.0345683 	
1.915	0.32825 	-0.172749 	0.539597 	0.0235691 	-1.34462 	-0.0324689 	
1.92	0.328309 	-0.172744 	0.539606 	0.0235691 	-1.34462 	-0.0324689 	
1.925	0.328367 	-0.172739 	0.539616 	0.0235691 	-1.34462 	-0.0324689 	
1.93	0.328425 	-0.172734 	0.539625 	0.0235691 	-1.34462 	-0.0324689 	
1.935	0.328483 	-0.172729 	0.539634 	0.0235691 	-1.34462 	-0.0324689 	
1.94	0.328468 	-0.172737 	0.539629 	0.0217597 	-1.34335 	-0.0299761 	
1.945	0.328525 	-0.172732 	0.539638 	0.0217597 	-1.34335 	-0.0299761 	
1.95	0.328581 	-0.172727 	0.539647 	0.0217597 	-1.34335 	-0.0299761 	
1.955	0.328637 	-0.172722 	0.539656 	0.0217597 	-1.34335 	-0.0299761 	
1.96	0.328693 	-0.172717 	0.539665 	0.0217597 	-1.34335 	-0.0299761 	
1.965	0.328678 	-0.172725 	0.53966 	0.0199796 	-1.3421 	-0.0275239 	
1.97	0.328732 	-0.17272 	0.539668 	0.0199796 	-1.3421 	-0.0275239 	
1.975	0.328786 	-0.172716 	0.539677 	0.0199796 	-1.3421 	-0.0275239 	
1.98	0.32884 	-0.172711 	0.539685 	0.0199796 	-1.3421 	-0.0275239 	
1.985	0.328894 	-0.172706 	0.539694 	0.0199796 	-1.3421 	-0.0275239 	
1.99	0.328879 	-0.172714 	0.539689 	0.0182629 	-1.3409 	-0.0251589 	
1.995	0.328931 	-0.17271 	0.539697 	0.0182629 	-1.3409 	-0.0251589 	
2	0.328983 	-0.172705 	0.539706 	0.0182629 	-1.3409 	-0.0251589 	
2.005	0.329035 	-0.172701 	0.539714 	0.0182629 	-1.3409 	-0.0251589 	
2.01	0.329086 	-0.172696 	0.539722 	0.0182629 	-1.3409 	-0.0251589 	
2.015	0.329072 	-0.172704 	0.539717 	0.0166143 	-1.33974 	-0.0228879 	
2.02	0.329122 	-0.172699 	0.539725 	0.0166143 	-1.33974 	-0.0228879 	
2.025	0.329172 	-0.172695 	0.539733 	0.0166143 	-1.33974 	-0.0228879 	
2.03	0.329221 	-0.17269 	0.539741 	0.0166143 	-1.33974 	-0.0228879 	
2.035	0.32927 	-0.172686 	0.539749 	0.0166143 	-1.33974 	-0.0228879 	
2.04	0.329256 	-0.172694 	0.539744 	0.015036 	-1.33864 	-0.0207135 	
2.045	0.329304 	-0.172689 	0.539752 	0.015036 	-1.33864 	-0.0207135 	
2.05	0.329352 	-0.172685 	0.53976 	0.015036 	-1.33864 	-0.0207135 	
2.055	0.329399 	-0.172681 	0.539767 	0.015036 	-1.33864 	-0.0207135 	
2.06	0.329446 	-0.172677 	0.539774 	0.015036 	-1.33864 	-0.0207135 	
2.065	0.329492 	-0.172673 	0.539782 	0.015036 	-1.33864 	-0.0207135 	
2.07	0.329468 	-0.172682 	0.539776 	0.0132682 	-1.3374 	-0.0182783 	
2.075	0.329513 	-0.172678 	0.539783 	0.0132682 	-1.3374 	-0.0182783 	
2.08	0.329558 	-0.172674 	0.53979 	0.0132682 	-1.3374 	-0.0182783 	
2.085	0.329602 	-0.17267 	0.539797 	0.0132682 	-1.3374 	-0.0182783 	
2.09	0.329646 	-0.172666 	0.539804 	0.0132682 	-1.3374 	-0.0182783 	
2.095	0.32969 	-0.172662 	0.539811 	0.0132682 	-1.3374 	-0.0182783 	
2.1	0.329666 	-0.172671 	0.539805 	0.0115764 	-1.33621 	-0.0159475 	
2.105	0.329708 	-0.172667 	0.539811 	0.0115764 	-1.33621 	-0.0159475 	
2.11	0.32975 	-0.172664 	0.539818 	0.0115764 	-1.33621 	-0.0159475 	
2.115	0.329792 	-0.17266 	0.539824 	0.0115764 	-1.33621 	-0.0159475 	
2.12	0.329833 	-0.172656 	0.539831 	0.0115764 	-1.33621 	-0.0159475 	
2.125	0.329873 	-0.172652 	0.539837 	0.0115764 	-1.33621 	-0.0159475 	
2.13	0.329851 	-0.172661 	0.539832 	0.00998968 	-1.3351 	-0.0137617 	
2.135	0.32989 	-0.172658 	0.539838 	0.00998968 	-1.3351 	-0.0137617 	
2.14	0.32993 	-0.172654 	0.539844 	0.00998968 	-1.3351 	-0.0137617 	
2.145	0.329968 	-0.17265 	0.53985 	0.00998968 	-1.3351 	-0.0137617 	
2.15	0.330006 	-0.172647 	0.539856 	0.00998968 	-1.3351 	-0.0137617 	
2.155	0.330044 	-0.172643 	0.539862 	0.00998968 	-1.3351 	-0.0137617 	
2.16	0.330081 	-0.17264 	0.539868 	0.00998968 	-1.3351 	-0.0137617 	
2.165	0.330051 	-0.17265 	0.539861 	0.00830395 	-1.33392 	-0.0114394 	
2.17	0.330087 	-0.172647 	0.539867 	0.00830395 	-1.33392 	-0.0114394 	
2.175	0.330123 	-0.172644 	0.539872 	0.00830395 	-1.33392 	-0.0114394 	
2.18	0.330158 	-0.17264 	0.539878 	0.00830395 	-1.33392 	-0.0114394 	
2.185	0.330193 	-0.172637 	0.539883 	0.00830395 	-1.33392 	-0.0114394 	
2.19	0.330227 	-0.172634 	0.539889 	0.00830395 	-1.33392 	-0.0114394 	
2.195	0.330261 	-0.172631 	0.539894 	0.00830395 	-1.33392 	-0.0114394 	
2.2	0.330232 	-0.172641 	0.539888 	0.00674629 	-1.33283 	-0.00929359 	
2.205	0.330265 	-0.172637 	0.539893 	0.00674629 	-1.33283 	-0.00929359 	
2.21	0.330297 	-0.172634 	0.539898 	0.00674629 	-1.33283 	-0.00929359 	
2.215	0.330329 	-0.172631 	0.539903 	0.00674629 	-1.33283 	-0.00929359 	
2.22	0.33036 	-0.172628 	0.539908 	0.00674629 	-1.33283 	-0.00929359 	
2.225	0.330391 	-0.172625 	0.539912 	0.00674629 	-1.33283 	-0.00929359 	
2.23	0.330421 	-0.172623 	0.539917 	0.00674629 	-1.33283 	-0.00929359 	
2.235	0.33045 	-0.17262 	0.539922 	0.00674629 	-1.33283 	-0.00929359 	
2.24	0.330418 	-0.17263 	0.539915 	0.00517655 	-1.33173 	-0.0071311 	
2.245	0.330446 	-0.172628 	0.539919 	0.00517655 	-1.33173 	-0.0071311 	
2.25	0.330474 	-0.172625 	0.539924 	0.00517655 	-1.33173 	-0.0071311 	
2.255	0.330502 	-0.172622 	0.539928 	0.00517655 	-1.33173 	-0.0071311 	
2.26	0.330529 	-0.17262 	0.539932 	0.00517655 	-1.33173 	-0.0071311 	
2.265	0.330555 	-0.172617 	0.539936 	0.00517655 	-1.33173 	-0.0071311 	
2.27	0.330581 	-0.172615 	0.53994 	0.00517655 	-1.33173 	-0.0071311 	
2.275	0.330607 	-0.172612 	0.539944 	0.00517655 	-1.33173 	-0.0071311 	
2.28	0.330632 	-0.17261 	0.539948 	0.00517655 	-1.33173 	-0.0071311 	
2.285	0.330596 	-0.172621 	0.539941 	0.00365365 	-1.33066 	-0.00503314 	
2.29	0.33062 	-0.172618 	0.539945 	0.00365365 	-1.33066 	-0.00503314 	
2.295	0.330644 	-0.172616 	0.539948 	0.00365365 	-1.33066 	-0.00503314 	
2.3	0.330666 	-0.172614 	0.539952 	0.00365365 	-1.33066 	-0.00503314 	
2.305	0.330689 	-0.172612 	0.539955 	0.00365365 	-1.33066 	-0.00503314 	
2.31	0.330711 	-0.17261 	0.539959 	0.00365365 	-1.33066 	-0.00503314 	
2.315	0.330732 	-0.172608 	0.539962 	0.00365365 	-1.33066 	-0.00503314 	
2.32	0.330753 	-0.172605 	0.539965 	0.00365365 	-1.33066 	-0.00503314 	
2.325	0.330773 	-0.172603 	0.539969 	0.00365365 	-1.33066 	-0.00503314 	
2.33	0.330792 	-0.172602 	0.539972 	0.00365365 	-1.33066 	-0.00503314 	
2.335	0.330812 	-0.1726 	0.539975 	0.00365365 	-1.33066 	-0.00503314 	
2.34	0.33083 	-0.172598 	0.539978 	0.00365365 	-1.33066 	-0.00503314 	
2.345	0.330786 	-0.17261 	0.539969 	0.00205809 	-1.32954 	-0.00283507 	
2.35	0.330803 	-0.172609 	0.539972 	0.00205809 	-1.32954 	-0.00283507 	
2.355	0.33082 	-0.172607 	0.539974 	0.00205809 	-1.32954 	-0.00283507 	
2.36	0.330837 	-0.172605 	0.539977 	0.00205809 	-1.32954 	-0.00283507 	
2.365	0.330853 	-0.172604 	0.539979 	0.00205809 	-1.32954 	-0.00283507 	
2.37	0.330868 	-0.172602 	0.539982 	0.00205809 	-1.32954 	-0.00283507 	
2.375	0.330883 	-0.172601 	0.539984 	0.00205809 	-1.32954 	-0.00283507 	
2.38	0.330897 	-0.172599 	0.539986 	0.00205809 	-1.32954 	-0.00283507 	
2.385	0.330911 	-0.172598 	0.539988 	0.00205809 	-1.32954 	-0.00283507 	
2.39	0.330924 	-0.172597 	0.53999 	0.00205809 	-1.32954 	-0.00283507 	
2.395	0.330937 	-0.172595 	0.539992 	0.00205809 	-1.32954 	-0.00283507 	
2.4	0.330949 	-0.172594 	0.539994 	0.00205809 	-1.32954 	-0.00283507 	
2.405	0.330961 	-0.172593 	0.539996 	0.00205809 	-1.32954 	-0.00283507 	
2.41	0.330972 	-0.172592 	0.539998 	0.00205809 	-1.32954 	-0.00283507 	
2.415	0.330983 	-0.172591 	0.54 	0.00205809 	-1.32954 	-0.00283507 	
2.42	0.330993 	-0.17259 	0.540001 	0.00205809 	-1.32954 	-0.00283507 	
2.425	0.331001 	-0.172589 	0.540002 	0.00205809 	-1.32954 	-0.00283507 	
2.43	0.331011 	-0.172588 	0.540004 	0.00205809 	-1.32954 	-0.00283507 	
2.435	0.331019 	-0.172587 	0.540005 	0.00205809 	-1.32954 	-0.00283507 	
2.44	0.330966 	-0.172601 	0.539995 	0.000512965 	-1.32846 	-0.000706491 	
2.445	0.330973 	-0.1726 	0.539996 	0.000512965 	-1.32846 	-0.000706491 	
2.45	0.33098 	-0.172599 	0.539997 	0.000512965 	-1.32846 	-0.000706491 	
2.455	0.330986 	-0.172599 	0.539998 	0.000512965 	-1.32846 	-0.000706491 	
2.46	0.330992 	-0.172598 	0.539999 	0.000512965 	-1.32846 	-0.000706491 	
2.465	0.330997 	-0.172598 	0.54 	0.000512965 	-1.32846 	-0.000706491 	
2.47	0.331002 	-0.172597 	0.540001 	0.000512965 	-1.32846 	-0.000706491 	
2.475	0.331006 	-0.172597 	0.540002 	0.000512965 	-1.32846 	-0.000706491 	
2.48	0.33101 	-0.172596 	0.540002 	0.000512965 	-1.32846 	-0.000706491 	
2.485	0.331013 	-0.172596 	0.540003 	0.000512965 	-1.32846 	-0.000706491 	
2.49	0.331015 	-0.172596 	0.540003 	0.000512965 	-1.32846 	-0.000706491 	
2.495	0.331017 	-0.172596 	0.540003 	0.000512965 	-1.32846 	-0.000706491 	
2.5	0.331019 	-0.172595 	0.540003 	0.000512965 	-1.32846 	-0.000706491 	
2.505	0.331019 	-0.172595 	0.540003 	0.000512965 	-1.32846 	-0.000706491 	
2.51	0.33102 	-0.172595 	0.540004 	0.000512965 	-1.32846 	-0.000706491 	
2.515	0.331023 	-0.172592 	0.540004 	0.000512965 	-1.32846 	-0.000706491 	
2.52	0.331023 	-0.172592 	0.540004 	0.000512965 	-1.32846 	-0.000706491 	
2.525	0.331024 	-0.172593 	0.540002 	0.000512965 	-1.32846 	-0.000706491 	
2.53	0.331024 	-0.172594 	0.540001 	0.000512965 	-1.32846 	-0.000706491 	
2.535	0.331024 	-0.172596 	0.54 	0.000512965 	-1.32846 	-0.000706491 	
2.54	0.331025 	-0.172597 	0.539998 	0.000512965 	-1.32846 	-0.000706491 	
2.545	0.331025 	-0.172599 	0.539996 	0.000512965 	-1.32846 	-0.000706491 	
2.55	0.331026 	-0.172602 	0.539994 	0.000512965 	-1.32846 	-0.000706491 	
2.555	0.331019 	-0.172612 	0.539991 	0.000512964 	-1.32846 	-0.000706491 	
2.56	0.33102 	-0.172615 	0.539989 	0.000512964 	-1.32846 	-0.000706491 	
2.565	0.33102 	-0.172618 	0.539986 	0.000512964 	-1.32846 	-0.000706491 	
2.57	0.331021 	-0.172622 	0.539982 	0.000512964 	-1.32846 	-0.000706491 	
2.575	0.331008 	-0.172606 	0.539977 	0.00115451 	-1.32825 	-7.13002e-05 	
2.58	0.331009 	-0.17261 	0.539973 	0.00115451 	-1.32825 	-7.13002e-05 	
2.585	0.33101 	-0.172615 	0.539969 	0.00115451 	-1.32825 	-7.13001e-05 	
2.59	0.331011 	-0.17262 	0.539964 	0.00115451 	-1.32825 	-7.13001e-05 	
2.595	0.331012 	-0.172625 	0.539959 	0.00115451 	-1.32825 	-7.13e-05 	
2.6	0.331013 	-0.172631 	0.539954 	0.00115451 	-1.32825 	-7.12999e-05 	
2.605	0.331018 	-0.172606 	0.53995 	0.00246802 	-1.32837 	-6.76268e-06 	
2.61	0.331019 	-0.172613 	0.539944 	0.00246802 	-1.32837 	-6.76261e-06 	
2.615	0.331021 	-0.17262 	0.539937 	0.00246802 	-1.32837 	-6.76252e-06 	
2.62	0.331022 	-0.172626 	0.539931 	0.00246802 	-1.32837 	-6.76245e-06 	
2.625	0.331024 	-0.172634 	0.539924 	0.00246802 	-1.32837 	-6.76235e-06 	
2.63	0.331031 	-0.172608 	0.539919 	0.00399631 	-1.32853 	-1.03313e-07 	
2.635	0.331033 	-0.172615 	0.539912 	0.00399631 	-1.32853 	-1.03214e-07 	
2.64	0.331035 	-0.172624 	0.539904 	0.00399631 	-1.32853 	-1.03108e-07 	
2.645	0.331037 	-0.172632 	0.539896 	0.00399631 	-1.32853 	-1.02993e-07 	
2.65	0.331044 	-0.172607 	0.53989 	0.00549782 	-1.32869 	5.50746e-07 	
2.655	0.331046 	-0.172617 	0.539882 	0.00549782 	-1.32869 	5.50878e-07 	
2.66	0.331048 	-0.172626 	0.539873 	0.00549782 	-1.32869 	5.51018e-07 	
2.665	0.331055 	-0.172607 	0.539866 	0.00679348 	-1.32883 	4.76334e-07 	
2.67	0.331057 	-0.172617 	0.539856 	0.00679348 	-1.32883 	4.76493e-07 	
2.675	0.33106 	-0.172628 	0.539847 	0.00679348 	-1.32883 	4.76661e-07 	
2.68	0.331067 	-0.172607 	0.539839 	0.00818239 	-1.32898 	5.32549e-07 	
2.685	0.33107 	-0.172618 	0.539828 	0.0081824 	-1.32898 	5.32736e-07 	
2.69	0.331072 	-0.17263 	0.539818 	0.0081824 	-1.32898 	5.32933e-07 	
2.695	0.33108 	-0.172607 	0.539809 	0.00969393 	-1.32914 	6.27963e-07 	
2.7	0.331083 	-0.172619 	0.539798 	0.00969393 	-1.32914 	6.2818e-07 	
2.705	0.331086 	-0.172632 	0.539787 	0.00969393 	-1.32914 	6.28407e-07 	
2.71	0.331094 	-0.172608 	0.539777 	0.0113303 	-1.32932 	7.36743e-07 	
2.715	0.331097 	-0.172621 	0.539765 	0.0113303 	-1.32932 	7.36992e-07 	
2.72	0.3311 	-0.172634 	0.539753 	0.0113303 	-1.32932 	7.37251e-07 	
2.725	0.33111 	-0.172608 	0.539743 	0.0130908 	-1.32951 	8.54325e-07 	
2.73	0.331113 	-0.172622 	0.53973 	0.0130908 	-1.32951 	8.54606e-07 	
2.735	0.331121 	-0.172607 	0.539719 	0.0143935 	-1.32965 	5.18453e-07 	
2.74	0.331124 	-0.172621 	0.539705 	0.0143935 	-1.32965 	5.18755e-07 	
2.745	0.331132 	-0.172607 	0.539694 	0.0156991 	-1.32979 	4.88017e-07 	
2.75	0.331135 	-0.172622 	0.53968 	0.0156991 	-1.32979 	4.88342e-07 	
2.755	0.331143 	-0.172607 	0.539667 	0.0170536 	-1.32993 	5.18669e-07 	
2.76	0.331147 	-0.172623 	0.539653 	0.0170536 	-1.32993 	5.19015e-07 	
2.765	0.331156 	-0.172607 	0.53964 	0.0184613 	-1.33008 	5.59713e-07 	
2.77	0.331159 	-0.172623 	0.539625 	0.0184613 	-1.33008 	5.60082e-07 	
2.775	0.331168 	-0.172607 	0.539612 	0.0199225 	-1.33024 	6.03382e-07 	
2.78	0.331172 	-0.172624 	0.539596 	0.0199225 	-1.33024 	6.03773e-07 	
2.785	0.331181 	-0.172607 	0.539582 	0.0214367 	-1.3304 	6.48587e-07 	
2.79	0.331185 	-0.172625 	0.539566 	0.0214367 	-1.3304 	6.49e-07 	
2.795	0.331195 	-0.172607 	0.539552 	0.0230036 	-1.33057 	6.95155e-07 	
2.8	0.331199 	-0.172626 	0.539535 	0.0230036 	-1.33057 	6.95589e-07 	
2.805	0.331209 	-0.172608 	0.539521 	0.0246229 	-1.33074 	7.43029e-07 	
2.81	0.331213 	-0.172626 	0.539503 	0.0246229 	-1.33074 	7.43484e-07 	
2.815	0.331223 	-0.172608 	0.539488 	0.026294 	-1.33092 	7.92166e-07 	
2.82	0.331227 	-0.172627 	0.53947 	0.026294 	-1.33092 	7.92641e-07 	
2.825	0.331238 	-0.172608 	0.539455 	0.0280166 	-1.33111 	8.42521e-07 	
2.83	0.331242 	-0.172628 	0.539436 	0.0280166 	-1.33111 	8.43016e-07 	
2.835	0.331253 	-0.172608 	0.53942 	0.0297903 	-1.3313 	8.94052e-07 	
2.84	0.331258 	-0.172628 	0.539401 	0.0297903 	-1.3313 	8.94565e-07 	
2.845	0.331269 	-0.172608 	0.539385 	0.0316146 	-1.33149 	9.46712e-07 	
2.85	0.331274 	-0.172629 	0.539365 	0.0316146 	-1.33149 	9.47243e-07 	
2.855	0.331285 	-0.172608 	0.539349 	0.0334891 	-1.33169 	1.00046e-06 	
2.86	0.331292 	-0.172628 	0.539329 	0.0334891 	-1.33169 	1.00026e-06 	
2.865	0.331303 	-0.172607 	0.539311 	0.0354133 	-1.3319 	1.05511e-06 	
2.87	0.331308 	-0.172629 	0.539291 	0.0354133 	-1.3319 	1.05567e-06 	
2.875	0.33132 	-0.172607 	0.539273 	0.0373866 	-1.33211 	1.11099e-06 	
2.88	0.331326 	-0.172629 	0.539252 	0.0373866 	-1.33211 	1.11157e-06 	
2.885	0.331337 	-0.172607 	0.539234 	0.0394087 	-1.33233 	1.16771e-06 	
2.89	0.331343 	-0.17263 	0.539212 	0.0394087 	-1.33233 	1.1683e-06 	
2.895	0.331355 	-0.172607 	0.539194 	0.0414791 	-1.33255 	1.22531e-06 	
2.9	0.331361 	-0.172631 	0.539172 	0.0414791 	-1.33255 	1.22591e-06 	
2.905	0.331374 	-0.172607 	0.539153 	0.0435971 	-1.33278 	1.28374e-06 	
2.91	0.33138 	-0.172631 	0.53913 	0.0435971 	-1.33278 	1.28436e-06 	
2.915	0.331392 	-0.172607 	0.539111 	0.0457623 	-1.33301 	1.34296e-06 	
2.92	0.331398 	-0.172632 	0.539088 	0.0457623 	-1.33301 	1.34358e-06 	
2.925	0.331411 	-0.172607 	0.539068 	0.0479742 	-1.33325 	1.40291e-06 	
2.93	0.331418 	-0.172633 	0.539044 	0.0479742 	-1.33325 	1.40354e-06 	
2.935	0.331431 	-0.172608 	0.539024 	0.0502321 	-1.33349 	1.46354e-06 	
2.94	0.331437 	-0.172633 	0.539 	0.0502321 	-1.33349 	1.46418e-06 	
2.945	0.33145 	-0.172608 	0.53898 	0.0525355 	-1.33374 	1.5248e-06 	
2.95	0.331461 	-0.172605 	0.538957 	0.0538208 	-1.33388 	5.97e-07 	
2.955	0.331468 	-0.172631 	0.538932 	0.0538208 	-1.33388 	5.97636e-07 	
2.96	0.331481 	-0.172608 	0.538911 	0.0560866 	-1.33412 	1.3991e-06 	
2.965	0.331492 	-0.172605 	0.538888 	0.057398 	-1.33426 	6.03694e-07 	
2.97	0.331499 	-0.172632 	0.538862 	0.057398 	-1.33426 	6.04329e-07 	
2.975	0.331512 	-0.172608 	0.538841 	0.0597255 	-1.33451 	1.47597e-06 	
2.98	0.331523 	-0.172605 	0.538817 	0.0610724 	-1.33466 	6.3751e-07 	
2.985	0.331531 	-0.172633 	0.538791 	0.0610724 	-1.33466 	6.38137e-07 	
2.99	0.331544 	-0.172608 	0.538768 	0.0634614 	-1.33491 	1.55743e-06 	
2.995	0.331556 	-0.172605 	0.538744 	0.0648432 	-1.33506 	6.72064e-07 	
3	0.331567 	-0.172605 	0.538719 	0.0661327 	-1.3352 	5.20556e-07 	
3.005	0.331578 	-0.172605 	0.538695 	0.0674223 	-1.33534 	5.06089e-07 	
3.01	0.331589 	-0.172605 	0.538669 	0.0687212 	-1.33548 	5.11465e-07 	
3.015	0.3316 	-0.172605 	0.538644 	0.0700302 	-1.33562 	5.19449e-07 	
3.02	0.331611 	-0.172605 	0.538619 	0.0713494 	-1.33576 	5.27763e-07 	
3.025	0.331623 	-0.172605 	0.538593 	0.0726786 	-1.3359 	5.36122e-07 	
3.03	0.331634 	-0.172605 	0.538567 	0.0740178 	-1.33605 	5.4449e-07 	
3.035	0.331646 	-0.172605 	0.538541 	0.0753669 	-1.33619 	5.52861e-07 	
3.04	0.331658 	-0.172605 	0.538515 	0.0767258 	-1.33634 	5.61233e-07 	
3.045	0.331669 	-0.172605 	0.538488 	0.0780945 	-1.33648 	5.69604e-07 	
3.05	0.331681 	-0.172605 	0.538461 	0.0794728 	-1.33663 	5.77972e-07 	
3.055	0.331693 	-0.172605 	0.538435 	0.0808606 	-1.33678 	5.86334e-07 	
3.06	0.331705 	-0.172605 	0.538408 	0.082258 	-1.33693 	5.9469e-07 	
3.065	0.331717 	-0.172605 	0.53838 	0.0836647 	-1.33708 	6.03036e-07 	
3.07	0.331729 	-0.172605 	0.538353 	0.0850807 	-1.33723 	6.11372e-07 	
3.075	0.331742 	-0.172605 	0.538325 	0.0865059 	-1.33739 	6.19695e-07 	
3.08	0.331754 	-0.172605 	0.538298 	0.0879402 	-1.33754 	6.28003e-07 	
3.085	0.331766 	-0.172605 	0.53827 	0.0893836 	-1.33769 	6.36294e-07 	
3.09	0.331779 	-0.172605 	0.538242 	0.0908359 	-1.33785 	6.44566e-07 	
3.095	0.331791 	-0.172605 	0.538214 	0.0922971 	-1.33801 	6.52818e-07 	
3.1	0.331804 	-0.172605 	0.538185 	0.093767 	-1.33817 	6.61047e-07 	
3.105	0.331817 	-0.172605 	0.538157 	0.0952456 	-1.33832 	6.69251e-07 	
3.11	0.33183 	-0.172605 	0.538128 	0.0967328 	-1.33848 	6.77429e-07 	
3.115	0.331842 	-0.172605 	0.538099 	0.0982284 	-1.33864 	6.85579e-07 	
3.12	0.331855 	-0.172606 	0.53807 	0.0997325 	-1.33881 	6.93698e-07 	
3.125	0.331872 	-0.172602 	0.538041 	0.101245 	-1.33897 	6.89973e-07 	
3.13	0.331885 	-0.172602 	0.538011 	0.102765 	-1.33913 	7.0854e-07 	
3.135	0.331898 	-0.172602 	0.537982 	0.104294 	-1.3393 	7.17724e-07 	
3.14	0.331912 	-0.172602 	0.537952 	0.105831 	-1.33946 	7.2582e-07 	
3.145	0.331925 	-0.172602 	0.537922 	0.107375 	-1.33963 	7.3377e-07 	
3.15	0.331938 	-0.172602 	0.537892 	0.108928 	-1.33979 	7.41668e-07 	
3.155	0.331952 	-0.172602 	0.537862 	0.110488 	-1.33996 	7.4952e-07 	
3.16	0.331965 	-0.172602 	0.537832 	0.112056 	-1.34013 	7.57327e-07 	
3.165	0.331979 	-0.172602 	0.537801 	0.113631 	-1.3403 	7.65085e-07 	
3.17	0.331992 	-0.172602 	0.53777 	0.115214 	-1.34047 	7.72795e-07 	
3.175	0.332006 	-0.172602 	0.53774 	0.116804 	-1.34064 	7.80453e-07 	
3.18	0.33202 	-0.172602 	0.537709 	0.118401 	-1.34081 	7.88058e-07 	
3.185	0.332033 	-0.172602 	0.537678 	0.120005 	-1.34098 	7.95608e-07 	
3.19	0.332047 	-0.172602 	0.537647 	0.121617 	-1.34115 	8.03101e-07 	
3.195	0.332061 	-0.172602 	0.537615 	0.123235 	-1.34133 	8.10535e-07 	
3.2	0.332075 	-0.172602 	0.537584 	0.12486 	-1.3415 	8.17909e-07 	
3.205	0.332089 	-0.172602 	0.537552 	0.126492 	-1.34168 	8.25221e-07 	
3.21	0.332103 	-0.172602 	0.537521 	0.128131 	-1.34185 	8.32468e-07 	
3.215	0.332117 	-0.172602 	0.537489 	0.129776 	-1.34203 	8.3965e-07 	
3.22	0.332132 	-0.172602 	0.537457 	0.131428 	-1.34221 	8.46764e-07 	
3.225	0.332146 	-0.172602 	0.537425 	0.133085 	-1.34239 	8.53808e-07 	
3.23	0.33216 	-0.172602 	0.537393 	0.134749 	-1.34256 	8.60781e-07 	
3.235	0.332174 	-0.172602 	0.537361 	0.13642 	-1.34274 	8.67682e-07 	
3.24	0.332189 	-0.172602 	0.537328 	0.138096 	-1.34292 	8.74508e-07 	
3.245	0.332203 	-0.172602 	0.537296 	0.139778 	-1.3431 	8.81257e-07 	
3.25	0.332218 	-0.172602 	0.537263 	0.141466 	-1.34329 	8.87929e-07 	
3.255	0.332232 	-0.172602 	0.53723 	0.143159 	-1.34347 	8.94521e-07 	
3.26	0.332247 	-0.172602 	0.537197 	0.144859 	-1.34365 	9.01031e-07 	
3.265	0.332262 	-0.172602 	0.537164 	0.146563 	-1.34383 	9.07459e-07 	
3.27	0.332276 	-0.172602 	0.537131 	0.148273 	-1.34402 	9.13802e-07 	
3.275	0.332291 	-0.172602 	0.537098 	0.149989 	-1.3442 	9.20059e-07 	
3.28	0.332306 	-0.172602 	0.537065 	0.151709 	-1.34438 	9.26229e-07 	
3.285	0.332321 	-0.172602 	0.537032 	0.153435 	-1.34457 	9.32309e-07 	
3.29	0.332336 	-0.172602 	0.536998 	0.155165 	-1.34476 	9.38298e-07 	
3.295	0.33235 	-0.172602 	0.536965 	0.156901 	-1.34494 	9.44195e-07 	
3.3	0.332365 	-0.172602 	0.536931 	0.158641 	-1.34513 	9.49998e-07 	
3.305	0.33238 	-0.172602 	0.536897 	0.160386 	-1.34532 	9.55705e-07 	
3.31	0.332395 	-0.172602 	0.536863 	0.162135 	-1.3455 	9.61316e-07 	
3.315	0.33241 	-0.172602 	0.53683 	0.163888 	-1.34569 	9.66829e-07 	
3.32	0.332426 	-0.172602 	0.536796 	0.165646 	-1.34588 	9.72241e-07 	
3.325	0.332441 	-0.172602 	0.536762 	0.167408 	-1.34607 	9.77553e-07 	
3.33	0.332456 	-0.172602 	0.536727 	0.169175 	-1.34626 	9.82763e-07 	
3.335	0.332471 	-0.172602 	0.536693 	0.170945 	-1.34645 	9.87868e-07 	
3.34	0.332486 	-0.172602 	0.536659 	0.172719 	-1.34664 	9.92868e-07 	
3.345	0.332502 	-0.172602 	0.536625 	0.174497 	-1.34683 	9.97762e-07 	
3.35	0.332517 	-0.172602 	0.53659 	0.176278 	-1.34702 	1.00255e-06 	
3.355	0.332532 	-0.172602 	0.536556 	0.178063 	-1.34721 	1.00722e-06 	
3.36	0.332548 	-0.172602 	0.536521 	0.179851 	-1.34741 	1.01179e-06 	
3.365	0.332563 	-0.172602 	0.536486 	0.181643 	-1.3476 	1.01625e-06 	
3.37	0.332578 	-0.172602 	0.536452 	0.183438 	-1.34779 	1.02059e-06 	
3.375	0.332594 	-0.172602 	0.536417 	0.185236 	-1.34798 	1.02482e-06 	
3.38	0.332609 	-0.172602 	0.536382 	0.187037 	-1.34818 	1.02893e-06 	
3.385	0.332625 	-0.172602 	0.536347 	0.188841 	-1.34837 	1.03293e-06 	
3.39	0.33264 	-0.172602 	0.536312 	0.190647 	-1.34856 	1.03681e-06 	
3.395	0.332657 	-0.172601 	0.536277 	0.192456 	-1.34876 	1.03491e-06 	
3.4	0.332673 	-0.172601 	0.536242 	0.194268 	-1.34895 	1.04359e-06 	
3.405	0.332689 	-0.172601 	0.536207 	0.196082 	-1.34915 	1.04767e-06 	
3.41	0.332704 	-0.172601 	0.536172 	0.197899 	-1.34934 	1.05113e-06 	
3.415	0.33272 	-0.172601 	0.536137 	0.199717 	-1.34954 	1.05442e-06 	
3.42	0.332735 	-0.172601 	0.536102 	0.201538 	-1.34973 	1.05757e-06 	
3.425	0.332751 	-0.172601 	0.536067 	0.20336 	-1.34993 	1.0606e-06 	
3.43	0.332767 	-0.172601 	0.536031 	0.205185 	-1.35013 	1.06351e-06 	
3.435	0.332782 	-0.172601 	0.535996 	0.207011 	-1.35032 	1.06629e-06 	
3.44	0.332798 	-0.172601 	0.535961 	0.208839 	-1.35052 	1.06894e-06 	
3.445	0.332814 	-0.172601 	0.535926 	0.210668 	-1.35071 	1.07147e-06 	
3.45	0.33283 	-0.172601 	0.53589 	0.212499 	-1.35091 	1.07387e-06 	
3.455	0.332845 	-0.172601 	0.535855 	0.214331 	-1.35111 	1.07614e-06 	
3.46	0.332861 	-0.172601 	0.535819 	0.216164 	-1.3513 	1.07828e-06 	
3.465	0.332877 	-0.172601 	0.535784 	0.217998 	-1.3515 	1.08029e-06 	
3.47	0.332893 	-0.172601 	0.535748 	0.219833 	-1.3517 	1.08217e-06 	
3.475	0.332908 	-0.172601 	0.535713 	0.221669 	-1.35189 	1.08391e-06 	
3.48	0.332924 	-0.172601 	0.535677 	0.223505 	-1.35209 	1.08553e-06 	
3.485	0.33294 	-0.172601 	0.535642 	0.225342 	-1.35229 	1.08701e-06 	
3.49	0.332956 	-0.172601 	0.535606 	0.22718 	-1.35249 	1.08836e-06 	
3.495	0.332972 	-0.172601 	0.535571 	0.229018 	-1.35268 	1.08958e-06 	
3.5	0.332987 	-0.172601 	0.535535 	0.230856 	-1.35288 	1.09066e-06 	
3.505	0.333003 	-0.172601 	0.5355 	0.232695 	-1.35308 	1.0916e-06 	
3.51	0.333019 	-0.172601 	0.535464 	0.234533 	-1.35328 	1.09242e-06 	
3.515	0.333035 	-0.172601 	0.535429 	0.236371 	-1.35347 	1.09309e-06 	
3.52	0.333051 	-0.172601 	0.535393 	0.238209 	-1.35367 	1.09364e-06 	
3.525	0.333066 	-0.172601 	0.535358 	0.240047 	-1.35387 	1.09404e-06 	
3.53	0.333082 	-0.172601 	0.535322 	0.241884 	-1.35406 	1.09431e-06 	
3.535	0.333098 	-0.172601 	0.535287 	0.243721 	-1.35426 	1.09445e-06 	
3.54	0.333114 	-0.172601 	0.535251 	0.245557 	-1.35446 	1.09444e-06 	
3.545	0.333129 	-0.172601 	0.535216 	0.247392 	-1.35466 	1.09431e-06 	
3.55	0.333145 	-0.172601 	0.53518 	0.249227 	-1.35485 	1.09403e-06 	
3.555	0.333161 	-0.172601 	0.535145 	0.25106 	-1.35505 	1.09362e-06 	
3.56	0.333177 	-0.172601 	0.53511 	0.252892 	-1.35525 	1.09307e-06 	
3.565	0.333192 	-0.172601 	0.535074 	0.254723 	-1.35544 	1.09238e-06 	
3.57	0.333208 	-0.172601 	0.535039 	0.256553 	-1.35564 	1.09156e-06 	
3.575	0.333224 	-0.172601 	0.535004 	0.258381 	-1.35584 	1.0906e-06 	
3.58	0.33324 	-0.172601 	0.534968 	0.260207 	-1.35603 	1.08951e-06 	
3.585	0.333255 	-0.172601 	0.534933 	0.262032 	-1.35623 	1.08827e-06 	
3.59	0.333271 	-0.172601 	0.534898 	0.263855 	-1.35642 	1.0869e-06 	
3.595	0.333286 	-0.172601 	0.534863 	0.265676 	-1.35662 	1.0854e-06 	
3.6	0.333302 	-0.172601 	0.534827 	0.267495 	-1.35681 	1.08376e-06 	
3.605	0.333318 	-0.172601 	0.534792 	0.269312 	-1.35701 	1.08198e-06 	
3.61	0.333333 	-0.172601 	0.534757 	0.271127 	-1.3572 	1.08007e-06 	
3.615	0.333349 	-0.172601 	0.534722 	0.272939 	-1.3574 	1.07803e-06 	
3.62	0.333364 	-0.172601 	0.534687 	0.274749 	-1.35759 	1.07585e-06 	
3.625	0.33338 	-0.172601 	0.534652 	0.276556 	-1.35779 	1.07353e-06 	
3.63	0.33339 	-0.172606 	0.534618 	0.27836 	-1.35798 	1.09344e-06 	
3.635	0.333405 	-0.172606 	0.534583 	0.280162 	-1.35817 	1.07095e-06 	
3.64	0.333421 	-0.172606 	0.534548 	0.28196 	-1.35837 	1.06603e-06 	
3.645	0.333436 	-0.172606 	0.534513 	0.283756 	-1.35856 	1.06296e-06 	
3.65	0.333452 	-0.172606 	0.534479 	0.285548 	-1.35875 	1.05996e-06 	
3.655	0.333467 	-0.172606 	0.534444 	0.287338 	-1.35894 	1.05685e-06 	
3.66	0.333482 	-0.172606 	0.53441 	0.289123 	-1.35914 	1.05361e-06 	
3.665	0.333498 	-0.172606 	0.534375 	0.290906 	-1.35933 	1.05024e-06 	
3.67	0.333513 	-0.172606 	0.534341 	0.292684 	-1.35952 	1.04674e-06 	
3.675	0.333528 	-0.172606 	0.534307 	0.294459 	-1.35971 	1.04311e-06 	
3.68	0.333543 	-0.172606 	0.534272 	0.29623 	-1.3599 	1.03936e-06 	
3.685	0.333559 	-0.172606 	0.534238 	0.297997 	-1.36009 	1.03548e-06 	
3.69	0.333574 	-0.172606 	0.534204 	0.29976 	-1.36028 	1.03147e-06 	
3.695	0.333589 	-0.172606 	0.53417 	0.301519 	-1.36047 	1.02734e-06 	
3.7	0.333604 	-0.172606 	0.534136 	0.303274 	-1.36065 	1.02309e-06 	
3.705	0.333619 	-0.172606 	0.534103 	0.305024 	-1.36084 	1.01871e-06 	
3.71	0.333634 	-0.172606 	0.534069 	0.30677 	-1.36103 	1.01421e-06 	
3.715	0.333649 	-0.172606 	0.534035 	0.308511 	-1.36122 	1.00959e-06 	
3.72	0.333664 	-0.172606 	0.534002 	0.310247 	-1.3614 	1.00485e-06 	
3.725	0.333679 	-0.172606 	0.533968 	0.311979 	-1.36159 	9.99989e-07 	
3.73	0.333693 	-0.172606 	0.533935 	0.313706 	-1.36177 	9.95012e-07 	
3.735	0.333708 	-0.172606 	0.533902 	0.315427 	-1.36196 	9.89919e-07 	
3.74	0.333723 	-0.172606 	0.533868 	0.317144 	-1.36214 	9.8471e-07 	
3.745	0.333738 	-0.172606 	0.533835 	0.318855 	-1.36233 	9.79388e-07 	
3.75	0.333752 	-0.172606 	0.533802 	0.320561 	-1.36251 	9.73952e-07 	
3.755	0.333767 	-0.172606 	0.53377 	0.322261 	-1.36269 	9.68406e-07 	
3.76	0.333781 	-0.172606 	0.533737 	0.323956 	-1.36287 	9.62748e-07 	
3.765	0.333796 	-0.172606 	0.533704 	0.325646 	-1.36306 	9.56982e-07 	
3.77	0.33381 	-0.172606 	0.533672 	0.327329 	-1.36324 	9.51109e-07 	
3.775	0.333825 	-0.172606 	0.533639 	0.329006 	-1.36342 	9.45129e-07 	
3.78	0.333839 	-0.172606 	0.533607 	0.330678 	-1.3636 	9.39045e-07 	
3.785	0.333853 	-0.172606 	0.533575 	0.332343 	-1.36377 	9.32858e-07 	
3.79	0.333868 	-0.172606 	0.533543 	0.334003 	-1.36395 	9.26569e-07 	
3.795	0.333882 	-0.172606 	0.533511 	0.335656 	-1.36413 	9.20179e-07 	
3.8	0.333896 	-0.172606 	0.533479 	0.337302 	-1.36431 	9.13692e-07 	
3.805	0.33391 	-0.172606 	0.533447 	0.338942 	-1.36448 	9.07107e-07 	
3.81	0.333924 	-0.172606 	0.533416 	0.340576 	-1.36466 	9.00427e-07 	
3.815	0.333938 	-0.172606 	0.533384 	0.342202 	-1.36483 	8.93653e-07 	
3.82	0.333952 	-0.172606 	0.533353 	0.343822 	-1.36501 	8.86787e-07 	
3.825	0.333966 	-0.172606 	0.533322 	0.345435 	-1.36518 	8.7983e-07 	
3.83	0.33398 	-0.172606 	0.533291 	0.347041 	-1.36535 	8.72785e-07 	
3.835	0.333993 	-0.172606 	0.53326 	0.34864 	-1.36552 	8.65653e-07 	
3.84	0.334012 	-0.172601 	0.533229 	0.350232 	-1.36569 	8.40065e-07 	
3.845	0.334026 	-0.172601 	0.533199 	0.351816 	-1.36586 	8.4912e-07 	
3.85	0.334039 	-0.172601 	0.533168 	0.353393 	-1.36603 	8.43554e-07 	
3.855	0.334053 	-0.172601 	0.533138 	0.354963 	-1.3662 	8.36276e-07 	
3.86	0.334066 	-0.172601 	0.533108 	0.356525 	-1.36637 	8.28755e-07 	
3.865	0.33408 	-0.172601 	0.533078 	0.358079 	-1.36654 	8.21142e-07 	
3.87	0.334093 	-0.172601 	0.533048 	0.359625 	-1.3667 	8.13453e-07 	
3.875	0.334106 	-0.172601 	0.533018 	0.361164 	-1.36687 	8.05692e-07 	
3.88	0.334119 	-0.172601 	0.532989 	0.362694 	-1.36703 	7.9786e-07 	
3.885	0.334132 	-0.1726 	0.532959 	0.364216 	-1.3672 	7.89961e-07 	
3.89	0.334145 	-0.1726 	0.53293 	0.365731 	-1.36736 	7.81996e-07 	
3.895	0.334158 	-0.1726 	0.532901 	0.367237 	-1.36752 	7.73967e-07 	
3.9	0.334171 	-0.1726 	0.532872 	0.368734 	-1.36768 	7.65875e-07 	
3.905	0.334184 	-0.1726 	0.532843 	0.370223 	-1.36784 	7.57724e-07 	
3.91	0.334196 	-0.1726 	0.532815 	0.371704 	-1.368 	7.49516e-07 	
3.915	0.334209 	-0.1726 	0.532786 	0.373176 	-1.36816 	7.41251e-07 	
3.92	0.334222 	-0.1726 	0.532758 	0.374639 	-1.36831 	7.32933e-07 	
3.925	0.334234 	-0.1726 	0.53273 	0.376093 	-1.36847 	7.24564e-07 	
3.93	0.334247 	-0.1726 	0.532702 	0.377538 	-1.36863 	7.16145e-07 	
3.935	0.334259 	-0.1726 	0.532674 	0.378975 	-1.36878 	7.0768e-07 	
3.94	0.334271 	-0.1726 	0.532647 	0.380402 	-1.36893 	6.99169e-07 	
3.945	0.334283 	-0.1726 	0.532619 	0.38182 	-1.36909 	6.90616e-07 	
3.95	0.334295 	-0.1726 	0.532592 	0.383229 	-1.36924 	6.82023e-07 	
3.955	0.334307 	-0.1726 	0.532565 	0.384628 	-1.36939 	6.73392e-07 	
3.96	0.334319 	-0.1726 	0.532538 	0.386018 	-1.36954 	6.64724e-07 	
3.965	0.334331 	-0.1726 	0.532512 	0.387399 	-1.36968 	6.56023e-07 	
3.97	0.334343 	-0.1726 	0.532485 	0.38877 	-1.36983 	6.47291e-07 	
3.975	0.334351 	-0.172604 	0.532459 	0.390131 	-1.36998 	6.50306e-07 	
3.98	0.334362 	-0.172604 	0.532433 	0.391482 	-1.37012 	6.31034e-07 	
3.985	0.334374 	-0.172604 	0.532407 	0.392823 	-1.37027 	6.21058e-07 	
3.99	0.334385 	-0.172604 	0.532381 	0.394155 	-1.37041 	6.12106e-07 	
3.995	0.334397 	-0.172604 	0.532356 	0.395476 	-1.37055 	6.03241e-07 	
4	0.334408 	-0.172604 	0.53233 	0.396788 	-1.37069 	5.94368e-07 	
4.005	0.334419 	-0.172604 	0.532305 	0.398089 	-1.37083 	5.85481e-07 	
4.01	0.33443 	-0.172604 	0.53228 	0.399379 	-1.37097 	5.76582e-07 	
4.015	0.334441 	-0.172604 	0.532256 	0.40066 	-1.37111 	5.67673e-07 	
4.02	0.334452 	-0.172604 	0.532231 	0.40193 	-1.37124 	5.58756e-07 	
4.025	0.334469 	-0.172629 	0.532203 	0.40193 	-1.37124 	5.54298e-07 	
4.03	0.334474 	-0.172606 	0.532182 	0.404311 	-1.3715 	1.78195e-06 	
4.035	0.334484 	-0.172604 	0.532159 	0.405663 	-1.37164 	7.453e-07 	
4.04	0.334501 	-0.172628 	0.532131 	0.405663 	-1.37164 	7.41002e-07 	
4.045	0.334506 	-0.172606 	0.532111 	0.407995 	-1.3719 	1.73184e-06 	
4.05	0.334516 	-0.172604 	0.532088 	0.409313 	-1.37204 	7.12715e-07 	
4.055	0.334532 	-0.172627 	0.532062 	0.409313 	-1.37204 	7.08585e-07 	
4.06	0.334537 	-0.172606 	0.532042 	0.411582 	-1.37228 	1.64348e-06 	
4.065	0.334544 	-0.172605 	0.53202 	0.412864 	-1.37242 	6.80072e-07 	
4.07	0.33456 	-0.172628 	0.531994 	0.412864 	-1.37242 	6.76125e-07 	
4.075	0.334565 	-0.172607 	0.531975 	0.415069 	-1.37265 	1.55527e-06 	
4.08	0.33458 	-0.17263 	0.531949 	0.415069 	-1.37265 	1.55143e-06 	
4.085	0.334584 	-0.172607 	0.531931 	0.417326 	-1.3729 	1.71295e-06 	
4.09	0.334599 	-0.172629 	0.531906 	0.417326 	-1.3729 	1.70923e-06 	
4.095	0.334603 	-0.172607 	0.531888 	0.419547 	-1.37314 	1.68051e-06 	
4.1	0.334618 	-0.172629 	0.531864 	0.419547 	-1.37314 	1.67692e-06 	
4.105	0.334622 	-0.172607 	0.531846 	0.421723 	-1.37337 	1.61751e-06 	
4.11	0.334637 	-0.172628 	0.531822 	0.421723 	-1.37337 	1.61404e-06 	
4.115	0.33464 	-0.172607 	0.531805 	0.423852 	-1.3736 	1.55074e-06 	
4.12	0.334654 	-0.172628 	0.531782 	0.423852 	-1.3736 	1.5474e-06 	
4.125	0.334658 	-0.172607 	0.531765 	0.425933 	-1.37382 	1.484e-06 	
4.13	0.334672 	-0.172627 	0.531742 	0.425933 	-1.37382 	1.48079e-06 	
4.135	0.334675 	-0.172607 	0.531726 	0.427966 	-1.37404 	1.41785e-06 	
4.14	0.334689 	-0.172627 	0.531704 	0.427966 	-1.37404 	1.41476e-06 	
4.145	0.334692 	-0.172607 	0.531688 	0.42995 	-1.37425 	1.35241e-06 	
4.15	0.334706 	-0.172626 	0.531666 	0.42995 	-1.37425 	1.34945e-06 	
4.155	0.334708 	-0.172608 	0.531651 	0.431885 	-1.37446 	1.29203e-06 	
4.16	0.334721 	-0.172626 	0.531629 	0.431885 	-1.37446 	1.2892e-06 	
4.165	0.334724 	-0.172608 	0.531614 	0.433771 	-1.37466 	1.22442e-06 	
4.17	0.334737 	-0.172626 	0.531594 	0.433771 	-1.37466 	1.22172e-06 	
4.175	0.33474 	-0.172608 	0.531579 	0.435607 	-1.37486 	1.1612e-06 	
4.18	0.334752 	-0.172625 	0.531559 	0.435607 	-1.37486 	1.15863e-06 	
4.185	0.334755 	-0.172607 	0.531545 	0.437392 	-1.37505 	1.09934e-06 	
4.19	0.334767 	-0.172624 	0.531525 	0.437392 	-1.37505 	1.0969e-06 	
4.195	0.33477 	-0.172607 	0.531511 	0.439126 	-1.37524 	1.0386e-06 	
4.2	0.334782 	-0.172624 	0.531492 	0.439126 	-1.37524 	1.03628e-06 	
4.205	0.334784 	-0.172607 	0.531479 	0.440808 	-1.37542 	9.79005e-07 	
4.21	0.334796 	-0.172623 	0.53146 	0.440808 	-1.37542 	9.76813e-07 	
4.215	0.334798 	-0.172607 	0.531447 	0.442439 	-1.37559 	9.20629e-07 	
4.22	0.334809 	-0.172623 	0.53143 	0.442439 	-1.37559 	9.18563e-07 	
4.225	0.334812 	-0.172607 	0.531417 	0.444018 	-1.37576 	8.63537e-07 	
4.23	0.334822 	-0.172622 	0.5314 	0.444018 	-1.37576 	8.61594e-07 	
4.235	0.334825 	-0.172607 	0.531388 	0.445544 	-1.37593 	8.07792e-07 	
4.24	0.334835 	-0.172621 	0.531371 	0.445544 	-1.37593 	8.05972e-07 	
4.245	0.334837 	-0.172607 	0.531359 	0.447017 	-1.37608 	7.5346e-07 	
4.25	0.334848 	-0.17262 	0.531343 	0.447017 	-1.37608 	7.51327e-07 	
4.255	0.33485 	-0.172606 	0.531332 	0.448437 	-1.37624 	7.00523e-07 	
4.26	0.33486 	-0.172619 	0.531317 	0.448437 	-1.37624 	6.9894e-07 	
4.265	0.334862 	-0.172605 	0.531306 	0.449803 	-1.37638 	6.49268e-07 	
4.27	0.334871 	-0.172618 	0.531291 	0.449803 	-1.37638 	6.478e-07 	
4.275	0.334873 	-0.172605 	0.531281 	0.451115 	-1.37652 	5.99542e-07 	
4.28	0.334882 	-0.172618 	0.531266 	0.451115 	-1.37652 	5.98187e-07 	
4.285	0.334891 	-0.17263 	0.531252 	0.451115 	-1.37652 	5.96887e-07 	
4.29	0.33489 	-0.172606 	0.531245 	0.452917 	-1.37672 	1.06158e-06 	
4.295	0.334898 	-0.172618 	0.531231 	0.452917 	-1.37672 	1.06039e-06 	
4.3	0.334906 	-0.172629 	0.531218 	0.452917 	-1.37672 	1.05925e-06 	
4.305	0.334904 	-0.172606 	0.531211 	0.454657 	-1.3769 	1.04018e-06 	
4.31	0.334912 	-0.172617 	0.531199 	0.454657 	-1.3769 	1.03914e-06 	
4.315	0.33492 	-0.172627 	0.531187 	0.454657 	-1.3769 	1.03816e-06 	
4.32	0.334918 	-0.172606 	0.53118 	0.456279 	-1.37708 	9.16025e-07 	
4.325	0.334925 	-0.172616 	0.531169 	0.456279 	-1.37708 	9.15133e-07 	
4.33	0.334933 	-0.172625 	0.531157 	0.456279 	-1.37708 	9.14289e-07 	
4.335	0.334931 	-0.172606 	0.531151 	0.457776 	-1.37724 	7.84086e-07 	
4.34	0.334942 	-0.17261 	0.531141 	0.457776 	-1.37724 	7.82199e-07 	
4.345	0.334949 	-0.172619 	0.531131 	0.457776 	-1.37724 	7.81476e-07 	
4.35	0.334947 	-0.172601 	0.531125 	0.459147 	-1.37739 	6.59471e-07 	
4.355	0.334953 	-0.172609 	0.531116 	0.459147 	-1.37739 	6.58844e-07 	
4.36	0.334959 	-0.172617 	0.531106 	0.459147 	-1.37739 	6.58258e-07 	
4.365	0.334965 	-0.172624 	0.531097 	0.459147 	-1.37739 	6.5771e-07 	
4.37	0.334961 	-0.172601 	0.531094 	0.460735 	-1.37756 	8.4265e-07 	
4.375	0.334967 	-0.172608 	0.531086 	0.460735 	-1.37756 	8.42177e-07 	
4.38	0.334972 	-0.172615 	0.531078 	0.460735 	-1.37756 	8.41739e-07 	
4.385	0.334977 	-0.172621 	0.53107 	0.460735 	-1.37756 	8.41335e-07 	
4.39	0.334973 	-0.172601 	0.531067 	0.46214 	-1.37771 	6.92488e-07 	
4.395	0.334978 	-0.172607 	0.53106 	0.46214 	-1.37771 	6.92149e-07 	
4.4	0.334981 	-0.172612 	0.531054 	0.46214 	-1.37771 	6.91843e-07 	
4.405	0.334986 	-0.172618 	0.531047 	0.46214 	-1.37771 	6.91507e-07 	
4.41	0.334989 	-0.172622 	0.531042 	0.46214 	-1.37771 	6.91257e-07 	
