0	0.0496059 	0.0206596 	-2.01182 	0.262876 	0.53845 	-0.00808756 	
0.005	0.0496059 	0.0206596 	-2.01182 	0.262876 	0.53845 	-0.00808756 	
0.01	0.0496059 	0.0206554 	-2.01182 	0.262876 	0.53845 	-0.0080873 	
0.015	0.0496059 	0.0206498 	-2.01181 	0.262876 	0.538452 	-0.00808696 	
0.02	0.0496059 	0.0206419 	-2.01181 	0.262876 	0.538453 	-0.00808648 	
0.025	0.049606 	0.0206317 	-2.0118 	0.262877 	0.538455 	-0.00808587 	
0.03	0.049606 	0.0206193 	-2.01179 	0.262877 	0.538458 	-0.00808511 	
0.035	0.0496061 	0.0206045 	-2.01178 	0.262878 	0.538461 	-0.00808421 	
0.04	0.0496062 	0.0205873 	-2.01176 	0.262878 	0.538465 	-0.00808317 	
0.045	0.0496062 	0.0205679 	-2.01175 	0.262879 	0.538469 	-0.00808199 	
0.05	0.0496063 	0.0205461 	-2.01173 	0.262879 	0.538473 	-0.00808067 	
0.055	0.0496064 	0.0205221 	-2.01171 	0.26288 	0.538478 	-0.00807921 	
0.06	0.0496065 	0.0204957 	-2.01169 	0.262881 	0.538483 	-0.00807761 	
0.065	0.0496066 	0.020467 	-2.01167 	0.262882 	0.538489 	-0.00807587 	
0.07	0.0496067 	0.020436 	-2.01165 	0.262883 	0.538496 	-0.00807399 	
0.075	0.0496068 	0.0204027 	-2.01162 	0.262884 	0.538503 	-0.00807198 	
0.08	0.049607 	0.0203671 	-2.01159 	0.262885 	0.53851 	-0.00806982 	
0.085	0.0496071 	0.0203254 	-2.01156 	0.262887 	0.538519 	-0.0080673 	
0.09	0.0496073 	0.0202886 	-2.01153 	0.262888 	0.538526 	-0.00806508 	
0.095	0.0496075 	0.0202422 	-2.01149 	0.262889 	0.538536 	-0.00806227 	
0.1	0.0496076 	0.0201971 	-2.01146 	0.262891 	0.538545 	-0.00805955 	
0.105	0.0496078 	0.0201497 	-2.01142 	0.262892 	0.538555 	-0.0080567 	
0.11	0.049608 	0.0201 	-2.01138 	0.262894 	0.538565 	-0.0080537 	
0.115	0.0496082 	0.0200481 	-2.01134 	0.262896 	0.538576 	-0.00805058 	
0.12	0.0496084 	0.0199939 	-2.0113 	0.262897 	0.538587 	-0.00804731 	
0.125	0.0496087 	0.0199373 	-2.01125 	0.262899 	0.538599 	-0.00804391 	
0.13	0.0496089 	0.0198785 	-2.01121 	0.262901 	0.538611 	-0.00804038 	
0.135	0.0496092 	0.0198174 	-2.01116 	0.262903 	0.538623 	-0.00803672 	
0.14	0.0496094 	0.019754 	-2.01111 	0.262905 	0.538636 	-0.00803292 	
0.145	0.0496097 	0.0196883 	-2.01106 	0.262907 	0.53865 	-0.00802899 	
0.15	0.04961 	0.0196204 	-2.011 	0.26291 	0.538664 	-0.00802492 	
0.155	0.0496103 	0.0195502 	-2.01095 	0.262912 	0.538678 	-0.00802073 	
0.16	0.0496106 	0.0194777 	-2.01089 	0.262914 	0.538693 	-0.0080164 	
0.165	0.0497208 	0.0191734 	-2.01101 	0.263047 	0.540316 	-0.00735451 	
0.17	0.0497212 	0.0190964 	-2.01095 	0.26305 	0.540332 	-0.00734992 	
0.175	0.0497215 	0.0190171 	-2.01089 	0.263052 	0.540348 	-0.0073452 	
0.18	0.0497219 	0.0189355 	-2.01082 	0.263055 	0.540365 	-0.00734035 	
0.185	0.0497222 	0.0188517 	-2.01076 	0.263057 	0.540382 	-0.00733537 	
0.19	0.0497226 	0.0187657 	-2.01069 	0.26306 	0.5404 	-0.00733027 	
0.195	0.049723 	0.0186774 	-2.01062 	0.263063 	0.540418 	-0.00732504 	
0.2	0.0497234 	0.0185868 	-2.01055 	0.263066 	0.540436 	-0.00731968 	
0.205	0.0497239 	0.018494 	-2.01048 	0.263069 	0.540455 	-0.00731421 	
0.21	0.0497243 	0.018399 	-2.0104 	0.263072 	0.540475 	-0.0073086 	
0.215	0.0497248 	0.0183018 	-2.01032 	0.263075 	0.540494 	-0.00730288 	
0.22	0.0497252 	0.0182023 	-2.01024 	0.263078 	0.540515 	-0.00729703 	
0.225	0.0497257 	0.0181006 	-2.01016 	0.263082 	0.540535 	-0.00729106 	
0.23	0.0498413 	0.0177585 	-2.01027 	0.263227 	0.542223 	-0.00660134 	
0.235	0.0498418 	0.0176523 	-2.01018 	0.263231 	0.542244 	-0.00659512 	
0.24	0.0498423 	0.0175439 	-2.0101 	0.263234 	0.542266 	-0.00658878 	
0.245	0.0498429 	0.0174334 	-2.01001 	0.263238 	0.542289 	-0.00658233 	
0.25	0.0498435 	0.0173206 	-2.00992 	0.263241 	0.542312 	-0.00657576 	
0.255	0.049844 	0.0172056 	-2.00983 	0.263245 	0.542335 	-0.00656908 	
0.26	0.0498446 	0.0170885 	-2.00974 	0.263249 	0.542359 	-0.00656228 	
0.265	0.0498453 	0.0169691 	-2.00964 	0.263252 	0.542383 	-0.00655536 	
0.27	0.0498459 	0.0168476 	-2.00955 	0.263256 	0.542407 	-0.00654834 	
0.275	0.0498466 	0.0167239 	-2.00945 	0.26326 	0.542432 	-0.0065412 	
0.28	0.0499624 	0.0163616 	-2.00953 	0.263412 	0.54411 	-0.00585414 	
0.285	0.0499631 	0.0162335 	-2.00943 	0.263416 	0.544135 	-0.00584677 	
0.29	0.0499638 	0.0161033 	-2.00933 	0.26342 	0.544162 	-0.00583929 	
0.295	0.0499646 	0.0159709 	-2.00922 	0.263424 	0.544188 	-0.00583171 	
0.3	0.0499653 	0.0158364 	-2.00911 	0.263429 	0.544215 	-0.00582402 	
0.305	0.0499661 	0.0156997 	-2.00901 	0.263433 	0.544243 	-0.00581623 	
0.31	0.0499669 	0.0155609 	-2.0089 	0.263437 	0.544271 	-0.00580833 	
0.315	0.0499677 	0.01542 	-2.00878 	0.263442 	0.544299 	-0.00580033 	
0.32	0.050078 	0.0150543 	-2.00884 	0.263591 	0.545881 	-0.00515079 	
0.325	0.0500788 	0.0149091 	-2.00873 	0.263596 	0.54591 	-0.00514258 	
0.33	0.0500797 	0.0147618 	-2.00861 	0.263601 	0.54594 	-0.00513426 	
0.335	0.0500806 	0.0146123 	-2.00849 	0.263605 	0.545969 	-0.00512585 	
0.34	0.0500815 	0.0144608 	-2.00837 	0.26361 	0.546 	-0.00511734 	
0.345	0.0500825 	0.0143072 	-2.00825 	0.263615 	0.54603 	-0.00510874 	
0.35	0.0500835 	0.0141515 	-2.00812 	0.26362 	0.546061 	-0.00510005 	
0.355	0.0500845 	0.0139937 	-2.008 	0.263625 	0.546092 	-0.00509126 	
0.36	0.0502076 	0.0135873 	-2.00806 	0.263797 	0.547842 	-0.00437083 	
0.365	0.0502087 	0.0134253 	-2.00793 	0.263802 	0.547874 	-0.00436184 	
0.37	0.0502098 	0.0132613 	-2.0078 	0.263807 	0.547907 	-0.00435277 	
0.375	0.0502109 	0.0130952 	-2.00767 	0.263813 	0.54794 	-0.00434361 	
0.38	0.050212 	0.0129271 	-2.00753 	0.263818 	0.547973 	-0.00433436 	
0.385	0.0502132 	0.012757 	-2.0074 	0.263823 	0.548006 	-0.00432503 	
0.39	0.0502143 	0.0125848 	-2.00726 	0.263829 	0.54804 	-0.00431561 	
0.395	0.0503361 	0.0121693 	-2.0073 	0.264004 	0.549754 	-0.00360839 	
0.4	0.0503374 	0.011993 	-2.00716 	0.26401 	0.549788 	-0.00359879 	
0.405	0.0503386 	0.0118148 	-2.00702 	0.264015 	0.549823 	-0.00358911 	
0.41	0.0503399 	0.0116345 	-2.00688 	0.264021 	0.549859 	-0.00357936 	
0.415	0.0503413 	0.0114522 	-2.00673 	0.264027 	0.549894 	-0.00356953 	
0.42	0.0503426 	0.011268 	-2.00658 	0.264032 	0.54993 	-0.00355963 	
0.425	0.0504572 	0.0108571 	-2.0066 	0.264203 	0.551528 	-0.00289874 	
0.43	0.0504586 	0.0106689 	-2.00645 	0.264209 	0.551565 	-0.00288867 	
0.435	0.0504601 	0.0104787 	-2.0063 	0.264215 	0.551601 	-0.00287854 	
0.44	0.0504615 	0.0102865 	-2.00615 	0.264221 	0.551639 	-0.00286833 	
0.445	0.0504631 	0.0100924 	-2.00599 	0.264227 	0.551676 	-0.00285806 	
0.45	0.0504646 	0.00989639 	-2.00583 	0.264233 	0.551714 	-0.00284772 	
0.455	0.0505863 	0.00946201 	-2.00585 	0.264418 	0.553394 	-0.00215099 	
0.46	0.0505879 	0.00926207 	-2.00569 	0.264425 	0.553432 	-0.00214051 	
0.465	0.0505895 	0.00906024 	-2.00553 	0.264431 	0.553471 	-0.00212996 	
0.47	0.0505912 	0.00885651 	-2.00537 	0.264437 	0.55351 	-0.00211935 	
0.475	0.0505929 	0.00865087 	-2.0052 	0.264443 	0.55355 	-0.00210869 	
0.48	0.0505947 	0.00844333 	-2.00503 	0.26445 	0.55359 	-0.00209797 	
0.485	0.050725 	0.00798317 	-2.00505 	0.264654 	0.555368 	-0.00135767 	
0.49	0.0507268 	0.00777184 	-2.00488 	0.26466 	0.555409 	-0.00134681 	
0.495	0.0507286 	0.00755867 	-2.00471 	0.264667 	0.555449 	-0.00133591 	
0.5	0.0507305 	0.00734365 	-2.00454 	0.264673 	0.55549 	-0.00132495 	
0.505	0.0507325 	0.00712678 	-2.00436 	0.26468 	0.555532 	-0.00131395 	
0.51	0.0508503 	0.00668389 	-2.00435 	0.264869 	0.557126 	-0.000649181 	
0.515	0.0508523 	0.00646331 	-2.00417 	0.264876 	0.557167 	-0.000638063 	
0.52	0.0508544 	0.00624094 	-2.00399 	0.264883 	0.557209 	-0.000626902 	
0.525	0.0508564 	0.00601676 	-2.00381 	0.26489 	0.557252 	-0.000615698 	
0.53	0.0508586 	0.00579078 	-2.00363 	0.264896 	0.557294 	-0.000604455 	
0.535	0.0509807 	0.0053327 	-2.00362 	0.265097 	0.55893 	7.97064e-05 	
0.54	0.0509829 	0.00510311 	-2.00343 	0.265104 	0.558973 	9.10497e-05 	
0.545	0.0509851 	0.00487177 	-2.00324 	0.265111 	0.559017 	0.000102429 	
0.55	0.0509874 	0.00463866 	-2.00305 	0.265118 	0.55906 	0.000113841 	
0.555	0.0509898 	0.0044038 	-2.00286 	0.265125 	0.559104 	0.000125286 	
0.56	0.0511179 	0.0039277 	-2.00285 	0.26534 	0.560803 	0.000838035 	
0.565	0.0511203 	0.00368933 	-2.00265 	0.265347 	0.560847 	0.000849564 	
0.57	0.0511228 	0.00344926 	-2.00246 	0.265354 	0.560892 	0.000861122 	
0.575	0.0511253 	0.00320747 	-2.00226 	0.265362 	0.560936 	0.000872704 	
0.58	0.0511279 	0.00296398 	-2.00207 	0.265369 	0.560981 	0.00088431 	
0.585	0.0512622 	0.00246999 	-2.00205 	0.265599 	0.562743 	0.00162617 	
0.59	0.0512649 	0.00222309 	-2.00185 	0.265606 	0.562789 	0.00163785 	
0.595	0.0512676 	0.00197453 	-2.00164 	0.265614 	0.562834 	0.00164954 	
0.6	0.0512703 	0.00172432 	-2.00144 	0.265621 	0.56288 	0.00166125 	
0.605	0.0512731 	0.00147245 	-2.00124 	0.265629 	0.562927 	0.00167298 	
0.61	0.0514137 	0.000961026 	-2.00121 	0.265875 	0.56475 	0.00244358 	
0.615	0.0514166 	0.000705842 	-2.00101 	0.265882 	0.564797 	0.00245536 	
0.62	0.0514195 	0.00044907 	-2.0008 	0.26589 	0.564843 	0.00246716 	
0.625	0.0514225 	0.000190687 	-2.00059 	0.265898 	0.56489 	0.00247896 	
0.63	0.0514255 	-6.92969e-05 	-2.00038 	0.265905 	0.564937 	0.00249077 	
0.635	0.0515724 	-0.000597662 	-2.00035 	0.266168 	0.566821 	0.00328963 	
0.64	0.0515755 	-0.000860856 	-2.00014 	0.266175 	0.566868 	0.00330148 	
0.645	0.0515787 	-0.00112558 	-1.99992 	0.266183 	0.566916 	0.00331333 	
0.65	0.0515819 	-0.00139187 	-1.9997 	0.266191 	0.566964 	0.00332518 	
0.655	0.0517076 	-0.00188475 	-1.99964 	0.26642 	0.568559 	0.00400278 	
0.66	0.0517109 	-0.00215414 	-1.99942 	0.266428 	0.568607 	0.00401465 	
0.665	0.0517143 	-0.00242504 	-1.9992 	0.266436 	0.568655 	0.00402652 	
0.67	0.0517177 	-0.00269744 	-1.99898 	0.266444 	0.568704 	0.00403839 	
0.675	0.0518449 	-0.00319707 	-1.99891 	0.26668 	0.570302 	0.00471941 	
0.68	0.0518484 	-0.0034725 	-1.99869 	0.266688 	0.570351 	0.00473128 	
0.685	0.051852 	-0.00374937 	-1.99846 	0.266696 	0.5704 	0.00474314 	
0.69	0.0518556 	-0.00402772 	-1.99823 	0.266704 	0.570449 	0.00475499 	
0.695	0.0519866 	-0.00453802 	-1.99816 	0.266951 	0.572079 	0.00545179 	
0.7	0.0519904 	-0.00481929 	-1.99793 	0.266959 	0.572129 	0.00546363 	
0.705	0.0519942 	-0.00510197 	-1.9977 	0.266967 	0.572178 	0.00547546 	
0.71	0.051998 	-0.00538607 	-1.99746 	0.266975 	0.572228 	0.00548727 	
0.715	0.0521331 	-0.00590714 	-1.99739 	0.267233 	0.573892 	0.00620082 	
0.72	0.052137 	-0.00619408 	-1.99716 	0.267241 	0.573941 	0.00621261 	
0.725	0.0521411 	-0.00648237 	-1.99692 	0.267249 	0.573991 	0.00622438 	
0.73	0.0521452 	-0.00677204 	-1.99668 	0.267258 	0.574041 	0.00623613 	
0.735	0.0522843 	-0.00730359 	-1.9966 	0.267528 	0.575738 	0.00696625 	
0.74	0.0522885 	-0.00759599 	-1.99636 	0.267536 	0.575788 	0.00697797 	
0.745	0.0522927 	-0.00788971 	-1.99612 	0.267545 	0.575838 	0.00698965 	
0.75	0.052297 	-0.00818475 	-1.99588 	0.267553 	0.575889 	0.00700131 	
0.755	0.0524403 	-0.00872644 	-1.9958 	0.267836 	0.577617 	0.00774771 	
0.76	0.0524447 	-0.00902412 	-1.99555 	0.267844 	0.577667 	0.00775932 	
0.765	0.0524492 	-0.00932306 	-1.9953 	0.267852 	0.577718 	0.0077709 	
0.77	0.0524537 	-0.00962328 	-1.99506 	0.26786 	0.577769 	0.00778243 	
0.775	0.052601 	-0.0101748 	-1.99498 	0.268156 	0.579527 	0.00854479 	
0.78	0.0526056 	-0.0104775 	-1.99472 	0.268164 	0.579578 	0.00855627 	
0.785	0.0526104 	-0.0107815 	-1.99447 	0.268172 	0.579629 	0.00856772 	
0.79	0.0526151 	-0.0110867 	-1.99422 	0.26818 	0.57968 	0.00857911 	
0.795	0.0527665 	-0.0116476 	-1.99413 	0.268489 	0.581467 	0.00935708 	
0.8	0.0527714 	-0.0119553 	-1.99388 	0.268497 	0.581518 	0.00936842 	
0.805	0.0527764 	-0.0122641 	-1.99362 	0.268505 	0.58157 	0.0093797 	
0.81	0.0527814 	-0.012574 	-1.99336 	0.268513 	0.581621 	0.00939093 	
0.815	0.0529368 	-0.013144 	-1.99328 	0.268835 	0.583436 	0.0101842 	
0.82	0.0529419 	-0.0134563 	-1.99302 	0.268843 	0.583487 	0.0101953 	
0.825	0.0529471 	-0.0137698 	-1.99276 	0.268851 	0.583539 	0.0102064 	
0.83	0.0529524 	-0.0140843 	-1.99249 	0.268859 	0.58359 	0.0102175 	
0.835	0.0531118 	-0.014663 	-1.9924 	0.269194 	0.585432 	0.0110256 	
0.84	0.0531172 	-0.0149798 	-1.99214 	0.269202 	0.585483 	0.0110366 	
0.845	0.0531227 	-0.0152976 	-1.99187 	0.26921 	0.585535 	0.0110475 	
0.85	0.0531282 	-0.0156165 	-1.99161 	0.269219 	0.585586 	0.0110583 	
0.855	0.0532916 	-0.0162035 	-1.99151 	0.269566 	0.587454 	0.011881 	
0.86	0.0532973 	-0.0165246 	-1.99124 	0.269574 	0.587505 	0.0118918 	
0.865	0.053303 	-0.0168467 	-1.99097 	0.269583 	0.587557 	0.0119024 	
0.87	0.0533087 	-0.0171697 	-1.9907 	0.269591 	0.587608 	0.011913 	
0.875	0.0534762 	-0.0177647 	-1.99061 	0.269952 	0.589499 	0.0127499 	
0.88	0.053482 	-0.0180898 	-1.99033 	0.26996 	0.589551 	0.0127604 	
0.885	0.053488 	-0.0184158 	-1.99006 	0.269968 	0.589602 	0.0127709 	
0.89	0.053494 	-0.0187428 	-1.98978 	0.269977 	0.589654 	0.0127812 	
0.895	0.0536654 	-0.0193453 	-1.98969 	0.270351 	0.591568 	0.0136319 	
0.9	0.0536715 	-0.0196743 	-1.98941 	0.270359 	0.591619 	0.0136421 	
0.905	0.0536778 	-0.0200041 	-1.98913 	0.270368 	0.591671 	0.0136523 	
0.91	0.0536841 	-0.0203348 	-1.98885 	0.270376 	0.591722 	0.0136623 	
0.915	0.0538593 	-0.0209445 	-1.98875 	0.270764 	0.593657 	0.0145264 	
0.92	0.0538657 	-0.021277 	-1.98847 	0.270772 	0.593709 	0.0145364 	
0.925	0.0538722 	-0.0216104 	-1.98819 	0.270781 	0.59376 	0.0145462 	
0.93	0.0538788 	-0.0219447 	-1.9879 	0.270789 	0.593811 	0.014556 	
0.935	0.0540579 	-0.0225611 	-1.9878 	0.271191 	0.595767 	0.0154331 	
0.94	0.0540646 	-0.022897 	-1.98751 	0.271199 	0.595818 	0.0154427 	
0.945	0.0540713 	-0.0232338 	-1.98723 	0.271207 	0.595869 	0.0154522 	
0.95	0.0540781 	-0.0235713 	-1.98694 	0.271215 	0.59592 	0.0154617 	
0.955	0.0542611 	-0.0241941 	-1.98683 	0.271631 	0.597894 	0.0163513 	
0.96	0.054268 	-0.0245332 	-1.98655 	0.271639 	0.597945 	0.0163607 	
0.965	0.054275 	-0.0248731 	-1.98626 	0.271647 	0.597996 	0.0163699 	
0.97	0.054421 	-0.025436 	-1.98611 	0.271981 	0.599549 	0.0170699 	
0.975	0.0544281 	-0.0257774 	-1.98582 	0.271989 	0.5996 	0.0170789 	
0.98	0.0544353 	-0.0261195 	-1.98552 	0.271997 	0.599651 	0.0170879 	
0.985	0.0544426 	-0.0264623 	-1.98523 	0.272006 	0.599701 	0.0170967 	
0.99	0.0546281 	-0.0270887 	-1.98511 	0.272436 	0.601661 	0.0179872 	
0.995	0.0546354 	-0.0274329 	-1.98482 	0.272444 	0.601712 	0.0179959 	
1	0.0546429 	-0.0277777 	-1.98453 	0.272452 	0.601762 	0.0180045 	
1.005	0.0547936 	-0.0283485 	-1.98437 	0.272804 	0.603332 	0.018718 	
1.01	0.0548011 	-0.0286946 	-1.98407 	0.272812 	0.603382 	0.0187264 	
1.015	0.0548088 	-0.0290414 	-1.98378 	0.27282 	0.603432 	0.0187348 	
1.02	0.0548165 	-0.0293887 	-1.98348 	0.272828 	0.603482 	0.018743 	
1.025	0.0550082 	-0.0300238 	-1.98335 	0.273282 	0.605467 	0.0196523 	
1.03	0.055016 	-0.0303723 	-1.98306 	0.27329 	0.605516 	0.0196603 	
1.035	0.0550239 	-0.0307214 	-1.98276 	0.273298 	0.605566 	0.0196683 	
1.04	0.0551796 	-0.0312995 	-1.98259 	0.273668 	0.607153 	0.0203963 	
1.045	0.0551876 	-0.0316496 	-1.98229 	0.273676 	0.607203 	0.020404 	
1.05	0.0551957 	-0.0320003 	-1.98199 	0.273684 	0.607252 	0.0204116 	
1.055	0.0553495 	-0.0325752 	-1.98182 	0.274052 	0.608806 	0.0211263 	
1.06	0.0553577 	-0.0329269 	-1.98152 	0.27406 	0.608855 	0.0211337 	
1.065	0.055366 	-0.033279 	-1.98122 	0.274068 	0.608904 	0.021141 	
1.07	0.0555214 	-0.0338558 	-1.98105 	0.274443 	0.610459 	0.0218592 	
1.075	0.0555298 	-0.0342089 	-1.98074 	0.274451 	0.610508 	0.0218663 	
1.08	0.0555383 	-0.0345624 	-1.98044 	0.274458 	0.610556 	0.0218733 	
1.085	0.0556956 	-0.0351414 	-1.98026 	0.274841 	0.612116 	0.0225965 	
1.09	0.0557041 	-0.0354958 	-1.97996 	0.274849 	0.612164 	0.0226033 	
1.095	0.0557128 	-0.0358505 	-1.97965 	0.274857 	0.612213 	0.02261 	
1.1	0.055872 	-0.0364316 	-1.97947 	0.275247 	0.613777 	0.0233382 	
1.105	0.0558808 	-0.0367872 	-1.97917 	0.275255 	0.613825 	0.0233447 	
1.11	0.0558896 	-0.037143 	-1.97886 	0.275262 	0.613873 	0.023351 	
1.115	0.0560507 	-0.037726 	-1.97868 	0.27566 	0.615441 	0.024084 	
1.12	0.0560597 	-0.0380825 	-1.97837 	0.275668 	0.615488 	0.0240902 	
1.125	0.0560687 	-0.0384393 	-1.97806 	0.275675 	0.615536 	0.0240962 	
1.13	0.0562316 	-0.0390239 	-1.97788 	0.276081 	0.617108 	0.0248338 	
1.135	0.0562407 	-0.0393813 	-1.97757 	0.276088 	0.617154 	0.0248396 	
1.14	0.0562499 	-0.039739 	-1.97726 	0.276095 	0.617201 	0.0248452 	
1.145	0.0564146 	-0.0403251 	-1.97708 	0.276509 	0.618776 	0.0255872 	
1.15	0.0564239 	-0.0406832 	-1.97676 	0.276516 	0.618822 	0.0255926 	
1.155	0.0564333 	-0.0410416 	-1.97645 	0.276523 	0.618868 	0.025598 	
1.16	0.0565998 	-0.0416289 	-1.97627 	0.276943 	0.620445 	0.026344 	
1.165	0.0566092 	-0.0419877 	-1.97596 	0.27695 	0.620491 	0.0263491 	
1.17	0.0566188 	-0.0423466 	-1.97564 	0.276958 	0.620537 	0.0263541 	
1.175	0.0567869 	-0.0429349 	-1.97546 	0.277385 	0.622115 	0.0271041 	
1.18	0.0567966 	-0.0432942 	-1.97514 	0.277392 	0.62216 	0.0271089 	
1.185	0.0568063 	-0.0436536 	-1.97483 	0.277399 	0.622206 	0.0271135 	
1.19	0.0569761 	-0.0442427 	-1.97464 	0.277834 	0.623785 	0.0278671 	
1.195	0.0569859 	-0.0446023 	-1.97432 	0.277841 	0.62383 	0.0278715 	
1.2	0.0569958 	-0.044962 	-1.97401 	0.277848 	0.623874 	0.0278758 	
1.205	0.0571672 	-0.0455517 	-1.97382 	0.27829 	0.625454 	0.0286329 	
1.21	0.0571772 	-0.0459116 	-1.9735 	0.278297 	0.625498 	0.0286369 	
1.215	0.0571872 	-0.0462715 	-1.97319 	0.278303 	0.625542 	0.0286408 	
1.22	0.0573602 	-0.0468615 	-1.97299 	0.278752 	0.627122 	0.0294011 	
1.225	0.0573703 	-0.0472215 	-1.97268 	0.278759 	0.627165 	0.0294047 	
1.23	0.0573805 	-0.0475814 	-1.97236 	0.278765 	0.627209 	0.0294083 	
1.235	0.0575549 	-0.0481716 	-1.97217 	0.279221 	0.628787 	0.0301715 	
1.24	0.0575652 	-0.0485316 	-1.97185 	0.279228 	0.62883 	0.0301748 	
1.245	0.0575756 	-0.0488915 	-1.97153 	0.279234 	0.628873 	0.0301779 	
1.25	0.0577515 	-0.0494816 	-1.97134 	0.279696 	0.63045 	0.0309438 	
1.255	0.0577619 	-0.0498414 	-1.97102 	0.279703 	0.630493 	0.0309467 	
1.26	0.0577724 	-0.0502011 	-1.9707 	0.279709 	0.630535 	0.0309495 	
1.265	0.0579496 	-0.0507909 	-1.9705 	0.280178 	0.63211 	0.0317179 	
1.27	0.0579602 	-0.0511504 	-1.97019 	0.280184 	0.632152 	0.0317204 	
1.275	0.0579709 	-0.0515098 	-1.96987 	0.28019 	0.632193 	0.0317229 	
1.28	0.0581494 	-0.052099 	-1.96967 	0.280666 	0.633766 	0.0324934 	
1.285	0.0581602 	-0.0524582 	-1.96935 	0.280671 	0.633807 	0.0324956 	
1.29	0.058171 	-0.0528171 	-1.96903 	0.280677 	0.633848 	0.0324976 	
1.295	0.0583507 	-0.0534056 	-1.96883 	0.281159 	0.635417 	0.0332701 	
1.3	0.0583616 	-0.0537642 	-1.96851 	0.281165 	0.635458 	0.0332719 	
1.305	0.0583725 	-0.0541226 	-1.96819 	0.281171 	0.635498 	0.0332736 	
1.31	0.0585535 	-0.0547102 	-1.96799 	0.281658 	0.637064 	0.0340477 	
1.315	0.0585645 	-0.0550681 	-1.96767 	0.281664 	0.637103 	0.0340491 	
1.32	0.0585756 	-0.0554257 	-1.96736 	0.281669 	0.637143 	0.0340504 	
1.325	0.0587577 	-0.0560122 	-1.96715 	0.282163 	0.638704 	0.0348259 	
1.33	0.0587688 	-0.0563693 	-1.96683 	0.282168 	0.638743 	0.034827 	
1.335	0.05878 	-0.0567261 	-1.96652 	0.282174 	0.638782 	0.0348279 	
1.34	0.0589631 	-0.0573112 	-1.96631 	0.282673 	0.640339 	0.0356046 	
1.345	0.0589744 	-0.0576674 	-1.96599 	0.282678 	0.640377 	0.0356053 	
1.35	0.0589857 	-0.0580233 	-1.96567 	0.282684 	0.640415 	0.0356059 	
1.355	0.0591698 	-0.0586068 	-1.96547 	0.283188 	0.641966 	0.0363833 	
1.36	0.0591811 	-0.0589619 	-1.96515 	0.283193 	0.642004 	0.0363837 	
1.365	0.0591926 	-0.0593167 	-1.96483 	0.283198 	0.642041 	0.0363839 	
1.37	0.0593775 	-0.0598984 	-1.96463 	0.283708 	0.643587 	0.0371619 	
1.375	0.059389 	-0.0602524 	-1.96431 	0.283713 	0.643624 	0.0371619 	
1.38	0.0594006 	-0.060606 	-1.96399 	0.283718 	0.64366 	0.0371617 	
1.385	0.0595864 	-0.0611857 	-1.96379 	0.284233 	0.645199 	0.0379401 	
1.39	0.059598 	-0.0615384 	-1.96347 	0.284238 	0.645235 	0.0379397 	
1.395	0.0596096 	-0.0618906 	-1.96315 	0.284243 	0.645271 	0.0379392 	
1.4	0.0597962 	-0.0624681 	-1.96294 	0.284762 	0.646803 	0.0387175 	
1.405	0.0598079 	-0.0628194 	-1.96263 	0.284767 	0.646838 	0.0387168 	
1.41	0.0598196 	-0.0631702 	-1.96231 	0.284771 	0.646873 	0.0387159 	
1.415	0.0600068 	-0.0637452 	-1.9621 	0.285295 	0.648397 	0.039494 	
1.42	0.0600186 	-0.064095 	-1.96179 	0.2853 	0.648432 	0.0394929 	
1.425	0.0600304 	-0.0644442 	-1.96147 	0.285304 	0.648466 	0.0394917 	
1.43	0.0602183 	-0.0650166 	-1.96126 	0.285833 	0.649982 	0.0402692 	
1.435	0.0602301 	-0.0653647 	-1.96095 	0.285837 	0.650016 	0.0402678 	
1.44	0.060242 	-0.0657122 	-1.96063 	0.285841 	0.65005 	0.0402662 	
1.445	0.0604304 	-0.0662817 	-1.96042 	0.286374 	0.651557 	0.0410429 	
1.45	0.0604423 	-0.0666281 	-1.96011 	0.286378 	0.65159 	0.0410411 	
1.455	0.0604543 	-0.0669737 	-1.95979 	0.286382 	0.651623 	0.0410392 	
1.46	0.0606431 	-0.0675402 	-1.95958 	0.286918 	0.653121 	0.0418147 	
1.465	0.0606551 	-0.0678847 	-1.95927 	0.286922 	0.653153 	0.0418126 	
1.47	0.0606671 	-0.0682284 	-1.95896 	0.286926 	0.653186 	0.0418104 	
1.475	0.0608562 	-0.0687917 	-1.95875 	0.287466 	0.654674 	0.0425845 	
1.48	0.0608683 	-0.0691341 	-1.95843 	0.287469 	0.654705 	0.042582 	
1.485	0.0608804 	-0.0694758 	-1.95812 	0.287473 	0.654737 	0.0425795 	
1.49	0.0610698 	-0.0700356 	-1.95791 	0.288016 	0.656215 	0.0433518 	
1.495	0.0610819 	-0.0703759 	-1.9576 	0.28802 	0.656246 	0.043349 	
1.5	0.0610941 	-0.0707154 	-1.95729 	0.288023 	0.656276 	0.0433461 	
1.505	0.0612836 	-0.0712715 	-1.95708 	0.288569 	0.657743 	0.0441165 	
1.51	0.0612958 	-0.0716095 	-1.95677 	0.288572 	0.657774 	0.0441134 	
1.515	0.061308 	-0.0719468 	-1.95646 	0.288576 	0.657804 	0.0441102 	
1.52	0.0613203 	-0.0722832 	-1.95615 	0.288579 	0.657833 	0.0441068 	
1.525	0.061563 	-0.0728991 	-1.95597 	0.289291 	0.659714 	0.0451051 	
1.53	0.0615752 	-0.073234 	-1.95567 	0.289294 	0.659743 	0.0451016 	
1.535	0.0615875 	-0.073568 	-1.95536 	0.289298 	0.659772 	0.0450979 	
1.54	0.0617825 	-0.0741213 	-1.95515 	0.289866 	0.661255 	0.0458859 	
1.545	0.0617948 	-0.0744536 	-1.95485 	0.289869 	0.661284 	0.0458821 	
1.55	0.0618071 	-0.074785 	-1.95454 	0.289872 	0.661312 	0.0458782 	
1.555	0.0618194 	-0.0751156 	-1.95424 	0.289875 	0.66134 	0.0458742 	
1.56	0.0620624 	-0.0757211 	-1.95406 	0.290595 	0.663189 	0.0468662 	
1.565	0.0620747 	-0.0760499 	-1.95375 	0.290598 	0.663216 	0.046862 	
1.57	0.062087 	-0.0763777 	-1.95345 	0.290601 	0.663243 	0.0468577 	
1.575	0.0622817 	-0.0769207 	-1.95324 	0.291173 	0.664696 	0.0476382 	
1.58	0.062294 	-0.0772467 	-1.95294 	0.291176 	0.664723 	0.0476337 	
1.585	0.0623063 	-0.0775717 	-1.95264 	0.291178 	0.664749 	0.0476291 	
1.59	0.0623186 	-0.0778957 	-1.95234 	0.291181 	0.664775 	0.0476244 	
1.595	0.0625607 	-0.0784891 	-1.95216 	0.291905 	0.666585 	0.0486057 	
1.6	0.062573 	-0.0788112 	-1.95186 	0.291908 	0.66661 	0.0486009 	
1.605	0.0625854 	-0.0791323 	-1.95156 	0.29191 	0.666636 	0.0485959 	
1.61	0.0625977 	-0.0794523 	-1.95127 	0.291912 	0.666661 	0.0485909 	
1.615	0.0628439 	-0.0800439 	-1.95109 	0.292653 	0.668483 	0.0495861 	
1.62	0.0628562 	-0.0803619 	-1.95079 	0.292656 	0.668508 	0.0495809 	
1.625	0.0628685 	-0.0806788 	-1.9505 	0.292658 	0.668532 	0.0495756 	
1.63	0.0628809 	-0.0809947 	-1.9502 	0.29266 	0.668557 	0.0495702 	
1.635	0.0631265 	-0.081579 	-1.95003 	0.293403 	0.670357 	0.0505595 	
1.64	0.0631388 	-0.0818927 	-1.94973 	0.293405 	0.670381 	0.050554 	
1.645	0.0631511 	-0.0822053 	-1.94944 	0.293407 	0.670404 	0.0505484 	
1.65	0.0631634 	-0.0825168 	-1.94915 	0.293409 	0.670427 	0.0505427 	
1.655	0.0634077 	-0.0830929 	-1.94897 	0.294152 	0.672201 	0.0515234 	
1.66	0.06342 	-0.0834021 	-1.94869 	0.294154 	0.672224 	0.0515176 	
1.665	0.0634322 	-0.0837102 	-1.9484 	0.294156 	0.672247 	0.0515117 	
1.67	0.0634445 	-0.0840171 	-1.94811 	0.294158 	0.672269 	0.0515057 	
1.675	0.0636874 	-0.0845846 	-1.94793 	0.2949 	0.674015 	0.0524769 	
1.68	0.0636996 	-0.0848892 	-1.94765 	0.294902 	0.674037 	0.0524708 	
1.685	0.0637118 	-0.0851926 	-1.94736 	0.294903 	0.674058 	0.0524646 	
1.69	0.063724 	-0.0854948 	-1.94708 	0.294905 	0.67408 	0.0524583 	
1.695	0.0639651 	-0.0860533 	-1.9469 	0.295645 	0.675797 	0.0534192 	
1.7	0.0639773 	-0.0863531 	-1.94662 	0.295646 	0.675818 	0.0534128 	
1.705	0.0639894 	-0.0866516 	-1.94634 	0.295648 	0.675838 	0.0534064 	
1.71	0.0640015 	-0.0869488 	-1.94606 	0.295649 	0.675859 	0.0533998 	
1.715	0.0642407 	-0.0874981 	-1.94589 	0.296387 	0.677546 	0.0543497 	
1.72	0.0642528 	-0.0877928 	-1.94561 	0.296388 	0.677566 	0.0543431 	
1.725	0.0642648 	-0.0880863 	-1.94534 	0.296389 	0.677586 	0.0543364 	
1.73	0.0642769 	-0.0883784 	-1.94506 	0.29639 	0.677606 	0.0543296 	
1.735	0.0645138 	-0.088918 	-1.94489 	0.297124 	0.679262 	0.0552677 	
1.74	0.0645258 	-0.0892076 	-1.94461 	0.297125 	0.679281 	0.0552608 	
1.745	0.0645378 	-0.0894958 	-1.94434 	0.297126 	0.6793 	0.0552539 	
1.75	0.0645497 	-0.0897827 	-1.94407 	0.297127 	0.679319 	0.0552469 	
1.755	0.0647842 	-0.0903124 	-1.9439 	0.297857 	0.680944 	0.0561724 	
1.76	0.0647961 	-0.0905966 	-1.94363 	0.297858 	0.680962 	0.0561654 	
1.765	0.064808 	-0.0908795 	-1.94336 	0.297858 	0.68098 	0.0561582 	
1.77	0.0648198 	-0.0911609 	-1.9431 	0.297859 	0.680998 	0.056151 	
1.775	0.0650517 	-0.0916803 	-1.94292 	0.298583 	0.68259 	0.0570633 	
1.78	0.0650634 	-0.091959 	-1.94266 	0.298584 	0.682608 	0.057056 	
1.785	0.0650751 	-0.0922363 	-1.9424 	0.298585 	0.682625 	0.0570487 	
1.79	0.0650868 	-0.0925121 	-1.94214 	0.298585 	0.682642 	0.0570413 	
1.795	0.0653158 	-0.093021 	-1.94197 	0.299303 	0.684201 	0.0579396 	
1.8	0.0653274 	-0.093294 	-1.94171 	0.299304 	0.684218 	0.0579321 	
1.805	0.065339 	-0.0935655 	-1.94145 	0.299304 	0.684234 	0.0579247 	
1.81	0.0653505 	-0.0938356 	-1.94119 	0.299305 	0.68425 	0.0579171 	
1.815	0.0655764 	-0.0943336 	-1.94103 	0.300016 	0.685775 	0.0588006 	
1.82	0.0655878 	-0.0946007 	-1.94077 	0.300016 	0.685791 	0.058793 	
1.825	0.0655993 	-0.0948664 	-1.94052 	0.300016 	0.685806 	0.0587854 	
1.83	0.0656107 	-0.0951305 	-1.94027 	0.300016 	0.685822 	0.0587778 	
1.835	0.0658332 	-0.0956174 	-1.9401 	0.300719 	0.687311 	0.0596457 	
1.84	0.0658445 	-0.0958785 	-1.93985 	0.30072 	0.687326 	0.059638 	
1.845	0.0658557 	-0.0961381 	-1.93961 	0.30072 	0.687341 	0.0596303 	
1.85	0.0658669 	-0.0963962 	-1.93936 	0.30072 	0.687356 	0.0596225 	
1.855	0.0660858 	-0.0968716 	-1.9392 	0.301414 	0.68881 	0.0604742 	
1.86	0.066097 	-0.0971266 	-1.93895 	0.301414 	0.688824 	0.0604664 	
1.865	0.066108 	-0.09738 	-1.93871 	0.301414 	0.688838 	0.0604586 	
1.87	0.0661191 	-0.0976318 	-1.93847 	0.301414 	0.688852 	0.0604508 	
1.875	0.0663342 	-0.0980956 	-1.93831 	0.302098 	0.690269 	0.0612855 	
1.88	0.0663451 	-0.0983443 	-1.93807 	0.302098 	0.690283 	0.0612777 	
1.885	0.066356 	-0.0985913 	-1.93784 	0.302098 	0.690296 	0.0612698 	
1.89	0.0663668 	-0.0988368 	-1.9376 	0.302098 	0.690309 	0.0612619 	
1.895	0.0663776 	-0.0990806 	-1.93737 	0.302098 	0.690322 	0.061254 	
1.9	0.0666329 	-0.0995767 	-1.93723 	0.302921 	0.692004 	0.0622532 	
1.905	0.0666436 	-0.0998173 	-1.937 	0.30292 	0.692016 	0.0622453 	
1.91	0.0666542 	-0.100056 	-1.93677 	0.30292 	0.692029 	0.0622374 	
1.915	0.0666648 	-0.100293 	-1.93654 	0.30292 	0.692041 	0.0622294 	
1.92	0.0666753 	-0.100529 	-1.93631 	0.30292 	0.692053 	0.0622215 	
1.925	0.0669286 	-0.101013 	-1.93618 	0.30374 	0.693707 	0.0632114 	
1.93	0.066939 	-0.101245 	-1.93596 	0.30374 	0.693719 	0.0632035 	
1.935	0.0669494 	-0.101476 	-1.93573 	0.303739 	0.69373 	0.0631955 	
1.94	0.0669597 	-0.101705 	-1.93551 	0.303739 	0.693742 	0.0631876 	
1.945	0.0669699 	-0.101932 	-1.9353 	0.303739 	0.693753 	0.0631797 	
1.95	0.0672166 	-0.102399 	-1.93516 	0.304541 	0.69535 	0.0641412 	
1.955	0.0672267 	-0.102622 	-1.93495 	0.30454 	0.695361 	0.0641333 	
1.96	0.0672368 	-0.102844 	-1.93473 	0.30454 	0.695372 	0.0641254 	
1.965	0.0672468 	-0.103065 	-1.93452 	0.304539 	0.695382 	0.0641175 	
1.97	0.0672567 	-0.103283 	-1.93431 	0.304539 	0.695393 	0.0641096 	
1.975	0.0674959 	-0.103732 	-1.93418 	0.30532 	0.696928 	0.0650398 	
1.98	0.0675057 	-0.103947 	-1.93397 	0.305319 	0.696938 	0.0650319 	
1.985	0.0675154 	-0.10416 	-1.93377 	0.305318 	0.696948 	0.0650241 	
1.99	0.0675251 	-0.104372 	-1.93357 	0.305318 	0.696958 	0.0650163 	
1.995	0.0675347 	-0.104582 	-1.93336 	0.305317 	0.696967 	0.0650085 	
2	0.067766 	-0.105012 	-1.93324 	0.306075 	0.69844 	0.0659057 	
2.005	0.0677755 	-0.105218 	-1.93304 	0.306074 	0.69845 	0.0658979 	
2.01	0.0677848 	-0.105423 	-1.93284 	0.306073 	0.698459 	0.0658902 	
2.015	0.0677942 	-0.105625 	-1.93265 	0.306073 	0.698468 	0.0658825 	
2.02	0.0678035 	-0.105826 	-1.93245 	0.306072 	0.698476 	0.0658748 	
2.025	0.0680264 	-0.106238 	-1.93233 	0.306805 	0.699885 	0.0667378 	
2.03	0.0680355 	-0.106435 	-1.93214 	0.306804 	0.699894 	0.0667301 	
2.035	0.0680445 	-0.10663 	-1.93195 	0.306803 	0.699902 	0.0667225 	
2.04	0.0680535 	-0.106823 	-1.93176 	0.306802 	0.69991 	0.066715 	
2.045	0.0680624 	-0.107015 	-1.93158 	0.306802 	0.699919 	0.0667074 	
2.05	0.0680713 	-0.107204 	-1.93139 	0.306801 	0.699927 	0.0666999 	
2.055	0.0683212 	-0.107631 	-1.93129 	0.307631 	0.701502 	0.0676728 	
2.06	0.0683299 	-0.107817 	-1.93111 	0.30763 	0.70151 	0.0676654 	
2.065	0.0683385 	-0.108001 	-1.93093 	0.307629 	0.701518 	0.067658 	
2.07	0.068347 	-0.108183 	-1.93075 	0.307628 	0.701525 	0.0676506 	
2.075	0.0683554 	-0.108363 	-1.93058 	0.307627 	0.701532 	0.0676433 	
2.08	0.0683638 	-0.108541 	-1.93041 	0.307626 	0.70154 	0.0676361 	
2.085	0.0686047 	-0.108946 	-1.93031 	0.308429 	0.703046 	0.0685723 	
2.09	0.0686129 	-0.10912 	-1.93014 	0.308428 	0.703053 	0.0685652 	
2.095	0.068621 	-0.109293 	-1.92997 	0.308427 	0.70306 	0.068558 	
2.1	0.068629 	-0.109464 	-1.92981 	0.308427 	0.703067 	0.0685509 	
2.105	0.068637 	-0.109632 	-1.92964 	0.308426 	0.703073 	0.0685439 	
2.11	0.0686449 	-0.109799 	-1.92948 	0.308425 	0.70308 	0.0685369 	
2.115	0.0688725 	-0.110178 	-1.92939 	0.309186 	0.704492 	0.0694199 	
2.12	0.0688802 	-0.110341 	-1.92923 	0.309185 	0.704498 	0.069413 	
2.125	0.0688878 	-0.110502 	-1.92907 	0.309184 	0.704504 	0.0694061 	
2.13	0.0688954 	-0.110661 	-1.92892 	0.309183 	0.70451 	0.0693994 	
2.135	0.0689028 	-0.110818 	-1.92876 	0.309182 	0.704516 	0.0693927 	
2.14	0.0689102 	-0.110973 	-1.92861 	0.309181 	0.704522 	0.069386 	
2.145	0.0689175 	-0.111126 	-1.92846 	0.30918 	0.704528 	0.0693794 	
2.15	0.0691602 	-0.111504 	-1.92839 	0.309999 	0.706028 	0.0703242 	
2.155	0.0691673 	-0.111653 	-1.92824 	0.309998 	0.706034 	0.0703177 	
2.16	0.0691743 	-0.111801 	-1.9281 	0.309997 	0.706039 	0.0703113 	
2.165	0.0691812 	-0.111946 	-1.92796 	0.309996 	0.706044 	0.070305 	
2.17	0.0691881 	-0.112089 	-1.92782 	0.309995 	0.706049 	0.0702987 	
2.175	0.0691948 	-0.11223 	-1.92768 	0.309994 	0.706054 	0.0702925 	
2.18	0.0692015 	-0.112369 	-1.92754 	0.309993 	0.706059 	0.0702863 	
2.185	0.0694275 	-0.112716 	-1.92747 	0.310758 	0.707446 	0.0711652 	
2.19	0.069434 	-0.112851 	-1.92734 	0.310757 	0.707451 	0.0711592 	
2.195	0.0694404 	-0.112984 	-1.92721 	0.310756 	0.707456 	0.0711532 	
2.2	0.0694467 	-0.113115 	-1.92708 	0.310755 	0.70746 	0.0711474 	
2.205	0.0694529 	-0.113244 	-1.92696 	0.310754 	0.707465 	0.0711416 	
2.21	0.069459 	-0.113371 	-1.92683 	0.310753 	0.707469 	0.0711358 	
2.215	0.069465 	-0.113496 	-1.92671 	0.310752 	0.707473 	0.0711302 	
2.22	0.069471 	-0.113619 	-1.92659 	0.310752 	0.707477 	0.0711246 	
2.225	0.0697 	-0.113952 	-1.92654 	0.311533 	0.708877 	0.0720178 	
2.23	0.0697058 	-0.114071 	-1.92642 	0.311532 	0.708881 	0.0720123 	
2.235	0.0697114 	-0.114187 	-1.92631 	0.311531 	0.708885 	0.072007 	
2.24	0.0697169 	-0.114302 	-1.9262 	0.31153 	0.708889 	0.0720018 	
2.245	0.0697224 	-0.114414 	-1.92609 	0.311529 	0.708893 	0.0719966 	
2.25	0.0697277 	-0.114525 	-1.92598 	0.311528 	0.708896 	0.0719915 	
2.255	0.069733 	-0.114633 	-1.92587 	0.311527 	0.7089 	0.0719865 	
2.26	0.0697382 	-0.114739 	-1.92577 	0.311526 	0.708903 	0.0719816 	
2.265	0.0697432 	-0.114844 	-1.92566 	0.311525 	0.708906 	0.0719767 	
2.27	0.0699672 	-0.115152 	-1.92563 	0.312294 	0.710269 	0.0728519 	
2.275	0.069972 	-0.115252 	-1.92553 	0.312293 	0.710272 	0.0728473 	
2.28	0.0699768 	-0.11535 	-1.92543 	0.312292 	0.710275 	0.0728427 	
2.285	0.0699815 	-0.115446 	-1.92534 	0.312292 	0.710278 	0.0728382 	
2.29	0.069986 	-0.11554 	-1.92525 	0.312291 	0.710281 	0.0728338 	
2.295	0.0699905 	-0.115631 	-1.92516 	0.31229 	0.710284 	0.0728295 	
2.3	0.0699949 	-0.115721 	-1.92507 	0.312289 	0.710287 	0.0728253 	
2.305	0.0699991 	-0.115808 	-1.92498 	0.312288 	0.71029 	0.0728211 	
2.31	0.0700033 	-0.115893 	-1.9249 	0.312288 	0.710292 	0.0728171 	
2.315	0.0700074 	-0.115976 	-1.92482 	0.312287 	0.710295 	0.0728131 	
2.32	0.0700113 	-0.116057 	-1.92474 	0.312286 	0.710297 	0.0728093 	
2.325	0.070233 	-0.11634 	-1.92472 	0.313053 	0.711642 	0.0736792 	
2.33	0.0702367 	-0.116417 	-1.92464 	0.313052 	0.711644 	0.0736755 	
2.335	0.0702404 	-0.116492 	-1.92457 	0.313052 	0.711647 	0.073672 	
2.34	0.0702439 	-0.116564 	-1.9245 	0.313051 	0.711649 	0.0736685 	
2.345	0.0702474 	-0.116635 	-1.92443 	0.31305 	0.711651 	0.0736651 	
2.35	0.0702507 	-0.116703 	-1.92436 	0.31305 	0.711653 	0.0736618 	
2.355	0.070254 	-0.116769 	-1.9243 	0.313049 	0.711655 	0.0736586 	
2.36	0.0702571 	-0.116833 	-1.92424 	0.313049 	0.711657 	0.0736556 	
2.365	0.0702601 	-0.116895 	-1.92418 	0.313048 	0.711658 	0.0736526 	
2.37	0.0702631 	-0.116954 	-1.92412 	0.313047 	0.71166 	0.0736497 	
2.375	0.0702659 	-0.117012 	-1.92406 	0.313047 	0.711662 	0.0736469 	
2.38	0.0702686 	-0.117067 	-1.92401 	0.313046 	0.711663 	0.0736442 	
2.385	0.0702712 	-0.11712 	-1.92395 	0.313046 	0.711665 	0.0736416 	
2.39	0.0702738 	-0.117171 	-1.9239 	0.313045 	0.711667 	0.0736392 	
2.395	0.0702762 	-0.11722 	-1.92386 	0.313045 	0.711668 	0.0736368 	
2.4	0.0702785 	-0.117267 	-1.92381 	0.313045 	0.711669 	0.0736345 	
2.405	0.0704968 	-0.117513 	-1.92382 	0.313808 	0.712994 	0.0744981 	
2.41	0.0704989 	-0.117555 	-1.92378 	0.313808 	0.712995 	0.074496 	
2.415	0.0705009 	-0.117595 	-1.92374 	0.313807 	0.712996 	0.0744941 	
2.42	0.0705026 	-0.11763 	-1.92371 	0.313807 	0.712997 	0.0744924 	
2.425	0.0705045 	-0.117669 	-1.92367 	0.313807 	0.712998 	0.0744904 	
2.43	0.070506 	-0.1177 	-1.92364 	0.313806 	0.712999 	0.0744889 	
2.435	0.0705076 	-0.117731 	-1.92361 	0.313806 	0.713 	0.0744874 	
2.44	0.070509 	-0.117761 	-1.92358 	0.313806 	0.713001 	0.0744859 	
2.445	0.0705104 	-0.117788 	-1.92355 	0.313806 	0.713001 	0.0744846 	
2.45	0.0705116 	-0.117813 	-1.92353 	0.313805 	0.713002 	0.0744834 	
2.455	0.0705128 	-0.117836 	-1.9235 	0.313805 	0.713003 	0.0744822 	
2.46	0.0705138 	-0.117857 	-1.92348 	0.313805 	0.713003 	0.0744812 	
2.465	0.0705147 	-0.117876 	-1.92347 	0.313805 	0.713004 	0.0744803 	
2.47	0.0705156 	-0.117893 	-1.92345 	0.313805 	0.713004 	0.0744795 	
2.475	0.0705163 	-0.117907 	-1.92343 	0.313804 	0.713005 	0.0744788 	
2.48	0.0705169 	-0.117919 	-1.92342 	0.313804 	0.713005 	0.0744782 	
2.485	0.0705174 	-0.117929 	-1.92341 	0.313804 	0.713005 	0.0744777 	
2.49	0.0705178 	-0.117937 	-1.92341 	0.313804 	0.713006 	0.0744773 	
2.495	0.070518 	-0.117943 	-1.9234 	0.313804 	0.713006 	0.074477 	
2.5	0.070518 	-0.117943 	-1.9234 	0.313804 	0.713006 	0.074477 	
2.505	0.0705299 	-0.11796 	-1.92338 	0.313799 	0.713004 	0.0744614 	
2.51	0.0705304 	-0.117963 	-1.92337 	0.313799 	0.713002 	0.0744603 	
2.515	0.0705281 	-0.117967 	-1.92337 	0.313799 	0.712999 	0.0744616 	
2.52	0.0705241 	-0.117972 	-1.92336 	0.313798 	0.712993 	0.0744641 	
2.525	0.0705184 	-0.11798 	-1.92334 	0.313798 	0.712985 	0.0744676 	
2.53	0.0705111 	-0.117991 	-1.92332 	0.313798 	0.712974 	0.0744722 	
2.535	0.070502 	-0.118004 	-1.9233 	0.313797 	0.712961 	0.0744778 	
2.54	0.0704913 	-0.118019 	-1.92327 	0.313797 	0.712946 	0.0744844 	
2.545	0.0704789 	-0.118036 	-1.92324 	0.313796 	0.712928 	0.0744921 	
2.55	0.0704648 	-0.118056 	-1.9232 	0.313795 	0.712908 	0.0745008 	
2.555	0.0704491 	-0.118079 	-1.92316 	0.313795 	0.712885 	0.0745105 	
2.56	0.0704316 	-0.118103 	-1.92311 	0.313794 	0.71286 	0.0745213 	
2.565	0.0704106 	-0.118133 	-1.92305 	0.313793 	0.712829 	0.0745343 	
2.57	0.0703897 	-0.118163 	-1.923 	0.313792 	0.712799 	0.0745473 	
2.575	0.0703671 	-0.118195 	-1.92294 	0.313791 	0.712766 	0.0745613 	
2.58	0.0703428 	-0.118229 	-1.92288 	0.31379 	0.712731 	0.0745763 	
2.585	0.0703168 	-0.118266 	-1.92281 	0.313788 	0.712694 	0.0745923 	
2.59	0.0702892 	-0.118305 	-1.92273 	0.313787 	0.712654 	0.0746094 	
2.595	0.07026 	-0.118347 	-1.92266 	0.313786 	0.712611 	0.0746275 	
2.6	0.070229 	-0.118391 	-1.92257 	0.313784 	0.712567 	0.0746467 	
2.605	0.0701964 	-0.118437 	-1.92249 	0.313782 	0.71252 	0.0746668 	
2.61	0.0701622 	-0.118486 	-1.9224 	0.313781 	0.71247 	0.074688 	
2.615	0.0701263 	-0.118537 	-1.9223 	0.313779 	0.712418 	0.0747102 	
2.62	0.0700888 	-0.11859 	-1.9222 	0.313777 	0.712364 	0.0747334 	
2.625	0.0700496 	-0.118646 	-1.9221 	0.313775 	0.712307 	0.0747576 	
2.63	0.0700087 	-0.118704 	-1.92199 	0.313773 	0.712248 	0.0747828 	
2.635	0.0699662 	-0.118764 	-1.92188 	0.313771 	0.712186 	0.0748091 	
2.64	0.0699221 	-0.118827 	-1.92176 	0.313769 	0.712123 	0.0748364 	
2.645	0.0698764 	-0.118892 	-1.92164 	0.313767 	0.712056 	0.0748646 	
2.65	0.069829 	-0.118959 	-1.92151 	0.313764 	0.711988 	0.0748939 	
2.655	0.06978 	-0.119028 	-1.92138 	0.313762 	0.711917 	0.0749242 	
2.66	0.0697294 	-0.1191 	-1.92125 	0.31376 	0.711843 	0.0749554 	
2.665	0.0696771 	-0.119175 	-1.92111 	0.313757 	0.711768 	0.0749877 	
2.67	0.0696019 	-0.119228 	-1.921 	0.313763 	0.711694 	0.075049 	
2.675	0.0695817 	-0.119222 	-1.92084 	0.314026 	0.711233 	0.0764823 	
2.68	0.0695246 	-0.119303 	-1.92068 	0.314024 	0.71115 	0.0765175 	
2.685	0.0694659 	-0.119386 	-1.92053 	0.314021 	0.711065 	0.0765537 	
2.69	0.0694056 	-0.119472 	-1.92037 	0.314018 	0.710978 	0.0765909 	
2.695	0.0693437 	-0.11956 	-1.9202 	0.314015 	0.710888 	0.076629 	
2.7	0.0692802 	-0.119651 	-1.92003 	0.314011 	0.710796 	0.0766682 	
2.705	0.0692151 	-0.119743 	-1.91986 	0.314008 	0.710701 	0.0767083 	
2.71	0.0691484 	-0.119838 	-1.91968 	0.314005 	0.710605 	0.0767493 	
2.715	0.0690802 	-0.119935 	-1.9195 	0.314001 	0.710506 	0.0767914 	
2.72	0.0690104 	-0.120035 	-1.91932 	0.313998 	0.710404 	0.0768343 	
2.725	0.068939 	-0.120136 	-1.91913 	0.313994 	0.710301 	0.0768783 	
2.73	0.068866 	-0.12024 	-1.91893 	0.313991 	0.710195 	0.0769232 	
2.735	0.0687915 	-0.120347 	-1.91873 	0.313987 	0.710087 	0.076969 	
2.74	0.0686527 	-0.12028 	-1.91849 	0.3139 	0.708997 	0.0780215 	
2.745	0.0685751 	-0.12039 	-1.91828 	0.313896 	0.708885 	0.0780692 	
2.75	0.0684959 	-0.120503 	-1.91807 	0.313892 	0.70877 	0.0781179 	
2.755	0.0684153 	-0.120619 	-1.91785 	0.313888 	0.708652 	0.0781674 	
2.76	0.068333 	-0.120736 	-1.91764 	0.313884 	0.708533 	0.0782179 	
2.765	0.0682493 	-0.120855 	-1.91741 	0.31388 	0.708411 	0.0782694 	
2.77	0.0681641 	-0.120977 	-1.91718 	0.313875 	0.708287 	0.0783217 	
2.775	0.0680773 	-0.121101 	-1.91695 	0.313871 	0.708161 	0.078375 	
2.78	0.0679891 	-0.121227 	-1.91672 	0.313866 	0.708032 	0.0784292 	
2.785	0.0678993 	-0.121356 	-1.91648 	0.313862 	0.707902 	0.0784842 	
2.79	0.067737 	-0.121306 	-1.91619 	0.313742 	0.706753 	0.0794867 	
2.795	0.0676442 	-0.121439 	-1.91594 	0.313737 	0.706618 	0.0795436 	
2.8	0.06755 	-0.121574 	-1.91569 	0.313732 	0.70648 	0.0796013 	
2.805	0.0674543 	-0.121711 	-1.91543 	0.313727 	0.706341 	0.07966 	
2.81	0.0673572 	-0.12185 	-1.91517 	0.313722 	0.706199 	0.0797195 	
2.815	0.0672586 	-0.121991 	-1.91491 	0.313717 	0.706056 	0.0797799 	
2.82	0.0671586 	-0.122134 	-1.91464 	0.313712 	0.70591 	0.0798411 	
2.825	0.0670571 	-0.12228 	-1.91437 	0.313706 	0.705762 	0.0799033 	
2.83	0.0669542 	-0.122427 	-1.91409 	0.313701 	0.705611 	0.0799662 	
2.835	0.0667753 	-0.12239 	-1.91376 	0.313571 	0.704391 	0.0810141 	
2.84	0.0666696 	-0.122542 	-1.91348 	0.313565 	0.704236 	0.0810787 	
2.845	0.0665624 	-0.122695 	-1.91319 	0.31356 	0.70408 	0.0811442 	
2.85	0.0664538 	-0.122851 	-1.9129 	0.313554 	0.703921 	0.0812106 	
2.855	0.0663438 	-0.123009 	-1.91261 	0.313548 	0.70376 	0.0812778 	
2.86	0.0662325 	-0.12317 	-1.91231 	0.313542 	0.703598 	0.0813458 	
2.865	0.0661197 	-0.123332 	-1.912 	0.313536 	0.703433 	0.0814146 	
2.87	0.0660056 	-0.123496 	-1.9117 	0.31353 	0.703266 	0.0814843 	
2.875	0.0658144 	-0.123473 	-1.91134 	0.313398 	0.702024 	0.0825437 	
2.88	0.0656975 	-0.123642 	-1.91102 	0.313392 	0.701853 	0.082615 	
2.885	0.0655793 	-0.123812 	-1.91071 	0.313386 	0.701679 	0.082687 	
2.89	0.0654598 	-0.123984 	-1.91038 	0.313379 	0.701504 	0.0827599 	
2.895	0.0653389 	-0.124158 	-1.91006 	0.313373 	0.701327 	0.0828335 	
2.9	0.0652168 	-0.124335 	-1.90973 	0.313366 	0.701148 	0.0829079 	
2.905	0.0650933 	-0.124513 	-1.9094 	0.31336 	0.700967 	0.082983 	
2.91	0.0648956 	-0.124512 	-1.90901 	0.313232 	0.699752 	0.0840106 	
2.915	0.0647695 	-0.124694 	-1.90867 	0.313225 	0.699567 	0.0840873 	
2.92	0.0646421 	-0.124878 	-1.90833 	0.313218 	0.69938 	0.0841647 	
2.925	0.0645135 	-0.125064 	-1.90798 	0.313211 	0.699191 	0.0842429 	
2.93	0.0643835 	-0.125252 	-1.90763 	0.313204 	0.699 	0.0843218 	
2.935	0.0642524 	-0.125442 	-1.90728 	0.313197 	0.698807 	0.0844014 	
2.94	0.0641199 	-0.125633 	-1.90692 	0.313189 	0.698612 	0.0844818 	
2.945	0.0639086 	-0.125635 	-1.90651 	0.313053 	0.697316 	0.0855768 	
2.95	0.0637737 	-0.12583 	-1.90614 	0.313046 	0.697117 	0.0856586 	
2.955	0.0636376 	-0.126028 	-1.90577 	0.313038 	0.696917 	0.0857411 	
2.96	0.0635003 	-0.126227 	-1.9054 	0.31303 	0.696715 	0.0858243 	
2.965	0.0633618 	-0.126428 	-1.90502 	0.313023 	0.696511 	0.0859082 	
2.97	0.063222 	-0.126631 	-1.90465 	0.313015 	0.696305 	0.0859928 	
2.975	0.0630092 	-0.126658 	-1.90421 	0.312888 	0.695079 	0.0870172 	
2.98	0.0628671 	-0.126864 	-1.90383 	0.31288 	0.694869 	0.0871031 	
2.985	0.0627239 	-0.127073 	-1.90344 	0.312871 	0.694658 	0.0871897 	
2.99	0.0625795 	-0.127283 	-1.90305 	0.312863 	0.694445 	0.087277 	
2.995	0.062434 	-0.127494 	-1.90265 	0.312855 	0.69423 	0.0873649 	
3	0.0622873 	-0.127708 	-1.90225 	0.312846 	0.694013 	0.0874534 	
3.005	0.0620712 	-0.127746 	-1.90179 	0.312711 	0.692735 	0.0885105 	
3.01	0.0619224 	-0.127964 	-1.90139 	0.312703 	0.692515 	0.0886002 	
3.015	0.0617724 	-0.128182 	-1.90098 	0.312694 	0.692293 	0.0886906 	
3.02	0.0616214 	-0.128403 	-1.90056 	0.312685 	0.692069 	0.0887816 	
3.025	0.0614692 	-0.128625 	-1.90015 	0.312677 	0.691844 	0.0888733 	
3.03	0.061316 	-0.128849 	-1.89973 	0.312668 	0.691617 	0.0889655 	
3.035	0.0610834 	-0.128882 	-1.89926 	0.312529 	0.69028 	0.090081 	
3.04	0.0609281 	-0.12911 	-1.89883 	0.31252 	0.69005 	0.0901744 	
3.045	0.0607718 	-0.129339 	-1.89841 	0.31251 	0.689818 	0.0902684 	
3.05	0.0606144 	-0.129569 	-1.89798 	0.312501 	0.689584 	0.0903629 	
3.055	0.060456 	-0.129801 	-1.89754 	0.312492 	0.689349 	0.090458 	
3.06	0.0602966 	-0.130035 	-1.89711 	0.312482 	0.689112 	0.0905537 	
3.065	0.0600545 	-0.13007 	-1.89661 	0.312337 	0.687717 	0.0917177 	
3.07	0.0598931 	-0.130307 	-1.89617 	0.312327 	0.687477 	0.0918145 	
3.075	0.0597308 	-0.130546 	-1.89572 	0.312318 	0.687235 	0.0919117 	
3.08	0.0595675 	-0.130786 	-1.89527 	0.312308 	0.686992 	0.0920095 	
3.085	0.0594033 	-0.131027 	-1.89482 	0.312298 	0.686748 	0.0921078 	
3.09	0.0591661 	-0.131095 	-1.89432 	0.312168 	0.685483 	0.0931474 	
3.095	0.059 	-0.131339 	-1.89386 	0.312158 	0.685235 	0.0932468 	
3.1	0.058833 	-0.131585 	-1.8934 	0.312148 	0.684986 	0.0933466 	
3.105	0.0586651 	-0.131833 	-1.89294 	0.312138 	0.684735 	0.0934469 	
3.11	0.0584963 	-0.132082 	-1.89248 	0.312127 	0.684483 	0.0935476 	
3.115	0.0582537 	-0.132155 	-1.89196 	0.311996 	0.683197 	0.0946024 	
3.12	0.0580831 	-0.132407 	-1.89149 	0.311985 	0.682943 	0.0947041 	
3.125	0.0579118 	-0.13266 	-1.89102 	0.311975 	0.682686 	0.0948062 	
3.13	0.0577485 	-0.132924 	-1.89053 	0.311961 	0.682427 	0.0948972 	
3.135	0.0575755 	-0.13318 	-1.89005 	0.31195 	0.682168 	0.0950001 	
3.14	0.0573268 	-0.133256 	-1.88951 	0.311814 	0.680848 	0.0960824 	
3.145	0.0571521 	-0.133515 	-1.88903 	0.311803 	0.680586 	0.0961863 	
3.15	0.0569766 	-0.133775 	-1.88855 	0.311792 	0.680323 	0.0962906 	
3.155	0.0568003 	-0.134037 	-1.88806 	0.311781 	0.680058 	0.0963953 	
3.16	0.0566233 	-0.1343 	-1.88757 	0.31177 	0.679793 	0.0965004 	
3.165	0.0563688 	-0.134378 	-1.88702 	0.311631 	0.678439 	0.0976099 	
3.17	0.0561902 	-0.134644 	-1.88652 	0.31162 	0.678171 	0.0977158 	
3.175	0.0560104 	-0.13491 	-1.88603 	0.311609 	0.677902 	0.0978228 	
3.18	0.0558304 	-0.135178 	-1.88553 	0.311597 	0.677631 	0.0979294 	
3.185	0.0556497 	-0.135447 	-1.88502 	0.311586 	0.677359 	0.0980363 	
3.19	0.0553897 	-0.135528 	-1.88446 	0.311443 	0.675974 	0.0991715 	
3.195	0.0552077 	-0.135799 	-1.88396 	0.311431 	0.675699 	0.0992792 	
3.2	0.0550249 	-0.136072 	-1.88345 	0.311419 	0.675424 	0.0993871 	
3.205	0.0548415 	-0.136346 	-1.88294 	0.311408 	0.675147 	0.0994954 	
3.21	0.0546575 	-0.136621 	-1.88242 	0.311396 	0.674869 	0.099604 	
3.215	0.0543908 	-0.136707 	-1.88184 	0.31125 	0.673452 	0.100764 	
3.22	0.0542072 	-0.136982 	-1.88133 	0.311238 	0.673175 	0.100872 	
3.225	0.0540196 	-0.137263 	-1.88081 	0.311225 	0.672891 	0.100983 	
3.23	0.0538348 	-0.13754 	-1.88029 	0.311213 	0.672612 	0.101092 	
3.235	0.053646 	-0.137823 	-1.87976 	0.311201 	0.672326 	0.101203 	
3.24	0.0533765 	-0.137909 	-1.87917 	0.311052 	0.670884 	0.102384 	
3.245	0.0531882 	-0.138191 	-1.87865 	0.311039 	0.670599 	0.102494 	
3.25	0.0529995 	-0.138475 	-1.87812 	0.311027 	0.670313 	0.102605 	
3.255	0.0528101 	-0.13876 	-1.87759 	0.311014 	0.670025 	0.102716 	
3.26	0.0526113 	-0.139036 	-1.87707 	0.311005 	0.669739 	0.102839 	
3.265	0.0523377 	-0.139124 	-1.87647 	0.310853 	0.668272 	0.104041 	
3.27	0.0521469 	-0.139411 	-1.87593 	0.31084 	0.667982 	0.104152 	
3.275	0.0519555 	-0.1397 	-1.87539 	0.310827 	0.667691 	0.104264 	
3.28	0.0517637 	-0.13999 	-1.87485 	0.310814 	0.667399 	0.104377 	
3.285	0.0515715 	-0.14028 	-1.87431 	0.310801 	0.667106 	0.104489 	
3.29	0.0512942 	-0.14037 	-1.87371 	0.310646 	0.665617 	0.105709 	
3.295	0.0511011 	-0.140662 	-1.87316 	0.310633 	0.665322 	0.105821 	
3.3	0.0509075 	-0.140955 	-1.87261 	0.31062 	0.665027 	0.105934 	
3.305	0.0507135 	-0.141249 	-1.87206 	0.310607 	0.664731 	0.106048 	
3.31	0.0505192 	-0.141544 	-1.87151 	0.310593 	0.664434 	0.106161 	
3.315	0.0502387 	-0.141636 	-1.8709 	0.310436 	0.662924 	0.107397 	
3.32	0.0500436 	-0.141932 	-1.87035 	0.310423 	0.662626 	0.10751 	
3.325	0.0498482 	-0.142229 	-1.86979 	0.310409 	0.662327 	0.107624 	
3.33	0.0496523 	-0.142527 	-1.86924 	0.310396 	0.662027 	0.107738 	
3.335	0.0494562 	-0.142825 	-1.86868 	0.310382 	0.661726 	0.107852 	
3.34	0.04918 	-0.142927 	-1.86804 	0.31022 	0.660197 	0.109093 	
3.345	0.0489833 	-0.143227 	-1.86748 	0.310206 	0.659895 	0.109207 	
3.35	0.0487862 	-0.143528 	-1.86692 	0.310193 	0.659593 	0.109322 	
3.355	0.0485889 	-0.143829 	-1.86636 	0.310179 	0.65929 	0.109436 	
3.36	0.0483912 	-0.144131 	-1.8658 	0.310165 	0.658986 	0.10955 	
3.365	0.0481058 	-0.144227 	-1.86517 	0.310004 	0.657442 	0.110813 	
3.37	0.0479077 	-0.14453 	-1.8646 	0.30999 	0.657137 	0.110928 	
3.375	0.0477093 	-0.144833 	-1.86403 	0.309975 	0.656832 	0.111042 	
3.38	0.0475108 	-0.145138 	-1.86347 	0.309961 	0.656526 	0.111157 	
3.385	0.0472396 	-0.145272 	-1.86284 	0.309825 	0.655196 	0.112221 	
3.39	0.0470407 	-0.145578 	-1.86227 	0.309811 	0.654889 	0.112336 	
3.395	0.0468415 	-0.145883 	-1.8617 	0.309796 	0.654581 	0.11245 	
3.4	0.0466422 	-0.14619 	-1.86113 	0.309782 	0.654273 	0.112565 	
3.405	0.0464428 	-0.146496 	-1.86056 	0.309768 	0.653965 	0.11268 	
3.41	0.046156 	-0.146599 	-1.85992 	0.309607 	0.652422 	0.11394 	
3.415	0.0459563 	-0.146907 	-1.85934 	0.309592 	0.652113 	0.114054 	
3.42	0.0457564 	-0.147215 	-1.85877 	0.309577 	0.651803 	0.114169 	
3.425	0.0455565 	-0.147523 	-1.85819 	0.309563 	0.651493 	0.114284 	
3.43	0.0452834 	-0.147661 	-1.85756 	0.309425 	0.650149 	0.115358 	
3.435	0.0450887 	-0.147976 	-1.85697 	0.309408 	0.649838 	0.115465 	
3.44	0.0448885 	-0.148286 	-1.8564 	0.309393 	0.649527 	0.11558 	
3.445	0.0446883 	-0.148595 	-1.85582 	0.309379 	0.649216 	0.115695 	
3.45	0.0444162 	-0.148738 	-1.85518 	0.309243 	0.647888 	0.116753 	
3.455	0.0442159 	-0.149049 	-1.8546 	0.309228 	0.647576 	0.116867 	
3.46	0.0440157 	-0.149359 	-1.85402 	0.309213 	0.647264 	0.116982 	
3.465	0.0438154 	-0.14967 	-1.85344 	0.309198 	0.646952 	0.117096 	
3.47	0.0435432 	-0.149814 	-1.85281 	0.309062 	0.645623 	0.118154 	
3.475	0.043343 	-0.150125 	-1.85222 	0.309047 	0.645311 	0.118268 	
3.48	0.0431428 	-0.150437 	-1.85164 	0.309031 	0.644998 	0.118383 	
3.485	0.0429426 	-0.150748 	-1.85106 	0.309016 	0.644686 	0.118496 	
3.49	0.0426706 	-0.150894 	-1.85042 	0.30888 	0.643354 	0.119556 	
3.495	0.0424706 	-0.151206 	-1.84984 	0.308864 	0.643041 	0.11967 	
3.5	0.0422706 	-0.151517 	-1.84926 	0.308849 	0.642729 	0.119783 	
3.505	0.0420708 	-0.151829 	-1.84868 	0.308834 	0.642416 	0.119897 	
3.51	0.0417991 	-0.151976 	-1.84804 	0.308697 	0.641084 	0.120956 	
3.515	0.0415995 	-0.152288 	-1.84745 	0.308682 	0.640771 	0.121069 	
3.52	0.0414001 	-0.1526 	-1.84687 	0.308666 	0.640458 	0.121182 	
3.525	0.0412007 	-0.152912 	-1.84629 	0.308651 	0.640145 	0.121295 	
3.53	0.0409183 	-0.153047 	-1.84566 	0.308518 	0.638816 	0.122369 	
3.535	0.0407193 	-0.153359 	-1.84508 	0.308503 	0.638503 	0.122481 	
3.54	0.0405205 	-0.153671 	-1.8445 	0.308487 	0.63819 	0.122593 	
3.545	0.0403219 	-0.153983 	-1.84392 	0.308472 	0.637878 	0.122706 	
3.55	0.0400517 	-0.15413 	-1.84328 	0.308335 	0.636548 	0.123762 	
3.555	0.0398536 	-0.154442 	-1.84269 	0.308319 	0.636236 	0.123874 	
3.56	0.0396557 	-0.154753 	-1.84211 	0.308304 	0.635924 	0.123986 	
3.565	0.039458 	-0.155065 	-1.84153 	0.308288 	0.635612 	0.124097 	
3.57	0.039189 	-0.155212 	-1.84089 	0.308151 	0.634286 	0.125151 	
3.575	0.0389918 	-0.155524 	-1.84031 	0.308136 	0.633974 	0.125262 	
3.58	0.038795 	-0.155835 	-1.83973 	0.30812 	0.633663 	0.125372 	
3.585	0.0385984 	-0.156145 	-1.83915 	0.308104 	0.633352 	0.125483 	
3.59	0.0384021 	-0.156456 	-1.83857 	0.308089 	0.633041 	0.125593 	
3.595	0.0381324 	-0.156581 	-1.8379 	0.307921 	0.63149 	0.126836 	
3.6	0.0379368 	-0.156891 	-1.83732 	0.307905 	0.63118 	0.126946 	
3.605	0.0377415 	-0.157201 	-1.83674 	0.30789 	0.63087 	0.127055 	
3.61	0.0375466 	-0.15751 	-1.83616 	0.307874 	0.63056 	0.127164 	
3.615	0.0372795 	-0.157654 	-1.83552 	0.307735 	0.629224 	0.128229 	
3.62	0.0370854 	-0.157963 	-1.83495 	0.30772 	0.628915 	0.128337 	
3.625	0.0368916 	-0.158271 	-1.83437 	0.307704 	0.628607 	0.128446 	
3.63	0.0366982 	-0.158579 	-1.8338 	0.307688 	0.628299 	0.128554 	
3.635	0.0365052 	-0.158886 	-1.83322 	0.307672 	0.627991 	0.128661 	
3.64	0.0362263 	-0.158997 	-1.83258 	0.30751 	0.626459 	0.129908 	
3.645	0.0360341 	-0.159304 	-1.83201 	0.307495 	0.626153 	0.130015 	
3.65	0.0358425 	-0.15961 	-1.83144 	0.307479 	0.625847 	0.130122 	
3.655	0.0356513 	-0.159915 	-1.83087 	0.307463 	0.625542 	0.130228 	
3.66	0.0354605 	-0.16022 	-1.8303 	0.307448 	0.625237 	0.130334 	
3.665	0.0351832 	-0.160328 	-1.82965 	0.307284 	0.623698 	0.131589 	
3.67	0.0349934 	-0.160632 	-1.82909 	0.307268 	0.623394 	0.131695 	
3.675	0.0348041 	-0.160935 	-1.82852 	0.307253 	0.623091 	0.1318 	
3.68	0.0345907 	-0.161212 	-1.82799 	0.307245 	0.622794 	0.131935 	
3.685	0.0344025 	-0.161514 	-1.82743 	0.30723 	0.622492 	0.13204 	
3.69	0.0341285 	-0.161621 	-1.82679 	0.307067 	0.620967 	0.133283 	
3.695	0.0339414 	-0.161922 	-1.82623 	0.307052 	0.620667 	0.133387 	
3.7	0.0337548 	-0.162222 	-1.82567 	0.307036 	0.620367 	0.13349 	
3.705	0.0335687 	-0.162521 	-1.82511 	0.307021 	0.620068 	0.133593 	
3.71	0.0333833 	-0.16282 	-1.82455 	0.307005 	0.61977 	0.133695 	
3.715	0.0331132 	-0.162927 	-1.82392 	0.306845 	0.618263 	0.134923 	
3.72	0.032929 	-0.163224 	-1.82337 	0.306829 	0.617967 	0.135025 	
3.725	0.0327453 	-0.163521 	-1.82282 	0.306813 	0.617671 	0.135126 	
3.73	0.0325623 	-0.163816 	-1.82226 	0.306798 	0.617376 	0.135227 	
3.735	0.0323799 	-0.164111 	-1.82171 	0.306782 	0.617081 	0.135327 	
3.74	0.0321142 	-0.164217 	-1.82109 	0.306624 	0.615595 	0.136538 	
3.745	0.0319331 	-0.16451 	-1.82054 	0.306609 	0.615303 	0.136638 	
3.75	0.0317527 	-0.164803 	-1.82 	0.306593 	0.615011 	0.136737 	
3.755	0.0315729 	-0.165094 	-1.81945 	0.306578 	0.61472 	0.136836 	
3.76	0.0313939 	-0.165385 	-1.81891 	0.306562 	0.614431 	0.136934 	
3.765	0.0311328 	-0.16549 	-1.8183 	0.306406 	0.612968 	0.138126 	
3.77	0.0309552 	-0.165779 	-1.81776 	0.306391 	0.61268 	0.138223 	
3.775	0.0307782 	-0.166066 	-1.81722 	0.306376 	0.612393 	0.13832 	
3.78	0.0306036 	-0.16635 	-1.81669 	0.306361 	0.61211 	0.138416 	
3.785	0.0304509 	-0.166665 	-1.81611 	0.306337 	0.611817 	0.138482 	
3.79	0.0301966 	-0.166766 	-1.81552 	0.306184 	0.610382 	0.139652 	
3.795	0.0300226 	-0.16705 	-1.81499 	0.306169 	0.610099 	0.139747 	
3.8	0.0298494 	-0.167333 	-1.81446 	0.306154 	0.609817 	0.139841 	
3.805	0.029677 	-0.167614 	-1.81393 	0.306139 	0.609537 	0.139935 	
3.81	0.0295053 	-0.167895 	-1.81341 	0.306124 	0.609257 	0.140029 	
3.815	0.0292548 	-0.167998 	-1.81282 	0.305973 	0.607847 	0.141177 	
3.82	0.0290848 	-0.168276 	-1.8123 	0.305958 	0.60757 	0.14127 	
3.825	0.0289155 	-0.168553 	-1.81178 	0.305943 	0.607294 	0.141362 	
3.83	0.0287471 	-0.168829 	-1.81126 	0.305928 	0.607019 	0.141454 	
3.835	0.0285795 	-0.169104 	-1.81075 	0.305914 	0.606745 	0.141545 	
3.84	0.0283349 	-0.169205 	-1.81017 	0.305766 	0.605365 	0.142669 	
3.845	0.0281655 	-0.169474 	-1.80967 	0.305752 	0.605095 	0.142763 	
3.85	0.0280005 	-0.169745 	-1.80916 	0.305738 	0.604825 	0.142853 	
3.855	0.0278363 	-0.170015 	-1.80866 	0.305723 	0.604556 	0.142941 	
3.86	0.027673 	-0.170283 	-1.80815 	0.305709 	0.604289 	0.14303 	
3.865	0.0274345 	-0.170383 	-1.80759 	0.305564 	0.60294 	0.144128 	
3.87	0.0272731 	-0.170649 	-1.80709 	0.30555 	0.602676 	0.144215 	
3.875	0.0271125 	-0.170914 	-1.8066 	0.305536 	0.602412 	0.144302 	
3.88	0.0269528 	-0.171177 	-1.8061 	0.305521 	0.60215 	0.144388 	
3.885	0.0267941 	-0.171439 	-1.80561 	0.305507 	0.601889 	0.144474 	
3.89	0.0265621 	-0.171537 	-1.80506 	0.305366 	0.600575 	0.145544 	
3.895	0.0264053 	-0.171796 	-1.80458 	0.305352 	0.600317 	0.145628 	
3.9	0.0262494 	-0.172054 	-1.80409 	0.305338 	0.600061 	0.145712 	
3.905	0.0260944 	-0.17231 	-1.80362 	0.305324 	0.599806 	0.145796 	
3.91	0.0259404 	-0.172565 	-1.80314 	0.30531 	0.599552 	0.145879 	
3.915	0.0257153 	-0.172661 	-1.8026 	0.305173 	0.598274 	0.146919 	
3.92	0.0255633 	-0.172913 	-1.80213 	0.305159 	0.598023 	0.147001 	
3.925	0.0254123 	-0.173163 	-1.80166 	0.305146 	0.597774 	0.147082 	
3.93	0.0252623 	-0.173412 	-1.8012 	0.305132 	0.597527 	0.147163 	
3.935	0.0251133 	-0.17366 	-1.80073 	0.305119 	0.597281 	0.147243 	
3.94	0.0249655 	-0.173906 	-1.80027 	0.305105 	0.597036 	0.147322 	
3.945	0.0247363 	-0.173971 	-1.79974 	0.304951 	0.595622 	0.148494 	
3.95	0.0245904 	-0.174213 	-1.79929 	0.304938 	0.595381 	0.148573 	
3.955	0.0244455 	-0.174455 	-1.79884 	0.304925 	0.595141 	0.14865 	
3.96	0.0243016 	-0.174694 	-1.79839 	0.304911 	0.594903 	0.148727 	
3.965	0.0241588 	-0.174932 	-1.79795 	0.304898 	0.594667 	0.148804 	
3.97	0.0240171 	-0.175169 	-1.7975 	0.304885 	0.594432 	0.148879 	
3.975	0.0237962 	-0.175229 	-1.79699 	0.304735 	0.593055 	0.150023 	
3.98	0.0236567 	-0.175462 	-1.79656 	0.304722 	0.592824 	0.150097 	
3.985	0.0235182 	-0.175693 	-1.79612 	0.304709 	0.592594 	0.150171 	
3.99	0.0233808 	-0.175923 	-1.7957 	0.304697 	0.592366 	0.150244 	
3.995	0.0232446 	-0.17615 	-1.79527 	0.304684 	0.59214 	0.150317 	
4	0.0231094 	-0.176377 	-1.79485 	0.304672 	0.591915 	0.150389 	
4.005	0.0228984 	-0.176434 	-1.79436 	0.304527 	0.590596 	0.151485 	
4.01	0.0227466 	-0.176637 	-1.79397 	0.304521 	0.590379 	0.151579 	
4.015	0.0226146 	-0.176858 	-1.79356 	0.304509 	0.59016 	0.15165 	
4.02	0.022484 	-0.177077 	-1.79315 	0.304497 	0.589942 	0.151719 	
4.025	0.0223545 	-0.177294 	-1.79274 	0.304485 	0.589727 	0.151788 	
4.03	0.0222261 	-0.177509 	-1.79234 	0.304473 	0.589513 	0.151856 	
4.035	0.0220256 	-0.177564 	-1.79187 	0.304335 	0.588256 	0.152901 	
4.04	0.0218996 	-0.177776 	-1.79148 	0.304323 	0.588046 	0.152967 	
4.045	0.0217748 	-0.177986 	-1.79108 	0.304312 	0.587837 	0.153034 	
4.05	0.0216511 	-0.178194 	-1.7907 	0.3043 	0.587631 	0.153099 	
4.055	0.0215286 	-0.1784 	-1.79031 	0.304289 	0.587426 	0.153164 	
4.06	0.0214074 	-0.178605 	-1.78993 	0.304277 	0.587224 	0.153229 	
4.065	0.0212873 	-0.178807 	-1.78955 	0.304266 	0.587023 	0.153292 	
4.07	0.0210889 	-0.178836 	-1.7891 	0.304118 	0.58569 	0.154415 	
4.075	0.0209713 	-0.179034 	-1.78873 	0.304107 	0.585493 	0.154478 	
4.08	0.0208548 	-0.179231 	-1.78836 	0.304096 	0.585298 	0.154539 	
4.085	0.0207595 	-0.179446 	-1.78797 	0.304079 	0.585101 	0.154575 	
4.09	0.0206457 	-0.179639 	-1.78761 	0.304069 	0.58491 	0.154635 	
4.095	0.020533 	-0.17983 	-1.78725 	0.304058 	0.584721 	0.154695 	
4.1	0.0204215 	-0.180018 	-1.7869 	0.304047 	0.584533 	0.154754 	
4.105	0.020236 	-0.180043 	-1.78648 	0.303908 	0.583275 	0.155816 	
4.11	0.020127 	-0.180227 	-1.78614 	0.303897 	0.583092 	0.155873 	
4.115	0.0200193 	-0.18041 	-1.78579 	0.303887 	0.582911 	0.15593 	
4.12	0.0199128 	-0.18059 	-1.78546 	0.303877 	0.582733 	0.155987 	
4.125	0.0198076 	-0.180768 	-1.78512 	0.303867 	0.582556 	0.156042 	
4.13	0.0197036 	-0.180944 	-1.78479 	0.303857 	0.582381 	0.156097 	
4.135	0.019601 	-0.181119 	-1.78447 	0.303847 	0.582208 	0.156151 	
4.14	0.0194996 	-0.181291 	-1.78415 	0.303838 	0.582038 	0.156204 	
4.145	0.0193214 	-0.181293 	-1.78376 	0.303694 	0.580754 	0.157301 	
4.15	0.0192227 	-0.18146 	-1.78344 	0.303685 	0.580588 	0.157353 	
4.155	0.0191252 	-0.181626 	-1.78313 	0.303675 	0.580424 	0.157404 	
4.16	0.019029 	-0.181789 	-1.78283 	0.303666 	0.580262 	0.157455 	
4.165	0.0189178 	-0.181933 	-1.78255 	0.303662 	0.580106 	0.157525 	
4.17	0.0188242 	-0.182092 	-1.78226 	0.303653 	0.579948 	0.157574 	
4.175	0.018732 	-0.182249 	-1.78196 	0.303644 	0.579792 	0.157623 	
4.18	0.0186411 	-0.182404 	-1.78167 	0.303635 	0.579639 	0.15767 	
4.185	0.01848 	-0.182403 	-1.78132 	0.303504 	0.578467 	0.158673 	
4.19	0.0183918 	-0.182554 	-1.78104 	0.303495 	0.578318 	0.15872 	
4.195	0.018305 	-0.182702 	-1.78076 	0.303487 	0.578171 	0.158765 	
4.2	0.0182195 	-0.182847 	-1.78049 	0.303479 	0.578027 	0.15881 	
4.205	0.0181353 	-0.182991 	-1.78022 	0.303471 	0.577884 	0.158854 	
4.21	0.0180525 	-0.183132 	-1.77996 	0.303463 	0.577744 	0.158897 	
4.215	0.0179706 	-0.183271 	-1.7797 	0.303455 	0.577607 	0.158941 	
4.22	0.0178905 	-0.183407 	-1.77944 	0.303447 	0.577471 	0.158983 	
4.225	0.0178118 	-0.183542 	-1.77919 	0.30344 	0.577338 	0.159024 	
4.23	0.0177345 	-0.183674 	-1.77895 	0.303432 	0.577207 	0.159064 	
4.235	0.0175818 	-0.18364 	-1.77863 	0.303293 	0.575983 	0.16013 	
4.24	0.0175072 	-0.183767 	-1.77839 	0.303286 	0.575857 	0.160169 	
4.245	0.017434 	-0.183893 	-1.77816 	0.303278 	0.575733 	0.160207 	
4.25	0.0173622 	-0.184015 	-1.77793 	0.303272 	0.575611 	0.160245 	
4.255	0.0172918 	-0.184136 	-1.7777 	0.303265 	0.575492 	0.160282 	
4.26	0.0172228 	-0.184254 	-1.77748 	0.303258 	0.575375 	0.160318 	
4.265	0.0171552 	-0.18437 	-1.77726 	0.303252 	0.57526 	0.160353 	
4.27	0.0170889 	-0.184483 	-1.77705 	0.303245 	0.575148 	0.160388 	
4.275	0.0170412 	-0.184612 	-1.77682 	0.303234 	0.575034 	0.1604 	
4.28	0.016978 	-0.184721 	-1.77661 	0.303228 	0.574926 	0.160433 	
4.285	0.016916 	-0.184827 	-1.77642 	0.303222 	0.574821 	0.160465 	
4.29	0.0167847 	-0.18478 	-1.77615 	0.303094 	0.573707 	0.161444 	
4.295	0.0167255 	-0.184882 	-1.77596 	0.303088 	0.573606 	0.161475 	
4.3	0.0166677 	-0.184981 	-1.77578 	0.303082 	0.573508 	0.161505 	
4.305	0.0166114 	-0.185078 	-1.7756 	0.303077 	0.573412 	0.161534 	
4.31	0.0165565 	-0.185172 	-1.77542 	0.303071 	0.573319 	0.161563 	
4.315	0.0165031 	-0.185263 	-1.77525 	0.303066 	0.573228 	0.161591 	
4.32	0.0164442 	-0.185346 	-1.77509 	0.303063 	0.573141 	0.161626 	
4.325	0.0163936 	-0.185432 	-1.77493 	0.303058 	0.573055 	0.161653 	
4.33	0.0163444 	-0.185517 	-1.77477 	0.303053 	0.572972 	0.161678 	
4.335	0.0162967 	-0.185599 	-1.77462 	0.303049 	0.572891 	0.161703 	
4.34	0.0162504 	-0.185678 	-1.77447 	0.303044 	0.572812 	0.161727 	
4.345	0.0162056 	-0.185755 	-1.77433 	0.30304 	0.572736 	0.161751 	
4.35	0.0161622 	-0.18583 	-1.77419 	0.303036 	0.572662 	0.161773 	
