0	0.310397 	-0.173757 	0.536997 	0.179623 	-1.45404 	-0.247463 	
0.005	0.310397 	-0.173757 	0.536997 	0.179623 	-1.45404 	-0.247463 	
0.01	0.310397 	-0.173757 	0.536997 	0.179623 	-1.45404 	-0.247463 	
0.015	0.310398 	-0.173757 	0.536997 	0.179623 	-1.45404 	-0.247463 	
0.02	0.310399 	-0.173758 	0.536997 	0.179623 	-1.45404 	-0.247463 	
0.025	0.310401 	-0.173758 	0.536998 	0.179623 	-1.45404 	-0.247463 	
0.03	0.310403 	-0.173758 	0.536998 	0.179623 	-1.45404 	-0.247463 	
0.035	0.310406 	-0.173758 	0.536999 	0.179623 	-1.45404 	-0.247463 	
0.04	0.310409 	-0.173758 	0.536999 	0.179623 	-1.45404 	-0.247463 	
0.045	0.310413 	-0.173758 	0.537 	0.179623 	-1.45404 	-0.247463 	
0.05	0.310418 	-0.173758 	0.537001 	0.179623 	-1.45404 	-0.247463 	
0.055	0.310423 	-0.173758 	0.537002 	0.179623 	-1.45404 	-0.247463 	
0.06	0.310429 	-0.173758 	0.537003 	0.179623 	-1.45404 	-0.247463 	
0.065	0.310435 	-0.173758 	0.537004 	0.179623 	-1.45404 	-0.247463 	
0.07	0.310441 	-0.173758 	0.537005 	0.179623 	-1.45404 	-0.247463 	
0.075	0.310449 	-0.173759 	0.537006 	0.179623 	-1.45404 	-0.247463 	
0.08	0.310456 	-0.173759 	0.537008 	0.179623 	-1.45404 	-0.247463 	
0.085	0.310465 	-0.173759 	0.537009 	0.179623 	-1.45404 	-0.247463 	
0.09	0.310475 	-0.173759 	0.537011 	0.179623 	-1.45404 	-0.247463 	
0.095	0.310483 	-0.173759 	0.537013 	0.179623 	-1.45404 	-0.247463 	
0.1	0.310494 	-0.173759 	0.537015 	0.179623 	-1.45404 	-0.247463 	
0.105	0.310504 	-0.17376 	0.537017 	0.179623 	-1.45404 	-0.247463 	
0.11	0.310516 	-0.17376 	0.537019 	0.179623 	-1.45404 	-0.247463 	
0.115	0.310527 	-0.17376 	0.537021 	0.179623 	-1.45404 	-0.247463 	
0.12	0.310539 	-0.17376 	0.537023 	0.179623 	-1.45404 	-0.247463 	
0.125	0.310552 	-0.173761 	0.537026 	0.179623 	-1.45404 	-0.247463 	
0.13	0.310565 	-0.173761 	0.537028 	0.179623 	-1.45404 	-0.247463 	
0.135	0.310579 	-0.173761 	0.537031 	0.179623 	-1.45404 	-0.247463 	
0.14	0.310593 	-0.173761 	0.537033 	0.179623 	-1.45404 	-0.247463 	
0.145	0.310608 	-0.173762 	0.537036 	0.179623 	-1.45404 	-0.247463 	
0.15	0.310623 	-0.173762 	0.537039 	0.179623 	-1.45404 	-0.247463 	
0.155	0.310639 	-0.173762 	0.537042 	0.179623 	-1.45404 	-0.247463 	
0.16	0.310655 	-0.173763 	0.537045 	0.179623 	-1.45404 	-0.247463 	
0.165	0.31061 	-0.173748 	0.537029 	0.178002 	-1.4529 	-0.24523 	
0.17	0.310627 	-0.173748 	0.537032 	0.178002 	-1.4529 	-0.24523 	
0.175	0.310645 	-0.173748 	0.537036 	0.178002 	-1.4529 	-0.24523 	
0.18	0.310664 	-0.173749 	0.537039 	0.178002 	-1.4529 	-0.24523 	
0.185	0.310683 	-0.173749 	0.537043 	0.178002 	-1.4529 	-0.24523 	
0.19	0.310703 	-0.173749 	0.537046 	0.178002 	-1.4529 	-0.24523 	
0.195	0.310723 	-0.17375 	0.53705 	0.178002 	-1.4529 	-0.24523 	
0.2	0.310743 	-0.17375 	0.537054 	0.178002 	-1.4529 	-0.24523 	
0.205	0.310764 	-0.17375 	0.537058 	0.178002 	-1.4529 	-0.24523 	
0.21	0.310786 	-0.173751 	0.537062 	0.178002 	-1.4529 	-0.24523 	
0.215	0.310808 	-0.173751 	0.537066 	0.178002 	-1.4529 	-0.24523 	
0.22	0.310831 	-0.173752 	0.53707 	0.178002 	-1.4529 	-0.24523 	
0.225	0.310793 	-0.173737 	0.537056 	0.176405 	-1.45178 	-0.24303 	
0.23	0.310817 	-0.173738 	0.53706 	0.176405 	-1.45178 	-0.24303 	
0.235	0.310841 	-0.173738 	0.537065 	0.176405 	-1.45178 	-0.24303 	
0.24	0.310866 	-0.173738 	0.537069 	0.176405 	-1.45178 	-0.24303 	
0.245	0.310891 	-0.173739 	0.537074 	0.176405 	-1.45178 	-0.24303 	
0.25	0.310917 	-0.173739 	0.537079 	0.176405 	-1.45178 	-0.24303 	
0.255	0.310943 	-0.17374 	0.537083 	0.176405 	-1.45178 	-0.24303 	
0.26	0.31097 	-0.17374 	0.537088 	0.176405 	-1.45178 	-0.24303 	
0.265	0.310997 	-0.173741 	0.537093 	0.176405 	-1.45178 	-0.24303 	
0.27	0.311025 	-0.173741 	0.537099 	0.176405 	-1.45178 	-0.24303 	
0.275	0.310988 	-0.173726 	0.537084 	0.174713 	-1.45059 	-0.240698 	
0.28	0.311017 	-0.173727 	0.53709 	0.174713 	-1.45059 	-0.240698 	
0.285	0.311047 	-0.173727 	0.537095 	0.174713 	-1.45059 	-0.240698 	
0.29	0.311077 	-0.173728 	0.537101 	0.174713 	-1.45059 	-0.240698 	
0.295	0.311107 	-0.173728 	0.537106 	0.174713 	-1.45059 	-0.240698 	
0.3	0.311138 	-0.173729 	0.537112 	0.174713 	-1.45059 	-0.240698 	
0.305	0.31117 	-0.173729 	0.537118 	0.174713 	-1.45059 	-0.240698 	
0.31	0.311202 	-0.17373 	0.537124 	0.174713 	-1.45059 	-0.240698 	
0.315	0.311172 	-0.173716 	0.537111 	0.173101 	-1.44946 	-0.238478 	
0.32	0.311205 	-0.173716 	0.537117 	0.173101 	-1.44946 	-0.238478 	
0.325	0.311238 	-0.173717 	0.537123 	0.173101 	-1.44946 	-0.238478 	
0.33	0.311272 	-0.173717 	0.537129 	0.173101 	-1.44946 	-0.238478 	
0.335	0.311307 	-0.173718 	0.537136 	0.173101 	-1.44946 	-0.238478 	
0.34	0.311342 	-0.173718 	0.537142 	0.173101 	-1.44946 	-0.238478 	
0.345	0.311377 	-0.173719 	0.537149 	0.173101 	-1.44946 	-0.238478 	
0.35	0.311352 	-0.173706 	0.537137 	0.171523 	-1.44836 	-0.236304 	
0.355	0.311389 	-0.173706 	0.537144 	0.171523 	-1.44836 	-0.236304 	
0.36	0.311426 	-0.173707 	0.537151 	0.171523 	-1.44836 	-0.236304 	
0.365	0.311463 	-0.173707 	0.537158 	0.171523 	-1.44836 	-0.236304 	
0.37	0.311501 	-0.173708 	0.537165 	0.171523 	-1.44836 	-0.236304 	
0.375	0.311539 	-0.173708 	0.537172 	0.171523 	-1.44836 	-0.236304 	
0.38	0.311578 	-0.173709 	0.537179 	0.171523 	-1.44836 	-0.236304 	
0.385	0.311551 	-0.173695 	0.537166 	0.169808 	-1.44716 	-0.233941 	
0.39	0.311591 	-0.173695 	0.537174 	0.169808 	-1.44716 	-0.233941 	
0.395	0.311632 	-0.173696 	0.537181 	0.169808 	-1.44716 	-0.233941 	
0.4	0.311672 	-0.173696 	0.537188 	0.169808 	-1.44716 	-0.233941 	
0.405	0.311714 	-0.173697 	0.537196 	0.169808 	-1.44716 	-0.233941 	
0.41	0.311756 	-0.173697 	0.537204 	0.169808 	-1.44716 	-0.233941 	
0.415	0.311735 	-0.173684 	0.537193 	0.168191 	-1.44602 	-0.231713 	
0.42	0.311778 	-0.173685 	0.537201 	0.168191 	-1.44602 	-0.231713 	
0.425	0.311821 	-0.173685 	0.537209 	0.168191 	-1.44602 	-0.231713 	
0.43	0.311865 	-0.173686 	0.537217 	0.168191 	-1.44602 	-0.231713 	
0.435	0.311909 	-0.173686 	0.537225 	0.168191 	-1.44602 	-0.231713 	
0.44	0.311954 	-0.173687 	0.537233 	0.168191 	-1.44602 	-0.231713 	
0.445	0.311932 	-0.173673 	0.537222 	0.166484 	-1.44483 	-0.229361 	
0.45	0.311978 	-0.173674 	0.53723 	0.166484 	-1.44483 	-0.229361 	
0.455	0.312024 	-0.173674 	0.537239 	0.166484 	-1.44483 	-0.229361 	
0.46	0.31207 	-0.173675 	0.537247 	0.166484 	-1.44483 	-0.229361 	
0.465	0.312117 	-0.173675 	0.537256 	0.166484 	-1.44483 	-0.229361 	
0.47	0.312165 	-0.173676 	0.537264 	0.166484 	-1.44483 	-0.229361 	
0.475	0.312142 	-0.173661 	0.537252 	0.164671 	-1.44355 	-0.226864 	
0.48	0.312191 	-0.173662 	0.537261 	0.164671 	-1.44355 	-0.226864 	
0.485	0.312239 	-0.173662 	0.53727 	0.164671 	-1.44355 	-0.226864 	
0.49	0.312288 	-0.173663 	0.537279 	0.164671 	-1.44355 	-0.226864 	
0.495	0.312338 	-0.173663 	0.537288 	0.164671 	-1.44355 	-0.226864 	
0.5	0.312325 	-0.173651 	0.537279 	0.163048 	-1.44242 	-0.224627 	
0.505	0.312376 	-0.173651 	0.537288 	0.163048 	-1.44242 	-0.224627 	
0.51	0.312427 	-0.173652 	0.537297 	0.163048 	-1.44242 	-0.224627 	
0.515	0.312478 	-0.173652 	0.537307 	0.163048 	-1.44242 	-0.224627 	
0.52	0.31253 	-0.173653 	0.537316 	0.163048 	-1.44242 	-0.224627 	
0.525	0.312517 	-0.17364 	0.537307 	0.161379 	-1.44125 	-0.222329 	
0.53	0.31257 	-0.173641 	0.537317 	0.161379 	-1.44125 	-0.222329 	
0.535	0.312623 	-0.173641 	0.537326 	0.161379 	-1.44125 	-0.222329 	
0.54	0.312677 	-0.173641 	0.537336 	0.161379 	-1.44125 	-0.222329 	
0.545	0.312731 	-0.173642 	0.537346 	0.161379 	-1.44125 	-0.222329 	
0.55	0.312718 	-0.173629 	0.537336 	0.159643 	-1.44003 	-0.219937 	
0.555	0.312772 	-0.173629 	0.537346 	0.159643 	-1.44003 	-0.219937 	
0.56	0.312828 	-0.17363 	0.537356 	0.159643 	-1.44003 	-0.219937 	
0.565	0.312883 	-0.17363 	0.537366 	0.159643 	-1.44003 	-0.219937 	
0.57	0.312939 	-0.17363 	0.537377 	0.159643 	-1.44003 	-0.219937 	
0.575	0.312926 	-0.173617 	0.537367 	0.157839 	-1.43876 	-0.217451 	
0.58	0.312983 	-0.173618 	0.537377 	0.157839 	-1.43876 	-0.217451 	
0.585	0.31304 	-0.173618 	0.537387 	0.157839 	-1.43876 	-0.217451 	
0.59	0.313098 	-0.173618 	0.537398 	0.157839 	-1.43876 	-0.217451 	
0.595	0.313156 	-0.173618 	0.537408 	0.157839 	-1.43876 	-0.217451 	
0.6	0.313142 	-0.173605 	0.537398 	0.155967 	-1.43745 	-0.214873 	
0.605	0.3132 	-0.173605 	0.537409 	0.155967 	-1.43745 	-0.214873 	
0.61	0.31326 	-0.173606 	0.53742 	0.155967 	-1.43745 	-0.214873 	
0.615	0.31332 	-0.173606 	0.53743 	0.155967 	-1.43745 	-0.214873 	
0.62	0.313318 	-0.173595 	0.537424 	0.154385 	-1.43634 	-0.212693 	
0.625	0.313379 	-0.173595 	0.537435 	0.154385 	-1.43634 	-0.212693 	
0.63	0.31344 	-0.173595 	0.537446 	0.154385 	-1.43634 	-0.212693 	
0.635	0.313501 	-0.173595 	0.537457 	0.154385 	-1.43634 	-0.212693 	
0.64	0.3135 	-0.173585 	0.53745 	0.152795 	-1.43523 	-0.210503 	
0.645	0.313563 	-0.173585 	0.537461 	0.152795 	-1.43523 	-0.210503 	
0.65	0.313625 	-0.173585 	0.537473 	0.152795 	-1.43523 	-0.210503 	
0.655	0.313688 	-0.173585 	0.537484 	0.152795 	-1.43523 	-0.210503 	
0.66	0.313688 	-0.173574 	0.537477 	0.15117 	-1.43409 	-0.208263 	
0.665	0.313751 	-0.173574 	0.537489 	0.15117 	-1.43409 	-0.208263 	
0.67	0.313815 	-0.173574 	0.537501 	0.15117 	-1.43409 	-0.208263 	
0.675	0.313879 	-0.173574 	0.537512 	0.15117 	-1.43409 	-0.208263 	
0.68	0.313879 	-0.173563 	0.537505 	0.149506 	-1.43292 	-0.205971 	
0.685	0.313944 	-0.173563 	0.537517 	0.149506 	-1.43292 	-0.205971 	
0.69	0.31401 	-0.173563 	0.537529 	0.149506 	-1.43292 	-0.205971 	
0.695	0.314075 	-0.173563 	0.537541 	0.149506 	-1.43292 	-0.205971 	
0.7	0.314075 	-0.173552 	0.537534 	0.147804 	-1.43173 	-0.203627 	
0.705	0.314141 	-0.173552 	0.537546 	0.147804 	-1.43173 	-0.203627 	
0.71	0.314208 	-0.173552 	0.537558 	0.147804 	-1.43173 	-0.203627 	
0.715	0.314275 	-0.173552 	0.53757 	0.147804 	-1.43173 	-0.203627 	
0.72	0.314275 	-0.173541 	0.537563 	0.146066 	-1.43051 	-0.201232 	
0.725	0.314343 	-0.173541 	0.537575 	0.146066 	-1.43051 	-0.201232 	
0.73	0.314411 	-0.173541 	0.537588 	0.146066 	-1.43051 	-0.201232 	
0.735	0.31448 	-0.173541 	0.5376 	0.146066 	-1.43051 	-0.201232 	
0.74	0.314479 	-0.17353 	0.537593 	0.144293 	-1.42927 	-0.198789 	
0.745	0.314548 	-0.173529 	0.537605 	0.144293 	-1.42927 	-0.198789 	
0.75	0.314618 	-0.173529 	0.537618 	0.144293 	-1.42927 	-0.198789 	
0.755	0.314688 	-0.173529 	0.53763 	0.144293 	-1.42927 	-0.198789 	
0.76	0.314687 	-0.173518 	0.537623 	0.142485 	-1.428 	-0.196298 	
0.765	0.314757 	-0.173518 	0.537636 	0.142485 	-1.428 	-0.196298 	
0.77	0.314828 	-0.173517 	0.537649 	0.142485 	-1.428 	-0.196298 	
0.775	0.314899 	-0.173517 	0.537661 	0.142485 	-1.428 	-0.196299 	
0.78	0.314899 	-0.173506 	0.537654 	0.140644 	-1.42671 	-0.193762 	
0.785	0.31497 	-0.173506 	0.537667 	0.140644 	-1.42671 	-0.193762 	
0.79	0.315042 	-0.173505 	0.53768 	0.140644 	-1.42671 	-0.193762 	
0.795	0.315115 	-0.173505 	0.537693 	0.140644 	-1.42671 	-0.193762 	
0.8	0.315114 	-0.173494 	0.537685 	0.138771 	-1.42539 	-0.191182 	
0.805	0.315187 	-0.173493 	0.537699 	0.138771 	-1.42539 	-0.191182 	
0.81	0.31526 	-0.173493 	0.537712 	0.138771 	-1.42539 	-0.191182 	
0.815	0.315334 	-0.173492 	0.537725 	0.138771 	-1.42539 	-0.191182 	
0.82	0.315333 	-0.173482 	0.537717 	0.136868 	-1.42406 	-0.18856 	
0.825	0.315407 	-0.173481 	0.537731 	0.136868 	-1.42406 	-0.18856 	
0.83	0.315481 	-0.17348 	0.537744 	0.136868 	-1.42406 	-0.18856 	
0.835	0.315556 	-0.17348 	0.537757 	0.136868 	-1.42406 	-0.18856 	
0.84	0.315555 	-0.173469 	0.53775 	0.134935 	-1.4227 	-0.185896 	
0.845	0.31563 	-0.173468 	0.537763 	0.134935 	-1.4227 	-0.185896 	
0.85	0.315706 	-0.173468 	0.537777 	0.134935 	-1.4227 	-0.185896 	
0.855	0.315782 	-0.173467 	0.53779 	0.134935 	-1.4227 	-0.185896 	
0.86	0.315781 	-0.173456 	0.537783 	0.132973 	-1.42133 	-0.183194 	
0.865	0.315857 	-0.173456 	0.537796 	0.132973 	-1.42133 	-0.183194 	
0.87	0.315934 	-0.173455 	0.53781 	0.132973 	-1.42133 	-0.183194 	
0.875	0.31601 	-0.173454 	0.537824 	0.132973 	-1.42133 	-0.183194 	
0.88	0.316009 	-0.173444 	0.537816 	0.130984 	-1.41993 	-0.180454 	
0.885	0.316087 	-0.173443 	0.53783 	0.130984 	-1.41993 	-0.180454 	
0.89	0.316164 	-0.173442 	0.537843 	0.130984 	-1.41993 	-0.180454 	
0.895	0.316242 	-0.173441 	0.537857 	0.130984 	-1.41993 	-0.180454 	
0.9	0.316241 	-0.173431 	0.53785 	0.12897 	-1.41852 	-0.177679 	
0.905	0.316319 	-0.173429 	0.537864 	0.12897 	-1.41852 	-0.177679 	
0.91	0.316398 	-0.173428 	0.537878 	0.12897 	-1.41852 	-0.177679 	
0.915	0.316414 	-0.17342 	0.537875 	0.127391 	-1.41742 	-0.175504 	
0.92	0.316493 	-0.173419 	0.537889 	0.127391 	-1.41742 	-0.175504 	
0.925	0.316573 	-0.173418 	0.537903 	0.127391 	-1.41742 	-0.175504 	
0.93	0.316652 	-0.173417 	0.537917 	0.127391 	-1.41742 	-0.175504 	
0.935	0.316652 	-0.173407 	0.53791 	0.12538 	-1.41601 	-0.172734 	
0.94	0.316732 	-0.173406 	0.537924 	0.12538 	-1.41601 	-0.172734 	
0.945	0.316812 	-0.173405 	0.537938 	0.12538 	-1.41601 	-0.172734 	
0.95	0.316829 	-0.173397 	0.537935 	0.123775 	-1.41488 	-0.170522 	
0.955	0.31691 	-0.173396 	0.53795 	0.123775 	-1.41488 	-0.170522 	
0.96	0.316991 	-0.173394 	0.537964 	0.123775 	-1.41488 	-0.170522 	
0.965	0.31701 	-0.173387 	0.537962 	0.1222 	-1.41378 	-0.168353 	
0.97	0.317091 	-0.173385 	0.537976 	0.1222 	-1.41378 	-0.168353 	
0.975	0.317172 	-0.173384 	0.53799 	0.1222 	-1.41378 	-0.168353 	
0.98	0.317191 	-0.173377 	0.537988 	0.120618 	-1.41267 	-0.166173 	
0.985	0.317273 	-0.173375 	0.538002 	0.120618 	-1.41267 	-0.166173 	
0.99	0.317355 	-0.173374 	0.538017 	0.120618 	-1.41267 	-0.166173 	
0.995	0.317374 	-0.173366 	0.538015 	0.119026 	-1.41155 	-0.163979 	
1	0.317456 	-0.173365 	0.538029 	0.119026 	-1.41155 	-0.163979 	
1.005	0.317539 	-0.173363 	0.538044 	0.119026 	-1.41155 	-0.163979 	
1.01	0.317558 	-0.173356 	0.538041 	0.117423 	-1.41043 	-0.161771 	
1.015	0.317641 	-0.173354 	0.538056 	0.117423 	-1.41043 	-0.161771 	
1.02	0.317724 	-0.173352 	0.538071 	0.117423 	-1.41043 	-0.161771 	
1.025	0.317743 	-0.173346 	0.538068 	0.115811 	-1.4093 	-0.15955 	
1.03	0.317826 	-0.173344 	0.538083 	0.115811 	-1.4093 	-0.15955 	
1.035	0.31791 	-0.173342 	0.538098 	0.115811 	-1.4093 	-0.15955 	
1.04	0.317929 	-0.173335 	0.538096 	0.114189 	-1.40816 	-0.157316 	
1.045	0.318013 	-0.173333 	0.53811 	0.114189 	-1.40816 	-0.157316 	
1.05	0.318097 	-0.173331 	0.538125 	0.114189 	-1.40816 	-0.157316 	
1.055	0.318116 	-0.173325 	0.538123 	0.112559 	-1.40702 	-0.15507 	
1.06	0.318201 	-0.173323 	0.538138 	0.112559 	-1.40702 	-0.15507 	
1.065	0.318285 	-0.17332 	0.538152 	0.112559 	-1.40702 	-0.15507 	
1.07	0.318304 	-0.173314 	0.53815 	0.110921 	-1.40587 	-0.152813 	
1.075	0.318389 	-0.173312 	0.538165 	0.110921 	-1.40587 	-0.152813 	
1.08	0.318474 	-0.17331 	0.53818 	0.110921 	-1.40587 	-0.152813 	
1.085	0.318493 	-0.173303 	0.538178 	0.109275 	-1.40471 	-0.150545 	
1.09	0.318578 	-0.173301 	0.538193 	0.109275 	-1.40471 	-0.150546 	
1.095	0.318663 	-0.173299 	0.538207 	0.109275 	-1.40471 	-0.150546 	
1.1	0.318683 	-0.173293 	0.538205 	0.107622 	-1.40356 	-0.148269 	
1.105	0.318768 	-0.17329 	0.53822 	0.107622 	-1.40356 	-0.148269 	
1.11	0.318854 	-0.173288 	0.538235 	0.107622 	-1.40356 	-0.148269 	
1.115	0.318873 	-0.173282 	0.538233 	0.105963 	-1.40239 	-0.145983 	
1.12	0.318959 	-0.173279 	0.538248 	0.105963 	-1.40239 	-0.145983 	
1.125	0.319045 	-0.173277 	0.538263 	0.105963 	-1.40239 	-0.145983 	
1.13	0.319064 	-0.173271 	0.538261 	0.104298 	-1.40122 	-0.14369 	
1.135	0.31915 	-0.173269 	0.538276 	0.104298 	-1.40122 	-0.14369 	
1.14	0.319236 	-0.173266 	0.538291 	0.104298 	-1.40122 	-0.14369 	
1.145	0.319256 	-0.17326 	0.538289 	0.102629 	-1.40005 	-0.141389 	
1.15	0.319342 	-0.173258 	0.538304 	0.102629 	-1.40005 	-0.141389 	
1.155	0.319429 	-0.173255 	0.538319 	0.102629 	-1.40005 	-0.141389 	
1.16	0.319448 	-0.17325 	0.538317 	0.100954 	-1.39888 	-0.139083 	
1.165	0.319535 	-0.173247 	0.538332 	0.100954 	-1.39888 	-0.139083 	
1.17	0.319621 	-0.173244 	0.538347 	0.100954 	-1.39888 	-0.139083 	
1.175	0.319641 	-0.173239 	0.538345 	0.099276 	-1.3977 	-0.13677 	
1.18	0.319727 	-0.173236 	0.53836 	0.099276 	-1.3977 	-0.13677 	
1.185	0.319814 	-0.173233 	0.538375 	0.099276 	-1.3977 	-0.13677 	
1.19	0.319834 	-0.173228 	0.538373 	0.0975943 	-1.39652 	-0.134454 	
1.195	0.31992 	-0.173225 	0.538388 	0.0975943 	-1.39652 	-0.134454 	
1.2	0.320007 	-0.173222 	0.538403 	0.0975943 	-1.39652 	-0.134454 	
1.205	0.320027 	-0.173217 	0.538401 	0.0959099 	-1.39534 	-0.132133 	
1.21	0.320114 	-0.173214 	0.538416 	0.0959099 	-1.39534 	-0.132133 	
1.215	0.320201 	-0.173211 	0.538431 	0.0959099 	-1.39534 	-0.132133 	
1.22	0.320221 	-0.173206 	0.538429 	0.0942234 	-1.39416 	-0.129809 	
1.225	0.320307 	-0.173203 	0.538444 	0.0942234 	-1.39416 	-0.129809 	
1.23	0.320394 	-0.1732 	0.538459 	0.0942234 	-1.39416 	-0.129809 	
1.235	0.320414 	-0.173195 	0.538458 	0.0925352 	-1.39298 	-0.127484 	
1.24	0.320501 	-0.173192 	0.538473 	0.0925352 	-1.39298 	-0.127484 	
1.245	0.320588 	-0.173188 	0.538487 	0.0925352 	-1.39298 	-0.127484 	
1.25	0.320608 	-0.173184 	0.538486 	0.0908462 	-1.39179 	-0.125157 	
1.255	0.320695 	-0.173181 	0.538501 	0.0908462 	-1.39179 	-0.125157 	
1.26	0.320782 	-0.173177 	0.538516 	0.0908462 	-1.39179 	-0.125157 	
1.265	0.320802 	-0.173173 	0.538514 	0.0891567 	-1.39061 	-0.122829 	
1.27	0.320889 	-0.17317 	0.538529 	0.0891567 	-1.39061 	-0.122829 	
1.275	0.320976 	-0.173166 	0.538544 	0.0891567 	-1.39061 	-0.122829 	
1.28	0.320996 	-0.173162 	0.538542 	0.0874675 	-1.38942 	-0.120502 	
1.285	0.321083 	-0.173159 	0.538557 	0.0874675 	-1.38942 	-0.120502 	
1.29	0.321169 	-0.173155 	0.538572 	0.0874675 	-1.38942 	-0.120502 	
1.295	0.321189 	-0.173152 	0.538571 	0.0857791 	-1.38824 	-0.118176 	
1.3	0.321276 	-0.173148 	0.538585 	0.0857791 	-1.38824 	-0.118176 	
1.305	0.321363 	-0.173144 	0.5386 	0.0857791 	-1.38824 	-0.118176 	
1.31	0.321383 	-0.173141 	0.538599 	0.0840921 	-1.38706 	-0.115852 	
1.315	0.321469 	-0.173137 	0.538614 	0.0840921 	-1.38706 	-0.115852 	
1.32	0.321556 	-0.173133 	0.538628 	0.0840921 	-1.38706 	-0.115852 	
1.325	0.321576 	-0.17313 	0.538627 	0.0824072 	-1.38588 	-0.113531 	
1.33	0.321663 	-0.173126 	0.538642 	0.0824072 	-1.38588 	-0.113531 	
1.335	0.321749 	-0.173122 	0.538656 	0.0824072 	-1.38588 	-0.113531 	
1.34	0.321769 	-0.173119 	0.538655 	0.0807249 	-1.3847 	-0.111213 	
1.345	0.321855 	-0.173115 	0.53867 	0.0807249 	-1.3847 	-0.111213 	
1.35	0.321942 	-0.173111 	0.538684 	0.0807249 	-1.3847 	-0.111213 	
1.355	0.321961 	-0.173108 	0.538683 	0.0790457 	-1.38352 	-0.1089 	
1.36	0.322048 	-0.173104 	0.538698 	0.0790457 	-1.38352 	-0.1089 	
1.365	0.322134 	-0.1731 	0.538712 	0.0790457 	-1.38352 	-0.1089 	
1.37	0.322153 	-0.173097 	0.538711 	0.0773704 	-1.38234 	-0.106592 	
1.375	0.32224 	-0.173093 	0.538726 	0.0773704 	-1.38234 	-0.106592 	
1.38	0.322326 	-0.173089 	0.53874 	0.0773704 	-1.38234 	-0.106592 	
1.385	0.322345 	-0.173086 	0.538739 	0.0756995 	-1.38117 	-0.10429 	
1.39	0.322431 	-0.173082 	0.538754 	0.0756995 	-1.38117 	-0.10429 	
1.395	0.322517 	-0.173078 	0.538768 	0.0756995 	-1.38117 	-0.10429 	
1.4	0.322536 	-0.173076 	0.538767 	0.0740336 	-1.38001 	-0.101995 	
1.405	0.322622 	-0.173071 	0.538781 	0.0740336 	-1.38001 	-0.101995 	
1.41	0.322707 	-0.173067 	0.538796 	0.0740336 	-1.38001 	-0.101995 	
1.415	0.322726 	-0.173065 	0.538795 	0.0723733 	-1.37884 	-0.0997071 	
1.42	0.322812 	-0.17306 	0.538809 	0.0723733 	-1.37884 	-0.0997071 	
1.425	0.322897 	-0.173056 	0.538823 	0.0723733 	-1.37884 	-0.0997071 	
1.43	0.322916 	-0.173054 	0.538822 	0.0707192 	-1.37768 	-0.0974282 	
1.435	0.323001 	-0.17305 	0.538836 	0.0707192 	-1.37768 	-0.0974282 	
1.44	0.323086 	-0.173045 	0.538851 	0.0707192 	-1.37768 	-0.0974282 	
1.445	0.323105 	-0.173044 	0.53885 	0.0690718 	-1.37653 	-0.0951586 	
1.45	0.323189 	-0.173039 	0.538864 	0.0690718 	-1.37653 	-0.0951586 	
1.455	0.323274 	-0.173034 	0.538878 	0.0690718 	-1.37653 	-0.0951586 	
1.46	0.323293 	-0.173033 	0.538877 	0.0674317 	-1.37538 	-0.0928992 	
1.465	0.323377 	-0.173028 	0.538891 	0.0674317 	-1.37538 	-0.0928992 	
1.47	0.323461 	-0.173024 	0.538905 	0.0674317 	-1.37538 	-0.0928992 	
1.475	0.32348 	-0.173022 	0.538904 	0.0657996 	-1.37423 	-0.0906506 	
1.48	0.323564 	-0.173018 	0.538918 	0.0657996 	-1.37423 	-0.0906506 	
1.485	0.323647 	-0.173013 	0.538932 	0.0657996 	-1.37423 	-0.0906506 	
1.49	0.323666 	-0.173012 	0.538932 	0.0641759 	-1.37309 	-0.0884137 	
1.495	0.323749 	-0.173007 	0.538945 	0.0641759 	-1.37309 	-0.0884137 	
1.5	0.323833 	-0.173002 	0.538959 	0.0641759 	-1.37309 	-0.0884137 	
1.505	0.323851 	-0.173002 	0.538959 	0.0625613 	-1.37196 	-0.0861894 	
1.51	0.323934 	-0.172997 	0.538972 	0.0625613 	-1.37196 	-0.0861894 	
1.515	0.324017 	-0.172992 	0.538986 	0.0625613 	-1.37196 	-0.0861894 	
1.52	0.324035 	-0.172991 	0.538985 	0.0609564 	-1.37084 	-0.0839783 	
1.525	0.324117 	-0.172986 	0.538999 	0.0609564 	-1.37084 	-0.0839783 	
1.53	0.324199 	-0.172981 	0.539013 	0.0609564 	-1.37084 	-0.0839783 	
1.535	0.324218 	-0.172981 	0.539012 	0.0593617 	-1.36972 	-0.0817813 	
1.54	0.3243 	-0.172976 	0.539025 	0.0593617 	-1.36972 	-0.0817813 	
1.545	0.324381 	-0.172971 	0.539039 	0.0593617 	-1.36972 	-0.0817813 	
1.55	0.324399 	-0.172971 	0.539038 	0.0577777 	-1.36861 	-0.0795991 	
1.555	0.32448 	-0.172966 	0.539052 	0.0577777 	-1.36861 	-0.0795991 	
1.56	0.324561 	-0.172961 	0.539065 	0.0577777 	-1.36861 	-0.0795991 	
1.565	0.324579 	-0.17296 	0.539065 	0.0562051 	-1.36751 	-0.0774326 	
1.57	0.32466 	-0.172955 	0.539078 	0.0562051 	-1.36751 	-0.0774326 	
1.575	0.32474 	-0.17295 	0.539091 	0.0562051 	-1.36751 	-0.0774326 	
1.58	0.324758 	-0.17295 	0.539091 	0.0546444 	-1.36641 	-0.0752824 	
1.585	0.324838 	-0.172945 	0.539104 	0.0546444 	-1.36641 	-0.0752824 	
1.59	0.324918 	-0.17294 	0.539117 	0.0546444 	-1.36641 	-0.0752824 	
1.595	0.324936 	-0.17294 	0.539117 	0.0530961 	-1.36533 	-0.0731494 	
1.6	0.325015 	-0.172935 	0.53913 	0.0530961 	-1.36533 	-0.0731494 	
1.605	0.325094 	-0.17293 	0.539143 	0.0530961 	-1.36533 	-0.0731494 	
1.61	0.325112 	-0.172931 	0.539142 	0.0515608 	-1.36425 	-0.0710342 	
1.615	0.32519 	-0.172925 	0.539155 	0.0515608 	-1.36425 	-0.0710342 	
1.62	0.325268 	-0.17292 	0.539168 	0.0515608 	-1.36425 	-0.0710342 	
1.625	0.325347 	-0.172915 	0.539181 	0.0515608 	-1.36425 	-0.0710342 	
1.63	0.325346 	-0.172917 	0.539176 	0.0495871 	-1.36286 	-0.0683149 	
1.635	0.325423 	-0.172912 	0.539189 	0.0495871 	-1.36286 	-0.0683149 	
1.64	0.325501 	-0.172907 	0.539202 	0.0495871 	-1.36286 	-0.0683149 	
1.645	0.325516 	-0.172908 	0.539201 	0.0480374 	-1.36178 	-0.06618 	
1.65	0.325593 	-0.172902 	0.539214 	0.0480374 	-1.36178 	-0.06618 	
1.655	0.325669 	-0.172897 	0.539226 	0.0480374 	-1.36178 	-0.06618 	
1.66	0.325746 	-0.172892 	0.539239 	0.0480374 	-1.36178 	-0.06618 	
1.665	0.325745 	-0.172895 	0.539235 	0.0461029 	-1.36042 	-0.0635148 	
1.67	0.32582 	-0.172889 	0.539247 	0.0461029 	-1.36042 	-0.0635148 	
1.675	0.325896 	-0.172884 	0.539259 	0.0461029 	-1.36042 	-0.0635148 	
1.68	0.325971 	-0.172879 	0.539271 	0.0461029 	-1.36042 	-0.0635148 	
1.685	0.325968 	-0.172882 	0.539267 	0.0441537 	-1.35905 	-0.0608294 	
1.69	0.326043 	-0.172877 	0.539279 	0.0441537 	-1.35905 	-0.0608294 	
1.695	0.326118 	-0.172871 	0.539291 	0.0441537 	-1.35905 	-0.0608294 	
1.7	0.326192 	-0.172866 	0.539303 	0.0441537 	-1.35905 	-0.0608294 	
1.705	0.326189 	-0.17287 	0.539299 	0.0422289 	-1.35771 	-0.0581777 	
1.71	0.326262 	-0.172864 	0.539311 	0.0422289 	-1.35771 	-0.0581777 	
1.715	0.326336 	-0.172859 	0.539323 	0.0422289 	-1.35771 	-0.0581777 	
1.72	0.326409 	-0.172854 	0.539335 	0.0422289 	-1.35771 	-0.0581777 	
1.725	0.326406 	-0.172858 	0.539331 	0.0403337 	-1.35638 	-0.0555666 	
1.73	0.326478 	-0.172852 	0.539343 	0.0403337 	-1.35638 	-0.0555666 	
1.735	0.32655 	-0.172847 	0.539354 	0.0403337 	-1.35638 	-0.0555666 	
1.74	0.326622 	-0.172841 	0.539366 	0.0403337 	-1.35638 	-0.0555666 	
1.745	0.326619 	-0.172845 	0.539362 	0.0384695 	-1.35507 	-0.0529984 	
1.75	0.32669 	-0.17284 	0.539373 	0.0384695 	-1.35507 	-0.0529984 	
1.755	0.326761 	-0.172835 	0.539385 	0.0384695 	-1.35507 	-0.0529984 	
1.76	0.326831 	-0.172829 	0.539396 	0.0384695 	-1.35507 	-0.0529984 	
1.765	0.326829 	-0.172834 	0.539392 	0.0366376 	-1.35379 	-0.0504746 	
1.77	0.326898 	-0.172828 	0.539404 	0.0366376 	-1.35379 	-0.0504746 	
1.775	0.326968 	-0.172823 	0.539415 	0.0366376 	-1.35379 	-0.0504746 	
1.78	0.327037 	-0.172818 	0.539426 	0.0366376 	-1.35379 	-0.0504746 	
1.785	0.327034 	-0.172822 	0.539422 	0.0348391 	-1.35252 	-0.0479969 	
1.79	0.327103 	-0.172817 	0.539433 	0.0348391 	-1.35252 	-0.0479969 	
1.795	0.327171 	-0.172811 	0.539444 	0.0348391 	-1.35252 	-0.0479969 	
1.8	0.327239 	-0.172806 	0.539455 	0.0348391 	-1.35252 	-0.0479969 	
1.805	0.327236 	-0.172811 	0.539452 	0.0330752 	-1.35129 	-0.0455669 	
1.81	0.327303 	-0.172805 	0.539463 	0.0330752 	-1.35129 	-0.0455669 	
1.815	0.32737 	-0.1728 	0.539473 	0.0330752 	-1.35129 	-0.0455669 	
1.82	0.327436 	-0.172795 	0.539484 	0.0330752 	-1.35129 	-0.0455669 	
1.825	0.327434 	-0.1728 	0.539481 	0.031347 	-1.35008 	-0.043186 	
1.83	0.327499 	-0.172794 	0.539491 	0.031347 	-1.35008 	-0.043186 	
1.835	0.327565 	-0.172789 	0.539502 	0.031347 	-1.35008 	-0.043186 	
1.84	0.32763 	-0.172784 	0.539512 	0.031347 	-1.35008 	-0.043186 	
1.845	0.327627 	-0.172789 	0.539509 	0.0296556 	-1.34889 	-0.0408558 	
1.85	0.327691 	-0.172783 	0.539519 	0.0296556 	-1.34889 	-0.0408558 	
1.855	0.327755 	-0.172778 	0.539529 	0.0296556 	-1.34889 	-0.0408558 	
1.86	0.327819 	-0.172773 	0.539539 	0.0296556 	-1.34889 	-0.0408558 	
1.865	0.327816 	-0.172778 	0.539536 	0.0280021 	-1.34773 	-0.0385777 	
1.87	0.327879 	-0.172773 	0.539546 	0.0280021 	-1.34773 	-0.0385777 	
1.875	0.327941 	-0.172768 	0.539556 	0.0280021 	-1.34773 	-0.0385777 	
1.88	0.328003 	-0.172763 	0.539566 	0.0280021 	-1.34773 	-0.0385777 	
1.885	0.328001 	-0.172768 	0.539563 	0.0263874 	-1.3466 	-0.0363533 	
1.89	0.328062 	-0.172763 	0.539573 	0.0263874 	-1.3466 	-0.0363533 	
1.895	0.328123 	-0.172757 	0.539583 	0.0263874 	-1.3466 	-0.0363533 	
1.9	0.328183 	-0.172752 	0.539592 	0.0263874 	-1.3466 	-0.0363533 	
1.905	0.328181 	-0.172758 	0.539589 	0.0248126 	-1.3455 	-0.0341837 	
1.91	0.32824 	-0.172753 	0.539599 	0.0248126 	-1.3455 	-0.0341837 	
1.915	0.328299 	-0.172747 	0.539608 	0.0248126 	-1.3455 	-0.0341837 	
1.92	0.328358 	-0.172742 	0.539618 	0.0248126 	-1.3455 	-0.0341837 	
1.925	0.328356 	-0.172748 	0.539615 	0.0232788 	-1.34442 	-0.0320705 	
1.93	0.328414 	-0.172743 	0.539624 	0.0232788 	-1.34442 	-0.0320705 	
1.935	0.328471 	-0.172738 	0.539633 	0.0232788 	-1.34442 	-0.0320705 	
1.94	0.328529 	-0.172733 	0.539642 	0.0232788 	-1.34442 	-0.0320705 	
1.945	0.328585 	-0.172728 	0.539651 	0.0232788 	-1.34442 	-0.0320705 	
1.95	0.32857 	-0.172736 	0.539646 	0.021459 	-1.34314 	-0.0295634 	
1.955	0.328625 	-0.172731 	0.539655 	0.021459 	-1.34314 	-0.0295634 	
1.96	0.328681 	-0.172726 	0.539664 	0.021459 	-1.34314 	-0.0295634 	
1.965	0.328736 	-0.172721 	0.539673 	0.021459 	-1.34314 	-0.0295634 	
1.97	0.328791 	-0.172716 	0.539681 	0.021459 	-1.34314 	-0.0295634 	
1.975	0.328774 	-0.172724 	0.539676 	0.0196704 	-1.34189 	-0.0270993 	
1.98	0.328828 	-0.172719 	0.539684 	0.0196704 	-1.34189 	-0.0270993 	
1.985	0.328881 	-0.172715 	0.539693 	0.0196704 	-1.34189 	-0.0270993 	
1.99	0.328934 	-0.17271 	0.539701 	0.0196704 	-1.34189 	-0.0270993 	
1.995	0.328987 	-0.172705 	0.53971 	0.0196704 	-1.34189 	-0.0270993 	
2	0.328971 	-0.172713 	0.539705 	0.0179471 	-1.34068 	-0.0247251 	
2.005	0.329022 	-0.172708 	0.539713 	0.0179471 	-1.34068 	-0.0247251 	
2.01	0.329074 	-0.172704 	0.539721 	0.0179471 	-1.34068 	-0.0247251 	
2.015	0.329124 	-0.172699 	0.539729 	0.0179471 	-1.34068 	-0.0247251 	
2.02	0.329175 	-0.172695 	0.539737 	0.0179471 	-1.34068 	-0.0247251 	
2.025	0.329159 	-0.172702 	0.539732 	0.016294 	-1.33952 	-0.0224478 	
2.03	0.329209 	-0.172698 	0.53974 	0.016294 	-1.33952 	-0.0224478 	
2.035	0.329258 	-0.172693 	0.539748 	0.016294 	-1.33952 	-0.0224478 	
2.04	0.329306 	-0.172689 	0.539755 	0.016294 	-1.33952 	-0.0224478 	
2.045	0.329354 	-0.172685 	0.539763 	0.016294 	-1.33952 	-0.0224478 	
2.05	0.329339 	-0.172692 	0.539758 	0.0147132 	-1.33841 	-0.0202699 	
2.055	0.329386 	-0.172688 	0.539766 	0.0147132 	-1.33841 	-0.0202699 	
2.06	0.329433 	-0.172684 	0.539773 	0.0147132 	-1.33841 	-0.0202699 	
2.065	0.329479 	-0.172679 	0.53978 	0.0147132 	-1.33841 	-0.0202699 	
2.07	0.329525 	-0.172675 	0.539788 	0.0147132 	-1.33841 	-0.0202699 	
2.075	0.32957 	-0.172671 	0.539795 	0.0147132 	-1.33841 	-0.0202699 	
2.08	0.329545 	-0.172681 	0.539788 	0.0129452 	-1.33717 	-0.0178342 	
2.085	0.32959 	-0.172676 	0.539795 	0.0129452 	-1.33717 	-0.0178342 	
2.09	0.329634 	-0.172672 	0.539802 	0.0129452 	-1.33717 	-0.0178342 	
2.095	0.329677 	-0.172668 	0.539809 	0.0129452 	-1.33717 	-0.0178342 	
2.1	0.32972 	-0.172664 	0.539816 	0.0129452 	-1.33717 	-0.0178342 	
2.105	0.329762 	-0.17266 	0.539822 	0.0129452 	-1.33717 	-0.0178342 	
2.11	0.329738 	-0.17267 	0.539816 	0.011256 	-1.33599 	-0.015507 	
2.115	0.329779 	-0.172666 	0.539823 	0.011256 	-1.33599 	-0.015507 	
2.12	0.32982 	-0.172662 	0.539829 	0.011256 	-1.33599 	-0.015507 	
2.125	0.329861 	-0.172658 	0.539836 	0.011256 	-1.33599 	-0.015507 	
2.13	0.329901 	-0.172654 	0.539842 	0.011256 	-1.33599 	-0.015507 	
2.135	0.32994 	-0.172651 	0.539848 	0.011256 	-1.33599 	-0.015507 	
2.14	0.329917 	-0.17266 	0.539842 	0.00967487 	-1.33488 	-0.0133287 	
2.145	0.329956 	-0.172656 	0.539849 	0.00967487 	-1.33488 	-0.0133287 	
2.15	0.329994 	-0.172652 	0.539855 	0.00967487 	-1.33488 	-0.0133287 	
2.155	0.330032 	-0.172649 	0.53986 	0.00967487 	-1.33488 	-0.0133287 	
2.16	0.330069 	-0.172645 	0.539866 	0.00967487 	-1.33488 	-0.0133287 	
2.165	0.330105 	-0.172642 	0.539872 	0.00967487 	-1.33488 	-0.0133287 	
2.17	0.330142 	-0.172638 	0.539878 	0.00967487 	-1.33488 	-0.0133287 	
2.175	0.330111 	-0.172649 	0.539871 	0.00799923 	-1.33371 	-0.0110202 	
2.18	0.330146 	-0.172645 	0.539876 	0.00799923 	-1.33371 	-0.0110202 	
2.185	0.330181 	-0.172642 	0.539882 	0.00799923 	-1.33371 	-0.0110202 	
2.19	0.330215 	-0.172639 	0.539887 	0.00799923 	-1.33371 	-0.0110202 	
2.195	0.330249 	-0.172635 	0.539892 	0.00799923 	-1.33371 	-0.0110202 	
2.2	0.330282 	-0.172632 	0.539897 	0.00799923 	-1.33371 	-0.0110202 	
2.205	0.330315 	-0.172629 	0.539903 	0.00799923 	-1.33371 	-0.0110202 	
2.21	0.330286 	-0.172639 	0.539896 	0.0064557 	-1.33262 	-0.00889373 	
2.215	0.330317 	-0.172636 	0.539901 	0.0064557 	-1.33262 	-0.00889373 	
2.22	0.330349 	-0.172633 	0.539906 	0.0064557 	-1.33262 	-0.00889373 	
2.225	0.330379 	-0.17263 	0.539911 	0.0064557 	-1.33262 	-0.00889373 	
2.23	0.330409 	-0.172627 	0.539915 	0.0064557 	-1.33262 	-0.00889373 	
2.235	0.330439 	-0.172624 	0.53992 	0.0064557 	-1.33262 	-0.00889373 	
2.24	0.330468 	-0.172621 	0.539925 	0.0064557 	-1.33262 	-0.00889373 	
2.245	0.330497 	-0.172618 	0.539929 	0.0064557 	-1.33262 	-0.00889373 	
2.25	0.330464 	-0.172629 	0.539922 	0.00490671 	-1.33154 	-0.00675971 	
2.255	0.330491 	-0.172626 	0.539926 	0.00490671 	-1.33154 	-0.00675971 	
2.26	0.330518 	-0.172624 	0.539931 	0.00490671 	-1.33154 	-0.00675971 	
2.265	0.330545 	-0.172621 	0.539935 	0.00490671 	-1.33154 	-0.00675971 	
2.27	0.330571 	-0.172618 	0.539939 	0.00490671 	-1.33154 	-0.00675971 	
2.275	0.330596 	-0.172616 	0.539943 	0.00490671 	-1.33154 	-0.00675971 	
2.28	0.330621 	-0.172613 	0.539947 	0.00490671 	-1.33154 	-0.00675971 	
2.285	0.330646 	-0.172611 	0.53995 	0.00490671 	-1.33154 	-0.00675971 	
2.29	0.330669 	-0.172609 	0.539954 	0.00490671 	-1.33154 	-0.00675971 	
2.295	0.330693 	-0.172606 	0.539958 	0.00490671 	-1.33154 	-0.00675971 	
2.3	0.330652 	-0.172618 	0.53995 	0.00327998 	-1.3304 	-0.00451858 	
2.305	0.330674 	-0.172616 	0.539953 	0.00327998 	-1.3304 	-0.00451858 	
2.31	0.330696 	-0.172614 	0.539956 	0.00327998 	-1.3304 	-0.00451858 	
2.315	0.330717 	-0.172612 	0.53996 	0.00327998 	-1.3304 	-0.00451858 	
2.32	0.330738 	-0.17261 	0.539963 	0.00327998 	-1.3304 	-0.00451858 	
2.325	0.330758 	-0.172608 	0.539966 	0.00327998 	-1.3304 	-0.00451858 	
2.33	0.330778 	-0.172606 	0.539969 	0.00327998 	-1.3304 	-0.00451858 	
2.335	0.330797 	-0.172604 	0.539972 	0.00327998 	-1.3304 	-0.00451858 	
2.34	0.330816 	-0.172602 	0.539975 	0.00327998 	-1.3304 	-0.00451858 	
2.345	0.330834 	-0.1726 	0.539978 	0.00327998 	-1.3304 	-0.00451858 	
2.35	0.330851 	-0.172598 	0.539981 	0.00327998 	-1.3304 	-0.00451858 	
2.355	0.330868 	-0.172597 	0.539983 	0.00327998 	-1.3304 	-0.00451858 	
2.36	0.330825 	-0.172609 	0.539975 	0.00175596 	-1.32933 	-0.00241898 	
2.365	0.330841 	-0.172607 	0.539977 	0.00175596 	-1.32933 	-0.00241898 	
2.37	0.330856 	-0.172605 	0.53998 	0.00175596 	-1.32933 	-0.00241898 	
2.375	0.330871 	-0.172604 	0.539982 	0.00175596 	-1.32933 	-0.00241898 	
2.38	0.330885 	-0.172603 	0.539984 	0.00175596 	-1.32933 	-0.00241898 	
2.385	0.330899 	-0.172601 	0.539986 	0.00175596 	-1.32933 	-0.00241898 	
2.39	0.330912 	-0.1726 	0.539988 	0.00175596 	-1.32933 	-0.00241898 	
2.395	0.330925 	-0.172598 	0.53999 	0.00175596 	-1.32933 	-0.00241898 	
2.4	0.330937 	-0.172597 	0.539992 	0.00175596 	-1.32933 	-0.00241898 	
2.405	0.330949 	-0.172596 	0.539994 	0.00175596 	-1.32933 	-0.00241898 	
2.41	0.33096 	-0.172595 	0.539996 	0.00175596 	-1.32933 	-0.00241898 	
2.415	0.330971 	-0.172594 	0.539997 	0.00175596 	-1.32933 	-0.00241898 	
2.42	0.330981 	-0.172593 	0.539999 	0.00175596 	-1.32933 	-0.00241898 	
2.425	0.330989 	-0.172592 	0.54 	0.00175596 	-1.32933 	-0.00241898 	
2.43	0.330999 	-0.172591 	0.540002 	0.00175596 	-1.32933 	-0.00241898 	
2.435	0.331007 	-0.17259 	0.540003 	0.00175596 	-1.32933 	-0.00241898 	
2.44	0.331015 	-0.172589 	0.540004 	0.00175596 	-1.32933 	-0.00241898 	
2.445	0.331022 	-0.172589 	0.540005 	0.00175596 	-1.32933 	-0.00241898 	
2.45	0.331029 	-0.172588 	0.540006 	0.00175596 	-1.32933 	-0.00241898 	
2.455	0.331035 	-0.172587 	0.540007 	0.00175596 	-1.32933 	-0.00241898 	
2.46	0.331041 	-0.172587 	0.540008 	0.00175596 	-1.32933 	-0.00241898 	
2.465	0.331046 	-0.172586 	0.540009 	0.00175596 	-1.32933 	-0.00241898 	
2.47	0.331051 	-0.172586 	0.54001 	0.00175596 	-1.32933 	-0.00241898 	
2.475	0.331055 	-0.172585 	0.540011 	0.00175596 	-1.32933 	-0.00241898 	
2.48	0.330999 	-0.172599 	0.54 	0.000234724 	-1.32826 	-0.000323205 	
2.485	0.331002 	-0.172599 	0.540001 	0.000234724 	-1.32826 	-0.000323205 	
2.49	0.331005 	-0.172598 	0.540001 	0.000234724 	-1.32826 	-0.000323205 	
2.495	0.331006 	-0.172598 	0.540001 	0.000234724 	-1.32826 	-0.000323205 	
2.5	0.331008 	-0.172598 	0.540001 	0.000234724 	-1.32826 	-0.000323205 	
2.505	0.331008 	-0.172598 	0.540001 	0.000234724 	-1.32826 	-0.000323205 	
2.51	0.331005 	-0.172602 	0.540002 	0.000234724 	-1.32826 	-0.000323205 	
2.515	0.331005 	-0.172602 	0.540002 	0.000234724 	-1.32826 	-0.000323205 	
2.52	0.331005 	-0.172602 	0.540002 	0.000234724 	-1.32826 	-0.000323205 	
2.525	0.331005 	-0.172603 	0.54 	0.000234724 	-1.32826 	-0.000323205 	
2.53	0.331005 	-0.172603 	0.539999 	0.000234724 	-1.32826 	-0.000323205 	
2.535	0.331005 	-0.172603 	0.539998 	0.000234724 	-1.32826 	-0.000323205 	
2.54	0.331005 	-0.172603 	0.539997 	0.000234724 	-1.32826 	-0.000323205 	
2.545	0.331014 	-0.172594 	0.539994 	0.000234724 	-1.32826 	-0.000323205 	
2.55	0.331015 	-0.172594 	0.539992 	0.000234724 	-1.32826 	-0.000323205 	
2.555	0.331015 	-0.172594 	0.53999 	0.000234724 	-1.32826 	-0.000323205 	
2.56	0.331015 	-0.172594 	0.539987 	0.000234725 	-1.32826 	-0.000323205 	
2.565	0.331016 	-0.172595 	0.539984 	0.000234725 	-1.32826 	-0.000323205 	
2.57	0.331016 	-0.172595 	0.539981 	0.000234725 	-1.32826 	-0.000323206 	
2.575	0.331017 	-0.172595 	0.539977 	0.000234725 	-1.32826 	-0.000323206 	
2.58	0.331017 	-0.172595 	0.539973 	0.000234725 	-1.32826 	-0.000323206 	
2.585	0.331018 	-0.172596 	0.539969 	0.000234726 	-1.32826 	-0.000323206 	
2.59	0.331018 	-0.172596 	0.539964 	0.000234726 	-1.32826 	-0.000323207 	
2.595	0.331019 	-0.172596 	0.53996 	0.000234727 	-1.32826 	-0.000323207 	
2.6	0.33102 	-0.172597 	0.539954 	0.000234727 	-1.32826 	-0.000323208 	
2.605	0.33102 	-0.172597 	0.539949 	0.000234728 	-1.32826 	-0.000323208 	
2.61	0.331021 	-0.172597 	0.539943 	0.000234728 	-1.32826 	-0.000323209 	
2.615	0.331022 	-0.172598 	0.539937 	0.000234729 	-1.32826 	-0.00032321 	
2.62	0.331023 	-0.172598 	0.539931 	0.000234729 	-1.32826 	-0.00032321 	
2.625	0.331024 	-0.172598 	0.539925 	0.00023473 	-1.32826 	-0.000323211 	
2.63	0.331025 	-0.172599 	0.539918 	0.000234731 	-1.32826 	-0.000323212 	
2.635	0.331025 	-0.172599 	0.53991 	0.000234732 	-1.32826 	-0.000323213 	
2.64	0.331026 	-0.1726 	0.539903 	0.000234733 	-1.32826 	-0.000323214 	
2.645	0.331028 	-0.1726 	0.539895 	0.000234734 	-1.32826 	-0.000323215 	
2.65	0.33102 	-0.172609 	0.539886 	0.000234734 	-1.32826 	-0.000323215 	
2.655	0.331021 	-0.17261 	0.539879 	0.000234735 	-1.32826 	-0.000323216 	
2.66	0.331022 	-0.172611 	0.53987 	0.000234736 	-1.32826 	-0.000323217 	
2.665	0.331023 	-0.172611 	0.539861 	0.000234738 	-1.32826 	-0.000323219 	
2.67	0.331025 	-0.172612 	0.539851 	0.000234739 	-1.32826 	-0.00032322 	
2.675	0.331026 	-0.172612 	0.539843 	0.00023474 	-1.32826 	-0.000323222 	
2.68	0.331027 	-0.172613 	0.539832 	0.000234742 	-1.32826 	-0.000323224 	
2.685	0.331029 	-0.172614 	0.539822 	0.000234744 	-1.32826 	-0.000323225 	
2.69	0.33103 	-0.172614 	0.539812 	0.000234745 	-1.32826 	-0.000323227 	
2.695	0.331031 	-0.172615 	0.539801 	0.000234747 	-1.32826 	-0.000323229 	
2.7	0.331033 	-0.172616 	0.53979 	0.000234749 	-1.32826 	-0.00032323 	
2.705	0.331034 	-0.172616 	0.539779 	0.00023475 	-1.32826 	-0.000323232 	
2.71	0.331036 	-0.172617 	0.539767 	0.000234752 	-1.32826 	-0.000323234 	
2.715	0.331037 	-0.172618 	0.539756 	0.000234754 	-1.32826 	-0.000323237 	
2.72	0.331039 	-0.172619 	0.539744 	0.000234757 	-1.32826 	-0.000323239 	
2.725	0.331041 	-0.172619 	0.539731 	0.000234759 	-1.32826 	-0.000323241 	
2.73	0.331042 	-0.17262 	0.539719 	0.000234761 	-1.32826 	-0.000323244 	
2.735	0.331052 	-0.172613 	0.539706 	0.000234765 	-1.32826 	-0.000323248 	
2.74	0.331126 	-0.172616 	0.539705 	2.40112e-05 	-1.32958 	-3.29112e-05 	
2.745	0.331128 	-0.172616 	0.539692 	2.40139e-05 	-1.32958 	-3.29141e-05 	
2.75	0.33113 	-0.172617 	0.539678 	2.40166e-05 	-1.32958 	-3.2917e-05 	
2.755	0.331132 	-0.172618 	0.539664 	2.40195e-05 	-1.32958 	-3.29201e-05 	
2.76	0.331133 	-0.172619 	0.53965 	2.40225e-05 	-1.32958 	-3.29232e-05 	
2.765	0.331135 	-0.17262 	0.539635 	2.40256e-05 	-1.32958 	-3.29265e-05 	
2.77	0.331137 	-0.172621 	0.539621 	2.40289e-05 	-1.32958 	-3.29299e-05 	
2.775	0.331139 	-0.172622 	0.539606 	2.40322e-05 	-1.32958 	-3.29335e-05 	
2.78	0.331141 	-0.172623 	0.53959 	2.40357e-05 	-1.32958 	-3.29372e-05 	
2.785	0.331143 	-0.172624 	0.539575 	2.40393e-05 	-1.32958 	-3.2941e-05 	
2.79	0.331146 	-0.172625 	0.539559 	2.4043e-05 	-1.32958 	-3.29449e-05 	
2.795	0.331148 	-0.172626 	0.539543 	2.40468e-05 	-1.32958 	-3.2949e-05 	
2.8	0.331146 	-0.17263 	0.539526 	2.405e-05 	-1.32958 	-3.29522e-05 	
2.805	0.331149 	-0.172631 	0.53951 	2.40541e-05 	-1.32958 	-3.29565e-05 	
2.81	0.331151 	-0.172632 	0.539493 	2.40583e-05 	-1.32958 	-3.2961e-05 	
2.815	0.331153 	-0.172634 	0.539475 	2.40627e-05 	-1.32958 	-3.29656e-05 	
2.82	0.331227 	-0.172635 	0.539471 	3.18587e-06 	-1.33089 	-4.20887e-06 	
2.825	0.331229 	-0.172636 	0.539453 	3.19052e-06 	-1.33089 	-4.21379e-06 	
2.83	0.331232 	-0.172637 	0.539435 	3.1953e-06 	-1.33089 	-4.21885e-06 	
2.835	0.331234 	-0.172638 	0.539417 	3.20022e-06 	-1.33089 	-4.22406e-06 	
2.84	0.331237 	-0.172639 	0.539398 	3.20527e-06 	-1.33089 	-4.22942e-06 	
2.845	0.331239 	-0.172641 	0.539379 	3.21047e-06 	-1.33089 	-4.23493e-06 	
2.85	0.331242 	-0.172642 	0.53936 	3.21581e-06 	-1.33089 	-4.24058e-06 	
2.855	0.331244 	-0.172643 	0.539341 	3.22129e-06 	-1.33089 	-4.24639e-06 	
2.86	0.331247 	-0.172644 	0.539321 	3.22691e-06 	-1.33089 	-4.25235e-06 	
2.865	0.331249 	-0.172645 	0.539302 	3.23268e-06 	-1.33089 	-4.25846e-06 	
2.87	0.331252 	-0.172647 	0.539282 	3.2386e-06 	-1.33089 	-4.26473e-06 	
2.875	0.331255 	-0.172648 	0.539261 	3.24466e-06 	-1.33089 	-4.27115e-06 	
2.88	0.331258 	-0.172649 	0.539241 	3.25087e-06 	-1.33089 	-4.27773e-06 	
2.885	0.331333 	-0.172651 	0.539233 	1.16012e-06 	-1.33221 	-1.40785e-06 	
2.89	0.331335 	-0.172652 	0.539212 	1.16666e-06 	-1.33221 	-1.41478e-06 	
2.895	0.331338 	-0.172653 	0.539191 	1.17335e-06 	-1.33221 	-1.42186e-06 	
2.9	0.331341 	-0.172655 	0.539169 	1.18019e-06 	-1.33221 	-1.4291e-06 	
2.905	0.331341 	-0.17266 	0.539147 	1.18612e-06 	-1.33221 	-1.43522e-06 	
2.91	0.331343 	-0.172661 	0.539125 	1.19325e-06 	-1.33221 	-1.44278e-06 	
2.915	0.331346 	-0.172662 	0.539103 	1.20056e-06 	-1.33221 	-1.45051e-06 	
2.92	0.331349 	-0.172664 	0.539081 	1.20802e-06 	-1.33221 	-1.45841e-06 	
2.925	0.331352 	-0.172665 	0.539058 	1.21563e-06 	-1.33221 	-1.46648e-06 	
2.93	0.331355 	-0.172667 	0.539035 	1.2234e-06 	-1.33221 	-1.47471e-06 	
2.935	0.331358 	-0.172668 	0.539012 	1.23133e-06 	-1.33221 	-1.48311e-06 	
2.94	0.331432 	-0.17267 	0.539001 	9.41901e-07 	-1.3335 	-1.10847e-06 	
2.945	0.331436 	-0.172671 	0.538978 	9.50182e-07 	-1.3335 	-1.11724e-06 	
2.95	0.331439 	-0.172673 	0.538954 	9.5862e-07 	-1.3335 	-1.12617e-06 	
2.955	0.331442 	-0.172674 	0.53893 	9.67218e-07 	-1.3335 	-1.13527e-06 	
2.96	0.331445 	-0.172676 	0.538905 	9.75976e-07 	-1.3335 	-1.14455e-06 	
2.965	0.331448 	-0.172677 	0.538881 	9.84895e-07 	-1.3335 	-1.15399e-06 	
2.97	0.331455 	-0.172676 	0.538856 	9.94984e-07 	-1.3335 	-1.16484e-06 	
2.975	0.331458 	-0.172677 	0.538831 	1.00424e-06 	-1.3335 	-1.17464e-06 	
2.98	0.331461 	-0.172679 	0.538806 	1.01364e-06 	-1.3335 	-1.18459e-06 	
2.985	0.331465 	-0.172681 	0.53878 	1.0232e-06 	-1.3335 	-1.19472e-06 	
2.99	0.331539 	-0.172682 	0.538767 	9.4089e-07 	-1.3348 	-1.10191e-06 	
2.995	0.331543 	-0.172684 	0.538742 	9.5082e-07 	-1.3348 	-1.11242e-06 	
3	0.331546 	-0.172685 	0.538716 	9.6091e-07 	-1.3348 	-1.12309e-06 	
3.005	0.33155 	-0.172687 	0.538689 	9.71162e-07 	-1.3348 	-1.13394e-06 	
3.01	0.331553 	-0.172689 	0.538663 	9.81576e-07 	-1.3348 	-1.14497e-06 	
3.015	0.331557 	-0.17269 	0.538636 	9.92153e-07 	-1.3348 	-1.15616e-06 	
3.02	0.33156 	-0.172692 	0.538609 	1.00289e-06 	-1.3348 	-1.16752e-06 	
3.025	0.331564 	-0.172694 	0.538582 	1.01379e-06 	-1.3348 	-1.17906e-06 	
3.03	0.331572 	-0.172691 	0.538555 	1.02637e-06 	-1.3348 	-1.19263e-06 	
3.035	0.331575 	-0.172693 	0.538527 	1.03761e-06 	-1.3348 	-1.20453e-06 	
3.04	0.331656 	-0.172695 	0.538513 	1.08011e-06 	-1.3362 	-1.26376e-06 	
3.045	0.331659 	-0.172697 	0.538485 	1.09172e-06 	-1.3362 	-1.27604e-06 	
3.05	0.331663 	-0.172698 	0.538457 	1.10348e-06 	-1.3362 	-1.28848e-06 	
3.055	0.331667 	-0.1727 	0.538429 	1.1154e-06 	-1.3362 	-1.30109e-06 	
3.06	0.331671 	-0.172702 	0.5384 	1.12748e-06 	-1.3362 	-1.31387e-06 	
3.065	0.331674 	-0.172704 	0.538372 	1.13972e-06 	-1.3362 	-1.32682e-06 	
3.07	0.331678 	-0.172706 	0.538343 	1.15212e-06 	-1.3362 	-1.33993e-06 	
3.075	0.331682 	-0.172708 	0.538314 	1.16468e-06 	-1.3362 	-1.35322e-06 	
3.08	0.331686 	-0.172709 	0.538284 	1.17739e-06 	-1.3362 	-1.36667e-06 	
3.085	0.331765 	-0.172711 	0.538269 	1.05781e-06 	-1.33756 	-1.23626e-06 	
3.09	0.331769 	-0.172713 	0.538239 	1.0709e-06 	-1.33756 	-1.25011e-06 	
3.095	0.331773 	-0.172715 	0.538209 	1.08414e-06 	-1.33756 	-1.26412e-06 	
3.1	0.331777 	-0.172717 	0.538179 	1.09755e-06 	-1.33756 	-1.27829e-06 	
3.105	0.331781 	-0.172719 	0.538149 	1.1111e-06 	-1.33756 	-1.29262e-06 	
3.11	0.331785 	-0.172721 	0.538119 	1.12481e-06 	-1.33756 	-1.30712e-06 	
3.115	0.331789 	-0.172723 	0.538088 	1.13868e-06 	-1.33756 	-1.32178e-06 	
3.12	0.331793 	-0.172725 	0.538057 	1.1527e-06 	-1.33756 	-1.33661e-06 	
3.125	0.331867 	-0.172727 	0.538039 	9.64351e-07 	-1.33884 	-1.12555e-06 	
3.13	0.331863 	-0.172737 	0.538008 	9.75005e-07 	-1.33884 	-1.13628e-06 	
3.135	0.331867 	-0.172739 	0.537977 	9.89498e-07 	-1.33884 	-1.15159e-06 	
3.14	0.331871 	-0.172741 	0.537946 	1.00418e-06 	-1.33884 	-1.16711e-06 	
3.145	0.331875 	-0.172743 	0.537914 	1.019e-06 	-1.33884 	-1.18278e-06 	
3.15	0.331879 	-0.172745 	0.537882 	1.03398e-06 	-1.33884 	-1.19861e-06 	
3.155	0.331884 	-0.172747 	0.537851 	1.0491e-06 	-1.33884 	-1.2146e-06 	
3.16	0.331888 	-0.172749 	0.537819 	1.06436e-06 	-1.33884 	-1.23073e-06 	
3.165	0.331965 	-0.172751 	0.5378 	1.01446e-06 	-1.34017 	-1.18332e-06 	
3.17	0.331969 	-0.172753 	0.537768 	1.03008e-06 	-1.34017 	-1.19983e-06 	
3.175	0.331973 	-0.172755 	0.537735 	1.04583e-06 	-1.34017 	-1.21648e-06 	
3.18	0.331978 	-0.172757 	0.537702 	1.06173e-06 	-1.34017 	-1.23327e-06 	
3.185	0.331982 	-0.172759 	0.53767 	1.07776e-06 	-1.34017 	-1.25022e-06 	
3.19	0.331986 	-0.172761 	0.537637 	1.09394e-06 	-1.34017 	-1.26731e-06 	
3.195	0.331991 	-0.172763 	0.537604 	1.11024e-06 	-1.34017 	-1.28454e-06 	
3.2	0.331995 	-0.172765 	0.53757 	1.12668e-06 	-1.34017 	-1.30191e-06 	
3.205	0.332075 	-0.172767 	0.537551 	1.09025e-06 	-1.34154 	-1.27114e-06 	
3.21	0.332079 	-0.17277 	0.537518 	1.10704e-06 	-1.34154 	-1.28887e-06 	
3.215	0.332084 	-0.172772 	0.537484 	1.12394e-06 	-1.34154 	-1.30673e-06 	
3.22	0.332088 	-0.172774 	0.53745 	1.14098e-06 	-1.34154 	-1.32473e-06 	
3.225	0.332093 	-0.172776 	0.537416 	1.15814e-06 	-1.34154 	-1.34286e-06 	
3.23	0.332105 	-0.172771 	0.537382 	1.1787e-06 	-1.34154 	-1.36515e-06 	
3.235	0.332109 	-0.172773 	0.537348 	1.19614e-06 	-1.34154 	-1.38358e-06 	
3.24	0.332114 	-0.172775 	0.537314 	1.21367e-06 	-1.34154 	-1.40209e-06 	
3.245	0.332196 	-0.172777 	0.537294 	1.16455e-06 	-1.34297 	-1.35713e-06 	
3.25	0.332201 	-0.172779 	0.53726 	1.1824e-06 	-1.34297 	-1.37598e-06 	
3.255	0.332205 	-0.172782 	0.537225 	1.20037e-06 	-1.34297 	-1.39495e-06 	
3.26	0.33221 	-0.172784 	0.53719 	1.21845e-06 	-1.34297 	-1.41404e-06 	
3.265	0.332215 	-0.172786 	0.537156 	1.23664e-06 	-1.34297 	-1.43325e-06 	
3.27	0.332219 	-0.172788 	0.537121 	1.25494e-06 	-1.34297 	-1.45257e-06 	
3.275	0.332224 	-0.17279 	0.537086 	1.27335e-06 	-1.34297 	-1.47201e-06 	
3.28	0.3323 	-0.172793 	0.537064 	1.01474e-06 	-1.34426 	-1.18084e-06 	
3.285	0.332304 	-0.172795 	0.537029 	1.03344e-06 	-1.34426 	-1.20059e-06 	
3.29	0.332309 	-0.172797 	0.536993 	1.05225e-06 	-1.34426 	-1.22043e-06 	
3.295	0.332312 	-0.172801 	0.536958 	1.07016e-06 	-1.34426 	-1.23919e-06 	
3.3	0.332316 	-0.172804 	0.536922 	1.08915e-06 	-1.34426 	-1.25924e-06 	
3.305	0.332321 	-0.172806 	0.536886 	1.10825e-06 	-1.34426 	-1.2794e-06 	
3.31	0.332326 	-0.172808 	0.536851 	1.12744e-06 	-1.34426 	-1.29965e-06 	
3.315	0.332402 	-0.17281 	0.536828 	1.01794e-06 	-1.34557 	-1.1838e-06 	
3.32	0.332407 	-0.172813 	0.536792 	1.0374e-06 	-1.34557 	-1.20433e-06 	
3.325	0.332412 	-0.172815 	0.536756 	1.05694e-06 	-1.34557 	-1.22496e-06 	
3.33	0.332416 	-0.172817 	0.53672 	1.07657e-06 	-1.34557 	-1.24567e-06 	
3.335	0.332421 	-0.172819 	0.536684 	1.09629e-06 	-1.34557 	-1.26647e-06 	
3.34	0.332426 	-0.172822 	0.536648 	1.11608e-06 	-1.34557 	-1.28736e-06 	
3.345	0.332431 	-0.172824 	0.536611 	1.13595e-06 	-1.34557 	-1.30832e-06 	
3.35	0.332508 	-0.172826 	0.536589 	1.04868e-06 	-1.3469 	-1.21898e-06 	
3.355	0.332513 	-0.172829 	0.536552 	1.0688e-06 	-1.3469 	-1.2402e-06 	
3.36	0.332518 	-0.172831 	0.536516 	1.08898e-06 	-1.3469 	-1.26149e-06 	
3.365	0.332523 	-0.172833 	0.536479 	1.10924e-06 	-1.3469 	-1.28285e-06 	
3.37	0.332529 	-0.172834 	0.536442 	1.13016e-06 	-1.3469 	-1.30501e-06 	
3.375	0.332534 	-0.172837 	0.536406 	1.15055e-06 	-1.3469 	-1.32652e-06 	
3.38	0.332539 	-0.172839 	0.536369 	1.17099e-06 	-1.3469 	-1.34809e-06 	
3.385	0.332617 	-0.172841 	0.536346 	1.07856e-06 	-1.34824 	-1.25314e-06 	
3.39	0.332622 	-0.172844 	0.536309 	1.09922e-06 	-1.34824 	-1.27493e-06 	
3.395	0.332627 	-0.172846 	0.536272 	1.11993e-06 	-1.34824 	-1.29676e-06 	
3.4	0.332632 	-0.172848 	0.536235 	1.14069e-06 	-1.34824 	-1.31866e-06 	
3.405	0.332637 	-0.172851 	0.536198 	1.16151e-06 	-1.34824 	-1.3406e-06 	
3.41	0.332642 	-0.172853 	0.536161 	1.18237e-06 	-1.34824 	-1.3626e-06 	
