0	2.05381 	-0.0925196 	-1.55942 	0.000244779 	-0.09878 	0.00451408 	
0.005	2.0541 	-0.0928888 	-1.55983 	0.000273644 	-0.0988169 	0.0044738 	
0.01	2.0541 	-0.0928888 	-1.55983 	0.000273644 	-0.0988169 	0.0044738 	
0.015	2.0541 	-0.0928888 	-1.55983 	0.000273644 	-0.0988169 	0.0044738 	
0.02	2.0541 	-0.0928888 	-1.55983 	0.000273644 	-0.0988169 	0.00447379 	
0.025	2.0541 	-0.0928887 	-1.55983 	0.000273643 	-0.0988169 	0.00447379 	
0.03	2.0541 	-0.0928887 	-1.55982 	0.000273641 	-0.098817 	0.00447379 	
0.035	2.0541 	-0.0928885 	-1.55982 	0.000273637 	-0.098817 	0.00447378 	
0.04	2.0541 	-0.0928884 	-1.55982 	0.000273632 	-0.0988172 	0.00447377 	
0.045	2.0541 	-0.0928882 	-1.55982 	0.000273625 	-0.0988173 	0.00447376 	
0.05	2.0541 	-0.092888 	-1.55981 	0.000273616 	-0.0988175 	0.00447374 	
0.055	2.05411 	-0.0928877 	-1.55981 	0.000273605 	-0.0988178 	0.00447373 	
0.06	2.05411 	-0.0928874 	-1.5598 	0.000273591 	-0.0988181 	0.0044737 	
0.065	2.05411 	-0.092887 	-1.5598 	0.000273575 	-0.0988184 	0.00447368 	
0.07	2.05412 	-0.0928865 	-1.55979 	0.000273555 	-0.0988188 	0.00447364 	
0.075	2.05412 	-0.092886 	-1.55978 	0.000273533 	-0.0988193 	0.00447361 	
0.08	2.05413 	-0.0928854 	-1.55977 	0.000273508 	-0.0988199 	0.00447357 	
0.085	2.05414 	-0.0928847 	-1.55975 	0.000273479 	-0.0988205 	0.00447352 	
0.09	2.05414 	-0.092884 	-1.55974 	0.000273447 	-0.0988212 	0.00447347 	
0.095	2.05415 	-0.0928832 	-1.55973 	0.000273411 	-0.0988219 	0.00447341 	
0.1	2.05416 	-0.0928823 	-1.55971 	0.000273371 	-0.0988228 	0.00447335 	
0.105	2.05417 	-0.0928813 	-1.55969 	0.000273328 	-0.0988237 	0.00447328 	
0.11	2.05418 	-0.0928803 	-1.55967 	0.000273281 	-0.0988247 	0.0044732 	
0.115	2.05419 	-0.0928792 	-1.55965 	0.00027323 	-0.0988258 	0.00447312 	
0.12	2.05421 	-0.092878 	-1.55963 	0.000273174 	-0.098827 	0.00447304 	
0.125	2.05422 	-0.0928767 	-1.5596 	0.000273115 	-0.0988282 	0.00447294 	
0.13	2.05424 	-0.0928753 	-1.55958 	0.000273052 	-0.0988296 	0.00447284 	
0.135	2.05425 	-0.0928738 	-1.55955 	0.000272985 	-0.098831 	0.00447274 	
0.14	2.05427 	-0.0928723 	-1.55952 	0.000272913 	-0.0988325 	0.00447262 	
0.145	2.05429 	-0.0928707 	-1.55949 	0.000272837 	-0.0988341 	0.0044725 	
0.15	2.05431 	-0.0928689 	-1.55946 	0.000272758 	-0.0988358 	0.00447238 	
0.155	2.05433 	-0.0928671 	-1.55942 	0.000272674 	-0.0988376 	0.00447224 	
0.16	2.05435 	-0.0928652 	-1.55939 	0.000272585 	-0.0988395 	0.00447211 	
0.165	2.05272 	-0.0914618 	-1.56175 	0.000338187 	-0.0988449 	0.0044624 	
0.17	2.05306 	-0.0915292 	-1.56187 	0.000334557 	-0.0988594 	0.0044613 	
0.175	2.05332 	-0.091605 	-1.5619 	0.000330329 	-0.0988722 	0.00445978 	
0.18	2.05348 	-0.0916671 	-1.56187 	0.000326732 	-0.0988815 	0.00445833 	
0.185	2.05363 	-0.0917245 	-1.56184 	0.000323386 	-0.0988904 	0.00445696 	
0.19	2.05378 	-0.0917773 	-1.5618 	0.000320272 	-0.0988989 	0.00445567 	
0.195	2.05391 	-0.091826 	-1.56176 	0.000317374 	-0.0989071 	0.00445446 	
0.2	2.05404 	-0.0918709 	-1.56172 	0.000314674 	-0.0989149 	0.00445331 	
0.205	2.05416 	-0.0919122 	-1.56167 	0.000312159 	-0.0989225 	0.00445223 	
0.21	2.05428 	-0.0919502 	-1.56163 	0.000309814 	-0.0989298 	0.00445121 	
0.215	2.0544 	-0.0919851 	-1.56158 	0.000307627 	-0.0989369 	0.00445023 	
0.22	2.0545 	-0.0920171 	-1.56152 	0.000305585 	-0.0989438 	0.00444931 	
0.225	2.05298 	-0.090672 	-1.56384 	0.000368453 	-0.0989538 	0.0044394 	
0.23	2.05339 	-0.0907676 	-1.56394 	0.000363173 	-0.0989726 	0.00443762 	
0.235	2.05372 	-0.0908692 	-1.56395 	0.000357418 	-0.0989895 	0.00443546 	
0.24	2.05394 	-0.0909552 	-1.5639 	0.000352403 	-0.0990027 	0.0044334 	
0.245	2.05385 	-0.0906434 	-1.56342 	0.000317166 	-0.0989762 	0.00447427 	
0.25	2.05406 	-0.0907166 	-1.56337 	0.000312827 	-0.0989882 	0.00447245 	
0.255	2.05425 	-0.0907841 	-1.56331 	0.000308789 	-0.0989997 	0.00447074 	
0.26	2.05443 	-0.0908462 	-1.56325 	0.00030503 	-0.0990108 	0.00446912 	
0.265	2.0546 	-0.0909035 	-1.56318 	0.000301529 	-0.0990214 	0.0044676 	
0.27	2.05477 	-0.0909561 	-1.56312 	0.000298267 	-0.0990316 	0.00446615 	
0.275	2.0532 	-0.089555 	-1.56556 	0.000363944 	-0.099045 	0.00445568 	
0.28	2.05369 	-0.089673 	-1.56566 	0.000357356 	-0.099068 	0.00445338 	
0.285	2.05408 	-0.089796 	-1.56567 	0.000350348 	-0.0990884 	0.00445069 	
0.29	2.05436 	-0.0899008 	-1.5656 	0.000344201 	-0.0991047 	0.00444812 	
0.295	2.05462 	-0.0899975 	-1.56553 	0.000338486 	-0.0991203 	0.00444572 	
0.3	2.05487 	-0.0900867 	-1.56546 	0.00033317 	-0.0991351 	0.00444345 	
0.305	2.0551 	-0.090169 	-1.56539 	0.000328224 	-0.0991493 	0.00444133 	
0.31	2.05533 	-0.0902447 	-1.56531 	0.000323621 	-0.0991629 	0.00443932 	
0.315	2.05389 	-0.08894 	-1.56762 	0.000384845 	-0.0991792 	0.00442915 	
0.32	2.05441 	-0.0890741 	-1.56769 	0.000377278 	-0.0992043 	0.0044264 	
0.325	2.05484 	-0.0892115 	-1.56769 	0.000369387 	-0.0992271 	0.0044233 	
0.33	2.05516 	-0.0893301 	-1.56761 	0.0003624 	-0.0992457 	0.00442034 	
0.335	2.05546 	-0.0894396 	-1.56753 	0.000355904 	-0.0992635 	0.00441757 	
0.34	2.05574 	-0.0895405 	-1.56744 	0.000349863 	-0.0992805 	0.00441497 	
0.345	2.05601 	-0.0896336 	-1.56736 	0.000344243 	-0.0992967 	0.00441252 	
0.35	2.05626 	-0.0897193 	-1.56726 	0.000339013 	-0.0993122 	0.00441021 	
0.355	2.05467 	-0.0882771 	-1.56984 	0.000407049 	-0.0993309 	0.00439929 	
0.36	2.05527 	-0.0884288 	-1.56993 	0.000398474 	-0.0993598 	0.00439616 	
0.365	2.05576 	-0.0885833 	-1.56992 	0.000389574 	-0.0993856 	0.00439263 	
0.37	2.05611 	-0.0887163 	-1.56983 	0.000381711 	-0.0994066 	0.00438926 	
0.375	2.05645 	-0.0888391 	-1.56974 	0.000374401 	-0.0994266 	0.00438611 	
0.38	2.05677 	-0.0889522 	-1.56964 	0.000367603 	-0.0994456 	0.00438314 	
0.385	2.05707 	-0.0890565 	-1.56954 	0.000361281 	-0.0994638 	0.00438035 	
0.39	2.05555 	-0.0876677 	-1.57205 	0.00042699 	-0.099485 	0.00436962 	
0.395	2.05618 	-0.0878338 	-1.57213 	0.000417536 	-0.099516 	0.00436607 	
0.4	2.0567 	-0.0880015 	-1.57211 	0.000407829 	-0.0995438 	0.00436215 	
0.405	2.05709 	-0.0881468 	-1.572 	0.000399209 	-0.0995668 	0.00435842 	
0.41	2.05746 	-0.088281 	-1.5719 	0.000391197 	-0.0995887 	0.00435492 	
0.415	2.05781 	-0.0884046 	-1.57179 	0.000383747 	-0.0996096 	0.00435163 	
0.42	2.05645 	-0.0871401 	-1.57412 	0.000443653 	-0.0996328 	0.0043414 	
0.425	2.05709 	-0.087317 	-1.57417 	0.000433505 	-0.0996649 	0.00433748 	
0.43	2.05763 	-0.0874942 	-1.57413 	0.000423194 	-0.0996941 	0.00433324 	
0.435	2.05805 	-0.0876492 	-1.57402 	0.000413979 	-0.0997188 	0.0043292 	
0.44	2.05844 	-0.0877921 	-1.5739 	0.000405415 	-0.0997422 	0.00432542 	
0.445	2.05881 	-0.0879239 	-1.57379 	0.000397453 	-0.0997645 	0.00432187 	
0.45	2.05739 	-0.0865998 	-1.57624 	0.000460529 	-0.0997895 	0.00431146 	
0.455	2.05807 	-0.0867882 	-1.5763 	0.000449701 	-0.0998239 	0.00430725 	
0.46	2.05865 	-0.0869764 	-1.57626 	0.00043872 	-0.099855 	0.00430269 	
0.465	2.05909 	-0.0871408 	-1.57614 	0.000428913 	-0.0998812 	0.00429834 	
0.47	2.05951 	-0.0872925 	-1.57601 	0.0004198 	-0.0999061 	0.00429427 	
0.475	2.05991 	-0.0874324 	-1.57589 	0.000411329 	-0.0999299 	0.00429045 	
0.48	2.05839 	-0.0860342 	-1.57849 	0.000478347 	-0.0999564 	0.00427986 	
0.485	2.05913 	-0.0862349 	-1.57856 	0.00046679 	-0.0999934 	0.00427534 	
0.49	2.05975 	-0.0864351 	-1.57852 	0.000455085 	-0.100027 	0.00427044 	
0.495	2.06022 	-0.0866097 	-1.57839 	0.000444646 	-0.100054 	0.00426576 	
0.5	2.06066 	-0.0867708 	-1.57826 	0.000434945 	-0.100081 	0.00426138 	
0.505	2.05938 	-0.0855594 	-1.58056 	0.000493016 	-0.100109 	0.00425144 	
0.51	2.06011 	-0.0857688 	-1.58059 	0.000480871 	-0.100146 	0.00424654 	
0.515	2.06072 	-0.0859761 	-1.58053 	0.000468691 	-0.10018 	0.00424134 	
0.52	2.06122 	-0.0861587 	-1.5804 	0.000457752 	-0.100209 	0.00423639 	
0.525	2.06168 	-0.0863271 	-1.58026 	0.000447587 	-0.100237 	0.00423176 	
0.53	2.06038 	-0.0850913 	-1.58263 	0.000507154 	-0.100267 	0.00422186 	
0.535	2.06113 	-0.0853093 	-1.58266 	0.000494477 	-0.100306 	0.0042167 	
0.54	2.06178 	-0.0855249 	-1.5826 	0.000481781 	-0.100341 	0.00421123 	
0.545	2.06229 	-0.0857148 	-1.58245 	0.000470379 	-0.100371 	0.00420602 	
0.55	2.06277 	-0.0858898 	-1.58231 	0.000459786 	-0.1004 	0.00420115 	
0.555	2.06141 	-0.0846111 	-1.58478 	0.000521808 	-0.100431 	0.00419127 	
0.56	2.06221 	-0.0848384 	-1.58481 	0.000508571 	-0.100472 	0.00418585 	
0.565	2.06288 	-0.0850629 	-1.58475 	0.000495322 	-0.100509 	0.00418009 	
0.57	2.0638 	-0.0857647 	-1.58516 	0.00052273 	-0.10059 	0.00411858 	
0.575	2.06431 	-0.0859469 	-1.58501 	0.000511684 	-0.10062 	0.00411344 	
0.58	2.06289 	-0.0846255 	-1.58757 	0.000576144 	-0.100653 	0.00410358 	
0.585	2.06372 	-0.0848624 	-1.58762 	0.000562321 	-0.100695 	0.00409789 	
0.59	2.06442 	-0.0850963 	-1.58755 	0.000548494 	-0.100733 	0.00409182 	
0.595	2.06498 	-0.0853018 	-1.58739 	0.000536093 	-0.100766 	0.00408605 	
0.6	2.0655 	-0.0854914 	-1.58723 	0.000524575 	-0.100797 	0.00408064 	
0.605	2.06403 	-0.08413 	-1.5899 	0.000591439 	-0.10083 	0.00407088 	
0.61	2.0649 	-0.0843769 	-1.58994 	0.000577013 	-0.100875 	0.00406491 	
0.615	2.06563 	-0.0846202 	-1.58987 	0.000562595 	-0.100915 	0.00405853 	
0.62	2.0662 	-0.084834 	-1.58971 	0.000549671 	-0.100948 	0.00405245 	
0.625	2.06507 	-0.0837389 	-1.59193 	0.000603322 	-0.100984 	0.00404323 	
0.63	2.0659 	-0.0839918 	-1.59192 	0.000588425 	-0.101027 	0.00403683 	
0.635	2.06662 	-0.0842394 	-1.59183 	0.000573684 	-0.101067 	0.00403018 	
0.64	2.06721 	-0.0844593 	-1.59166 	0.000560368 	-0.101102 	0.00402387 	
0.645	2.06609 	-0.0833697 	-1.59389 	0.000614025 	-0.101138 	0.00401482 	
0.65	2.06693 	-0.0836284 	-1.59388 	0.000598756 	-0.101182 	0.00400821 	
0.655	2.06766 	-0.0838813 	-1.59378 	0.000583663 	-0.101223 	0.00400134 	
0.66	2.06827 	-0.0841061 	-1.59361 	0.000570025 	-0.101259 	0.00399482 	
0.665	2.06712 	-0.0829976 	-1.59589 	0.000624957 	-0.101295 	0.00398594 	
0.67	2.06799 	-0.0832623 	-1.59589 	0.000609301 	-0.101341 	0.00397912 	
0.675	2.06874 	-0.0835211 	-1.59579 	0.000593828 	-0.101383 	0.00397202 	
0.68	2.06936 	-0.083751 	-1.59561 	0.000579852 	-0.101419 	0.00396529 	
0.685	2.06818 	-0.0826227 	-1.59795 	0.000636131 	-0.101457 	0.00395659 	
0.69	2.06907 	-0.0828939 	-1.59794 	0.000620068 	-0.101504 	0.00394955 	
0.695	2.06984 	-0.0831589 	-1.59784 	0.000604195 	-0.101546 	0.00394222 	
0.7	2.07047 	-0.0833941 	-1.59766 	0.000589862 	-0.101583 	0.00393525 	
0.705	2.06927 	-0.0822473 	-1.60005 	0.000647449 	-0.101622 	0.00392676 	
0.71	2.07018 	-0.0825252 	-1.60005 	0.000630964 	-0.10167 	0.00391949 	
0.715	2.07097 	-0.0827966 	-1.59995 	0.000614676 	-0.101714 	0.00391191 	
0.72	2.07161 	-0.0830374 	-1.59976 	0.000599975 	-0.101752 	0.00390471 	
0.725	2.07038 	-0.0818736 	-1.6022 	0.000658821 	-0.101791 	0.00389644 	
0.73	2.07132 	-0.0821582 	-1.60221 	0.000641903 	-0.10184 	0.00388893 	
0.735	2.07212 	-0.0824361 	-1.6021 	0.000625193 	-0.101885 	0.00388109 	
0.74	2.07278 	-0.0826826 	-1.60191 	0.000610114 	-0.101923 	0.00387365 	
0.745	2.07152 	-0.0815032 	-1.6044 	0.000670174 	-0.101964 	0.00386564 	
0.75	2.07248 	-0.0817946 	-1.60441 	0.000652819 	-0.102014 	0.00385789 	
0.755	2.07331 	-0.0820791 	-1.6043 	0.000635681 	-0.102059 	0.00384979 	
0.76	2.07398 	-0.0823313 	-1.60411 	0.00062022 	-0.102099 	0.00384209 	
0.765	2.07269 	-0.0811377 	-1.60665 	0.000681449 	-0.10214 	0.00383436 	
0.77	2.07367 	-0.0814359 	-1.60665 	0.000663654 	-0.102191 	0.00382637 	
0.775	2.07451 	-0.081727 	-1.60655 	0.000646087 	-0.102238 	0.003818 	
0.78	2.0752 	-0.081985 	-1.60635 	0.000630242 	-0.102278 	0.00381004 	
0.785	2.07389 	-0.0807784 	-1.60893 	0.000692597 	-0.102319 	0.00380263 	
0.79	2.07489 	-0.0810834 	-1.60894 	0.000674362 	-0.102372 	0.00379438 	
0.795	2.07575 	-0.081381 	-1.60883 	0.000656365 	-0.102419 	0.00378575 	
0.8	2.07644 	-0.0816448 	-1.60863 	0.000640137 	-0.10246 	0.00377753 	
0.805	2.07511 	-0.0804265 	-1.61126 	0.000703578 	-0.102503 	0.00377045 	
0.81	2.07613 	-0.0807383 	-1.61127 	0.000684904 	-0.102556 	0.00376196 	
0.815	2.077 	-0.0810424 	-1.61116 	0.000666479 	-0.102604 	0.00375305 	
0.82	2.07771 	-0.0813118 	-1.61095 	0.000649868 	-0.102646 	0.00374457 	
0.825	2.07635 	-0.0800832 	-1.61363 	0.000714353 	-0.102689 	0.00373786 	
0.83	2.07739 	-0.0804016 	-1.61364 	0.000695245 	-0.102743 	0.00372912 	
0.835	2.07828 	-0.0807121 	-1.61353 	0.000676395 	-0.102792 	0.00371993 	
0.84	2.079 	-0.0809871 	-1.61331 	0.000659404 	-0.102835 	0.00371119 	
0.845	2.07748 	-0.0795728 	-1.61584 	0.000711214 	-0.102861 	0.00372488 	
0.85	2.07854 	-0.0798978 	-1.61585 	0.000691674 	-0.102916 	0.00371588 	
0.855	2.07945 	-0.0802145 	-1.61573 	0.000672404 	-0.102966 	0.00370642 	
0.86	2.08018 	-0.0804951 	-1.61551 	0.000655037 	-0.103009 	0.00369741 	
0.865	2.07877 	-0.0792496 	-1.61828 	0.000721502 	-0.103053 	0.00369155 	
0.87	2.07985 	-0.0795809 	-1.61829 	0.000701537 	-0.10311 	0.0036823 	
0.875	2.08077 	-0.0799038 	-1.61818 	0.000681851 	-0.10316 	0.00367256 	
0.88	2.08151 	-0.0801898 	-1.61795 	0.000664112 	-0.103204 	0.00366328 	
0.885	2.08008 	-0.0789377 	-1.62075 	0.000731498 	-0.103249 	0.00365788 	
0.89	2.08118 	-0.0792753 	-1.62077 	0.000711113 	-0.103306 	0.00364837 	
0.895	2.08211 	-0.0796042 	-1.62065 	0.000691017 	-0.103358 	0.00363836 	
0.9	2.08286 	-0.0798955 	-1.62042 	0.000672911 	-0.103402 	0.00362881 	
0.905	2.08141 	-0.078638 	-1.62326 	0.000741177 	-0.103447 	0.0036239 	
0.91	2.08253 	-0.0789817 	-1.62328 	0.000720379 	-0.103505 	0.00361413 	
0.915	2.08348 	-0.0793165 	-1.62316 	0.000699879 	-0.103557 	0.00360384 	
0.92	2.08253 	-0.0784242 	-1.62533 	0.000748151 	-0.103605 	0.00359764 	
0.925	2.08356 	-0.0787713 	-1.62527 	0.000726994 	-0.10366 	0.00358726 	
0.93	2.08448 	-0.0791065 	-1.62511 	0.000706368 	-0.103711 	0.00357669 	
0.935	2.08525 	-0.0794067 	-1.62488 	0.000687637 	-0.103756 	0.0035667 	
0.94	2.08381 	-0.078177 	-1.62771 	0.000755405 	-0.103803 	0.00356259 	
0.945	2.08494 	-0.0785285 	-1.62773 	0.000734034 	-0.103862 	0.00355242 	
0.95	2.0859 	-0.0788708 	-1.6276 	0.00071299 	-0.103915 	0.00354171 	
0.955	2.08494 	-0.0779787 	-1.62981 	0.000762074 	-0.103963 	0.00353617 	
0.96	2.086 	-0.0783337 	-1.62975 	0.000740342 	-0.104019 	0.00352539 	
0.965	2.08693 	-0.0786767 	-1.62959 	0.000719158 	-0.104071 	0.00351441 	
0.97	2.086 	-0.0778167 	-1.63175 	0.000766775 	-0.10412 	0.00350901 	
0.975	2.08706 	-0.0781738 	-1.63168 	0.000744862 	-0.104176 	0.00349807 	
0.98	2.08799 	-0.0785186 	-1.63152 	0.000723521 	-0.104228 	0.00348693 	
0.985	2.08706 	-0.0776609 	-1.6337 	0.000771373 	-0.104277 	0.00348186 	
0.99	2.08812 	-0.0780203 	-1.63363 	0.000749282 	-0.104334 	0.00347078 	
0.995	2.08906 	-0.0783672 	-1.63347 	0.000727766 	-0.104386 	0.0034595 	
1	2.08813 	-0.0775096 	-1.63566 	0.00077599 	-0.104435 	0.00345477 	
1.005	2.0892 	-0.0778715 	-1.63559 	0.000753708 	-0.104493 	0.00344355 	
1.01	2.09014 	-0.0782207 	-1.63543 	0.000732004 	-0.104545 	0.00343212 	
1.015	2.0892 	-0.0773638 	-1.63764 	0.000780582 	-0.104594 	0.00342773 	
1.02	2.09028 	-0.0777282 	-1.63757 	0.000758097 	-0.104652 	0.00341635 	
1.025	2.09123 	-0.07808 	-1.63741 	0.000736195 	-0.104705 	0.00340477 	
1.03	2.09028 	-0.0772243 	-1.63963 	0.000785097 	-0.104754 	0.00340072 	
1.035	2.09136 	-0.0775915 	-1.63957 	0.000762403 	-0.104812 	0.00338919 	
1.04	2.09232 	-0.0779459 	-1.63941 	0.000740295 	-0.104866 	0.00337744 	
1.045	2.09136 	-0.077092 	-1.64164 	0.000789493 	-0.104915 	0.00337374 	
1.05	2.09245 	-0.077462 	-1.64158 	0.000766583 	-0.104974 	0.00336205 	
1.055	2.09341 	-0.0778192 	-1.64142 	0.000744266 	-0.105027 	0.00335013 	
1.06	2.09245 	-0.0769677 	-1.64367 	0.000793733 	-0.105077 	0.00334678 	
1.065	2.09355 	-0.0773406 	-1.6436 	0.000770605 	-0.105136 	0.00333493 	
1.07	2.09451 	-0.0777004 	-1.64344 	0.000748076 	-0.105189 	0.00332284 	
1.075	2.09354 	-0.076852 	-1.6457 	0.000797787 	-0.10524 	0.00331984 	
1.08	2.09464 	-0.0772277 	-1.64564 	0.00077444 	-0.105298 	0.00330782 	
1.085	2.09562 	-0.0775903 	-1.64548 	0.000751698 	-0.105352 	0.00329556 	
1.09	2.09464 	-0.0767454 	-1.64775 	0.000801629 	-0.105403 	0.00329292 	
1.095	2.09575 	-0.0771238 	-1.64768 	0.000778065 	-0.105462 	0.00328074 	
1.1	2.09673 	-0.0774891 	-1.64752 	0.000755111 	-0.105516 	0.00326831 	
1.105	2.09574 	-0.0766482 	-1.6498 	0.000805239 	-0.105567 	0.00326603 	
1.11	2.09685 	-0.0770294 	-1.64974 	0.000781459 	-0.105626 	0.00325368 	
1.115	2.09784 	-0.0773974 	-1.64957 	0.000758295 	-0.10568 	0.00324108 	
1.12	2.09685 	-0.076561 	-1.65186 	0.000808599 	-0.105731 	0.00323917 	
1.125	2.09796 	-0.0769449 	-1.6518 	0.000784605 	-0.105791 	0.00322665 	
1.13	2.09895 	-0.0773154 	-1.65164 	0.000761234 	-0.105845 	0.00321388 	
1.135	2.09795 	-0.0764839 	-1.65393 	0.000811693 	-0.105896 	0.00321235 	
1.14	2.09908 	-0.0768705 	-1.65387 	0.00078749 	-0.105956 	0.00319967 	
1.145	2.10007 	-0.0772436 	-1.65371 	0.000763915 	-0.106011 	0.00318672 	
1.15	2.09907 	-0.0764174 	-1.65601 	0.000814508 	-0.106062 	0.00318557 	
1.155	2.10019 	-0.0768065 	-1.65595 	0.000790099 	-0.106122 	0.00317272 	
1.16	2.10119 	-0.077182 	-1.65578 	0.000766326 	-0.106176 	0.00315961 	
1.165	2.10018 	-0.0763616 	-1.65809 	0.000817033 	-0.106228 	0.00315884 	
1.17	2.10131 	-0.0767532 	-1.65803 	0.000792424 	-0.106288 	0.00314584 	
1.175	2.10191 	-0.0766135 	-1.65726 	0.000728776 	-0.106291 	0.00319261 	
1.18	2.1009 	-0.0757994 	-1.65958 	0.000779614 	-0.106342 	0.00319226 	
1.185	2.10203 	-0.0761933 	-1.65952 	0.000754811 	-0.106402 	0.0031791 	
1.19	2.10303 	-0.0765735 	-1.65935 	0.000730655 	-0.106458 	0.00316567 	
1.195	2.10202 	-0.0757659 	-1.66167 	0.000781567 	-0.106509 	0.0031657 	
1.2	2.10315 	-0.0761621 	-1.66161 	0.000756575 	-0.106569 	0.00315239 	
1.205	2.10415 	-0.0765444 	-1.66144 	0.000732236 	-0.106624 	0.0031388 	
1.21	2.10313 	-0.0757436 	-1.66376 	0.000783202 	-0.106676 	0.00313923 	
1.215	2.10427 	-0.076142 	-1.6637 	0.000758028 	-0.106736 	0.00312577 	
1.22	2.10527 	-0.0765263 	-1.66353 	0.000733513 	-0.106791 	0.00311202 	
1.225	2.10425 	-0.0757328 	-1.66586 	0.000784514 	-0.106843 	0.00311285 	
1.23	2.10539 	-0.0761332 	-1.66579 	0.000759164 	-0.106903 	0.00309924 	
1.235	2.1064 	-0.0765194 	-1.66562 	0.000734479 	-0.106959 	0.00308534 	
1.24	2.10537 	-0.0757335 	-1.66795 	0.000785496 	-0.10701 	0.00308656 	
1.245	2.10651 	-0.0761357 	-1.66789 	0.000759977 	-0.107071 	0.00307281 	
1.25	2.10752 	-0.0765238 	-1.66772 	0.000735129 	-0.107126 	0.00305876 	
1.255	2.10649 	-0.0757458 	-1.67005 	0.000786142 	-0.107177 	0.00306038 	
1.26	2.10763 	-0.0761498 	-1.66999 	0.000760463 	-0.107238 	0.00304649 	
1.265	2.10864 	-0.0765396 	-1.66982 	0.000735457 	-0.107293 	0.00303231 	
1.27	2.10761 	-0.0757697 	-1.67215 	0.000786449 	-0.107344 	0.00303433 	
1.275	2.10875 	-0.0761754 	-1.67208 	0.000760615 	-0.107405 	0.0030203 	
1.28	2.10975 	-0.0765668 	-1.67191 	0.000735461 	-0.10746 	0.00300598 	
1.285	2.10872 	-0.0758054 	-1.67424 	0.000786411 	-0.107512 	0.00300839 	
1.29	2.10986 	-0.0762126 	-1.67418 	0.000760432 	-0.107572 	0.00299424 	
1.295	2.11087 	-0.0766054 	-1.67401 	0.000735136 	-0.107627 	0.00297978 	
1.3	2.10984 	-0.0758529 	-1.67634 	0.000786025 	-0.107679 	0.0029826 	
1.305	2.11098 	-0.0762615 	-1.67627 	0.000759908 	-0.107739 	0.00296832 	
1.31	2.11198 	-0.0766556 	-1.6761 	0.000734479 	-0.107794 	0.00295373 	
1.315	2.11095 	-0.0759121 	-1.67843 	0.000785289 	-0.107845 	0.00295695 	
1.32	2.11209 	-0.0763219 	-1.67836 	0.000759042 	-0.107906 	0.00294255 	
1.325	2.11309 	-0.0767172 	-1.67819 	0.000733488 	-0.107961 	0.00292784 	
1.33	2.11206 	-0.0759831 	-1.68051 	0.000784199 	-0.108012 	0.00293146 	
1.335	2.1132 	-0.076394 	-1.68045 	0.000757831 	-0.108072 	0.00291694 	
1.34	2.1142 	-0.0767904 	-1.68027 	0.000732159 	-0.108127 	0.00290212 	
1.345	2.11317 	-0.0760658 	-1.68259 	0.000782753 	-0.108178 	0.00290613 	
1.35	2.1143 	-0.0764777 	-1.68253 	0.000756273 	-0.108239 	0.0028915 	
1.355	2.1153 	-0.076875 	-1.68235 	0.000730492 	-0.108293 	0.00287657 	
1.36	2.11427 	-0.0761602 	-1.68467 	0.00078095 	-0.108344 	0.00288098 	
1.365	2.1154 	-0.0765729 	-1.6846 	0.000754366 	-0.108404 	0.00286624 	
1.37	2.1164 	-0.076971 	-1.68443 	0.000728485 	-0.108459 	0.0028512 	
1.375	2.11537 	-0.0762663 	-1.68674 	0.000778789 	-0.10851 	0.002856 	
1.38	2.1165 	-0.0766797 	-1.68667 	0.00075211 	-0.10857 	0.00284116 	
1.385	2.11749 	-0.0770784 	-1.6865 	0.000726137 	-0.108624 	0.00282602 	
1.39	2.11646 	-0.0763839 	-1.6888 	0.000776268 	-0.108675 	0.00283122 	
1.395	2.11759 	-0.0767979 	-1.68873 	0.000749503 	-0.108734 	0.00281628 	
1.4	2.11858 	-0.0771971 	-1.68856 	0.000723448 	-0.108789 	0.00280105 	
1.405	2.11755 	-0.0765131 	-1.69085 	0.000773387 	-0.108839 	0.00280663 	
1.41	2.11867 	-0.0769275 	-1.69078 	0.000746547 	-0.108899 	0.0027916 	
1.415	2.11966 	-0.077327 	-1.69061 	0.000720418 	-0.108953 	0.00277628 	
1.42	2.11864 	-0.0766537 	-1.6929 	0.000770146 	-0.109003 	0.00278224 	
1.425	2.11976 	-0.0770683 	-1.69283 	0.000743239 	-0.109062 	0.00276713 	
1.43	2.12074 	-0.0774681 	-1.69265 	0.000717046 	-0.109116 	0.00275173 	
1.435	2.11972 	-0.0768056 	-1.69493 	0.000766546 	-0.109166 	0.00275806 	
1.44	2.12083 	-0.0772202 	-1.69486 	0.000739583 	-0.109225 	0.00274288 	
1.445	2.12181 	-0.0776201 	-1.69469 	0.000713335 	-0.109279 	0.0027274 	
1.45	2.12079 	-0.0769686 	-1.69696 	0.000762587 	-0.109328 	0.00273411 	
1.455	2.1219 	-0.0773832 	-1.69689 	0.000735577 	-0.109387 	0.00271885 	
1.46	2.12288 	-0.077783 	-1.69671 	0.000709284 	-0.109441 	0.0027033 	
1.465	2.12186 	-0.0771426 	-1.69897 	0.000758271 	-0.10949 	0.00271037 	
1.47	2.12296 	-0.077557 	-1.6989 	0.000731225 	-0.109548 	0.00269506 	
1.475	2.12393 	-0.0779567 	-1.69873 	0.000704897 	-0.109602 	0.00267944 	
1.48	2.12292 	-0.0773276 	-1.70097 	0.0007536 	-0.109651 	0.00268687 	
1.485	2.12402 	-0.0777416 	-1.7009 	0.000726527 	-0.109709 	0.00267149 	
1.49	2.12498 	-0.0781408 	-1.70073 	0.000700173 	-0.109762 	0.00265583 	
1.495	2.12397 	-0.0775232 	-1.70296 	0.000748576 	-0.109811 	0.0026636 	
1.5	2.12506 	-0.0779367 	-1.70289 	0.000721486 	-0.109868 	0.00264818 	
1.505	2.12603 	-0.0783354 	-1.70271 	0.000695117 	-0.109921 	0.00263246 	
1.51	2.12502 	-0.0777293 	-1.70493 	0.0007432 	-0.109969 	0.00264058 	
1.515	2.1261 	-0.0781421 	-1.70486 	0.000716105 	-0.110027 	0.00262511 	
1.52	2.12706 	-0.0785402 	-1.70469 	0.000689731 	-0.110079 	0.00260935 	
1.525	2.12655 	-0.0785941 	-1.70766 	0.000786383 	-0.110192 	0.00254092 	
1.53	2.12762 	-0.0790061 	-1.70759 	0.000759292 	-0.110249 	0.00252541 	
1.535	2.12858 	-0.0794033 	-1.70742 	0.000732924 	-0.110301 	0.00250962 	
1.54	2.12758 	-0.0788204 	-1.70961 	0.000780269 	-0.110349 	0.00251835 	
1.545	2.12865 	-0.0792314 	-1.70954 	0.000753194 	-0.110405 	0.00250281 	
1.55	2.12959 	-0.0796277 	-1.70936 	0.000726841 	-0.110457 	0.002487 	
1.555	2.1286 	-0.0790566 	-1.71154 	0.000773814 	-0.110505 	0.00249604 	
1.56	2.12966 	-0.0794665 	-1.71146 	0.000746766 	-0.110561 	0.00248048 	
1.565	2.1306 	-0.0798617 	-1.71129 	0.00072044 	-0.110612 	0.00246465 	
1.57	2.12962 	-0.0793025 	-1.71345 	0.000767023 	-0.110659 	0.002474 	
1.575	2.13067 	-0.079711 	-1.71338 	0.000740013 	-0.110715 	0.00245841 	
1.58	2.1316 	-0.0801049 	-1.71321 	0.000713724 	-0.110765 	0.00244257 	
1.585	2.13062 	-0.0795577 	-1.71535 	0.000759901 	-0.110812 	0.00245221 	
1.59	2.13167 	-0.0799647 	-1.71527 	0.000732939 	-0.110867 	0.00243662 	
1.595	2.13259 	-0.0803572 	-1.7151 	0.000706698 	-0.110918 	0.00242078 	
1.6	2.13162 	-0.0798219 	-1.71722 	0.000752451 	-0.110964 	0.0024307 	
1.605	2.13265 	-0.0802274 	-1.71715 	0.00072555 	-0.111019 	0.00241511 	
1.61	2.13357 	-0.0806183 	-1.71698 	0.000699368 	-0.111069 	0.00239927 	
1.615	2.13436 	-0.080968 	-1.71673 	0.000675618 	-0.111113 	0.00238436 	
1.62	2.13284 	-0.0801576 	-1.71954 	0.000743289 	-0.111158 	0.00240324 	
1.625	2.13395 	-0.0805619 	-1.71955 	0.000716578 	-0.111215 	0.00238836 	
1.63	2.1349 	-0.0809555 	-1.71942 	0.000690246 	-0.111266 	0.00237263 	
1.635	2.13389 	-0.0804228 	-1.72156 	0.000737001 	-0.111312 	0.00238389 	
1.64	2.13491 	-0.0808273 	-1.72149 	0.000710074 	-0.111365 	0.00236822 	
1.645	2.13581 	-0.0812176 	-1.72132 	0.000683842 	-0.111414 	0.00235228 	
1.65	2.13658 	-0.0815665 	-1.72107 	0.000660057 	-0.111457 	0.00233728 	
1.655	2.13509 	-0.0807944 	-1.72382 	0.000726272 	-0.111502 	0.00235682 	
1.66	2.13618 	-0.0811964 	-1.72383 	0.0006996 	-0.111558 	0.00234185 	
1.665	2.1371 	-0.0815879 	-1.72369 	0.000673313 	-0.111608 	0.00232606 	
1.67	2.13786 	-0.0819345 	-1.72344 	0.000649628 	-0.11165 	0.00231107 	
1.675	2.13634 	-0.0811615 	-1.72622 	0.000716789 	-0.111693 	0.00233167 	
1.68	2.13742 	-0.0815631 	-1.72622 	0.000690112 	-0.111749 	0.00231669 	
1.685	2.13834 	-0.0819542 	-1.72609 	0.000663798 	-0.111799 	0.00230085 	
1.69	2.13909 	-0.0823004 	-1.72584 	0.000640098 	-0.11184 	0.0022858 	
1.695	2.13758 	-0.0815498 	-1.72858 	0.000706332 	-0.111883 	0.00230671 	
1.7	2.13864 	-0.0819499 	-1.72858 	0.00067969 	-0.111938 	0.00229168 	
1.705	2.13955 	-0.0823396 	-1.72845 	0.000653414 	-0.111987 	0.00227581 	
1.71	2.14029 	-0.0826847 	-1.7282 	0.000629745 	-0.112028 	0.00226075 	
1.715	2.13881 	-0.0819582 	-1.73089 	0.000694856 	-0.112071 	0.00228188 	
1.72	2.13985 	-0.0823561 	-1.73089 	0.000668308 	-0.112125 	0.00226683 	
1.725	2.14074 	-0.0827436 	-1.73076 	0.000642128 	-0.112173 	0.00225098 	
1.73	2.14147 	-0.0830868 	-1.73051 	0.00061854 	-0.112214 	0.00223594 	
1.735	2.14001 	-0.0823842 	-1.73316 	0.000682497 	-0.112255 	0.00225726 	
1.74	2.14104 	-0.082779 	-1.73315 	0.000656092 	-0.112308 	0.00224223 	
1.745	2.14192 	-0.0831636 	-1.73302 	0.000630058 	-0.112356 	0.00222642 	
1.75	2.14264 	-0.0835043 	-1.73278 	0.000606595 	-0.112396 	0.00221144 	
1.755	2.1412 	-0.0828252 	-1.73538 	0.000669375 	-0.112437 	0.00223292 	
1.76	2.14221 	-0.0832164 	-1.73537 	0.000643157 	-0.112489 	0.00221795 	
1.765	2.14307 	-0.0835974 	-1.73523 	0.00061731 	-0.112535 	0.00220222 	
1.77	2.14378 	-0.0839351 	-1.73499 	0.000594011 	-0.112575 	0.00218732 	
1.775	2.14237 	-0.0832792 	-1.73754 	0.000655589 	-0.112615 	0.00220893 	
1.78	2.14336 	-0.0836662 	-1.73753 	0.000629596 	-0.112666 	0.00219403 	
1.785	2.14421 	-0.0840431 	-1.7374 	0.000603972 	-0.112712 	0.0021784 	
1.79	2.1449 	-0.0843774 	-1.73716 	0.00058087 	-0.112751 	0.00216362 	
1.795	2.14352 	-0.0837444 	-1.73966 	0.000641216 	-0.11279 	0.00218533 	
1.8	2.14448 	-0.0841267 	-1.73965 	0.000615483 	-0.112841 	0.00217053 	
1.805	2.14532 	-0.0844991 	-1.73952 	0.000590115 	-0.112885 	0.00215503 	
1.81	2.146 	-0.0848295 	-1.73929 	0.000567239 	-0.112923 	0.00214037 	
1.815	2.14442 	-0.0839159 	-1.74137 	0.000603765 	-0.112932 	0.00219853 	
1.82	2.14537 	-0.0842931 	-1.74135 	0.000578322 	-0.112981 	0.00218384 	
1.825	2.14618 	-0.0846606 	-1.74122 	0.00055324 	-0.113025 	0.00216849 	
1.83	2.14686 	-0.0849867 	-1.74099 	0.000530618 	-0.113062 	0.00215398 	
1.835	2.14553 	-0.084399 	-1.74339 	0.000588428 	-0.1131 	0.0021758 	
1.84	2.14645 	-0.0847706 	-1.74337 	0.000563303 	-0.113148 	0.00216125 	
1.845	2.14726 	-0.0851328 	-1.74324 	0.000538535 	-0.113191 	0.00214606 	
1.85	2.14792 	-0.0854543 	-1.74302 	0.000516193 	-0.113228 	0.00213173 	
1.855	2.14662 	-0.0848888 	-1.74536 	0.000572672 	-0.113265 	0.00215352 	
1.86	2.14752 	-0.0852546 	-1.74534 	0.000547892 	-0.113312 	0.00213912 	
1.865	2.1483 	-0.0856112 	-1.74521 	0.000523464 	-0.113354 	0.00212412 	
1.87	2.14895 	-0.0859277 	-1.74499 	0.000501424 	-0.11339 	0.00210997 	
1.875	2.14769 	-0.0853843 	-1.74728 	0.000556537 	-0.113427 	0.0021317 	
1.88	2.14856 	-0.0857439 	-1.74725 	0.000532128 	-0.113472 	0.00211748 	
1.885	2.14933 	-0.0860944 	-1.74713 	0.000508065 	-0.113514 	0.00210268 	
1.89	2.14997 	-0.0864058 	-1.74691 	0.000486351 	-0.113549 	0.00208873 	
1.895	2.14873 	-0.0858842 	-1.74914 	0.000540063 	-0.113584 	0.00211034 	
1.9	2.14959 	-0.0862372 	-1.74911 	0.000516049 	-0.113629 	0.00209632 	
1.905	2.15034 	-0.0865815 	-1.74899 	0.000492376 	-0.113669 	0.00208174 	
1.91	2.15096 	-0.0868874 	-1.74878 	0.000471008 	-0.113704 	0.00206801 	
1.915	2.14975 	-0.0863874 	-1.75095 	0.000523285 	-0.113738 	0.00208946 	
1.92	2.15059 	-0.0867336 	-1.75092 	0.00049969 	-0.113782 	0.00207564 	
1.925	2.15132 	-0.0870712 	-1.7508 	0.000476429 	-0.113821 	0.00206129 	
1.93	2.15193 	-0.0873714 	-1.7506 	0.00045543 	-0.113854 	0.0020478 	
1.935	2.1525 	-0.0876465 	-1.75039 	0.000436066 	-0.113886 	0.00203528 	
1.94	2.15092 	-0.08698 	-1.75302 	0.000503816 	-0.113919 	0.00206498 	
1.945	2.15179 	-0.0873189 	-1.75305 	0.000480813 	-0.113964 	0.00205198 	
1.95	2.15252 	-0.0876526 	-1.75296 	0.000457856 	-0.114003 	0.00203799 	
1.955	2.15311 	-0.0879465 	-1.75276 	0.000437254 	-0.114036 	0.00202473 	
1.96	2.15367 	-0.0882159 	-1.75255 	0.000418257 	-0.114066 	0.00201242 	
1.965	2.15211 	-0.0875677 	-1.75514 	0.000485098 	-0.114099 	0.00204236 	
1.97	2.15295 	-0.0879004 	-1.75517 	0.000462485 	-0.114142 	0.00202954 	
1.975	2.15366 	-0.0882281 	-1.75507 	0.0004399 	-0.11418 	0.00201575 	
1.98	2.15424 	-0.0885168 	-1.75488 	0.000419633 	-0.114211 	0.00200269 	
1.985	2.15478 	-0.0887815 	-1.75469 	0.000400944 	-0.114241 	0.00199057 	
1.99	2.15327 	-0.0881688 	-1.75717 	0.000465216 	-0.114272 	0.00201987 	
1.995	2.15408 	-0.0884937 	-1.7572 	0.000443074 	-0.114314 	0.00200724 	
2	2.15477 	-0.0888139 	-1.7571 	0.000420966 	-0.11435 	0.00199371 	
2.005	2.15532 	-0.0890963 	-1.75692 	0.000401115 	-0.114381 	0.00198091 	
2.01	2.15585 	-0.0893553 	-1.75673 	0.000382811 	-0.11441 	0.00196903 	
2.015	2.1544 	-0.0887785 	-1.75911 	0.000444332 	-0.11444 	0.00199757 	
2.02	2.15518 	-0.0890945 	-1.75913 	0.000422748 	-0.11448 	0.00198517 	
2.025	2.15584 	-0.0894059 	-1.75903 	0.000401203 	-0.114515 	0.00197195 	
2.03	2.15638 	-0.089681 	-1.75886 	0.000381846 	-0.114545 	0.00195948 	
2.035	2.15689 	-0.0899332 	-1.75867 	0.000363996 	-0.114573 	0.0019479 	
2.04	2.15551 	-0.0893915 	-1.76095 	0.000422724 	-0.114602 	0.00197558 	
2.045	2.15624 	-0.0896976 	-1.76096 	0.000401769 	-0.11464 	0.00196348 	
2.05	2.15688 	-0.0899994 	-1.76087 	0.000380855 	-0.114673 	0.00195062 	
2.055	2.1574 	-0.0902662 	-1.7607 	0.000362055 	-0.114702 	0.00193851 	
2.06	2.15789 	-0.0905108 	-1.76053 	0.000344718 	-0.114729 	0.00192727 	
2.065	2.15658 	-0.0900034 	-1.7627 	0.000400616 	-0.114757 	0.00195403 	
2.07	2.15728 	-0.0902988 	-1.7627 	0.000380348 	-0.114793 	0.00194226 	
2.075	2.15789 	-0.0905901 	-1.76261 	0.000360122 	-0.114825 	0.00192981 	
2.08	2.15839 	-0.090848 	-1.76245 	0.00034193 	-0.114853 	0.00191809 	
2.085	2.15886 	-0.0910844 	-1.76228 	0.000325155 	-0.114879 	0.00190722 	
2.09	2.1593 	-0.091301 	-1.76211 	0.000309692 	-0.114903 	0.00189714 	
2.095	2.15774 	-0.0906902 	-1.76457 	0.000375775 	-0.114929 	0.00192993 	
2.1	2.15845 	-0.0909737 	-1.76461 	0.000356391 	-0.114965 	0.001919 	
2.105	2.15905 	-0.0912559 	-1.76455 	0.000336822 	-0.114997 	0.00190707 	
2.11	2.15953 	-0.0915039 	-1.76439 	0.000319308 	-0.115023 	0.00189579 	
2.115	2.15997 	-0.0917312 	-1.76423 	0.000303157 	-0.115047 	0.00188532 	
2.12	2.1604 	-0.0919396 	-1.76407 	0.000288269 	-0.115071 	0.0018756 	
2.125	2.1589 	-0.0913663 	-1.76641 	0.000351223 	-0.115095 	0.00190735 	
2.13	2.15957 	-0.091638 	-1.76645 	0.000332607 	-0.115129 	0.00189677 	
2.135	2.16014 	-0.0919088 	-1.76639 	0.000313805 	-0.115159 	0.00188529 	
2.14	2.16059 	-0.092147 	-1.76624 	0.000296967 	-0.115184 	0.00187445 	
2.145	2.16102 	-0.0923654 	-1.76609 	0.000281439 	-0.115207 	0.00186439 	
2.15	2.16142 	-0.0925657 	-1.76594 	0.000267123 	-0.115229 	0.00185506 	
2.155	2.16003 	-0.0920422 	-1.76812 	0.00032559 	-0.115252 	0.00188494 	
2.16	2.16065 	-0.0923003 	-1.76814 	0.000307852 	-0.115284 	0.00187477 	
2.165	2.16118 	-0.0925577 	-1.76808 	0.000289946 	-0.115312 	0.0018638 	
2.17	2.16161 	-0.0927847 	-1.76795 	0.000273893 	-0.115336 	0.00185347 	
2.175	2.16202 	-0.0929929 	-1.76781 	0.000259088 	-0.115358 	0.0018439 	
2.18	2.1624 	-0.0931838 	-1.76767 	0.000245438 	-0.115378 	0.00183501 	
2.185	2.16275 	-0.0933586 	-1.76753 	0.000232858 	-0.115398 	0.00182677 	
2.19	2.16123 	-0.0927787 	-1.76984 	0.000297029 	-0.115419 	0.00186039 	
2.195	2.16182 	-0.0930212 	-1.7699 	0.00028041 	-0.11545 	0.00185106 	
2.2	2.16233 	-0.0932653 	-1.76985 	0.000263454 	-0.115476 	0.00184076 	
2.205	2.16273 	-0.0934792 	-1.76973 	0.000248312 	-0.115498 	0.00183103 	
2.21	2.16311 	-0.0936756 	-1.7696 	0.000234345 	-0.115519 	0.001822 	
2.215	2.16346 	-0.0938557 	-1.76947 	0.000221465 	-0.115538 	0.00181363 	
2.22	2.16379 	-0.0940207 	-1.76934 	0.000209593 	-0.115556 	0.00180586 	
2.225	2.16411 	-0.0941719 	-1.76921 	0.000198654 	-0.115573 	0.00179866 	
2.23	2.16267 	-0.0938017 	-1.7719 	0.000284249 	-0.115617 	0.00180544 	
2.235	2.16324 	-0.0940273 	-1.77197 	0.000268833 	-0.115645 	0.00179695 	
2.24	2.16371 	-0.0942563 	-1.77194 	0.00025294 	-0.11567 	0.00178736 	
2.245	2.16408 	-0.0944563 	-1.77183 	0.000238796 	-0.11569 	0.00177828 	
2.25	2.16443 	-0.0946399 	-1.77172 	0.000225746 	-0.115709 	0.00176986 	
2.255	2.16475 	-0.0948083 	-1.7716 	0.000213709 	-0.115727 	0.00176205 	
2.26	2.16506 	-0.0949628 	-1.77149 	0.000202611 	-0.115743 	0.00175481 	
2.265	2.16534 	-0.0951044 	-1.77137 	0.000192381 	-0.115759 	0.00174809 	
2.27	2.16561 	-0.0952341 	-1.77126 	0.000182955 	-0.115774 	0.00174186 	
2.275	2.164 	-0.0946244 	-1.7736 	0.000250413 	-0.115791 	0.0017786 	
2.28	2.16452 	-0.0948298 	-1.77368 	0.000236398 	-0.115817 	0.00177096 	
2.285	2.16495 	-0.0950401 	-1.77367 	0.00022182 	-0.115839 	0.0017622 	
2.29	2.16528 	-0.0952234 	-1.77357 	0.000208872 	-0.115857 	0.00175391 	
2.295	2.16559 	-0.0953917 	-1.77347 	0.000196923 	-0.115874 	0.00174622 	
2.3	2.16589 	-0.0955464 	-1.77338 	0.000185897 	-0.11589 	0.00173909 	
2.305	2.16616 	-0.0956883 	-1.77328 	0.000175726 	-0.115905 	0.00173248 	
2.31	2.16642 	-0.0958186 	-1.77318 	0.000166347 	-0.115919 	0.00172635 	
2.315	2.16666 	-0.0959379 	-1.77308 	0.000157701 	-0.115932 	0.00172067 	
2.32	2.16688 	-0.0960473 	-1.77298 	0.000149732 	-0.115945 	0.00171539 	
2.325	2.16709 	-0.0961474 	-1.77289 	0.000142391 	-0.115956 	0.0017105 	
2.33	2.16545 	-0.0955245 	-1.77522 	0.000211089 	-0.11597 	0.00174862 	
2.335	2.16591 	-0.0957043 	-1.77532 	0.000198879 	-0.115993 	0.00174212 	
2.34	2.16629 	-0.0958912 	-1.77532 	0.000185969 	-0.116013 	0.00173444 	
2.345	2.16658 	-0.0960532 	-1.77524 	0.000174551 	-0.116028 	0.00172716 	
2.35	2.16685 	-0.0962023 	-1.77517 	0.000164009 	-0.116043 	0.00172041 	
2.355	2.1671 	-0.0963395 	-1.77509 	0.000154275 	-0.116056 	0.00171416 	
2.36	2.16733 	-0.0964655 	-1.77501 	0.00014529 	-0.116069 	0.00170836 	
2.365	2.16755 	-0.0965813 	-1.77494 	0.000136998 	-0.116081 	0.00170298 	
2.37	2.16776 	-0.0966877 	-1.77486 	0.000129347 	-0.116092 	0.00169799 	
2.375	2.16795 	-0.0967853 	-1.77479 	0.000122289 	-0.116103 	0.00169337 	
2.38	2.16813 	-0.0968749 	-1.77471 	0.000115779 	-0.116113 	0.00168908 	
2.385	2.1683 	-0.0969571 	-1.77464 	0.000109777 	-0.116122 	0.0016851 	
2.39	2.16846 	-0.0970324 	-1.77456 	0.000104244 	-0.116131 	0.00168141 	
2.395	2.16861 	-0.0971014 	-1.77449 	9.91443e-05 	-0.116139 	0.00167799 	
2.4	2.16875 	-0.0971645 	-1.77442 	9.44452e-05 	-0.116147 	0.00167482 	
2.405	2.16888 	-0.0972223 	-1.77435 	9.01164e-05 	-0.116154 	0.00167187 	
2.41	2.16718 	-0.0965755 	-1.77668 	0.000160767 	-0.116164 	0.00171186 	
2.415	2.16756 	-0.0967188 	-1.7768 	0.000151158 	-0.116182 	0.00170701 	
2.42	2.16787 	-0.0968723 	-1.77683 	0.000140651 	-0.116198 	0.0017009 	
2.425	2.16809 	-0.0970043 	-1.77678 	0.000131437 	-0.11621 	0.0016951 	
2.43	2.1683 	-0.097126 	-1.77674 	0.000122918 	-0.116221 	0.00168972 	
2.435	2.16849 	-0.0972383 	-1.77669 	0.000115042 	-0.116231 	0.00168473 	
2.44	2.16867 	-0.0973418 	-1.77665 	0.00010776 	-0.116241 	0.0016801 	
2.445	2.16884 	-0.0974374 	-1.77661 	0.000101027 	-0.11625 	0.00167581 	
2.45	2.169 	-0.0975254 	-1.77656 	9.48031e-05 	-0.116258 	0.00167184 	
2.455	2.16914 	-0.0976066 	-1.77652 	8.90496e-05 	-0.116266 	0.00166816 	
2.46	2.16928 	-0.0976815 	-1.77648 	8.37306e-05 	-0.116274 	0.00166474 	
2.465	2.1694 	-0.0977506 	-1.77644 	7.88134e-05 	-0.11628 	0.00166157 	
2.47	2.16952 	-0.0978142 	-1.7764 	7.42673e-05 	-0.116287 	0.00165864 	
2.475	2.16963 	-0.097873 	-1.77637 	7.0064e-05 	-0.116293 	0.00165591 	
2.48	2.16974 	-0.0979272 	-1.77633 	6.61771e-05 	-0.116298 	0.00165339 	
2.485	2.16983 	-0.0979772 	-1.7763 	6.25824e-05 	-0.116304 	0.00165105 	
2.49	2.16992 	-0.0980233 	-1.77626 	5.92573e-05 	-0.116309 	0.00164888 	
2.495	2.17 	-0.098066 	-1.77623 	5.61808e-05 	-0.116313 	0.00164687 	
2.5	2.17008 	-0.0981054 	-1.7762 	5.33336e-05 	-0.116317 	0.00164501 	
2.505	2.17015 	-0.0981418 	-1.77617 	5.06973e-05 	-0.116321 	0.00164328 	
2.51	2.17022 	-0.0981759 	-1.77615 	4.82389e-05 	-0.116325 	0.00164168 	
2.515	2.17028 	-0.0982083 	-1.77612 	4.59067e-05 	-0.116328 	0.00164016 	
2.52	2.17034 	-0.0982388 	-1.7761 	4.37256e-05 	-0.116331 	0.00163875 	
2.525	2.17039 	-0.0982669 	-1.77608 	4.17074e-05 	-0.116334 	0.00163745 	
2.53	2.17044 	-0.0982932 	-1.77606 	3.9826e-05 	-0.116337 	0.00163623 	
2.535	2.17049 	-0.0983177 	-1.77605 	3.80744e-05 	-0.11634 	0.0016351 	
2.54	2.17053 	-0.0983404 	-1.77603 	3.64459e-05 	-0.116342 	0.00163405 	
2.545	2.17057 	-0.0983616 	-1.77602 	3.49296e-05 	-0.116344 	0.00163307 	
2.55	2.17062 	-0.0983813 	-1.776 	3.35161e-05 	-0.116346 	0.00163215 	
2.555	2.17066 	-0.0983997 	-1.77599 	3.21967e-05 	-0.116349 	0.0016313 	
2.56	2.17075 	-0.0984982 	-1.77607 	3.69043e-05 	-0.116359 	0.00162066 	
2.565	2.17079 	-0.0985144 	-1.77606 	3.57456e-05 	-0.116361 	0.00161991 	
2.57	2.17083 	-0.0985298 	-1.77605 	3.46446e-05 	-0.116363 	0.0016192 	
2.575	2.17087 	-0.0985443 	-1.77604 	3.36038e-05 	-0.116364 	0.00161853 	
2.58	2.17091 	-0.098558 	-1.77603 	3.26249e-05 	-0.116366 	0.00161789 	
2.585	2.17095 	-0.0985709 	-1.77602 	3.17015e-05 	-0.116368 	0.0016173 	
2.59	2.17099 	-0.0985831 	-1.77601 	3.08281e-05 	-0.11637 	0.00161673 	
2.595	2.17103 	-0.0985947 	-1.776 	3.00001e-05 	-0.116372 	0.00161619 	
2.6	2.17107 	-0.0986057 	-1.776 	2.92129e-05 	-0.116374 	0.00161568 	
2.605	2.17111 	-0.0986161 	-1.77599 	2.84624e-05 	-0.116376 	0.00161519 	
2.61	2.17115 	-0.0986261 	-1.77598 	2.77447e-05 	-0.116377 	0.00161473 	
2.615	2.1712 	-0.0986356 	-1.77597 	2.70564e-05 	-0.116379 	0.00161428 	
2.62	2.17124 	-0.0986448 	-1.77596 	2.63941e-05 	-0.116381 	0.00161384 	
2.625	2.17129 	-0.0986536 	-1.77596 	2.57547e-05 	-0.116383 	0.00161342 	
2.63	2.17134 	-0.0986622 	-1.77595 	2.51355e-05 	-0.116386 	0.00161301 	
2.635	2.17139 	-0.0986705 	-1.77594 	2.4533e-05 	-0.116388 	0.00161261 	
2.64	2.17145 	-0.0986786 	-1.77593 	2.39437e-05 	-0.11639 	0.00161222 	
2.645	2.1715 	-0.0986865 	-1.77593 	2.33689e-05 	-0.116392 	0.00161184 	
2.65	2.17156 	-0.0986942 	-1.77592 	2.28033e-05 	-0.116395 	0.00161146 	
2.655	2.17162 	-0.0987018 	-1.77591 	2.22457e-05 	-0.116397 	0.00161109 	
2.66	2.17168 	-0.0987093 	-1.7759 	2.16961e-05 	-0.1164 	0.00161072 	
2.665	2.17175 	-0.0987167 	-1.7759 	2.1152e-05 	-0.116402 	0.00161035 	
2.67	2.17182 	-0.0987241 	-1.77589 	2.06119e-05 	-0.116405 	0.00160999 	
2.675	2.17189 	-0.0987314 	-1.77588 	2.00743e-05 	-0.116408 	0.00160962 	
2.68	2.17196 	-0.0987386 	-1.77587 	1.9538e-05 	-0.116411 	0.00160926 	
2.685	2.17203 	-0.0987459 	-1.77586 	1.90017e-05 	-0.116413 	0.00160889 	
2.69	2.17211 	-0.0987531 	-1.77586 	1.84643e-05 	-0.116417 	0.00160853 	
2.695	2.17219 	-0.0987604 	-1.77585 	1.79247e-05 	-0.11642 	0.00160816 	
2.7	2.17227 	-0.0987677 	-1.77584 	1.73821e-05 	-0.116423 	0.00160778 	
2.705	2.17236 	-0.098775 	-1.77583 	1.68355e-05 	-0.116426 	0.00160741 	
2.71	2.17244 	-0.0987825 	-1.77582 	1.62841e-05 	-0.11643 	0.00160703 	
2.715	2.17254 	-0.0987899 	-1.77581 	1.57271e-05 	-0.116433 	0.00160664 	
2.72	2.17263 	-0.0987975 	-1.7758 	1.51639e-05 	-0.116437 	0.00160626 	
2.725	2.17272 	-0.0988051 	-1.77579 	1.45938e-05 	-0.116441 	0.00160586 	
2.73	2.17282 	-0.0988128 	-1.77578 	1.40162e-05 	-0.116445 	0.00160546 	
2.735	2.17292 	-0.0988206 	-1.77577 	1.34305e-05 	-0.116448 	0.00160506 	
2.74	2.17303 	-0.0988286 	-1.77576 	1.28363e-05 	-0.116453 	0.00160464 	
2.745	2.17314 	-0.0988366 	-1.77575 	1.22331e-05 	-0.116457 	0.00160422 	
2.75	2.17325 	-0.0988448 	-1.77574 	1.16204e-05 	-0.116461 	0.0016038 	
2.755	2.17336 	-0.0988531 	-1.77573 	1.09979e-05 	-0.116465 	0.00160336 	
2.76	2.17347 	-0.0988615 	-1.77572 	1.03652e-05 	-0.11647 	0.00160292 	
2.765	2.17584 	-0.0985206 	-1.77301 	4.44028e-05 	-0.116474 	0.00162401 	
2.77	2.17594 	-0.0985829 	-1.77308 	4.04571e-05 	-0.116476 	0.00162096 	
2.775	2.17593 	-0.0986441 	-1.77308 	3.64114e-05 	-0.116475 	0.0016181 	
2.78	2.17589 	-0.0986925 	-1.77304 	3.31365e-05 	-0.116473 	0.00161591 	
2.785	2.17586 	-0.098738 	-1.773 	3.00399e-05 	-0.116471 	0.00161383 	
2.79	2.17585 	-0.0987811 	-1.77297 	2.71076e-05 	-0.11647 	0.00161186 	
2.795	2.17586 	-0.0988219 	-1.77294 	2.43265e-05 	-0.11647 	0.00160998 	
2.8	2.17587 	-0.0988605 	-1.77291 	2.16843e-05 	-0.11647 	0.0016082 	
2.805	2.1759 	-0.0988972 	-1.77288 	1.917e-05 	-0.116471 	0.00160651 	
2.81	2.17594 	-0.0989321 	-1.77285 	1.6773e-05 	-0.116472 	0.00160489 	
2.815	2.17599 	-0.0989653 	-1.77282 	1.44838e-05 	-0.116474 	0.00160334 	
2.82	2.17555 	-0.0983101 	-1.77196 	-3.8028e-05 	-0.116407 	0.00168495 	
2.825	2.17562 	-0.0983398 	-1.77194 	-4.00916e-05 	-0.11641 	0.00168354 	
2.83	2.1757 	-0.098366 	-1.77191 	-4.19483e-05 	-0.116412 	0.00168224 	
2.835	2.17579 	-0.0983904 	-1.77188 	-4.36918e-05 	-0.116415 	0.00168101 	
2.84	2.17822 	-0.0983831 	-1.76903 	-4.41139e-05 	-0.116419 	0.0016818 	
2.845	2.1783 	-0.0984237 	-1.76909 	-4.65317e-05 	-0.11642 	0.00168017 	
2.85	2.17827 	-0.0984521 	-1.76906 	-4.84159e-05 	-0.116417 	0.0016787 	
2.855	2.17821 	-0.0984723 	-1.769 	-4.98971e-05 	-0.116414 	0.00167741 	
2.86	2.17818 	-0.0984919 	-1.76895 	-5.13472e-05 	-0.116412 	0.00167616 	
2.865	2.17816 	-0.0985112 	-1.76889 	-5.27694e-05 	-0.11641 	0.00167494 	
2.87	2.17816 	-0.0985302 	-1.76884 	-5.41667e-05 	-0.116409 	0.00167376 	
2.875	2.17817 	-0.0985488 	-1.7688 	-5.55421e-05 	-0.116409 	0.00167261 	
2.88	2.1782 	-0.0985671 	-1.76875 	-5.68981e-05 	-0.116409 	0.00167148 	
2.885	2.17824 	-0.0985852 	-1.76871 	-5.82371e-05 	-0.11641 	0.00167038 	
2.89	2.1783 	-0.098603 	-1.76867 	-5.95613e-05 	-0.116412 	0.0016693 	
2.895	2.17837 	-0.0986207 	-1.76863 	-6.08728e-05 	-0.116414 	0.00166825 	
2.9	2.18072 	-0.0986388 	-1.76583 	-6.40989e-05 	-0.116416 	0.00166727 	
2.905	2.18079 	-0.0986697 	-1.76587 	-6.5902e-05 	-0.116417 	0.001666 	
2.91	2.18075 	-0.0986887 	-1.76583 	-6.71737e-05 	-0.116414 	0.00166485 	
2.915	2.1807 	-0.0987006 	-1.76577 	-6.81253e-05 	-0.11641 	0.00166381 	
2.92	2.18066 	-0.0987128 	-1.7657 	-6.90967e-05 	-0.116407 	0.00166279 	
2.925	2.18065 	-0.0987254 	-1.76564 	-7.00873e-05 	-0.116405 	0.00166177 	
2.93	2.18065 	-0.0987382 	-1.76558 	-7.10968e-05 	-0.116405 	0.00166076 	
2.935	2.18067 	-0.0987513 	-1.76553 	-7.21248e-05 	-0.116404 	0.00165977 	
2.94	2.18071 	-0.0987648 	-1.76548 	-7.31707e-05 	-0.116405 	0.00165878 	
2.945	2.18077 	-0.0987784 	-1.76543 	-7.42342e-05 	-0.116406 	0.00165779 	
2.95	2.18084 	-0.0987924 	-1.76538 	-7.5315e-05 	-0.116408 	0.00165681 	
2.955	2.18327 	-0.0988108 	-1.76247 	-7.87425e-05 	-0.11641 	0.00165569 	
2.96	2.18335 	-0.0988397 	-1.76252 	-8.04002e-05 	-0.116411 	0.00165447 	
2.965	2.18332 	-0.0988562 	-1.76248 	-8.15093e-05 	-0.116408 	0.00165337 	
2.97	2.18326 	-0.0988654 	-1.7624 	-8.22968e-05 	-0.116404 	0.00165237 	
2.975	2.18323 	-0.0988752 	-1.76233 	-8.31268e-05 	-0.116401 	0.00165137 	
2.98	2.18322 	-0.0988857 	-1.76226 	-8.3997e-05 	-0.1164 	0.00165038 	
2.985	2.18323 	-0.0988967 	-1.7622 	-8.49054e-05 	-0.116399 	0.00164938 	
2.99	2.18326 	-0.0989084 	-1.76214 	-8.58501e-05 	-0.116399 	0.00164839 	
2.995	2.18331 	-0.0989205 	-1.76209 	-8.68293e-05 	-0.1164 	0.00164739 	
3	2.18338 	-0.0989332 	-1.76203 	-8.78413e-05 	-0.116401 	0.00164639 	
3.005	2.18582 	-0.098951 	-1.7591 	-9.12526e-05 	-0.116403 	0.00164521 	
3.01	2.18591 	-0.0989796 	-1.75914 	-9.28935e-05 	-0.116404 	0.00164396 	
3.015	2.18587 	-0.0989957 	-1.75909 	-9.39888e-05 	-0.1164 	0.00164282 	
3.02	2.18582 	-0.0990044 	-1.75901 	-9.47629e-05 	-0.116397 	0.00164177 	
3.025	2.18579 	-0.099014 	-1.75894 	-9.55896e-05 	-0.116394 	0.00164073 	
3.03	2.18579 	-0.0990244 	-1.75887 	-9.64659e-05 	-0.116392 	0.00163968 	
3.035	2.18581 	-0.0990354 	-1.7588 	-9.73891e-05 	-0.116392 	0.00163863 	
3.04	2.18585 	-0.0990472 	-1.75874 	-9.83565e-05 	-0.116392 	0.00163758 	
3.045	2.18591 	-0.0990597 	-1.75868 	-9.93657e-05 	-0.116393 	0.00163653 	
3.05	2.18827 	-0.0990772 	-1.75581 	-0.000102711 	-0.116394 	0.00163528 	
3.055	2.18836 	-0.0991054 	-1.75583 	-0.000104355 	-0.116395 	0.00163397 	
3.06	2.18832 	-0.0991217 	-1.75578 	-0.000105482 	-0.116391 	0.00163277 	
3.065	2.18828 	-0.099131 	-1.7557 	-0.000106302 	-0.116388 	0.00163165 	
3.07	2.18825 	-0.0991411 	-1.75562 	-0.000107179 	-0.116385 	0.00163054 	
3.075	2.18826 	-0.0991522 	-1.75555 	-0.000108109 	-0.116383 	0.00162943 	
3.08	2.18828 	-0.099164 	-1.75548 	-0.00010909 	-0.116383 	0.00162831 	
3.085	2.18833 	-0.0991766 	-1.75542 	-0.000110119 	-0.116383 	0.00162719 	
3.09	2.1884 	-0.0991898 	-1.75536 	-0.000111193 	-0.116385 	0.00162606 	
3.095	2.1909 	-0.0992088 	-1.75233 	-0.000114734 	-0.116387 	0.0016247 	
3.1	2.19101 	-0.0992398 	-1.75237 	-0.000116523 	-0.116388 	0.00162329 	
3.105	2.19098 	-0.0992577 	-1.75232 	-0.000117747 	-0.116384 	0.001622 	
3.11	2.19093 	-0.0992678 	-1.75223 	-0.000118629 	-0.11638 	0.00162081 	
3.115	2.19139 	-0.0999148 	-1.75292 	-7.23683e-05 	-0.116441 	0.00154305 	
3.12	2.1914 	-0.0999272 	-1.75285 	-7.33995e-05 	-0.11644 	0.00154184 	
3.125	2.19143 	-0.0999426 	-1.75278 	-7.45971e-05 	-0.116439 	0.00154058 	
3.13	2.19148 	-0.0999593 	-1.75271 	-7.58789e-05 	-0.11644 	0.0015393 	
3.135	2.19383 	-0.0999809 	-1.74983 	-7.93569e-05 	-0.116441 	0.00153787 	
3.14	2.19392 	-0.100013 	-1.74986 	-8.12799e-05 	-0.116442 	0.00153634 	
3.145	2.19389 	-0.100034 	-1.7498 	-8.26812e-05 	-0.116438 	0.00153492 	
3.15	2.19385 	-0.100047 	-1.74972 	-8.37606e-05 	-0.116434 	0.0015336 	
3.155	2.19384 	-0.100061 	-1.74964 	-8.48917e-05 	-0.116432 	0.00153228 	
3.16	2.19385 	-0.100076 	-1.74957 	-8.60712e-05 	-0.11643 	0.00153096 	
3.165	2.19389 	-0.100092 	-1.7495 	-8.72964e-05 	-0.11643 	0.00152965 	
3.17	2.19395 	-0.100108 	-1.74943 	-8.85644e-05 	-0.116431 	0.00152834 	
3.175	2.19639 	-0.10013 	-1.74646 	-9.21143e-05 	-0.116432 	0.00152683 	
3.18	2.19649 	-0.100164 	-1.74649 	-9.40971e-05 	-0.116433 	0.00152524 	
3.185	2.19647 	-0.100185 	-1.74644 	-9.55339e-05 	-0.11643 	0.00152376 	
3.19	2.19643 	-0.100198 	-1.74635 	-9.66308e-05 	-0.116426 	0.00152239 	
3.195	2.19642 	-0.100212 	-1.74627 	-9.77836e-05 	-0.116423 	0.00152102 	
3.2	2.19644 	-0.100227 	-1.7462 	-9.8989e-05 	-0.116422 	0.00151965 	
3.205	2.19648 	-0.100243 	-1.74612 	-0.000100244 	-0.116422 	0.00151828 	
3.21	2.19655 	-0.10026 	-1.74606 	-0.000101545 	-0.116423 	0.00151692 	
3.215	2.19908 	-0.100282 	-1.74298 	-0.000105206 	-0.116425 	0.00151533 	
3.22	2.19919 	-0.100318 	-1.74302 	-0.000107284 	-0.116426 	0.00151365 	
3.225	2.19918 	-0.10034 	-1.74297 	-0.000108784 	-0.116422 	0.0015121 	
3.23	2.19914 	-0.100353 	-1.74288 	-0.000109921 	-0.116419 	0.00151066 	
3.235	2.19914 	-0.100368 	-1.7428 	-0.000111116 	-0.116416 	0.00150923 	
3.24	2.19916 	-0.100384 	-1.74272 	-0.000112366 	-0.116415 	0.0015078 	
3.245	2.19921 	-0.1004 	-1.74265 	-0.000113667 	-0.116415 	0.00150637 	
3.25	2.19928 	-0.100417 	-1.74259 	-0.000115016 	-0.116416 	0.00150495 	
3.255	2.20189 	-0.100441 	-1.7394 	-0.000118791 	-0.116418 	0.00150327 	
3.26	2.20202 	-0.100478 	-1.73945 	-0.000120974 	-0.11642 	0.00150151 	
3.265	2.20201 	-0.100502 	-1.73941 	-0.00012255 	-0.116416 	0.00149988 	
3.27	2.20197 	-0.100516 	-1.73932 	-0.000123739 	-0.116412 	0.00149838 	
3.275	2.20196 	-0.100531 	-1.73924 	-0.000124986 	-0.11641 	0.00149688 	
3.28	2.20199 	-0.100548 	-1.73916 	-0.000126289 	-0.116409 	0.00149538 	
3.285	2.20204 	-0.100565 	-1.73909 	-0.000127644 	-0.116409 	0.00149389 	
3.29	2.20439 	-0.100588 	-1.73618 	-0.000131185 	-0.116409 	0.00149216 	
3.295	2.20449 	-0.100622 	-1.7362 	-0.000133278 	-0.11641 	0.00149038 	
3.3	2.20447 	-0.100645 	-1.73615 	-0.00013486 	-0.116406 	0.00148871 	
3.305	2.20444 	-0.10066 	-1.73606 	-0.000136112 	-0.116402 	0.00148714 	
3.31	2.20444 	-0.100677 	-1.73598 	-0.000137422 	-0.1164 	0.00148558 	
3.315	2.20447 	-0.100694 	-1.73591 	-0.000138787 	-0.116399 	0.00148403 	
3.32	2.20453 	-0.100712 	-1.73584 	-0.000140203 	-0.116399 	0.00148248 	
3.325	2.2069 	-0.100736 	-1.7329 	-0.000143811 	-0.1164 	0.00148067 	
3.33	2.20701 	-0.100772 	-1.73293 	-0.000145982 	-0.116401 	0.00147883 	
3.335	2.207 	-0.100796 	-1.73288 	-0.000147636 	-0.116397 	0.00147709 	
3.34	2.20697 	-0.100812 	-1.7328 	-0.000148952 	-0.116393 	0.00147547 	
3.345	2.20698 	-0.10083 	-1.73272 	-0.000150325 	-0.116391 	0.00147385 	
3.35	2.20702 	-0.100848 	-1.73265 	-0.000151751 	-0.11639 	0.00147224 	
3.355	2.20708 	-0.100867 	-1.73258 	-0.000153227 	-0.116391 	0.00147064 	
3.36	2.20949 	-0.100892 	-1.7296 	-0.000156917 	-0.116392 	0.00146876 	
3.365	2.2096 	-0.100929 	-1.72963 	-0.000159173 	-0.116393 	0.00146684 	
3.37	2.2096 	-0.100955 	-1.72959 	-0.000160899 	-0.116389 	0.00146505 	
3.375	2.20958 	-0.100972 	-1.7295 	-0.000162275 	-0.116386 	0.00146337 	
3.38	2.20959 	-0.10099 	-1.72943 	-0.000163707 	-0.116384 	0.0014617 	
3.385	2.20963 	-0.101009 	-1.72936 	-0.00016519 	-0.116383 	0.00146004 	
3.39	2.2097 	-0.101029 	-1.72929 	-0.000166722 	-0.116383 	0.00145839 	
3.395	2.21214 	-0.101055 	-1.72627 	-0.000170482 	-0.116385 	0.00145643 	
3.4	2.21226 	-0.101094 	-1.72631 	-0.000172817 	-0.116386 	0.00145445 	
3.405	2.21226 	-0.101121 	-1.72627 	-0.00017461 	-0.116382 	0.00145259 	
3.41	2.21224 	-0.101139 	-1.72619 	-0.000176043 	-0.116379 	0.00145086 	
3.415	2.21225 	-0.101158 	-1.72612 	-0.000177529 	-0.116377 	0.00144914 	
3.42	2.2123 	-0.101178 	-1.72605 	-0.000179066 	-0.116376 	0.00144743 	
3.425	2.21237 	-0.101199 	-1.72599 	-0.000180648 	-0.116376 	0.00144574 	
3.43	2.21483 	-0.101225 	-1.72294 	-0.000184467 	-0.116378 	0.00144371 	
3.435	2.21496 	-0.101266 	-1.72298 	-0.000186872 	-0.116379 	0.00144167 	
3.44	2.21496 	-0.101293 	-1.72294 	-0.000188728 	-0.116376 	0.00143976 	
3.445	2.21495 	-0.101312 	-1.72286 	-0.000190214 	-0.116372 	0.00143798 	
3.45	2.21505 	-0.101452 	-1.72293 	-0.000182693 	-0.116382 	0.00142191 	
3.455	2.2151 	-0.101473 	-1.72287 	-0.000184285 	-0.116381 	0.00142015 	
3.46	2.21517 	-0.101495 	-1.72281 	-0.000185943 	-0.116382 	0.0014184 	
3.465	2.21765 	-0.101523 	-1.71974 	-0.000189821 	-0.116383 	0.0014163 	
3.47	2.21778 	-0.101565 	-1.71979 	-0.000192317 	-0.116384 	0.00141419 	
3.475	2.21779 	-0.101594 	-1.71975 	-0.000194257 	-0.116381 	0.00141222 	
3.48	2.21777 	-0.101614 	-1.71967 	-0.000195817 	-0.116378 	0.00141038 	
3.485	2.21779 	-0.101635 	-1.71961 	-0.000197426 	-0.116375 	0.00140856 	
3.49	2.21784 	-0.101657 	-1.71954 	-0.000199078 	-0.116375 	0.00140676 	
3.495	2.21791 	-0.10168 	-1.71948 	-0.000200772 	-0.116375 	0.00140497 	
3.5	2.2204 	-0.101708 	-1.7164 	-0.000204669 	-0.116377 	0.00140281 	
3.505	2.22053 	-0.101751 	-1.71645 	-0.000207206 	-0.116378 	0.00140067 	
3.51	2.22054 	-0.101781 	-1.71642 	-0.000209186 	-0.116375 	0.00139865 	
3.515	2.22053 	-0.101802 	-1.71635 	-0.000210783 	-0.116371 	0.00139678 	
3.52	2.22054 	-0.101823 	-1.71628 	-0.000212426 	-0.116369 	0.00139492 	
3.525	2.22059 	-0.101846 	-1.71622 	-0.000214111 	-0.116368 	0.00139308 	
3.53	2.22067 	-0.101869 	-1.71616 	-0.000215837 	-0.116369 	0.00139126 	
3.535	2.22316 	-0.101898 	-1.71308 	-0.000219748 	-0.116371 	0.00138906 	
3.54	2.22329 	-0.101941 	-1.71313 	-0.000222321 	-0.116372 	0.00138687 	
3.545	2.2233 	-0.101972 	-1.7131 	-0.000224341 	-0.116368 	0.00138482 	
3.55	2.22329 	-0.101993 	-1.71303 	-0.000225974 	-0.116365 	0.00138291 	
3.555	2.22331 	-0.102016 	-1.71297 	-0.000227651 	-0.116363 	0.00138102 	
3.56	2.22336 	-0.102039 	-1.71291 	-0.000229369 	-0.116362 	0.00137915 	
3.565	2.22344 	-0.102062 	-1.71286 	-0.000231125 	-0.116363 	0.00137731 	
3.57	2.22592 	-0.102092 	-1.70978 	-0.000235041 	-0.116364 	0.00137505 	
3.575	2.22605 	-0.102136 	-1.70984 	-0.000237645 	-0.116365 	0.00137283 	
3.58	2.22606 	-0.102167 	-1.70981 	-0.0002397 	-0.116362 	0.00137074 	
3.585	2.22605 	-0.102189 	-1.70975 	-0.000241368 	-0.116359 	0.00136881 	
3.59	2.22607 	-0.102212 	-1.70969 	-0.000243078 	-0.116357 	0.00136689 	
3.595	2.22613 	-0.102236 	-1.70963 	-0.000244826 	-0.116356 	0.001365 	
3.6	2.22621 	-0.10226 	-1.70958 	-0.000246609 	-0.116356 	0.00136313 	
3.605	2.22867 	-0.10229 	-1.70652 	-0.00025052 	-0.116358 	0.00136083 	
3.61	2.22881 	-0.102334 	-1.70658 	-0.000253147 	-0.116359 	0.00135858 	
3.615	2.22882 	-0.102366 	-1.70655 	-0.000255232 	-0.116356 	0.00135646 	
3.62	2.22881 	-0.102389 	-1.70649 	-0.000256932 	-0.116352 	0.0013545 	
3.625	2.22883 	-0.102412 	-1.70644 	-0.000258671 	-0.11635 	0.00135257 	
3.63	2.22888 	-0.102436 	-1.70638 	-0.000260445 	-0.11635 	0.00135065 	
3.635	2.22896 	-0.102461 	-1.70634 	-0.000262252 	-0.11635 	0.00134876 	
3.64	2.2314 	-0.102492 	-1.7033 	-0.000266147 	-0.116352 	0.00134643 	
3.645	2.23154 	-0.102536 	-1.70336 	-0.000268788 	-0.116353 	0.00134416 	
3.65	2.23155 	-0.102568 	-1.70334 	-0.000270897 	-0.11635 	0.00134202 	
3.655	2.23154 	-0.102591 	-1.70328 	-0.000272625 	-0.116346 	0.00134004 	
3.66	2.23157 	-0.102615 	-1.70323 	-0.000274388 	-0.116344 	0.00133809 	
3.665	2.23162 	-0.10264 	-1.70318 	-0.000276184 	-0.116343 	0.00133616 	
3.67	2.23171 	-0.102665 	-1.70314 	-0.00027801 	-0.116344 	0.00133426 	
3.675	2.23411 	-0.102696 	-1.70013 	-0.000281877 	-0.116346 	0.00133189 	
3.68	2.23425 	-0.10274 	-1.7002 	-0.000284522 	-0.116347 	0.00132961 	
3.685	2.23426 	-0.102773 	-1.70018 	-0.000286648 	-0.116343 	0.00132746 	
3.69	2.23426 	-0.102797 	-1.70013 	-0.000288399 	-0.11634 	0.00132547 	
3.695	2.23428 	-0.102821 	-1.70008 	-0.000290182 	-0.116338 	0.00132351 	
3.7	2.23434 	-0.102846 	-1.70003 	-0.000291994 	-0.116337 	0.00132157 	
3.705	2.23439 	-0.102829 	-1.69994 	-0.000297114 	-0.116334 	0.00132473 	
3.71	2.23675 	-0.10286 	-1.69698 	-0.000300946 	-0.116335 	0.00132234 	
3.715	2.23689 	-0.102904 	-1.69704 	-0.000303578 	-0.116336 	0.00132005 	
3.72	2.2369 	-0.102936 	-1.69703 	-0.000305703 	-0.116333 	0.0013179 	
3.725	2.2369 	-0.102961 	-1.69698 	-0.000307461 	-0.11633 	0.00131591 	
3.73	2.23693 	-0.102985 	-1.69694 	-0.000309248 	-0.116328 	0.00131395 	
3.735	2.23698 	-0.10301 	-1.6969 	-0.000311062 	-0.116327 	0.00131201 	
3.74	2.23706 	-0.103036 	-1.69686 	-0.000312901 	-0.116328 	0.0013101 	
3.745	2.23939 	-0.103067 	-1.69395 	-0.000316675 	-0.116329 	0.0013077 	
3.75	2.23952 	-0.103111 	-1.69401 	-0.00031929 	-0.11633 	0.00130542 	
3.755	2.23953 	-0.103143 	-1.694 	-0.000321422 	-0.116327 	0.00130327 	
3.76	2.23953 	-0.103168 	-1.69396 	-0.000323194 	-0.116324 	0.00130128 	
3.765	2.23956 	-0.103193 	-1.69392 	-0.000324993 	-0.116322 	0.00129931 	
3.77	2.23962 	-0.103218 	-1.69388 	-0.000326815 	-0.116321 	0.00129738 	
3.775	2.2397 	-0.103244 	-1.69385 	-0.000328659 	-0.116322 	0.00129547 	
3.78	2.23981 	-0.10327 	-1.69382 	-0.000330522 	-0.116323 	0.00129359 	
3.785	2.24238 	-0.103303 	-1.69062 	-0.000334507 	-0.116326 	0.00129113 	
3.79	2.24254 	-0.10335 	-1.69072 	-0.000337265 	-0.116328 	0.00128881 	
3.795	2.24257 	-0.103384 	-1.69072 	-0.000339454 	-0.116325 	0.00128664 	
3.8	2.24256 	-0.103409 	-1.69068 	-0.000341224 	-0.116322 	0.00128465 	
3.805	2.24259 	-0.103434 	-1.69064 	-0.000343016 	-0.11632 	0.0012827 	
3.81	2.24264 	-0.10346 	-1.69061 	-0.000344828 	-0.116319 	0.00128078 	
3.815	2.24272 	-0.103485 	-1.69058 	-0.000346658 	-0.116319 	0.00127889 	
3.82	2.24282 	-0.103511 	-1.69055 	-0.000348505 	-0.11632 	0.00127702 	
3.825	2.24533 	-0.103544 	-1.68741 	-0.000352404 	-0.116323 	0.00127456 	
3.83	2.24549 	-0.10359 	-1.6875 	-0.00035512 	-0.116324 	0.00127226 	
3.835	2.24551 	-0.103624 	-1.6875 	-0.000357287 	-0.116321 	0.0012701 	
3.84	2.2455 	-0.103649 	-1.68747 	-0.000359046 	-0.116318 	0.00126813 	
3.845	2.24552 	-0.103674 	-1.68743 	-0.000360825 	-0.116316 	0.0012662 	
3.85	2.24557 	-0.103699 	-1.6874 	-0.00036262 	-0.116315 	0.0012643 	
3.855	2.24564 	-0.103725 	-1.68737 	-0.00036443 	-0.116315 	0.00126242 	
3.86	2.24573 	-0.103751 	-1.68735 	-0.000366253 	-0.116316 	0.00126058 	
3.865	2.24816 	-0.103782 	-1.6843 	-0.000370031 	-0.116318 	0.00125814 	
3.87	2.2483 	-0.103827 	-1.68439 	-0.000372675 	-0.116319 	0.00125588 	
3.875	2.24832 	-0.103861 	-1.6844 	-0.000374805 	-0.116316 	0.00125375 	
3.88	2.24831 	-0.103885 	-1.68436 	-0.000376548 	-0.116313 	0.00125181 	
3.885	2.24833 	-0.10391 	-1.68433 	-0.000378306 	-0.11631 	0.0012499 	
3.89	2.24837 	-0.103935 	-1.68431 	-0.000380078 	-0.116309 	0.00124803 	
3.895	2.24844 	-0.103961 	-1.68428 	-0.000381861 	-0.11631 	0.00124619 	
3.9	2.24853 	-0.103986 	-1.68426 	-0.000383653 	-0.116311 	0.00124438 	
3.905	2.25086 	-0.104017 	-1.68133 	-0.000387296 	-0.116312 	0.00124198 	
3.91	2.25099 	-0.104061 	-1.68142 	-0.000389854 	-0.116313 	0.00123976 	
3.915	2.251 	-0.104093 	-1.68142 	-0.000391937 	-0.11631 	0.00123768 	
3.92	2.25099 	-0.104118 	-1.68139 	-0.000393656 	-0.116307 	0.00123577 	
3.925	2.25101 	-0.104142 	-1.68137 	-0.000395386 	-0.116305 	0.00123391 	
3.93	2.25106 	-0.104167 	-1.68134 	-0.000397125 	-0.116304 	0.00123207 	
3.935	2.25112 	-0.104192 	-1.68133 	-0.000398873 	-0.116304 	0.00123027 	
3.94	2.25121 	-0.104217 	-1.68131 	-0.000400627 	-0.116304 	0.00122851 	
3.945	2.25132 	-0.104243 	-1.6813 	-0.000402386 	-0.116306 	0.00122677 	
3.95	2.25378 	-0.104274 	-1.6782 	-0.000406087 	-0.116309 	0.00122437 	
3.955	2.25394 	-0.104319 	-1.6783 	-0.000408676 	-0.11631 	0.00122218 	
3.96	2.25395 	-0.104352 	-1.67831 	-0.000410745 	-0.116307 	0.00122013 	
3.965	2.25394 	-0.104376 	-1.67829 	-0.000412417 	-0.116304 	0.00121828 	
3.97	2.25396 	-0.1044 	-1.67827 	-0.000414096 	-0.116302 	0.00121647 	
3.975	2.25399 	-0.104424 	-1.67825 	-0.000415782 	-0.1163 	0.00121469 	
3.98	2.25405 	-0.104448 	-1.67823 	-0.000417472 	-0.1163 	0.00121295 	
3.985	2.25413 	-0.104473 	-1.67822 	-0.000419165 	-0.116301 	0.00121124 	
3.99	2.25423 	-0.104497 	-1.67821 	-0.000420861 	-0.116302 	0.00120956 	
3.995	2.25657 	-0.104527 	-1.67525 	-0.00042437 	-0.116305 	0.00120723 	
4	2.2567 	-0.104569 	-1.67534 	-0.000426827 	-0.116306 	0.00120512 	
4.005	2.25671 	-0.104601 	-1.67536 	-0.00042881 	-0.116302 	0.00120315 	
4.01	2.25646 	-0.104322 	-1.67498 	-0.000454004 	-0.116269 	0.00123696 	
4.015	2.25647 	-0.104345 	-1.67496 	-0.000455609 	-0.116266 	0.00123522 	
4.02	2.25651 	-0.104367 	-1.67494 	-0.000457164 	-0.116265 	0.00123354 	
4.025	2.25656 	-0.104389 	-1.67493 	-0.000458704 	-0.116265 	0.0012319 	
4.03	2.25663 	-0.104412 	-1.67492 	-0.000460256 	-0.116265 	0.0012303 	
4.035	2.25672 	-0.104434 	-1.67491 	-0.000461813 	-0.116267 	0.00122872 	
4.04	2.25683 	-0.104456 	-1.6749 	-0.000463372 	-0.116269 	0.00122717 	
4.045	2.25922 	-0.104484 	-1.67188 	-0.000466817 	-0.116271 	0.00122488 	
4.05	2.25937 	-0.104526 	-1.67198 	-0.000469165 	-0.116273 	0.00122287 	
4.055	2.25937 	-0.104555 	-1.672 	-0.00047103 	-0.116269 	0.001221 	
4.06	2.25935 	-0.104577 	-1.67198 	-0.000472521 	-0.116266 	0.00121932 	
4.065	2.25936 	-0.104598 	-1.67197 	-0.000474015 	-0.116263 	0.00121768 	
4.07	2.25938 	-0.10462 	-1.67195 	-0.000475511 	-0.116262 	0.00121608 	
4.075	2.25943 	-0.104642 	-1.67194 	-0.000477007 	-0.116261 	0.00121451 	
4.08	2.25949 	-0.104663 	-1.67193 	-0.000478503 	-0.116261 	0.00121297 	
4.085	2.25957 	-0.104685 	-1.67193 	-0.000479998 	-0.116262 	0.00121147 	
4.09	2.25966 	-0.104707 	-1.67192 	-0.00048149 	-0.116264 	0.00121 	
4.095	2.25976 	-0.104728 	-1.67192 	-0.000482979 	-0.116266 	0.00120855 	
4.1	2.26216 	-0.104755 	-1.66889 	-0.000486323 	-0.116269 	0.00120634 	
4.105	2.2623 	-0.104795 	-1.669 	-0.000488587 	-0.11627 	0.00120442 	
4.11	2.2623 	-0.104824 	-1.66902 	-0.00049037 	-0.116267 	0.00120265 	
4.115	2.26227 	-0.104845 	-1.669 	-0.00049178 	-0.116263 	0.00120107 	
4.12	2.26227 	-0.104865 	-1.66899 	-0.000493188 	-0.116261 	0.00119953 	
4.125	2.26228 	-0.104885 	-1.66898 	-0.000494592 	-0.116259 	0.00119803 	
4.13	2.26231 	-0.104906 	-1.66897 	-0.000495991 	-0.116258 	0.00119656 	
4.135	2.26236 	-0.104926 	-1.66897 	-0.000497386 	-0.116257 	0.00119513 	
4.14	2.26242 	-0.104947 	-1.66896 	-0.000498774 	-0.116258 	0.00119373 	
4.145	2.2625 	-0.104967 	-1.66896 	-0.000500155 	-0.116259 	0.00119236 	
4.15	2.26259 	-0.104987 	-1.66896 	-0.00050153 	-0.116261 	0.00119103 	
4.155	2.26269 	-0.105007 	-1.66896 	-0.000502896 	-0.116263 	0.00118972 	
4.16	2.26499 	-0.105032 	-1.66602 	-0.000506019 	-0.116265 	0.00118765 	
4.165	2.26511 	-0.105069 	-1.66612 	-0.000508103 	-0.116266 	0.00118588 	
4.17	2.2651 	-0.105095 	-1.66615 	-0.000509741 	-0.116263 	0.00118424 	
4.175	2.26507 	-0.105114 	-1.66614 	-0.000511028 	-0.116259 	0.0011828 	
4.18	2.26505 	-0.105133 	-1.66613 	-0.000512308 	-0.116256 	0.0011814 	
4.185	2.26506 	-0.105152 	-1.66612 	-0.00051358 	-0.116254 	0.00118003 	
4.19	2.26507 	-0.10517 	-1.66611 	-0.000514843 	-0.116253 	0.0011787 	
4.195	2.26511 	-0.105189 	-1.66611 	-0.000516097 	-0.116252 	0.00117741 	
4.2	2.26515 	-0.105207 	-1.6661 	-0.000517342 	-0.116252 	0.00117615 	
4.205	2.26521 	-0.105225 	-1.6661 	-0.000518576 	-0.116253 	0.00117492 	
4.21	2.26528 	-0.105243 	-1.6661 	-0.000519799 	-0.116254 	0.00117372 	
4.215	2.26536 	-0.105261 	-1.6661 	-0.000521011 	-0.116255 	0.00117255 	
4.22	2.26545 	-0.105279 	-1.66611 	-0.000522211 	-0.116257 	0.00117141 	
4.225	2.26554 	-0.105296 	-1.66611 	-0.000523399 	-0.116259 	0.00117029 	
4.23	2.26779 	-0.105318 	-1.66324 	-0.000526272 	-0.116262 	0.0011684 	
4.235	2.2679 	-0.105352 	-1.66334 	-0.000528135 	-0.116263 	0.00116683 	
4.24	2.26788 	-0.105376 	-1.66336 	-0.000529577 	-0.116259 	0.00116539 	
4.245	2.26783 	-0.105392 	-1.66335 	-0.000530686 	-0.116255 	0.00116413 	
4.25	2.26781 	-0.105408 	-1.66334 	-0.000531783 	-0.116252 	0.00116291 	
4.255	2.26779 	-0.105425 	-1.66334 	-0.000532869 	-0.11625 	0.00116173 	
4.26	2.2678 	-0.10544 	-1.66333 	-0.000533942 	-0.116248 	0.00116059 	
4.265	2.26781 	-0.105456 	-1.66333 	-0.000535002 	-0.116247 	0.00115948 	
4.27	2.26783 	-0.105472 	-1.66333 	-0.00053605 	-0.116246 	0.0011584 	
4.275	2.26787 	-0.105487 	-1.66333 	-0.000537084 	-0.116246 	0.00115735 	
4.28	2.26791 	-0.105502 	-1.66333 	-0.000538104 	-0.116246 	0.00115634 	
4.285	2.26797 	-0.105517 	-1.66333 	-0.000539109 	-0.116247 	0.00115535 	
4.29	2.26803 	-0.105532 	-1.66333 	-0.000540101 	-0.116248 	0.00115439 	
4.295	2.26809 	-0.105546 	-1.66333 	-0.000541078 	-0.116249 	0.00115346 	
4.3	2.26817 	-0.10556 	-1.66334 	-0.00054204 	-0.116251 	0.00115255 	
4.305	2.26825 	-0.105574 	-1.66334 	-0.000542986 	-0.116253 	0.00115167 	
4.31	2.26833 	-0.105588 	-1.66335 	-0.000543918 	-0.116255 	0.00115081 	
4.315	2.26842 	-0.105602 	-1.66335 	-0.000544833 	-0.116257 	0.00114997 	
4.32	2.26831 	-0.105362 	-1.66306 	-0.000565626 	-0.116234 	0.00117885 	
4.325	2.27055 	-0.10538 	-1.66017 	-0.000568214 	-0.116237 	0.0011772 	
4.33	2.27064 	-0.105408 	-1.66028 	-0.000569728 	-0.116237 	0.00117593 	
4.335	2.2706 	-0.105427 	-1.6603 	-0.000570808 	-0.116234 	0.0011748 	
4.34	2.27054 	-0.105438 	-1.66029 	-0.000571567 	-0.116229 	0.00117385 	
4.345	2.27049 	-0.105449 	-1.66028 	-0.000572314 	-0.116226 	0.00117294 	
4.35	2.27045 	-0.105459 	-1.66028 	-0.000573051 	-0.116222 	0.00117206 	
4.355	2.27042 	-0.10547 	-1.66027 	-0.000573775 	-0.11622 	0.00117122 	
4.36	2.2704 	-0.105481 	-1.66027 	-0.000574487 	-0.116218 	0.00117041 	
4.365	2.27039 	-0.105491 	-1.66026 	-0.000575185 	-0.116216 	0.00116962 	
4.37	2.27039 	-0.105501 	-1.66026 	-0.000575871 	-0.116215 	0.00116887 	
4.375	2.27039 	-0.105511 	-1.66026 	-0.000576541 	-0.116214 	0.00116814 	
4.38	2.2704 	-0.10552 	-1.66026 	-0.000577196 	-0.116213 	0.00116744 	
4.385	2.27042 	-0.10553 	-1.66026 	-0.000577838 	-0.116213 	0.00116677 	
4.39	2.27044 	-0.105539 	-1.66026 	-0.000578463 	-0.116212 	0.00116612 	
4.395	2.27046 	-0.105548 	-1.66026 	-0.000579073 	-0.116212 	0.0011655 	
4.4	2.27049 	-0.105557 	-1.66026 	-0.000579668 	-0.116213 	0.0011649 	
4.405	2.27053 	-0.105565 	-1.66026 	-0.000580248 	-0.116213 	0.00116432 	
4.41	2.27056 	-0.105574 	-1.66026 	-0.000580812 	-0.116214 	0.00116377 	
4.415	2.2706 	-0.105582 	-1.66027 	-0.00058136 	-0.116214 	0.00116323 	
4.42	2.27064 	-0.10559 	-1.66027 	-0.000581892 	-0.116215 	0.00116272 	
4.425	2.27068 	-0.105597 	-1.66027 	-0.000582408 	-0.116216 	0.00116223 	
4.43	2.27072 	-0.105605 	-1.66028 	-0.000582907 	-0.116217 	0.00116176 	
4.435	2.27077 	-0.105612 	-1.66028 	-0.00058339 	-0.116218 	0.0011613 	
4.44	2.27081 	-0.105619 	-1.66028 	-0.000583855 	-0.116219 	0.00116087 	
4.445	2.27085 	-0.105625 	-1.66028 	-0.000584304 	-0.116221 	0.00116045 	
4.45	2.2709 	-0.105632 	-1.66029 	-0.000584735 	-0.116222 	0.00116006 	
4.455	2.27094 	-0.105638 	-1.66029 	-0.000585148 	-0.116223 	0.00115968 	
4.46	2.27098 	-0.105644 	-1.66029 	-0.000585545 	-0.116224 	0.00115932 	
4.465	2.27102 	-0.105649 	-1.6603 	-0.000585923 	-0.116225 	0.00115898 	
4.47	2.27106 	-0.105655 	-1.6603 	-0.000586284 	-0.116227 	0.00115865 	
4.475	2.2711 	-0.10566 	-1.6603 	-0.000586627 	-0.116228 	0.00115835 	
4.48	2.27114 	-0.105665 	-1.66031 	-0.000586952 	-0.116229 	0.00115806 	
4.485	2.27117 	-0.105669 	-1.66031 	-0.000587258 	-0.11623 	0.00115778 	
4.49	2.27121 	-0.105673 	-1.66031 	-0.000587547 	-0.116231 	0.00115753 	
4.495	2.27124 	-0.105677 	-1.66031 	-0.000587817 	-0.116232 	0.00115729 	
