0	2.05598 	-0.0915014 	-1.56753 	0.000275439 	-0.0991368 	0.00442623 	
0.005	2.05598 	-0.0915011 	-1.56753 	0.000275457 	-0.0991368 	0.00442624 	
0.01	2.05598 	-0.0915008 	-1.56753 	0.000275474 	-0.0991368 	0.00442625 	
0.015	2.05598 	-0.0915005 	-1.56753 	0.00027549 	-0.0991368 	0.00442626 	
0.02	2.05603 	-0.091564 	-1.5676 	0.000280492 	-0.0991432 	0.00441927 	
0.025	2.05603 	-0.0915637 	-1.5676 	0.000280504 	-0.0991432 	0.00441928 	
0.03	2.05603 	-0.0915634 	-1.5676 	0.000280515 	-0.0991433 	0.00441928 	
0.035	2.05603 	-0.0915631 	-1.5676 	0.000280523 	-0.0991434 	0.00441928 	
0.04	2.05603 	-0.0915627 	-1.5676 	0.000280529 	-0.0991435 	0.00441928 	
0.045	2.05603 	-0.0915624 	-1.56759 	0.000280533 	-0.0991436 	0.00441927 	
0.05	2.05603 	-0.0915619 	-1.56759 	0.000280534 	-0.0991438 	0.00441926 	
0.055	2.05604 	-0.0915615 	-1.56758 	0.000280533 	-0.0991441 	0.00441924 	
0.06	2.05604 	-0.091561 	-1.56758 	0.000280528 	-0.0991444 	0.00441923 	
0.065	2.05641 	-0.0920335 	-1.56809 	0.000317486 	-0.0991921 	0.00436736 	
0.07	2.05642 	-0.0920329 	-1.56808 	0.000317476 	-0.0991925 	0.00436733 	
0.075	2.05642 	-0.0920323 	-1.56807 	0.000317462 	-0.099193 	0.0043673 	
0.08	2.05643 	-0.0920315 	-1.56806 	0.000317444 	-0.0991935 	0.00436726 	
0.085	2.05644 	-0.0920308 	-1.56805 	0.000317423 	-0.0991941 	0.00436722 	
0.09	2.05644 	-0.0920299 	-1.56803 	0.000317399 	-0.0991948 	0.00436717 	
0.095	2.05645 	-0.0920289 	-1.56802 	0.000317371 	-0.0991956 	0.00436711 	
0.1	2.05646 	-0.0920279 	-1.568 	0.000317339 	-0.0991964 	0.00436705 	
0.105	2.05647 	-0.0920268 	-1.56799 	0.000317303 	-0.0991973 	0.00436699 	
0.11	2.05648 	-0.0920257 	-1.56797 	0.000317264 	-0.0991983 	0.00436691 	
0.115	2.05649 	-0.0920244 	-1.56794 	0.00031722 	-0.0991994 	0.00436683 	
0.12	2.05651 	-0.0920231 	-1.56792 	0.000317173 	-0.0992006 	0.00436675 	
0.125	2.05652 	-0.0920217 	-1.5679 	0.000317122 	-0.0992019 	0.00436666 	
0.13	2.05654 	-0.0920202 	-1.56787 	0.000317067 	-0.0992032 	0.00436656 	
0.135	2.05655 	-0.0920186 	-1.56784 	0.000317007 	-0.0992046 	0.00436645 	
0.14	2.05627 	-0.0916312 	-1.56739 	0.000286806 	-0.0991676 	0.00440861 	
0.145	2.05629 	-0.0916294 	-1.56736 	0.000286739 	-0.0991692 	0.00440849 	
0.15	2.0563 	-0.0916276 	-1.56733 	0.000286668 	-0.0991709 	0.00440837 	
0.155	2.05632 	-0.0916256 	-1.56729 	0.000286593 	-0.0991727 	0.00440824 	
0.16	2.05635 	-0.0916236 	-1.56726 	0.000286514 	-0.0991745 	0.0044081 	
0.165	2.05588 	-0.0910029 	-1.56654 	0.0002381 	-0.0991147 	0.00447574 	
0.17	2.05419 	-0.0895669 	-1.569 	0.000306282 	-0.0991203 	0.00446699 	
0.175	2.05455 	-0.089637 	-1.56912 	0.000302483 	-0.0991355 	0.00446582 	
0.18	2.05482 	-0.0897158 	-1.56916 	0.000298059 	-0.0991489 	0.00446419 	
0.185	2.05498 	-0.0897804 	-1.56913 	0.0002943 	-0.0991585 	0.00446262 	
0.19	2.05514 	-0.08984 	-1.56909 	0.000290804 	-0.0991677 	0.00446115 	
0.195	2.05529 	-0.0898949 	-1.56905 	0.000287552 	-0.0991765 	0.00445977 	
0.2	2.05543 	-0.0899455 	-1.56901 	0.000284526 	-0.099185 	0.00445846 	
0.205	2.05557 	-0.0899921 	-1.56897 	0.000281709 	-0.0991931 	0.00445723 	
0.21	2.05569 	-0.0900349 	-1.56892 	0.000279086 	-0.0992009 	0.00445607 	
0.215	2.05582 	-0.0900743 	-1.56887 	0.000276642 	-0.0992085 	0.00445497 	
0.22	2.05593 	-0.0901105 	-1.56882 	0.000274364 	-0.0992158 	0.00445393 	
0.225	2.05604 	-0.0901437 	-1.56877 	0.000272239 	-0.0992229 	0.00445294 	
0.23	2.05477 	-0.0891534 	-1.57146 	0.000362055 	-0.0992672 	0.00440675 	
0.235	2.05519 	-0.0892502 	-1.57156 	0.000356659 	-0.0992863 	0.00440488 	
0.24	2.05552 	-0.0893534 	-1.57158 	0.00035078 	-0.0993034 	0.00440261 	
0.245	2.05575 	-0.0894408 	-1.57153 	0.000345652 	-0.0993168 	0.00440043 	
0.25	2.05597 	-0.0895214 	-1.57147 	0.000340884 	-0.0993296 	0.00439839 	
0.255	2.05617 	-0.0895958 	-1.57142 	0.000336451 	-0.0993418 	0.00439647 	
0.26	2.05637 	-0.0896643 	-1.57136 	0.000332326 	-0.0993535 	0.00439467 	
0.265	2.05655 	-0.0897274 	-1.5713 	0.000328488 	-0.0993648 	0.00439297 	
0.27	2.05707 	-0.0902244 	-1.57171 	0.000359201 	-0.0994194 	0.00434311 	
0.275	2.05724 	-0.0902778 	-1.57164 	0.000355874 	-0.0994298 	0.00434159 	
0.28	2.05567 	-0.0889029 	-1.57408 	0.000421259 	-0.0994433 	0.0043323 	
0.285	2.05616 	-0.0890211 	-1.57417 	0.000414605 	-0.0994663 	0.00432991 	
0.29	2.05655 	-0.0891445 	-1.57418 	0.000407522 	-0.0994869 	0.00432711 	
0.295	2.05683 	-0.0892498 	-1.57412 	0.000401306 	-0.0995033 	0.00432444 	
0.3	2.0571 	-0.089347 	-1.57405 	0.000395527 	-0.099519 	0.00432193 	
0.305	2.05735 	-0.0894366 	-1.57397 	0.000390153 	-0.0995339 	0.00431957 	
0.31	2.05759 	-0.0895191 	-1.5739 	0.000385155 	-0.0995482 	0.00431735 	
0.315	2.05781 	-0.0895951 	-1.57382 	0.000380505 	-0.0995618 	0.00431526 	
0.32	2.05632 	-0.0882359 	-1.57602 	0.000434671 	-0.0995698 	0.00431549 	
0.325	2.05683 	-0.0883695 	-1.57609 	0.000427067 	-0.0995949 	0.00431265 	
0.33	2.05726 	-0.0885066 	-1.57608 	0.000419134 	-0.0996176 	0.00430944 	
0.335	2.05758 	-0.0886252 	-1.576 	0.000412106 	-0.0996363 	0.00430638 	
0.34	2.05788 	-0.0887345 	-1.57592 	0.000405573 	-0.0996541 	0.00430351 	
0.345	2.05816 	-0.0888353 	-1.57583 	0.000399499 	-0.0996711 	0.00430081 	
0.35	2.05843 	-0.0889282 	-1.57575 	0.000393851 	-0.0996873 	0.00429827 	
0.355	2.05869 	-0.0890138 	-1.57565 	0.000388596 	-0.0997029 	0.00429588 	
0.36	2.05711 	-0.0876073 	-1.5782 	0.000455934 	-0.0997215 	0.00428626 	
0.365	2.0577 	-0.0877579 	-1.57829 	0.000447354 	-0.0997503 	0.00428304 	
0.37	2.05818 	-0.0879028 	-1.57827 	0.000437765 	-0.0997752 	0.00428036 	
0.375	2.05853 	-0.0880353 	-1.57818 	0.000429884 	-0.0997961 	0.00427688 	
0.38	2.05887 	-0.0881574 	-1.57808 	0.00042256 	-0.0998161 	0.00427362 	
0.385	2.05919 	-0.08827 	-1.57798 	0.000415752 	-0.0998351 	0.00427056 	
0.39	2.05949 	-0.0883737 	-1.57788 	0.000409421 	-0.0998533 	0.00426768 	
0.395	2.05798 	-0.0870219 	-1.58036 	0.000474341 	-0.0998743 	0.00425822 	
0.4	2.05861 	-0.0871863 	-1.58044 	0.000464904 	-0.0999051 	0.00425459 	
0.405	2.05912 	-0.0873527 	-1.58041 	0.000455204 	-0.0999328 	0.00425056 	
0.41	2.05951 	-0.0874971 	-1.58031 	0.000446586 	-0.0999557 	0.00424671 	
0.415	2.05988 	-0.0876302 	-1.58021 	0.000438577 	-0.0999775 	0.00424311 	
0.42	2.06022 	-0.0877529 	-1.5801 	0.000431133 	-0.0999983 	0.00423972 	
0.425	2.05904 	-0.0867335 	-1.58262 	0.000506571 	-0.100042 	0.00420748 	
0.43	2.05967 	-0.0869086 	-1.58267 	0.000496454 	-0.100074 	0.00420346 	
0.435	2.06021 	-0.0870841 	-1.58263 	0.000486166 	-0.100103 	0.00419911 	
0.44	2.06062 	-0.0872377 	-1.58252 	0.000476969 	-0.100128 	0.00419497 	
0.445	2.06102 	-0.0873794 	-1.58241 	0.000468422 	-0.100151 	0.00419108 	
0.45	2.06139 	-0.0875099 	-1.58229 	0.000460479 	-0.100173 	0.00418743 	
0.455	2.05998 	-0.0862243 	-1.5847 	0.000522636 	-0.100198 	0.00417824 	
0.46	2.06028 	-0.0859316 	-1.58422 	0.000474532 	-0.100184 	0.00422702 	
0.465	2.06085 	-0.0861177 	-1.58418 	0.000463591 	-0.100215 	0.00422235 	
0.47	2.06129 	-0.0862805 	-1.58406 	0.000453816 	-0.100241 	0.0042179 	
0.475	2.06171 	-0.0864307 	-1.58394 	0.000444734 	-0.100266 	0.00421373 	
0.48	2.0621 	-0.086569 	-1.58381 	0.000436294 	-0.100289 	0.00420981 	
0.485	2.0606 	-0.0852129 	-1.58638 	0.000502318 	-0.100316 	0.00420056 	
0.49	2.06133 	-0.0854109 	-1.58644 	0.000490828 	-0.100352 	0.00419596 	
0.495	2.06194 	-0.0856087 	-1.5864 	0.00047918 	-0.100385 	0.00419094 	
0.5	2.06241 	-0.0857814 	-1.58627 	0.000468785 	-0.100413 	0.00418616 	
0.505	2.06285 	-0.0859406 	-1.58613 	0.000459129 	-0.100439 	0.00418167 	
0.51	2.06137 	-0.0844911 	-1.5881 	0.000494777 	-0.10044 	0.0042036 	
0.515	2.06208 	-0.0846977 	-1.58812 	0.000482707 	-0.100476 	0.00419861 	
0.52	2.06269 	-0.0849024 	-1.58806 	0.000470594 	-0.10051 	0.00419329 	
0.525	2.06318 	-0.0850828 	-1.58792 	0.000459711 	-0.100539 	0.00418824 	
0.53	2.06364 	-0.0852491 	-1.58778 	0.000449601 	-0.100566 	0.0041835 	
0.535	2.06236 	-0.0840528 	-1.59012 	0.000508207 	-0.100596 	0.00417483 	
0.54	2.0631 	-0.0842677 	-1.59014 	0.000495618 	-0.100634 	0.00416958 	
0.545	2.06374 	-0.0844804 	-1.59008 	0.000483001 	-0.100669 	0.004164 	
0.55	2.06425 	-0.0846679 	-1.58993 	0.000471666 	-0.100699 	0.00415869 	
0.555	2.0651 	-0.0853231 	-1.59033 	0.000498708 	-0.100776 	0.00409999 	
0.56	2.06376 	-0.0840856 	-1.59275 	0.000559667 	-0.100806 	0.00409134 	
0.565	2.06454 	-0.0843095 	-1.59278 	0.000546531 	-0.100847 	0.00408584 	
0.57	2.0652 	-0.0845308 	-1.59271 	0.000533373 	-0.100883 	0.00407996 	
0.575	2.06573 	-0.0847257 	-1.59257 	0.00052156 	-0.100914 	0.00407438 	
0.58	2.06623 	-0.0849054 	-1.59241 	0.000510589 	-0.100944 	0.00406914 	
0.585	2.06484 	-0.0836276 	-1.59493 	0.000573949 	-0.100976 	0.00406059 	
0.59	2.06565 	-0.0838608 	-1.59497 	0.000560241 	-0.101018 	0.00405482 	
0.595	2.06634 	-0.0840913 	-1.5949 	0.000546519 	-0.101055 	0.00404865 	
0.6	2.06689 	-0.084294 	-1.59474 	0.000534206 	-0.101088 	0.00404277 	
0.605	2.06741 	-0.0844808 	-1.59458 	0.000522772 	-0.101119 	0.00403726 	
0.61	2.06596 	-0.083165 	-1.5972 	0.000588467 	-0.101152 	0.00402887 	
0.615	2.06682 	-0.0834078 	-1.59724 	0.00057417 	-0.101195 	0.00402281 	
0.62	2.06743 	-0.0835107 	-1.59701 	0.000549223 	-0.101221 	0.00403162 	
0.625	2.06799 	-0.0837214 	-1.59685 	0.000536398 	-0.101254 	0.00402544 	
0.63	2.06853 	-0.0839156 	-1.59668 	0.000524489 	-0.101286 	0.00401965 	
0.635	2.06703 	-0.0825642 	-1.59939 	0.000592455 	-0.10132 	0.00401147 	
0.64	2.06792 	-0.0828167 	-1.59943 	0.000577561 	-0.101366 	0.00400513 	
0.645	2.06867 	-0.0830658 	-1.59936 	0.000562671 	-0.101407 	0.00399832 	
0.65	2.06909 	-0.083073 	-1.59895 	0.000532878 	-0.10142 	0.00401552 	
0.655	2.06794 	-0.0819904 	-1.6012 	0.000587252 	-0.101456 	0.00400759 	
0.66	2.06879 	-0.0822489 	-1.60119 	0.000571889 	-0.101501 	0.00400079 	
0.665	2.06952 	-0.082502 	-1.60109 	0.000556689 	-0.101541 	0.00399369 	
0.67	2.07012 	-0.0827267 	-1.60092 	0.000542958 	-0.101577 	0.00398696 	
0.675	2.06898 	-0.0816521 	-1.60317 	0.000597223 	-0.101614 	0.00397923 	
0.68	2.06984 	-0.081916 	-1.60315 	0.000581503 	-0.101659 	0.00397221 	
0.685	2.07059 	-0.0821741 	-1.60305 	0.000565963 	-0.101701 	0.00396491 	
0.69	2.07121 	-0.0824034 	-1.60287 	0.000551922 	-0.101737 	0.00395797 	
0.695	2.07004 	-0.0813124 	-1.60517 	0.000607376 	-0.101774 	0.00395046 	
0.7	2.07086 	-0.0814996 	-1.60507 	0.000584872 	-0.101812 	0.00395252 	
0.705	2.07162 	-0.0817632 	-1.60497 	0.000568967 	-0.101855 	0.00394499 	
0.71	2.07225 	-0.0819973 	-1.60478 	0.0005546 	-0.101892 	0.00393784 	
0.715	2.07106 	-0.0808891 	-1.60713 	0.000611325 	-0.10193 	0.00393057 	
0.72	2.07197 	-0.0811649 	-1.60713 	0.00059484 	-0.101978 	0.00392313 	
0.725	2.07275 	-0.0814344 	-1.60702 	0.000578549 	-0.102021 	0.00391536 	
0.73	2.07339 	-0.0816736 	-1.60683 	0.000563839 	-0.102059 	0.00390799 	
0.735	2.07217 	-0.0805493 	-1.60923 	0.00062179 	-0.102098 	0.00390098 	
0.74	2.0731 	-0.0808314 	-1.60923 	0.000604898 	-0.102147 	0.00389331 	
0.745	2.0739 	-0.081107 	-1.60912 	0.000588208 	-0.102191 	0.0038853 	
0.75	2.07455 	-0.0813515 	-1.60893 	0.000573143 	-0.102229 	0.00387769 	
0.755	2.07331 	-0.0802126 	-1.61138 	0.00063227 	-0.102269 	0.00387096 	
0.76	2.07425 	-0.080501 	-1.61138 	0.000614963 	-0.102319 	0.00386306 	
0.765	2.07507 	-0.0807828 	-1.61127 	0.000597866 	-0.102364 	0.0038548 	
0.77	2.07574 	-0.0810327 	-1.61107 	0.000582437 	-0.102403 	0.00384694 	
0.775	2.07491 	-0.0804541 	-1.61422 	0.000687176 	-0.102501 	0.00377566 	
0.78	2.07588 	-0.080749 	-1.61422 	0.000669448 	-0.102552 	0.00376752 	
0.785	2.07671 	-0.0810371 	-1.61411 	0.000651939 	-0.102598 	0.003759 	
0.79	2.07739 	-0.0812924 	-1.6139 	0.000636143 	-0.102638 	0.00375089 	
0.795	2.0761 	-0.0801279 	-1.61645 	0.000697443 	-0.102679 	0.00374474 	
0.8	2.07706 	-0.0803923 	-1.61641 	0.000676423 	-0.102727 	0.00374056 	
0.805	2.07791 	-0.0806865 	-1.61629 	0.0006585 	-0.102774 	0.00373177 	
0.81	2.0786 	-0.0809474 	-1.61609 	0.000642335 	-0.102815 	0.00372341 	
0.815	2.07728 	-0.0797722 	-1.61867 	0.00070468 	-0.102857 	0.00371762 	
0.82	2.07829 	-0.08008 	-1.61868 	0.000686108 	-0.102909 	0.00370899 	
0.825	2.07915 	-0.0803804 	-1.61856 	0.000667773 	-0.102957 	0.00369994 	
0.83	2.07985 	-0.0806467 	-1.61835 	0.000651238 	-0.102998 	0.00369133 	
0.835	2.07851 	-0.079462 	-1.62098 	0.000714585 	-0.103041 	0.00368592 	
0.84	2.07911 	-0.079223 	-1.62036 	0.000652752 	-0.103039 	0.00373986 	
0.845	2.07999 	-0.0795295 	-1.62024 	0.000634006 	-0.103088 	0.00373054 	
0.85	2.0807 	-0.0798012 	-1.62003 	0.000617104 	-0.10313 	0.00372167 	
0.855	2.07934 	-0.0786085 	-1.62269 	0.000681455 	-0.103173 	0.00371673 	
0.86	2.08038 	-0.078929 	-1.6227 	0.000662046 	-0.103228 	0.00370761 	
0.865	2.08127 	-0.0792416 	-1.62258 	0.000642894 	-0.103277 	0.00369802 	
0.87	2.082 	-0.0795185 	-1.62236 	0.000625628 	-0.103319 	0.00368888 	
0.875	2.08061 	-0.0783188 	-1.62507 	0.000690898 	-0.103363 	0.00368438 	
0.88	2.08167 	-0.0786454 	-1.62508 	0.000671077 	-0.103419 	0.00367501 	
0.885	2.08258 	-0.0789639 	-1.62496 	0.000651522 	-0.103469 	0.00366515 	
0.89	2.08331 	-0.079246 	-1.62473 	0.000633896 	-0.103512 	0.00365576 	
0.895	2.08191 	-0.0780406 	-1.62748 	0.000700044 	-0.103556 	0.00365171 	
0.9	2.08299 	-0.0783732 	-1.62749 	0.000679816 	-0.103613 	0.0036421 	
0.905	2.08388 	-0.0786644 	-1.62733 	0.000657308 	-0.10366 	0.00363574 	
0.91	2.08462 	-0.0789516 	-1.6271 	0.000639327 	-0.103704 	0.00362608 	
0.915	2.0832 	-0.0777415 	-1.62988 	0.000706315 	-0.103749 	0.00362253 	
0.92	2.08429 	-0.0780799 	-1.62989 	0.000685687 	-0.103806 	0.00361267 	
0.925	2.08523 	-0.0784099 	-1.62976 	0.000665345 	-0.103857 	0.00360227 	
0.93	2.08598 	-0.0787021 	-1.62953 	0.000647014 	-0.103901 	0.00359236 	
0.935	2.08453 	-0.0774884 	-1.63235 	0.000714797 	-0.103947 	0.00358931 	
0.94	2.08564 	-0.0778326 	-1.63236 	0.000693776 	-0.104005 	0.00357921 	
0.945	2.08659 	-0.0781681 	-1.63223 	0.00067305 	-0.104057 	0.00356854 	
0.95	2.08565 	-0.0773112 	-1.63438 	0.000720831 	-0.104104 	0.0035637 	
0.955	2.08667 	-0.0776586 	-1.63431 	0.000699458 	-0.104159 	0.00355296 	
0.96	2.08768 	-0.0781136 	-1.63428 	0.000687825 	-0.104222 	0.00352837 	
0.965	2.08845 	-0.0784142 	-1.63405 	0.000668899 	-0.104267 	0.00351802 	
0.97	2.08702 	-0.0772303 	-1.63685 	0.000736033 	-0.104314 	0.00351576 	
0.975	2.08814 	-0.0775817 	-1.63686 	0.000714478 	-0.104372 	0.00350526 	
0.98	2.0891 	-0.0779239 	-1.63673 	0.000693244 	-0.104425 	0.0034942 	
0.985	2.08814 	-0.0770693 	-1.6389 	0.000741726 	-0.104473 	0.00349004 	
0.99	2.08919 	-0.077424 	-1.63884 	0.000719816 	-0.104529 	0.00347892 	
0.995	2.09012 	-0.0777667 	-1.63867 	0.000698456 	-0.104581 	0.00346758 	
1	2.09105 	-0.0782653 	-1.63865 	0.000693852 	-0.104645 	0.00343484 	
1.005	2.08959 	-0.0770803 	-1.6415 	0.000762165 	-0.104693 	0.0034336 	
1.01	2.09074 	-0.0774392 	-1.64152 	0.000740064 	-0.104752 	0.00342274 	
1.015	2.09171 	-0.0777886 	-1.64138 	0.000718292 	-0.104806 	0.00341128 	
1.02	2.09074 	-0.0769361 	-1.6436 	0.000767527 	-0.104854 	0.00340785 	
1.025	2.0918 	-0.0772984 	-1.64353 	0.000745063 	-0.104912 	0.00339633 	
1.03	2.09274 	-0.0776483 	-1.64337 	0.000723162 	-0.104964 	0.00338458 	
1.035	2.09181 	-0.0768292 	-1.64553 	0.000770805 	-0.105013 	0.00338124 	
1.04	2.09287 	-0.0771932 	-1.64546 	0.000748176 	-0.10507 	0.00336955 	
1.045	2.09381 	-0.0775446 	-1.64529 	0.000726136 	-0.105122 	0.00335766 	
1.05	2.09298 	-0.0768631 	-1.64761 	0.000784178 	-0.105184 	0.00333929 	
1.055	2.09405 	-0.077229 	-1.64754 	0.000761392 	-0.105242 	0.00332748 	
1.06	2.09499 	-0.0775821 	-1.64737 	0.000739199 	-0.105294 	0.00331546 	
1.065	2.09405 	-0.0767692 	-1.64956 	0.000787253 	-0.105344 	0.00331281 	
1.07	2.09513 	-0.0771371 	-1.64949 	0.000764299 	-0.105401 	0.00330087 	
1.075	2.09608 	-0.0774923 	-1.64932 	0.00074194 	-0.105454 	0.00328871 	
1.08	2.09513 	-0.0766818 	-1.65151 	0.00079026 	-0.105503 	0.00328643 	
1.085	2.09621 	-0.0770518 	-1.65144 	0.000767128 	-0.105561 	0.00327436 	
1.09	2.09716 	-0.077409 	-1.65128 	0.000744596 	-0.105614 	0.00326205 	
1.095	2.09597 	-0.0762981 	-1.65313 	0.00076985 	-0.105633 	0.00329522 	
1.1	2.09706 	-0.0766704 	-1.65306 	0.000746535 	-0.105692 	0.003283 	
1.105	2.09802 	-0.0770298 	-1.65289 	0.000723823 	-0.105745 	0.00327055 	
1.11	2.09706 	-0.076226 	-1.65511 	0.00077261 	-0.105794 	0.00326902 	
1.115	2.09815 	-0.0766006 	-1.65504 	0.000749108 	-0.105853 	0.00325666 	
1.12	2.09911 	-0.0769622 	-1.65487 	0.000726213 	-0.105906 	0.00324405 	
1.125	2.09814 	-0.0761624 	-1.6571 	0.000775182 	-0.105956 	0.00324289 	
1.13	2.09924 	-0.0765394 	-1.65703 	0.000751492 	-0.106014 	0.00323038 	
1.135	2.10021 	-0.0769032 	-1.65686 	0.000728414 	-0.106068 	0.00321762 	
1.14	2.09923 	-0.076108 	-1.65909 	0.000777541 	-0.106118 	0.00321683 	
1.145	2.10012 	-0.0762082 	-1.6587 	0.000732271 	-0.106149 	0.00323654 	
1.15	2.10109 	-0.0765743 	-1.65853 	0.000709009 	-0.106202 	0.00322362 	
1.155	2.10011 	-0.0757842 	-1.66077 	0.000758292 	-0.106253 	0.00322322 	
1.16	2.10122 	-0.0761657 	-1.6607 	0.000734227 	-0.106311 	0.00321041 	
1.165	2.10219 	-0.0765339 	-1.66053 	0.000710784 	-0.106365 	0.00319734 	
1.17	2.10121 	-0.0757492 	-1.66277 	0.00076018 	-0.106415 	0.00319732 	
1.175	2.10231 	-0.0761329 	-1.6627 	0.000735931 	-0.106474 	0.00318436 	
1.18	2.10329 	-0.0765033 	-1.66253 	0.00071231 	-0.106528 	0.00317114 	
1.185	2.1023 	-0.0757245 	-1.66478 	0.000761797 	-0.106578 	0.00317149 	
1.19	2.10341 	-0.0761103 	-1.66471 	0.000737369 	-0.106638 	0.00315839 	
1.195	2.10439 	-0.0764827 	-1.66454 	0.000713573 	-0.106692 	0.00314502 	
1.2	2.10413 	-0.0766577 	-1.6679 	0.00083561 	-0.106837 	0.00303538 	
1.205	2.10524 	-0.0770456 	-1.66783 	0.000811006 	-0.106896 	0.00302213 	
1.21	2.10622 	-0.07742 	-1.66766 	0.00078704 	-0.10695 	0.00300861 	
1.215	2.10522 	-0.0766536 	-1.66992 	0.00083658 	-0.107 	0.00300964 	
1.22	2.10633 	-0.0770435 	-1.66985 	0.000811806 	-0.107059 	0.00299626 	
1.225	2.10732 	-0.0774198 	-1.66967 	0.000787675 	-0.107114 	0.0029826 	
1.23	2.10632 	-0.0766604 	-1.67193 	0.000837246 	-0.107164 	0.002984 	
1.235	2.10743 	-0.0770521 	-1.67186 	0.000812308 	-0.107223 	0.00297048 	
1.24	2.10842 	-0.0774302 	-1.67169 	0.000788017 	-0.107277 	0.00295668 	
1.245	2.10742 	-0.0766781 	-1.67395 	0.0008376 	-0.107328 	0.00295847 	
1.25	2.10834 	-0.0768242 	-1.67359 	0.000793617 	-0.107362 	0.00297371 	
1.255	2.10933 	-0.0772039 	-1.67342 	0.000769173 	-0.107417 	0.00295977 	
1.26	2.10833 	-0.0764595 	-1.67568 	0.000818766 	-0.107467 	0.00296195 	
1.265	2.10944 	-0.0768547 	-1.67561 	0.000793518 	-0.107526 	0.00294817 	
1.27	2.11042 	-0.0772359 	-1.67544 	0.000768927 	-0.10758 	0.00293409 	
1.275	2.10942 	-0.0764994 	-1.6777 	0.000818493 	-0.107631 	0.00293666 	
1.28	2.11054 	-0.0768961 	-1.67763 	0.0007931 	-0.10769 	0.00292275 	
1.285	2.11152 	-0.0772788 	-1.67746 	0.00076837 	-0.107744 	0.00290855 	
1.29	2.11049 	-0.0765194 	-1.67968 	0.000815524 	-0.107791 	0.00291514 	
1.295	2.11161 	-0.0769175 	-1.67961 	0.000789995 	-0.107851 	0.0029011 	
1.3	2.11259 	-0.0773016 	-1.67944 	0.000765132 	-0.107905 	0.00288677 	
1.305	2.11159 	-0.0765817 	-1.6817 	0.000814589 	-0.107955 	0.00289011 	
1.31	2.1127 	-0.0769811 	-1.68162 	0.000788931 	-0.108014 	0.00287595 	
1.315	2.11368 	-0.0773664 	-1.68145 	0.000763943 	-0.108068 	0.00286151 	
1.32	2.11268 	-0.0766552 	-1.68371 	0.000813317 	-0.108118 	0.00286523 	
1.325	2.11379 	-0.0770558 	-1.68363 	0.000787538 	-0.108177 	0.00285096 	
1.33	2.11477 	-0.0774421 	-1.68346 	0.000762432 	-0.108231 	0.0028364 	
1.335	2.11376 	-0.07674 	-1.68571 	0.000811704 	-0.108281 	0.0028405 	
1.34	2.11487 	-0.0771415 	-1.68564 	0.000785812 	-0.10834 	0.00282612 	
1.345	2.11585 	-0.0775289 	-1.68546 	0.000760597 	-0.108394 	0.00281145 	
1.35	2.11479 	-0.0767575 	-1.68762 	0.000803789 	-0.108436 	0.00282514 	
1.355	2.1159 	-0.0771599 	-1.68755 	0.000777792 	-0.108495 	0.00281066 	
1.36	2.11687 	-0.0775481 	-1.68737 	0.000752476 	-0.108549 	0.00279589 	
1.365	2.11587 	-0.0768646 	-1.68962 	0.000801495 	-0.108599 	0.00280074 	
1.37	2.11697 	-0.0772677 	-1.68954 	0.000775402 	-0.108657 	0.00278616 	
1.375	2.11795 	-0.0776566 	-1.68937 	0.000749994 	-0.108711 	0.00277129 	
1.38	2.11695 	-0.0769828 	-1.6916 	0.000798856 	-0.108761 	0.00277652 	
1.385	2.11805 	-0.0773865 	-1.69153 	0.000772676 	-0.108819 	0.00276184 	
1.39	2.11902 	-0.077776 	-1.69135 	0.000747183 	-0.108872 	0.00274688 	
1.395	2.11781 	-0.0768287 	-1.69325 	0.000774387 	-0.108894 	0.00278587 	
1.4	2.1189 	-0.0772329 	-1.69318 	0.000748129 	-0.108952 	0.0027711 	
1.405	2.11987 	-0.0776228 	-1.693 	0.000722561 	-0.109005 	0.00275605 	
1.41	2.11887 	-0.0769689 	-1.69522 	0.000771076 	-0.109054 	0.00276203 	
1.415	2.11997 	-0.0773735 	-1.69515 	0.000744749 	-0.109113 	0.00274719 	
1.42	2.12094 	-0.0777636 	-1.69497 	0.000719115 	-0.109166 	0.00273206 	
1.425	2.11979 	-0.0769285 	-1.69696 	0.000752912 	-0.109196 	0.00276101 	
1.43	2.12088 	-0.0773331 	-1.69688 	0.000726526 	-0.109253 	0.00274609 	
1.435	2.12185 	-0.0777235 	-1.69671 	0.000700835 	-0.109306 	0.00273088 	
1.44	2.12085 	-0.0770903 	-1.69891 	0.000748923 	-0.109355 	0.00273759 	
1.445	2.12194 	-0.077495 	-1.69884 	0.000722487 	-0.109413 	0.0027226 	
1.45	2.1229 	-0.0778854 	-1.69866 	0.000696748 	-0.109465 	0.00270732 	
1.455	2.1219 	-0.0772627 	-1.70086 	0.000744589 	-0.109514 	0.00271437 	
1.46	2.12298 	-0.0776673 	-1.70078 	0.000718114 	-0.109571 	0.00269932 	
1.465	2.12394 	-0.0780575 	-1.7006 	0.000692336 	-0.109623 	0.00268399 	
1.47	2.12295 	-0.0774456 	-1.70279 	0.000739913 	-0.109672 	0.00269138 	
1.475	2.12423 	-0.0781272 	-1.70304 	0.000734363 	-0.109757 	0.00264345 	
1.48	2.12518 	-0.0785172 	-1.70286 	0.000708557 	-0.109809 	0.00262806 	
1.485	2.1242 	-0.077916 	-1.70504 	0.000755832 	-0.109857 	0.00263577 	
1.49	2.12527 	-0.0783199 	-1.70496 	0.000729306 	-0.109913 	0.00262061 	
1.495	2.12621 	-0.0787094 	-1.70478 	0.00070348 	-0.109965 	0.00260517 	
1.5	2.12523 	-0.0781192 	-1.70694 	0.000750456 	-0.110013 	0.0026132 	
1.505	2.12629 	-0.0785225 	-1.70686 	0.00072392 	-0.110069 	0.002598 	
1.51	2.12724 	-0.0789115 	-1.70669 	0.000698085 	-0.110121 	0.00258252 	
1.515	2.12626 	-0.0783323 	-1.70883 	0.000744744 	-0.110168 	0.00259087 	
1.52	2.12731 	-0.0787349 	-1.70876 	0.000718208 	-0.110224 	0.00257563 	
1.525	2.12825 	-0.0791231 	-1.70858 	0.000692374 	-0.110275 	0.00256012 	
1.53	2.12728 	-0.0785551 	-1.71071 	0.000738699 	-0.110323 	0.00256878 	
1.535	2.1281 	-0.0786591 	-1.71028 	0.000689745 	-0.110348 	0.00258883 	
1.54	2.12903 	-0.0790465 	-1.7101 	0.000663923 	-0.110399 	0.00257329 	
1.545	2.12806 	-0.0784898 	-1.71222 	0.000709917 	-0.110446 	0.00258228 	
1.55	2.1291 	-0.0788905 	-1.71214 	0.000683414 	-0.110501 	0.00256697 	
1.555	2.13003 	-0.0792769 	-1.71197 	0.000657612 	-0.110551 	0.00255142 	
1.56	2.13082 	-0.0796225 	-1.71171 	0.000634206 	-0.110596 	0.00253676 	
1.565	2.1295 	-0.0790465 	-1.71484 	0.000721876 	-0.110667 	0.00252321 	
1.57	2.13062 	-0.0794469 	-1.71484 	0.000695505 	-0.110726 	0.00250859 	
1.575	2.13157 	-0.0798367 	-1.7147 	0.000669505 	-0.110777 	0.00249311 	
1.58	2.13057 	-0.0792804 	-1.71685 	0.000716648 	-0.110823 	0.00250342 	
1.585	2.1316 	-0.0796814 	-1.71677 	0.000690029 	-0.110878 	0.002488 	
1.59	2.13251 	-0.0800685 	-1.7166 	0.000664091 	-0.110927 	0.00247228 	
1.595	2.13329 	-0.0804145 	-1.71634 	0.000640571 	-0.110971 	0.00245748 	
1.6	2.13179 	-0.0796124 	-1.71911 	0.000707309 	-0.111016 	0.00247581 	
1.605	2.13289 	-0.0800119 	-1.71911 	0.000680886 	-0.111073 	0.00246104 	
1.61	2.13383 	-0.080401 	-1.71897 	0.000654839 	-0.111123 	0.00244545 	
1.615	2.13289 	-0.0799369 	-1.72114 	0.000705528 	-0.111175 	0.00244883 	
1.62	2.13389 	-0.0803364 	-1.72106 	0.000678914 	-0.111228 	0.0024333 	
1.625	2.13479 	-0.0807218 	-1.72089 	0.000652987 	-0.111277 	0.00241751 	
1.63	2.13555 	-0.0810665 	-1.72064 	0.000629474 	-0.11132 	0.00240265 	
1.635	2.13409 	-0.0803024 	-1.72334 	0.000694711 	-0.111364 	0.00242162 	
1.64	2.13516 	-0.0806991 	-1.72333 	0.00066837 	-0.11142 	0.00240679 	
1.645	2.13608 	-0.0810854 	-1.72319 	0.000642408 	-0.111469 	0.00239117 	
1.65	2.13683 	-0.0814275 	-1.72294 	0.000619011 	-0.111511 	0.00237633 	
1.655	2.13533 	-0.0806613 	-1.72567 	0.000685262 	-0.111555 	0.00239637 	
1.66	2.1364 	-0.0810574 	-1.72567 	0.000658926 	-0.11161 	0.00238154 	
1.665	2.13731 	-0.0814433 	-1.72552 	0.000632948 	-0.111659 	0.00236588 	
1.67	2.13805 	-0.0817848 	-1.72527 	0.000609545 	-0.111701 	0.002351 	
1.675	2.13657 	-0.0810396 	-1.72797 	0.000674958 	-0.111743 	0.00237137 	
1.68	2.13764 	-0.0814557 	-1.72799 	0.000650265 	-0.1118 	0.00235394 	
1.685	2.13854 	-0.0818402 	-1.72785 	0.000624326 	-0.111849 	0.00233825 	
1.69	2.13927 	-0.0821806 	-1.72759 	0.000600955 	-0.11189 	0.00232336 	
1.695	2.13781 	-0.0814582 	-1.73025 	0.000665332 	-0.111932 	0.00234398 	
1.7	2.13884 	-0.0818507 	-1.73024 	0.000639122 	-0.111986 	0.00232909 	
1.705	2.13973 	-0.0822331 	-1.7301 	0.000613274 	-0.112033 	0.00231342 	
1.71	2.14046 	-0.0825717 	-1.72985 	0.00058998 	-0.112074 	0.00229855 	
1.715	2.13902 	-0.0818721 	-1.73246 	0.000653285 	-0.112116 	0.00231938 	
1.72	2.14003 	-0.0822617 	-1.73245 	0.000627208 	-0.112169 	0.00230451 	
1.725	2.14098 	-0.0827348 	-1.73242 	0.000608484 	-0.112225 	0.00227769 	
1.73	2.14169 	-0.0830712 	-1.73217 	0.000585307 	-0.112265 	0.00226287 	
1.735	2.14027 	-0.0823939 	-1.73474 	0.000647507 	-0.112306 	0.00228388 	
1.74	2.14127 	-0.0827802 	-1.73472 	0.000621604 	-0.112358 	0.00226906 	
1.745	2.14213 	-0.0831564 	-1.73458 	0.000596063 	-0.112404 	0.0022535 	
1.75	2.14284 	-0.0834899 	-1.73434 	0.000573037 	-0.112444 	0.00223876 	
1.755	2.14144 	-0.0828349 	-1.73686 	0.000634113 	-0.112484 	0.00225993 	
1.76	2.14242 	-0.0832172 	-1.73684 	0.000608418 	-0.112535 	0.00224517 	
1.765	2.14327 	-0.0835897 	-1.7367 	0.000583083 	-0.11258 	0.00222971 	
1.77	2.14397 	-0.0839199 	-1.73646 	0.000560239 	-0.112619 	0.00221507 	
1.775	2.1426 	-0.0832869 	-1.73894 	0.00062016 	-0.112659 	0.00223636 	
1.78	2.1433 	-0.0833143 	-1.7385 	0.000568598 	-0.112674 	0.00226371 	
1.785	2.14413 	-0.0836826 	-1.73836 	0.000543499 	-0.112718 	0.00224835 	
1.79	2.14481 	-0.0840092 	-1.73812 	0.000520864 	-0.112756 	0.00223384 	
1.795	2.14347 	-0.0833981 	-1.74055 	0.000579625 	-0.112795 	0.00225523 	
1.8	2.14441 	-0.0837713 	-1.74052 	0.000554437 	-0.112844 	0.00224068 	
1.805	2.14522 	-0.0841349 	-1.74039 	0.000529602 	-0.112888 	0.00222546 	
1.81	2.1459 	-0.0844576 	-1.74015 	0.000507202 	-0.112926 	0.00221108 	
1.815	2.14458 	-0.0838681 	-1.74253 	0.00056474 	-0.112964 	0.00223253 	
1.82	2.1455 	-0.0842361 	-1.7425 	0.000539847 	-0.113012 	0.0022181 	
1.825	2.1463 	-0.0845948 	-1.74237 	0.000515304 	-0.113055 	0.00220304 	
1.83	2.14743 	-0.0855507 	-1.7429 	0.000540554 	-0.113155 	0.00211232 	
1.835	2.14614 	-0.0849826 	-1.74523 	0.000596787 	-0.113193 	0.00213373 	
1.84	2.14704 	-0.0853452 	-1.7452 	0.000572214 	-0.11324 	0.00211945 	
1.845	2.14783 	-0.0856986 	-1.74507 	0.000547987 	-0.113282 	0.00210455 	
1.85	2.14848 	-0.0860123 	-1.74484 	0.000526126 	-0.113318 	0.0020905 	
1.855	2.14721 	-0.0854656 	-1.74712 	0.000581068 	-0.113354 	0.00211189 	
1.86	2.14809 	-0.0858223 	-1.74708 	0.00055684 	-0.1134 	0.00209776 	
1.865	2.14886 	-0.0861702 	-1.74695 	0.000532952 	-0.113441 	0.00208306 	
1.87	2.14906 	-0.085893 	-1.74603 	0.0004679 	-0.113418 	0.0021396 	
1.875	2.14783 	-0.0853674 	-1.74825 	0.000521558 	-0.113454 	0.00216094 	
1.88	2.14869 	-0.085718 	-1.74821 	0.000497699 	-0.113498 	0.00214699 	
1.885	2.14944 	-0.0860599 	-1.74808 	0.000474174 	-0.113539 	0.00213249 	
1.89	2.15006 	-0.0863637 	-1.74787 	0.000452939 	-0.113573 	0.00211883 	
1.895	2.14886 	-0.0858591 	-1.75003 	0.000505235 	-0.113608 	0.00214004 	
1.9	2.14969 	-0.0862032 	-1.75 	0.000481767 	-0.113652 	0.00212628 	
1.905	2.15042 	-0.086539 	-1.74987 	0.000458627 	-0.113691 	0.002112 	
1.91	2.15104 	-0.0868373 	-1.74966 	0.000437737 	-0.113725 	0.00209856 	
1.915	2.15161 	-0.0871108 	-1.74945 	0.000418471 	-0.113757 	0.00208608 	
1.92	2.15003 	-0.0864382 	-1.75207 	0.000486317 	-0.11379 	0.00211553 	
1.925	2.15074 	-0.0865553 	-1.75183 	0.000447097 	-0.113813 	0.00212909 	
1.93	2.15148 	-0.0868876 	-1.75173 	0.000424226 	-0.113852 	0.00211514 	
1.935	2.15207 	-0.0871802 	-1.75153 	0.000403702 	-0.113885 	0.00210191 	
1.94	2.15263 	-0.0874483 	-1.75132 	0.000384775 	-0.113916 	0.00208962 	
1.945	2.15106 	-0.086793 	-1.7539 	0.000451849 	-0.113948 	0.00211938 	
1.95	2.15191 	-0.0871247 	-1.75393 	0.000429291 	-0.113992 	0.00210658 	
1.955	2.15263 	-0.0874516 	-1.75383 	0.000406758 	-0.11403 	0.00209282 	
1.96	2.1532 	-0.0877394 	-1.75363 	0.000386537 	-0.114062 	0.00207977 	
1.965	2.15375 	-0.0880033 	-1.75342 	0.000367889 	-0.114092 	0.00206765 	
1.97	2.15223 	-0.0873824 	-1.75592 	0.000432517 	-0.114124 	0.00209684 	
1.975	2.15305 	-0.087707 	-1.75594 	0.000410393 	-0.114165 	0.00208421 	
1.98	2.154 	-0.0883757 	-1.75626 	0.000414069 	-0.114237 	0.00202865 	
1.985	2.15456 	-0.0886577 	-1.75606 	0.000394231 	-0.114268 	0.00201585 	
1.99	2.15509 	-0.0889163 	-1.75587 	0.000375937 	-0.114297 	0.00200396 	
1.995	2.15364 	-0.0883304 	-1.75826 	0.000437911 	-0.114328 	0.00203243 	
2	2.15442 	-0.0886466 	-1.75827 	0.000416307 	-0.114368 	0.00202002 	
2.005	2.15509 	-0.0889583 	-1.75818 	0.000394738 	-0.114404 	0.00200678 	
2.01	2.15563 	-0.0892334 	-1.75799 	0.000375361 	-0.114434 	0.00199427 	
2.015	2.15614 	-0.0894856 	-1.7578 	0.000357491 	-0.114462 	0.00198266 	
2.02	2.15466 	-0.0888115 	-1.75995 	0.000407767 	-0.114479 	0.00202512 	
2.025	2.15541 	-0.0891184 	-1.75995 	0.000386753 	-0.114518 	0.00201298 	
2.03	2.15605 	-0.089421 	-1.75986 	0.000365777 	-0.114552 	0.00200008 	
2.035	2.15658 	-0.0896883 	-1.75968 	0.000346921 	-0.114581 	0.00198791 	
2.04	2.15707 	-0.0899334 	-1.75949 	0.000329533 	-0.114608 	0.00197662 	
2.045	2.15574 	-0.0894152 	-1.76169 	0.000386137 	-0.114636 	0.00200348 	
2.05	2.15645 	-0.089712 	-1.76169 	0.00036577 	-0.114673 	0.00199166 	
2.055	2.15707 	-0.0900046 	-1.76159 	0.000345442 	-0.114706 	0.00197913 	
2.06	2.15797 	-0.0907872 	-1.76205 	0.000365735 	-0.114786 	0.00190416 	
2.065	2.15844 	-0.0910246 	-1.76188 	0.000348875 	-0.114812 	0.00189322 	
2.07	2.15889 	-0.0912421 	-1.7617 	0.000333333 	-0.114837 	0.00188306 	
2.075	2.15731 	-0.0906171 	-1.76419 	0.00040039 	-0.114863 	0.00191607 	
2.08	2.15803 	-0.0909028 	-1.76423 	0.000380857 	-0.1149 	0.00190506 	
2.085	2.15864 	-0.0911871 	-1.76416 	0.000361134 	-0.114932 	0.00189304 	
2.09	2.15912 	-0.0914367 	-1.764 	0.000343487 	-0.114959 	0.00188164 	
2.095	2.15957 	-0.0916656 	-1.76383 	0.000327212 	-0.114984 	0.00187107 	
2.1	2.16 	-0.0918753 	-1.76366 	0.000312208 	-0.115008 	0.00186126 	
2.105	2.15848 	-0.0912866 	-1.76604 	0.000376331 	-0.115033 	0.00189335 	
2.11	2.15916 	-0.0915611 	-1.76607 	0.000357516 	-0.115067 	0.00188268 	
2.115	2.15974 	-0.0918347 	-1.76601 	0.000338509 	-0.115098 	0.00187106 	
2.12	2.1602 	-0.0920752 	-1.76585 	0.000321493 	-0.115123 	0.00186008 	
2.125	2.16008 	-0.0915373 	-1.76478 	0.000250038 	-0.115071 	0.00194149 	
2.13	2.16049 	-0.0917395 	-1.76462 	0.000235569 	-0.115094 	0.00193203 	
2.135	2.15907 	-0.0911994 	-1.76684 	0.000295441 	-0.115117 	0.00196242 	
2.14	2.1597 	-0.0914611 	-1.76687 	0.000277454 	-0.11515 	0.00195212 	
2.145	2.16025 	-0.0917221 	-1.7668 	0.000259292 	-0.115179 	0.00194099 	
2.15	2.16069 	-0.091952 	-1.76666 	0.000243016 	-0.115203 	0.0019305 	
2.155	2.1611 	-0.0921629 	-1.76651 	0.000228003 	-0.115225 	0.00192077 	
2.16	2.16148 	-0.0923562 	-1.76636 	0.00021416 	-0.115246 	0.00191174 	
2.165	2.16185 	-0.0925333 	-1.76621 	0.000201402 	-0.115267 	0.00190336 	
2.17	2.16028 	-0.0919324 	-1.76859 	0.000267453 	-0.115288 	0.00193774 	
2.175	2.16154 	-0.0930531 	-1.7697 	0.000314631 	-0.115407 	0.00182269 	
2.18	2.16206 	-0.0933016 	-1.76965 	0.000297353 	-0.115434 	0.00181218 	
2.185	2.16247 	-0.0935193 	-1.76952 	0.000281931 	-0.115457 	0.00180225 	
2.19	2.16286 	-0.0937191 	-1.76938 	0.000267705 	-0.115478 	0.00179304 	
2.195	2.16322 	-0.0939023 	-1.76925 	0.000254586 	-0.115498 	0.00178449 	
2.2	2.16356 	-0.0940701 	-1.76911 	0.000242493 	-0.115517 	0.00177656 	
2.205	2.16147 	-0.0926469 	-1.77024 	0.000238746 	-0.115449 	0.00191485 	
2.21	2.16203 	-0.0928783 	-1.77027 	0.000222849 	-0.115477 	0.00190585 	
2.215	2.16251 	-0.0931114 	-1.77023 	0.000206625 	-0.115503 	0.00189595 	
2.22	2.16289 	-0.093316 	-1.77011 	0.000192126 	-0.115523 	0.00188663 	
2.225	2.16325 	-0.0935039 	-1.76998 	0.000178748 	-0.115543 	0.00187799 	
2.23	2.16359 	-0.0936762 	-1.76986 	0.00016641 	-0.115562 	0.00186997 	
2.235	2.16391 	-0.0938342 	-1.76974 	0.000155035 	-0.115579 	0.00186252 	
2.24	2.1642 	-0.0939789 	-1.76961 	0.000144551 	-0.115595 	0.00185562 	
2.245	2.16271 	-0.0934153 	-1.77183 	0.000207314 	-0.115613 	0.00188938 	
2.25	2.16323 	-0.0936281 	-1.77188 	0.000192722 	-0.11564 	0.00188124 	
2.255	2.16368 	-0.0938443 	-1.77185 	0.000177687 	-0.115663 	0.00187212 	
2.26	2.16403 	-0.0940335 	-1.77174 	0.000164287 	-0.115682 	0.00186352 	
2.265	2.16436 	-0.0942072 	-1.77163 	0.000151922 	-0.1157 	0.00185555 	
2.27	2.16529 	-0.0952171 	-1.77255 	0.000202804 	-0.115802 	0.0017453 	
2.275	2.16557 	-0.0953634 	-1.77244 	0.000192284 	-0.115818 	0.00173844 	
2.28	2.16584 	-0.0954975 	-1.77233 	0.000182584 	-0.115833 	0.00173207 	
2.285	2.1661 	-0.0956203 	-1.77222 	0.000173645 	-0.115847 	0.00172617 	
2.29	2.16634 	-0.0957327 	-1.77211 	0.00016541 	-0.11586 	0.00172069 	
2.295	2.16469 	-0.0951083 	-1.77447 	0.000234196 	-0.115875 	0.00175849 	
2.3	2.16518 	-0.0952996 	-1.77456 	0.000221161 	-0.1159 	0.00175148 	
2.305	2.16559 	-0.0954971 	-1.77455 	0.000207479 	-0.115921 	0.0017433 	
2.31	2.1659 	-0.0956686 	-1.77446 	0.000195359 	-0.115938 	0.00173554 	
2.315	2.16599 	-0.0955482 	-1.77403 	0.000163826 	-0.115926 	0.00176199 	
2.32	2.16626 	-0.095693 	-1.77394 	0.0001535 	-0.11594 	0.00175533 	
2.325	2.16652 	-0.095826 	-1.77385 	0.000143972 	-0.115954 	0.00174914 	
2.33	2.16675 	-0.0959481 	-1.77376 	0.000135182 	-0.115967 	0.0017434 	
2.335	2.16698 	-0.0960601 	-1.77367 	0.000127076 	-0.11598 	0.00173808 	
2.34	2.16719 	-0.0961627 	-1.77358 	0.000119602 	-0.115991 	0.00173315 	
2.345	2.16768 	-0.0966585 	-1.77397 	0.000142111 	-0.116042 	0.00167996 	
2.35	2.16786 	-0.0967446 	-1.77388 	0.000135764 	-0.116053 	0.00167571 	
2.355	2.16627 	-0.0961436 	-1.77612 	0.000202013 	-0.116065 	0.00171273 	
2.36	2.16669 	-0.096307 	-1.77621 	0.000190916 	-0.116086 	0.00170683 	
2.365	2.16704 	-0.0964782 	-1.77621 	0.000179091 	-0.116104 	0.00169981 	
2.37	2.1673 	-0.0966267 	-1.77614 	0.000168645 	-0.116118 	0.00169317 	
2.375	2.16755 	-0.0967633 	-1.77608 	0.000158995 	-0.116131 	0.00168701 	
2.38	2.16777 	-0.096889 	-1.77601 	0.000150083 	-0.116143 	0.0016813 	
2.385	2.16799 	-0.0970047 	-1.77594 	0.000141852 	-0.116154 	0.00167601 	
2.39	2.16819 	-0.0971111 	-1.77588 	0.000134252 	-0.116165 	0.0016711 	
2.395	2.16837 	-0.0972089 	-1.77581 	0.000127236 	-0.116176 	0.00166654 	
2.4	2.16855 	-0.0972988 	-1.77575 	0.000120759 	-0.116185 	0.00166232 	
2.405	2.16871 	-0.0973814 	-1.77568 	0.000114782 	-0.116194 	0.00165841 	
2.41	2.16883 	-0.0974145 	-1.77557 	0.000106137 	-0.116198 	0.00165996 	
2.415	2.16898 	-0.0974841 	-1.7755 	0.000101048 	-0.116206 	0.00165659 	
2.42	2.16911 	-0.0975481 	-1.77544 	9.63533e-05 	-0.116214 	0.00165346 	
2.425	2.16924 	-0.0976067 	-1.77538 	9.20225e-05 	-0.116221 	0.00165057 	
2.43	2.16935 	-0.0976605 	-1.77532 	8.80276e-05 	-0.116227 	0.00164788 	
2.435	2.16946 	-0.0977099 	-1.77526 	8.4344e-05 	-0.116233 	0.00164539 	
2.44	2.16899 	-0.0969623 	-1.77425 	2.29796e-05 	-0.11616 	0.00173905 	
2.445	2.16908 	-0.0970038 	-1.77419 	1.98469e-05 	-0.116165 	0.0017369 	
2.45	2.16918 	-0.0970418 	-1.77414 	1.69589e-05 	-0.11617 	0.00173491 	
2.455	2.16926 	-0.0970766 	-1.77409 	1.42964e-05 	-0.116175 	0.00173307 	
2.46	2.16934 	-0.0971084 	-1.77404 	1.18417e-05 	-0.11618 	0.00173136 	
2.465	2.16942 	-0.0971377 	-1.77399 	9.57866e-06 	-0.116184 	0.00172977 	
2.47	2.16771 	-0.0964842 	-1.77628 	8.03501e-05 	-0.11619 	0.00177021 	
2.475	2.16803 	-0.0966011 	-1.77642 	7.26328e-05 	-0.116206 	0.00176655 	
2.48	2.16828 	-0.0967303 	-1.77646 	6.38974e-05 	-0.116219 	0.00176158 	
2.485	2.16835 	-0.0966882 	-1.77626 	4.51723e-05 	-0.116213 	0.00177531 	
2.49	2.16851 	-0.0967901 	-1.77624 	3.8135e-05 	-0.116221 	0.00177094 	
2.495	2.16866 	-0.0968845 	-1.77622 	3.16179e-05 	-0.116229 	0.00176689 	
2.5	2.1688 	-0.0969718 	-1.7762 	2.55817e-05 	-0.116236 	0.00176314 	
2.505	2.16893 	-0.0970527 	-1.77618 	1.99897e-05 	-0.116243 	0.00175966 	
2.51	2.16905 	-0.0971277 	-1.77616 	1.48077e-05 	-0.116249 	0.00175643 	
2.515	2.16916 	-0.0971967 	-1.77615 	1.00294e-05 	-0.116255 	0.00175345 	
2.52	2.16926 	-0.0972592 	-1.77613 	5.68166e-06 	-0.116261 	0.00175073 	
2.525	2.16936 	-0.0973167 	-1.77612 	1.67668e-06 	-0.116266 	0.00174821 	
2.53	2.16945 	-0.0973705 	-1.7761 	-2.06786e-06 	-0.116271 	0.00174586 	
2.535	2.16954 	-0.0974211 	-1.77609 	-5.57566e-06 	-0.116275 	0.00174366 	
2.54	2.16962 	-0.0974687 	-1.77608 	-8.87277e-06 	-0.116279 	0.00174161 	
2.545	2.16969 	-0.0975137 	-1.77607 	-1.1985e-05 	-0.116283 	0.00173967 	
2.55	2.17003 	-0.0979238 	-1.7765 	1.18876e-05 	-0.116324 	0.00169339 	
2.555	2.1701 	-0.0979652 	-1.7765 	9.0577e-06 	-0.116327 	0.00169166 	
2.56	2.17016 	-0.0980061 	-1.77649 	6.28387e-06 	-0.11633 	0.00168999 	
2.565	2.17022 	-0.0980462 	-1.77648 	3.58683e-06 	-0.116333 	0.00168838 	
2.57	2.17028 	-0.098085 	-1.77648 	9.84237e-07 	-0.116336 	0.00168684 	
2.575	2.17033 	-0.098123 	-1.77647 	-1.54482e-06 	-0.116339 	0.00168536 	
2.58	2.17045 	-0.095065 	-1.77658 	0.000140362 	-0.116343 	0.00165692 	
2.585	2.17082 	-0.0956627 	-1.77707 	0.000157597 	-0.116389 	0.00160369 	
2.59	2.17087 	-0.0959011 	-1.77707 	0.000143616 	-0.116394 	0.00159782 	
2.595	2.17091 	-0.0961135 	-1.77707 	0.000131208 	-0.116398 	0.00159254 	
2.6	2.17095 	-0.0963135 	-1.77706 	0.00011952 	-0.116402 	0.00158757 	
2.605	2.17099 	-0.0965017 	-1.77705 	0.000108522 	-0.116405 	0.00158288 	
2.61	2.17141 	-0.0932707 	-1.77678 	0.000250126 	-0.11641 	0.00154047 	
2.615	2.17146 	-0.0936106 	-1.77679 	0.000230547 	-0.116416 	0.00153264 	
2.62	2.17147 	-0.0939812 	-1.77678 	0.000209281 	-0.11642 	0.00152419 	
2.625	2.17148 	-0.0943149 	-1.77676 	0.000190148 	-0.116424 	0.00151654 	
2.63	2.17126 	-0.0943144 	-1.77637 	0.00014914 	-0.116396 	0.00154743 	
2.635	2.17172 	-0.0908573 	-1.77602 	0.000298823 	-0.1164 	0.00149806 	
2.64	2.17175 	-0.0913217 	-1.77602 	0.000272318 	-0.116407 	0.00148771 	
2.645	2.17175 	-0.091813 	-1.776 	0.000244333 	-0.116412 	0.00147683 	
2.65	2.17173 	-0.092258 	-1.77598 	0.000219 	-0.116415 	0.00146693 	
2.655	2.17216 	-0.0890334 	-1.77563 	0.000356916 	-0.11642 	0.00141623 	
2.66	2.17216 	-0.089608 	-1.77562 	0.000324257 	-0.116426 	0.00140362 	
2.665	2.17214 	-0.0902008 	-1.77559 	0.000290603 	-0.116431 	0.00139065 	
2.67	2.17211 	-0.0907408 	-1.77556 	0.000259957 	-0.116435 	0.00137878 	
2.675	2.17257 	-0.0871411 	-1.77517 	0.00041355 	-0.11644 	0.001321 	
2.68	2.17257 	-0.0878224 	-1.77516 	0.000374922 	-0.116447 	0.00130615 	
2.685	2.17254 	-0.0885214 	-1.77513 	0.000335312 	-0.116453 	0.00129095 	
2.69	2.1729 	-0.0856324 	-1.77477 	0.000455848 	-0.116457 	0.00123702 	
2.695	2.17282 	-0.0863349 	-1.77466 	0.000406695 	-0.116457 	0.00122897 	
2.7	2.17277 	-0.0871118 	-1.77462 	0.000362728 	-0.116462 	0.00121213 	
2.705	2.17315 	-0.0840926 	-1.77424 	0.000488223 	-0.116467 	0.00115432 	
2.71	2.17311 	-0.0849468 	-1.77422 	0.000439904 	-0.116475 	0.00113582 	
2.715	2.17305 	-0.0858018 	-1.77418 	0.000391562 	-0.11648 	0.00111732 	
2.72	2.17345 	-0.082573 	-1.77377 	0.000525588 	-0.116486 	0.0010548 	
2.725	2.17342 	-0.0835092 	-1.77374 	0.00047268 	-0.116494 	0.00103455 	
2.73	2.17335 	-0.0844447 	-1.7737 	0.000419822 	-0.1165 	0.00101433 	
2.735	2.17378 	-0.0810025 	-1.77326 	0.000562543 	-0.116505 	0.000947001 	
2.74	2.17379 	-0.0820917 	-1.77332 	0.000510181 	-0.116521 	0.000916418 	
2.745	2.17408 	-0.0799366 	-1.77298 	0.000593813 	-0.116528 	0.000858506 	
2.75	2.174 	-0.0810302 	-1.77293 	0.000532095 	-0.116536 	0.000834905 	
2.755	2.17427 	-0.0789265 	-1.77258 	0.000612899 	-0.116542 	0.0007759 	
2.76	2.17418 	-0.0800731 	-1.77253 	0.00054821 	-0.11655 	0.000751152 	
2.765	2.17446 	-0.0779061 	-1.77217 	0.000631309 	-0.116557 	0.000689817 	
2.77	2.17437 	-0.0791046 	-1.77212 	0.000563715 	-0.116565 	0.000663942 	
2.775	2.17435 	-0.0764606 	-1.77124 	0.000618645 	-0.116531 	0.000650092 	
2.78	2.17426 	-0.0777114 	-1.77119 	0.000548131 	-0.11654 	0.000623079 	
2.785	2.17456 	-0.0753974 	-1.7708 	0.000636692 	-0.116547 	0.000556843 	
2.79	2.17447 	-0.0766998 	-1.77075 	0.000563295 	-0.116556 	0.000528708 	
2.795	2.17477 	-0.0743146 	-1.77035 	0.000654499 	-0.116564 	0.000459986 	
2.8	2.17469 	-0.0756712 	-1.77029 	0.00057807 	-0.116574 	0.000430665 	
2.805	2.175 	-0.0732165 	-1.76988 	0.000671835 	-0.116582 	0.000359448 	
2.81	2.17491 	-0.0746277 	-1.76982 	0.000592362 	-0.116591 	0.000328933 	
2.815	2.17523 	-0.0721047 	-1.76939 	0.000688633 	-0.1166 	0.000255224 	
2.82	2.17513 	-0.0735707 	-1.76933 	0.000606103 	-0.11661 	0.000223508 	
2.825	2.17546 	-0.0709807 	-1.76889 	0.000704832 	-0.116619 	0.000147312 	
2.83	2.17537 	-0.0725016 	-1.76883 	0.000619238 	-0.116629 	0.000114389 	
2.835	2.1757 	-0.0698458 	-1.76838 	0.000720379 	-0.116638 	3.57163e-05 	
2.84	2.17584 	-0.0717256 	-1.7687 	0.0006555 	-0.116679 	-3.64042e-05 	
2.845	2.17619 	-0.0690049 	-1.76823 	0.000759054 	-0.116688 	-0.000117557 	
2.85	2.17609 	-0.0706372 	-1.76817 	0.000667256 	-0.1167 	-0.000152934 	
2.855	2.17644 	-0.0678541 	-1.76769 	0.000773068 	-0.116709 	-0.000236572 	
2.86	2.17633 	-0.0695416 	-1.76763 	0.000678204 	-0.116721 	-0.000273167 	
2.865	2.17669 	-0.0666955 	-1.76713 	0.000786332 	-0.11673 	-0.000359237 	
2.87	2.17659 	-0.0684376 	-1.76707 	0.000688428 	-0.116743 	-0.000397041 	
2.875	2.17695 	-0.0655298 	-1.76656 	0.000798828 	-0.116752 	-0.00048553 	
2.88	2.17684 	-0.0673265 	-1.7665 	0.000697896 	-0.116765 	-0.000524543 	
2.885	2.17731 	-0.0644733 	-1.76612 	0.000819773 	-0.116786 	-0.00063002 	
2.89	2.1772 	-0.0663245 	-1.76605 	0.00071582 	-0.116799 	-0.000670242 	
2.895	2.17757 	-0.0632964 	-1.76552 	0.000830661 	-0.116809 	-0.000763533 	
2.9	2.17746 	-0.0652022 	-1.76545 	0.000723681 	-0.116823 	-0.00080497 	
2.905	2.17785 	-0.0621154 	-1.76491 	0.000840695 	-0.116833 	-0.000900626 	
2.91	2.17773 	-0.0640749 	-1.76484 	0.000730742 	-0.116846 	-0.000943261 	
2.915	2.17812 	-0.0609302 	-1.76428 	0.000849905 	-0.116857 	-0.00104126 	
2.92	2.178 	-0.0629365 	-1.7642 	0.000736452 	-0.11687 	-0.00108423 	
2.925	2.17839 	-0.0597349 	-1.76363 	0.000857732 	-0.116881 	-0.00118455 	
2.93	2.17827 	-0.0618009 	-1.76355 	0.000741892 	-0.116895 	-0.00122957 	
2.935	2.17867 	-0.0585434 	-1.76297 	0.000865263 	-0.116906 	-0.00133219 	
2.94	2.17855 	-0.0606622 	-1.7629 	0.000746513 	-0.116921 	-0.00137838 	
2.945	2.17896 	-0.0573497 	-1.7623 	0.000871944 	-0.116931 	-0.00148327 	
2.95	2.17883 	-0.0595208 	-1.76222 	0.00075031 	-0.116947 	-0.00153064 	
2.955	2.17924 	-0.0561544 	-1.76161 	0.000877773 	-0.116958 	-0.00163779 	
2.96	2.17911 	-0.0583774 	-1.76154 	0.000753282 	-0.116973 	-0.00168632 	
2.965	2.17946 	-0.05487 	-1.7608 	0.000875409 	-0.116975 	-0.00178435 	
2.97	2.17933 	-0.0571444 	-1.76072 	0.000748096 	-0.116991 	-0.00183404 	
2.975	2.17975 	-0.0536728 	-1.76009 	0.000879535 	-0.117002 	-0.0019456 	
2.98	2.17962 	-0.0559977 	-1.76001 	0.000749445 	-0.117019 	-0.00199643 	
2.985	2.18004 	-0.052475 	-1.75936 	0.000882833 	-0.11703 	-0.00211016 	
2.99	2.18026 	-0.0516341 	-1.75899 	0.000894486 	-0.117047 	-0.00219812 	
2.995	2.18015 	-0.0541033 	-1.75893 	0.000756432 	-0.117065 	-0.00225223 	
3	2.18052 	-0.0507658 	-1.75827 	0.000881071 	-0.117074 	-0.00236608 	
3.005	2.18073 	-0.0499417 	-1.75788 	0.000891414 	-0.117091 	-0.00245617 	
3.01	2.1806 	-0.0524781 	-1.75781 	0.000749693 	-0.117109 	-0.00251179 	
3.015	2.18097 	-0.0490699 	-1.75713 	0.000877127 	-0.117119 	-0.00262851 	
3.02	2.18118 	-0.0482349 	-1.75674 	0.000887456 	-0.117135 	-0.00272094 	
3.025	2.18106 	-0.0508394 	-1.75667 	0.00074202 	-0.117154 	-0.00277813 	
3.03	2.18143 	-0.0473614 	-1.75597 	0.000872233 	-0.117163 	-0.0028977 	
3.035	2.18138 	-0.046212 	-1.75517 	0.00085598 	-0.11715 	-0.0029523 	
3.04	2.18159 	-0.0456911 	-1.7548 	0.000850754 	-0.117168 	-0.00304656 	
3.045	2.18171 	-0.0451815 	-1.75438 	0.000845056 	-0.117183 	-0.00314069 	
3.05	2.18183 	-0.0446685 	-1.75396 	0.000839417 	-0.117197 	-0.00323539 	
3.055	2.18195 	-0.0441516 	-1.75354 	0.000833847 	-0.117212 	-0.00333074 	
3.06	2.18208 	-0.0436309 	-1.75312 	0.000828339 	-0.117226 	-0.00342674 	
3.065	2.18221 	-0.0431067 	-1.75269 	0.000822874 	-0.117241 	-0.00352339 	
3.07	2.18233 	-0.0425794 	-1.75226 	0.000817436 	-0.117256 	-0.00362069 	
3.075	2.18246 	-0.0420494 	-1.75183 	0.00081201 	-0.117271 	-0.00371865 	
3.08	2.18263 	-0.0415518 	-1.75144 	0.0008097 	-0.117289 	-0.00382191 	
3.085	2.18276 	-0.0410172 	-1.75101 	0.000804261 	-0.117304 	-0.00392117 	
3.09	2.1829 	-0.0404809 	-1.75057 	0.000798789 	-0.117319 	-0.00402109 	
3.095	2.18303 	-0.039943 	-1.75014 	0.000793278 	-0.117334 	-0.00412165 	
3.1	2.18317 	-0.0394038 	-1.74969 	0.000787721 	-0.11735 	-0.00422286 	
3.105	2.18331 	-0.0388634 	-1.74925 	0.000782108 	-0.117365 	-0.00432472 	
3.11	2.18356 	-0.0384367 	-1.74896 	0.000786877 	-0.117392 	-0.00444268 	
3.115	2.1837 	-0.0378947 	-1.74851 	0.00078114 	-0.117407 	-0.00454582 	
3.12	2.18384 	-0.0373525 	-1.74807 	0.000775301 	-0.117423 	-0.0046496 	
3.125	2.18398 	-0.0368102 	-1.74761 	0.000769369 	-0.117438 	-0.00475402 	
3.13	2.18412 	-0.0362676 	-1.74716 	0.00076335 	-0.117454 	-0.00485906 	
3.135	2.18427 	-0.0357251 	-1.74671 	0.000757237 	-0.117469 	-0.00496473 	
3.14	2.18441 	-0.0351826 	-1.74625 	0.000751025 	-0.117485 	-0.00507101 	
3.145	2.18456 	-0.0346405 	-1.74579 	0.000744708 	-0.117501 	-0.00517791 	
3.15	2.1847 	-0.0340987 	-1.74533 	0.000738283 	-0.117517 	-0.00528541 	
3.155	2.18485 	-0.0335576 	-1.74486 	0.000731746 	-0.117532 	-0.00539352 	
3.16	2.18499 	-0.0330171 	-1.7444 	0.000725093 	-0.117548 	-0.00550223 	
3.165	2.18514 	-0.0324775 	-1.74393 	0.000718321 	-0.117564 	-0.00561153 	
3.17	2.18529 	-0.0319388 	-1.74346 	0.000711428 	-0.11758 	-0.00572142 	
3.175	2.18563 	-0.0316088 	-1.74327 	0.000724236 	-0.117617 	-0.00586063 	
3.18	2.18578 	-0.0310721 	-1.7428 	0.000717116 	-0.117633 	-0.00597168 	
3.185	2.18593 	-0.0305374 	-1.74232 	0.000709826 	-0.117648 	-0.00608333 	
3.19	2.18607 	-0.0300043 	-1.74185 	0.000702393 	-0.117664 	-0.00619554 	
3.195	2.18622 	-0.0294724 	-1.74137 	0.000694837 	-0.11768 	-0.00630831 	
3.2	2.18637 	-0.028942 	-1.74089 	0.000687152 	-0.117696 	-0.00642164 	
3.205	2.18651 	-0.0284132 	-1.7404 	0.000679337 	-0.117712 	-0.0065355 	
3.21	2.18666 	-0.027886 	-1.73992 	0.00067139 	-0.117728 	-0.0066499 	
3.215	2.18681 	-0.0273605 	-1.73943 	0.000663311 	-0.117744 	-0.00676484 	
3.22	2.18693 	-0.0268144 	-1.73891 	0.000652891 	-0.117757 	-0.00687714 	
3.225	2.18708 	-0.0262926 	-1.73842 	0.000644542 	-0.117773 	-0.00699312 	
3.23	2.18723 	-0.0257726 	-1.73793 	0.000636062 	-0.117789 	-0.0071096 	
3.235	2.18737 	-0.0252546 	-1.73743 	0.000627447 	-0.117805 	-0.00722659 	
3.24	2.18752 	-0.0247388 	-1.73694 	0.000618696 	-0.117821 	-0.00734408 	
3.245	2.18767 	-0.0242251 	-1.73644 	0.000609808 	-0.117837 	-0.00746206 	
3.25	2.18781 	-0.0237136 	-1.73594 	0.000600783 	-0.117852 	-0.00758052 	
3.255	2.18796 	-0.0232045 	-1.73544 	0.00059162 	-0.117868 	-0.00769945 	
3.26	2.18811 	-0.0226977 	-1.73494 	0.00058232 	-0.117884 	-0.00781886 	
3.265	2.18825 	-0.0221933 	-1.73443 	0.000572883 	-0.1179 	-0.00793873 	
3.27	2.1881 	-0.0214008 	-1.73351 	0.000533526 	-0.117886 	-0.00801722 	
3.275	2.18824 	-0.0209017 	-1.733 	0.000523778 	-0.117902 	-0.00813797 	
3.28	2.18839 	-0.0204041 	-1.73249 	0.000513953 	-0.117918 	-0.00825914 	
3.285	2.18853 	-0.0199088 	-1.73198 	0.000504011 	-0.117933 	-0.00838073 	
3.29	2.18868 	-0.0194165 	-1.73147 	0.000493921 	-0.117949 	-0.00850276 	
3.295	2.18882 	-0.0189269 	-1.73095 	0.000483689 	-0.117965 	-0.0086252 	
3.3	2.18896 	-0.0184403 	-1.73044 	0.000473315 	-0.11798 	-0.00874805 	
3.305	2.18911 	-0.0179565 	-1.72992 	0.0004628 	-0.117996 	-0.0088713 	
3.31	2.18925 	-0.0174758 	-1.72941 	0.000452145 	-0.118011 	-0.00899495 	
3.315	2.18939 	-0.016998 	-1.72889 	0.000441352 	-0.118026 	-0.00911898 	
3.32	2.18977 	-0.0167469 	-1.7287 	0.000454272 	-0.118064 	-0.00927634 	
3.325	2.18991 	-0.0162751 	-1.72818 	0.000443231 	-0.118079 	-0.00940113 	
3.33	2.19005 	-0.0158071 	-1.72766 	0.000432007 	-0.118095 	-0.0095263 	
3.335	2.19019 	-0.0153426 	-1.72714 	0.000420631 	-0.11811 	-0.00965183 	
3.34	2.19033 	-0.0148812 	-1.72661 	0.000409129 	-0.118125 	-0.0097777 	
3.345	2.19047 	-0.0144228 	-1.72609 	0.000397499 	-0.11814 	-0.0099039 	
3.35	2.19061 	-0.0139677 	-1.72556 	0.000385739 	-0.118154 	-0.0100304 	
3.355	2.19074 	-0.0135158 	-1.72504 	0.00037385 	-0.118169 	-0.0101573 	
3.36	2.19088 	-0.0130671 	-1.72451 	0.000361834 	-0.118184 	-0.0102844 	
3.365	2.19102 	-0.0126218 	-1.72398 	0.00034969 	-0.118199 	-0.0104119 	
3.37	2.19092 	-0.0119698 	-1.72314 	0.000314129 	-0.118192 	-0.010508 	
3.375	2.19105 	-0.0115307 	-1.72261 	0.000301748 	-0.118207 	-0.010636 	
3.38	2.19119 	-0.0110947 	-1.72208 	0.000289257 	-0.118221 	-0.0107643 	
3.385	2.19132 	-0.0106624 	-1.72155 	0.000276631 	-0.118236 	-0.0108928 	
3.39	2.19146 	-0.0102337 	-1.72102 	0.000263876 	-0.11825 	-0.0110216 	
3.395	2.19159 	-0.00980862 	-1.72048 	0.000250992 	-0.118264 	-0.0111507 	
3.4	2.19172 	-0.00938717 	-1.71995 	0.000237979 	-0.118279 	-0.01128 	
3.405	2.19185 	-0.00896938 	-1.71942 	0.00022484 	-0.118293 	-0.0114096 	
3.41	2.19198 	-0.00855531 	-1.71888 	0.000211574 	-0.118307 	-0.0115394 	
3.415	2.19212 	-0.00814496 	-1.71835 	0.000198183 	-0.11832 	-0.0116694 	
3.42	2.19228 	-0.00777092 	-1.71786 	0.000188435 	-0.118338 	-0.0118046 	
3.425	2.19241 	-0.00736808 	-1.71733 	0.000174799 	-0.118351 	-0.011935 	
3.43	2.19254 	-0.00696918 	-1.71679 	0.000161033 	-0.118365 	-0.0120656 	
3.435	2.19267 	-0.00657416 	-1.71626 	0.000147141 	-0.118378 	-0.0121964 	
3.44	2.19279 	-0.00618299 	-1.71572 	0.000133129 	-0.118392 	-0.0123273 	
3.445	2.19325 	-0.00607516 	-1.71562 	0.000152035 	-0.118433 	-0.0125023 	
3.45	2.19338 	-0.0056914 	-1.71509 	0.00013782 	-0.118446 	-0.0126336 	
3.455	2.1935 	-0.00531267 	-1.71455 	0.000123424 	-0.118459 	-0.0127651 	
3.46	2.19362 	-0.00493827 	-1.71402 	0.000108888 	-0.118472 	-0.0128967 	
3.465	2.19375 	-0.00456762 	-1.71348 	9.42461e-05 	-0.118485 	-0.0130284 	
3.47	2.19387 	-0.00420088 	-1.71294 	7.94933e-05 	-0.118497 	-0.0131603 	
3.475	2.19399 	-0.00383807 	-1.71241 	6.46294e-05 	-0.11851 	-0.0132922 	
3.48	2.19411 	-0.00347924 	-1.71187 	4.96546e-05 	-0.118522 	-0.0134243 	
3.485	2.19423 	-0.00312441 	-1.71133 	3.4569e-05 	-0.118535 	-0.0135565 	
3.49	2.19435 	-0.00277361 	-1.7108 	1.93727e-05 	-0.118547 	-0.0136887 	
3.495	2.19447 	-0.00242687 	-1.71026 	4.06602e-06 	-0.118559 	-0.013821 	
3.5	2.19418 	-0.00175326 	-1.70919 	-5.23496e-05 	-0.118538 	-0.0139 	
3.505	2.19429 	-0.00141523 	-1.70865 	-6.79208e-05 	-0.11855 	-0.0140324 	
3.51	2.19441 	-0.00108001 	-1.70812 	-8.35259e-05 	-0.118562 	-0.0141648 	
3.515	2.19453 	-0.000748523 	-1.70758 	-9.92151e-05 	-0.118574 	-0.0142973 	
3.52	2.19464 	-0.000421511 	-1.70704 	-0.000115029 	-0.118585 	-0.0144298 	
3.525	2.19476 	-9.88613e-05 	-1.70651 	-0.000130959 	-0.118597 	-0.0145624 	
3.53	2.19487 	0.000219413 	-1.70597 	-0.000147005 	-0.118608 	-0.014695 	
3.535	2.19498 	0.000533297 	-1.70544 	-0.000163167 	-0.118619 	-0.0148275 	
3.54	2.19509 	0.000842778 	-1.7049 	-0.000179442 	-0.118631 	-0.0149601 	
3.545	2.19571 	0.000757573 	-1.70502 	-0.000145582 	-0.118681 	-0.0151573 	
3.55	2.19582 	0.0010588 	-1.70448 	-0.000162033 	-0.118692 	-0.0152899 	
3.555	2.19593 	0.00135397 	-1.70395 	-0.000178689 	-0.118702 	-0.0154225 	
3.56	2.19604 	0.00164415 	-1.70342 	-0.000195486 	-0.118713 	-0.015555 	
3.565	2.19614 	0.0019302 	-1.70289 	-0.000212376 	-0.118723 	-0.0156875 	
3.57	2.19625 	0.00221193 	-1.70236 	-0.000229368 	-0.118733 	-0.01582 	
3.575	2.19636 	0.00248931 	-1.70183 	-0.00024646 	-0.118743 	-0.0159523 	
3.58	2.19646 	0.00276232 	-1.7013 	-0.000263654 	-0.118753 	-0.0160846 	
3.585	2.19657 	0.00303093 	-1.70078 	-0.000280949 	-0.118763 	-0.0162168 	
3.59	2.19654 	0.00339374 	-1.70008 	-0.000311545 	-0.118763 	-0.0163322 	
3.595	2.19664 	0.00365335 	-1.69956 	-0.000329055 	-0.118773 	-0.0164642 	
3.6	2.19674 	0.00390891 	-1.69903 	-0.000346643 	-0.118782 	-0.0165961 	
3.605	2.19684 	0.00416013 	-1.69851 	-0.000364324 	-0.118792 	-0.0167279 	
3.61	2.19694 	0.00440676 	-1.69798 	-0.000382111 	-0.118801 	-0.0168595 	
3.615	2.19704 	0.00464885 	-1.69746 	-0.000400001 	-0.11881 	-0.0169911 	
3.62	2.19714 	0.00488636 	-1.69694 	-0.000417994 	-0.118819 	-0.0171224 	
3.625	2.19724 	0.00511928 	-1.69642 	-0.00043609 	-0.118828 	-0.0172537 	
3.63	2.19734 	0.00534761 	-1.6959 	-0.000454288 	-0.118837 	-0.0173847 	
3.635	2.19743 	0.00557133 	-1.69538 	-0.000472588 	-0.118845 	-0.0175156 	
3.64	2.19753 	0.00579043 	-1.69486 	-0.000490991 	-0.118854 	-0.0176464 	
3.645	2.19762 	0.00600489 	-1.69435 	-0.000509494 	-0.118862 	-0.0177769 	
3.65	2.19735 	0.0064725 	-1.69338 	-0.000564441 	-0.118844 	-0.0178618 	
3.655	2.19746 	0.00667973 	-1.69288 	-0.000583138 	-0.118852 	-0.017992 	
3.66	1.97309 	-0.0357546 	-1.1251 	0.0101248 	-0.0941226 	-0.0171301 	
3.665	1.31599 	-0.16257 	0.535618 	0.0413424 	-0.0216664 	-0.0143149 	
3.67	1.16169 	-0.193391 	0.939419 	0.0489389 	-0.00423963 	-0.0139496 	
3.675	0.580876 	-0.306749 	2.4467 	0.0774994 	0.0609438 	-0.0120936 	
3.68	0.476132 	-0.327526 	2.71928 	0.082366 	0.0730153 	-0.0118768 	
3.685	-0.0670113 	-0.429127 	4.12248 	0.108488 	0.134509 	-0.0101599 	
3.69	0.0755574 	-0.403433 	3.71822 	0.100461 	0.117491 	-0.0104742 	
3.695	-0.0454711 	-0.424329 	3.94846 	0.104917 	0.12895 	-0.00959362 	
3.7	-0.502669 	-0.52697 	5.22174 	0.130205 	0.184458 	-0.00887397 	
3.705	-0.359058 	-0.496529 	4.76558 	0.120976 	0.165656 	-0.00881645 	
3.71	-0.333821 	-0.473731 	4.44276 	0.114089 	0.154672 	-0.00713225 	
3.715	-0.205403 	-0.446731 	4.04641 	0.106123 	0.13819 	-0.00719714 	
3.72	-0.199029 	-0.427266 	3.78331 	0.10047 	0.129635 	-0.00556801 	
3.725	-0.0329809 	-0.397566 	3.39395 	0.0930566 	0.112213 	-0.00685168 	
3.73	0.106957 	-0.350173 	3.06147 	0.0880628 	0.0974116 	-0.0101901 	
3.735	0.211686 	-0.282214 	2.79513 	0.0855523 	0.0858062 	-0.0154857 	
3.74	0.325685 	-0.233785 	2.52124 	0.0818259 	0.0736509 	-0.0189641 	
3.745	0.414905 	-0.173288 	2.29469 	0.0798257 	0.0637719 	-0.0237026 	
3.75	0.469602 	-0.1524 	2.08447 	0.0758929 	0.0553901 	-0.0239916 	
3.755	0.412508 	-0.153396 	1.97805 	0.0728023 	0.053659 	-0.0210324 	
3.76	0.474472 	-0.14841 	1.77342 	0.0681941 	0.0452017 	-0.0200327 	
3.765	0.411092 	-0.149841 	1.69529 	0.0657743 	0.0445534 	-0.017297 	
3.77	0.470439 	-0.145128 	1.51396 	0.0617351 	0.0369132 	-0.0165512 	
3.775	0.400531 	-0.146405 	1.4614 	0.0598041 	0.0372669 	-0.0138959 	
3.78	0.347774 	-0.173536 	1.75447 	0.0652072 	0.0487068 	-0.0142357 	
3.785	-0.0487883 	-0.269803 	3.05772 	0.0900858 	0.10389 	-0.0143846 	
3.79	0.107636 	-0.255167 	2.73338 	0.0835167 	0.0886768 	-0.0149327 	
3.795	0.260472 	-0.239872 	2.41043 	0.0770096 	0.0735866 	-0.0154528 	
3.8	0.402159 	-0.225372 	2.11119 	0.0709992 	0.0595914 	-0.0159491 	
3.805	0.53351 	-0.211633 	1.8339 	0.0654476 	0.0466117 	-0.0164228 	
3.81	0.655221 	-0.198587 	1.57704 	0.0603137 	0.0345775 	-0.0168681 	
3.815	0.768106 	-0.186274 	1.33897 	0.0555769 	0.0234133 	-0.0173002 	
3.82	0.872756 	-0.174628 	1.11838 	0.0512013 	0.0130593 	-0.0177132 	
3.825	0.969772 	-0.163616 	0.91399 	0.0471593 	0.00345676 	-0.0181081 	
3.83	1.05971 	-0.153211 	0.724607 	0.0434253 	-0.00544877 	-0.0184858 	
3.835	1.14308 	-0.143383 	0.549133 	0.0399756 	-0.0137079 	-0.0188474 	
3.84	1.22038 	-0.134105 	0.38655 	0.0367886 	-0.0213674 	-0.0191936 	
3.845	1.29203 	-0.12535 	0.235913 	0.0338441 	-0.0284709 	-0.0195254 	
3.85	1.35845 	-0.117091 	0.0963451 	0.0311234 	-0.0350587 	-0.0198435 	
3.855	1.42003 	-0.109303 	-0.0329581 	0.028609 	-0.0411679 	-0.0201481 	
3.86	1.47711 	-0.101965 	-0.152761 	0.0262861 	-0.0468337 	-0.0204411 	
3.865	1.53003 	-0.0950538 	-0.263755 	0.0241393 	-0.0520882 	-0.0207226 	
3.87	1.57909 	-0.0885459 	-0.366585 	0.0221554 	-0.056961 	-0.0209932 	
3.875	1.62457 	-0.0824206 	-0.46185 	0.0203217 	-0.06148 	-0.0212536 	
3.88	1.66673 	-0.0766579 	-0.550104 	0.0186267 	-0.0656708 	-0.0215042 	
3.885	1.70582 	-0.0712386 	-0.631862 	0.0170599 	-0.0695572 	-0.0217457 	
3.89	1.74205 	-0.0661442 	-0.7076 	0.0156113 	-0.0731613 	-0.0219785 	
3.895	1.77564 	-0.0613574 	-0.777759 	0.014272 	-0.0765036 	-0.0222031 	
3.9	1.80773 	-0.057411 	-0.843873 	0.0131289 	-0.079658 	-0.0225324 	
3.905	1.8366 	-0.0531891 	-0.904073 	0.0119835 	-0.0825321 	-0.022742 	
3.91	1.86336 	-0.04923 	-0.959835 	0.0109239 	-0.0851974 	-0.0229448 	
3.915	1.88817 	-0.0455172 	-1.01148 	0.00994367 	-0.0876689 	-0.0231411 	
3.92	1.91117 	-0.0420358 	-1.05932 	0.0090367 	-0.0899608 	-0.0233312 	
3.925	1.93249 	-0.038773 	-1.10362 	0.0081974 	-0.0920861 	-0.0235154 	
3.93	1.95226 	-0.0357166 	-1.14465 	0.00742056 	-0.0940569 	-0.0236941 	
3.935	1.96997 	-0.0325097 	-1.18193 	0.00663982 	-0.0958499 	-0.0237956 	
3.94	1.98695 	-0.0298322 	-1.21711 	0.00597388 	-0.0975447 	-0.0239642 	
3.945	2.0027 	-0.0273262 	-1.24969 	0.0053572 	-0.0991163 	-0.024128 	
3.95	2.0173 	-0.0249829 	-1.27986 	0.00478594 	-0.100574 	-0.0242874 	
3.955	2.03084 	-0.0227941 	-1.30779 	0.00425655 	-0.101925 	-0.0244426 	
3.96	2.04339 	-0.0207506 	-1.33365 	0.00376585 	-0.103178 	-0.0245938 	
3.965	2.05494 	-0.018848 	-1.35751 	0.00331218 	-0.104335 	-0.02474 	
3.97	2.04093 	-0.0182229 	-1.35697 	0.00327895 	-0.10395 	-0.0245138 	
3.975	1.97885 	-0.0201057 	-1.31155 	0.00401857 	-0.100699 	-0.0235833 	
3.98	1.73784 	-0.0450422 	-0.777609 	0.0137505 	-0.0774253 	-0.0227037 	
3.985	1.00806 	-0.116854 	0.843379 	0.0434928 	-0.00650527 	-0.0197047 	
3.99	1.14985 	-0.133003 	0.892098 	0.044341 	-0.00876782 	-0.0222795 	
3.995	1.35201 	-0.172234 	1.35887 	0.0538972 	0.00061395 	-0.0296461 	
4	1.19817 	-0.194297 	1.76864 	0.0611039 	0.0177218 	-0.0291559 	
4.005	0.424875 	-0.298929 	3.3664 	0.0885092 	0.0888274 	-0.0220584 	
4.01	0.202227 	-0.360382 	3.94592 	0.0985507 	0.112836 	-0.019309 	
4.015	0.546256 	-0.33578 	3.63256 	0.0935116 	0.0939893 	-0.0255475 	
4.02	0.891126 	-0.315401 	3.35473 	0.0891371 	0.0761324 	-0.0317969 	
4.025	1.19324 	-0.296597 	3.08846 	0.0849322 	0.0596448 	-0.0371352 	
4.03	1.45982 	-0.274235 	2.83574 	0.0808171 	0.0447243 	-0.041834 	
4.035	1.72258 	-0.267967 	2.81199 	0.0806394 	0.0370317 	-0.047452 	
4.04	1.88954 	-0.282022 	3.18822 	0.0874475 	0.0448484 	-0.0534455 	
4.045	1.63677 	-0.303129 	3.44024 	0.0909696 	0.0596823 	-0.0489928 	
4.05	0.74778 	-0.397674 	4.68147 	0.110315 	0.123496 	-0.035669 	
4.055	0.53427 	-0.434639 	4.91565 	0.11295 	0.13651 	-0.0304983 	
4.06	0.116631 	-0.484049 	5.84673 	0.12876 	0.177523 	-0.0277189 	
4.065	0.217942 	-0.485611 	5.45915 	0.120722 	0.162251 	-0.0254012 	
4.07	0.334684 	-0.431355 	4.97649 	0.112945 	0.143955 	-0.0272761 	
4.075	0.461552 	-0.394326 	4.50411 	0.104929 	0.125403 	-0.0279418 	
4.08	0.559394 	-0.345342 	4.09263 	0.098423 	0.10984 	-0.0296936 	
4.085	0.670491 	-0.315058 	3.68413 	0.0914309 	0.0937381 	-0.0301578 	
4.09	0.755068 	-0.272504 	3.33025 	0.0858659 	0.0803271 	-0.0316688 	
4.095	0.851641 	-0.247393 	2.97783 	0.0798008 	0.0664004 	-0.0320096 	
4.1	0.922153 	-0.208643 	2.67675 	0.0751433 	0.0550203 	-0.0334114 	
4.105	1.00601 	-0.187928 	2.37274 	0.0698789 	0.0429775 	-0.0336507 	
4.11	1.06629 	-0.154226 	2.11424 	0.0659343 	0.0332063 	-0.0348849 	
4.115	1.13872 	-0.136688 	1.85271 	0.0613984 	0.0228283 	-0.0350893 	
4.12	1.2149 	-0.103417 	1.63835 	0.0583742 	0.0140531 	-0.0370734 	
4.125	1.38644 	-0.0958156 	1.4054 	0.0541236 	0.00197662 	-0.0387835 	
4.13	1.53316 	-0.0868729 	1.18814 	0.0502188 	-0.00883505 	-0.0401538 	
4.135	1.71786 	-0.0797207 	0.991084 	0.0466916 	-0.0200899 	-0.0424932 	
4.14	1.83837 	-0.0709486 	0.804723 	0.0433111 	-0.0292387 	-0.0435268 	
4.145	2.03328 	-0.0639423 	0.638412 	0.0404087 	-0.0397596 	-0.0464049 	
4.15	2.08889 	-0.057146 	0.474576 	0.0373492 	-0.0465016 	-0.0461587 	
4.155	2.22714 	-0.0523925 	0.329353 	0.034725 	-0.0548626 	-0.0479281 	
4.16	2.26871 	-0.0460985 	0.188212 	0.0321016 	-0.0605116 	-0.0475873 	
4.165	2.39407 	-0.042137 	0.0640155 	0.0298557 	-0.0678525 	-0.049265 	
4.17	2.42345 	-0.0363344 	-0.057646 	0.0276036 	-0.0725591 	-0.0488392 	
4.175	2.53747 	-0.0330885 	-0.163813 	0.0256803 	-0.0790164 	-0.0504305 	
4.18	2.55656 	-0.0278109 	-0.268875 	0.023757 	-0.0829203 	-0.0499462 	
4.185	2.66288 	-0.025136 	-0.35939 	0.0221171 	-0.0886661 	-0.0515115 	
4.19	2.68115 	-0.0200023 	-0.449284 	0.0204823 	-0.0920615 	-0.0511463 	
4.195	2.78532 	-0.0176923 	-0.525992 	0.0191011 	-0.0972997 	-0.0527946 	
4.2	2.78649 	-0.0132371 	-0.604312 	0.0176627 	-0.0998776 	-0.0521517 	
4.205	2.87497 	-0.0116657 	-0.670287 	0.0164524 	-0.104357 	-0.0535418 	
4.21	2.86993 	-0.0077068 	-0.73824 	0.015232 	-0.106435 	-0.05288 	
4.215	2.95602 	-0.00645148 	-0.794098 	0.014208 	-0.11052 	-0.0543103 	
4.22	2.92346 	-0.0030997 	-0.85447 	0.0130704 	-0.111641 	-0.0530969 	
4.225	2.90504 	0.00224273 	-0.881355 	0.0127248 	-0.112028 	-0.0530603 	
4.23	2.82374 	0.0643787 	-0.670024 	0.0194474 	-0.102703 	-0.058715 	
4.235	2.69132 	0.222717 	-0.00913681 	0.0390301 	-0.0768929 	-0.0764074 	
4.24	2.57358 	0.335873 	0.443098 	0.0526434 	-0.0584411 	-0.0882344 	
4.245	2.67232 	0.321912 	0.351391 	0.0502532 	-0.0640627 	-0.0882413 	
4.25	3.05544 	0.304259 	0.239291 	0.0473823 	-0.0776975 	-0.0931279 	
4.255	3.09698 	0.282175 	0.109573 	0.0438947 	-0.0831618 	-0.0909411 	
4.26	3.18992 	0.266835 	-0.00636437 	0.0410271 	-0.0894446 	-0.0902802 	
4.265	3.25027 	0.248178 	-0.115811 	0.0380986 	-0.0947194 	-0.0889792 	
4.27	3.32108 	0.232292 	-0.216041 	0.0354775 	-0.09995 	-0.0882212 	
4.275	3.35676 	0.221957 	-0.310656 	0.0331101 	-0.104024 	-0.0867865 	
4.28	3.45719 	0.205861 	-0.393718 	0.0308331 	-0.109468 	-0.0867855 	
4.285	3.45741 	0.191207 	-0.477734 	0.0285009 	-0.112319 	-0.0848175 	
4.29	3.5194 	0.185692 	-0.550176 	0.0268 	-0.11634 	-0.0845458 	
4.295	3.54227 	0.171448 	-0.620927 	0.0247982 	-0.119341 	-0.0832516 	
4.3	3.59071 	0.159458 	-0.684196 	0.0230542 	-0.122752 	-0.0827471 	
4.305	3.58963 	0.153523 	-0.745863 	0.0215188 	-0.12478 	-0.0812818 	
4.31	3.67928 	0.14364 	-0.797537 	0.020169 	-0.128869 	-0.0819684 	
4.315	3.5127 	0.321972 	-0.328381 	0.00453165 	-0.0935001 	-0.0819147 	
4.32	3.11157 	0.86773 	1.18545 	-0.0387691 	0.0129352 	-0.0859707 	
4.325	2.87115 	1.0307 	1.62685 	-0.0478909 	0.0461194 	-0.0953486 	
4.33	2.31345 	1.56402 	3.18352 	-0.0770302 	0.152956 	-0.125057 	
4.335	2.19638 	1.61826 	3.35658 	-0.0848903 	0.168061 	-0.121145 	
4.34	1.92556 	1.96312 	4.43298 	-0.114786 	0.243036 	-0.123003 	
4.345	1.70876 	1.9649 	4.8517 	-0.114093 	0.271293 	-0.116589 	
4.35	1.48736 	1.73198 	5.47282 	-0.0862294 	0.301085 	-0.10602 	
4.355	1.56315 	1.53602 	5.50617 	-0.0685485 	0.29523 	-0.104579 	
4.36	1.34515 	1.47078 	6.08856 	-0.0560891 	0.327128 	-0.101861 	
4.365	1.19861 	1.51105 	6.36271 	-0.0610345 	0.34669 	-0.0970968 	
4.37	0.981788 	1.40625 	6.87796 	-0.0469399 	0.372794 	-0.0908378 	
4.375	1.06146 	1.36657 	6.89894 	-0.0452866 	0.37246 	-0.0919748 	
4.38	0.885375 	1.49018 	7.50347 	-0.0530651 	0.412716 	-0.0924803 	
4.385	0.776279 	1.43133 	7.60677 	-0.0490223 	0.419626 	-0.0836208 	
4.39	0.636742 	1.6377 	8.21707 	-0.0690723 	0.463163 	-0.0809818 	
4.395	0.743038 	1.408 	8.00869 	-0.0479505 	0.44242 	-0.0800164 	
4.4	0.703724 	1.11783 	8.23504 	-0.0158661 	0.444016 	-0.0771239 	
4.405	0.656079 	0.958512 	8.16369 	-0.00232574 	0.436357 	-0.0697251 	
4.41	0.563823 	0.835065 	8.45583 	0.00819061 	0.449869 	-0.0605309 	
4.415	0.669813 	0.702183 	8.07836 	0.0166227 	0.424017 	-0.0592513 	
4.42	0.733331 	0.423152 	8.42484 	0.0473762 	0.429513 	-0.0604872 	
4.425	0.727503 	0.372914 	8.11451 	0.0548125 	0.408036 	-0.0603056 	
4.43	0.578618 	0.343012 	8.50237 	0.0776883 	0.416698 	-0.0655297 	
4.435	0.606712 	0.293917 	8.24656 	0.0783377 	0.400207 	-0.0611239 	
4.44	0.472165 	0.23672 	8.61697 	0.0963602 	0.410415 	-0.061814 	
4.445	0.489842 	0.0802283 	8.40872 	0.102165 	0.395787 	-0.0488957 	
4.45	0.361667 	-0.214324 	8.97039 	0.127327 	0.415266 	-0.0229849 	
4.455	0.450184 	-0.286308 	8.58689 	0.127673 	0.392669 	-0.0187673 	
4.46	0.433489 	-0.520865 	9.03384 	0.148378 	0.405427 	-0.00539201 	
4.465	0.452592 	-0.511286 	8.65382 	0.147287 	0.384686 	-0.00803138 	
4.47	0.242054 	-0.651604 	9.14936 	0.166007 	0.403091 	-0.0025958 	
