0	2.05657 	-0.0912891 	-1.56994 	0.000281024 	-0.0992392 	0.00439866 	
0.005	2.05657 	-0.0912885 	-1.56993 	0.00028106 	-0.0992392 	0.00439868 	
0.01	2.05657 	-0.0912878 	-1.56993 	0.000281094 	-0.0992393 	0.0043987 	
0.015	2.05657 	-0.0912873 	-1.56993 	0.000281125 	-0.0992393 	0.00439871 	
0.02	2.05657 	-0.0912867 	-1.56993 	0.000281153 	-0.0992393 	0.00439873 	
0.025	2.05657 	-0.0912862 	-1.56993 	0.000281179 	-0.0992393 	0.00439874 	
0.03	2.05657 	-0.0912856 	-1.56993 	0.000281201 	-0.0992394 	0.00439875 	
0.035	2.05658 	-0.0912851 	-1.56993 	0.000281221 	-0.0992395 	0.00439876 	
0.04	2.05658 	-0.0912844 	-1.56993 	0.00028123 	-0.0992396 	0.00439877 	
0.045	2.05658 	-0.0912839 	-1.56992 	0.000281244 	-0.0992398 	0.00439877 	
0.05	2.05658 	-0.0912833 	-1.56992 	0.000281254 	-0.09924 	0.00439876 	
0.055	2.05658 	-0.0912826 	-1.56991 	0.000281261 	-0.0992402 	0.00439875 	
0.06	2.05659 	-0.091282 	-1.56991 	0.000281265 	-0.0992405 	0.00439874 	
0.065	2.05659 	-0.0912813 	-1.5699 	0.000281265 	-0.0992409 	0.00439872 	
0.07	2.05685 	-0.0916065 	-1.57025 	0.000306725 	-0.0992739 	0.00436293 	
0.075	2.05686 	-0.0916057 	-1.57024 	0.000306718 	-0.0992744 	0.0043629 	
0.08	2.05686 	-0.0916049 	-1.57023 	0.000306707 	-0.0992749 	0.00436287 	
0.085	2.05687 	-0.091604 	-1.57022 	0.000306693 	-0.0992756 	0.00436283 	
0.09	2.05688 	-0.091603 	-1.5702 	0.000306675 	-0.0992762 	0.00436278 	
0.095	2.05688 	-0.0916019 	-1.57019 	0.000306652 	-0.099277 	0.00436273 	
0.1	2.05689 	-0.0916008 	-1.57017 	0.000306626 	-0.0992779 	0.00436267 	
0.105	2.0569 	-0.0915996 	-1.57015 	0.000306596 	-0.0992788 	0.00436261 	
0.11	2.05692 	-0.0915984 	-1.57013 	0.000306562 	-0.0992798 	0.00436254 	
0.115	2.05693 	-0.091597 	-1.57011 	0.000306524 	-0.0992809 	0.00436246 	
0.12	2.05694 	-0.0915956 	-1.57009 	0.000306482 	-0.099282 	0.00436238 	
0.125	2.05695 	-0.0915941 	-1.57007 	0.000306436 	-0.0992833 	0.00436229 	
0.13	2.05644 	-0.0909198 	-1.5693 	0.000253838 	-0.0992174 	0.004436 	
0.135	2.05646 	-0.0909182 	-1.56927 	0.000253784 	-0.0992188 	0.0044359 	
0.14	2.05648 	-0.0909164 	-1.56924 	0.000253726 	-0.0992203 	0.00443579 	
0.145	2.05649 	-0.0909145 	-1.56921 	0.000253664 	-0.0992219 	0.00443567 	
0.15	2.05651 	-0.0909126 	-1.56918 	0.000253598 	-0.0992236 	0.00443555 	
0.155	2.05653 	-0.0909106 	-1.56914 	0.000253527 	-0.0992254 	0.00443542 	
0.16	2.05655 	-0.0909084 	-1.56911 	0.000253453 	-0.0992273 	0.00443528 	
0.165	2.05656 	-0.0908844 	-1.56905 	0.000251673 	-0.0992271 	0.00443753 	
0.17	2.05488 	-0.0894641 	-1.57148 	0.000319385 	-0.0992326 	0.00442919 	
0.175	2.05523 	-0.0895335 	-1.57161 	0.000315612 	-0.0992478 	0.00442802 	
0.18	2.0555 	-0.0896117 	-1.57164 	0.000311212 	-0.099261 	0.00442639 	
0.185	2.05566 	-0.0896758 	-1.57161 	0.000307472 	-0.0992706 	0.00442481 	
0.19	2.05582 	-0.089735 	-1.57158 	0.000303994 	-0.0992798 	0.00442334 	
0.195	2.05597 	-0.0897895 	-1.57154 	0.00030076 	-0.0992885 	0.00442195 	
0.2	2.05611 	-0.0898397 	-1.5715 	0.000297751 	-0.0992969 	0.00442064 	
0.205	2.05624 	-0.0898859 	-1.57145 	0.00029495 	-0.099305 	0.0044194 	
0.21	2.05637 	-0.0899284 	-1.57141 	0.000292343 	-0.0993128 	0.00441824 	
0.215	2.05649 	-0.0899675 	-1.57136 	0.000289914 	-0.0993203 	0.00441713 	
0.22	2.05661 	-0.0900034 	-1.57131 	0.00028765 	-0.0993276 	0.00441609 	
0.225	2.05672 	-0.0900363 	-1.57125 	0.000285539 	-0.0993347 	0.0044151 	
0.23	2.0555 	-0.0891175 	-1.574 	0.000379349 	-0.0993846 	0.00436299 	
0.235	2.05591 	-0.0892135 	-1.57409 	0.000373985 	-0.0994035 	0.00436112 	
0.24	2.05624 	-0.0893158 	-1.57411 	0.000368137 	-0.0994205 	0.00435884 	
0.245	2.05647 	-0.0894026 	-1.57406 	0.000363035 	-0.0994339 	0.00435666 	
0.25	2.05669 	-0.0894827 	-1.57401 	0.000358292 	-0.0994466 	0.00435461 	
0.255	2.05689 	-0.0895565 	-1.57395 	0.000353882 	-0.0994588 	0.00435268 	
0.26	2.05675 	-0.0891927 	-1.57341 	0.000316072 	-0.0994273 	0.00439838 	
0.265	2.05693 	-0.0892553 	-1.57335 	0.000312256 	-0.0994384 	0.00439667 	
0.27	2.05711 	-0.0893129 	-1.57329 	0.000308703 	-0.0994491 	0.00439506 	
0.275	2.05727 	-0.0893659 	-1.57322 	0.000305395 	-0.0994595 	0.00439354 	
0.28	2.05572 	-0.0880065 	-1.57563 	0.000370376 	-0.0994729 	0.00438472 	
0.285	2.0562 	-0.0881238 	-1.57573 	0.000363761 	-0.0994958 	0.00438233 	
0.29	2.05659 	-0.0882462 	-1.57573 	0.000356716 	-0.0995162 	0.00437953 	
0.295	2.05687 	-0.0883508 	-1.57567 	0.00035053 	-0.0995325 	0.00437684 	
0.3	2.05713 	-0.0884473 	-1.5756 	0.000344781 	-0.0995481 	0.00437433 	
0.305	2.05738 	-0.0885362 	-1.57553 	0.000339436 	-0.099563 	0.00437196 	
0.31	2.05787 	-0.088935 	-1.5758 	0.000359198 	-0.0996089 	0.00433482 	
0.315	2.05809 	-0.0890104 	-1.57572 	0.000354573 	-0.0996225 	0.00433272 	
0.32	2.05667 	-0.0877496 	-1.578 	0.000414898 	-0.0996387 	0.00432411 	
0.325	2.05718 	-0.0878822 	-1.57807 	0.000407338 	-0.0996636 	0.00432126 	
0.33	2.0576 	-0.0880183 	-1.57806 	0.000399446 	-0.0996863 	0.00431804 	
0.335	2.05792 	-0.088136 	-1.57798 	0.000392454 	-0.0997048 	0.00431497 	
0.34	2.05822 	-0.0882446 	-1.5779 	0.000385955 	-0.0997226 	0.00431209 	
0.345	2.0585 	-0.0883446 	-1.57781 	0.000379913 	-0.0997395 	0.00430938 	
0.35	2.05863 	-0.0882568 	-1.57753 	0.000360251 	-0.0997376 	0.0043267 	
0.355	2.05888 	-0.0883417 	-1.57743 	0.000355026 	-0.0997531 	0.0043243 	
0.36	2.05731 	-0.0869512 	-1.57996 	0.000421929 	-0.0997717 	0.00431514 	
0.365	2.0579 	-0.0871005 	-1.58005 	0.000413399 	-0.0998002 	0.00431193 	
0.37	2.05838 	-0.087253 	-1.58004 	0.000404532 	-0.0998258 	0.00430828 	
0.375	2.05874 	-0.0873845 	-1.57995 	0.000396692 	-0.0998466 	0.00430479 	
0.38	2.05907 	-0.0875057 	-1.57985 	0.000389406 	-0.0998665 	0.00430152 	
0.385	2.05939 	-0.0876175 	-1.57975 	0.000382634 	-0.0998854 	0.00429845 	
0.39	2.05969 	-0.0877204 	-1.57965 	0.000376337 	-0.0999036 	0.00429556 	
0.395	2.05838 	-0.0866233 	-1.58238 	0.000459502 	-0.0999484 	0.00426006 	
0.4	2.059 	-0.0867865 	-1.58245 	0.000450119 	-0.0999789 	0.00425642 	
0.405	2.05951 	-0.0869516 	-1.58243 	0.00044047 	-0.100006 	0.00425238 	
0.41	2.0599 	-0.087095 	-1.58232 	0.000431896 	-0.100029 	0.00424853 	
0.415	2.06026 	-0.0872271 	-1.58222 	0.000423929 	-0.100051 	0.00424491 	
0.42	2.06061 	-0.0873489 	-1.58211 	0.000416525 	-0.100072 	0.00424152 	
0.425	2.05927 	-0.0861341 	-1.58439 	0.000475225 	-0.100095 	0.00423285 	
0.43	2.0599 	-0.0863077 	-1.58443 	0.000465165 	-0.100126 	0.00422883 	
0.435	2.06043 	-0.0864819 	-1.58439 	0.000454931 	-0.100155 	0.00422447 	
0.44	2.06084 	-0.0866345 	-1.58428 	0.000445781 	-0.100179 	0.00422031 	
0.445	2.06123 	-0.0867751 	-1.58417 	0.00043728 	-0.100203 	0.00421642 	
0.45	2.06134 	-0.0865725 	-1.58368 	0.00040348 	-0.100192 	0.00424958 	
0.455	2.05994 	-0.0853018 	-1.58608 	0.000465251 	-0.100216 	0.00424084 	
0.46	2.06061 	-0.0854864 	-1.58613 	0.000454533 	-0.10025 	0.00423653 	
0.465	2.06118 	-0.0856712 	-1.58609 	0.00044365 	-0.100281 	0.00423185 	
0.47	2.06162 	-0.0858328 	-1.58597 	0.000433925 	-0.100307 	0.00422739 	
0.475	2.06203 	-0.0859818 	-1.58584 	0.000424891 	-0.100331 	0.00422321 	
0.48	2.06242 	-0.0861191 	-1.58572 	0.000416497 	-0.100355 	0.00421928 	
0.485	2.06094 	-0.0847784 	-1.58826 	0.000482076 	-0.100381 	0.00421046 	
0.49	2.06166 	-0.0849749 	-1.58832 	0.000470652 	-0.100417 	0.00420585 	
0.495	2.06226 	-0.0851713 	-1.58828 	0.000459065 	-0.10045 	0.00420082 	
0.5	2.06272 	-0.0853427 	-1.58815 	0.000448725 	-0.100477 	0.00419603 	
0.505	2.06316 	-0.0855007 	-1.58802 	0.000439119 	-0.100503 	0.00419154 	
0.51	2.06191 	-0.0843408 	-1.59027 	0.000495881 	-0.100532 	0.00418315 	
0.515	2.06305 	-0.0851044 	-1.59091 	0.000527391 	-0.100624 	0.00411596 	
0.52	2.06366 	-0.0853076 	-1.59085 	0.000515342 	-0.100657 	0.00411064 	
0.525	2.06415 	-0.0854867 	-1.59072 	0.000504515 	-0.100686 	0.00410558 	
0.53	2.06461 	-0.0856518 	-1.59058 	0.000494459 	-0.100713 	0.00410083 	
0.535	2.06318 	-0.0842781 	-1.59268 	0.000537757 	-0.100723 	0.00411373 	
0.54	2.06392 	-0.0844913 	-1.5927 	0.000525238 	-0.100762 	0.00410847 	
0.545	2.06455 	-0.0847025 	-1.59264 	0.000512688 	-0.100796 	0.00410288 	
0.55	2.06505 	-0.0848885 	-1.5925 	0.000501412 	-0.100826 	0.00409756 	
0.555	2.06553 	-0.0850601 	-1.59235 	0.00049094 	-0.100855 	0.00409257 	
0.56	2.0642 	-0.0838368 	-1.59476 	0.000551472 	-0.100885 	0.00408429 	
0.565	2.06497 	-0.0840589 	-1.59479 	0.00053841 	-0.100925 	0.00407879 	
0.57	2.06563 	-0.0842786 	-1.59472 	0.000525322 	-0.100961 	0.00407291 	
0.575	2.06616 	-0.0844721 	-1.59457 	0.000513571 	-0.100992 	0.00406731 	
0.58	2.06631 	-0.084202 	-1.59392 	0.000467755 	-0.100977 	0.00411212 	
0.585	2.06492 	-0.0829391 	-1.59642 	0.000530705 	-0.101008 	0.004104 	
0.59	2.06573 	-0.0831705 	-1.59645 	0.000517074 	-0.10105 	0.00409822 	
0.595	2.06642 	-0.0833993 	-1.59638 	0.000503425 	-0.101088 	0.00409204 	
0.6	2.06696 	-0.0836005 	-1.59623 	0.000491176 	-0.10112 	0.00408616 	
0.605	2.06748 	-0.0837859 	-1.59607 	0.000479804 	-0.101151 	0.00408064 	
0.61	2.06604 	-0.0824854 	-1.59866 	0.000545072 	-0.101183 	0.00407268 	
0.615	2.06689 	-0.0827263 	-1.5987 	0.000530856 	-0.101227 	0.00406662 	
0.62	2.0676 	-0.0829643 	-1.59863 	0.00051663 	-0.101266 	0.00406013 	
0.625	2.06851 	-0.0836178 	-1.59896 	0.000538429 	-0.101344 	0.0040042 	
0.63	2.06904 	-0.0838105 	-1.59879 	0.000526585 	-0.101375 	0.0039984 	
0.635	2.06756 	-0.0824745 	-1.60148 	0.000594065 	-0.101409 	0.00399061 	
0.64	2.06844 	-0.082725 	-1.60152 	0.000579254 	-0.101455 	0.00398426 	
0.645	2.06918 	-0.0829723 	-1.60145 	0.000564444 	-0.101495 	0.00397744 	
0.65	2.06976 	-0.0831895 	-1.60128 	0.000551169 	-0.10153 	0.00397094 	
0.655	2.06862 	-0.0821192 	-1.6035 	0.000605133 	-0.101565 	0.00396331 	
0.66	2.06946 	-0.0823758 	-1.60349 	0.000589855 	-0.10161 	0.0039565 	
0.665	2.07019 	-0.082627 	-1.60339 	0.000574735 	-0.10165 	0.00394941 	
0.67	2.07115 	-0.0833088 	-1.60374 	0.000596724 	-0.101731 	0.00389118 	
0.675	2.07001 	-0.0822462 	-1.60597 	0.000650549 	-0.101768 	0.00388369 	
0.68	2.07087 	-0.0825082 	-1.60596 	0.000634915 	-0.101813 	0.00387667 	
0.685	2.07161 	-0.0827644 	-1.60585 	0.000619458 	-0.101854 	0.00386936 	
0.69	2.07222 	-0.082992 	-1.60568 	0.000605491 	-0.10189 	0.00386243 	
0.695	2.07107 	-0.0819133 	-1.60796 	0.000660495 	-0.101927 	0.00385516 	
0.7	2.07194 	-0.082181 	-1.60795 	0.000644491 	-0.101974 	0.00384794 	
0.705	2.0727 	-0.0824427 	-1.60784 	0.000628671 	-0.102016 	0.00384041 	
0.71	2.07333 	-0.0826751 	-1.60766 	0.000614381 	-0.102053 	0.00383326 	
0.715	2.07215 	-0.0815793 	-1.60999 	0.00067064 	-0.102091 	0.00382623 	
0.72	2.07304 	-0.081853 	-1.60998 	0.000654246 	-0.102138 	0.00381879 	
0.725	2.07362 	-0.0818559 	-1.60958 	0.000617497 	-0.102155 	0.00384086 	
0.73	2.07425 	-0.0820934 	-1.60939 	0.000602866 	-0.102192 	0.00383348 	
0.735	2.07304 	-0.0809818 	-1.61177 	0.000660358 	-0.102231 	0.00382674 	
0.74	2.07396 	-0.0812617 	-1.61177 	0.000643561 	-0.102279 	0.00381908 	
0.745	2.07476 	-0.0815353 	-1.61166 	0.000626961 	-0.102323 	0.00381107 	
0.75	2.07541 	-0.081778 	-1.61147 	0.000611976 	-0.102362 	0.00380345 	
0.755	2.07417 	-0.080652 	-1.6139 	0.000670636 	-0.102401 	0.00379699 	
0.76	2.07511 	-0.0809382 	-1.61389 	0.000653425 	-0.102451 	0.0037891 	
0.765	2.07554 	-0.0807225 	-1.61322 	0.000597995 	-0.102446 	0.00383682 	
0.77	2.0762 	-0.0809707 	-1.61303 	0.000582649 	-0.102485 	0.00382897 	
0.775	2.07494 	-0.0798317 	-1.61551 	0.000642467 	-0.102525 	0.00382286 	
0.78	2.0759 	-0.0801244 	-1.6155 	0.000624838 	-0.102576 	0.00381473 	
0.785	2.07673 	-0.0804103 	-1.61539 	0.000607424 	-0.102621 	0.00380621 	
0.79	2.07741 	-0.0806638 	-1.61519 	0.000591713 	-0.102661 	0.0037981 	
0.795	2.07612 	-0.079513 	-1.61771 	0.000652608 	-0.102702 	0.00379232 	
0.8	2.0771 	-0.0798121 	-1.61771 	0.00063456 	-0.102754 	0.00378395 	
0.805	2.07795 	-0.0801042 	-1.6176 	0.000616735 	-0.1028 	0.00377517 	
0.81	2.07863 	-0.0803631 	-1.61739 	0.000600656 	-0.102841 	0.00376681 	
0.815	2.07732 	-0.0792017 	-1.61996 	0.000662587 	-0.102882 	0.00376139 	
0.82	2.07884 	-0.0801696 	-1.62071 	0.000695426 	-0.103001 	0.0036776 	
0.825	2.0797 	-0.0804679 	-1.62059 	0.000677191 	-0.103048 	0.00366856 	
0.83	2.08039 	-0.0807322 	-1.62038 	0.000660746 	-0.103089 	0.00365995 	
0.835	2.07906 	-0.0795611 	-1.62299 	0.000723618 	-0.103132 	0.00365484 	
0.84	2.08008 	-0.0798729 	-1.62299 	0.000704733 	-0.103185 	0.00364598 	
0.845	2.08095 	-0.0801772 	-1.62288 	0.00068609 	-0.103233 	0.00363667 	
0.85	2.08166 	-0.0804469 	-1.62266 	0.000669279 	-0.103275 	0.0036278 	
0.855	2.08031 	-0.0792676 	-1.62531 	0.000733104 	-0.103318 	0.0036231 	
0.86	2.08139 	-0.0796465 	-1.62538 	0.000718516 	-0.103379 	0.00360706 	
0.865	2.08228 	-0.0799568 	-1.62526 	0.000699468 	-0.103428 	0.00359748 	
0.87	2.083 	-0.0802317 	-1.62504 	0.000682296 	-0.10347 	0.00358836 	
0.875	2.08162 	-0.0790454 	-1.62773 	0.000747027 	-0.103513 	0.00358409 	
0.88	2.08268 	-0.0793695 	-1.62774 	0.000727318 	-0.103569 	0.00357473 	
0.885	2.08358 	-0.0796857 	-1.62761 	0.000707871 	-0.103618 	0.00356488 	
0.89	2.08431 	-0.0799658 	-1.62739 	0.00069034 	-0.103661 	0.0035555 	
0.895	2.08291 	-0.0787737 	-1.63011 	0.000755942 	-0.103705 	0.00355168 	
0.9	2.08398 	-0.0791038 	-1.63012 	0.000735829 	-0.103761 	0.00354208 	
0.905	2.08426 	-0.0786027 	-1.62906 	0.000652378 	-0.103729 	0.00362588 	
0.91	2.085 	-0.0788878 	-1.62883 	0.000634495 	-0.103773 	0.00361624 	
0.915	2.08358 	-0.0776915 	-1.63159 	0.000700994 	-0.103818 	0.00361299 	
0.92	2.08467 	-0.0780275 	-1.6316 	0.000680484 	-0.103874 	0.00360314 	
0.925	2.0856 	-0.078355 	-1.63147 	0.000660254 	-0.103925 	0.00359276 	
0.93	2.08635 	-0.0786451 	-1.63124 	0.000642024 	-0.103969 	0.00358286 	
0.935	2.08491 	-0.0774453 	-1.63403 	0.000709312 	-0.104015 	0.00358012 	
0.94	2.08601 	-0.0777869 	-1.63404 	0.000688412 	-0.104072 	0.00357003 	
0.945	2.08695 	-0.0781199 	-1.63391 	0.0006678 	-0.104124 	0.00355938 	
0.95	2.08771 	-0.0784148 	-1.63368 	0.000649228 	-0.104168 	0.00354923 	
0.955	2.08633 	-0.0773137 	-1.63661 	0.00072506 	-0.104224 	0.00353544 	
0.96	2.08745 	-0.0776609 	-1.63663 	0.000703777 	-0.104283 	0.0035251 	
0.965	2.0884 	-0.0779992 	-1.6365 	0.000682791 	-0.104335 	0.00351419 	
0.97	2.08745 	-0.0771527 	-1.63865 	0.000730662 	-0.104382 	0.00350993 	
0.975	2.08849 	-0.077503 	-1.63857 	0.000709031 	-0.104438 	0.00349895 	
0.98	2.0894 	-0.0778414 	-1.63841 	0.000687942 	-0.104489 	0.00348776 	
0.985	2.09017 	-0.0781443 	-1.63817 	0.000668791 	-0.104534 	0.00347718 	
0.99	2.08874 	-0.0769738 	-1.64098 	0.000736083 	-0.10458 	0.00347576 	
0.995	2.08987 	-0.0773277 	-1.64098 	0.000714286 	-0.10464 	0.00346504 	
1	2.09083 	-0.0776724 	-1.64085 	0.000692813 	-0.104692 	0.00345375 	
1.005	2.08987 	-0.0768296 	-1.64303 	0.000741332 	-0.10474 	0.00345021 	
1.01	2.09134 	-0.0777292 	-1.64358 	0.000760971 	-0.104851 	0.00337647 	
1.015	2.09227 	-0.0780742 	-1.64342 	0.00073938 	-0.104903 	0.00336489 	
1.02	2.09305 	-0.078383 	-1.64318 	0.000719777 	-0.104949 	0.00335394 	
1.025	2.09159 	-0.0772129 	-1.64603 	0.000788137 	-0.104996 	0.00335354 	
1.03	2.09274 	-0.0775739 	-1.64604 	0.000765815 	-0.105056 	0.00334247 	
1.035	2.09372 	-0.0779255 	-1.6459 	0.000743825 	-0.105109 	0.00333078 	
1.04	2.09274 	-0.077086 	-1.64812 	0.000793014 	-0.105158 	0.00332796 	
1.045	2.09381 	-0.0774503 	-1.64805 	0.000770334 	-0.105215 	0.00331622 	
1.05	2.09469 	-0.0777267 	-1.64779 	0.000742422 	-0.10526 	0.00331293 	
1.055	2.09375 	-0.0769209 	-1.64995 	0.000789992 	-0.105309 	0.00331019 	
1.06	2.09482 	-0.0772868 	-1.64988 	0.000767158 	-0.105366 	0.00329829 	
1.065	2.09576 	-0.0776399 	-1.64971 	0.000744918 	-0.105419 	0.00328618 	
1.07	2.09482 	-0.0768388 	-1.65188 	0.000792603 	-0.105468 	0.00328379 	
1.075	2.0959 	-0.0772063 	-1.6518 	0.000769622 	-0.105525 	0.00327177 	
1.08	2.09684 	-0.0775611 	-1.65163 	0.000747239 	-0.105578 	0.00325953 	
1.085	2.0959 	-0.0767624 	-1.65381 	0.000795181 	-0.105627 	0.00325751 	
1.09	2.09697 	-0.0771318 	-1.65374 	0.000772042 	-0.105685 	0.00324537 	
1.095	2.09793 	-0.0774884 	-1.65357 	0.000749504 	-0.105737 	0.003233 	
1.1	2.09698 	-0.0766926 	-1.65576 	0.000797687 	-0.105787 	0.00323135 	
1.105	2.09806 	-0.077064 	-1.65568 	0.000774381 	-0.105845 	0.00321907 	
1.11	2.0989 	-0.0772756 	-1.65535 	0.000740406 	-0.105883 	0.00322356 	
1.115	2.09794 	-0.0764833 	-1.65754 	0.000788811 	-0.105932 	0.0032223 	
1.12	2.09903 	-0.0768568 	-1.65747 	0.000765332 	-0.10599 	0.00320988 	
1.125	2.09999 	-0.0772172 	-1.6573 	0.000742461 	-0.106044 	0.00319723 	
1.13	2.09903 	-0.0764289 	-1.65951 	0.00079105 	-0.106093 	0.00319633 	
1.135	2.10011 	-0.0768045 	-1.65944 	0.000767395 	-0.106151 	0.00318378 	
1.14	2.10108 	-0.077167 	-1.65927 	0.000744351 	-0.106205 	0.00317098 	
1.145	2.0999 	-0.0761027 	-1.66116 	0.000771599 	-0.106226 	0.00320303 	
1.15	2.10099 	-0.0764804 	-1.66108 	0.000747766 	-0.106285 	0.00319034 	
1.155	2.10195 	-0.076845 	-1.66091 	0.000724549 	-0.106338 	0.00317739 	
1.16	2.10098 	-0.0760662 	-1.66313 	0.00077345 	-0.106388 	0.00317726 	
1.165	2.10208 	-0.076446 	-1.66306 	0.000749439 	-0.106447 	0.00316442 	
1.17	2.10305 	-0.0768127 	-1.66289 	0.000726049 	-0.1065 	0.00315133 	
1.175	2.10207 	-0.0760393 	-1.66512 	0.000775061 	-0.10655 	0.00315156 	
1.18	2.10312 	-0.0763528 	-1.66497 	0.000745639 	-0.106602 	0.00314654 	
1.185	2.10409 	-0.0767215 	-1.66479 	0.000722078 	-0.106656 	0.0031333 	
1.19	2.10311 	-0.0759539 	-1.66703 	0.000771183 	-0.106706 	0.00313392 	
1.195	2.10421 	-0.0763379 	-1.66695 	0.000746824 	-0.106764 	0.0031208 	
1.2	2.10519 	-0.0767085 	-1.66678 	0.000723095 	-0.106818 	0.00310742 	
1.205	2.1042 	-0.0759471 	-1.66902 	0.000772267 	-0.106868 	0.0031084 	
1.21	2.10531 	-0.076333 	-1.66895 	0.000747739 	-0.106927 	0.00309515 	
1.215	2.10628 	-0.0767055 	-1.66877 	0.000723847 	-0.106981 	0.00308162 	
1.22	2.1053 	-0.0759507 	-1.67101 	0.000773065 	-0.107031 	0.00308298 	
1.225	2.1064 	-0.0763385 	-1.67094 	0.000748373 	-0.10709 	0.00306959 	
1.23	2.10738 	-0.0767128 	-1.67077 	0.000724322 	-0.107144 	0.00305593 	
1.235	2.10639 	-0.0759649 	-1.67301 	0.000773566 	-0.107194 	0.00305766 	
1.24	2.1081 	-0.0771464 	-1.67386 	0.000809186 	-0.107332 	0.00295165 	
1.245	2.10908 	-0.0775224 	-1.67368 	0.000784981 	-0.107386 	0.00293785 	
1.25	2.10808 	-0.0767815 	-1.67593 	0.000834174 	-0.107436 	0.00293991 	
1.255	2.10919 	-0.0771728 	-1.67585 	0.000809171 	-0.107495 	0.00292625 	
1.26	2.11017 	-0.0775503 	-1.67568 	0.000784817 	-0.107548 	0.00291231 	
1.265	2.10918 	-0.0768171 	-1.67792 	0.000833998 	-0.107599 	0.00291475 	
1.27	2.11028 	-0.0772099 	-1.67785 	0.000808849 	-0.107658 	0.00290096 	
1.275	2.11126 	-0.0775889 	-1.67767 	0.000784353 	-0.107711 	0.0028869 	
1.28	2.11027 	-0.0768635 	-1.67992 	0.000833502 	-0.107761 	0.00288971 	
1.285	2.11137 	-0.0772578 	-1.67984 	0.000808213 	-0.10782 	0.0028758 	
1.29	2.11235 	-0.0776382 	-1.67967 	0.000783583 	-0.107874 	0.00286161 	
1.295	2.11119 	-0.0767052 	-1.68166 	0.000816248 	-0.107902 	0.00289009 	
1.3	2.11229 	-0.0771008 	-1.68158 	0.000790827 	-0.107961 	0.00287606 	
1.305	2.11327 	-0.0774825 	-1.68141 	0.000766069 	-0.108015 	0.00286175 	
1.31	2.11228 	-0.0767738 	-1.68365 	0.000815112 	-0.108065 	0.00286533 	
1.315	2.11338 	-0.0771706 	-1.68357 	0.000789567 	-0.108124 	0.00285119 	
1.32	2.11436 	-0.0775534 	-1.6834 	0.000764688 	-0.108178 	0.00283676 	
1.325	2.11336 	-0.0768534 	-1.68563 	0.000813643 	-0.108227 	0.00284072 	
1.33	2.11446 	-0.0772513 	-1.68556 	0.000787981 	-0.108286 	0.00282647 	
1.335	2.11525 	-0.0773872 	-1.68509 	0.00074413 	-0.108315 	0.00284105 	
1.34	2.11425 	-0.0766961 	-1.68732 	0.000792996 	-0.108365 	0.0028454 	
1.345	2.11535 	-0.0770949 	-1.68725 	0.000767226 	-0.108423 	0.00283104 	
1.35	2.11633 	-0.0774797 	-1.68707 	0.000742129 	-0.108477 	0.0028164 	
1.355	2.11533 	-0.0767978 	-1.6893 	0.00079087 	-0.108526 	0.00282111 	
1.36	2.11643 	-0.0771975 	-1.68922 	0.000764999 	-0.108585 	0.00280666 	
1.365	2.1174 	-0.0775831 	-1.68904 	0.000739806 	-0.108638 	0.00279191 	
1.37	2.1164 	-0.0769105 	-1.69127 	0.000788403 	-0.108688 	0.002797 	
1.375	2.1175 	-0.0773109 	-1.69119 	0.000762441 	-0.108746 	0.00278245 	
1.38	2.11847 	-0.0776971 	-1.69101 	0.000737159 	-0.108799 	0.00276761 	
1.385	2.11748 	-0.0770341 	-1.69323 	0.000785595 	-0.108848 	0.00277306 	
1.39	2.11857 	-0.077435 	-1.69315 	0.000759551 	-0.108906 	0.00275842 	
1.395	2.11989 	-0.0782923 	-1.69353 	0.000769881 	-0.109006 	0.00268804 	
1.4	2.1189 	-0.077639 	-1.69574 	0.000818103 	-0.109056 	0.00269382 	
1.405	2.11999 	-0.0780403 	-1.69566 	0.000791985 	-0.109114 	0.0026791 	
1.41	2.12095 	-0.0784274 	-1.69548 	0.000766552 	-0.109166 	0.00266409 	
1.415	2.11996 	-0.0777841 	-1.69769 	0.000814577 	-0.109215 	0.00267022 	
1.42	2.12104 	-0.0781857 	-1.69761 	0.000788395 	-0.109273 	0.00265542 	
1.425	2.122 	-0.078573 	-1.69743 	0.0007629 	-0.109326 	0.00264033 	
1.43	2.12085 	-0.0777275 	-1.69937 	0.000794638 	-0.109353 	0.0026719 	
1.435	2.12194 	-0.0781292 	-1.69929 	0.0007684 	-0.109411 	0.00265702 	
1.44	2.12289 	-0.0785166 	-1.69912 	0.000742852 	-0.109463 	0.00264187 	
1.445	2.12191 	-0.0778939 	-1.7013 	0.000790444 	-0.109511 	0.00264872 	
1.45	2.12298 	-0.0782955 	-1.70122 	0.000764161 	-0.109569 	0.00263377 	
1.455	2.12393 	-0.0786829 	-1.70104 	0.00073857 	-0.109621 	0.00261855 	
1.46	2.12295 	-0.0780706 	-1.70322 	0.000785911 	-0.109669 	0.00262574 	
1.465	2.12402 	-0.078472 	-1.70314 	0.000759592 	-0.109726 	0.00261073 	
1.47	2.12497 	-0.0788593 	-1.70296 	0.000733966 	-0.109778 	0.00259545 	
1.475	2.12399 	-0.0782575 	-1.70512 	0.000781039 	-0.109826 	0.00260298 	
1.48	2.12523 	-0.0788934 	-1.70532 	0.000772428 	-0.109906 	0.00256012 	
1.485	2.12617 	-0.0792803 	-1.70514 	0.000746778 	-0.109957 	0.00254479 	
1.49	2.1252 	-0.0786893 	-1.70729 	0.000793549 	-0.110005 	0.00255262 	
1.495	2.12626 	-0.0790899 	-1.70721 	0.000767188 	-0.110061 	0.00253752 	
1.5	2.1272 	-0.0794764 	-1.70703 	0.000741523 	-0.110113 	0.00252214 	
1.505	2.12622 	-0.0788962 	-1.70917 	0.000787991 	-0.11016 	0.00253029 	
1.51	2.12728 	-0.0792962 	-1.70909 	0.000761625 	-0.110216 	0.00251515 	
1.515	2.12821 	-0.079682 	-1.70891 	0.000735954 	-0.110267 	0.00249973 	
1.52	2.12724 	-0.0791127 	-1.71104 	0.000782103 	-0.110314 	0.0025082 	
1.525	2.12829 	-0.079512 	-1.71096 	0.000755741 	-0.11037 	0.00249301 	
1.53	2.12897 	-0.0795663 	-1.71039 	0.000705149 	-0.110387 	0.00251682 	
1.535	2.128 	-0.0790082 	-1.7125 	0.000750983 	-0.110434 	0.0025256 	
1.54	2.12904 	-0.0794065 	-1.71241 	0.000724637 	-0.110489 	0.00251039 	
1.545	2.12996 	-0.0797907 	-1.71224 	0.000698987 	-0.110539 	0.00249492 	
1.55	2.13075 	-0.0801342 	-1.71198 	0.000675717 	-0.110584 	0.00248036 	
1.555	2.12924 	-0.0792949 	-1.71478 	0.000743449 	-0.110629 	0.00249766 	
1.56	2.13036 	-0.0796931 	-1.71479 	0.000717226 	-0.110687 	0.00248311 	
1.565	2.13131 	-0.0800808 	-1.71464 	0.000691369 	-0.110739 	0.00246772 	
1.57	2.13031 	-0.0795226 	-1.71679 	0.000738395 	-0.110785 	0.00247785 	
1.575	2.13149 	-0.0801235 	-1.71695 	0.000727097 	-0.11086 	0.00243849 	
1.58	2.1324 	-0.0805086 	-1.71677 	0.000701296 	-0.110909 	0.00242286 	
1.585	2.13318 	-0.0808527 	-1.71651 	0.0006779 	-0.110953 	0.00240814 	
1.59	2.13169 	-0.0800485 	-1.71927 	0.000744456 	-0.110997 	0.0024262 	
1.595	2.13278 	-0.0804461 	-1.71927 	0.000718165 	-0.111055 	0.0024115 	
1.6	2.13372 	-0.0808333 	-1.71912 	0.000692247 	-0.111105 	0.00239598 	
1.605	2.13435 	-0.080999 	-1.71865 	0.000655594 	-0.11113 	0.0024023 	
1.61	2.13283 	-0.0801917 	-1.72144 	0.000723282 	-0.111175 	0.00242147 	
1.615	2.13392 	-0.0805898 	-1.72144 	0.000696921 	-0.111231 	0.00240673 	
1.62	2.13485 	-0.0809776 	-1.7213 	0.000670914 	-0.111282 	0.00239112 	
1.625	2.13561 	-0.0813207 	-1.72104 	0.000647492 	-0.111324 	0.00237628 	
1.63	2.1341 	-0.0805342 	-1.7238 	0.000714428 	-0.111368 	0.00239583 	
1.635	2.13529 	-0.0810844 	-1.72398 	0.00069948 	-0.111439 	0.0023628 	
1.64	2.13621 	-0.0814718 	-1.72383 	0.000673448 	-0.111489 	0.00234713 	
1.645	2.13696 	-0.0818146 	-1.72358 	0.000649999 	-0.111531 	0.00233223 	
1.65	2.13547 	-0.0810508 	-1.7263 	0.000715976 	-0.111574 	0.00235207 	
1.655	2.13653 	-0.0814472 	-1.72629 	0.000689611 	-0.11163 	0.00233719 	
1.66	2.13744 	-0.0818333 	-1.72615 	0.000663609 	-0.111679 	0.00232149 	
1.665	2.13819 	-0.0821751 	-1.72589 	0.000640182 	-0.11172 	0.00230657 	
1.67	2.13671 	-0.0814338 	-1.72857 	0.000705181 	-0.111763 	0.0023267 	
1.675	2.13776 	-0.0818282 	-1.72856 	0.000678891 	-0.111817 	0.0023118 	
1.68	2.13866 	-0.0822123 	-1.72842 	0.000652965 	-0.111866 	0.0022961 	
1.685	2.13939 	-0.0825526 	-1.72816 	0.000629604 	-0.111907 	0.0022812 	
1.69	2.13793 	-0.0818335 	-1.7308 	0.0006936 	-0.111949 	0.00230158 	
1.695	2.13876 	-0.0819572 	-1.73047 	0.000647386 	-0.111976 	0.00231873 	
1.7	2.13965 	-0.0823389 	-1.73032 	0.000621578 	-0.112024 	0.00230306 	
1.705	2.14037 	-0.0826769 	-1.73007 	0.000598317 	-0.112064 	0.0022882 	
1.71	2.13894 	-0.08198 	-1.73267 	0.000661308 	-0.112106 	0.00230884 	
1.715	2.13995 	-0.0823686 	-1.73265 	0.000635288 	-0.112159 	0.00229399 	
1.72	2.14083 	-0.0827472 	-1.73251 	0.000609632 	-0.112205 	0.00227837 	
1.725	2.14154 	-0.0830827 	-1.73226 	0.000586505 	-0.112245 	0.00226358 	
1.73	2.1404 	-0.0827649 	-1.73524 	0.000675094 	-0.112322 	0.00224167 	
1.735	2.14139 	-0.0831499 	-1.73523 	0.00064926 	-0.112374 	0.00222687 	
1.74	2.14225 	-0.083525 	-1.73508 	0.000623788 	-0.11242 	0.00221133 	
1.745	2.14296 	-0.0838575 	-1.73484 	0.000600823 	-0.11246 	0.00219662 	
1.75	2.14157 	-0.0832041 	-1.73735 	0.000661635 	-0.1125 	0.00221762 	
1.755	2.14254 	-0.0835852 	-1.73733 	0.000636016 	-0.112551 	0.00220289 	
1.76	2.14339 	-0.0839564 	-1.73718 	0.000610756 	-0.112596 	0.00218746 	
1.765	2.14341 	-0.0833893 	-1.73587 	0.000521162 	-0.112545 	0.0022802 	
1.77	2.14205 	-0.0827576 	-1.73833 	0.00058092 	-0.112585 	0.00230138 	
1.775	2.14301 	-0.0831342 	-1.73831 	0.000555543 	-0.112635 	0.00228675 	
1.78	2.14384 	-0.0835012 	-1.73817 	0.000530524 	-0.112679 	0.00227144 	
1.785	2.14452 	-0.0838267 	-1.73793 	0.00050796 	-0.112717 	0.00225696 	
1.79	2.14318 	-0.0832165 	-1.74035 	0.000566556 	-0.112756 	0.00227824 	
1.795	2.14412 	-0.0835883 	-1.74032 	0.000541448 	-0.112805 	0.00226372 	
1.8	2.14493 	-0.0839507 	-1.74018 	0.000516694 	-0.112849 	0.00224854 	
1.805	2.14561 	-0.0842722 	-1.73995 	0.000494365 	-0.112887 	0.0022342 	
1.81	2.14429 	-0.0836833 	-1.74231 	0.000551763 	-0.112925 	0.00225554 	
1.815	2.14593 	-0.0850163 	-1.74345 	0.000598793 	-0.113069 	0.0021252 	
1.82	2.14673 	-0.0853738 	-1.74331 	0.000574327 	-0.113112 	0.00211017 	
1.825	2.14739 	-0.085691 	-1.74308 	0.000552256 	-0.113149 	0.00209599 	
1.83	2.1461 	-0.0851232 	-1.7454 	0.000608348 	-0.113186 	0.00211729 	
1.835	2.147 	-0.0854845 	-1.74536 	0.000583852 	-0.113233 	0.00210304 	
1.84	2.14778 	-0.0858367 	-1.74523 	0.0005597 	-0.113275 	0.00208818 	
1.845	2.14843 	-0.0861494 	-1.745 	0.000537907 	-0.113311 	0.00207417 	
1.85	2.14718 	-0.0856026 	-1.74727 	0.000592731 	-0.113348 	0.00209544 	
1.855	2.14805 	-0.0859582 	-1.74724 	0.000568576 	-0.113394 	0.00208135 	
1.86	2.14828 	-0.0855778 	-1.74623 	0.0004908 	-0.113362 	0.00215402 	
1.865	2.14892 	-0.0858857 	-1.74601 	0.000469306 	-0.113397 	0.00214019 	
1.87	2.14769 	-0.0853599 	-1.74822 	0.000522877 	-0.113433 	0.00216144 	
1.875	2.14854 	-0.0857094 	-1.74818 	0.000499085 	-0.113478 	0.00214752 	
1.88	2.14929 	-0.0860502 	-1.74805 	0.000475626 	-0.113518 	0.00213305 	
1.885	2.14992 	-0.086353 	-1.74784 	0.000454452 	-0.113553 	0.00211942 	
1.89	2.14872 	-0.0858479 	-1.74999 	0.000506682 	-0.113588 	0.00214055 	
1.895	2.14955 	-0.0861911 	-1.74996 	0.000483276 	-0.113631 	0.00212682 	
1.9	2.15028 	-0.0865258 	-1.74983 	0.000460197 	-0.113671 	0.00211257 	
1.905	2.15089 	-0.0868233 	-1.74962 	0.000439361 	-0.113704 	0.00209916 	
1.91	2.15147 	-0.087096 	-1.7494 	0.000420145 	-0.113736 	0.0020867 	
1.915	2.14989 	-0.0864228 	-1.75202 	0.000487925 	-0.11377 	0.00211606 	
1.92	2.15074 	-0.0867297 	-1.75201 	0.000462875 	-0.113812 	0.00210668 	
1.925	2.15148 	-0.0870611 	-1.75191 	0.000440057 	-0.113851 	0.00209276 	
1.93	2.15207 	-0.0873529 	-1.7517 	0.000419582 	-0.113884 	0.00207956 	
1.935	2.15263 	-0.0876203 	-1.75149 	0.000400699 	-0.113915 	0.00206729 	
1.94	2.15106 	-0.086964 	-1.75407 	0.000467721 	-0.113947 	0.00209695 	
1.945	2.15191 	-0.087295 	-1.75409 	0.000445209 	-0.113991 	0.00208418 	
1.95	2.15263 	-0.0876211 	-1.75399 	0.00042272 	-0.114029 	0.00207043 	
1.955	2.15374 	-0.0886365 	-1.75467 	0.00045639 	-0.114134 	0.00196973 	
1.96	2.15429 	-0.0888997 	-1.75446 	0.000437779 	-0.114164 	0.00195763 	
1.965	2.15278 	-0.0882775 	-1.75695 	0.000502332 	-0.114195 	0.0019867 	
1.97	2.15359 	-0.0886015 	-1.75697 	0.000480246 	-0.114237 	0.00197409 	
1.975	2.15429 	-0.0889207 	-1.75687 	0.000458188 	-0.114274 	0.00196057 	
1.98	2.15485 	-0.0892022 	-1.75667 	0.000438383 	-0.114305 	0.00194778 	
1.985	2.15538 	-0.0894602 	-1.75647 	0.000420119 	-0.114334 	0.0019359 	
1.99	2.15392 	-0.0888727 	-1.75887 	0.000482081 	-0.114365 	0.00196429 	
1.995	2.1547 	-0.0891885 	-1.75888 	0.000460505 	-0.114405 	0.0019519 	
2	2.15537 	-0.0894997 	-1.75878 	0.000438962 	-0.114441 	0.00193867 	
2.005	2.15592 	-0.0897743 	-1.75859 	0.000419609 	-0.114471 	0.00192617 	
2.01	2.15643 	-0.0900261 	-1.7584 	0.000401761 	-0.114499 	0.00191456 	
2.015	2.15481 	-0.0891675 	-1.76033 	0.000438591 	-0.114498 	0.00197899 	
2.02	2.15556 	-0.0894741 	-1.76033 	0.000417595 	-0.114537 	0.00196687 	
2.025	2.15621 	-0.0897763 	-1.76023 	0.000396634 	-0.114571 	0.00195397 	
2.03	2.15673 	-0.0900433 	-1.76005 	0.000377794 	-0.1146 	0.0019418 	
2.035	2.15723 	-0.0902882 	-1.75987 	0.00036042 	-0.114627 	0.00193051 	
2.04	2.1559 	-0.0897679 	-1.76206 	0.000417095 	-0.114656 	0.00195734 	
2.045	2.15661 	-0.0900644 	-1.76206 	0.000396736 	-0.114692 	0.00194552 	
2.05	2.15734 	-0.090509 	-1.76215 	0.000387615 	-0.114741 	0.00191465 	
2.055	2.15785 	-0.0907677 	-1.76197 	0.00036934 	-0.114769 	0.00190286 	
2.06	2.15833 	-0.0910049 	-1.7618 	0.000352486 	-0.114795 	0.00189191 	
2.065	2.15878 	-0.0912222 	-1.76162 	0.00033695 	-0.11482 	0.00188175 	
2.07	2.15719 	-0.0905946 	-1.76411 	0.000404163 	-0.114846 	0.00191477 	
2.075	2.15791 	-0.0908802 	-1.76415 	0.000384625 	-0.114883 	0.00190376 	
2.08	2.15852 	-0.0911646 	-1.76408 	0.000364895 	-0.114915 	0.00189172 	
2.085	2.15901 	-0.0914142 	-1.76391 	0.000347243 	-0.114942 	0.00188032 	
2.09	2.15946 	-0.091643 	-1.76375 	0.000330963 	-0.114967 	0.00186974 	
2.095	2.15989 	-0.0918527 	-1.76358 	0.000315955 	-0.114991 	0.00185992 	
2.1	2.15837 	-0.0912608 	-1.76596 	0.000380286 	-0.115016 	0.00189205 	
2.105	2.15901 	-0.0914772 	-1.76592 	0.000357157 	-0.115045 	0.00188842 	
2.11	2.15959 	-0.091751 	-1.76585 	0.00033813 	-0.115076 	0.00187679 	
2.115	2.16005 	-0.0919917 	-1.76569 	0.000321097 	-0.115101 	0.0018658 	
2.12	2.16049 	-0.0922124 	-1.76553 	0.000305387 	-0.115125 	0.00185559 	
2.125	2.1609 	-0.0924146 	-1.76537 	0.000290904 	-0.115148 	0.00184612 	
2.13	2.15947 	-0.091871 	-1.7676 	0.000350984 	-0.115171 	0.00187655 	
2.135	2.16011 	-0.0921332 	-1.76763 	0.000332965 	-0.115204 	0.00186624 	
2.14	2.16066 	-0.0923946 	-1.76756 	0.000314769 	-0.115233 	0.00185508 	
2.145	2.1611 	-0.0926248 	-1.76741 	0.000298464 	-0.115257 	0.00184457 	
2.15	2.16115 	-0.0923415 	-1.76667 	0.000247099 	-0.11523 	0.00189455 	
2.155	2.16153 	-0.092535 	-1.76652 	0.000233233 	-0.115252 	0.0018855 	
2.16	2.1619 	-0.0927123 	-1.76636 	0.000220452 	-0.115272 	0.00187709 	
2.165	2.16032 	-0.0921069 	-1.76875 	0.000286851 	-0.115294 	0.0019116 	
2.17	2.16094 	-0.0923547 	-1.76881 	0.000269873 	-0.115325 	0.00190211 	
2.175	2.16147 	-0.092604 	-1.76875 	0.000252544 	-0.115353 	0.00189157 	
2.18	2.16188 	-0.0928222 	-1.76862 	0.000237078 	-0.115375 	0.00188161 	
2.185	2.16227 	-0.0930224 	-1.76848 	0.000222812 	-0.115396 	0.00187236 	
2.19	2.16263 	-0.093206 	-1.76834 	0.000209657 	-0.115416 	0.00186378 	
2.195	2.16297 	-0.0933742 	-1.76821 	0.00019753 	-0.115435 	0.00185582 	
2.2	2.16152 	-0.0928251 	-1.77041 	0.000258707 	-0.115456 	0.00188804 	
2.205	2.16199 	-0.0929296 	-1.77029 	0.000233373 	-0.115472 	0.00189446 	
2.21	2.16248 	-0.0931636 	-1.77024 	0.000217081 	-0.115497 	0.00188453 	
2.215	2.16286 	-0.093369 	-1.77012 	0.000202522 	-0.115518 	0.00187516 	
2.22	2.16322 	-0.0935575 	-1.77 	0.000189091 	-0.115538 	0.00186647 	
2.225	2.16356 	-0.0937304 	-1.76987 	0.000176703 	-0.115556 	0.00185841 	
2.23	2.16388 	-0.093889 	-1.76975 	0.000165282 	-0.115574 	0.00185093 	
2.235	2.16418 	-0.0940342 	-1.76962 	0.000154756 	-0.11559 	0.00184399 	
2.24	2.16322 	-0.0942194 	-1.77277 	0.000273416 	-0.115684 	0.00178668 	
2.245	2.16375 	-0.0944334 	-1.77282 	0.00025874 	-0.115711 	0.0017785 	
2.25	2.1642 	-0.0946509 	-1.77278 	0.000243615 	-0.115734 	0.00176933 	
2.255	2.16455 	-0.0948411 	-1.77268 	0.000230138 	-0.115754 	0.00176068 	
2.26	2.16488 	-0.0950157 	-1.77257 	0.000217702 	-0.115772 	0.00175265 	
2.265	2.16519 	-0.0951761 	-1.77246 	0.000206229 	-0.115788 	0.00174521 	
2.27	2.16548 	-0.0953231 	-1.77234 	0.000195649 	-0.115804 	0.0017383 	
2.275	2.16576 	-0.0954579 	-1.77223 	0.000185895 	-0.115819 	0.00173189 	
2.28	2.16601 	-0.0955813 	-1.77212 	0.000176906 	-0.115834 	0.00172594 	
2.285	2.16626 	-0.0956942 	-1.77201 	0.000168625 	-0.115847 	0.00172043 	
2.29	2.16459 	-0.095061 	-1.77439 	0.000238274 	-0.115862 	0.00175867 	
2.295	2.16509 	-0.095254 	-1.77448 	0.000225127 	-0.115887 	0.00175161 	
2.3	2.16517 	-0.0949934 	-1.77391 	0.000177671 	-0.115863 	0.00179899 	
2.305	2.16548 	-0.0951662 	-1.77382 	0.000165449 	-0.11588 	0.00179117 	
2.31	2.16577 	-0.0953251 	-1.77373 	0.000154166 	-0.115896 	0.00178391 	
2.315	2.16605 	-0.095471 	-1.77364 	0.000143753 	-0.115911 	0.00177718 	
2.32	2.1663 	-0.0956051 	-1.77354 	0.000134144 	-0.115925 	0.00177094 	
2.325	2.16654 	-0.0957281 	-1.77345 	0.000125281 	-0.115938 	0.00176514 	
2.33	2.16677 	-0.0958409 	-1.77336 	0.000117108 	-0.11595 	0.00175977 	
2.335	2.16702 	-0.0959909 	-1.77332 	0.000112983 	-0.115967 	0.00174915 	
2.34	2.16722 	-0.0960856 	-1.77323 	0.000106038 	-0.115978 	0.00174453 	
2.345	2.1674 	-0.0961722 	-1.77314 	9.9639e-05 	-0.115988 	0.00174024 	
2.35	2.16578 	-0.0955592 	-1.77541 	0.000167161 	-0.116001 	0.00177794 	
2.355	2.16621 	-0.0957248 	-1.7755 	0.000155914 	-0.116022 	0.00177198 	
2.36	2.16657 	-0.0958984 	-1.7755 	0.000143928 	-0.11604 	0.00176487 	
2.365	2.16683 	-0.0960487 	-1.77543 	0.000133344 	-0.116054 	0.00175813 	
2.37	2.16708 	-0.0961871 	-1.77537 	0.000123568 	-0.116068 	0.00175189 	
2.375	2.16731 	-0.0963144 	-1.7753 	0.000114538 	-0.11608 	0.0017461 	
2.38	2.16752 	-0.0964315 	-1.77523 	0.0001062 	-0.116092 	0.00174073 	
2.385	2.16773 	-0.0965392 	-1.77516 	9.85015e-05 	-0.116103 	0.00173575 	
2.39	2.16792 	-0.0966381 	-1.77509 	9.13947e-05 	-0.116113 	0.00173113 	
2.395	2.16824 	-0.0969269 	-1.77526 	9.92986e-05 	-0.116143 	0.0017029 	
2.4	2.1684 	-0.0970104 	-1.7752 	9.32452e-05 	-0.116152 	0.00169893 	
2.405	2.16856 	-0.0970871 	-1.77513 	8.76599e-05 	-0.11616 	0.00169524 	
2.41	2.1687 	-0.0971575 	-1.77506 	8.25073e-05 	-0.116168 	0.00169183 	
2.415	2.16856 	-0.0968401 	-1.77454 	4.98222e-05 	-0.116138 	0.0017349 	
2.42	2.16869 	-0.0968994 	-1.77447 	4.54391e-05 	-0.116145 	0.00173196 	
2.425	2.16881 	-0.0969537 	-1.77441 	4.1397e-05 	-0.116152 	0.00172923 	
2.43	2.16892 	-0.0970035 	-1.77435 	3.76694e-05 	-0.116158 	0.0017267 	
2.435	2.16903 	-0.0970491 	-1.77429 	3.42335e-05 	-0.116164 	0.00172436 	
2.44	2.16913 	-0.0970909 	-1.77424 	3.10658e-05 	-0.116169 	0.00172218 	
2.445	2.16922 	-0.0971291 	-1.77418 	2.81456e-05 	-0.116175 	0.00172016 	
2.45	2.16931 	-0.0971642 	-1.77413 	2.54544e-05 	-0.11618 	0.00171829 	
2.455	2.16761 	-0.0965154 	-1.77642 	9.58553e-05 	-0.116187 	0.00175844 	
2.46	2.16794 	-0.0966372 	-1.77654 	8.77752e-05 	-0.116203 	0.00175453 	
2.465	2.16821 	-0.0967708 	-1.77658 	7.87065e-05 	-0.116216 	0.00174934 	
2.47	2.16839 	-0.096885 	-1.77656 	7.08015e-05 	-0.116226 	0.00174442 	
2.475	2.16856 	-0.0969905 	-1.77653 	6.34846e-05 	-0.116235 	0.00173985 	
2.48	2.16872 	-0.0970881 	-1.7765 	5.67116e-05 	-0.116243 	0.00173562 	
2.485	2.16872 	-0.0969738 	-1.77623 	3.55021e-05 	-0.116231 	0.00175645 	
2.49	2.16886 	-0.0970573 	-1.77621 	2.96972e-05 	-0.116238 	0.00175282 	
2.495	2.16898 	-0.0971345 	-1.77618 	2.43221e-05 	-0.116245 	0.00174944 	
2.5	2.1691 	-0.0972059 	-1.77616 	1.93444e-05 	-0.116251 	0.00174632 	
2.505	2.16921 	-0.097272 	-1.77614 	1.47334e-05 	-0.116257 	0.00174342 	
2.51	2.16932 	-0.0973333 	-1.77612 	1.04606e-05 	-0.116262 	0.00174074 	
2.515	2.16963 	-0.0976844 	-1.77646 	2.80506e-05 	-0.116297 	0.00170257 	
2.52	2.16971 	-0.0977357 	-1.77644 	2.44564e-05 	-0.116302 	0.00170029 	
2.525	2.1698 	-0.0977835 	-1.77642 	2.11049e-05 	-0.116306 	0.00169818 	
2.53	2.16987 	-0.0978284 	-1.77641 	1.79698e-05 	-0.11631 	0.0016962 	
2.535	2.16994 	-0.0978702 	-1.77639 	1.50512e-05 	-0.116314 	0.00169436 	
2.54	2.17001 	-0.0979093 	-1.77638 	1.2329e-05 	-0.116317 	0.00169265 	
2.545	2.17008 	-0.0979457 	-1.77637 	9.79161e-06 	-0.116321 	0.00169106 	
2.55	2.17014 	-0.0979798 	-1.77636 	7.42179e-06 	-0.116324 	0.00168958 	
2.555	2.17019 	-0.0980117 	-1.77635 	5.20453e-06 	-0.116327 	0.00168819 	
2.56	2.17025 	-0.0980417 	-1.77634 	3.12595e-06 	-0.11633 	0.00168689 	
2.565	2.1703 	-0.09807 	-1.77634 	1.1732e-06 	-0.116332 	0.00168568 	
2.57	2.17035 	-0.0980966 	-1.77633 	-6.65633e-07 	-0.116335 	0.00168454 	
2.575	2.1704 	-0.0981219 	-1.77632 	-2.40157e-06 	-0.116337 	0.00168347 	
2.58	2.17045 	-0.0981459 	-1.77632 	-4.04484e-06 	-0.116339 	0.00168246 	
2.585	2.17081 	-0.0985935 	-1.77683 	2.54283e-05 	-0.116384 	0.00163007 	
2.59	2.17085 	-0.0986158 	-1.77683 	2.39219e-05 	-0.116386 	0.00162916 	
2.595	2.1709 	-0.0986384 	-1.77683 	2.24093e-05 	-0.116389 	0.00162826 	
2.6	2.17082 	-0.098484 	-1.77661 	8.01998e-06 	-0.116373 	0.0016488 	
2.605	2.17086 	-0.0985053 	-1.77661 	6.61323e-06 	-0.116375 	0.00164798 	
2.61	2.17091 	-0.0985253 	-1.77661 	5.29014e-06 	-0.116377 	0.0016472 	
2.615	2.17095 	-0.0985445 	-1.77661 	4.02483e-06 	-0.116379 	0.00164647 	
2.62	2.171 	-0.0985633 	-1.77662 	2.79429e-06 	-0.116381 	0.00164576 	
2.625	2.17105 	-0.0985817 	-1.77662 	1.59508e-06 	-0.116383 	0.00164508 	
2.63	2.1711 	-0.0985998 	-1.77662 	4.22427e-07 	-0.116385 	0.00164441 	
2.635	2.17115 	-0.0986176 	-1.77662 	-7.28262e-07 	-0.116387 	0.00164377 	
2.64	2.1712 	-0.0986353 	-1.77663 	-1.86126e-06 	-0.116389 	0.00164314 	
2.645	2.17185 	-0.0956703 	-1.77606 	0.000138251 	-0.116392 	0.00161964 	
2.65	2.17198 	-0.0959693 	-1.77622 	0.000136737 	-0.116408 	0.00160056 	
2.655	2.172 	-0.0961837 	-1.77622 	0.000124296 	-0.116411 	0.00159538 	
2.66	2.172 	-0.0963712 	-1.77622 	0.000113452 	-0.116413 	0.00159085 	
2.665	2.17201 	-0.0965466 	-1.77621 	0.00010331 	-0.116414 	0.00158661 	
2.67	2.17203 	-0.0967106 	-1.77621 	9.38246e-05 	-0.116416 	0.00158264 	
2.675	2.17205 	-0.096864 	-1.77621 	8.4951e-05 	-0.116418 	0.00157892 	
2.68	2.17194 	-0.0968228 	-1.77599 	6.30841e-05 	-0.116402 	0.00159785 	
2.685	2.17197 	-0.0969574 	-1.77599 	5.52938e-05 	-0.116404 	0.00159457 	
2.69	2.17201 	-0.097083 	-1.776 	4.80162e-05 	-0.116406 	0.0015915 	
2.695	2.17205 	-0.0972009 	-1.776 	4.11883e-05 	-0.116408 	0.00158862 	
2.7	2.17313 	-0.0942575 	-1.7749 	0.000170668 	-0.116411 	0.00155232 	
2.705	2.17316 	-0.0945184 	-1.77491 	0.000155873 	-0.116414 	0.00154638 	
2.71	2.17313 	-0.0948066 	-1.77491 	0.000139488 	-0.116416 	0.00153988 	
2.715	2.1731 	-0.0950621 	-1.77489 	0.000124942 	-0.116416 	0.0015341 	
2.72	2.17309 	-0.0953007 	-1.77488 	0.000111351 	-0.116417 	0.00152869 	
2.725	2.17308 	-0.0955238 	-1.77488 	9.86434e-05 	-0.116418 	0.00152363 	
2.73	2.17308 	-0.0957325 	-1.77487 	8.67516e-05 	-0.11642 	0.00151887 	
2.735	2.17298 	-0.095778 	-1.77468 	6.45898e-05 	-0.116406 	0.0015326 	
2.74	2.17299 	-0.095961 	-1.77468 	5.41554e-05 	-0.116408 	0.00152841 	
2.745	2.17416 	-0.0929005 	-1.77346 	0.000187329 	-0.11641 	0.00148797 	
2.75	2.17417 	-0.0932262 	-1.77347 	0.000168994 	-0.116413 	0.00148075 	
2.755	2.17412 	-0.0935767 	-1.77346 	0.000149183 	-0.116414 	0.00147302 	
2.76	2.17408 	-0.0938893 	-1.77344 	0.00013148 	-0.116414 	0.0014661 	
2.765	2.17404 	-0.0941813 	-1.77342 	0.00011494 	-0.116415 	0.00145962 	
2.77	2.17402 	-0.0944542 	-1.77341 	9.94756e-05 	-0.116416 	0.00145355 	
2.775	2.17401 	-0.0947095 	-1.7734 	8.50058e-05 	-0.116417 	0.00144785 	
2.78	2.17515 	-0.0920417 	-1.77237 	0.000211861 	-0.116429 	0.00139635 	
2.785	2.17513 	-0.0924189 	-1.77238 	0.000190634 	-0.116431 	0.00138805 	
2.79	2.17507 	-0.0928147 	-1.77236 	0.000168297 	-0.116432 	0.00137937 	
2.795	2.17502 	-0.093171 	-1.77234 	0.000148169 	-0.116432 	0.00137153 	
2.8	2.17497 	-0.0935036 	-1.77232 	0.000129367 	-0.116432 	0.0013642 	
2.805	2.17495 	-0.0938145 	-1.77231 	0.000111788 	-0.116433 	0.00135732 	
2.81	2.17477 	-0.0938863 	-1.77203 	7.91109e-05 	-0.116412 	0.0013775 	
2.815	2.17595 	-0.0908267 	-1.77075 	0.000211139 	-0.116414 	0.00133388 	
2.82	2.17593 	-0.0912514 	-1.77076 	0.000187298 	-0.116417 	0.00132456 	
2.825	2.17587 	-0.0916951 	-1.77074 	0.000162294 	-0.116417 	0.00131485 	
2.83	2.1758 	-0.0920943 	-1.77072 	0.000139767 	-0.116417 	0.00130609 	
2.835	2.17576 	-0.092467 	-1.7707 	0.000118722 	-0.116418 	0.00129788 	
2.84	2.17572 	-0.0928154 	-1.77068 	9.9047e-05 	-0.116418 	0.0012902 	
2.845	2.17672 	-0.0897853 	-1.76926 	0.00021077 	-0.116405 	0.00126587 	
2.85	2.17669 	-0.0902537 	-1.76926 	0.000184464 	-0.116407 	0.0012556 	
2.855	2.17662 	-0.0907365 	-1.76924 	0.000157275 	-0.116407 	0.00124504 	
2.86	2.17655 	-0.0911724 	-1.76922 	0.000132693 	-0.116407 	0.00123547 	
2.865	2.1765 	-0.0915795 	-1.76919 	0.000109724 	-0.116408 	0.00122651 	
2.87	2.17646 	-0.09196 	-1.76918 	8.82523e-05 	-0.116409 	0.00121811 	
2.875	2.17765 	-0.0888864 	-1.76786 	0.000220082 	-0.116411 	0.00117173 	
2.88	2.17763 	-0.0893952 	-1.76786 	0.000191539 	-0.116413 	0.00116056 	
2.885	2.17756 	-0.0899192 	-1.76784 	0.00016205 	-0.116414 	0.00114908 	
2.89	2.17748 	-0.0903926 	-1.76781 	0.000135367 	-0.116414 	0.00113868 	
2.895	2.17742 	-0.0908346 	-1.76779 	0.000110441 	-0.116414 	0.00112894 	
2.9	2.17848 	-0.0881335 	-1.76658 	0.000225166 	-0.116416 	0.00108492 	
2.905	2.17869 	-0.0890137 	-1.76699 	0.000219736 	-0.116451 	0.00103204 	
2.91	2.1786 	-0.0895681 	-1.76696 	0.00018854 	-0.116452 	0.00101988 	
2.915	2.17852 	-0.0900725 	-1.76693 	0.000160121 	-0.116452 	0.00100878 	
2.92	2.17846 	-0.0905439 	-1.76691 	0.00013355 	-0.116452 	0.000998381 	
2.925	2.17957 	-0.0877427 	-1.76566 	0.000252544 	-0.116454 	0.000952411 	
2.93	2.17952 	-0.0883205 	-1.76566 	0.000220119 	-0.116456 	0.000939692 	
2.935	2.17944 	-0.0889064 	-1.76563 	0.000187163 	-0.116456 	0.000926818 	
2.94	2.17902 	-0.0889974 	-1.76506 	0.000123844 	-0.116412 	0.000969076 	
2.945	2.17896 	-0.0894938 	-1.76504 	9.58751e-05 	-0.116413 	0.000958105 	
2.95	2.18012 	-0.0865484 	-1.76372 	0.00022105 	-0.116414 	0.000909845 	
2.955	2.18008 	-0.0871553 	-1.76372 	0.000187015 	-0.116417 	0.000896463 	
2.96	2.17999 	-0.0877707 	-1.7637 	0.000152422 	-0.116418 	0.000882922 	
2.965	2.17991 	-0.0883293 	-1.76366 	0.000120971 	-0.116418 	0.00087059 	
2.97	2.18087 	-0.085935 	-1.76252 	0.000221061 	-0.116419 	0.000826587 	
2.975	2.1808 	-0.0865716 	-1.76251 	0.000185328 	-0.116421 	0.000812545 	
2.98	2.18071 	-0.0872079 	-1.76248 	0.000149553 	-0.116421 	0.000798522 	
2.985	2.18083 	-0.0880712 	-1.7628 	0.000138397 	-0.116449 	0.000751025 	
2.99	2.18181 	-0.0856538 	-1.76164 	0.000239399 	-0.11645 	0.000706132 	
2.995	2.18174 	-0.0863131 	-1.76163 	0.000202407 	-0.116452 	0.000691559 	
3	2.18165 	-0.0869716 	-1.7616 	0.000165396 	-0.116453 	0.000677017 	
3.005	2.18156 	-0.0875728 	-1.76157 	0.000131575 	-0.116453 	0.000663699 	
3.01	2.18257 	-0.0850797 	-1.76038 	0.000235815 	-0.116454 	0.000617379 	
3.015	2.1825 	-0.0857608 	-1.76037 	0.000197614 	-0.116456 	0.000602295 	
3.02	2.18241 	-0.0864406 	-1.76035 	0.000159423 	-0.116457 	0.000587258 	
3.025	2.18232 	-0.0870612 	-1.76032 	0.000124522 	-0.116457 	0.000573486 	
3.03	2.18361 	-0.0848097 	-1.75948 	0.000256849 	-0.11649 	0.000486277 	
3.035	2.18355 	-0.0855132 	-1.75948 	0.00021741 	-0.116492 	0.000470666 	
3.04	2.18345 	-0.0862163 	-1.75945 	0.000177927 	-0.116493 	0.000455084 	
3.045	2.18336 	-0.0868586 	-1.75942 	0.000141818 	-0.116493 	0.000440805 	
3.05	2.18443 	-0.0842119 	-1.75815 	0.000252685 	-0.116495 	0.000391614 	
3.055	2.18437 	-0.084939 	-1.75815 	0.000211942 	-0.116497 	0.000375447 	
3.06	2.18427 	-0.0856643 	-1.75813 	0.000171223 	-0.116498 	0.000359345 	
3.065	2.18426 	-0.0864365 	-1.75823 	0.000142535 	-0.116509 	0.000331023 	
3.07	2.18536 	-0.0837172 	-1.75693 	0.000256544 	-0.11651 	0.000280465 	
3.075	2.18531 	-0.084467 	-1.75693 	0.000214549 	-0.116513 	0.00026376 	
3.08	2.1852 	-0.0852148 	-1.7569 	0.000172578 	-0.116514 	0.000247126 	
3.085	2.18511 	-0.0858975 	-1.75687 	0.000134226 	-0.116514 	0.000231898 	
3.09	2.18624 	-0.0831094 	-1.75554 	0.000251193 	-0.116515 	0.000180002 	
3.095	2.18618 	-0.0838814 	-1.75554 	0.000207969 	-0.116518 	0.000162769 	
3.1	2.18593 	-0.0844566 	-1.75527 	0.000149628 	-0.116499 	0.000169652 	
3.105	2.18583 	-0.0851589 	-1.75524 	0.000110183 	-0.1165 	0.000153959 	
3.11	2.18699 	-0.0823045 	-1.75387 	0.000229998 	-0.116501 	0.000100796 	
3.115	2.18693 	-0.0830974 	-1.75387 	0.000185622 	-0.116504 	8.30629e-05 	
3.12	2.18682 	-0.0838877 	-1.75385 	0.000141301 	-0.116505 	6.54238e-05 	
3.125	2.18672 	-0.0846091 	-1.75382 	0.0001008 	-0.116505 	4.92781e-05 	
3.13	2.18791 	-0.0816922 	-1.75241 	0.000223319 	-0.116506 	-5.12149e-06 	
3.135	2.18785 	-0.0825069 	-1.75242 	0.000177744 	-0.116509 	-2.33801e-05 	
3.14	2.18774 	-0.0833186 	-1.75239 	0.000132241 	-0.11651 	-4.15303e-05 	
3.145	2.18764 	-0.0840595 	-1.75236 	9.06578e-05 	-0.116511 	-5.81421e-05 	
3.15	2.18884 	-0.0810836 	-1.75093 	0.000215739 	-0.116512 	-0.000113732 	
3.155	2.18879 	-0.0819194 	-1.75093 	0.000168997 	-0.116515 	-0.000132504 	
3.16	2.18837 	-0.082358 	-1.75042 	9.12197e-05 	-0.116477 	-0.000102269 	
3.165	2.18826 	-0.0831175 	-1.75039 	4.86055e-05 	-0.116477 	-0.000119328 	
3.17	2.18949 	-0.0800847 	-1.74892 	0.000176121 	-0.116478 	-0.000176021 	
3.175	2.18943 	-0.0809392 	-1.74893 	0.000128355 	-0.116482 	-0.000195248 	
3.18	2.18932 	-0.0817902 	-1.7489 	8.06885e-05 	-0.116483 	-0.000214346 	
3.185	2.19024 	-0.0796206 	-1.74773 	0.000168921 	-0.116483 	-0.000263839 	
3.19	2.19014 	-0.0804973 	-1.74772 	0.000119865 	-0.116485 	-0.000283548 	
3.195	2.19002 	-0.0813582 	-1.74768 	7.16398e-05 	-0.116485 	-0.000302886 	
3.2	2.18991 	-0.0821482 	-1.74765 	2.73491e-05 	-0.116485 	-0.000320689 	
3.205	2.19108 	-0.0790299 	-1.74607 	0.000148586 	-0.116479 	-0.000368272 	
3.21	2.19102 	-0.0799145 	-1.74608 	9.91697e-05 	-0.116482 	-0.000388257 	
3.215	2.19091 	-0.0807939 	-1.74606 	4.99477e-05 	-0.116483 	-0.000408063 	
3.22	2.19185 	-0.0785708 	-1.74486 	0.000140489 	-0.116484 	-0.000458935 	
3.225	2.19175 	-0.0794763 	-1.74485 	8.98596e-05 	-0.116486 	-0.00047937 	
3.23	2.19163 	-0.0803652 	-1.74482 	4.01008e-05 	-0.116486 	-0.00049941 	
3.235	2.19255 	-0.0781999 	-1.74363 	0.000128015 	-0.116486 	-0.000550039 	
3.24	2.19245 	-0.0791151 	-1.74362 	7.68571e-05 	-0.116488 	-0.000570727 	
3.245	2.19233 	-0.0800125 	-1.74359 	2.66401e-05 	-0.116489 	-0.000590993 	
3.25	2.19366 	-0.078329 	-1.74302 	0.000155535 	-0.116539 	-0.000704272 	
3.255	2.19357 	-0.0792536 	-1.74301 	0.00010387 	-0.116541 	-0.000725211 	
3.26	2.19345 	-0.0801617 	-1.74299 	5.30701e-05 	-0.116542 	-0.000745759 	
3.265	2.19439 	-0.0779608 	-1.74179 	0.000142635 	-0.116542 	-0.000797328 	
3.27	2.19429 	-0.0788963 	-1.74178 	9.03756e-05 	-0.116544 	-0.000818555 	
3.275	2.19417 	-0.0798134 	-1.74176 	3.90855e-05 	-0.116545 	-0.000839342 	
3.28	2.19512 	-0.0775914 	-1.74055 	0.000129615 	-0.116546 	-0.000891359 	
3.285	2.19503 	-0.0785357 	-1.74054 	7.6882e-05 	-0.116548 	-0.000912823 	
3.29	2.19508 	-0.0796686 	-1.74078 	4.19996e-05 	-0.116569 	-0.000959801 	
3.295	2.19604 	-0.0774275 	-1.73956 	0.00013343 	-0.11657 	-0.00101226 	
3.3	2.19595 	-0.0783815 	-1.73955 	8.01745e-05 	-0.116572 	-0.00103398 	
3.305	2.19583 	-0.0793169 	-1.73953 	2.789e-05 	-0.116573 	-0.00105525 	
3.31	2.1968 	-0.0770593 	-1.7383 	0.000120069 	-0.116574 	-0.00110815 	
3.315	2.19671 	-0.0780222 	-1.7383 	6.63307e-05 	-0.116576 	-0.00113011 	
3.32	2.19659 	-0.078966 	-1.73828 	1.35943e-05 	-0.116577 	-0.00115161 	
3.325	2.19756 	-0.0766904 	-1.73705 	0.000106666 	-0.116577 	-0.00120486 	
3.33	1.88266 	0.0246307 	-1.12536 	-0.00718566 	-0.0907869 	-0.00241671 	
3.335	0.944235 	0.331134 	0.708772 	-0.0290376 	-0.0136312 	-0.00595241 	
3.34	0.916269 	0.371711 	0.984956 	-0.0362139 	-0.00550709 	-0.00294875 	
3.345	0.792568 	0.488846 	1.84695 	-0.0580335 	0.0212088 	0.00629312 	
3.35	0.826804 	0.530181 	2.1321 	-0.0670134 	0.0276641 	0.0109899 	
3.355	0.843068 	0.620254 	2.67998 	-0.082388 	0.0413735 	0.0179756 	
3.36	0.54147 	0.717906 	3.10144 	-0.0873723 	0.062167 	0.0140559 	
3.365	-0.451868 	1.07326 	4.78191 	-0.110398 	0.138131 	0.00522639 	
3.37	-0.266028 	1.0106 	4.45671 	-0.106434 	0.123445 	0.00644699 	
3.375	-0.135621 	1.01667 	4.54673 	-0.112082 	0.12165 	0.011368 	
3.38	0.0354288 	1.02658 	4.69428 	-0.120214 	0.120095 	0.0183202 	
3.385	0.366097 	0.961024 	4.46308 	-0.122142 	0.103316 	0.0255328 	
3.39	0.58477 	0.887912 	4.16512 	-0.115487 	0.0886107 	0.0259434 	
3.395	0.444964 	0.733241 	4.43708 	-0.0893913 	0.100795 	0.0225293 	
3.4	-0.266421 	0.454097 	5.6441 	-0.0470842 	0.156491 	0.0278518 	
3.405	-0.540523 	0.305653 	5.92424 	-0.0310171 	0.172964 	0.0322486 	
3.41	-1.25148 	0.100781 	7.09236 	0.00123429 	0.22654 	0.0376033 	
3.415	-1.33009 	0.0136663 	7.1865 	0.0144569 	0.231581 	0.0359742 	
3.42	-1.9969 	-0.178508 	8.29503 	0.0430701 	0.282722 	0.0418591 	
3.425	-2.0146 	-0.239793 	8.30916 	0.053826 	0.283771 	0.0394828 	
3.43	-2.60281 	-0.409953 	9.34859 	0.0803602 	0.330414 	0.0432392 	
3.435	-2.74066 	-0.487286 	9.34881 	0.0864272 	0.335168 	0.0471735 	
3.44	-3.33762 	-0.645237 	10.3352 	0.110147 	0.380823 	0.0528116 	
