0	2.09336 	-0.0526233 	-1.46468 	-0.00347392 	-0.0946684 	0.00189621 	
0.005	2.09058 	-0.0555229 	-1.472 	-0.00319835 	-0.0949879 	0.00208105 	
0.01	2.08801 	-0.0582103 	-1.47879 	-0.00294294 	-0.095284 	0.00225235 	
0.015	2.08562 	-0.060701 	-1.48508 	-0.00270623 	-0.0955584 	0.00241112 	
0.02	2.08341 	-0.0630094 	-1.49092 	-0.00248684 	-0.0958127 	0.00255827 	
0.025	2.08137 	-0.0651488 	-1.49632 	-0.00228351 	-0.0960485 	0.00269464 	
0.03	2.07947 	-0.0671315 	-1.50133 	-0.00209506 	-0.096267 	0.00282104 	
0.035	2.07771 	-0.0689692 	-1.50597 	-0.00192041 	-0.0964696 	0.00293818 	
0.04	2.07608 	-0.0706722 	-1.51027 	-0.00175854 	-0.0966574 	0.00304674 	
0.045	2.07457 	-0.0722506 	-1.51425 	-0.00160852 	-0.0968314 	0.00314735 	
0.05	2.07317 	-0.0737134 	-1.51794 	-0.00146948 	-0.0969928 	0.0032406 	
0.055	2.07187 	-0.0750691 	-1.52137 	-0.00134063 	-0.0971425 	0.00332701 	
0.06	2.07067 	-0.0763254 	-1.52453 	-0.0012212 	-0.0972813 	0.0034071 	
0.065	2.06956 	-0.0774898 	-1.52747 	-0.00111052 	-0.0974099 	0.00348132 	
0.07	2.06853 	-0.0785688 	-1.53019 	-0.00100795 	-0.0975293 	0.0035501 	
0.075	2.06758 	-0.0795687 	-1.53271 	-0.000912883 	-0.09764 	0.00361384 	
0.08	2.0667 	-0.0804954 	-1.53504 	-0.000824781 	-0.0977427 	0.0036729 	
0.085	2.06588 	-0.0813541 	-1.5372 	-0.000743133 	-0.097838 	0.00372764 	
0.09	2.06512 	-0.0821498 	-1.5392 	-0.000667466 	-0.0979265 	0.00377836 	
0.095	2.06443 	-0.0828872 	-1.54105 	-0.000597342 	-0.0980086 	0.00382536 	
0.1	2.06378 	-0.0835704 	-1.54276 	-0.000532357 	-0.0980848 	0.00386891 	
0.105	2.06318 	-0.0842035 	-1.54434 	-0.000472134 	-0.0981556 	0.00390926 	
0.11	2.06263 	-0.0847901 	-1.54581 	-0.000416326 	-0.0982213 	0.00394665 	
0.115	2.06212 	-0.0853336 	-1.54716 	-0.00036461 	-0.0982824 	0.00398129 	
0.12	2.06165 	-0.0858372 	-1.54841 	-0.000316686 	-0.0983392 	0.00401338 	
0.125	2.06122 	-0.0863037 	-1.54957 	-0.000272277 	-0.098392 	0.00404311 	
0.13	2.06082 	-0.0867359 	-1.55064 	-0.000231126 	-0.0984411 	0.00407065 	
0.135	2.06045 	-0.0871363 	-1.55163 	-0.000192996 	-0.0984869 	0.00409616 	
0.14	2.06011 	-0.0875071 	-1.55254 	-0.000157664 	-0.0985294 	0.00411979 	
0.145	2.0598 	-0.0878507 	-1.55338 	-0.000124928 	-0.0985691 	0.00414168 	
0.15	2.05886 	-0.0873441 	-1.55325 	-0.000159047 	-0.0985235 	0.00425217 	
0.155	2.0586 	-0.0876388 	-1.55397 	-0.000130945 	-0.098558 	0.00427094 	
0.16	2.05836 	-0.0879116 	-1.55463 	-0.00010491 	-0.0985902 	0.00428832 	
0.165	2.05651 	-0.0867939 	-1.5576 	-1.64204e-05 	-0.0986237 	0.00429615 	
0.17	2.05662 	-0.0870962 	-1.55831 	2.46445e-06 	-0.098664 	0.00431007 	
0.175	2.05666 	-0.0873897 	-1.5589 	1.91032e-05 	-0.0987007 	0.00432246 	
0.18	2.05663 	-0.0876539 	-1.55938 	3.48395e-05 	-0.0987322 	0.00433389 	
0.185	2.0566 	-0.0878984 	-1.55982 	4.94125e-05 	-0.0987617 	0.00434447 	
0.19	2.05657 	-0.0881248 	-1.56022 	6.29071e-05 	-0.0987893 	0.00435425 	
0.195	2.05655 	-0.0883343 	-1.56059 	7.54019e-05 	-0.0988152 	0.0043633 	
0.2	2.05654 	-0.0885282 	-1.56092 	8.69698e-05 	-0.0988394 	0.00437167 	
0.205	2.05653 	-0.0887076 	-1.56123 	9.76784e-05 	-0.0988622 	0.0043794 	
0.21	2.05652 	-0.0888736 	-1.56151 	0.00010759 	-0.0988836 	0.00438654 	
0.215	2.05652 	-0.0890271 	-1.56176 	0.000116763 	-0.0989037 	0.00439314 	
0.22	2.05652 	-0.089169 	-1.56199 	0.000125251 	-0.0989227 	0.00439923 	
0.225	2.05652 	-0.0893003 	-1.56219 	0.000133104 	-0.0989406 	0.00440485 	
0.23	2.05479 	-0.0879614 	-1.56491 	0.00020968 	-0.0989612 	0.00440137 	
0.235	2.05514 	-0.0881477 	-1.56525 	0.000212618 	-0.0989908 	0.00440512 	
0.24	2.05541 	-0.0883342 	-1.56548 	0.000214427 	-0.0990173 	0.00440803 	
0.245	2.05557 	-0.088498 	-1.56562 	0.000216457 	-0.0990391 	0.00441066 	
0.25	2.05572 	-0.0886495 	-1.56574 	0.000218322 	-0.0990597 	0.00441307 	
0.255	2.05586 	-0.0887895 	-1.56585 	0.000220036 	-0.0990791 	0.00441527 	
0.26	2.056 	-0.0889189 	-1.56594 	0.000221608 	-0.0990975 	0.00441729 	
0.265	2.05613 	-0.0890384 	-1.56602 	0.000223049 	-0.0991149 	0.00441913 	
0.27	2.05626 	-0.0891487 	-1.56608 	0.000224368 	-0.0991315 	0.00442081 	
0.275	2.05638 	-0.0892506 	-1.56613 	0.000225574 	-0.0991472 	0.00442234 	
0.28	2.05475 	-0.0878916 	-1.56871 	0.000296145 	-0.0991658 	0.00441542 	
0.285	2.05521 	-0.0880528 	-1.56892 	0.000293338 	-0.0991936 	0.00441564 	
0.29	2.05609 	-0.0888837 	-1.56976 	0.000341961 	-0.0992854 	0.00434188 	
0.295	2.05634 	-0.0890257 	-1.56978 	0.000339052 	-0.0993059 	0.00434144 	
0.3	2.05658 	-0.0891569 	-1.56979 	0.000336339 	-0.0993252 	0.00434101 	
0.305	2.0568 	-0.0892781 	-1.56979 	0.000333806 	-0.0993436 	0.00434058 	
0.31	2.05701 	-0.0893898 	-1.56979 	0.000331441 	-0.0993611 	0.00434015 	
0.315	2.05721 	-0.089493 	-1.56977 	0.000329229 	-0.0993778 	0.00433971 	
0.32	2.05575 	-0.0882218 	-1.57215 	0.000392825 	-0.099397 	0.00433174 	
0.325	2.05625 	-0.0883795 	-1.57228 	0.000387289 	-0.0994248 	0.00433032 	
0.33	2.05666 	-0.088539 	-1.57233 	0.00038127 	-0.09945 	0.00432842 	
0.335	2.05696 	-0.0886781 	-1.5723 	0.00037602 	-0.099471 	0.00432659 	
0.34	2.05725 	-0.0888065 	-1.57226 	0.000371135 	-0.0994909 	0.00432485 	
0.345	2.05752 	-0.088925 	-1.57222 	0.000366587 	-0.0995099 	0.00432321 	
0.35	2.05777 	-0.0890343 	-1.57216 	0.000362352 	-0.0995279 	0.00432164 	
0.355	2.05802 	-0.0891351 	-1.57211 	0.000358407 	-0.0995451 	0.00432016 	
0.36	2.05641 	-0.0877202 	-1.57471 	0.000427619 	-0.0995654 	0.00431083 	
0.365	2.057 	-0.0878848 	-1.57484 	0.000420132 	-0.0995958 	0.00430839 	
0.37	2.05748 	-0.0880513 	-1.57485 	0.000412231 	-0.099623 	0.00430547 	
0.375	2.05783 	-0.0881956 	-1.57479 	0.000405294 	-0.0996453 	0.00430267 	
0.38	2.05816 	-0.0883287 	-1.57472 	0.000398844 	-0.0996664 	0.00430003 	
0.385	2.05847 	-0.0884514 	-1.57464 	0.000392845 	-0.0996866 	0.00429755 	
0.39	2.05876 	-0.0885646 	-1.57456 	0.000387263 	-0.0997058 	0.0042952 	
0.395	2.05724 	-0.0871997 	-1.57708 	0.000453532 	-0.0997279 	0.00428571 	
0.4	2.05786 	-0.0873732 	-1.57718 	0.000444706 	-0.0997597 	0.00428254 	
0.405	2.05838 	-0.0875478 	-1.57717 	0.000435573 	-0.0997884 	0.00427894 	
0.41	2.05876 	-0.0876997 	-1.57709 	0.000427484 	-0.0998121 	0.0042755 	
0.415	2.05913 	-0.0878399 	-1.57699 	0.000419965 	-0.0998347 	0.00427226 	
0.42	2.05947 	-0.0879691 	-1.5769 	0.000412974 	-0.0998563 	0.00426922 	
0.425	2.05811 	-0.0867261 	-1.57923 	0.000473112 	-0.0998801 	0.00426 	
0.43	2.05875 	-0.0869075 	-1.57929 	0.000463354 	-0.0999127 	0.00425628 	
0.435	2.05928 	-0.0870889 	-1.57926 	0.000453399 	-0.0999424 	0.00425221 	
0.44	2.05969 	-0.0872479 	-1.57916 	0.000444513 	-0.0999675 	0.00424832 	
0.445	2.06009 	-0.0873946 	-1.57905 	0.000436255 	-0.0999914 	0.00424468 	
0.45	2.06045 	-0.0875298 	-1.57894 	0.000428578 	-0.100014 	0.00424125 	
0.455	2.05903 	-0.0862274 	-1.58139 	0.000491648 	-0.100039 	0.00423177 	
0.46	2.05971 	-0.0864183 	-1.58145 	0.000481066 	-0.100074 	0.00422767 	
0.465	2.06028 	-0.0866089 	-1.58142 	0.000470306 	-0.100106 	0.00422317 	
0.47	2.06072 	-0.0867757 	-1.5813 	0.000460703 	-0.100132 	0.00421889 	
0.475	2.06114 	-0.0869295 	-1.58118 	0.00045178 	-0.100157 	0.00421488 	
0.48	2.06154 	-0.0870713 	-1.58106 	0.000443486 	-0.100181 	0.00421111 	
0.485	2.06003 	-0.0856959 	-1.58366 	0.000510322 	-0.100208 	0.00420143 	
0.49	2.06076 	-0.0858979 	-1.58373 	0.000498923 	-0.100245 	0.00419695 	
0.495	2.06144 	-0.0861856 	-1.58378 	0.000494091 	-0.100287 	0.00418248 	
0.5	2.06191 	-0.0863615 	-1.58366 	0.000483779 	-0.100315 	0.00417781 	
0.505	2.06235 	-0.0865236 	-1.58353 	0.000474197 	-0.100342 	0.00417343 	
0.51	2.06108 	-0.0853329 	-1.58582 	0.000532018 	-0.10037 	0.00416426 	
0.515	2.06179 	-0.0855427 	-1.58585 	0.000519982 	-0.100407 	0.00415935 	
0.52	2.06241 	-0.0857505 	-1.5858 	0.000507899 	-0.100441 	0.00415412 	
0.525	2.0629 	-0.0859337 	-1.58566 	0.000497048 	-0.10047 	0.00414915 	
0.53	2.06336 	-0.0861025 	-1.58553 	0.000486966 	-0.100498 	0.00414449 	
0.535	2.06206 	-0.084888 	-1.58788 	0.000546199 	-0.100528 	0.00413536 	
0.54	2.06281 	-0.085106 	-1.58791 	0.000533603 	-0.100567 	0.00413017 	
0.545	2.06346 	-0.0853215 	-1.58785 	0.000520977 	-0.100602 	0.00412465 	
0.55	2.06397 	-0.0855114 	-1.58771 	0.000509638 	-0.100632 	0.0041194 	
0.555	2.06445 	-0.0856864 	-1.58756 	0.000499106 	-0.100661 	0.00411448 	
0.56	2.0631 	-0.0844301 	-1.59002 	0.000560719 	-0.100692 	0.00410538 	
0.565	2.06388 	-0.0846568 	-1.59005 	0.000547546 	-0.100733 	0.00409992 	
0.57	2.06455 	-0.0848808 	-1.58999 	0.000534352 	-0.10077 	0.00409409 	
0.575	2.06508 	-0.085078 	-1.58984 	0.00052251 	-0.100801 	0.00408855 	
0.58	2.06558 	-0.0852598 	-1.58968 	0.00051151 	-0.100831 	0.00408336 	
0.585	2.06418 	-0.0839623 	-1.59223 	0.000575532 	-0.100863 	0.00407433 	
0.59	2.065 	-0.0841983 	-1.59227 	0.000561764 	-0.100905 	0.00406859 	
0.595	2.0657 	-0.0844312 	-1.5922 	0.000547984 	-0.100944 	0.00406246 	
0.6	2.06625 	-0.0846361 	-1.59205 	0.000535624 	-0.100976 	0.00405661 	
0.605	2.06677 	-0.084825 	-1.59189 	0.000524145 	-0.101007 	0.00405113 	
0.61	2.06531 	-0.0834888 	-1.59453 	0.000590511 	-0.10104 	0.00404225 	
0.615	2.06617 	-0.0837343 	-1.59457 	0.000576138 	-0.101085 	0.00403621 	
0.62	2.0669 	-0.0839765 	-1.5945 	0.000561763 	-0.101124 	0.00402975 	
0.625	2.06747 	-0.0841894 	-1.59434 	0.000548876 	-0.101158 	0.0040236 	
0.63	2.06635 	-0.0831155 	-1.59654 	0.000602086 	-0.101193 	0.00401509 	
0.635	2.06717 	-0.0833671 	-1.59653 	0.000587237 	-0.101236 	0.00400862 	
0.64	2.06788 	-0.0836134 	-1.59644 	0.000572538 	-0.101276 	0.00400188 	
0.645	2.06847 	-0.0838321 	-1.59627 	0.000559259 	-0.101311 	0.0039955 	
0.65	2.06736 	-0.082764 	-1.59847 	0.00061245 	-0.101347 	0.00398716 	
0.655	2.06819 	-0.0830211 	-1.59846 	0.000597231 	-0.101391 	0.00398047 	
0.66	2.06892 	-0.0832726 	-1.59837 	0.000582182 	-0.101431 	0.00397352 	
0.665	2.06953 	-0.083496 	-1.59819 	0.000568582 	-0.101467 	0.00396692 	
0.67	2.06839 	-0.0824098 	-1.60045 	0.000623016 	-0.101503 	0.00395876 	
0.675	2.06925 	-0.0826727 	-1.60044 	0.000607413 	-0.101549 	0.00395186 	
0.68	2.06999 	-0.0829299 	-1.60034 	0.000591987 	-0.10159 	0.00394468 	
0.685	2.07061 	-0.0831583 	-1.60017 	0.000578051 	-0.101626 	0.00393787 	
0.69	2.06944 	-0.082053 	-1.60248 	0.000633802 	-0.101664 	0.0039299 	
0.695	2.07032 	-0.0823222 	-1.60247 	0.000617796 	-0.10171 	0.00392279 	
0.7	2.07109 	-0.0825854 	-1.60237 	0.000601973 	-0.101753 	0.00391537 	
0.705	2.07133 	-0.0823223 	-1.60163 	0.000549083 	-0.10174 	0.00396411 	
0.71	2.07014 	-0.0811994 	-1.60399 	0.000606146 	-0.101779 	0.0039564 	
0.715	2.07104 	-0.0814751 	-1.60399 	0.000589722 	-0.101826 	0.00394906 	
0.72	2.07183 	-0.0817446 	-1.60389 	0.00057349 	-0.10187 	0.00394139 	
0.725	2.07247 	-0.0819837 	-1.6037 	0.000558836 	-0.101907 	0.00393412 	
0.73	2.07125 	-0.0808444 	-1.60612 	0.00061713 	-0.101946 	0.00392665 	
0.735	2.07217 	-0.0811267 	-1.60611 	0.000600279 	-0.101995 	0.00391907 	
0.74	2.07297 	-0.0814025 	-1.60601 	0.000583629 	-0.10204 	0.00391115 	
0.745	2.07363 	-0.0816472 	-1.60582 	0.000568602 	-0.102078 	0.00390363 	
0.75	2.07238 	-0.080493 	-1.60828 	0.000628082 	-0.102118 	0.00389643 	
0.755	2.07333 	-0.080782 	-1.60828 	0.000610799 	-0.102168 	0.00388861 	
0.76	2.07415 	-0.0810642 	-1.60817 	0.000593727 	-0.102213 	0.00388043 	
0.765	2.07482 	-0.0813145 	-1.60798 	0.000578323 	-0.102252 	0.00387266 	
0.77	2.07354 	-0.0801467 	-1.61049 	0.000638944 	-0.102293 	0.00386575 	
0.775	2.07451 	-0.0804423 	-1.61049 	0.000621228 	-0.102344 	0.00385769 	
0.78	2.07535 	-0.080731 	-1.61038 	0.000603731 	-0.10239 	0.00384924 	
0.785	2.07603 	-0.080987 	-1.61018 	0.000587948 	-0.10243 	0.00384121 	
0.79	2.07473 	-0.0798067 	-1.61274 	0.00064967 	-0.102471 	0.00383462 	
0.795	2.07572 	-0.080109 	-1.61275 	0.000631519 	-0.102523 	0.00382632 	
0.8	2.07657 	-0.0804042 	-1.61263 	0.000613599 	-0.10257 	0.0038176 	
0.805	2.07726 	-0.0806657 	-1.61243 	0.000597438 	-0.102611 	0.00380932 	
0.81	2.07594 	-0.0794744 	-1.61503 	0.000660218 	-0.102653 	0.00380307 	
0.815	2.07695 	-0.0797833 	-1.61504 	0.000641636 	-0.102706 	0.00379452 	
0.82	2.07782 	-0.0800848 	-1.61492 	0.000623294 	-0.102754 	0.00378554 	
0.825	2.07852 	-0.0803519 	-1.61471 	0.000606755 	-0.102795 	0.00377699 	
0.83	2.07718 	-0.0791507 	-1.61736 	0.000670554 	-0.102838 	0.00377112 	
0.835	2.07821 	-0.0794661 	-1.61737 	0.000651543 	-0.102892 	0.00376231 	
0.84	2.07909 	-0.0797738 	-1.61725 	0.000632783 	-0.102941 	0.00375306 	
0.845	2.0798 	-0.0800465 	-1.61704 	0.00061587 	-0.102983 	0.00374425 	
0.85	2.07843 	-0.0788367 	-1.61973 	0.000680647 	-0.103026 	0.00373879 	
0.855	2.07949 	-0.0791585 	-1.61973 	0.000661211 	-0.103081 	0.00372973 	
0.86	2.08038 	-0.0794724 	-1.61962 	0.000642037 	-0.103131 	0.0037202 	
0.865	2.08111 	-0.0797504 	-1.6194 	0.000624753 	-0.103173 	0.00371113 	
0.87	2.07971 	-0.0785332 	-1.62212 	0.000690467 	-0.103217 	0.0037061 	
0.875	2.08078 	-0.0788613 	-1.62214 	0.000670613 	-0.103273 	0.00369679 	
0.88	2.08169 	-0.0791812 	-1.62202 	0.000651029 	-0.103323 	0.00368699 	
0.885	2.08243 	-0.0794645 	-1.62179 	0.000633379 	-0.103366 	0.00367766 	
0.89	2.08101 	-0.0782412 	-1.62456 	0.00069999 	-0.103411 	0.00367308 	
0.895	2.0821 	-0.0785754 	-1.62457 	0.000679723 	-0.103468 	0.00366352 	
0.9	2.08306 	-0.0789496 	-1.6245 	0.000663484 	-0.103524 	0.00364793 	
0.905	2.08381 	-0.0792381 	-1.62428 	0.000645473 	-0.103567 	0.00363833 	
0.91	2.08237 	-0.0780097 	-1.62708 	0.000712934 	-0.103613 	0.00363424 	
0.915	2.08348 	-0.07835 	-1.62709 	0.000692261 	-0.10367 	0.00362443 	
0.92	2.08441 	-0.0786815 	-1.62697 	0.000671877 	-0.103722 	0.00361408 	
0.925	2.08517 	-0.0789751 	-1.62674 	0.000653511 	-0.103766 	0.00360422 	
0.93	2.08371 	-0.0777429 	-1.62957 	0.000721786 	-0.103812 	0.00360064 	
0.935	2.08483 	-0.0780889 	-1.62959 	0.000700714 	-0.10387 	0.00359058 	
0.94	2.08578 	-0.0784261 	-1.62946 	0.00067994 	-0.103922 	0.00357997 	
0.945	2.08483 	-0.0775551 	-1.63163 	0.000728104 	-0.10397 	0.00357472 	
0.95	2.08587 	-0.0779043 	-1.63156 	0.000706678 	-0.104025 	0.00356403 	
0.955	2.08678 	-0.0782418 	-1.6314 	0.000685789 	-0.104076 	0.00355314 	
0.96	2.08755 	-0.0785439 	-1.63116 	0.000666819 	-0.104121 	0.00354284 	
0.965	2.08612 	-0.0773415 	-1.63399 	0.000734475 	-0.104168 	0.00354006 	
0.97	2.08725 	-0.0776949 	-1.634 	0.000712858 	-0.104227 	0.0035296 	
0.975	2.08821 	-0.0780389 	-1.63387 	0.000691567 	-0.10428 	0.00351859 	
0.98	2.08725 	-0.0771699 	-1.63607 	0.000740461 	-0.104328 	0.00351404 	
0.985	2.0883 	-0.0775266 	-1.636 	0.000718488 	-0.104385 	0.00350296 	
0.99	2.08923 	-0.0778712 	-1.63584 	0.000697068 	-0.104437 	0.00349166 	
0.995	2.08831 	-0.0770345 	-1.63799 	0.000744458 	-0.104485 	0.00348723 	
1	2.08937 	-0.0773931 	-1.63792 	0.000722317 	-0.104542 	0.00347599 	
1.005	2.0903 	-0.0777392 	-1.63776 	0.000700753 	-0.104594 	0.00346456 	
1.01	2.08937 	-0.0769055 	-1.63992 	0.000748344 	-0.104643 	0.00346046 	
1.015	2.09043 	-0.0772661 	-1.63985 	0.000726038 	-0.104699 	0.00344909 	
1.02	2.09137 	-0.0776142 	-1.63968 	0.000704313 	-0.104752 	0.00343752 	
1.025	2.09044 	-0.0767812 	-1.64186 	0.000752243 	-0.104801 	0.00343377 	
1.03	2.09151 	-0.077144 	-1.64179 	0.00072976 	-0.104858 	0.00342227 	
1.035	2.09245 	-0.0774942 	-1.64163 	0.000707859 	-0.10491 	0.00341055 	
1.04	2.09151 	-0.0766625 	-1.64381 	0.00075611 	-0.104959 	0.00340716 	
1.045	2.09258 	-0.0770277 	-1.64375 	0.000733438 	-0.105017 	0.00339551 	
1.05	2.09353 	-0.0773802 	-1.64358 	0.000711352 	-0.10507 	0.00338365 	
1.055	2.09258 	-0.0765504 	-1.64578 	0.000759894 	-0.105119 	0.00338061 	
1.06	2.09366 	-0.0769181 	-1.64572 	0.000737025 	-0.105177 	0.00336881 	
1.065	2.09462 	-0.077273 	-1.64555 	0.000714747 	-0.10523 	0.00335679 	
1.07	2.09366 	-0.0764456 	-1.64777 	0.000763552 	-0.10528 	0.0033541 	
1.075	2.09475 	-0.0768159 	-1.6477 	0.000740481 	-0.105338 	0.00334215 	
1.08	2.09571 	-0.0771733 	-1.64754 	0.000718006 	-0.105391 	0.00332997 	
1.085	2.09475 	-0.076349 	-1.64976 	0.000767047 	-0.105441 	0.00332764 	
1.09	2.09584 	-0.0767218 	-1.6497 	0.000743772 	-0.105499 	0.00331553 	
1.095	2.0968 	-0.0770818 	-1.64953 	0.000721098 	-0.105552 	0.00330319 	
1.1	2.09584 	-0.076261 	-1.65177 	0.000770349 	-0.105602 	0.00330122 	
1.105	2.09693 	-0.0766365 	-1.6517 	0.000746869 	-0.105661 	0.00328896 	
1.11	2.0979 	-0.0769989 	-1.65153 	0.000723996 	-0.105715 	0.00327645 	
1.115	2.09693 	-0.0761822 	-1.65378 	0.000773434 	-0.105765 	0.00327484 	
1.12	2.09803 	-0.0765602 	-1.65371 	0.00074975 	-0.105824 	0.00326242 	
1.125	2.099 	-0.0769251 	-1.65355 	0.000726679 	-0.105877 	0.00324975 	
1.13	2.09832 	-0.0764966 	-1.65624 	0.000805719 	-0.105966 	0.00320406 	
1.135	2.09942 	-0.0768771 	-1.65618 	0.000781833 	-0.106025 	0.00319148 	
1.14	2.1004 	-0.0772444 	-1.65601 	0.000758565 	-0.106079 	0.00317865 	
1.145	2.09942 	-0.0764371 	-1.65827 	0.000808282 	-0.106129 	0.00317774 	
1.15	2.10053 	-0.0768201 	-1.65821 	0.000784198 	-0.106188 	0.00316501 	
1.155	2.10151 	-0.0771898 	-1.65804 	0.000760737 	-0.106243 	0.00315201 	
1.16	2.10052 	-0.0763879 	-1.66031 	0.000810576 	-0.106293 	0.00315148 	
1.165	2.10163 	-0.0767733 	-1.66024 	0.000786296 	-0.106352 	0.00313859 	
1.17	2.10261 	-0.0771452 	-1.66007 	0.000762646 	-0.106407 	0.00312543 	
1.175	2.10162 	-0.0763491 	-1.66235 	0.000812586 	-0.106457 	0.00312527 	
1.18	2.10274 	-0.0767368 	-1.66228 	0.000788116 	-0.106517 	0.00311223 	
1.185	2.10372 	-0.077111 	-1.66211 	0.000764281 	-0.106571 	0.00309892 	
1.19	2.10272 	-0.076321 	-1.66439 	0.000814302 	-0.106622 	0.00309914 	
1.195	2.10384 	-0.0767109 	-1.66432 	0.000789646 	-0.106681 	0.00308595 	
1.2	2.10483 	-0.0770872 	-1.66415 	0.000765632 	-0.106736 	0.00307249 	
1.205	2.10383 	-0.0763038 	-1.66643 	0.000815714 	-0.106786 	0.00307309 	
1.21	2.10495 	-0.0766959 	-1.66637 	0.000790879 	-0.106846 	0.00305975 	
1.215	2.10594 	-0.0770742 	-1.6662 	0.000766691 	-0.106901 	0.00304613 	
1.22	2.10493 	-0.0762976 	-1.66848 	0.000816815 	-0.106951 	0.00304712 	
1.225	2.10606 	-0.0766917 	-1.66841 	0.000791807 	-0.107011 	0.00303364 	
1.23	2.10705 	-0.0770719 	-1.66824 	0.00076745 	-0.107066 	0.00301987 	
1.235	2.10604 	-0.0763026 	-1.67053 	0.000817597 	-0.107116 	0.00302124 	
1.24	2.10716 	-0.0766985 	-1.67046 	0.000792422 	-0.107176 	0.00300762 	
1.245	2.10815 	-0.0770806 	-1.67029 	0.000767904 	-0.107231 	0.00299372 	
1.25	2.10714 	-0.0763188 	-1.67258 	0.000818054 	-0.107282 	0.00299547 	
1.255	2.10827 	-0.0767165 	-1.67251 	0.000792719 	-0.107341 	0.00298171 	
1.26	2.10926 	-0.0771003 	-1.67234 	0.000768046 	-0.107396 	0.00296767 	
1.265	2.10825 	-0.0763464 	-1.67463 	0.00081818 	-0.107447 	0.00296981 	
1.27	2.10937 	-0.0767457 	-1.67456 	0.000792694 	-0.107507 	0.00295592 	
1.275	2.11037 	-0.077131 	-1.67439 	0.000767873 	-0.107561 	0.00294174 	
1.28	2.10935 	-0.0763853 	-1.67668 	0.000817972 	-0.107612 	0.00294428 	
1.285	2.11048 	-0.0767862 	-1.67661 	0.000792341 	-0.107672 	0.00293026 	
1.29	2.11147 	-0.077173 	-1.67644 	0.00076738 	-0.107726 	0.00291595 	
1.295	2.11045 	-0.0764357 	-1.67872 	0.000817425 	-0.107777 	0.00291887 	
1.3	2.11138 	-0.0765805 	-1.67835 	0.000772037 	-0.107811 	0.00293488 	
1.305	2.11237 	-0.0769686 	-1.67818 	0.000746943 	-0.107865 	0.00292044 	
1.31	2.11136 	-0.0762401 	-1.68047 	0.000796936 	-0.107916 	0.00292377 	
1.315	2.11248 	-0.0766437 	-1.6804 	0.000771038 	-0.107976 	0.00290951 	
1.32	2.11347 	-0.077033 	-1.68022 	0.000745819 	-0.10803 	0.00289495 	
1.325	2.11246 	-0.0763135 	-1.68251 	0.000795721 	-0.108081 	0.00289867 	
1.33	2.11358 	-0.0767181 	-1.68244 	0.000769702 	-0.10814 	0.00288429 	
1.335	2.11457 	-0.0771085 	-1.68226 	0.000744366 	-0.108194 	0.00286962 	
1.34	2.11355 	-0.0763982 	-1.68454 	0.000794159 	-0.108245 	0.00287373 	
1.345	2.11467 	-0.0768039 	-1.68447 	0.000768028 	-0.108304 	0.00285924 	
1.35	2.11566 	-0.0771952 	-1.6843 	0.000742583 	-0.108359 	0.00284446 	
1.355	2.11464 	-0.0764944 	-1.68657 	0.000792248 	-0.108409 	0.00284895 	
1.36	2.11576 	-0.0769009 	-1.6865 	0.000766012 	-0.108468 	0.00283436 	
1.365	2.11675 	-0.077293 	-1.68632 	0.000740467 	-0.108522 	0.00281947 	
1.37	2.11573 	-0.0766019 	-1.68859 	0.000789986 	-0.108572 	0.00282434 	
1.375	2.11684 	-0.0770091 	-1.68852 	0.000763656 	-0.108632 	0.00280965 	
1.38	2.11783 	-0.0774019 	-1.68835 	0.000738019 	-0.108685 	0.00279466 	
1.385	2.11681 	-0.0767207 	-1.69061 	0.000787373 	-0.108735 	0.00279991 	
1.39	2.11792 	-0.0771285 	-1.69054 	0.000760957 	-0.108794 	0.00278513 	
1.395	2.11891 	-0.0775219 	-1.69036 	0.000735237 	-0.108848 	0.00277005 	
1.4	2.11789 	-0.0768508 	-1.69262 	0.000784407 	-0.108898 	0.00277567 	
1.405	2.119 	-0.077259 	-1.69255 	0.000757915 	-0.108957 	0.0027608 	
1.41	2.11998 	-0.0776527 	-1.69237 	0.000732121 	-0.10901 	0.00274564 	
1.415	2.11897 	-0.0769919 	-1.69462 	0.000781091 	-0.10906 	0.00275163 	
1.42	2.12007 	-0.0774004 	-1.69455 	0.000754531 	-0.109118 	0.00273668 	
1.425	2.12105 	-0.0777944 	-1.69437 	0.000728672 	-0.109172 	0.00272143 	
1.43	2.12004 	-0.0771441 	-1.69661 	0.000777422 	-0.109221 	0.00272779 	
1.435	2.12114 	-0.0775527 	-1.69654 	0.000750805 	-0.10928 	0.00271276 	
1.44	2.12211 	-0.0779468 	-1.69636 	0.00072489 	-0.109333 	0.00269744 	
1.445	2.1211 	-0.0773071 	-1.69859 	0.000773403 	-0.109382 	0.00270416 	
1.45	2.12219 	-0.0777158 	-1.69852 	0.000746738 	-0.10944 	0.00268906 	
1.455	2.12316 	-0.0781098 	-1.69834 	0.000720777 	-0.109493 	0.00267367 	
1.46	2.12216 	-0.0774809 	-1.70056 	0.000769035 	-0.109542 	0.00268074 	
1.465	2.12325 	-0.0778894 	-1.70048 	0.000742331 	-0.109599 	0.00266558 	
1.47	2.1242 	-0.0782759 	-1.7003 	0.000715771 	-0.109651 	0.00265101 	
1.475	2.1232 	-0.0776579 	-1.70251 	0.000763757 	-0.1097 	0.00265843 	
1.48	2.12429 	-0.078066 	-1.70243 	0.000737025 	-0.109757 	0.00264321 	
1.485	2.12524 	-0.0784596 	-1.70226 	0.000711001 	-0.10981 	0.00262771 	
1.49	2.12425 	-0.0778527 	-1.70445 	0.000758695 	-0.109858 	0.00263546 	
1.495	2.12532 	-0.0782604 	-1.70438 	0.000731946 	-0.109915 	0.00262019 	
1.5	2.12628 	-0.0786535 	-1.7042 	0.000705905 	-0.109967 	0.00260464 	
1.505	2.12529 	-0.0780578 	-1.70639 	0.000753291 	-0.110015 	0.00261273 	
1.51	2.12636 	-0.0784648 	-1.70631 	0.000726534 	-0.110072 	0.00259742 	
1.515	2.1273 	-0.0788573 	-1.70613 	0.000700486 	-0.110124 	0.00258183 	
1.52	2.12632 	-0.0782729 	-1.7083 	0.000747546 	-0.110171 	0.00259024 	
1.525	2.12738 	-0.0786792 	-1.70823 	0.000720792 	-0.110228 	0.00257489 	
1.53	2.12832 	-0.0790709 	-1.70805 	0.000694747 	-0.110279 	0.00255926 	
1.535	2.12734 	-0.0784979 	-1.71021 	0.000741464 	-0.110327 	0.00256799 	
1.54	2.1284 	-0.0789032 	-1.71013 	0.000714723 	-0.110383 	0.00255261 	
1.545	2.12933 	-0.0792941 	-1.70996 	0.000688692 	-0.110434 	0.00253696 	
1.55	2.12836 	-0.0787325 	-1.7121 	0.000735048 	-0.110481 	0.00254599 	
1.555	2.1294 	-0.0791367 	-1.71202 	0.000708332 	-0.110536 	0.00253059 	
1.56	2.13033 	-0.0795265 	-1.71184 	0.000682325 	-0.110587 	0.00251492 	
1.565	2.12936 	-0.0789765 	-1.71397 	0.000728303 	-0.110634 	0.00252425 	
1.57	2.1304 	-0.0793795 	-1.71389 	0.000701622 	-0.110689 	0.00250882 	
1.575	2.13132 	-0.0797681 	-1.71372 	0.00067565 	-0.110739 	0.00249314 	
1.58	2.13211 	-0.0801156 	-1.71346 	0.000652089 	-0.110783 	0.00247838 	
1.585	2.13059 	-0.0792862 	-1.71628 	0.000720053 	-0.110828 	0.00249645 	
1.59	2.13171 	-0.0796886 	-1.71629 	0.000693525 	-0.110887 	0.00248172 	
1.595	2.13267 	-0.0800803 	-1.71615 	0.00066737 	-0.110938 	0.00246613 	
1.6	2.13166 	-0.0795316 	-1.7183 	0.000714458 	-0.110984 	0.00247681 	
1.605	2.13269 	-0.0799344 	-1.71822 	0.000687693 	-0.111038 	0.00246127 	
1.61	2.1336 	-0.0803232 	-1.71805 	0.000661614 	-0.111088 	0.00244546 	
1.615	2.13437 	-0.0806708 	-1.7178 	0.000637968 	-0.111131 	0.00243056 	
1.62	2.13287 	-0.0798781 	-1.72056 	0.000704634 	-0.111176 	0.00244937 	
1.625	2.13397 	-0.0802792 	-1.72056 	0.000678085 	-0.111233 	0.00243451 	
1.63	2.13491 	-0.0806697 	-1.72042 	0.000651916 	-0.111283 	0.00241882 	
1.635	2.13392 	-0.0801514 	-1.72253 	0.000697797 	-0.111328 	0.00242999 	
1.64	2.13492 	-0.0805521 	-1.72245 	0.000671069 	-0.111381 	0.00241438 	
1.645	2.13581 	-0.0809388 	-1.72228 	0.000645035 	-0.11143 	0.0023985 	
1.65	2.13657 	-0.0812845 	-1.72203 	0.000621425 	-0.111472 	0.00238357 	
1.655	2.13511 	-0.0805308 	-1.72473 	0.000686503 	-0.111516 	0.00240298 	
1.66	2.13656 	-0.0814416 	-1.72533 	0.00069851 	-0.111623 	0.00232686 	
1.665	2.13748 	-0.0818288 	-1.72519 	0.00067246 	-0.111672 	0.00231117 	
1.67	2.13822 	-0.0821718 	-1.72494 	0.000648983 	-0.111714 	0.00229627 	
1.675	2.13673 	-0.0814166 	-1.72767 	0.000714978 	-0.111757 	0.0023167 	
1.68	2.13779 	-0.0818133 	-1.72767 	0.000688572 	-0.111812 	0.00230181 	
1.685	2.1387 	-0.0821998 	-1.72753 	0.000662525 	-0.111861 	0.00228609 	
1.69	2.13944 	-0.0825419 	-1.72728 	0.00063906 	-0.111902 	0.00227116 	
1.695	2.13796 	-0.0818081 	-1.72996 	0.000704164 	-0.111944 	0.0022919 	
1.7	2.139 	-0.0822031 	-1.72996 	0.000677815 	-0.111999 	0.00227698 	
1.705	2.1399 	-0.0825879 	-1.72982 	0.000651828 	-0.112047 	0.00226125 	
1.71	2.14063 	-0.0829287 	-1.72957 	0.000628413 	-0.112088 	0.00224633 	
1.715	2.13917 	-0.0822182 	-1.73222 	0.000692429 	-0.112129 	0.00226728 	
1.72	2.1402 	-0.0826107 	-1.73221 	0.00066619 	-0.112183 	0.00225236 	
1.725	2.14108 	-0.082993 	-1.73207 	0.000640314 	-0.11223 	0.00223666 	
1.73	2.1418 	-0.0833318 	-1.73183 	0.000616995 	-0.112271 	0.00222177 	
1.735	2.14037 	-0.0826443 	-1.73442 	0.000679886 	-0.112312 	0.0022429 	
1.74	2.14137 	-0.0830337 	-1.73441 	0.000653802 	-0.112364 	0.00222801 	
1.745	2.14224 	-0.0834129 	-1.73428 	0.000628083 	-0.112411 	0.00221236 	
1.75	2.14295 	-0.0837491 	-1.73403 	0.0006049 	-0.11245 	0.00219754 	
1.755	2.14154 	-0.0830845 	-1.73658 	0.000666641 	-0.112491 	0.00221883 	
1.76	2.14253 	-0.08347 	-1.73657 	0.000640752 	-0.112543 	0.002204 	
1.765	2.14338 	-0.0838457 	-1.73643 	0.000615227 	-0.112588 	0.00218844 	
1.77	2.14409 	-0.0841787 	-1.73619 	0.000592214 	-0.112627 	0.0021737 	
1.775	2.1427 	-0.0835366 	-1.7387 	0.000652779 	-0.112667 	0.00219512 	
1.78	2.14367 	-0.083918 	-1.73868 	0.00062712 	-0.112718 	0.00218037 	
1.785	2.14451 	-0.0842895 	-1.73854 	0.000601823 	-0.112763 	0.00216492 	
1.79	2.1452 	-0.084619 	-1.73831 	0.000579012 	-0.112801 	0.0021503 	
1.795	2.14384 	-0.0839992 	-1.74076 	0.000638369 	-0.11284 	0.00217181 	
1.8	2.14479 	-0.0843759 	-1.74074 	0.000612973 	-0.11289 	0.00215716 	
1.805	2.14561 	-0.0847429 	-1.74061 	0.000587935 	-0.112934 	0.00214183 	
1.81	2.14629 	-0.0850684 	-1.74038 	0.000565353 	-0.112972 	0.00212735 	
1.815	2.14496 	-0.0844708 	-1.74278 	0.00062347 	-0.11301 	0.00214891 	
1.82	2.14588 	-0.0848423 	-1.74276 	0.000598365 	-0.113058 	0.00213438 	
1.825	2.14669 	-0.0852044 	-1.74262 	0.000573614 	-0.113102 	0.0021192 	
1.83	2.14736 	-0.0855257 	-1.7424 	0.000551288 	-0.113139 	0.00210487 	
1.835	2.14605 	-0.08495 	-1.74475 	0.000608132 	-0.113176 	0.00212644 	
1.84	2.14696 	-0.085316 	-1.74472 	0.000583345 	-0.113224 	0.00211206 	
1.845	2.14775 	-0.0856728 	-1.74459 	0.000558908 	-0.113266 	0.00209705 	
1.85	2.14841 	-0.0859896 	-1.74437 	0.00053686 	-0.113302 	0.00208289 	
1.855	2.14713 	-0.0854355 	-1.74667 	0.000592397 	-0.113339 	0.00210443 	
1.86	2.14802 	-0.0857958 	-1.74664 	0.000567954 	-0.113386 	0.0020902 	
1.865	2.14879 	-0.086147 	-1.74651 	0.000543856 	-0.113427 	0.00207538 	
1.87	2.14943 	-0.0864589 	-1.74629 	0.00052211 	-0.113463 	0.00206141 	
1.875	2.14785 	-0.0854693 	-1.74799 	0.000542413 	-0.113453 	0.0021378 	
1.88	2.14871 	-0.0858234 	-1.74796 	0.000518338 	-0.113498 	0.00212375 	
1.885	2.14947 	-0.0861686 	-1.74783 	0.000494603 	-0.113539 	0.00210913 	
1.89	2.1501 	-0.0864754 	-1.74761 	0.000473181 	-0.113574 	0.00209536 	
1.895	2.14888 	-0.0859641 	-1.7498 	0.000526031 	-0.113609 	0.00211673 	
1.9	2.14972 	-0.0863118 	-1.74977 	0.000502349 	-0.113653 	0.00210287 	
1.905	2.15046 	-0.0866508 	-1.74964 	0.000479 	-0.113692 	0.00208847 	
1.91	2.15108 	-0.0869521 	-1.74944 	0.000457923 	-0.113726 	0.00207492 	
1.915	2.1499 	-0.086462 	-1.75157 	0.000509361 	-0.113761 	0.00209612 	
1.92	2.15072 	-0.0868028 	-1.75153 	0.000486094 	-0.113804 	0.00208246 	
1.925	2.15144 	-0.0871353 	-1.75141 	0.000463154 	-0.113842 	0.0020683 	
1.93	2.15204 	-0.087431 	-1.7512 	0.000442442 	-0.113875 	0.00205498 	
1.935	2.15261 	-0.087702 	-1.751 	0.000423342 	-0.113907 	0.00204261 	
1.94	2.15105 	-0.087048 	-1.75358 	0.000490017 	-0.11394 	0.00207196 	
1.945	2.1519 	-0.0873817 	-1.7536 	0.00046734 	-0.113984 	0.00205911 	
1.95	2.15263 	-0.0877103 	-1.75351 	0.000444703 	-0.114022 	0.0020453 	
1.955	2.15321 	-0.0879997 	-1.75331 	0.000424385 	-0.114054 	0.00203221 	
1.96	2.15376 	-0.0882651 	-1.7531 	0.00040565 	-0.114085 	0.00202005 	
1.965	2.15222 	-0.087629 	-1.75564 	0.000471429 	-0.114117 	0.00204962 	
1.97	2.15305 	-0.0879564 	-1.75567 	0.000449138 	-0.114159 	0.00203695 	
1.975	2.15376 	-0.0882791 	-1.75557 	0.000426871 	-0.114197 	0.00202334 	
1.98	2.15432 	-0.0885635 	-1.75538 	0.000406885 	-0.114228 	0.00201045 	
1.985	2.15486 	-0.0888242 	-1.75518 	0.000388455 	-0.114257 	0.00199849 	
1.99	2.15338 	-0.0882228 	-1.75762 	0.000451706 	-0.114288 	0.00202742 	
1.995	2.15417 	-0.0885426 	-1.75764 	0.000429881 	-0.114329 	0.00201493 	
2	2.15485 	-0.0888579 	-1.75754 	0.000408086 	-0.114365 	0.00200158 	
2.005	2.1554 	-0.089136 	-1.75736 	0.000388512 	-0.114396 	0.00198895 	
2.01	2.15592 	-0.089391 	-1.75717 	0.000370463 	-0.114424 	0.00197723 	
2.015	2.1545 	-0.0888248 	-1.75951 	0.000431006 	-0.114454 	0.00200539 	
2.02	2.15526 	-0.0891359 	-1.75952 	0.000409733 	-0.114493 	0.00199315 	
2.025	2.15592 	-0.0894425 	-1.75943 	0.000388494 	-0.114528 	0.0019801 	
2.03	2.15645 	-0.0897134 	-1.75925 	0.000369409 	-0.114557 	0.00196779 	
2.035	2.15695 	-0.0899617 	-1.75906 	0.000351809 	-0.114585 	0.00195636 	
2.04	2.15559 	-0.0894299 	-1.7613 	0.000409604 	-0.114613 	0.00198368 	
2.045	2.15632 	-0.0897312 	-1.76131 	0.000388951 	-0.114651 	0.00197173 	
2.05	2.15695 	-0.0900283 	-1.76121 	0.000368337 	-0.114684 	0.00195904 	
2.055	2.15767 	-0.0905685 	-1.76138 	0.000370248 	-0.11474 	0.00191361 	
2.06	2.15815 	-0.0908094 	-1.7612 	0.000353156 	-0.114767 	0.00190252 	
2.065	2.15861 	-0.09103 	-1.76102 	0.0003374 	-0.114792 	0.00189223 	
2.07	2.15699 	-0.0903893 	-1.76357 	0.000405891 	-0.114819 	0.00192582 	
2.075	2.15772 	-0.0906798 	-1.76361 	0.00038605 	-0.114856 	0.00191469 	
2.08	2.15834 	-0.0909689 	-1.76354 	0.000366016 	-0.114889 	0.00190249 	
2.085	2.15883 	-0.0912226 	-1.76338 	0.000348096 	-0.114916 	0.00189092 	
2.09	2.1593 	-0.0914552 	-1.76321 	0.00033157 	-0.114941 	0.00188019 	
2.095	2.15973 	-0.0916684 	-1.76304 	0.000316336 	-0.114965 	0.00187023 	
2.1	2.15818 	-0.0910644 	-1.76547 	0.000381879 	-0.114991 	0.00190292 	
2.105	2.15887 	-0.0913441 	-1.76551 	0.00036274 	-0.115026 	0.0018921 	
2.11	2.15946 	-0.0916227 	-1.76545 	0.000343407 	-0.115057 	0.0018803 	
2.115	2.15993 	-0.0918674 	-1.76529 	0.000326104 	-0.115083 	0.00186914 	
2.12	2.16037 	-0.0920919 	-1.76513 	0.000310146 	-0.115107 	0.00185878 	
2.125	2.16079 	-0.0922976 	-1.76497 	0.000295434 	-0.11513 	0.00184917 	
2.13	2.15934 	-0.0917431 	-1.76725 	0.000356637 	-0.115154 	0.00188013 	
2.135	2.15998 	-0.0920101 	-1.76728 	0.000338318 	-0.115187 	0.00186968 	
2.14	2.16054 	-0.0922761 	-1.76721 	0.000319822 	-0.115217 	0.00185835 	
2.145	2.16098 	-0.0925103 	-1.76706 	0.00030325 	-0.115241 	0.00184767 	
2.15	2.1614 	-0.0927252 	-1.76692 	0.000287965 	-0.115264 	0.00183777 	
2.155	2.1618 	-0.0929222 	-1.76677 	0.000273873 	-0.115286 	0.00182857 	
2.16	2.16217 	-0.0931026 	-1.76662 	0.000260886 	-0.115306 	0.00182004 	
2.165	2.16056 	-0.0924854 	-1.76905 	0.000328477 	-0.115328 	0.00185513 	
2.17	2.16119 	-0.0927378 	-1.76911 	0.000311208 	-0.11536 	0.00184551 	
2.175	2.16173 	-0.0929915 	-1.76906 	0.000293586 	-0.115388 	0.00183481 	
2.18	2.16214 	-0.0932137 	-1.76893 	0.000277862 	-0.115411 	0.00182468 	
2.185	2.16254 	-0.0934175 	-1.76879 	0.000263358 	-0.115433 	0.00181529 	
2.19	2.16291 	-0.0936044 	-1.76865 	0.000249984 	-0.115453 	0.00180657 	
2.195	2.16325 	-0.0937756 	-1.76852 	0.000237656 	-0.115472 	0.00179848 	
2.2	2.16177 	-0.0932159 	-1.77076 	0.00029993 	-0.115492 	0.00183126 	
2.205	2.16235 	-0.0934526 	-1.77081 	0.000283691 	-0.115522 	0.0018221 	
2.21	2.16284 	-0.0936908 	-1.77076 	0.00026712 	-0.115548 	0.001812 	
2.215	2.16323 	-0.0939 	-1.77064 	0.000252314 	-0.115569 	0.00180248 	
2.22	2.16359 	-0.0940919 	-1.77052 	0.000238655 	-0.115589 	0.00179365 	
2.225	2.16394 	-0.094268 	-1.77039 	0.000226058 	-0.115608 	0.00178546 	
2.23	2.16426 	-0.0944294 	-1.77026 	0.000214445 	-0.115625 	0.00177786 	
2.235	2.16456 	-0.0945772 	-1.77014 	0.000203741 	-0.115642 	0.00177081 	
2.24	2.16302 	-0.0939966 	-1.77242 	0.000268205 	-0.11566 	0.00180542 	
2.245	2.16356 	-0.0942147 	-1.77248 	0.00025327 	-0.115688 	0.00179712 	
2.25	2.16402 	-0.0944361 	-1.77244 	0.000237882 	-0.115712 	0.0017878 	
2.255	2.16394 	-0.0940294 	-1.77161 	0.000180184 	-0.115671 	0.00185163 	
2.26	2.16427 	-0.0942072 	-1.7715 	0.000167535 	-0.115689 	0.00184347 	
2.265	2.16459 	-0.0943705 	-1.77139 	0.000155866 	-0.115706 	0.0018359 	
2.27	2.16488 	-0.0945202 	-1.77128 	0.000145105 	-0.115723 	0.00182888 	
2.275	2.16516 	-0.0946575 	-1.77117 	0.000135185 	-0.115738 	0.00182237 	
2.28	2.16542 	-0.0947832 	-1.77105 	0.000126043 	-0.115752 	0.00181633 	
2.285	2.16389 	-0.0942094 	-1.77327 	0.000189882 	-0.115768 	0.00185121 	
2.29	2.16438 	-0.0944061 	-1.77334 	0.000176428 	-0.115793 	0.00184379 	
2.295	2.16479 	-0.0946077 	-1.77332 	0.000162437 	-0.115814 	0.00183536 	
2.3	2.16511 	-0.0947836 	-1.77323 	0.000149999 	-0.115831 	0.0018274 	
2.305	2.16541 	-0.0949453 	-1.77313 	0.000138518 	-0.115848 	0.00182002 	
2.31	2.16569 	-0.0950939 	-1.77304 	0.000127923 	-0.115863 	0.00181317 	
2.315	2.16596 	-0.0952302 	-1.77295 	0.000118148 	-0.115877 	0.00180682 	
2.32	2.1662 	-0.0953554 	-1.77285 	0.000109133 	-0.115891 	0.00180094 	
2.325	2.16643 	-0.0954701 	-1.77276 	0.000100821 	-0.115903 	0.00179547 	
2.33	2.16665 	-0.0955752 	-1.77266 	9.31587e-05 	-0.115915 	0.00179041 	
2.335	2.16685 	-0.0956715 	-1.77257 	8.60982e-05 	-0.115927 	0.00178571 	
2.34	2.16705 	-0.0957595 	-1.77248 	7.95942e-05 	-0.115937 	0.00178135 	
2.345	2.16537 	-0.0951245 	-1.77483 	0.000149434 	-0.11595 	0.00182032 	
2.35	2.16582 	-0.0952946 	-1.77493 	0.000137902 	-0.115972 	0.00181426 	
2.355	2.16618 	-0.0954728 	-1.77493 	0.000125608 	-0.115991 	0.00180698 	
2.36	2.16645 	-0.0956268 	-1.77486 	0.000114763 	-0.116006 	0.00180008 	
2.365	2.16671 	-0.0957685 	-1.77479 	0.000104745 	-0.116019 	0.00179367 	
2.37	2.16694 	-0.095899 	-1.77472 	9.54943e-05 	-0.116032 	0.00178774 	
2.375	2.16717 	-0.0960189 	-1.77465 	8.69526e-05 	-0.116044 	0.00178224 	
2.38	2.16737 	-0.0961292 	-1.77458 	7.90673e-05 	-0.116055 	0.00177713 	
2.385	2.16757 	-0.0962306 	-1.77451 	7.17892e-05 	-0.116066 	0.0017724 	
2.39	2.16775 	-0.0963237 	-1.77444 	6.50727e-05 	-0.116076 	0.00176801 	
2.395	2.16792 	-0.0964091 	-1.77437 	5.88756e-05 	-0.116085 	0.00176394 	
2.4	2.16808 	-0.0964876 	-1.7743 	5.31588e-05 	-0.116094 	0.00176016 	
2.405	2.16823 	-0.0965596 	-1.77424 	4.78861e-05 	-0.116102 	0.00175666 	
2.41	2.16837 	-0.0966256 	-1.77417 	4.30237e-05 	-0.11611 	0.00175342 	
2.415	2.16895 	-0.0972993 	-1.77485 	8.33755e-05 	-0.116179 	0.00167619 	
2.42	2.16907 	-0.0973547 	-1.77478 	7.92427e-05 	-0.116186 	0.0016734 	
2.425	2.16919 	-0.0974055 	-1.77472 	7.54332e-05 	-0.116192 	0.00167081 	
2.43	2.1693 	-0.0974521 	-1.77466 	7.19217e-05 	-0.116198 	0.00166841 	
2.435	2.1694 	-0.0974946 	-1.7746 	6.86864e-05 	-0.116204 	0.00166618 	
2.44	2.1677 	-0.0968462 	-1.77691 	0.000139218 	-0.116212 	0.00170631 	
2.445	2.16805 	-0.0969752 	-1.77703 	0.000130622 	-0.116229 	0.00170209 	
2.45	2.16833 	-0.0971155 	-1.77707 	0.000121068 	-0.116243 	0.00169659 	
2.455	2.16852 	-0.0972357 	-1.77703 	0.000112721 	-0.116253 	0.00169137 	
2.46	2.16871 	-0.0973467 	-1.777 	0.000104999 	-0.116263 	0.00168653 	
2.465	2.16888 	-0.0974492 	-1.77697 	9.78541e-05 	-0.116272 	0.00168204 	
2.47	2.16904 	-0.0975439 	-1.77694 	9.1243e-05 	-0.116281 	0.00167788 	
2.475	2.16918 	-0.0976314 	-1.77691 	8.51256e-05 	-0.116288 	0.00167402 	
2.48	2.16932 	-0.0977123 	-1.77688 	7.94645e-05 	-0.116296 	0.00167045 	
2.485	2.16945 	-0.097787 	-1.77685 	7.42253e-05 	-0.116303 	0.00166713 	
2.49	2.16957 	-0.0978561 	-1.77682 	6.93758e-05 	-0.116309 	0.00166406 	
2.495	2.16968 	-0.09792 	-1.77679 	6.48864e-05 	-0.116315 	0.00166121 	
2.5	2.16978 	-0.0979791 	-1.77677 	6.07296e-05 	-0.11632 	0.00165857 	
2.505	2.16988 	-0.0980338 	-1.77674 	5.68795e-05 	-0.116325 	0.00165613 	
2.51	2.16996 	-0.0980844 	-1.77672 	5.3312e-05 	-0.11633 	0.00165386 	
2.515	2.17005 	-0.0981316 	-1.7767 	4.99931e-05 	-0.116335 	0.00165175 	
2.52	2.17012 	-0.0981761 	-1.77668 	4.68703e-05 	-0.116339 	0.00164978 	
2.525	2.17019 	-0.0982178 	-1.77667 	4.39525e-05 	-0.116342 	0.00164794 	
2.53	2.17026 	-0.0982568 	-1.77665 	4.1229e-05 	-0.116346 	0.00164623 	
2.535	2.17032 	-0.0982933 	-1.77664 	3.86771e-05 	-0.116349 	0.00164463 	
2.54	2.17038 	-0.0983277 	-1.77662 	3.62843e-05 	-0.116352 	0.00164313 	
2.545	2.17043 	-0.0983601 	-1.77661 	3.40319e-05 	-0.116355 	0.00164173 	
2.55	2.17049 	-0.0983909 	-1.7766 	3.19033e-05 	-0.116358 	0.00164041 	
2.555	2.17054 	-0.0984201 	-1.77659 	2.98832e-05 	-0.116361 	0.00163916 	
2.56	2.17058 	-0.0984482 	-1.77658 	2.79576e-05 	-0.116363 	0.00163798 	
2.565	2.17063 	-0.0984752 	-1.77657 	2.61132e-05 	-0.116366 	0.00163686 	
2.57	2.17068 	-0.0985013 	-1.77657 	2.43379e-05 	-0.116368 	0.00163579 	
2.575	2.17072 	-0.0985267 	-1.77656 	2.26204e-05 	-0.11637 	0.00163476 	
2.58	2.17057 	-0.0955394 	-1.77698 	0.000167439 	-0.116374 	0.00161447 	
2.585	2.17066 	-0.0957296 	-1.777 	0.000156033 	-0.116381 	0.0016097 	
2.59	2.17073 	-0.0959583 	-1.777 	0.000142534 	-0.116386 	0.00160398 	
2.595	2.17078 	-0.0961591 	-1.777 	0.000130749 	-0.11639 	0.00159889 	
2.6	2.17083 	-0.096347 	-1.77699 	0.000119724 	-0.116394 	0.00159413 	
2.605	2.17088 	-0.096523 	-1.77699 	0.000109397 	-0.116398 	0.00158966 	
2.61	2.17076 	-0.0927765 	-1.77591 	0.000192741 	-0.116333 	0.00163469 	
2.615	2.17081 	-0.0930938 	-1.77591 	0.000174409 	-0.116339 	0.0016273 	
2.62	2.17084 	-0.0934373 	-1.7759 	0.000154654 	-0.116344 	0.00161939 	
2.625	2.17086 	-0.0937441 	-1.77589 	0.000137033 	-0.116348 	0.0016123 	
2.63	2.17088 	-0.0940309 	-1.77587 	0.000120553 	-0.116351 	0.00160565 	
2.635	2.17134 	-0.0907692 	-1.77553 	0.000261877 	-0.116356 	0.00155942 	
2.64	2.17138 	-0.0911981 	-1.77553 	0.000237379 	-0.116362 	0.00154984 	
2.645	2.17138 	-0.0916519 	-1.77551 	0.000211517 	-0.116367 	0.00153977 	
2.65	2.17137 	-0.0920613 	-1.77549 	0.000188207 	-0.11637 	0.00153065 	
2.655	2.17179 	-0.0890172 	-1.77514 	0.000318494 	-0.116375 	0.00148319 	
2.66	2.1718 	-0.0895468 	-1.77513 	0.000288394 	-0.116381 	0.00147157 	
2.665	2.17179 	-0.0900928 	-1.77511 	0.000257402 	-0.116386 	0.00145964 	
2.67	2.17176 	-0.0905883 	-1.77508 	0.000229295 	-0.116389 	0.00144877 	
2.675	2.17222 	-0.0871882 	-1.77468 	0.000374511 	-0.116394 	0.00139474 	
2.68	2.17223 	-0.0878148 	-1.77467 	0.000338997 	-0.116401 	0.00138112 	
2.685	2.1722 	-0.0884575 	-1.77464 	0.000302607 	-0.116406 	0.0013672 	
2.69	2.17256 	-0.0857235 	-1.77429 	0.000416878 	-0.11641 	0.00131686 	
2.695	2.17254 	-0.086435 	-1.77427 	0.000376628 	-0.116416 	0.00130149 	
2.7	2.17249 	-0.0871485 	-1.77423 	0.000336282 	-0.116421 	0.00128609 	
2.705	2.17287 	-0.0842898 	-1.77385 	0.000455355 	-0.116426 	0.00123217 	
2.71	2.17284 	-0.0850747 	-1.77383 	0.000410996 	-0.116433 	0.00121526 	
2.715	2.17278 	-0.0858595 	-1.77379 	0.000366665 	-0.116438 	0.00119836 	
2.72	2.17318 	-0.0828012 	-1.77338 	0.0004939 	-0.116443 	0.00114008 	
2.725	2.17315 	-0.0836608 	-1.77336 	0.000445369 	-0.11645 	0.00112159 	
2.73	2.17308 	-0.084519 	-1.77331 	0.000396933 	-0.116456 	0.00110314 	
2.735	2.17351 	-0.0812575 	-1.77288 	0.000532484 	-0.116461 	0.00104041 	
2.74	2.17347 	-0.0821934 	-1.77285 	0.000479681 	-0.116469 	0.00102029 	
2.745	2.1734 	-0.0831267 	-1.7728 	0.000427044 	-0.116475 	0.00100025 	
2.75	2.17384 	-0.0796651 	-1.77234 	0.000570766 	-0.11648 	0.000933046 	
2.755	2.1738 	-0.0806789 	-1.77231 	0.000513612 	-0.116489 	0.00091126 	
2.76	2.1741 	-0.0785164 	-1.77195 	0.000597761 	-0.116496 	0.000853714 	
2.765	2.17402 	-0.0795992 	-1.7719 	0.000536749 	-0.116503 	0.000830488 	
2.77	2.17393 	-0.0806563 	-1.77184 	0.000477199 	-0.116509 	0.000807813 	
2.775	2.17439 	-0.0770033 	-1.77134 	0.000628216 	-0.116515 	0.000734627 	
2.78	2.17435 	-0.0781438 	-1.77131 	0.000563985 	-0.116524 	0.000710111 	
2.785	2.17467 	-0.0758097 	-1.77092 	0.00065448 	-0.116532 	0.000646659 	
2.79	2.17458 	-0.0770202 	-1.77086 	0.000586336 	-0.11654 	0.000620684 	
2.795	2.17488 	-0.0747464 	-1.77046 	0.000673666 	-0.116546 	0.000556375 	
2.8	2.17479 	-0.0760062 	-1.77041 	0.000602776 	-0.116555 	0.000529337 	
2.805	2.17509 	-0.0736762 	-1.76999 	0.000692149 	-0.116562 	0.000462914 	
2.81	2.17556 	-0.0757085 	-1.77083 	0.000674483 	-0.116643 	0.000344881 	
2.815	2.17587 	-0.0733116 	-1.77041 	0.000766437 	-0.11665 	0.000276184 	
2.82	2.17578 	-0.0746704 	-1.77035 	0.000690034 	-0.116659 	0.000246989 	
2.825	2.1761 	-0.0722103 	-1.76991 	0.000784305 	-0.116666 	0.000175961 	
2.83	2.176 	-0.0736179 	-1.76986 	0.000705182 	-0.116676 	0.000145699 	
2.835	2.17633 	-0.0710921 	-1.76941 	0.000801934 	-0.116683 	7.24323e-05 	
2.84	2.17623 	-0.0725481 	-1.76935 	0.000720116 	-0.116693 	4.11118e-05 	
2.845	2.17657 	-0.0699582 	-1.76888 	0.000819278 	-0.116701 	-3.43961e-05 	
2.85	2.17647 	-0.071463 	-1.76883 	0.00073475 	-0.116711 	-6.67835e-05 	
2.855	2.17682 	-0.0688102 	-1.76835 	0.000836271 	-0.116719 	-0.000144526 	
2.86	2.17671 	-0.0703639 	-1.76829 	0.000749025 	-0.116729 	-0.000177987 	
2.865	2.17707 	-0.0676495 	-1.7678 	0.000852856 	-0.116737 	-0.000257956 	
2.87	2.17696 	-0.0692523 	-1.76774 	0.000762888 	-0.116748 	-0.000292494 	
2.875	2.17733 	-0.0664774 	-1.76723 	0.000868986 	-0.116757 	-0.000374679 	
2.88	2.17722 	-0.0681292 	-1.76717 	0.000776297 	-0.116768 	-0.000410297 	
2.885	2.17759 	-0.0652949 	-1.76665 	0.000884621 	-0.116776 	-0.000494685 	
2.89	2.17748 	-0.0669957 	-1.76659 	0.000789216 	-0.116788 	-0.000531384 	
2.895	2.17786 	-0.0641031 	-1.76606 	0.000899727 	-0.116797 	-0.00061796 	
2.9	2.17775 	-0.0658529 	-1.76599 	0.000801613 	-0.116809 	-0.00065574 	
2.905	2.17813 	-0.062903 	-1.76545 	0.000914276 	-0.116818 	-0.000744488 	
2.91	2.17802 	-0.0647015 	-1.76538 	0.000813465 	-0.11683 	-0.000783348 	
2.915	2.17841 	-0.0616953 	-1.76482 	0.000928244 	-0.116839 	-0.000874251 	
2.92	2.17829 	-0.0635423 	-1.76476 	0.000824751 	-0.116851 	-0.000914188 	
2.925	2.17869 	-0.0604809 	-1.76419 	0.000941612 	-0.116861 	-0.00100723 	
2.93	2.17857 	-0.0623763 	-1.76412 	0.000835453 	-0.116874 	-0.00104824 	
2.935	2.17897 	-0.0592605 	-1.76354 	0.000954365 	-0.116883 	-0.00114339 	
2.94	2.17885 	-0.0612039 	-1.76347 	0.000845559 	-0.116896 	-0.00118547 	
2.945	2.17926 	-0.0580348 	-1.76287 	0.00096649 	-0.116906 	-0.00128273 	
2.95	2.17914 	-0.0600259 	-1.7628 	0.000855057 	-0.116919 	-0.00132587 	
2.955	2.17955 	-0.0568045 	-1.7622 	0.000977978 	-0.116929 	-0.00142519 	
2.96	2.17943 	-0.0588429 	-1.76212 	0.000863941 	-0.116943 	-0.0014694 	
2.965	2.17984 	-0.0555701 	-1.7615 	0.00098882 	-0.116953 	-0.00157077 	
2.97	2.17972 	-0.0576554 	-1.76143 	0.000872203 	-0.116967 	-0.00161603 	
2.975	2.18014 	-0.0543322 	-1.7608 	0.000999013 	-0.116977 	-0.00171943 	
2.98	2.18001 	-0.0564641 	-1.76073 	0.000879841 	-0.116991 	-0.00176573 	
2.985	2.18044 	-0.0530914 	-1.76008 	0.00100855 	-0.117001 	-0.00187113 	
2.99	2.18031 	-0.0552694 	-1.76001 	0.000886851 	-0.117016 	-0.00191847 	
2.995	2.18044 	-0.0514952 	-1.7589 	0.000987736 	-0.11699 	-0.00198017 	
3	2.18031 	-0.0537185 	-1.75882 	0.000863556 	-0.117006 	-0.00202853 	
3.005	2.18075 	-0.0502492 	-1.75815 	0.000995974 	-0.117016 	-0.00213782 	
3.01	2.18061 	-0.0525161 	-1.75808 	0.00086941 	-0.117031 	-0.00218716 	
3.015	2.18105 	-0.049 	-1.7574 	0.00100365 	-0.117041 	-0.00229837 	
3.02	2.18128 	-0.048136 	-1.75701 	0.00101744 	-0.117057 	-0.00238413 	
3.025	2.18117 	-0.050538 	-1.75695 	0.000883435 	-0.117075 	-0.00243655 	
3.03	2.18155 	-0.047211 	-1.75626 	0.00100884 	-0.117083 	-0.00254756 	
3.035	2.18176 	-0.0463633 	-1.75586 	0.00102143 	-0.117098 	-0.00263516 	
3.04	2.18164 	-0.048824 	-1.75579 	0.000884237 	-0.117116 	-0.0026889 	
3.045	2.18202 	-0.0454326 	-1.75508 	0.00101224 	-0.117124 	-0.00280242 	
3.05	2.18224 	-0.0445739 	-1.75467 	0.00102493 	-0.117139 	-0.00289209 	
3.055	2.18211 	-0.0470943 	-1.7546 	0.000884492 	-0.117157 	-0.00294719 	
3.06	2.18249 	-0.0436393 	-1.75387 	0.00101508 	-0.117165 	-0.00306322 	
3.065	2.18271 	-0.0427711 	-1.75346 	0.0010278 	-0.117181 	-0.00315492 	
3.07	2.18258 	-0.0453508 	-1.75339 	0.000884147 	-0.117199 	-0.0032114 	
3.075	2.18297 	-0.0418353 	-1.75264 	0.00101721 	-0.117207 	-0.00332988 	
3.08	2.18319 	-0.0409592 	-1.75222 	0.0010299 	-0.117223 	-0.00342359 	
3.085	2.18341 	-0.0404072 	-1.75183 	0.00102712 	-0.11724 	-0.00351673 	
3.09	2.18354 	-0.0398676 	-1.7514 	0.00102383 	-0.117254 	-0.00360964 	
3.095	2.18366 	-0.0393251 	-1.75096 	0.00102063 	-0.117267 	-0.00370302 	
3.1	2.18379 	-0.0387784 	-1.75051 	0.00101753 	-0.11728 	-0.00379694 	
3.105	2.18392 	-0.0382277 	-1.75007 	0.00101454 	-0.117293 	-0.00389139 	
3.11	2.18405 	-0.0376735 	-1.74962 	0.00101164 	-0.117307 	-0.00398639 	
3.115	2.18419 	-0.0371161 	-1.74918 	0.0010088 	-0.11732 	-0.00408194 	
3.12	2.18432 	-0.0365558 	-1.74873 	0.00100602 	-0.117334 	-0.00417803 	
3.125	2.18446 	-0.0359929 	-1.74828 	0.00100328 	-0.117347 	-0.00427467 	
3.13	2.1846 	-0.0354278 	-1.74783 	0.00100057 	-0.117361 	-0.00437185 	
3.135	2.18474 	-0.0348606 	-1.74737 	0.00099787 	-0.117375 	-0.00446957 	
3.14	2.18488 	-0.0342918 	-1.74692 	0.000995175 	-0.117389 	-0.00456783 	
3.145	2.18503 	-0.0337215 	-1.74646 	0.000992475 	-0.117403 	-0.00466664 	
3.15	2.18517 	-0.0331499 	-1.746 	0.000989759 	-0.117417 	-0.00476597 	
3.155	2.18532 	-0.0325773 	-1.74554 	0.000987019 	-0.117431 	-0.00486585 	
3.16	2.18546 	-0.0320038 	-1.74507 	0.000984246 	-0.117445 	-0.00496625 	
3.165	2.18561 	-0.0314297 	-1.74461 	0.000981435 	-0.117459 	-0.00506718 	
3.17	2.18576 	-0.0308552 	-1.74414 	0.000978577 	-0.117473 	-0.00516863 	
3.175	2.18591 	-0.0302804 	-1.74367 	0.000975666 	-0.117487 	-0.00527061 	
3.18	2.18606 	-0.0297054 	-1.7432 	0.000972698 	-0.117501 	-0.0053731 	
3.185	2.18628 	-0.0292049 	-1.74283 	0.000976712 	-0.117523 	-0.00548633 	
3.19	2.18643 	-0.0286301 	-1.74236 	0.00097362 	-0.117537 	-0.00558984 	
3.195	2.18658 	-0.0280559 	-1.74188 	0.000970442 	-0.117551 	-0.00569386 	
3.2	2.18673 	-0.0274822 	-1.74141 	0.000967182 	-0.117565 	-0.00579838 	
3.205	2.18688 	-0.026909 	-1.74093 	0.000963845 	-0.11758 	-0.00590339 	
3.21	2.18703 	-0.0263365 	-1.74045 	0.000960426 	-0.117594 	-0.00600889 	
3.215	2.18718 	-0.0257648 	-1.73996 	0.000956923 	-0.117608 	-0.00611487 	
3.22	2.18734 	-0.025194 	-1.73948 	0.000953331 	-0.117622 	-0.00622133 	
3.225	2.18749 	-0.0246241 	-1.73899 	0.000949649 	-0.117637 	-0.00632826 	
3.23	2.18764 	-0.0240554 	-1.73851 	0.000945875 	-0.117651 	-0.00643565 	
3.235	2.18779 	-0.0234879 	-1.73802 	0.000942005 	-0.117665 	-0.0065435 	
3.24	2.18794 	-0.0229216 	-1.73753 	0.000938039 	-0.11768 	-0.00665181 	
3.245	2.1881 	-0.0223568 	-1.73704 	0.000933974 	-0.117694 	-0.00676056 	
3.25	2.18825 	-0.0217934 	-1.73654 	0.000929809 	-0.117708 	-0.00686976 	
3.255	2.1884 	-0.0212315 	-1.73605 	0.000925542 	-0.117722 	-0.00697939 	
3.26	2.18855 	-0.0206713 	-1.73555 	0.000921173 	-0.117737 	-0.00708945 	
3.265	2.18871 	-0.0201127 	-1.73505 	0.000916699 	-0.117751 	-0.00719993 	
3.27	2.18886 	-0.019556 	-1.73455 	0.00091212 	-0.117765 	-0.00731083 	
3.275	2.18901 	-0.0190011 	-1.73405 	0.000907436 	-0.117779 	-0.00742214 	
3.28	2.18916 	-0.0184481 	-1.73355 	0.000902644 	-0.117793 	-0.00753385 	
3.285	2.18931 	-0.017897 	-1.73304 	0.000897745 	-0.117807 	-0.00764596 	
3.29	2.18946 	-0.0173481 	-1.73254 	0.000892738 	-0.117821 	-0.00775845 	
3.295	2.18961 	-0.0168012 	-1.73203 	0.000887623 	-0.117836 	-0.00787133 	
3.3	2.18976 	-0.0162565 	-1.73152 	0.000882399 	-0.11785 	-0.00798459 	
3.305	2.18992 	-0.015714 	-1.73101 	0.000877065 	-0.117864 	-0.00809821 	
3.31	2.19007 	-0.0151739 	-1.7305 	0.000871621 	-0.117877 	-0.0082122 	
3.315	2.19022 	-0.014636 	-1.72999 	0.000866068 	-0.117891 	-0.00832654 	
3.32	2.19036 	-0.0141006 	-1.72948 	0.000860404 	-0.117905 	-0.00844122 	
3.325	2.19051 	-0.0135676 	-1.72897 	0.00085463 	-0.117919 	-0.00855625 	
3.33	2.19066 	-0.0130371 	-1.72845 	0.000848746 	-0.117933 	-0.00867161 	
3.335	2.19081 	-0.0125092 	-1.72793 	0.000842751 	-0.117947 	-0.0087873 	
3.34	2.19096 	-0.0119838 	-1.72742 	0.000836645 	-0.11796 	-0.0089033 	
3.345	2.19111 	-0.0114612 	-1.7269 	0.000830429 	-0.117974 	-0.00901962 	
3.35	2.19125 	-0.0109412 	-1.72638 	0.000824103 	-0.117987 	-0.00913624 	
3.355	2.1914 	-0.010424 	-1.72586 	0.000817666 	-0.118001 	-0.00925315 	
3.36	2.19155 	-0.00990953 	-1.72534 	0.000811119 	-0.118014 	-0.00937036 	
3.365	2.19169 	-0.00939793 	-1.72482 	0.000804461 	-0.118028 	-0.00948784 	
3.37	2.19184 	-0.00888923 	-1.7243 	0.000797693 	-0.118041 	-0.0096056 	
3.375	2.19198 	-0.00838344 	-1.72378 	0.000790815 	-0.118055 	-0.00972363 	
3.38	2.19213 	-0.00788063 	-1.72325 	0.000783828 	-0.118068 	-0.00984192 	
3.385	2.19227 	-0.00738083 	-1.72273 	0.00077673 	-0.118081 	-0.00996045 	
3.39	2.19241 	-0.00688408 	-1.7222 	0.000769523 	-0.118094 	-0.0100792 	
3.395	2.19256 	-0.00639043 	-1.72168 	0.000762207 	-0.118107 	-0.0101982 	
3.4	2.1927 	-0.00589991 	-1.72115 	0.000754781 	-0.11812 	-0.0103175 	
3.405	2.19284 	-0.00541256 	-1.72062 	0.000747247 	-0.118133 	-0.0104369 	
3.41	2.19298 	-0.00492842 	-1.7201 	0.000739603 	-0.118146 	-0.0105566 	
3.415	2.19312 	-0.00444753 	-1.71957 	0.000731851 	-0.118158 	-0.0106765 	
3.42	2.19327 	-0.00398173 	-1.71906 	0.000725324 	-0.118172 	-0.0107984 	
3.425	2.19341 	-0.00350744 	-1.71853 	0.000717357 	-0.118185 	-0.0109186 	
3.43	2.19355 	-0.00303654 	-1.718 	0.000709279 	-0.118197 	-0.0110391 	
3.435	2.19369 	-0.00256906 	-1.71747 	0.000701094 	-0.11821 	-0.0111597 	
3.44	2.19383 	-0.00210499 	-1.71694 	0.000692801 	-0.118222 	-0.0112805 	
3.445	2.19396 	-0.00164439 	-1.71641 	0.000684401 	-0.118234 	-0.0114014 	
3.45	2.1941 	-0.00118728 	-1.71588 	0.000675894 	-0.118247 	-0.0115225 	
3.455	2.19424 	-0.000733694 	-1.71535 	0.000667281 	-0.118259 	-0.0116438 	
3.46	2.19437 	-0.00028367 	-1.71482 	0.000658561 	-0.118271 	-0.0117651 	
3.465	2.19451 	0.000162761 	-1.71429 	0.000649735 	-0.118283 	-0.0118866 	
3.47	2.19464 	0.000605567 	-1.71376 	0.000640803 	-0.118294 	-0.0120082 	
3.475	2.19477 	0.00104472 	-1.71323 	0.000631766 	-0.118306 	-0.0121299 	
3.48	2.1949 	0.00148018 	-1.7127 	0.000622622 	-0.118318 	-0.0122518 	
3.485	2.19504 	0.00191192 	-1.71217 	0.000613374 	-0.118329 	-0.0123737 	
3.49	2.19517 	0.00233992 	-1.71164 	0.00060402 	-0.118341 	-0.0124957 	
3.495	2.1953 	0.00276413 	-1.71111 	0.000594561 	-0.118352 	-0.0126178 	
3.5	2.19543 	0.00318454 	-1.71058 	0.000584997 	-0.118363 	-0.0127399 	
3.505	2.19555 	0.00360111 	-1.71005 	0.000575329 	-0.118375 	-0.0128621 	
3.51	2.19568 	0.00401382 	-1.70952 	0.000565556 	-0.118386 	-0.0129844 	
3.515	2.19581 	0.00442263 	-1.70899 	0.000555679 	-0.118397 	-0.0131067 	
3.52	2.19594 	0.00482753 	-1.70846 	0.000545698 	-0.118408 	-0.013229 	
3.525	2.19606 	0.00522848 	-1.70794 	0.000535612 	-0.118418 	-0.0133514 	
3.53	2.19619 	0.00562546 	-1.70741 	0.000525423 	-0.118429 	-0.0134738 	
3.535	2.19631 	0.00601843 	-1.70688 	0.000515131 	-0.11844 	-0.0135962 	
3.54	2.19644 	0.00640739 	-1.70635 	0.000504735 	-0.11845 	-0.0137186 	
3.545	2.19656 	0.00679229 	-1.70582 	0.000494235 	-0.11846 	-0.013841 	
3.55	2.19668 	0.00717312 	-1.7053 	0.000483633 	-0.118471 	-0.0139634 	
3.555	2.1968 	0.00754986 	-1.70477 	0.000472927 	-0.118481 	-0.0140858 	
3.56	2.19692 	0.00792247 	-1.70425 	0.000462118 	-0.118491 	-0.0142082 	
3.565	2.19704 	0.00829094 	-1.70372 	0.000451207 	-0.118501 	-0.0143305 	
3.57	2.19675 	0.00897998 	-1.70266 	0.000398876 	-0.118478 	-0.0143995 	
3.575	2.19687 	0.00933964 	-1.70214 	0.000387719 	-0.118488 	-0.0145217 	
3.58	2.19698 	0.00969638 	-1.70162 	0.000376534 	-0.118498 	-0.0146439 	
3.585	2.1971 	0.0100493 	-1.70109 	0.000365273 	-0.118507 	-0.0147659 	
3.59	2.19722 	0.0103978 	-1.70057 	0.000353897 	-0.118517 	-0.0148879 	
3.595	2.19733 	0.0107419 	-1.70005 	0.000342411 	-0.118526 	-0.0150098 	
3.6	2.19745 	0.0110815 	-1.69953 	0.000330817 	-0.118536 	-0.0151316 	
3.605	2.19756 	0.0114167 	-1.69901 	0.000319114 	-0.118545 	-0.0152533 	
3.61	2.19768 	0.0117475 	-1.69849 	0.000307304 	-0.118554 	-0.015375 	
3.615	2.19779 	0.0120738 	-1.69797 	0.000295387 	-0.118563 	-0.0154965 	
3.62	2.1979 	0.0123956 	-1.69746 	0.000283363 	-0.118572 	-0.0156178 	
3.625	2.19801 	0.012713 	-1.69694 	0.000271234 	-0.118581 	-0.0157391 	
3.63	2.19812 	0.0130259 	-1.69643 	0.000258999 	-0.118589 	-0.0158602 	
3.635	2.19823 	0.0133343 	-1.69591 	0.000246659 	-0.118598 	-0.0159812 	
3.64	2.19834 	0.0136382 	-1.6954 	0.000234214 	-0.118606 	-0.016102 	
3.645	2.19844 	0.0139375 	-1.69489 	0.000221666 	-0.118614 	-0.0162227 	
3.65	1.9771 	-0.0466114 	-1.12562 	0.0100268 	-0.094004 	-0.0140857 	
3.655	1.32901 	-0.226467 	0.539264 	0.0385989 	-0.0219017 	-0.00755978 	
3.66	1.1916 	-0.265058 	0.905739 	0.0449479 	-0.00631138 	-0.00653212 	
3.665	0.657157 	-0.412277 	2.32403 	0.0697664 	0.0542017 	-0.00217023 	
3.67	0.630559 	-0.398572 	2.50406 	0.0748177 	0.0610141 	-0.0059465 	
3.675	0.354635 	-0.412696 	3.49415 	0.0973678 	0.101299 	-0.0137391 	
3.68	0.216611 	-0.4511 	3.81591 	0.102332 	0.115822 	-0.0119647 	
3.685	-0.315197 	-0.606291 	5.08197 	0.12229 	0.1721 	-0.00423123 	
3.69	-0.32264 	-0.626102 	5.18328 	0.123641 	0.175743 	-0.00416515 	
3.695	-0.788731 	-0.76269 	6.34938 	0.142381 	0.22697 	0.00183763 	
3.7	-0.818122 	-0.773658 	6.38438 	0.142252 	0.229144 	0.00274478 	
3.705	-1.27062 	-0.905067 	7.50897 	0.160288 	0.278725 	0.00858515 	
3.71	-1.22694 	-0.895259 	7.43451 	0.159105 	0.275569 	0.00735643 	
3.715	-1.50518 	-1.0014 	8.44444 	0.176907 	0.317397 	0.00836305 	
3.72	-1.53692 	-1.06682 	8.6796 	0.178529 	0.326492 	0.0116694 	
3.725	-1.59057 	-1.05499 	9.0252 	0.187247 	0.340029 	0.00621103 	
3.73	-1.67926 	-1.07285 	9.29442 	0.192395 	0.351082 	0.00551456 	
3.735	-2.07008 	-1.18639 	10.1932 	0.206728 	0.389781 	0.0112028 	
