0	0.0374928 	-0.00160833 	-0.0283816 	-2.97303e-06 	-0.00179589 	9.31838e-05 	
0.005	0.185006 	-0.00828986 	-0.140229 	1.39669e-05 	-0.00888461 	0.000419232 	
0.01	0.321723 	-0.0144824 	-0.243891 	2.9667e-05 	-0.0154545 	0.000721418 	
0.015	0.448433 	-0.0202216 	-0.339966 	4.42179e-05 	-0.0215436 	0.00100149 	
0.02	0.56587 	-0.0255408 	-0.429009 	5.77034e-05 	-0.027187 	0.00126105 	
0.025	0.674711 	-0.0304707 	-0.511534 	7.02012e-05 	-0.0324173 	0.00150162 	
0.03	0.775587 	-0.0350397 	-0.588019 	8.17831e-05 	-0.0372649 	0.00172458 	
0.035	0.86908 	-0.0392743 	-0.658905 	9.25159e-05 	-0.0417578 	0.00193122 	
0.04	0.95573 	-0.0431989 	-0.724602 	0.000102461 	-0.0459218 	0.00212274 	
0.045	1.03604 	-0.0468362 	-0.78549 	0.000111676 	-0.0497811 	0.00230023 	
0.05	1.11047 	-0.0502072 	-0.84192 	0.000120215 	-0.053358 	0.00246473 	
0.055	1.17946 	-0.0533315 	-0.894219 	0.000128125 	-0.0566732 	0.00261718 	
0.06	1.24339 	-0.056227 	-0.942689 	0.000135453 	-0.0597458 	0.00275847 	
0.065	1.30265 	-0.0589105 	-0.98761 	0.000142241 	-0.0625936 	0.00288941 	
0.07	1.35757 	-0.0613975 	-1.02924 	0.000148527 	-0.0652331 	0.00301076 	
0.075	1.40848 	-0.0637023 	-1.06782 	0.00015435 	-0.0676795 	0.00312323 	
0.08	1.45565 	-0.0658384 	-1.10358 	0.000159741 	-0.0699469 	0.00322745 	
0.085	1.49938 	-0.0678181 	-1.13672 	0.000164733 	-0.0720485 	0.00332404 	
0.09	1.53991 	-0.0696527 	-1.16743 	0.000169353 	-0.0739964 	0.00341355 	
0.095	1.57747 	-0.0713529 	-1.19589 	0.000173629 	-0.0758018 	0.0034965 	
0.1	1.61229 	-0.0729286 	-1.22226 	0.000177586 	-0.0774752 	0.00357337 	
0.105	1.64456 	-0.0743887 	-1.2467 	0.000181246 	-0.0790263 	0.0036446 	
0.11	1.67446 	-0.0757419 	-1.26935 	0.000184632 	-0.0804641 	0.00371061 	
0.115	1.70219 	-0.0769959 	-1.29034 	0.000187761 	-0.0817967 	0.00377178 	
0.12	1.72788 	-0.0781579 	-1.30979 	0.000190655 	-0.083032 	0.00382845 	
0.125	1.7517 	-0.0792347 	-1.32781 	0.000193328 	-0.0841771 	0.00388097 	
0.13	1.77377 	-0.0802326 	-1.34451 	0.000195797 	-0.0852385 	0.00392963 	
0.135	1.79423 	-0.0811572 	-1.35999 	0.000198076 	-0.0862224 	0.00397471 	
0.14	1.8132 	-0.0820139 	-1.37433 	0.000200179 	-0.0871345 	0.00401648 	
0.145	1.83078 	-0.0828078 	-1.38761 	0.000202119 	-0.08798 	0.00405518 	
0.15	1.84707 	-0.0835433 	-1.39992 	0.000203907 	-0.0887639 	0.00409103 	
0.155	1.86218 	-0.0842248 	-1.41132 	0.000205554 	-0.0894906 	0.00412424 	
0.16	1.87618 	-0.0848562 	-1.42189 	0.00020707 	-0.0901643 	0.00415501 	
0.165	1.88765 	-0.0841414 	-1.4339 	0.000269118 	-0.0907924 	0.00417431 	
0.17	1.89999 	-0.0847448 	-1.44314 	0.000267248 	-0.0913841 	0.0041997 	
0.175	1.91137 	-0.0853174 	-1.45163 	0.000264652 	-0.0919318 	0.00422275 	
0.18	1.92184 	-0.0858398 	-1.45943 	0.000262571 	-0.0924369 	0.00424406 	
0.185	1.93154 	-0.0863237 	-1.46665 	0.00026063 	-0.0929053 	0.00426379 	
0.19	1.94054 	-0.086772 	-1.47334 	0.000258818 	-0.0933396 	0.00428206 	
0.195	1.94888 	-0.0871871 	-1.47954 	0.000257126 	-0.0937425 	0.00429898 	
0.2	1.95662 	-0.0875716 	-1.48528 	0.000255545 	-0.0941161 	0.00431463 	
0.205	1.96379 	-0.0879277 	-1.49059 	0.000254065 	-0.0944627 	0.00432912 	
0.21	1.97044 	-0.0882574 	-1.49551 	0.00025268 	-0.0947842 	0.00434252 	
0.215	1.97661 	-0.0885627 	-1.50006 	0.000251382 	-0.0950825 	0.00435492 	
0.22	1.98233 	-0.0888453 	-1.50427 	0.000250164 	-0.0953593 	0.00436639 	
0.225	1.98605 	-0.0877651 	-1.51048 	0.000311977 	-0.0956195 	0.00436787 	
0.23	1.99128 	-0.088073 	-1.51424 	0.00030755 	-0.0958702 	0.00437671 	
0.235	1.99607 	-0.0883714 	-1.51766 	0.000302589 	-0.096102 	0.00438441 	
0.24	2.00044 	-0.0886397 	-1.52076 	0.000298311 	-0.0963143 	0.0043915 	
0.245	2.00449 	-0.088888 	-1.52363 	0.000294329 	-0.0965115 	0.00439803 	
0.25	2.00824 	-0.0891178 	-1.52628 	0.000290623 	-0.0966946 	0.00440406 	
0.255	2.01173 	-0.0893304 	-1.52873 	0.000287171 	-0.0968647 	0.00440963 	
0.26	2.01496 	-0.0895197 	-1.53099 	0.000283381 	-0.0970219 	0.00441556 	
0.265	2.01796 	-0.0897016 	-1.53308 	0.000280383 	-0.0971688 	0.00442028 	
0.27	2.02075 	-0.0898698 	-1.53501 	0.000277587 	-0.0973052 	0.00442464 	
0.275	2.02163 	-0.0885846 	-1.53928 	0.000342937 	-0.0974357 	0.00441921 	
0.28	2.02437 	-0.0888007 	-1.5411 	0.000336817 	-0.0975671 	0.00442187 	
0.285	2.02685 	-0.0890145 	-1.5427 	0.000330243 	-0.0976881 	0.0044238 	
0.29	2.02907 	-0.0892034 	-1.54411 	0.000324503 	-0.0977976 	0.00442552 	
0.295	2.03112 	-0.089378 	-1.54541 	0.000319163 	-0.0978994 	0.00442708 	
0.3	2.03303 	-0.0895395 	-1.5466 	0.000314195 	-0.0979943 	0.0044285 	
0.305	2.0348 	-0.0896887 	-1.5477 	0.000309571 	-0.0980826 	0.00442978 	
0.31	2.03645 	-0.0898265 	-1.54871 	0.000305266 	-0.098165 	0.00443093 	
0.315	2.03635 	-0.088578 	-1.55203 	0.000366501 	-0.0982451 	0.00442332 	
0.32	2.03809 	-0.0887649 	-1.55304 	0.00035922 	-0.0983293 	0.00442328 	
0.325	2.03966 	-0.0889512 	-1.5539 	0.000351597 	-0.0984068 	0.0044227 	
0.33	2.04103 	-0.0891152 	-1.55463 	0.00034486 	-0.0984762 	0.00442209 	
0.335	2.0423 	-0.0892666 	-1.55529 	0.000338596 	-0.098541 	0.00442149 	
0.34	2.04349 	-0.0894065 	-1.5559 	0.000332769 	-0.0986015 	0.0044209 	
0.345	2.0446 	-0.0895356 	-1.55645 	0.000327347 	-0.0986581 	0.00442031 	
0.35	2.04401 	-0.0883087 	-1.5593 	0.000386468 	-0.0987144 	0.00441162 	
0.355	2.04528 	-0.088487 	-1.55991 	0.000378271 	-0.0987763 	0.00441009 	
0.36	2.04641 	-0.0886651 	-1.5604 	0.000369807 	-0.0988332 	0.00440813 	
0.365	2.04738 	-0.0888215 	-1.56079 	0.000362283 	-0.0988837 	0.00440623 	
0.37	2.04828 	-0.0889659 	-1.56114 	0.000355287 	-0.0989309 	0.00440443 	
0.375	2.04913 	-0.0890993 	-1.56145 	0.000348781 	-0.0989753 	0.00440273 	
0.38	2.04991 	-0.0892222 	-1.56173 	0.000342728 	-0.0990169 	0.00440111 	
0.385	2.04889 	-0.0878753 	-1.56453 	0.000407091 	-0.0990597 	0.00439115 	
0.39	2.04993 	-0.0880555 	-1.56493 	0.000397979 	-0.0991104 	0.00438864 	
0.395	2.05083 	-0.088236 	-1.56521 	0.000388608 	-0.0991566 	0.0043857 	
0.4	2.05158 	-0.0883935 	-1.56539 	0.000380289 	-0.0991968 	0.00438289 	
0.405	2.05228 	-0.0885388 	-1.56554 	0.000372554 	-0.0992345 	0.00438024 	
0.41	2.05293 	-0.088673 	-1.56568 	0.000365362 	-0.0992701 	0.00437774 	
0.415	2.05158 	-0.0870451 	-1.56778 	0.000395191 	-0.0992691 	0.00440961 	
0.42	2.05248 	-0.0872301 	-1.56804 	0.000385318 	-0.0993136 	0.00440639 	
0.425	2.05326 	-0.0874147 	-1.56819 	0.000375274 	-0.0993544 	0.00440281 	
0.43	2.0539 	-0.0875766 	-1.56826 	0.000366301 	-0.0993898 	0.0043994 	
0.435	2.0545 	-0.087726 	-1.56832 	0.000357961 	-0.0994232 	0.00439619 	
0.44	2.05506 	-0.0878638 	-1.56835 	0.000350207 	-0.0994548 	0.00439317 	
0.445	2.05384 	-0.086548 	-1.57093 	0.000412954 	-0.0994883 	0.00438285 	
0.45	2.05468 	-0.0867409 	-1.57112 	0.00040235 	-0.0995305 	0.00437911 	
0.455	2.05541 	-0.0869332 	-1.5712 	0.000391586 	-0.0995689 	0.00437501 	
0.46	2.05599 	-0.0871014 	-1.57119 	0.000381977 	-0.0996018 	0.0043711 	
0.465	2.05654 	-0.0872567 	-1.57118 	0.000373046 	-0.099633 	0.00436743 	
0.47	2.05706 	-0.0873998 	-1.57115 	0.000364744 	-0.0996625 	0.00436397 	
0.475	2.05567 	-0.0860055 	-1.57383 	0.00043147 	-0.0996944 	0.00435327 	
0.48	2.05651 	-0.0862085 	-1.57398 	0.0004201 	-0.0997362 	0.00434909 	
0.485	2.05722 	-0.0864107 	-1.57401 	0.000408579 	-0.0997739 	0.00434452 	
0.49	2.05778 	-0.0865872 	-1.57396 	0.000398306 	-0.0998059 	0.00434015 	
0.495	2.0583 	-0.0867501 	-1.57389 	0.000388759 	-0.0998362 	0.00433606 	
0.5	2.05711 	-0.0855396 	-1.57625 	0.000446633 	-0.0998683 	0.00432598 	
0.505	2.0579 	-0.0857501 	-1.57634 	0.000434653 	-0.0999087 	0.00432134 	
0.51	2.05858 	-0.0859584 	-1.57633 	0.000422636 	-0.0999457 	0.00431639 	
0.515	2.05914 	-0.0861419 	-1.57625 	0.000411843 	-0.0999776 	0.0043117 	
0.52	2.05965 	-0.0863111 	-1.57615 	0.000401815 	-0.100008 	0.00430729 	
0.525	2.05841 	-0.0850742 	-1.57856 	0.000461212 	-0.10004 	0.00429717 	
0.53	2.05921 	-0.0852926 	-1.57863 	0.000448683 	-0.100081 	0.00429222 	
0.535	2.0599 	-0.0855084 	-1.5786 	0.000436133 	-0.100118 	0.00428696 	
0.54	2.06045 	-0.0856985 	-1.5785 	0.000424863 	-0.10015 	0.00428196 	
0.545	2.06097 	-0.0858739 	-1.57838 	0.000414392 	-0.100181 	0.00427727 	
0.55	2.05966 	-0.0845923 	-1.58087 	0.000476267 	-0.100214 	0.0042671 	
0.555	2.06067 	-0.0850679 	-1.58121 	0.00048252 	-0.10028 	0.00423432 	
0.56	2.06137 	-0.0852922 	-1.58117 	0.000469404 	-0.100319 	0.00422873 	
0.565	2.06193 	-0.0854896 	-1.58105 	0.000457634 	-0.100351 	0.00422343 	
0.57	2.06246 	-0.0856716 	-1.58092 	0.0004467 	-0.100382 	0.00421845 	
0.575	2.06108 	-0.0843462 	-1.5835 	0.000511054 	-0.100416 	0.00420826 	
0.58	2.06193 	-0.0845828 	-1.58356 	0.000497355 	-0.100459 	0.00420273 	
0.585	2.06264 	-0.0848161 	-1.58351 	0.000483652 	-0.100498 	0.00419682 	
0.59	2.06321 	-0.0850213 	-1.58337 	0.000471364 	-0.100532 	0.0041912 	
0.595	2.06375 	-0.0852105 	-1.58323 	0.000459949 	-0.100563 	0.00418593 	
0.6	2.06231 	-0.0838438 	-1.5859 	0.000526733 	-0.100598 	0.00417582 	
0.605	2.06319 	-0.0840902 	-1.58596 	0.000512423 	-0.100643 	0.00416998 	
0.61	2.06393 	-0.0843329 	-1.5859 	0.00049812 	-0.100683 	0.00416374 	
0.615	2.06451 	-0.0845461 	-1.58575 	0.000485301 	-0.100717 	0.0041578 	
0.62	2.0634 	-0.0834457 	-1.58798 	0.000538929 	-0.100753 	0.0041483 	
0.625	2.06424 	-0.083698 	-1.58798 	0.000524143 	-0.100797 	0.00414203 	
0.63	2.06496 	-0.0839449 	-1.5879 	0.000509512 	-0.100837 	0.00413551 	
0.635	2.06556 	-0.0841642 	-1.58774 	0.000496297 	-0.100872 	0.00412933 	
0.64	2.06445 	-0.0830687 	-1.58997 	0.00054995 	-0.100909 	0.00411998 	
0.645	2.0653 	-0.0833267 	-1.58997 	0.000534787 	-0.100953 	0.0041135 	
0.65	2.06604 	-0.0835789 	-1.58988 	0.000519799 	-0.100994 	0.00410676 	
0.655	2.06665 	-0.083803 	-1.58972 	0.000506257 	-0.10103 	0.00410037 	
0.66	2.06551 	-0.082688 	-1.592 	0.000561201 	-0.101067 	0.00409116 	
0.665	2.06638 	-0.0829521 	-1.592 	0.000545646 	-0.101113 	0.00408446 	
0.67	2.06714 	-0.0832102 	-1.59191 	0.000530273 	-0.101155 	0.00407749 	
0.675	2.06776 	-0.0834394 	-1.59174 	0.000516388 	-0.101191 	0.00407088 	
0.68	2.06659 	-0.0823039 	-1.59407 	0.000572697 	-0.101229 	0.00406184 	
0.685	2.06749 	-0.0825745 	-1.59408 	0.00055673 	-0.101276 	0.00405492 	
0.69	2.06826 	-0.0828388 	-1.59398 	0.000540953 	-0.101319 	0.00404771 	
0.695	2.06889 	-0.0830734 	-1.5938 	0.000526708 	-0.101356 	0.00404086 	
0.7	2.06769 	-0.0819189 	-1.5962 	0.000584342 	-0.101395 	0.00403201 	
0.705	2.06861 	-0.0821961 	-1.5962 	0.000567949 	-0.101443 	0.00402486 	
0.71	2.0694 	-0.0824668 	-1.5961 	0.000551754 	-0.101487 	0.00401739 	
0.715	2.07004 	-0.082707 	-1.59592 	0.000537136 	-0.101524 	0.00401031 	
0.72	2.06882 	-0.0815349 	-1.59836 	0.000596047 	-0.101564 	0.00400167 	
0.725	2.06976 	-0.0818189 	-1.59837 	0.000579218 	-0.101613 	0.00399428 	
0.73	2.07056 	-0.0820963 	-1.59827 	0.000562597 	-0.101658 	0.00398656 	
0.735	2.07122 	-0.0823422 	-1.59808 	0.000547599 	-0.101696 	0.00397923 	
0.74	2.06997 	-0.0811539 	-1.60058 	0.000607741 	-0.101737 	0.00397083 	
0.745	2.07093 	-0.0814448 	-1.60058 	0.000590471 	-0.101787 	0.00396319 	
0.75	2.07175 	-0.0817287 	-1.60048 	0.000573419 	-0.101832 	0.00395521 	
0.755	2.07242 	-0.0819805 	-1.60029 	0.000558036 	-0.101872 	0.00394762 	
0.76	2.07114 	-0.0807774 	-1.60283 	0.000619366 	-0.101913 	0.0039395 	
0.765	2.07212 	-0.0810751 	-1.60284 	0.000601653 	-0.101964 	0.00393161 	
0.77	2.07296 	-0.0813657 	-1.60273 	0.000584167 	-0.102011 	0.00392336 	
0.775	2.07378 	-0.0817984 	-1.60273 	0.000582003 	-0.102068 	0.00389581 	
0.78	2.07247 	-0.0805818 	-1.60533 	0.000644466 	-0.10211 	0.00388796 	
0.785	2.07348 	-0.0808864 	-1.60534 	0.000626308 	-0.102163 	0.00387983 	
0.79	2.07433 	-0.0811836 	-1.60523 	0.00060839 	-0.10221 	0.0038713 	
0.795	2.07503 	-0.0814469 	-1.60503 	0.000592234 	-0.102251 	0.0038632 	
0.8	2.0737 	-0.0802181 	-1.60767 	0.0006558 	-0.102293 	0.00385569 	
0.805	2.07472 	-0.0805295 	-1.60768 	0.000637201 	-0.102347 	0.0038473 	
0.81	2.07559 	-0.0808332 	-1.60757 	0.000618852 	-0.102395 	0.0038385 	
0.815	2.0763 	-0.0811023 	-1.60736 	0.00060231 	-0.102436 	0.00383013 	
0.82	2.07494 	-0.0798625 	-1.61004 	0.00066694 	-0.10248 	0.00382298 	
0.825	2.07599 	-0.0801807 	-1.61006 	0.000647902 	-0.102534 	0.00381433 	
0.83	2.07688 	-0.0804908 	-1.60995 	0.000629125 	-0.102583 	0.00380526 	
0.835	2.07759 	-0.0807656 	-1.60973 	0.0006122 	-0.102625 	0.00379663 	
0.84	2.07621 	-0.0795163 	-1.61246 	0.000677852 	-0.102669 	0.00378986 	
0.845	2.07727 	-0.079841 	-1.61248 	0.00065838 	-0.102725 	0.00378096 	
0.85	2.07818 	-0.0801575 	-1.61236 	0.000639179 	-0.102775 	0.00377161 	
0.855	2.07891 	-0.0804378 	-1.61215 	0.000621875 	-0.102817 	0.00376271 	
0.86	2.0775 	-0.0791802 	-1.61492 	0.000688509 	-0.102862 	0.00375637 	
0.865	2.07859 	-0.0795114 	-1.61493 	0.000668607 	-0.102918 	0.00374721 	
0.87	2.0795 	-0.0798341 	-1.61482 	0.000648986 	-0.102969 	0.00373759 	
0.875	2.08024 	-0.0801199 	-1.6146 	0.000631308 	-0.103012 	0.00372842 	
0.88	2.07881 	-0.0788551 	-1.61741 	0.000698882 	-0.103058 	0.00372252 	
0.885	2.07992 	-0.0791927 	-1.61742 	0.000678557 	-0.103115 	0.00371311 	
0.89	2.08085 	-0.0795215 	-1.61731 	0.000658523 	-0.103166 	0.00370321 	
0.895	2.07992 	-0.078621 	-1.61945 	0.000706416 	-0.103213 	0.00369633 	
0.9	2.08094 	-0.078962 	-1.61939 	0.000685728 	-0.103268 	0.00368633 	
0.905	2.08184 	-0.0792915 	-1.61924 	0.000665557 	-0.103318 	0.00367615 	
0.91	2.0826 	-0.0795866 	-1.61902 	0.000647237 	-0.103363 	0.00366653 	
0.915	2.08118 	-0.0783467 	-1.62182 	0.000714446 	-0.103409 	0.00366141 	
0.92	2.0823 	-0.0786926 	-1.62184 	0.000693526 	-0.103467 	0.00365159 	
0.925	2.08325 	-0.0790293 	-1.62172 	0.000672926 	-0.10352 	0.00364126 	
0.93	2.0823 	-0.0781269 	-1.62391 	0.000721712 	-0.103567 	0.003635 	
0.935	2.08334 	-0.0784764 	-1.62385 	0.000700426 	-0.103623 	0.00362459 	
0.94	2.08426 	-0.078814 	-1.62369 	0.000679674 	-0.103674 	0.00361399 	
0.945	2.08335 	-0.0779429 	-1.62584 	0.000727048 	-0.103722 	0.00360788 	
0.95	2.0844 	-0.0782947 	-1.62577 	0.000705569 	-0.103779 	0.0035973 	
0.955	2.08532 	-0.0786344 	-1.62562 	0.00068465 	-0.10383 	0.00358654 	
0.96	2.0844 	-0.0777648 	-1.62778 	0.000732291 	-0.103878 	0.00358075 	
0.965	2.08545 	-0.0781191 	-1.62771 	0.000710623 	-0.103935 	0.00357002 	
0.97	2.08639 	-0.0784611 	-1.62756 	0.000689518 	-0.103987 	0.00355912 	
0.975	2.08546 	-0.0775908 	-1.62974 	0.000737563 	-0.104035 	0.00355364 	
0.98	2.08652 	-0.0779478 	-1.62967 	0.000715692 	-0.104092 	0.00354277 	
0.985	2.08746 	-0.0782923 	-1.62952 	0.000694388 	-0.104144 	0.00353171 	
0.99	2.08652 	-0.0774219 	-1.63171 	0.00074282 	-0.104193 	0.00352656 	
0.995	2.08802 	-0.0783384 	-1.63229 	0.000763708 	-0.104306 	0.00345182 	
1	2.08897 	-0.0786857 	-1.63213 	0.000742194 	-0.104359 	0.00344059 	
1.005	2.08802 	-0.0778155 	-1.63434 	0.000790944 	-0.104408 	0.00343572 	
1.01	2.0891 	-0.0781782 	-1.63428 	0.000768638 	-0.104466 	0.00342453 	
1.015	2.09005 	-0.0785284 	-1.63413 	0.000746908 	-0.104519 	0.00341314 	
1.02	2.0891 	-0.0776592 	-1.63635 	0.000795987 	-0.104568 	0.0034086 	
1.025	2.09019 	-0.078025 	-1.63629 	0.000773454 	-0.104626 	0.00339725 	
1.03	2.09114 	-0.0783781 	-1.63613 	0.000751503 	-0.104679 	0.00338568 	
1.035	2.09018 	-0.0775106 	-1.63838 	0.000800884 	-0.104729 	0.00338148 	
1.04	2.09128 	-0.0778794 	-1.63832 	0.000778121 	-0.104787 	0.00336996 	
1.045	2.09224 	-0.0782354 	-1.63816 	0.000755947 	-0.104841 	0.00335821 	
1.05	2.09127 	-0.0773703 	-1.64041 	0.000805605 	-0.104891 	0.00335435 	
1.055	2.09237 	-0.0777421 	-1.64035 	0.000782612 	-0.104949 	0.00334266 	
1.06	2.09334 	-0.0781011 	-1.64019 	0.000760214 	-0.105003 	0.00333073 	
1.065	2.09237 	-0.0772387 	-1.64246 	0.000810126 	-0.105053 	0.00332722 	
1.07	2.09347 	-0.0776136 	-1.6424 	0.000786903 	-0.105112 	0.00331536 	
1.075	2.09445 	-0.0779754 	-1.64224 	0.000764282 	-0.105166 	0.00330326 	
1.08	2.09346 	-0.0771164 	-1.64452 	0.000814425 	-0.105217 	0.0033001 	
1.085	2.09458 	-0.0774942 	-1.64446 	0.000790974 	-0.105276 	0.00328806 	
1.09	2.09556 	-0.077859 	-1.6443 	0.000768131 	-0.10533 	0.00327578 	
1.095	2.09457 	-0.0770037 	-1.64659 	0.000818484 	-0.105381 	0.00327298 	
1.1	2.09569 	-0.0773845 	-1.64653 	0.000794807 	-0.10544 	0.00326077 	
1.105	2.09667 	-0.077752 	-1.64637 	0.000771745 	-0.105495 	0.00324832 	
1.11	2.09568 	-0.076901 	-1.64867 	0.000822286 	-0.105546 	0.00324588 	
1.115	2.0968 	-0.0772846 	-1.64861 	0.000798387 	-0.105605 	0.0032335 	
1.12	2.09779 	-0.0776549 	-1.64845 	0.00077511 	-0.10566 	0.00322087 	
1.125	2.09679 	-0.0768086 	-1.65076 	0.00082582 	-0.105711 	0.0032188 	
1.13	2.09791 	-0.077195 	-1.6507 	0.000801703 	-0.105771 	0.00320625 	
1.135	2.09891 	-0.0775679 	-1.65053 	0.000778214 	-0.105826 	0.00319345 	
1.14	2.0979 	-0.0767267 	-1.65285 	0.000829072 	-0.105877 	0.00319175 	
1.145	2.09903 	-0.0771159 	-1.65279 	0.000804741 	-0.105937 	0.00317904 	
1.15	2.10003 	-0.0774914 	-1.65263 	0.000781045 	-0.105992 	0.00316607 	
1.155	2.09902 	-0.0766557 	-1.65495 	0.000832031 	-0.106043 	0.00316475 	
1.16	2.10015 	-0.0770474 	-1.65489 	0.000807493 	-0.106104 	0.00315188 	
1.165	2.10115 	-0.0774254 	-1.65473 	0.000783595 	-0.106159 	0.00313873 	
1.17	2.10014 	-0.0765956 	-1.65706 	0.00083469 	-0.10621 	0.0031378 	
1.175	2.10128 	-0.0769899 	-1.657 	0.000809949 	-0.106271 	0.00312476 	
1.18	2.10228 	-0.0773702 	-1.65683 	0.000785855 	-0.106326 	0.00311145 	
1.185	2.10126 	-0.0765468 	-1.65917 	0.000837039 	-0.106377 	0.00311091 	
1.19	2.1024 	-0.0769434 	-1.65911 	0.000812101 	-0.106438 	0.00309771 	
1.195	2.10341 	-0.0773261 	-1.65894 	0.000787817 	-0.106493 	0.00308424 	
1.2	2.10238 	-0.0765093 	-1.66128 	0.000839071 	-0.106545 	0.00308409 	
1.205	2.10353 	-0.0769082 	-1.66122 	0.000813943 	-0.106606 	0.00307074 	
1.21	2.10453 	-0.077293 	-1.66106 	0.000789475 	-0.106661 	0.0030571 	
1.215	2.10351 	-0.0764833 	-1.6634 	0.000840779 	-0.106713 	0.00305735 	
1.22	2.10465 	-0.0768843 	-1.66334 	0.000815468 	-0.106773 	0.00304385 	
1.225	2.10566 	-0.0772712 	-1.66317 	0.000790822 	-0.106829 	0.00303006 	
1.23	2.10463 	-0.0764688 	-1.66552 	0.000842157 	-0.106881 	0.0030307 	
1.235	2.10578 	-0.0768719 	-1.66546 	0.00081667 	-0.106941 	0.00301705 	
1.24	2.10679 	-0.0772607 	-1.66529 	0.000791853 	-0.106997 	0.00300311 	
1.245	2.10575 	-0.0764661 	-1.66764 	0.0008432 	-0.107049 	0.00300416 	
1.25	2.1069 	-0.076871 	-1.66758 	0.000817544 	-0.10711 	0.00299037 	
1.255	2.10791 	-0.0772617 	-1.66741 	0.000792563 	-0.107165 	0.00297628 	
1.26	2.10688 	-0.0764751 	-1.66976 	0.000843904 	-0.107217 	0.00297773 	
1.265	2.10803 	-0.0768818 	-1.6697 	0.000818086 	-0.107278 	0.00296379 	
1.27	2.10904 	-0.0772742 	-1.66953 	0.000792949 	-0.107333 	0.00294956 	
1.275	2.10733 	-0.0756263 	-1.67086 	0.000777864 	-0.107298 	0.003053 	
1.28	2.10848 	-0.0760347 	-1.6708 	0.000751892 	-0.107359 	0.00303893 	
1.285	2.10949 	-0.0764286 	-1.67063 	0.000726605 	-0.107414 	0.00302456 	
1.29	2.10846 	-0.0756593 	-1.67298 	0.00077794 	-0.107466 	0.00302689 	
1.295	2.1096 	-0.0760692 	-1.67292 	0.000751823 	-0.107527 	0.00301268 	
1.3	2.11061 	-0.0764645 	-1.67275 	0.000726395 	-0.107582 	0.00299818 	
1.305	2.10958 	-0.0757042 	-1.6751 	0.000777665 	-0.107634 	0.00300091 	
1.31	2.11072 	-0.0761155 	-1.67503 	0.00075141 	-0.107695 	0.00298658 	
1.315	2.11173 	-0.0765121 	-1.67486 	0.000725848 	-0.10775 	0.00297195 	
1.32	2.11069 	-0.0757611 	-1.67721 	0.000777036 	-0.107801 	0.00297509 	
1.325	2.11184 	-0.0761735 	-1.67715 	0.000750651 	-0.107862 	0.00296064 	
1.33	2.11285 	-0.0765714 	-1.67697 	0.000724964 	-0.107918 	0.00294588 	
1.335	2.11181 	-0.0758298 	-1.67932 	0.000776051 	-0.107969 	0.00294943 	
1.34	2.11295 	-0.0762433 	-1.67925 	0.000749544 	-0.10803 	0.00293486 	
1.345	2.11396 	-0.0766422 	-1.67908 	0.00072374 	-0.108085 	0.00291998 	
1.35	2.11292 	-0.0759104 	-1.68142 	0.000774706 	-0.108136 	0.00292393 	
1.355	2.11406 	-0.0763249 	-1.68136 	0.000748088 	-0.108196 	0.00290925 	
1.36	2.11507 	-0.0767247 	-1.68118 	0.000722174 	-0.108252 	0.00289426 	
1.365	2.11403 	-0.0760028 	-1.68352 	0.000773001 	-0.108303 	0.00289861 	
1.37	2.11517 	-0.0764181 	-1.68345 	0.000746279 	-0.108363 	0.00288382 	
1.375	2.11617 	-0.0768187 	-1.68328 	0.000720266 	-0.108418 	0.00286873 	
1.38	2.11513 	-0.076107 	-1.68561 	0.000770934 	-0.108469 	0.00287347 	
1.385	2.11627 	-0.076523 	-1.68554 	0.000744118 	-0.108529 	0.00285858 	
1.39	2.11727 	-0.0769242 	-1.68537 	0.000718013 	-0.108584 	0.00284339 	
1.395	2.11623 	-0.0762229 	-1.68769 	0.000768505 	-0.108635 	0.00284853 	
1.4	2.11736 	-0.0766394 	-1.68763 	0.000741604 	-0.108695 	0.00283354 	
1.405	2.11836 	-0.0770411 	-1.68745 	0.000715417 	-0.108749 	0.00281825 	
1.41	2.11732 	-0.0763505 	-1.68977 	0.000765713 	-0.1088 	0.00282378 	
1.415	2.11845 	-0.0767674 	-1.6897 	0.000738736 	-0.10886 	0.00280871 	
1.42	2.11945 	-0.0771694 	-1.68953 	0.000712476 	-0.108914 	0.00279333 	
1.425	2.11841 	-0.0764895 	-1.69183 	0.000762558 	-0.108964 	0.00279925 	
1.43	2.11954 	-0.0769067 	-1.69177 	0.000735516 	-0.109024 	0.00278409 	
1.435	2.12053 	-0.0773089 	-1.6916 	0.000709192 	-0.109078 	0.00276863 	
1.44	2.1195 	-0.07664 	-1.69389 	0.000759042 	-0.109128 	0.00277493 	
1.445	2.12062 	-0.0770572 	-1.69382 	0.000731942 	-0.109188 	0.00275969 	
1.45	2.1216 	-0.0774595 	-1.69365 	0.000705564 	-0.109241 	0.00274415 	
1.455	2.12057 	-0.0768018 	-1.69594 	0.000755163 	-0.109291 	0.00275083 	
1.46	2.12169 	-0.0772189 	-1.69587 	0.000728018 	-0.10935 	0.00273552 	
1.465	2.12267 	-0.0776211 	-1.6957 	0.000701595 	-0.109404 	0.00271991 	
1.47	2.12165 	-0.0769747 	-1.69797 	0.000750925 	-0.109454 	0.00272696 	
1.475	2.12275 	-0.0773916 	-1.6979 	0.000723743 	-0.109512 	0.00271158 	
1.48	2.12373 	-0.0777936 	-1.69773 	0.000697285 	-0.109566 	0.00269591 	
1.485	2.12271 	-0.0771585 	-1.69999 	0.000746328 	-0.109615 	0.00270332 	
1.49	2.12381 	-0.0775751 	-1.69993 	0.00071912 	-0.109674 	0.00268789 	
1.495	2.12479 	-0.0779767 	-1.69975 	0.000692637 	-0.109727 	0.00267216 	
1.5	2.12377 	-0.0773532 	-1.702 	0.000741375 	-0.109776 	0.00267992 	
1.505	2.12486 	-0.0777692 	-1.70193 	0.000714151 	-0.109834 	0.00266444 	
1.51	2.12583 	-0.0781703 	-1.70176 	0.000687654 	-0.109886 	0.00264867 	
1.515	2.12482 	-0.0775585 	-1.704 	0.000736068 	-0.109935 	0.00265677 	
1.52	2.12591 	-0.0779738 	-1.70393 	0.00070884 	-0.109993 	0.00264124 	
1.525	2.12687 	-0.0783742 	-1.70376 	0.000682337 	-0.110045 	0.00262543 	
1.53	2.12586 	-0.0777742 	-1.70598 	0.000730411 	-0.110094 	0.00263387 	
1.535	2.12694 	-0.0781886 	-1.70591 	0.000703187 	-0.110151 	0.0026183 	
1.54	2.1279 	-0.0785882 	-1.70574 	0.000676691 	-0.110203 	0.00260246 	
1.545	2.12755 	-0.0788672 	-1.70897 	0.000789766 	-0.110338 	0.00250835 	
1.55	2.12863 	-0.0792806 	-1.7089 	0.000762559 	-0.110395 	0.00249275 	
1.555	2.12958 	-0.0796792 	-1.70873 	0.000736079 	-0.110446 	0.00247688 	
1.56	2.12858 	-0.0791029 	-1.71092 	0.000783356 	-0.110494 	0.00248591 	
1.565	2.12964 	-0.0795151 	-1.71085 	0.000756176 	-0.110551 	0.00247029 	
1.57	2.13059 	-0.0799126 	-1.71068 	0.000729723 	-0.110602 	0.0024544 	
1.575	2.1296 	-0.0793483 	-1.71286 	0.000776606 	-0.110649 	0.00246374 	
1.58	2.13065 	-0.0797592 	-1.71279 	0.000749465 	-0.110705 	0.0024481 	
1.585	2.13159 	-0.0801554 	-1.71262 	0.00072305 	-0.110756 	0.0024322 	
1.59	2.13061 	-0.0796032 	-1.71477 	0.000769522 	-0.110803 	0.00244183 	
1.595	2.13165 	-0.0800126 	-1.7147 	0.000742431 	-0.110859 	0.00242619 	
1.6	2.13258 	-0.0804073 	-1.71453 	0.000716064 	-0.110909 	0.00241028 	
1.605	2.13161 	-0.0798672 	-1.71667 	0.000762108 	-0.110956 	0.0024202 	
1.61	2.13265 	-0.080275 	-1.7166 	0.000735078 	-0.111011 	0.00240455 	
1.615	2.13357 	-0.0806681 	-1.71643 	0.000708771 	-0.111061 	0.00238865 	
1.62	2.1326 	-0.0801402 	-1.71855 	0.000754371 	-0.111107 	0.00239885 	
1.625	2.13363 	-0.0805461 	-1.71848 	0.000727412 	-0.111162 	0.0023832 	
1.63	2.13454 	-0.0809375 	-1.71831 	0.000701176 	-0.111211 	0.00236732 	
1.635	2.13532 	-0.0812877 	-1.71806 	0.000677378 	-0.111255 	0.00235237 	
1.64	2.13381 	-0.080487 	-1.72087 	0.000744837 	-0.111299 	0.0023716 	
1.645	2.13491 	-0.0808915 	-1.72088 	0.000718086 	-0.111357 	0.00235668 	
1.65	2.13586 	-0.0812853 	-1.72075 	0.000691716 	-0.111407 	0.00234092 	
1.655	2.13485 	-0.0807606 	-1.72288 	0.000738265 	-0.111453 	0.00235243 	
1.66	2.13587 	-0.0811651 	-1.72281 	0.000711311 	-0.111506 	0.00233673 	
1.665	2.13676 	-0.0815554 	-1.72265 	0.000685052 	-0.111555 	0.00232076 	
1.67	2.13753 	-0.0819044 	-1.7224 	0.000661245 	-0.111598 	0.00230573 	
1.675	2.13604 	-0.0811426 	-1.72514 	0.000727173 	-0.111641 	0.0023256 	
1.68	2.13712 	-0.0815445 	-1.72515 	0.000700492 	-0.111697 	0.0023106 	
1.685	2.13804 	-0.0819357 	-1.72502 	0.000674195 	-0.111747 	0.00229479 	
1.69	2.1388 	-0.0822822 	-1.72477 	0.000650502 	-0.111789 	0.00227979 	
1.695	2.13728 	-0.08152 	-1.72753 	0.00071733 	-0.111832 	0.0023007 	
1.7	2.13835 	-0.0819211 	-1.72754 	0.000690661 	-0.111888 	0.0022857 	
1.705	2.13927 	-0.0823118 	-1.72741 	0.000664354 	-0.111937 	0.00226985 	
1.71	2.14001 	-0.0826576 	-1.72717 	0.000640661 	-0.111978 	0.0022548 	
1.715	2.13851 	-0.0819181 	-1.72989 	0.000706519 	-0.112021 	0.00227599 	
1.72	2.13898 	-0.08153 	-1.72895 	0.000621038 	-0.111996 	0.00235507 	
1.725	2.13988 	-0.081919 	-1.72882 	0.000594787 	-0.112045 	0.00233921 	
1.73	2.14061 	-0.0822635 	-1.72858 	0.000571139 	-0.112086 	0.00232416 	
1.735	2.13914 	-0.0815485 	-1.73125 	0.000635901 	-0.112128 	0.00234559 	
1.74	2.14017 	-0.0819454 	-1.73126 	0.000609394 	-0.112181 	0.00233055 	
1.745	2.14106 	-0.0823319 	-1.73112 	0.000583257 	-0.112229 	0.00231471 	
1.75	2.14178 	-0.0826744 	-1.73088 	0.000559706 	-0.112269 	0.00229969 	
1.755	2.14033 	-0.0819835 	-1.73351 	0.000623271 	-0.112311 	0.00232129 	
1.76	2.14135 	-0.082377 	-1.73351 	0.000596925 	-0.112363 	0.00230627 	
1.765	2.14222 	-0.0827604 	-1.73338 	0.000570951 	-0.11241 	0.00229049 	
1.77	2.14293 	-0.0831001 	-1.73314 	0.000547541 	-0.11245 	0.00227554 	
1.775	2.14151 	-0.0824329 	-1.73572 	0.000609887 	-0.11249 	0.00229727 	
1.78	2.14251 	-0.0828226 	-1.73571 	0.000583747 	-0.112542 	0.00228232 	
1.785	2.14336 	-0.0832021 	-1.73558 	0.000557977 	-0.112588 	0.00226663 	
1.79	2.14407 	-0.0835386 	-1.73534 	0.000534747 	-0.112627 	0.00225177 	
1.795	2.14267 	-0.0828948 	-1.73787 	0.000595849 	-0.112667 	0.00227361 	
1.8	2.14364 	-0.08328 	-1.73787 	0.000569953 	-0.112718 	0.00225874 	
1.805	2.14448 	-0.0836552 	-1.73773 	0.000544424 	-0.112763 	0.00224316 	
1.81	2.14518 	-0.083988 	-1.7375 	0.000521407 	-0.112801 	0.00222843 	
1.815	2.1438 	-0.0833673 	-1.73998 	0.000581236 	-0.11284 	0.00225033 	
1.82	2.14476 	-0.0837475 	-1.73997 	0.000555617 	-0.11289 	0.00223557 	
1.825	2.14558 	-0.084118 	-1.73984 	0.000530362 	-0.112934 	0.00222013 	
1.83	2.14626 	-0.0844466 	-1.73961 	0.000507588 	-0.112972 	0.00220554 	
1.835	2.14492 	-0.0838488 	-1.74204 	0.000566114 	-0.11301 	0.00222747 	
1.84	2.14585 	-0.0842236 	-1.74202 	0.000540803 	-0.113059 	0.00221285 	
1.845	2.14666 	-0.0845889 	-1.74189 	0.000515852 	-0.113102 	0.00219756 	
1.85	2.14733 	-0.0849131 	-1.74167 	0.000493348 	-0.113139 	0.00218314 	
1.855	2.14602 	-0.0843378 	-1.74404 	0.000550538 	-0.113177 	0.00220505 	
1.86	2.14693 	-0.0847069 	-1.74402 	0.000525564 	-0.113224 	0.00219058 	
1.865	2.14772 	-0.0850666 	-1.74389 	0.000500945 	-0.113267 	0.00217547 	
1.87	2.14837 	-0.0853859 	-1.74368 	0.000478736 	-0.113303 	0.00216122 	
1.875	2.14709 	-0.084833 	-1.74599 	0.000534556 	-0.11334 	0.00218309 	
1.88	2.14798 	-0.0851959 	-1.74597 	0.000509946 	-0.113386 	0.00216878 	
1.885	2.14875 	-0.0855498 	-1.74585 	0.000485685 	-0.113427 	0.00215387 	
1.89	2.1494 	-0.085864 	-1.74563 	0.000463795 	-0.113463 	0.00213982 	
1.895	2.14814 	-0.0853332 	-1.74789 	0.000518211 	-0.113499 	0.00216158 	
1.9	2.14901 	-0.0856896 	-1.74787 	0.00049399 	-0.113544 	0.00214745 	
1.905	2.14977 	-0.0860372 	-1.74774 	0.000470113 	-0.113584 	0.00213276 	
1.91	2.1504 	-0.086346 	-1.74754 	0.000448565 	-0.113619 	0.00211893 	
1.915	2.14918 	-0.0858371 	-1.74974 	0.000501542 	-0.113654 	0.00214054 	
1.92	2.15002 	-0.0861867 	-1.74971 	0.000477734 	-0.113698 	0.00212662 	
1.925	2.15076 	-0.0865278 	-1.74959 	0.000454265 	-0.113738 	0.00211216 	
1.93	2.15137 	-0.0868309 	-1.74938 	0.00043308 	-0.113772 	0.00209855 	
1.935	2.15041 	-0.0866505 	-1.75189 	0.000507306 	-0.113837 	0.00208303 	
1.94	2.15123 	-0.0869931 	-1.75187 	0.000483935 	-0.113879 	0.00206932 	
1.945	2.15195 	-0.0873273 	-1.75175 	0.000460897 	-0.113918 	0.00205511 	
1.95	2.15255 	-0.0876245 	-1.75155 	0.000440097 	-0.113951 	0.00204175 	
1.955	2.15312 	-0.0878969 	-1.75135 	0.000420918 	-0.113982 	0.00202935 	
1.96	2.15156 	-0.0872467 	-1.75393 	0.00048759 	-0.114015 	0.00205891 	
1.965	2.15241 	-0.0875816 	-1.75397 	0.000464837 	-0.114058 	0.00204603 	
1.97	2.15314 	-0.0879114 	-1.75387 	0.000442129 	-0.114097 	0.00203218 	
1.975	2.15372 	-0.0882021 	-1.75368 	0.000421748 	-0.114129 	0.00201907 	
1.98	2.15427 	-0.0884685 	-1.75348 	0.000402956 	-0.114159 	0.00200689 	
1.985	2.15273 	-0.087837 	-1.75602 	0.000468636 	-0.114191 	0.00203663 	
1.99	2.15355 	-0.0881653 	-1.75605 	0.000446298 	-0.114233 	0.00202394 	
1.995	2.15425 	-0.0884888 	-1.75596 	0.000423988 	-0.11427 	0.00201031 	
2	2.15482 	-0.088774 	-1.75577 	0.000403964 	-0.114301 	0.00199742 	
2.005	2.15535 	-0.0890354 	-1.75558 	0.0003855 	-0.114331 	0.00198545 	
2.01	2.15387 	-0.0884395 	-1.75803 	0.000448551 	-0.114361 	0.00201449 	
2.015	2.15466 	-0.0887597 	-1.75805 	0.00042671 	-0.114402 	0.002002 	
2.02	2.15534 	-0.0890754 	-1.75796 	0.000404901 	-0.114438 	0.00198865 	
2.025	2.15589 	-0.0893539 	-1.75778 	0.000385314 	-0.114468 	0.00197603 	
2.03	2.1564 	-0.0896093 	-1.75759 	0.000367255 	-0.114496 	0.00196432 	
2.035	2.15499 	-0.0890494 	-1.75993 	0.0004275 	-0.114526 	0.00199253 	
2.04	2.15574 	-0.0893603 	-1.75994 	0.000406239 	-0.114565 	0.0019803 	
2.045	2.15639 	-0.0896669 	-1.75986 	0.000385017 	-0.114599 	0.00196727 	
2.05	2.15692 	-0.0899378 	-1.75968 	0.000365946 	-0.114628 	0.00195499 	
2.055	2.15742 	-0.0901862 	-1.75951 	0.000348361 	-0.114656 	0.00194359 	
2.06	2.15607 	-0.0896614 	-1.76174 	0.000405757 	-0.114684 	0.0019709 	
2.065	2.15679 	-0.0899621 	-1.76174 	0.000385149 	-0.114721 	0.00195897 	
2.07	2.15742 	-0.0902587 	-1.76166 	0.000364581 	-0.114754 	0.00194632 	
2.075	2.15793 	-0.0905211 	-1.76149 	0.000346087 	-0.114782 	0.00193442 	
2.08	2.15841 	-0.0907617 	-1.76132 	0.000329035 	-0.114808 	0.00192337 	
2.085	2.15886 	-0.0909821 	-1.76115 	0.000313318 	-0.114833 	0.00191312 	
2.09	2.15725 	-0.0903505 	-1.76368 	0.000381222 	-0.11486 	0.00194662 	
2.095	2.15798 	-0.09064 	-1.76373 	0.000361464 	-0.114897 	0.00193553 	
2.1	2.15859 	-0.090928 	-1.76366 	0.000341516 	-0.114929 	0.00192339 	
2.105	2.15908 	-0.0911808 	-1.7635 	0.000323671 	-0.114956 	0.00191189 	
2.11	2.15954 	-0.0914127 	-1.76334 	0.000307216 	-0.114981 	0.00190122 	
2.115	2.15997 	-0.0916252 	-1.76318 	0.000292048 	-0.115004 	0.00189133 	
2.12	2.15843 	-0.0910316 	-1.76559 	0.00035685 	-0.11503 	0.00192383 	
2.125	2.15912 	-0.0913096 	-1.76563 	0.000337833 	-0.115064 	0.00191307 	
2.13	2.1597 	-0.0915865 	-1.76557 	0.000318625 	-0.115095 	0.00190135 	
2.135	2.16016 	-0.0918299 	-1.76542 	0.000301432 	-0.11512 	0.00189028 	
2.14	2.1606 	-0.0920532 	-1.76527 	0.000285576 	-0.115144 	0.00188001 	
2.145	2.16101 	-0.0922578 	-1.76511 	0.000270961 	-0.115167 	0.00187048 	
2.15	2.15958 	-0.0917147 	-1.76736 	0.000331274 	-0.115191 	0.00190115 	
2.155	2.16022 	-0.0919794 	-1.76739 	0.000313116 	-0.115223 	0.00189078 	
2.16	2.16076 	-0.0922432 	-1.76733 	0.000294785 	-0.115252 	0.00187957 	
2.165	2.1612 	-0.0924756 	-1.76719 	0.000278358 	-0.115276 	0.001869 	
2.17	2.16177 	-0.0929036 	-1.76731 	0.000278987 	-0.11532 	0.00183324 	
2.175	2.16216 	-0.0930991 	-1.76717 	0.000265021 	-0.115341 	0.00182415 	
2.18	2.16253 	-0.0932781 	-1.76702 	0.00025215 	-0.115361 	0.00181571 	
2.185	2.16095 	-0.0926755 	-1.76942 	0.000318493 	-0.115383 	0.00185032 	
2.19	2.16157 	-0.0929249 	-1.76948 	0.000301433 	-0.115415 	0.00184079 	
2.195	2.16209 	-0.0931757 	-1.76944 	0.000284027 	-0.115442 	0.00183023 	
2.2	2.1625 	-0.0933954 	-1.76931 	0.000268492 	-0.115464 	0.00182024 	
2.205	2.16289 	-0.093597 	-1.76918 	0.000254162 	-0.115485 	0.00181097 	
2.21	2.16325 	-0.0937818 	-1.76905 	0.00024095 	-0.115505 	0.00180238 	
2.215	2.16359 	-0.0939512 	-1.76892 	0.000228772 	-0.115524 	0.00179441 	
2.22	2.16214 	-0.0934076 	-1.77112 	0.000289584 	-0.115544 	0.00182656 	
2.225	2.1627 	-0.0936405 	-1.77116 	0.000273601 	-0.115573 	0.00181752 	
2.23	2.16319 	-0.0938751 	-1.77112 	0.000257295 	-0.115598 	0.00180759 	
2.235	2.16357 	-0.0940811 	-1.771 	0.000242722 	-0.115619 	0.00179824 	
2.24	2.16393 	-0.0942703 	-1.77089 	0.000229278 	-0.115638 	0.00178956 	
2.245	2.16426 	-0.0944439 	-1.77077 	0.00021688 	-0.115656 	0.00178152 	
2.25	2.16458 	-0.094603 	-1.77065 	0.00020545 	-0.115674 	0.00177406 	
2.255	2.16488 	-0.0947487 	-1.77053 	0.000194917 	-0.11569 	0.00176714 	
2.26	2.16338 	-0.0941882 	-1.77275 	0.000257454 	-0.115708 	0.00180084 	
2.265	2.16391 	-0.0944016 	-1.7728 	0.000242833 	-0.115734 	0.00179269 	
2.27	2.16435 	-0.0946185 	-1.77277 	0.000227773 	-0.115758 	0.00178357 	
2.275	2.1647 	-0.0948083 	-1.77267 	0.000214349 	-0.115776 	0.00177497 	
2.28	2.16503 	-0.0949827 	-1.77257 	0.000201963 	-0.115794 	0.001767 	
2.285	2.16533 	-0.0951428 	-1.77247 	0.000190537 	-0.115811 	0.0017596 	
2.29	2.16562 	-0.0952897 	-1.77236 	0.000180001 	-0.115827 	0.00175275 	
2.295	2.16589 	-0.0954243 	-1.77226 	0.000170288 	-0.115841 	0.00174639 	
2.3	2.16614 	-0.0955477 	-1.77215 	0.000161337 	-0.115855 	0.00174049 	
2.305	2.16638 	-0.0956605 	-1.77205 	0.000153091 	-0.115868 	0.00173502 	
2.31	2.16475 	-0.0950438 	-1.77439 	0.000221214 	-0.115883 	0.00177253 	
2.315	2.16524 	-0.0952346 	-1.77448 	0.000208226 	-0.115908 	0.00176553 	
2.32	2.16564 	-0.0954315 	-1.77447 	0.000194599 	-0.115929 	0.00175739 	
2.325	2.16595 	-0.0956026 	-1.77439 	0.000182524 	-0.115945 	0.00174968 	
2.33	2.16624 	-0.0957599 	-1.7743 	0.000171378 	-0.115961 	0.00174253 	
2.335	2.1665 	-0.0959045 	-1.77422 	0.000161091 	-0.115975 	0.0017359 	
2.34	2.16676 	-0.0960373 	-1.77413 	0.0001516 	-0.115989 	0.00172976 	
2.345	2.16699 	-0.0961592 	-1.77404 	0.000142844 	-0.116002 	0.00172406 	
2.35	2.16721 	-0.0962711 	-1.77396 	0.00013477 	-0.116014 	0.00171877 	
2.355	2.16742 	-0.0963736 	-1.77387 	0.000127326 	-0.116026 	0.00171387 	
2.36	2.16762 	-0.0964676 	-1.77379 	0.000120464 	-0.116036 	0.00170933 	
2.365	2.1678 	-0.0965537 	-1.7737 	0.000114142 	-0.116046 	0.00170511 	
2.37	2.16774 	-0.0963132 	-1.77324 	8.49606e-05 	-0.116024 	0.00173983 	
2.375	2.16607 	-0.0956804 	-1.77556 	0.000154493 	-0.116036 	0.00177884 	
2.38	2.16649 	-0.0958415 	-1.77567 	0.000143608 	-0.116056 	0.00177317 	
2.385	2.16684 	-0.0960113 	-1.77568 	0.000131926 	-0.116074 	0.00176629 	
2.39	2.16709 	-0.0961579 	-1.77562 	0.000121635 	-0.116088 	0.00175976 	
2.395	2.16733 	-0.0962929 	-1.77556 	0.000112127 	-0.1161 	0.00175371 	
2.4	2.16755 	-0.0964173 	-1.7755 	0.000103344 	-0.116112 	0.00174811 	
2.405	2.16775 	-0.0965317 	-1.77544 	9.5231e-05 	-0.116123 	0.00174291 	
2.41	2.16795 	-0.0966371 	-1.77538 	8.77388e-05 	-0.116134 	0.00173809 	
2.415	2.16813 	-0.096734 	-1.77532 	8.08204e-05 	-0.116144 	0.00173362 	
2.42	2.1683 	-0.0968231 	-1.77527 	7.44327e-05 	-0.116153 	0.00172947 	
2.425	2.16846 	-0.096905 	-1.77521 	6.85356e-05 	-0.116162 	0.00172563 	
2.43	2.1686 	-0.0969804 	-1.77515 	6.30917e-05 	-0.11617 	0.00172207 	
2.435	2.16874 	-0.0970497 	-1.7751 	5.80661e-05 	-0.116177 	0.00171876 	
2.44	2.16887 	-0.0971133 	-1.77504 	5.34285e-05 	-0.116184 	0.0017157 	
2.445	2.16899 	-0.0971718 	-1.77499 	4.91481e-05 	-0.116191 	0.00171286 	
2.45	2.16911 	-0.0972255 	-1.77494 	4.51977e-05 	-0.116197 	0.00171023 	
2.455	2.16921 	-0.0972749 	-1.77489 	4.15526e-05 	-0.116203 	0.00170779 	
2.46	2.16931 	-0.0973202 	-1.77484 	3.81893e-05 	-0.116209 	0.00170552 	
2.465	2.16941 	-0.0973618 	-1.77479 	3.50859e-05 	-0.116214 	0.00170342 	
2.47	2.16949 	-0.0974 	-1.77474 	3.22223e-05 	-0.116219 	0.00170148 	
2.475	2.16957 	-0.0974351 	-1.7747 	2.95796e-05 	-0.116223 	0.00169967 	
2.48	2.16965 	-0.0974674 	-1.77466 	2.71405e-05 	-0.116228 	0.001698 	
2.485	2.16972 	-0.097497 	-1.77461 	2.48889e-05 	-0.116232 	0.00169645 	
2.49	2.16979 	-0.0975243 	-1.77458 	2.28098e-05 	-0.116235 	0.00169501 	
2.495	2.16985 	-0.0975493 	-1.77454 	2.08895e-05 	-0.116239 	0.00169368 	
2.5	2.16991 	-0.0975724 	-1.7745 	1.91151e-05 	-0.116242 	0.00169244 	
2.505	2.16996 	-0.0975937 	-1.77447 	1.74747e-05 	-0.116245 	0.0016913 	
2.51	2.17001 	-0.0976133 	-1.77444 	1.5957e-05 	-0.116248 	0.00169024 	
2.515	2.17006 	-0.0976315 	-1.77441 	1.45553e-05 	-0.116251 	0.00168925 	
2.52	2.1701 	-0.097648 	-1.77438 	1.32721e-05 	-0.116253 	0.00168835 	
2.525	2.17014 	-0.0976631 	-1.77436 	1.20888e-05 	-0.116255 	0.00168751 	
2.53	2.17018 	-0.0976773 	-1.77433 	1.09851e-05 	-0.116258 	0.00168673 	
2.535	2.17021 	-0.0976908 	-1.77431 	9.94005e-06 	-0.11626 	0.001686 	
2.54	2.17025 	-0.0977038 	-1.77429 	8.94391e-06 	-0.116261 	0.00168531 	
2.545	2.17028 	-0.0977164 	-1.77427 	7.99046e-06 	-0.116263 	0.00168466 	
2.55	2.17031 	-0.0977287 	-1.77426 	7.06916e-06 	-0.116265 	0.00168403 	
2.555	2.17034 	-0.0977408 	-1.77424 	6.17084e-06 	-0.116267 	0.00168344 	
2.56	2.17037 	-0.0977529 	-1.77423 	5.28707e-06 	-0.116268 	0.00168286 	
2.565	2.1704 	-0.0977651 	-1.77421 	4.41006e-06 	-0.11627 	0.00168229 	
2.57	2.17043 	-0.0977775 	-1.7742 	3.53256e-06 	-0.116271 	0.00168174 	
2.575	2.17046 	-0.0977902 	-1.77419 	2.64789e-06 	-0.116273 	0.00168119 	
2.58	2.17048 	-0.0978032 	-1.77418 	1.74984e-06 	-0.116274 	0.00168065 	
2.585	2.17051 	-0.0978168 	-1.77418 	8.3268e-07 	-0.116275 	0.00168011 	
2.59	2.17054 	-0.0978309 	-1.77417 	-1.08919e-07 	-0.116277 	0.00167957 	
2.595	2.17057 	-0.0978456 	-1.77416 	-1.07988e-06 	-0.116278 	0.00167902 	
2.6	2.1706 	-0.0978611 	-1.77416 	-2.08475e-06 	-0.11628 	0.00167846 	
2.605	2.17064 	-0.0978773 	-1.77416 	-3.12776e-06 	-0.116281 	0.00167789 	
2.61	2.17067 	-0.0978943 	-1.77415 	-4.21281e-06 	-0.116283 	0.0016773 	
2.615	2.1707 	-0.0979121 	-1.77415 	-5.3435e-06 	-0.116284 	0.0016767 	
2.62	2.17074 	-0.0979309 	-1.77415 	-6.52318e-06 	-0.116286 	0.00167608 	
2.625	2.17077 	-0.0979507 	-1.77415 	-7.75493e-06 	-0.116287 	0.00167545 	
2.63	2.17112 	-0.0983921 	-1.77466 	2.17141e-05 	-0.116331 	0.00162386 	
2.635	2.17116 	-0.0984144 	-1.77466 	2.0344e-05 	-0.116333 	0.00162317 	
2.64	2.1712 	-0.0984392 	-1.77466 	1.88291e-05 	-0.116334 	0.00162242 	
2.645	2.17124 	-0.0984654 	-1.77467 	1.72377e-05 	-0.116336 	0.00162164 	
2.65	2.17128 	-0.0984924 	-1.77467 	1.56019e-05 	-0.116338 	0.00162084 	
2.655	2.17133 	-0.0985206 	-1.77468 	1.38973e-05 	-0.11634 	0.00162001 	
2.66	2.17138 	-0.0985498 	-1.77469 	1.21364e-05 	-0.116342 	0.00161916 	
2.665	2.17142 	-0.0985802 	-1.77469 	1.03059e-05 	-0.116344 	0.00161828 	
2.67	2.17148 	-0.0986118 	-1.7747 	8.40528e-06 	-0.116346 	0.00161736 	
2.675	2.17153 	-0.0986446 	-1.77471 	6.44028e-06 	-0.116348 	0.00161642 	
2.68	2.17158 	-0.0986785 	-1.77472 	4.40725e-06 	-0.11635 	0.00161545 	
2.685	2.17164 	-0.0987137 	-1.77472 	2.30459e-06 	-0.116352 	0.00161445 	
2.69	2.1717 	-0.09875 	-1.77473 	1.30863e-07 	-0.116355 	0.00161341 	
2.695	2.17176 	-0.0987877 	-1.77474 	-2.11525e-06 	-0.116357 	0.00161235 	
2.7	2.17183 	-0.0988265 	-1.77476 	-4.43498e-06 	-0.11636 	0.00161125 	
2.705	2.17189 	-0.0988667 	-1.77477 	-6.82942e-06 	-0.116362 	0.00161012 	
2.71	2.17196 	-0.0989082 	-1.77478 	-9.29959e-06 	-0.116365 	0.00160895 	
2.715	2.17203 	-0.098951 	-1.77479 	-1.18464e-05 	-0.116368 	0.00160775 	
2.72	2.1721 	-0.0989951 	-1.7748 	-1.44708e-05 	-0.116371 	0.00160651 	
2.725	2.17218 	-0.0990405 	-1.77482 	-1.71734e-05 	-0.116374 	0.00160524 	
2.73	2.17225 	-0.0990873 	-1.77483 	-1.9955e-05 	-0.116377 	0.00160394 	
2.735	2.17233 	-0.0991355 	-1.77485 	-2.28162e-05 	-0.11638 	0.00160259 	
2.74	2.17241 	-0.099185 	-1.77486 	-2.57575e-05 	-0.116383 	0.00160121 	
2.745	2.1725 	-0.0992359 	-1.77488 	-2.87796e-05 	-0.116386 	0.0015998 	
2.75	2.17258 	-0.0992882 	-1.77489 	-3.18827e-05 	-0.11639 	0.00159834 	
2.755	2.17267 	-0.0993419 	-1.77491 	-3.50675e-05 	-0.116393 	0.00159685 	
2.76	2.17276 	-0.099397 	-1.77493 	-3.83341e-05 	-0.116397 	0.00159532 	
2.765	2.17286 	-0.0994535 	-1.77495 	-4.16829e-05 	-0.1164 	0.00159375 	
2.77	2.17295 	-0.0995113 	-1.77496 	-4.51141e-05 	-0.116404 	0.00159215 	
2.775	2.17305 	-0.0995706 	-1.77498 	-4.86281e-05 	-0.116408 	0.00159051 	
2.78	2.17315 	-0.0996313 	-1.775 	-5.2225e-05 	-0.116412 	0.00158882 	
2.785	2.17325 	-0.0996934 	-1.77502 	-5.5905e-05 	-0.116416 	0.0015871 	
2.79	2.17482 	-0.0983761 	-1.77172 	-5.1612e-05 	-0.116344 	0.00171485 	
2.795	2.17491 	-0.0985225 	-1.77182 	-6.07838e-05 	-0.116347 	0.00170878 	
2.8	2.1749 	-0.0986775 	-1.77185 	-7.05705e-05 	-0.116346 	0.00170289 	
2.805	2.17486 	-0.0988164 	-1.77186 	-7.92925e-05 	-0.116344 	0.00169804 	
2.81	2.17484 	-0.0989518 	-1.77187 	-8.77686e-05 	-0.116343 	0.00169337 	
2.815	2.17483 	-0.0990837 	-1.77188 	-9.60075e-05 	-0.116343 	0.00168886 	
2.82	2.17484 	-0.0992126 	-1.77189 	-0.000104032 	-0.116342 	0.0016845 	
2.825	2.17485 	-0.0993387 	-1.7719 	-0.000111865 	-0.116343 	0.00168028 	
2.83	2.17487 	-0.0994624 	-1.77191 	-0.000119525 	-0.116344 	0.00167618 	
2.835	2.17491 	-0.0995839 	-1.77192 	-0.000127032 	-0.116345 	0.00167218 	
2.84	2.17495 	-0.0997036 	-1.77194 	-0.000134402 	-0.116346 	0.00166829 	
2.845	2.175 	-0.0998215 	-1.77196 	-0.000141652 	-0.116348 	0.00166449 	
2.85	2.17506 	-0.099938 	-1.77198 	-0.000148797 	-0.11635 	0.00166076 	
2.855	2.17513 	-0.100053 	-1.77199 	-0.000155849 	-0.116353 	0.00165711 	
2.86	2.17748 	-0.100108 	-1.76925 	-0.000158586 	-0.116355 	0.00165702 	
2.865	2.17754 	-0.100239 	-1.76936 	-0.000166295 	-0.116356 	0.00165286 	
2.87	2.17749 	-0.10036 	-1.76938 	-0.000173597 	-0.116353 	0.00164888 	
2.875	2.17741 	-0.100475 	-1.76937 	-0.000180554 	-0.116349 	0.00164512 	
2.88	2.17735 	-0.100588 	-1.76936 	-0.000187461 	-0.116346 	0.00164142 	
2.885	2.17731 	-0.100701 	-1.76936 	-0.000194329 	-0.116343 	0.00163778 	
2.89	2.17728 	-0.100814 	-1.76936 	-0.000201164 	-0.116342 	0.00163418 	
2.895	2.17727 	-0.100927 	-1.76936 	-0.000207977 	-0.116341 	0.00163062 	
2.9	2.17728 	-0.10104 	-1.76937 	-0.000214773 	-0.11634 	0.0016271 	
2.905	2.17729 	-0.101152 	-1.76937 	-0.00022156 	-0.11634 	0.0016236 	
2.91	2.17732 	-0.101265 	-1.76938 	-0.000228344 	-0.116341 	0.00162013 	
2.915	2.17736 	-0.101378 	-1.7694 	-0.000235131 	-0.116342 	0.00161668 	
2.92	2.17975 	-0.101489 	-1.76657 	-0.000243529 	-0.116343 	0.00161324 	
2.925	2.1798 	-0.101614 	-1.76667 	-0.000250712 	-0.116343 	0.00160957 	
2.93	2.17973 	-0.101729 	-1.76669 	-0.000257448 	-0.116339 	0.00160601 	
2.935	2.17964 	-0.101838 	-1.76667 	-0.000263976 	-0.116334 	0.00160256 	
2.94	2.17956 	-0.101948 	-1.76666 	-0.000270554 	-0.11633 	0.00159911 	
2.945	2.17951 	-0.102059 	-1.76665 	-0.000277181 	-0.116327 	0.00159566 	
2.95	2.17948 	-0.102172 	-1.76665 	-0.000283861 	-0.116324 	0.00159221 	
2.955	2.17946 	-0.102285 	-1.76665 	-0.000290595 	-0.116323 	0.00158876 	
2.96	2.17946 	-0.102399 	-1.76665 	-0.000297384 	-0.116322 	0.00158531 	
2.965	2.17948 	-0.102514 	-1.76666 	-0.000304229 	-0.116322 	0.00158185 	
2.97	2.17951 	-0.10263 	-1.76667 	-0.000311131 	-0.116322 	0.00157838 	
2.975	2.18197 	-0.102751 	-1.76373 	-0.000320304 	-0.116323 	0.00157444 	
2.98	2.18202 	-0.102881 	-1.76384 	-0.000327685 	-0.116323 	0.00157071 	
2.985	2.18194 	-0.103001 	-1.76386 	-0.000334624 	-0.116317 	0.00156709 	
2.99	2.18183 	-0.103115 	-1.76384 	-0.00034139 	-0.116312 	0.00156355 	
2.995	2.18175 	-0.103231 	-1.76383 	-0.000348244 	-0.116307 	0.00155998 	
3	2.1817 	-0.103348 	-1.76382 	-0.000355185 	-0.116304 	0.0015564 	
3.005	2.18193 	-0.103829 	-1.76425 	-0.00033554 	-0.116337 	0.00150919 	
3.01	2.18191 	-0.103949 	-1.76425 	-0.000342671 	-0.116336 	0.00150557 	
3.015	2.18191 	-0.104073 	-1.76425 	-0.000349951 	-0.116335 	0.0015019 	
3.02	2.18192 	-0.104198 	-1.76426 	-0.000357332 	-0.116334 	0.0014982 	
3.025	2.18438 	-0.104328 	-1.76132 	-0.000366941 	-0.116335 	0.00149392 	
3.03	2.18442 	-0.104467 	-1.76143 	-0.00037482 	-0.116334 	0.00148996 	
3.035	2.18434 	-0.104596 	-1.76144 	-0.00038227 	-0.116328 	0.00148609 	
3.04	2.18423 	-0.10472 	-1.76143 	-0.000389558 	-0.116322 	0.00148229 	
3.045	2.18414 	-0.104845 	-1.76141 	-0.000396944 	-0.116317 	0.00147847 	
3.05	2.18408 	-0.104973 	-1.76141 	-0.000404427 	-0.116314 	0.00147462 	
3.055	2.18404 	-0.105101 	-1.7614 	-0.000412004 	-0.116311 	0.00147075 	
3.06	2.18403 	-0.105231 	-1.7614 	-0.000419671 	-0.116309 	0.00146687 	
3.065	2.18403 	-0.105363 	-1.76141 	-0.000427429 	-0.116308 	0.00146295 	
3.07	2.1864 	-0.1055 	-1.75854 	-0.000437326 	-0.116308 	0.00145839 	
3.075	2.18643 	-0.105646 	-1.75864 	-0.00044559 	-0.116306 	0.00145421 	
3.08	2.18634 	-0.105782 	-1.75866 	-0.000453464 	-0.1163 	0.00145011 	
3.085	2.18623 	-0.105914 	-1.75864 	-0.0004612 	-0.116294 	0.00144608 	
3.09	2.18614 	-0.106048 	-1.75863 	-0.000469043 	-0.116289 	0.00144201 	
3.095	2.18609 	-0.106183 	-1.75863 	-0.000476988 	-0.116286 	0.00143793 	
3.1	2.18605 	-0.10632 	-1.75862 	-0.000485032 	-0.116283 	0.00143382 	
3.105	2.18604 	-0.106458 	-1.75863 	-0.000493173 	-0.116281 	0.00142969 	
3.11	2.18605 	-0.106598 	-1.75863 	-0.000501407 	-0.11628 	0.00142554 	
3.115	2.18854 	-0.106744 	-1.75562 	-0.000511851 	-0.11628 	0.00142058 	
3.12	2.18859 	-0.1069 	-1.75574 	-0.000520647 	-0.116279 	0.00141613 	
3.125	2.1885 	-0.107045 	-1.75576 	-0.000529012 	-0.116273 	0.00141177 	
3.13	2.18839 	-0.107185 	-1.75574 	-0.000537219 	-0.116267 	0.00140748 	
3.135	2.1883 	-0.107327 	-1.75573 	-0.000545534 	-0.116262 	0.00140317 	
3.14	2.18824 	-0.10747 	-1.75573 	-0.000553954 	-0.116258 	0.00139883 	
3.145	2.18821 	-0.107615 	-1.75573 	-0.000562474 	-0.116255 	0.00139447 	
3.15	2.1882 	-0.107762 	-1.75573 	-0.000571092 	-0.116253 	0.00139009 	
3.155	2.19053 	-0.107914 	-1.75288 	-0.000581746 	-0.116252 	0.00138486 	
3.16	2.19056 	-0.108076 	-1.75298 	-0.000590883 	-0.11625 	0.0013802 	
3.165	2.19046 	-0.108227 	-1.753 	-0.000599642 	-0.116244 	0.00137563 	
3.17	2.19035 	-0.108375 	-1.75299 	-0.000608272 	-0.116237 	0.00137111 	
3.175	2.19027 	-0.108524 	-1.75298 	-0.000617009 	-0.116232 	0.00136657 	
3.18	2.19021 	-0.108675 	-1.75298 	-0.000625849 	-0.116229 	0.00136201 	
3.185	2.19018 	-0.108827 	-1.75298 	-0.000634788 	-0.116226 	0.00135743 	
3.19	2.19018 	-0.108981 	-1.75298 	-0.000643823 	-0.116224 	0.00135282 	
3.195	2.19258 	-0.109141 	-1.75005 	-0.000654909 	-0.116223 	0.00134724 	
3.2	2.19262 	-0.10931 	-1.75016 	-0.000664488 	-0.116221 	0.00134235 	
3.205	2.19253 	-0.109469 	-1.75018 	-0.000673664 	-0.116215 	0.00133755 	
3.21	2.19242 	-0.109624 	-1.75017 	-0.000682693 	-0.116209 	0.00133282 	
3.215	2.19233 	-0.10978 	-1.75016 	-0.000691828 	-0.116204 	0.00132806 	
3.22	2.19234 	-0.110023 	-1.75027 	-0.000694708 	-0.116208 	0.00131305 	
3.225	2.19231 	-0.110182 	-1.75027 	-0.000704044 	-0.116206 	0.00130825 	
3.23	2.19231 	-0.110343 	-1.75028 	-0.000713489 	-0.116204 	0.00130343 	
3.235	2.1948 	-0.11051 	-1.74724 	-0.000724992 	-0.116203 	0.00129749 	
3.24	2.19485 	-0.110688 	-1.74737 	-0.000735012 	-0.116202 	0.00129237 	
3.245	2.19476 	-0.110854 	-1.7474 	-0.000744595 	-0.116195 	0.00128735 	
3.25	2.19464 	-0.111015 	-1.74738 	-0.00075401 	-0.116189 	0.00128239 	
3.255	2.19456 	-0.111178 	-1.74738 	-0.000763526 	-0.116183 	0.00127743 	
3.26	2.19451 	-0.111342 	-1.74738 	-0.000773139 	-0.116179 	0.00127244 	
3.265	2.19448 	-0.111508 	-1.74738 	-0.000782843 	-0.116177 	0.00126744 	
3.27	2.19672 	-0.111679 	-1.74461 	-0.000794365 	-0.116175 	0.00126135 	
3.275	2.19674 	-0.111859 	-1.74471 	-0.000804564 	-0.116172 	0.00125608 	
3.28	2.19664 	-0.112029 	-1.74473 	-0.000814406 	-0.116165 	0.0012509 	
3.285	2.19653 	-0.112196 	-1.74472 	-0.000824121 	-0.116159 	0.00124578 	
3.29	2.19645 	-0.112364 	-1.74472 	-0.000833934 	-0.116154 	0.00124065 	
3.295	2.1964 	-0.112533 	-1.74472 	-0.00084384 	-0.11615 	0.0012355 	
3.3	2.19637 	-0.112704 	-1.74473 	-0.000853835 	-0.116147 	0.00123033 	
3.305	2.19864 	-0.11288 	-1.74193 	-0.000865617 	-0.116145 	0.00122398 	
3.31	2.19866 	-0.113065 	-1.74203 	-0.000876111 	-0.116143 	0.00121855 	
3.315	2.19857 	-0.113241 	-1.74206 	-0.000886236 	-0.116136 	0.00121321 	
3.32	2.19846 	-0.113412 	-1.74205 	-0.000896226 	-0.11613 	0.00120793 	
3.325	2.19838 	-0.113585 	-1.74205 	-0.00090631 	-0.116125 	0.00120264 	
3.33	2.19834 	-0.113759 	-1.74206 	-0.000916483 	-0.116121 	0.00119734 	
3.335	2.19831 	-0.113935 	-1.74207 	-0.00092674 	-0.116118 	0.00119203 	
3.34	2.20063 	-0.114116 	-1.73922 	-0.000938765 	-0.116116 	0.00118541 	
3.345	1.85758 	0.017007 	-1.10843 	-0.00811478 	-0.0887074 	-0.00204892 	
3.35	0.841433 	0.408489 	0.769175 	-0.0295806 	-0.00729275 	-0.0115975 	
3.355	0.701468 	0.518702 	1.21891 	-0.0378916 	0.00900372 	-0.0122103 	
3.36	0.188863 	0.859573 	2.65392 	-0.0625527 	0.0630729 	-0.0150981 	
3.365	0.0505689 	0.921298 	3.01637 	-0.0654393 	0.0769855 	-0.0151479 	
3.37	-0.558193 	1.17745 	4.4622 	-0.0774917 	0.134232 	-0.0170095 	
3.375	-0.900107 	1.03026 	4.77672 	-0.0567823 	0.152955 	-0.0111625 	
3.38	-2.1504 	0.810252 	6.40497 	-0.0135998 	0.234877 	0.00294402 	
3.385	-2.13916 	0.828779 	6.45386 	-0.0112741 	0.235508 	0.00102916 	
3.39	-2.65426 	0.915335 	7.58401 	-0.00601063 	0.280985 	0.00125262 	
3.395	-2.54969 	0.882545 	7.59981 	0.00281808 	0.277394 	-0.00279637 	
3.4	-2.75962 	0.700731 	8.4111 	0.033471 	0.303919 	-0.00610028 	
3.405	-2.42498 	0.621997 	8.10581 	0.0408366 	0.284967 	-0.0105411 	
3.41	-1.98216 	0.526196 	8.08263 	0.0564766 	0.268913 	-0.0223449 	
3.415	-2.213 	0.444475 	8.06015 	0.0641832 	0.276073 	-0.0156677 	
3.42	-3.39922 	0.298028 	9.48039 	0.0978523 	0.351154 	-0.00339555 	
3.425	-2.68005 	0.263523 	8.81569 	0.0983054 	0.310481 	-0.0144547 	
3.43	-2.27281 	0.273115 	8.31016 	0.0826883 	0.285011 	-0.0084203 	
3.435	-1.81107 	0.345724 	8.293 	0.0541091 	0.271132 	0.00548023 	
3.44	-1.46767 	0.349032 	7.82383 	0.0417903 	0.248519 	0.0100169 	
3.445	-1.0745 	0.416804 	7.84518 	0.0160528 	0.237455 	0.0226586 	
3.45	-0.818222 	0.371514 	7.2406 	0.0174848 	0.213445 	0.0192209 	
3.455	-0.528992 	0.310143 	6.99327 	0.0275513 	0.197242 	0.0100672 	
3.46	-0.243101 	0.245888 	6.87184 	0.0398471 	0.184325 	-0.000406404 	
3.465	0.0279169 	0.1889 	6.72186 	0.0503615 	0.171233 	-0.00977806 	
3.47	0.328092 	0.163891 	6.17 	0.050177 	0.14722 	-0.0142203 	
3.475	0.780745 	0.137557 	5.74141 	0.0544444 	0.121269 	-0.0247821 	
3.48	0.914989 	0.11791 	5.21326 	0.0513379 	0.103119 	-0.0242027 	
3.485	1.02825 	0.0934852 	4.81578 	0.0505734 	0.089256 	-0.024483 	
3.49	1.19016 	0.0495353 	4.7892 	0.0593943 	0.0831288 	-0.0312506 	
3.495	1.35368 	0.0029344 	4.84538 	0.0697709 	0.0790573 	-0.0389839 	
3.5	1.47155 	-0.0472524 	4.97356 	0.0805519 	0.0783876 	-0.0453962 	
3.505	1.36923 	-0.0457921 	5.00309 	0.0875233 	0.0821111 	-0.0463615 	
3.51	1.23279 	0.044024 	5.28068 	0.106952 	0.0918535 	-0.0612331 	
3.515	1.26544 	0.0464391 	4.88652 	0.103022 	0.0803978 	-0.05928 	
3.52	1.33468 	0.0340258 	4.40248 	0.0953711 	0.0660301 	-0.054873 	
3.525	1.39872 	0.022518 	3.95395 	0.0882803 	0.0527186 	-0.050789 	
3.53	1.50109 	0.0124952 	3.54057 	0.0823675 	0.0390026 	-0.048389 	
3.535	1.68211 	0.00449111 	3.162 	0.0782058 	0.0235302 	-0.0489349 	
3.54	1.76353 	-0.00426757 	2.80659 	0.0730113 	0.0119715 	-0.0466433 	
3.545	1.9472 	-0.0108222 	2.48302 	0.0698204 	-0.00217263 	-0.0479505 	
3.55	2.03133 	-0.0181328 	2.18142 	0.0656779 	-0.0126462 	-0.046436 	
3.555	2.04466 	-0.0259208 	1.89557 	0.0607548 	-0.0202019 	-0.0429724 	
3.56	2.05689 	-0.0331419 	1.63072 	0.0561916 	-0.0271998 	-0.0397626 	
3.565	2.12472 	-0.0390311 	1.38831 	0.0528099 	-0.0354721 	-0.0385818 	
3.57	2.30067 	-0.0428836 	1.16967 	0.0513707 	-0.0467147 	-0.0410756 	
3.575	2.29418 	-0.0489002 	0.957976 	0.0474921 	-0.0517732 	-0.0380058 	
3.58	2.34385 	-0.0537064 	0.764738 	0.0447308 	-0.0582214 	-0.0369279 	
3.585	2.50043 	-0.056608 	0.594984 	0.0438935 	-0.0677172 	-0.0394023 	
3.59	2.47959 	-0.0616808 	0.425442 	0.0405589 	-0.07124 	-0.0364567 	
3.595	2.46014 	-0.0663855 	0.268389 	0.037468 	-0.0745002 	-0.0337271 	
3.6	2.4888 	-0.0701038 	0.125338 	0.0353025 	-0.0789934 	-0.0326811 	
3.605	2.60894 	-0.0724419 	-0.00251903 	0.0347076 	-0.0861211 	-0.0347002 	
3.61	2.62889 	-0.0757192 	-0.1257 	0.0327747 	-0.0898347 	-0.0336539 	
3.615	2.74508 	-0.0773931 	-0.234793 	0.0324444 	-0.0963577 	-0.0357889 	
3.62	2.70676 	-0.0810327 	-0.33986 	0.0299894 	-0.0977838 	-0.0330708 	
3.625	2.67098 	-0.0844319 	-0.440799 	0.0276675 	-0.099105 	-0.0305934 	
3.63	2.63768 	-0.0875855 	-0.534272 	0.0255152 	-0.100325 	-0.0282977 	
3.635	2.65409 	-0.0899073 	-0.618368 	0.0242189 	-0.10292 	-0.027663 	
3.64	2.76389 	-0.0908579 	-0.691322 	0.0244147 	-0.108256 	-0.0300604 	
3.645	2.77056 	-0.0929855 	-0.763968 	0.0231887 	-0.110256 	-0.0292802 	
3.65	2.87024 	-0.0937875 	-0.826371 	0.0234327 	-0.115006 	-0.0315083 	
3.655	2.82365 	-0.096327 	-0.887821 	0.0216257 	-0.115065 	-0.0291184 	
3.66	2.77946 	-0.0987063 	-0.948459 	0.0199101 	-0.115119 	-0.0269336 	
3.665	2.73838 	-0.100915 	-1.00458 	0.0183198 	-0.115165 	-0.024909 	
3.67	2.74969 	-0.102385 	-1.05403 	0.0175836 	-0.116752 	-0.0246065 	
3.675	2.85901 	-0.102595 	-1.09479 	0.018377 	-0.121315 	-0.0274737 	
3.68	2.86101 	-0.103987 	-1.13767 	0.0176268 	-0.122437 	-0.0269679 	
3.685	2.96066 	-0.104155 	-1.1724 	0.0183908 	-0.126534 	-0.0296137 	
3.69	2.90801 	-0.106034 	-1.20827 	0.0169442 	-0.125747 	-0.0273724 	
3.695	2.8578 	-0.107802 	-1.24526 	0.0155656 	-0.125017 	-0.0253186 	
3.7	2.81113 	-0.109443 	-1.27947 	0.0142875 	-0.124336 	-0.0234154 	
3.705	2.81314 	-0.110457 	-1.3088 	0.0137744 	-0.125101 	-0.0230906 	
3.71	2.9056 	-0.110383 	-1.3313 	0.0146418 	-0.128603 	-0.0256674 	
3.715	2.90024 	-0.111371 	-1.35687 	0.0140938 	-0.129041 	-0.0251635 	
3.72	2.98487 	-0.111302 	-1.37595 	0.0149142 	-0.132208 	-0.0275445 	
3.725	2.93082 	-0.112756 	-1.39675 	0.0137133 	-0.131003 	-0.0254624 	
3.73	2.87908 	-0.114128 	-1.41976 	0.0125655 	-0.129886 	-0.0235516 	
3.735	2.831 	-0.115404 	-1.44101 	0.0115014 	-0.128847 	-0.021781 	
3.74	2.78642 	-0.116595 	-1.46068 	0.0105145 	-0.127883 	-0.0201403 	
3.745	2.74513 	-0.117712 	-1.47891 	0.00959902 	-0.12699 	-0.0186201 	
3.75	2.70688 	-0.118762 	-1.49582 	0.00874974 	-0.126164 	-0.0172116 	
3.755	2.67146 	-0.119749 	-1.51149 	0.00796182 	-0.125399 	-0.0159065 	
3.76	2.64063 	-0.120682 	-1.52265 	0.00724959 	-0.124691 	-0.0146881 	
3.765	2.61026 	-0.121569 	-1.53625 	0.00656934 	-0.124034 	-0.0135691 	
3.77	2.58201 	-0.122396 	-1.5488 	0.0059385 	-0.12342 	-0.0125322 	
3.775	2.5558 	-0.12317 	-1.56039 	0.00535325 	-0.122852 	-0.0115716 	
3.78	2.53153 	-0.123901 	-1.57115 	0.00481004 	-0.122325 	-0.0106817 	
3.785	2.50906 	-0.124593 	-1.58112 	0.00430579 	-0.121838 	-0.00985732 	
3.79	2.48826 	-0.125248 	-1.59037 	0.00383766 	-0.121388 	-0.00909367 	
3.795	2.469 	-0.125868 	-1.59895 	0.00340299 	-0.120971 	-0.00838631 	
3.8	2.45348 	-0.126462 	-1.60346 	0.00301017 	-0.120586 	-0.00772694 	
3.805	2.43741 	-0.127553 	-1.61159 	0.0026738 	-0.12028 	-0.0071821 	
3.81	2.42201 	-0.128088 	-1.61847 	0.00232474 	-0.119943 	-0.00662078 	
3.815	2.4077 	-0.128593 	-1.62482 	0.00200063 	-0.11963 	-0.00610087 	
3.82	2.39446 	-0.129074 	-1.63071 	0.00169944 	-0.119341 	-0.00561943 	
3.825	2.38221 	-0.129533 	-1.63617 	0.00141952 	-0.119074 	-0.00517361 	
3.83	2.37088 	-0.129972 	-1.64124 	0.00115933 	-0.118827 	-0.0047608 	
3.835	2.3604 	-0.130392 	-1.64594 	0.000917409 	-0.118599 	-0.0043786 	
3.84	2.35303 	-0.130799 	-1.64706 	0.000697882 	-0.118389 	-0.00402387 	
3.845	2.3441 	-0.131201 	-1.65123 	0.00048762 	-0.118193 	-0.00369694 	
3.85	2.33568 	-0.131575 	-1.65502 	0.000292472 	-0.118007 	-0.00339422 	
3.855	2.32784 	-0.131928 	-1.6585 	0.00011113 	-0.117834 	-0.00311393 	
3.86	2.32061 	-0.132267 	-1.66173 	-5.76896e-05 	-0.117674 	-0.00285453 	
3.865	2.31392 	-0.132595 	-1.66472 	-0.0002149 	-0.117526 	-0.0026145 	
3.87	2.30774 	-0.132912 	-1.66751 	-0.000361346 	-0.117391 	-0.00239241 	
3.875	2.30204 	-0.133219 	-1.67009 	-0.000497814 	-0.117266 	-0.00218695 	
3.88	2.29905 	-0.13352 	-1.66943 	-0.000622494 	-0.11715 	-0.00199782 	
3.885	2.2942 	-0.133822 	-1.67177 	-0.000741874 	-0.117043 	-0.00182254 	
3.89	2.28958 	-0.134104 	-1.67387 	-0.000852791 	-0.116938 	-0.00166036 	
3.895	2.28528 	-0.134372 	-1.67578 	-0.000956052 	-0.116841 	-0.00151032 	
3.9	2.2813 	-0.134632 	-1.67755 	-0.00105248 	-0.116752 	-0.00137163 	
3.905	2.27764 	-0.134886 	-1.6792 	-0.00114256 	-0.116669 	-0.00124345 	
3.91	2.27427 	-0.135133 	-1.68074 	-0.00122676 	-0.116594 	-0.00112501 	
3.915	2.27117 	-0.135375 	-1.68217 	-0.00130551 	-0.116525 	-0.0010156 	
3.92	2.2705 	-0.135616 	-1.68059 	-0.00137817 	-0.116462 	-0.000916428 	
3.925	2.26788 	-0.13586 	-1.68193 	-0.00144776 	-0.116402 	-0.000823542 	
3.93	2.26533 	-0.136089 	-1.6831 	-0.00151253 	-0.116342 	-0.000737719 	
3.935	2.26294 	-0.136307 	-1.68416 	-0.00157301 	-0.116286 	-0.000658435 	
3.94	2.26075 	-0.136521 	-1.68514 	-0.00162975 	-0.116235 	-0.000585304 	
3.945	2.25874 	-0.136732 	-1.68606 	-0.00168303 	-0.116189 	-0.000517874 	
3.95	2.2569 	-0.136938 	-1.68691 	-0.00173308 	-0.116146 	-0.000455725 	
3.955	2.25521 	-0.137142 	-1.68771 	-0.00178015 	-0.116108 	-0.000398469 	
3.96	2.25366 	-0.137342 	-1.68846 	-0.00182444 	-0.116073 	-0.000345744 	
3.965	2.25457 	-0.137544 	-1.6861 	-0.00186592 	-0.116041 	-0.00029987 	
3.97	2.25329 	-0.137753 	-1.68686 	-0.00190585 	-0.11601 	-0.000255642 	
3.975	2.25197 	-0.137948 	-1.68749 	-0.00194305 	-0.115978 	-0.000214882 	
3.98	2.25072 	-0.138132 	-1.68804 	-0.00197791 	-0.115946 	-0.000177332 	
3.985	2.24958 	-0.138315 	-1.68855 	-0.00201086 	-0.115918 	-0.000142862 	
3.99	2.24854 	-0.138495 	-1.68903 	-0.00204204 	-0.115892 	-0.000111243 	
3.995	2.24759 	-0.138674 	-1.68948 	-0.00207158 	-0.115869 	-8.22648e-05 	
4	2.24674 	-0.13885 	-1.6899 	-0.00209959 	-0.115849 	-5.57313e-05 	
4.005	2.24596 	-0.139024 	-1.6903 	-0.00212619 	-0.11583 	-3.14614e-05 	
4.01	2.24747 	-0.139201 	-1.68778 	-0.0021516 	-0.115814 	-1.21766e-05 	
4.015	2.24684 	-0.139386 	-1.68822 	-0.00217617 	-0.115797 	7.68958e-06 	
4.02	2.24614 	-0.139557 	-1.68857 	-0.00219913 	-0.115778 	2.5882e-05 	
4.025	2.24546 	-0.139721 	-1.68886 	-0.00222076 	-0.115759 	4.25302e-05 	
4.03	2.24485 	-0.139883 	-1.68913 	-0.00224142 	-0.115742 	5.765e-05 	
4.035	2.2443 	-0.140044 	-1.68939 	-0.00226116 	-0.115727 	7.13557e-05 	
4.04	2.2438 	-0.140203 	-1.68963 	-0.00228006 	-0.115714 	8.37535e-05 	
4.045	2.24337 	-0.140361 	-1.68986 	-0.00229816 	-0.115702 	9.49417e-05 	
4.05	2.24298 	-0.140518 	-1.69008 	-0.00231552 	-0.115692 	0.000105011 	
4.055	2.24267 	-0.140714 	-1.69034 	-0.00232898 	-0.115687 	0.00010919 	
4.06	2.24462 	-0.140872 	-1.68759 	-0.00234533 	-0.11568 	0.000114054 	
4.065	2.24437 	-0.14104 	-1.68788 	-0.0023613 	-0.115672 	0.000120868 	
4.07	2.244 	-0.141194 	-1.68807 	-0.00237623 	-0.115659 	0.000126994 	
4.075	2.24363 	-0.141341 	-1.68822 	-0.00239036 	-0.115647 	0.000132491 	
4.08	2.2433 	-0.141486 	-1.68836 	-0.00240401 	-0.115637 	0.000137301 	
4.085	2.24302 	-0.141631 	-1.6885 	-0.0024172 	-0.115628 	0.000141478 	
4.09	2.24277 	-0.141774 	-1.68863 	-0.00242998 	-0.11562 	0.00014507 	
4.095	2.24255 	-0.141916 	-1.68875 	-0.00244236 	-0.115613 	0.000148123 	
4.1	2.24237 	-0.142057 	-1.68888 	-0.00245436 	-0.115607 	0.00015068 	
4.105	2.24221 	-0.142197 	-1.68899 	-0.00246601 	-0.115602 	0.000152778 	
4.11	2.24209 	-0.142335 	-1.68911 	-0.00247733 	-0.115599 	0.000154456 	
4.115	2.24424 	-0.142478 	-1.68627 	-0.00248871 	-0.115596 	0.00015234 	
4.12	2.24416 	-0.142629 	-1.68647 	-0.00249998 	-0.115591 	0.000152891 	
4.125	2.24396 	-0.142767 	-1.68659 	-0.00251047 	-0.115583 	0.000153245 	
4.13	2.24374 	-0.142898 	-1.68667 	-0.00252042 	-0.115574 	0.000153427 	
4.135	2.24355 	-0.143027 	-1.68674 	-0.00253014 	-0.115567 	0.000153342 	
4.14	2.2434 	-0.143156 	-1.68681 	-0.00253963 	-0.11556 	0.000153012 	
4.145	2.12981 	-0.271608 	-1.27515 	0.017905 	-0.0987753 	-0.00210297 	
4.15	1.79218 	-0.65272 	-0.0544511 	0.0784923 	-0.0489873 	-0.00867448 	
4.155	1.69393 	-0.760877 	0.286381 	0.0952476 	-0.0351661 	-0.0101781 	
4.16	1.38988 	-1.1031 	1.38183 	0.149582 	0.00896866 	-0.0161431 	
4.165	1.34157 	-1.15802 	1.55699 	0.158275 	0.0159617 	-0.0171308 	
4.17	1.07287 	-1.46271 	2.52993 	0.206543 	0.0550763 	-0.0224591 	
4.175	0.96054 	-1.48029 	2.63863 	0.210205 	0.0611742 	-0.0194062 	
4.18	0.463702 	-1.70856 	3.5324 	0.249306 	0.102839 	-0.0137197 	
4.185	0.387011 	-1.75759 	3.68084 	0.255505 	0.110038 	-0.0120202 	
4.19	0.173437 	-1.98675 	4.38969 	0.289861 	0.140144 	-0.0138668 	
4.195	0.250125 	-2.01461 	4.45106 	0.295334 	0.140868 	-0.0191166 	
4.2	0.0467223 	-2.22829 	5.11066 	0.327143 	0.169021 	-0.0204919 	
4.205	0.13615 	-2.23726 	5.11271 	0.329576 	0.167353 	-0.0252409 	
4.21	-0.123982 	-2.46282 	5.80041 	0.361191 	0.197857 	-0.0234147 	
4.215	-0.20419 	-2.52797 	5.94237 	0.366116 	0.20515 	-0.0195412 	
4.22	-0.354334 	-2.71089 	6.48534 	0.392418 	0.228026 	-0.0209929 	
4.225	-0.200837 	-2.64794 	6.33768 	0.388983 	0.219344 	-0.0286972 	
4.23	-0.233378 	-2.73311 	6.70671 	0.410219 	0.232944 	-0.0375542 	
4.235	-0.131086 	-2.64915 	6.52947 	0.404014 	0.224303 	-0.0425384 	
4.24	-0.0732759 	-2.62253 	6.68827 	0.417707 	0.228025 	-0.0567331 	
4.245	0.0346131 	-2.52454 	6.47967 	0.410041 	0.218097 	-0.0617805 	
4.25	0.0270957 	-2.51626 	6.73218 	0.427991 	0.226328 	-0.075047 	
4.255	-0.00570782 	-2.4054 	6.59033 	0.421426 	0.221794 	-0.0761719 	
4.26	-0.0121934 	-2.30682 	6.47684 	0.417125 	0.217666 	-0.0792251 	
4.265	0.134783 	-2.12237 	6.04512 	0.398479 	0.198894 	-0.0833478 	
4.27	0.267912 	-1.93957 	5.71787 	0.38676 	0.183821 	-0.0919768 	
4.275	0.397563 	-1.78394 	5.32965 	0.369556 	0.16706 	-0.094621 	
4.28	0.510096 	-1.6256 	5.05745 	0.360098 	0.154436 	-0.102501 	
4.285	0.623626 	-1.49203 	4.7213 	0.345181 	0.139904 	-0.10475 	
4.29	0.721404 	-1.35397 	4.49805 	0.337898 	0.129363 	-0.112324 	
4.295	0.819858 	-1.24051 	4.20122 	0.324492 	0.11661 	-0.113773 	
4.3	0.904838 	-1.11726 	4.00836 	0.318376 	0.107465 	-0.120731 	
4.305	0.998609 	-1.0116 	3.67441 	0.301926 	0.0936569 	-0.119222 	
4.31	1.08472 	-0.906679 	3.38148 	0.288097 	0.0813607 	-0.119302 	
4.315	1.16553 	-0.816644 	3.09276 	0.273809 	0.0694402 	-0.117853 	
4.32	1.23831 	-0.714668 	2.86912 	0.264329 	0.0597211 	-0.120433 	
4.325	1.30541 	-0.616196 	2.67122 	0.256351 	0.0509967 	-0.123671 	
4.33	1.37215 	-0.562991 	2.39736 	0.241216 	0.0401709 	-0.118616 	
4.335	1.42977 	-0.47586 	2.23317 	0.234864 	0.0328462 	-0.121937 	
4.34	1.48895 	-0.440301 	1.96061 	0.218894 	0.0223711 	-0.114802 	
4.345	1.54262 	-0.384257 	1.73611 	0.206956 	0.0134167 	-0.11178 	
4.35	1.5936 	-0.355538 	1.49974 	0.193011 	0.00435703 	-0.10537 	
4.355	1.63808 	-0.306089 	1.3105 	0.183047 	-0.0032974 	-0.102742 	
4.36	1.67585 	-0.2862 	1.10408 	0.170449 	-0.0110015 	-0.0962421 	
4.365	1.69682 	-0.249443 	0.939923 	0.161001 	-0.0170805 	-0.0925239 	
4.37	1.73653 	-0.227776 	0.765373 	0.150768 	-0.0238133 	-0.0879715 	
4.375	1.77283 	-0.192416 	0.622011 	0.143172 	-0.0295641 	-0.0861394 	
4.38	1.80703 	-0.175039 	0.47057 	0.134228 	-0.0353885 	-0.0820373 	
4.385	1.83825 	-0.143901 	0.348306 	0.127795 	-0.0403064 	-0.0805839 	
4.39	1.86775 	-0.130663 	0.216144 	0.119902 	-0.0453665 	-0.0767986 	
4.395	1.89463 	-0.102858 	0.112333 	0.114503 	-0.0495611 	-0.0757175 	
4.4	1.92007 	-0.0929389 	-0.00296503 	0.107542 	-0.053956 	-0.0722408 	
4.405	1.94326 	-0.0680507 	-0.0910083 	0.103025 	-0.0575323 	-0.0714715 	
4.41	1.96537 	-0.0614854 	-0.192422 	0.0968425 	-0.0613853 	-0.0682351 	
4.415	1.98541 	-0.0384253 	-0.266136 	0.0931649 	-0.0644108 	-0.0678408 	
4.42	2.00453 	-0.032333 	-0.352877 	0.0878714 	-0.0677061 	-0.0650928 	
4.425	2.02217 	-0.0116806 	-0.415479 	0.0848074 	-0.0702981 	-0.0648978 	
4.43	2.0385 	-0.00956891 	-0.493613 	0.0798786 	-0.07322 	-0.0620454 	
4.435	2.05346 	0.00797763 	-0.547485 	0.0772248 	-0.0754434 	-0.0618416 	
4.44	2.06757 	0.00784817 	-0.616944 	0.0727512 	-0.0780159 	-0.059089 	
4.445	2.08052 	0.0238309 	-0.662217 	0.0705803 	-0.0799028 	-0.0590594 	
4.45	2.09272 	0.0218214 	-0.724167 	0.0665035 	-0.0821735 	-0.0563994 	
4.455	2.10397 	0.0364853 	-0.762029 	0.0647502 	-0.083771 	-0.0565235 	
4.46	2.1145 	0.0328012 	-0.817592 	0.0610073 	-0.0857839 	-0.0539333 	
4.465	2.12429 	0.0463455 	-0.849076 	0.0596145 	-0.0871326 	-0.0541917 	
4.47	2.13338 	0.0411244 	-0.89926 	0.0561467 	-0.0889263 	-0.0516459 	
4.475	2.14193 	0.0538121 	-0.925147 	0.0550764 	-0.0900584 	-0.0520361 	
4.48	2.14977 	0.0475495 	-0.970374 	0.0518793 	-0.091655 	-0.0495717 	
4.485	2.15724 	0.0588901 	-0.992175 	0.0510113 	-0.0926195 	-0.0499796 	
4.49	2.164 	0.0519503 	-1.03288 	0.0480737 	-0.0940398 	-0.047619 	
4.495	2.17054 	0.0620549 	-1.05126 	0.04737 	-0.0948629 	-0.0480295 	
4.5	2.17638 	0.0544032 	-1.08825 	0.0446391 	-0.0961359 	-0.0457378 	
4.505	2.18217 	0.0628891 	-1.10438 	0.0440078 	-0.0968565 	-0.0460645 	
