0	2.05393 	-0.0923443 	-1.55996 	0.000242149 	-0.0988006 	0.004516 	
0.005	2.05393 	-0.0923441 	-1.55996 	0.000242161 	-0.0988006 	0.004516 	
0.01	2.05393 	-0.0923439 	-1.55996 	0.000242172 	-0.0988006 	0.00451601 	
0.015	2.05393 	-0.0923437 	-1.55996 	0.000242182 	-0.0988006 	0.00451602 	
0.02	2.05378 	-0.0921567 	-1.55976 	0.000227583 	-0.0987819 	0.00453642 	
0.025	2.05378 	-0.0921565 	-1.55976 	0.000227591 	-0.0987819 	0.00453642 	
0.03	2.05378 	-0.0921563 	-1.55975 	0.000227596 	-0.098782 	0.00453642 	
0.035	2.05378 	-0.092156 	-1.55975 	0.0002276 	-0.0987821 	0.00453642 	
0.04	2.05408 	-0.0925308 	-1.56016 	0.000256923 	-0.0988197 	0.00449547 	
0.045	2.05408 	-0.0925305 	-1.56016 	0.000256923 	-0.0988199 	0.00449546 	
0.05	2.05408 	-0.0925301 	-1.56015 	0.00025692 	-0.0988201 	0.00449545 	
0.055	2.05409 	-0.0925297 	-1.56015 	0.000256914 	-0.0988203 	0.00449544 	
0.06	2.05409 	-0.0925293 	-1.56014 	0.000256905 	-0.0988206 	0.00449542 	
0.065	2.05409 	-0.0925288 	-1.56013 	0.000256894 	-0.098821 	0.00449539 	
0.07	2.0541 	-0.0925283 	-1.56013 	0.000256879 	-0.0988214 	0.00449536 	
0.075	2.0541 	-0.0925277 	-1.56012 	0.000256861 	-0.0988219 	0.00449533 	
0.08	2.05411 	-0.092527 	-1.5601 	0.000256839 	-0.0988224 	0.00449529 	
0.085	2.05411 	-0.0925263 	-1.56009 	0.000256814 	-0.098823 	0.00449525 	
0.09	2.05412 	-0.0925255 	-1.56008 	0.000256785 	-0.0988237 	0.0044952 	
0.095	2.05413 	-0.0925247 	-1.56006 	0.000256753 	-0.0988245 	0.00449514 	
0.1	2.05414 	-0.0925237 	-1.56005 	0.000256716 	-0.0988253 	0.00449508 	
0.105	2.05415 	-0.0925227 	-1.56003 	0.000256675 	-0.0988263 	0.00449501 	
0.11	2.05441 	-0.0928351 	-1.56035 	0.000281139 	-0.0988586 	0.00446072 	
0.115	2.05442 	-0.0928339 	-1.56033 	0.00028109 	-0.0988597 	0.00446064 	
0.12	2.05443 	-0.0928327 	-1.56031 	0.000281037 	-0.0988609 	0.00446055 	
0.125	2.05444 	-0.0928314 	-1.56028 	0.000280979 	-0.0988621 	0.00446046 	
0.13	2.05446 	-0.0928299 	-1.56026 	0.000280918 	-0.0988635 	0.00446036 	
0.135	2.05448 	-0.0928285 	-1.56023 	0.000280853 	-0.0988649 	0.00446025 	
0.14	2.05449 	-0.0928269 	-1.5602 	0.000280783 	-0.0988664 	0.00446014 	
0.145	2.05451 	-0.0928252 	-1.56017 	0.000280709 	-0.098868 	0.00446002 	
0.15	2.0543 	-0.092532 	-1.55982 	0.000257845 	-0.0988406 	0.00449171 	
0.155	2.05432 	-0.0925302 	-1.55978 	0.000257762 	-0.0988424 	0.00449158 	
0.16	2.05434 	-0.0925283 	-1.55975 	0.000257675 	-0.0988443 	0.00449144 	
0.165	2.05272 	-0.091129 	-1.56211 	0.000323175 	-0.0988496 	0.00448187 	
0.17	2.05306 	-0.0911962 	-1.56223 	0.000319552 	-0.0988641 	0.00448076 	
0.175	2.05331 	-0.0912719 	-1.56226 	0.000315329 	-0.0988769 	0.00447925 	
0.18	2.05348 	-0.0913339 	-1.56223 	0.000311737 	-0.0988862 	0.00447779 	
0.185	2.05363 	-0.0913912 	-1.56219 	0.000308395 	-0.0988951 	0.00447642 	
0.19	2.05377 	-0.0914439 	-1.56216 	0.000305286 	-0.0989036 	0.00447513 	
0.195	2.05391 	-0.0914925 	-1.56212 	0.000302391 	-0.0989117 	0.00447392 	
0.2	2.05421 	-0.091752 	-1.56231 	0.000316474 	-0.0989411 	0.00444931 	
0.205	2.05433 	-0.0917932 	-1.56226 	0.000313962 	-0.0989486 	0.00444822 	
0.21	2.05445 	-0.0918311 	-1.56222 	0.00031162 	-0.0989559 	0.00444719 	
0.215	2.05456 	-0.0918659 	-1.56217 	0.000309436 	-0.098963 	0.00444622 	
0.22	2.05467 	-0.0918979 	-1.56212 	0.000307397 	-0.0989699 	0.00444529 	
0.225	2.05315 	-0.0905568 	-1.56443 	0.000370153 	-0.0989799 	0.0044355 	
0.23	2.05355 	-0.0906521 	-1.56452 	0.00036488 	-0.0989986 	0.00443371 	
0.235	2.05388 	-0.0907536 	-1.56454 	0.000359132 	-0.0990155 	0.00443155 	
0.24	2.05411 	-0.0908394 	-1.56449 	0.000354122 	-0.0990287 	0.00442948 	
0.245	2.05443 	-0.0910557 	-1.56459 	0.000360172 	-0.099055 	0.00441254 	
0.25	2.05463 	-0.0911288 	-1.56453 	0.000355837 	-0.099067 	0.00441072 	
0.255	2.05482 	-0.0911962 	-1.56447 	0.000351804 	-0.0990785 	0.004409 	
0.26	2.055 	-0.0912582 	-1.56441 	0.000348049 	-0.0990895 	0.00440739 	
0.265	2.05518 	-0.0913153 	-1.56435 	0.000344552 	-0.0991001 	0.00440586 	
0.27	2.05534 	-0.0913679 	-1.56428 	0.000341294 	-0.0991103 	0.00440441 	
0.275	2.05353 	-0.0896574 	-1.56638 	0.000382353 	-0.0990924 	0.00442833 	
0.28	2.05402 	-0.0897752 	-1.56648 	0.000375774 	-0.0991153 	0.00442602 	
0.285	2.05441 	-0.089898 	-1.56648 	0.000368774 	-0.0991357 	0.00442333 	
0.29	2.05469 	-0.0900026 	-1.56642 	0.000362635 	-0.099152 	0.00442076 	
0.295	2.05495 	-0.0900992 	-1.56635 	0.000356926 	-0.0991675 	0.00441835 	
0.3	2.0552 	-0.0901883 	-1.56628 	0.000351615 	-0.0991823 	0.00441609 	
0.305	2.05543 	-0.0902704 	-1.5662 	0.000346675 	-0.0991965 	0.00441396 	
0.31	2.05566 	-0.090346 	-1.56612 	0.000342077 	-0.09921 	0.00441195 	
0.315	2.05422 	-0.0890451 	-1.56843 	0.000403177 	-0.0992264 	0.00440186 	
0.32	2.05474 	-0.0891789 	-1.56851 	0.000395619 	-0.0992514 	0.0043991 	
0.325	2.05517 	-0.089316 	-1.5685 	0.000387737 	-0.0992741 	0.004396 	
0.33	2.05548 	-0.0894345 	-1.56842 	0.000380758 	-0.0992928 	0.00439305 	
0.335	2.05578 	-0.0895438 	-1.56834 	0.000374269 	-0.0993105 	0.00439027 	
0.34	2.05578 	-0.0892809 	-1.56786 	0.000339831 	-0.0992911 	0.00442759 	
0.345	2.05605 	-0.0893738 	-1.56777 	0.000334217 	-0.0993073 	0.00442514 	
0.35	2.0563 	-0.0894594 	-1.56768 	0.000328993 	-0.0993227 	0.00442283 	
0.355	2.05472 	-0.0880216 	-1.57024 	0.000396916 	-0.0993414 	0.00441204 	
0.36	2.05532 	-0.088173 	-1.57034 	0.000388352 	-0.0993703 	0.0044089 	
0.365	2.0558 	-0.0883272 	-1.57033 	0.000379462 	-0.0993961 	0.00440537 	
0.37	2.05661 	-0.0890341 	-1.57087 	0.000416433 	-0.0994744 	0.00433887 	
0.375	2.05694 	-0.0891566 	-1.57078 	0.000409131 	-0.0994944 	0.0043357 	
0.38	2.05726 	-0.0892696 	-1.57068 	0.000402341 	-0.0995134 	0.00433273 	
0.385	2.05756 	-0.0893738 	-1.57058 	0.000396026 	-0.0995316 	0.00432994 	
0.39	2.05605 	-0.0879888 	-1.57308 	0.000461584 	-0.0995527 	0.00431927 	
0.395	2.05668 	-0.0881546 	-1.57316 	0.000452143 	-0.0995836 	0.00431572 	
0.4	2.05659 	-0.087548 	-1.57229 	0.000382024 	-0.099534 	0.00439706 	
0.405	2.05698 	-0.0876931 	-1.57219 	0.000373413 	-0.099557 	0.00439332 	
0.41	2.05735 	-0.087827 	-1.57208 	0.000365409 	-0.0995788 	0.00438981 	
0.415	2.05769 	-0.0879505 	-1.57197 	0.000357968 	-0.0995997 	0.00438652 	
0.42	2.05634 	-0.08669 	-1.57429 	0.000417785 	-0.0996229 	0.00437643 	
0.425	2.05698 	-0.0868666 	-1.57434 	0.000407649 	-0.099655 	0.0043725 	
0.43	2.05751 	-0.0870435 	-1.57431 	0.00039735 	-0.0996841 	0.00436825 	
0.435	2.05793 	-0.0871982 	-1.5742 	0.000388146 	-0.0997087 	0.00436422 	
0.44	2.05832 	-0.0873409 	-1.57408 	0.00037959 	-0.0997321 	0.00436043 	
0.445	2.05869 	-0.0874725 	-1.57396 	0.000371637 	-0.0997544 	0.00435687 	
0.45	2.05786 	-0.0868983 	-1.57723 	0.000492803 	-0.0998539 	0.00426422 	
0.455	2.05854 	-0.0870864 	-1.57729 	0.000481988 	-0.0998882 	0.00426 	
0.46	2.05911 	-0.0872743 	-1.57725 	0.00047102 	-0.0999193 	0.00425544 	
0.465	2.05955 	-0.0874385 	-1.57713 	0.000461224 	-0.0999455 	0.00425109 	
0.47	2.05997 	-0.0875899 	-1.57701 	0.00045212 	-0.0999704 	0.00424701 	
0.475	2.06037 	-0.0877295 	-1.57688 	0.000443658 	-0.0999941 	0.00424319 	
0.48	2.05886 	-0.0863353 	-1.57948 	0.000510523 	-0.100021 	0.00423266 	
0.485	2.0596 	-0.0865357 	-1.57955 	0.00049898 	-0.100057 	0.00422814 	
0.49	2.06021 	-0.0867356 	-1.57951 	0.000487289 	-0.100091 	0.00422323 	
0.495	2.06072 	-0.0869656 	-1.57944 	0.000481204 	-0.100124 	0.00421239 	
0.5	2.06116 	-0.0871264 	-1.57931 	0.000471513 	-0.10015 	0.004208 	
0.505	2.05989 	-0.0859185 	-1.58161 	0.000529445 	-0.100179 	0.00419812 	
0.51	2.06061 	-0.0861275 	-1.58164 	0.000517314 	-0.100216 	0.00419322 	
0.515	2.06123 	-0.0863345 	-1.58158 	0.000505149 	-0.10025 	0.00418801 	
0.52	2.06172 	-0.0865168 	-1.58144 	0.000494221 	-0.100279 	0.00418306 	
0.525	2.06218 	-0.0866849 	-1.58131 	0.000484068 	-0.100306 	0.00417842 	
0.53	2.06088 	-0.0854526 	-1.58367 	0.000543491 	-0.100336 	0.00416857 	
0.535	2.06163 	-0.0856703 	-1.5837 	0.000530829 	-0.100375 	0.00416341 	
0.54	2.06228 	-0.0858855 	-1.58364 	0.000518148 	-0.10041 	0.00415793 	
0.545	2.06279 	-0.086075 	-1.5835 	0.000506758 	-0.10044 	0.00415272 	
0.55	2.06327 	-0.0862498 	-1.58335 	0.000496177 	-0.100469 	0.00414784 	
0.555	2.06163 	-0.0846105 	-1.58541 	0.000529669 	-0.100463 	0.00417849 	
0.56	2.06242 	-0.0848374 	-1.58545 	0.000516448 	-0.100504 	0.00417307 	
0.565	2.06309 	-0.0850615 	-1.58538 	0.000503214 	-0.100541 	0.0041673 	
0.57	2.06362 	-0.0852588 	-1.58523 	0.000491336 	-0.100572 	0.00416182 	
0.575	2.06413 	-0.0854406 	-1.58508 	0.000480303 	-0.100602 	0.00415667 	
0.58	2.06272 	-0.0841235 	-1.58764 	0.000544671 	-0.100634 	0.00414695 	
0.585	2.06355 	-0.0843601 	-1.58768 	0.000530865 	-0.100677 	0.00414126 	
0.59	2.06414 	-0.0844627 	-1.58747 	0.000506864 	-0.100702 	0.00414975 	
0.595	2.06469 	-0.0846679 	-1.58731 	0.000494477 	-0.100735 	0.00414397 	
0.6	2.06521 	-0.0848572 	-1.58715 	0.000482971 	-0.100766 	0.00413855 	
0.605	2.06375 	-0.0835003 	-1.58981 	0.00054975 	-0.100799 	0.00412896 	
0.61	2.06462 	-0.0837467 	-1.58986 	0.000535342 	-0.100843 	0.00412299 	
0.615	2.06534 	-0.0839897 	-1.58979 	0.00052094 	-0.100883 	0.0041166 	
0.62	2.06592 	-0.0842031 	-1.58963 	0.00050803 	-0.100917 	0.00411051 	
0.625	2.06479 	-0.0831117 	-1.59184 	0.000561613 	-0.100952 	0.00410143 	
0.63	2.06562 	-0.0833642 	-1.59183 	0.000546733 	-0.100995 	0.00409503 	
0.635	2.06633 	-0.0836114 	-1.59174 	0.000532009 	-0.101035 	0.00408837 	
0.64	2.06712 	-0.0840892 	-1.59186 	0.000538811 	-0.101096 	0.00405323 	
0.645	2.066 	-0.0830031 	-1.59408 	0.000592382 	-0.101132 	0.00404429 	
0.65	2.06685 	-0.0832614 	-1.59408 	0.000577131 	-0.101176 	0.00403768 	
0.655	2.06758 	-0.0835139 	-1.59398 	0.000562056 	-0.101217 	0.0040308 	
0.66	2.06818 	-0.0837383 	-1.59381 	0.000548433 	-0.101252 	0.00402428 	
0.665	2.06704 	-0.0826334 	-1.59608 	0.000603276 	-0.101289 	0.00401551 	
0.67	2.0679 	-0.0828977 	-1.59607 	0.000587639 	-0.101335 	0.00400869 	
0.675	2.06865 	-0.0831561 	-1.59598 	0.000572184 	-0.101376 	0.00400159 	
0.68	2.06927 	-0.0833856 	-1.5958 	0.000558223 	-0.101413 	0.00399485 	
0.685	2.06761 	-0.0816326 	-1.59743 	0.000565551 	-0.101387 	0.00405668 	
0.69	2.06849 	-0.0819033 	-1.59742 	0.000549507 	-0.101434 	0.00404964 	
0.695	2.06926 	-0.0821679 	-1.59732 	0.000533652 	-0.101477 	0.0040423 	
0.7	2.06989 	-0.0824027 	-1.59714 	0.000519335 	-0.101514 	0.00403534 	
0.705	2.06869 	-0.08126 	-1.59953 	0.000576874 	-0.101552 	0.00402701 	
0.71	2.0696 	-0.0815374 	-1.59952 	0.000560408 	-0.1016 	0.00401974 	
0.715	2.07072 	-0.08223 	-1.59989 	0.000576918 	-0.101686 	0.00396483 	
0.72	2.07136 	-0.0824704 	-1.59971 	0.000562232 	-0.101724 	0.00395763 	
0.725	2.07013 	-0.0813106 	-1.60215 	0.000620999 	-0.101763 	0.0039495 	
0.73	2.07107 	-0.0815947 	-1.60215 	0.000604102 	-0.101812 	0.00394199 	
0.735	2.07187 	-0.0818721 	-1.60204 	0.000587411 	-0.101857 	0.00393415 	
0.74	2.07253 	-0.0821182 	-1.60185 	0.000572349 	-0.101895 	0.0039267 	
0.745	2.07127 	-0.0809428 	-1.60434 	0.000632327 	-0.101936 	0.00391882 	
0.75	2.07223 	-0.0812337 	-1.60434 	0.000614993 	-0.101986 	0.00391107 	
0.755	2.07305 	-0.0815177 	-1.60424 	0.000597876 	-0.102031 	0.00390297 	
0.76	2.07372 	-0.0817696 	-1.60404 	0.000582432 	-0.102071 	0.00389526 	
0.765	2.07244 	-0.0805799 	-1.60658 	0.000643578 	-0.102112 	0.00388767 	
0.77	2.07342 	-0.0808776 	-1.60658 	0.000625804 	-0.102163 	0.00387968 	
0.775	2.07426 	-0.0811682 	-1.60647 	0.000608258 	-0.102209 	0.00387131 	
0.78	2.0748 	-0.0812366 	-1.60606 	0.000577746 	-0.10223 	0.00388466 	
0.785	2.07349 	-0.0800342 	-1.60864 	0.000640032 	-0.102272 	0.0038774 	
0.79	2.07449 	-0.0803387 	-1.60865 	0.000621819 	-0.102324 	0.00386916 	
0.795	2.07534 	-0.0806358 	-1.60854 	0.000603843 	-0.102372 	0.00386052 	
0.8	2.07604 	-0.0808991 	-1.60834 	0.000587632 	-0.102412 	0.0038523 	
0.805	2.0747 	-0.0796851 	-1.61097 	0.000651002 	-0.102455 	0.00384538 	
0.81	2.0758 	-0.080088 	-1.61108 	0.000639462 	-0.102517 	0.00382652 	
0.815	2.07667 	-0.0803915 	-1.61097 	0.000621058 	-0.102566 	0.00381761 	
0.82	2.07738 	-0.0806605 	-1.61076 	0.000604466 	-0.102607 	0.00380913 	
0.825	2.07602 	-0.0794361 	-1.61343 	0.000668871 	-0.10265 	0.00380257 	
0.83	2.07706 	-0.0797539 	-1.61344 	0.000649786 	-0.102705 	0.00379382 	
0.835	2.07795 	-0.0800639 	-1.61333 	0.000630959 	-0.102754 	0.00378464 	
0.84	2.07867 	-0.0803385 	-1.61311 	0.000613987 	-0.102796 	0.00377589 	
0.845	2.07728 	-0.0791049 	-1.61583 	0.000679394 	-0.10284 	0.00376973 	
0.85	2.07835 	-0.0794293 	-1.61584 	0.000659879 	-0.102895 	0.00376073 	
0.855	2.07925 	-0.0797456 	-1.61573 	0.000640631 	-0.102945 	0.00375127 	
0.86	2.08022 	-0.0803432 	-1.61587 	0.000647887 	-0.103019 	0.00370626 	
0.865	2.07882 	-0.0791016 	-1.61862 	0.000714229 	-0.103064 	0.0037005 	
0.87	2.0799 	-0.0794324 	-1.61864 	0.000694288 	-0.10312 	0.00369125 	
0.875	2.08082 	-0.0797548 	-1.61852 	0.000674625 	-0.10317 	0.00368151 	
0.88	2.08155 	-0.0800403 	-1.6183 	0.000656907 	-0.103214 	0.00367223 	
0.885	2.08013 	-0.0787921 	-1.62109 	0.000724168 	-0.103259 	0.00366692 	
0.89	2.08123 	-0.0791292 	-1.62111 	0.000703808 	-0.103316 	0.00365741 	
0.895	2.08216 	-0.0794576 	-1.62099 	0.000683736 	-0.103367 	0.0036474 	
0.9	2.08291 	-0.0797483 	-1.62076 	0.000665651 	-0.103411 	0.00363785 	
0.905	2.0811 	-0.0780394 	-1.62308 	0.000698565 	-0.103411 	0.00368488 	
0.91	2.08222 	-0.0783826 	-1.6231 	0.000677792 	-0.103469 	0.00367511 	
0.915	2.08316 	-0.0787169 	-1.62298 	0.000657317 	-0.103521 	0.00366482 	
0.92	2.08222 	-0.0778277 	-1.62514 	0.000705525 	-0.103568 	0.00365873 	
0.925	2.08325 	-0.0781742 	-1.62507 	0.000684394 	-0.103624 	0.00364835 	
0.93	2.08416 	-0.0785089 	-1.62492 	0.000663793 	-0.103675 	0.00363779 	
0.935	2.08493 	-0.0788086 	-1.62469 	0.000645083 	-0.10372 	0.00362779 	
0.94	2.0835 	-0.077583 	-1.62752 	0.000712764 	-0.103766 	0.00362382 	
0.945	2.08463 	-0.0779339 	-1.62753 	0.00069142 	-0.103825 	0.00361365 	
0.95	2.08618 	-0.0790359 	-1.62827 	0.000729151 	-0.103954 	0.00351616 	
0.955	2.08522 	-0.0781466 	-1.63047 	0.000778119 	-0.104002 	0.00351067 	
0.96	2.08627 	-0.0785011 	-1.63041 	0.000756414 	-0.104058 	0.00349989 	
0.965	2.0872 	-0.0788435 	-1.63025 	0.000735255 	-0.10411 	0.00348891 	
0.97	2.08627 	-0.0779862 	-1.63241 	0.000782758 	-0.104159 	0.00348355 	
0.975	2.08733 	-0.0783427 	-1.63234 	0.000760872 	-0.104215 	0.00347261 	
0.98	2.08826 	-0.0786869 	-1.63218 	0.000739557 	-0.104267 	0.00346148 	
0.985	2.08733 	-0.077832 	-1.63435 	0.000787294 	-0.104316 	0.00345645 	
0.99	2.08839 	-0.0781908 	-1.63428 	0.000765231 	-0.104373 	0.00344537 	
0.995	2.08896 	-0.0780545 	-1.63357 	0.000706499 	-0.104376 	0.00348937 	
1	2.08802 	-0.0771998 	-1.63576 	0.000754641 	-0.104425 	0.00348472 	
1.005	2.08909 	-0.0775611 	-1.63569 	0.000732386 	-0.104483 	0.0034735 	
1.01	2.09004 	-0.0779098 	-1.63553 	0.000710709 	-0.104535 	0.00346207 	
1.015	2.08909 	-0.0770557 	-1.63773 	0.000759204 	-0.104584 	0.00345776 	
1.02	2.09017 	-0.0774195 	-1.63767 	0.000736747 	-0.104642 	0.00344639 	
1.025	2.09112 	-0.0777708 	-1.63751 	0.000714872 	-0.104695 	0.00343481 	
1.03	2.09017 	-0.0769179 	-1.63972 	0.000763691 	-0.104744 	0.00343084 	
1.035	2.09125 	-0.0772845 	-1.63966 	0.000741025 	-0.104802 	0.00341931 	
1.04	2.09221 	-0.0776384 	-1.6395 	0.000718944 	-0.104855 	0.00340757 	
1.045	2.09125 	-0.0767874 	-1.64172 	0.000768058 	-0.104905 	0.00340395 	
1.05	2.09234 	-0.0771567 	-1.64166 	0.000745177 	-0.104963 	0.00339226 	
1.055	2.09319 	-0.0773689 	-1.64133 	0.000711765 	-0.105002 	0.00339696 	
1.06	2.09223 	-0.0765204 	-1.64358 	0.000761158 	-0.105052 	0.0033937 	
1.065	2.09332 	-0.0768926 	-1.64351 	0.000738059 	-0.10511 	0.00338185 	
1.07	2.09429 	-0.0772519 	-1.64335 	0.000715558 	-0.105164 	0.00336976 	
1.075	2.09332 	-0.0764063 	-1.6456 	0.000765194 	-0.105214 	0.00336685 	
1.08	2.09442 	-0.0767814 	-1.64554 	0.000741877 	-0.105273 	0.00335484 	
1.085	2.09543 	-0.0771957 	-1.64544 	0.000723187 	-0.105332 	0.00333655 	
1.09	2.09445 	-0.0763536 	-1.6477 	0.000773039 	-0.105382 	0.003334 	
1.095	2.09556 	-0.0767315 	-1.64764 	0.000749505 	-0.105441 	0.00332182 	
1.1	2.09654 	-0.0770962 	-1.64748 	0.000726579 	-0.105495 	0.00330939 	
1.105	2.09555 	-0.0762581 	-1.64975 	0.000776629 	-0.105546 	0.0033072 	
1.11	2.09667 	-0.0766387 	-1.64969 	0.000752879 	-0.105605 	0.00329485 	
1.115	2.09765 	-0.0770061 	-1.64952 	0.000729744 	-0.10566 	0.00328225 	
1.12	2.09666 	-0.0761725 	-1.65181 	0.000779969 	-0.10571 	0.00328043 	
1.125	2.09806 	-0.0769257 	-1.65217 	0.000784413 	-0.105807 	0.00322513 	
1.13	2.09904 	-0.0772956 	-1.65201 	0.000761072 	-0.105861 	0.00321237 	
1.135	2.09805 	-0.0764668 	-1.6543 	0.000811424 	-0.105912 	0.00321088 	
1.14	2.09917 	-0.0768527 	-1.65424 	0.000787252 	-0.105972 	0.00319821 	
1.145	2.10016 	-0.0772252 	-1.65407 	0.000763708 	-0.106026 	0.00318527 	
1.15	2.09916 	-0.0764017 	-1.65637 	0.000814193 	-0.106077 	0.00318416 	
1.155	2.10029 	-0.0767901 	-1.65631 	0.000789816 	-0.106137 	0.00317133 	
1.16	2.10094 	-0.0767232 	-1.65563 	0.000732179 	-0.106148 	0.00320944 	
1.165	2.09993 	-0.0759056 	-1.65794 	0.000782811 	-0.106199 	0.00320874 	
1.17	2.10106 	-0.0762965 	-1.65787 	0.000758234 	-0.106259 	0.00319575 	
1.175	2.10206 	-0.0766737 	-1.65771 	0.000734297 	-0.106314 	0.00318248 	
1.18	2.10105 	-0.0758622 	-1.66002 	0.000785022 	-0.106365 	0.00318217 	
1.185	2.10218 	-0.0762555 	-1.65995 	0.000760251 	-0.106425 	0.00316902 	
1.19	2.10318 	-0.076635 	-1.65979 	0.000736126 	-0.10648 	0.0031556 	
1.195	2.10216 	-0.07583 	-1.6621 	0.000786925 	-0.106531 	0.00315567 	
1.2	2.1033 	-0.0762255 	-1.66204 	0.000761966 	-0.106591 	0.00314237 	
1.205	2.1043 	-0.0766072 	-1.66187 	0.000737659 	-0.106646 	0.00312879 	
1.21	2.10328 	-0.075809 	-1.66419 	0.000788511 	-0.106698 	0.00312925 	
1.215	2.10442 	-0.0762067 	-1.66413 	0.00076337 	-0.106758 	0.0031158 	
1.22	2.10591 	-0.0772396 	-1.66471 	0.000788566 	-0.106878 	0.0030265 	
1.225	2.10489 	-0.0764484 	-1.66703 	0.000839406 	-0.106929 	0.00302731 	
1.23	2.10603 	-0.0768481 	-1.66697 	0.00081409 	-0.10699 	0.00301371 	
1.235	2.10703 	-0.0772337 	-1.6668 	0.000789436 	-0.107045 	0.00299982 	
1.24	2.10601 	-0.07645 	-1.66913 	0.000840291 	-0.107096 	0.00300103 	
1.245	2.10715 	-0.0768516 	-1.66906 	0.000814807 	-0.107157 	0.00298729 	
1.25	2.10815 	-0.0772391 	-1.66889 	0.000789991 	-0.107212 	0.00297325 	
1.255	2.1067 	-0.0759115 	-1.67057 	0.000798699 	-0.107208 	0.00303927 	
1.26	2.10784 	-0.0763148 	-1.67051 	0.000773053 	-0.107269 	0.00302539 	
1.265	2.10885 	-0.076704 	-1.67034 	0.000748081 	-0.107324 	0.00301121 	
1.27	2.10782 	-0.0759365 	-1.67266 	0.000798951 	-0.107375 	0.00301325 	
1.275	2.10896 	-0.0763415 	-1.6726 	0.000773153 	-0.107436 	0.00299924 	
1.28	2.10996 	-0.0767322 	-1.67243 	0.000748032 	-0.107491 	0.00298492 	
1.285	2.10893 	-0.0759733 	-1.67475 	0.00079886 	-0.107542 	0.00298736 	
1.29	2.11007 	-0.0763798 	-1.67469 	0.000772916 	-0.107602 	0.00297322 	
1.295	2.11108 	-0.0767719 	-1.67452 	0.000747655 	-0.107658 	0.00295877 	
1.3	2.11005 	-0.0760217 	-1.67684 	0.000798422 	-0.107709 	0.00296161 	
1.305	2.11118 	-0.0764296 	-1.67677 	0.000772341 	-0.107769 	0.00294734 	
1.31	2.11244 	-0.0771497 	-1.67698 	0.000771844 	-0.107857 	0.00289453 	
1.315	2.1114 	-0.0764085 	-1.67931 	0.000822508 	-0.107908 	0.00289774 	
1.32	2.11254 	-0.0768176 	-1.67924 	0.000796298 	-0.107968 	0.00288335 	
1.325	2.11354 	-0.0772122 	-1.67907 	0.000770778 	-0.108023 	0.00286866 	
1.33	2.11251 	-0.0764803 	-1.68139 	0.000821343 	-0.108074 	0.00287227 	
1.335	2.11365 	-0.0768905 	-1.68132 	0.000795012 	-0.108134 	0.00285776 	
1.34	2.11465 	-0.0772862 	-1.68115 	0.000769375 	-0.108189 	0.00284295 	
1.345	2.11362 	-0.0765638 	-1.68346 	0.000819824 	-0.10824 	0.00284696 	
1.35	2.11472 	-0.0769342 	-1.68335 	0.000790277 	-0.108296 	0.00283713 	
1.355	2.11572 	-0.0773308 	-1.68317 	0.000764531 	-0.108351 	0.0028222 	
1.36	2.11469 	-0.0766182 	-1.68548 	0.000814847 	-0.108402 	0.00282661 	
1.365	2.11582 	-0.0770303 	-1.68542 	0.0007883 	-0.108462 	0.00281189 	
1.37	2.11681 	-0.0774276 	-1.68524 	0.000762455 	-0.108516 	0.00279686 	
1.375	2.11578 	-0.076725 	-1.68755 	0.000812616 	-0.108567 	0.00280165 	
1.38	2.11691 	-0.0771378 	-1.68748 	0.000785975 	-0.108627 	0.00278683 	
1.385	2.11791 	-0.0775358 	-1.68731 	0.000760038 	-0.108681 	0.0027717 	
1.39	2.11688 	-0.0768434 	-1.6896 	0.000810027 	-0.108732 	0.00277689 	
1.395	2.118 	-0.0772567 	-1.68954 	0.000783301 	-0.108791 	0.00276197 	
1.4	2.11899 	-0.0776552 	-1.68936 	0.000757282 	-0.108846 	0.00274674 	
1.405	2.11796 	-0.0769733 	-1.69165 	0.000807079 	-0.108896 	0.00275231 	
1.41	2.11864 	-0.0768052 	-1.6909 	0.000736148 	-0.108897 	0.00280585 	
1.415	2.11963 	-0.0772041 	-1.69072 	0.000710056 	-0.108951 	0.00279054 	
1.42	2.11861 	-0.0765329 	-1.693 	0.000759686 	-0.109001 	0.00279653 	
1.425	2.12004 	-0.0773724 	-1.69344 	0.000765086 	-0.109103 	0.00273124 	
1.43	2.12103 	-0.0777716 	-1.69326 	0.00073893 	-0.109157 	0.00271585 	
1.435	2.12001 	-0.0771111 	-1.69554 	0.000788301 	-0.109207 	0.00272218 	
1.44	2.12112 	-0.077525 	-1.69547 	0.000761376 	-0.109265 	0.00270702 	
1.445	2.1221 	-0.0779242 	-1.69529 	0.000735165 	-0.109319 	0.00269155 	
1.45	2.12108 	-0.0772747 	-1.69755 	0.00078429 	-0.109369 	0.00269825 	
1.455	2.12218 	-0.0776886 	-1.69748 	0.000757319 	-0.109427 	0.00268302 	
1.46	2.12316 	-0.0780877 	-1.69731 	0.000731063 	-0.109481 	0.00266748 	
1.465	2.12222 	-0.0775506 	-1.69968 	0.000787586 	-0.10954 	0.00266257 	
1.47	2.12332 	-0.0779643 	-1.69961 	0.000760579 	-0.109598 	0.00264727 	
1.475	2.12429 	-0.0783632 	-1.69944 	0.000734288 	-0.109651 	0.00263168 	
1.48	2.12328 	-0.077736 	-1.70168 	0.000782858 	-0.109701 	0.00263909 	
1.485	2.12437 	-0.0781493 	-1.70161 	0.000755824 	-0.109759 	0.00262373 	
1.49	2.12534 	-0.0785479 	-1.70143 	0.000729508 	-0.109811 	0.00260808 	
1.495	2.12433 	-0.077932 	-1.70366 	0.000777777 	-0.10986 	0.00261584 	
1.5	2.12542 	-0.0783448 	-1.70359 	0.000750727 	-0.109918 	0.00260043 	
1.505	2.12638 	-0.0787429 	-1.70342 	0.000724396 	-0.10997 	0.00258474 	
1.51	2.12538 	-0.0781385 	-1.70563 	0.000772347 	-0.110019 	0.00259284 	
1.515	2.12646 	-0.0785507 	-1.70556 	0.000745291 	-0.110076 	0.00257738 	
1.52	2.12741 	-0.0789481 	-1.70538 	0.000718956 	-0.110128 	0.00256165 	
1.525	2.12642 	-0.0783553 	-1.70758 	0.00076657 	-0.110176 	0.00257008 	
1.53	2.12759 	-0.0789034 	-1.70767 	0.000749835 	-0.110247 	0.00253837 	
1.535	2.12854 	-0.0793 	-1.7075 	0.000723504 	-0.110299 	0.0025226 	
1.54	2.12755 	-0.0787189 	-1.70969 	0.000770755 	-0.110346 	0.00253135 	
1.545	2.12861 	-0.0791292 	-1.70961 	0.000743721 	-0.110403 	0.00251582 	
1.55	2.12956 	-0.0795248 	-1.70944 	0.000717406 	-0.110454 	0.00250003 	
1.555	2.12857 	-0.0789555 	-1.71161 	0.000764286 	-0.110502 	0.00250909 	
1.56	2.1297 	-0.0794579 	-1.71165 	0.000744301 	-0.110567 	0.00248247 	
1.565	2.13064 	-0.0798524 	-1.71147 	0.000718013 	-0.110618 	0.00246665 	
1.57	2.12965 	-0.0792949 	-1.71363 	0.000764497 	-0.110665 	0.00247601 	
1.575	2.1307 	-0.0797027 	-1.71355 	0.000737528 	-0.110721 	0.00246045 	
1.58	2.13163 	-0.080096 	-1.71338 	0.000711277 	-0.110772 	0.00244462 	
1.585	2.13066 	-0.0795504 	-1.71552 	0.000757356 	-0.110818 	0.00245427 	
1.59	2.1317 	-0.0799568 	-1.71544 	0.000730435 	-0.110873 	0.0024387 	
1.595	2.13262 	-0.0803486 	-1.71527 	0.000704233 	-0.110924 	0.00242287 	
1.6	2.13165 	-0.079815 	-1.71739 	0.000749889 	-0.11097 	0.0024328 	
1.605	2.13269 	-0.0802197 	-1.71731 	0.000723028 	-0.111025 	0.00241723 	
1.61	2.1336 	-0.0806099 	-1.71714 	0.000696885 	-0.111074 	0.0024014 	
1.615	2.13438 	-0.080959 	-1.71689 	0.00067317 	-0.111118 	0.00238652 	
1.62	2.13277 	-0.0800188 	-1.71954 	0.000730779 	-0.11115 	0.00242113 	
1.625	2.13388 	-0.0804224 	-1.71955 	0.000704109 	-0.111207 	0.00240627 	
1.63	2.13483 	-0.0808153 	-1.71941 	0.000677816 	-0.111258 	0.00239056 	
1.635	2.13382 	-0.0802842 	-1.72155 	0.000724481 	-0.111304 	0.00240182 	
1.64	2.13484 	-0.0806879 	-1.72148 	0.000697596 	-0.111358 	0.00238618 	
1.645	2.13574 	-0.0810776 	-1.72131 	0.000671403 	-0.111406 	0.00237026 	
1.65	2.13651 	-0.0814259 	-1.72106 	0.000647654 	-0.111449 	0.00235527 	
1.655	2.13502 	-0.080656 	-1.72381 	0.000713744 	-0.111493 	0.00237482 	
1.66	2.1361 	-0.0810573 	-1.72381 	0.000687114 	-0.11155 	0.00235987 	
1.665	2.13703 	-0.0814481 	-1.72368 	0.000660867 	-0.111599 	0.0023441 	
1.67	2.13779 	-0.0817941 	-1.72343 	0.000637217 	-0.111642 	0.00232912 	
1.675	2.13627 	-0.0810233 	-1.72619 	0.000704252 	-0.111685 	0.00234972 	
1.68	2.13687 	-0.0807959 	-1.72545 	0.000630585 	-0.111678 	0.00240975 	
1.685	2.13779 	-0.0811864 	-1.72532 	0.000604311 	-0.111727 	0.00239393 	
1.69	2.13854 	-0.081532 	-1.72507 	0.000580647 	-0.111769 	0.00237891 	
1.695	2.13704 	-0.0807836 	-1.7278 	0.000646811 	-0.111812 	0.00239986 	
1.7	2.1381 	-0.081183 	-1.7278 	0.000620211 	-0.111867 	0.00238484 	
1.705	2.139 	-0.0815721 	-1.72767 	0.000593976 	-0.111915 	0.002369 	
1.71	2.13974 	-0.0819166 	-1.72742 	0.000570343 	-0.111957 	0.00235396 	
1.715	2.13859 	-0.0816275 	-1.73063 	0.000667911 	-0.112042 	0.00232308 	
1.72	2.13963 	-0.0820246 	-1.73063 	0.000641404 	-0.112096 	0.00230805 	
1.725	2.14052 	-0.0824114 	-1.73049 	0.000615266 	-0.112144 	0.00229222 	
1.73	2.14125 	-0.0827541 	-1.73024 	0.000591714 	-0.112185 	0.0022772 	
1.735	2.13979 	-0.0820535 	-1.73288 	0.000655566 	-0.112227 	0.00229852 	
1.74	2.14081 	-0.0824476 	-1.73288 	0.000629203 	-0.11228 	0.00228351 	
1.745	2.14168 	-0.0828119 	-1.73272 	0.000601752 	-0.112325 	0.00227006 	
1.75	2.1424 	-0.0831521 	-1.73248 	0.000578325 	-0.112365 	0.0022551 	
1.755	2.14096 	-0.0824749 	-1.73507 	0.000641004 	-0.112406 	0.00227658 	
1.76	2.14197 	-0.0828653 	-1.73506 	0.000614829 	-0.112458 	0.00226163 	
1.765	2.14283 	-0.0832457 	-1.73493 	0.000589022 	-0.112504 	0.00224592 	
1.77	2.14354 	-0.0835828 	-1.73469 	0.00056576 	-0.112544 	0.00223104 	
1.775	2.14213 	-0.0829288 	-1.73723 	0.000627238 	-0.112584 	0.00225266 	
1.78	2.14312 	-0.083315 	-1.73722 	0.000601287 	-0.112635 	0.00223778 	
1.785	2.14396 	-0.0836913 	-1.73709 	0.000575704 	-0.112681 	0.00222217 	
1.79	2.14466 	-0.084025 	-1.73685 	0.000552638 	-0.112719 	0.00220741 	
1.795	2.14328 	-0.0833938 	-1.73935 	0.000612887 	-0.112759 	0.00222911 	
1.8	2.14424 	-0.0837754 	-1.73933 	0.000587196 	-0.112809 	0.00221433 	
1.805	2.14508 	-0.0841471 	-1.7392 	0.000561868 	-0.112854 	0.00219885 	
1.81	2.14575 	-0.0844629 	-1.73895 	0.000537985 	-0.11289 	0.0021859 	
1.815	2.1444 	-0.0838544 	-1.74139 	0.000596974 	-0.112929 	0.00220767 	
1.82	2.14534 	-0.0842308 	-1.74138 	0.000571572 	-0.112978 	0.002193 	
1.825	2.14616 	-0.0845977 	-1.74124 	0.000546531 	-0.113022 	0.00217767 	
1.83	2.14683 	-0.0849232 	-1.74102 	0.000523945 	-0.113059 	0.00216319 	
1.835	2.1455 	-0.084337 	-1.74341 	0.00058164 	-0.113097 	0.00218498 	
1.84	2.14643 	-0.084708 	-1.74339 	0.000556556 	-0.113145 	0.00217045 	
1.845	2.14734 	-0.0852285 	-1.74345 	0.000543641 	-0.113204 	0.0021362 	
1.85	2.148 	-0.0855495 	-1.74322 	0.000521334 	-0.113241 	0.00212189 	
1.855	2.14671 	-0.0849855 	-1.74556 	0.000577688 	-0.113278 	0.00214364 	
1.86	2.14761 	-0.0853506 	-1.74554 	0.000552949 	-0.113325 	0.00212927 	
1.865	2.14839 	-0.0857065 	-1.74541 	0.000528561 	-0.113367 	0.00211429 	
1.87	2.14904 	-0.0860225 	-1.74519 	0.000506557 	-0.113403 	0.00210017 	
1.875	2.14777 	-0.0854805 	-1.74747 	0.000561548 	-0.113439 	0.00212185 	
1.88	2.14865 	-0.0858395 	-1.74745 	0.000537179 	-0.113485 	0.00210765 	
1.885	2.14912 	-0.0857915 	-1.74684 	0.000483644 	-0.113486 	0.00214069 	
1.89	2.14976 	-0.0861023 	-1.74663 	0.000461965 	-0.113521 	0.00212677 	
1.895	2.14852 	-0.0855821 	-1.74885 	0.000515587 	-0.113557 	0.00214836 	
1.9	2.14938 	-0.0859345 	-1.74882 	0.000491613 	-0.113601 	0.00213435 	
1.905	2.15012 	-0.0862781 	-1.7487 	0.000467979 	-0.113641 	0.0021198 	
1.91	2.15075 	-0.0865835 	-1.74849 	0.000446646 	-0.113676 	0.00210609 	
1.915	2.14955 	-0.0860848 	-1.75066 	0.000498835 	-0.11371 	0.00212753 	
1.92	2.15038 	-0.0864304 	-1.75063 	0.000475279 	-0.113754 	0.00211372 	
1.925	2.15111 	-0.0867674 	-1.7505 	0.000452057 	-0.113793 	0.0020994 	
1.93	2.15171 	-0.087067 	-1.7503 	0.000431092 	-0.113826 	0.00208593 	
1.935	2.15283 	-0.0880797 	-1.75098 	0.00046641 	-0.113932 	0.00198464 	
1.94	2.15126 	-0.0874148 	-1.7536 	0.000533985 	-0.113965 	0.00201427 	
1.945	2.15212 	-0.0877531 	-1.75364 	0.000511021 	-0.114009 	0.00200129 	
1.95	2.15285 	-0.0880862 	-1.75354 	0.000488102 	-0.114048 	0.00198732 	
1.955	2.15344 	-0.0883796 	-1.75334 	0.000467535 	-0.114081 	0.00197408 	
1.96	2.154 	-0.0886485 	-1.75314 	0.000448569 	-0.114112 	0.00196179 	
1.965	2.15244 	-0.0880019 	-1.75572 	0.000515236 	-0.114144 	0.00199165 	
1.97	2.15328 	-0.0883339 	-1.75575 	0.000492662 	-0.114187 	0.00197885 	
1.975	2.15399 	-0.088661 	-1.75565 	0.000470116 	-0.114225 	0.00196509 	
1.98	2.15456 	-0.0889492 	-1.75546 	0.000449882 	-0.114256 	0.00195205 	
1.985	2.1551 	-0.0892135 	-1.75526 	0.000431225 	-0.114286 	0.00193994 	
1.99	2.15306 	-0.0878696 	-1.75686 	0.000441248 	-0.114244 	0.00205745 	
1.995	2.15386 	-0.0881939 	-1.75688 	0.000419145 	-0.114285 	0.00204483 	
2	2.15455 	-0.0885135 	-1.75679 	0.000397074 	-0.114322 	0.00203132 	
2.005	2.15511 	-0.0887955 	-1.75661 	0.000377257 	-0.114353 	0.00201855 	
2.01	2.15563 	-0.0890539 	-1.75642 	0.000358982 	-0.114382 	0.00200669 	
2.015	2.15419 	-0.0884786 	-1.75879 	0.000420399 	-0.114411 	0.00203519 	
2.02	2.15496 	-0.088794 	-1.75881 	0.000398853 	-0.114451 	0.00202281 	
2.025	2.15563 	-0.0891049 	-1.75872 	0.000377344 	-0.114486 	0.00200962 	
2.03	2.15649 	-0.0898254 	-1.75908 	0.000390914 	-0.114561 	0.00194339 	
2.035	2.157 	-0.0900771 	-1.75889 	0.000373094 	-0.114589 	0.00193183 	
2.04	2.15562 	-0.0895368 	-1.76117 	0.00043169 	-0.114617 	0.00195946 	
2.045	2.15636 	-0.0898423 	-1.76118 	0.000410772 	-0.114655 	0.00194738 	
2.05	2.157 	-0.0901435 	-1.76109 	0.000389894 	-0.114689 	0.00193454 	
2.055	2.15752 	-0.0904098 	-1.76091 	0.000371125 	-0.114718 	0.00192245 	
2.06	2.1579 	-0.0905094 	-1.76056 	0.000343158 	-0.11473 	0.00192867 	
2.065	2.15659 	-0.0900032 	-1.76273 	0.00039894 	-0.114758 	0.00195539 	
2.07	2.15729 	-0.090298 	-1.76274 	0.000378707 	-0.114794 	0.00194364 	
2.075	2.1579 	-0.0905888 	-1.76265 	0.000358517 	-0.114826 	0.0019312 	
2.08	2.1584 	-0.0908462 	-1.76248 	0.000340356 	-0.114854 	0.00191951 	
2.085	2.15887 	-0.0910822 	-1.76232 	0.000323609 	-0.11488 	0.00190865 	
2.09	2.15931 	-0.0912984 	-1.76215 	0.000308172 	-0.114904 	0.00189858 	
2.095	2.15775 	-0.090689 	-1.7646 	0.000374119 	-0.11493 	0.00193132 	
2.1	2.15845 	-0.090972 	-1.76464 	0.00035477 	-0.114966 	0.0019204 	
2.105	2.15905 	-0.0912537 	-1.76458 	0.000335234 	-0.114997 	0.0019085 	
2.11	2.15953 	-0.0915011 	-1.76442 	0.00031775 	-0.115024 	0.00189723 	
2.115	2.15998 	-0.0917281 	-1.76426 	0.000301627 	-0.115048 	0.00188678 	
2.12	2.1604 	-0.0919361 	-1.7641 	0.000286764 	-0.115071 	0.00187708 	
2.125	2.15891 	-0.0913623 	-1.76643 	0.000349456 	-0.115096 	0.00190898 	
2.13	2.15957 	-0.0916335 	-1.76647 	0.000330874 	-0.115129 	0.00189843 	
2.135	2.16014 	-0.0919038 	-1.7664 	0.000312104 	-0.115159 	0.00188696 	
2.14	2.16059 	-0.0921415 	-1.76626 	0.000295296 	-0.115184 	0.00187614 	
2.145	2.16102 	-0.0923596 	-1.76611 	0.000279794 	-0.115207 	0.00186609 	
2.15	2.16142 	-0.0925595 	-1.76596 	0.000265503 	-0.115229 	0.00185678 	
2.155	2.15969 	-0.0915686 	-1.76757 	0.000289447 	-0.115206 	0.00194322 	
2.16	2.16031 	-0.0918262 	-1.76759 	0.000271741 	-0.115237 	0.00193307 	
2.165	2.16084 	-0.0920832 	-1.76753 	0.000253867 	-0.115265 	0.00192212 	
2.17	2.16127 	-0.0923097 	-1.76739 	0.000237842 	-0.115289 	0.00191181 	
2.175	2.16167 	-0.0925175 	-1.76725 	0.000223062 	-0.115311 	0.00190225 	
2.18	2.16205 	-0.092708 	-1.76711 	0.000209435 	-0.115332 	0.00189338 	
2.185	2.16241 	-0.0928826 	-1.76697 	0.000196876 	-0.115351 	0.00188515 	
2.19	2.16088 	-0.092304 	-1.76929 	0.000260949 	-0.115372 	0.00191873 	
2.195	2.16148 	-0.0925461 	-1.76934 	0.000244361 	-0.115403 	0.00190942 	
2.2	2.16199 	-0.0927896 	-1.76929 	0.000227435 	-0.115429 	0.00189913 	
2.205	2.16255 	-0.0932189 	-1.76943 	0.000228143 	-0.115473 	0.00186334 	
2.21	2.16292 	-0.0934149 	-1.7693 	0.0002142 	-0.115493 	0.00185433 	
2.215	2.16328 	-0.0935947 	-1.76917 	0.000201343 	-0.115512 	0.00184597 	
2.22	2.16361 	-0.0937594 	-1.76905 	0.000189491 	-0.115531 	0.00183821 	
2.225	2.16392 	-0.0939103 	-1.76892 	0.000178571 	-0.115548 	0.00183102 	
2.23	2.16231 	-0.0932979 	-1.7713 	0.000246193 	-0.115567 	0.00186721 	
2.235	2.16287 	-0.093523 	-1.77137 	0.000230805 	-0.115595 	0.00185873 	
2.24	2.16335 	-0.0937516 	-1.77134 	0.000214941 	-0.11562 	0.00184916 	
2.245	2.16372 	-0.0939512 	-1.77123 	0.000200822 	-0.11564 	0.0018401 	
2.25	2.16446 	-0.0946712 	-1.77177 	0.000227127 	-0.115713 	0.00176678 	
2.255	2.16478 	-0.0948393 	-1.77165 	0.000215112 	-0.11573 	0.00175898 	
2.26	2.16508 	-0.0949936 	-1.77154 	0.000204033 	-0.115747 	0.00175175 	
2.265	2.16537 	-0.0951349 	-1.77142 	0.00019382 	-0.115763 	0.00174505 	
2.27	2.16564 	-0.0952643 	-1.77131 	0.000184411 	-0.115777 	0.00173882 	
2.275	2.16403 	-0.0946559 	-1.77365 	0.000251728 	-0.115794 	0.00177549 	
2.28	2.16454 	-0.0948609 	-1.77373 	0.000237739 	-0.11582 	0.00176786 	
2.285	2.16441 	-0.0943008 	-1.77278 	0.000166811 	-0.115765 	0.00185228 	
2.29	2.16474 	-0.0944837 	-1.77268 	0.000153887 	-0.115783 	0.001844 	
2.295	2.16506 	-0.0946518 	-1.77259 	0.000141959 	-0.1158 	0.00183633 	
2.3	2.16535 	-0.0948061 	-1.77249 	0.000130952 	-0.115816 	0.00182921 	
2.305	2.16562 	-0.0949478 	-1.77239 	0.0001208 	-0.115831 	0.00182262 	
2.31	2.16588 	-0.0950778 	-1.77229 	0.000111437 	-0.115845 	0.00181649 	
2.315	2.16612 	-0.095197 	-1.77219 	0.000102805 	-0.115858 	0.00181082 	
2.32	2.16634 	-0.0953061 	-1.7721 	9.48504e-05 	-0.115871 	0.00180555 	
2.325	2.16655 	-0.095406 	-1.772 	8.75215e-05 	-0.115882 	0.00180067 	
2.33	2.16491 	-0.0947845 	-1.77433 	0.000156132 	-0.115896 	0.00183875 	
2.335	2.16537 	-0.0949639 	-1.77442 	0.000143944 	-0.115919 	0.00183225 	
2.34	2.16575 	-0.0951505 	-1.77442 	0.000131058 	-0.115939 	0.00182458 	
2.345	2.16638 	-0.0957763 	-1.77491 	0.000153608 	-0.116001 	0.00176115 	
2.35	2.16665 	-0.0959251 	-1.77483 	0.000143084 	-0.116015 	0.00175442 	
2.355	2.1669 	-0.096062 	-1.77476 	0.000133367 	-0.116029 	0.00174817 	
2.36	2.16713 	-0.0961878 	-1.77468 	0.000124398 	-0.116041 	0.00174238 	
2.365	2.16735 	-0.0963034 	-1.7746 	0.000116121 	-0.116053 	0.00173701 	
2.37	2.16755 	-0.0964096 	-1.77453 	0.000108483 	-0.116064 	0.00173203 	
2.375	2.16775 	-0.096507 	-1.77445 	0.000101438 	-0.116075 	0.00172742 	
2.38	2.16793 	-0.0965965 	-1.77438 	9.49396e-05 	-0.116085 	0.00172313 	
2.385	2.1681 	-0.0966785 	-1.7743 	8.89477e-05 	-0.116094 	0.00171916 	
2.39	2.16844 	-0.097 	-1.77453 	0.000101447 	-0.116128 	0.00168566 	
2.395	2.16859 	-0.0970689 	-1.77446 	9.63557e-05 	-0.116136 	0.00168224 	
2.4	2.16873 	-0.097132 	-1.77438 	9.16645e-05 	-0.116144 	0.00167907 	
2.405	2.16886 	-0.0971896 	-1.77431 	8.73428e-05 	-0.116151 	0.00167614 	
2.41	2.16716 	-0.0965442 	-1.77664 	0.000157852 	-0.116161 	0.00171604 	
2.415	2.16754 	-0.0966871 	-1.77676 	0.000148262 	-0.116179 	0.00171121 	
2.42	2.16785 	-0.0968404 	-1.77679 	0.000137774 	-0.116195 	0.0017051 	
2.425	2.16807 	-0.0969721 	-1.77674 	0.000128578 	-0.116207 	0.00169931 	
2.43	2.16828 	-0.0970936 	-1.7767 	0.000120074 	-0.116218 	0.00169394 	
2.435	2.16793 	-0.0964725 	-1.77576 	5.8633e-05 	-0.116155 	0.00177773 	
2.44	2.16811 	-0.0965758 	-1.77572 	5.13643e-05 	-0.116164 	0.00177312 	
2.445	2.16828 	-0.0966712 	-1.77568 	4.46439e-05 	-0.116173 	0.00176884 	
2.45	2.16844 	-0.0967591 	-1.77564 	3.84313e-05 	-0.116182 	0.00176487 	
2.455	2.16858 	-0.0968401 	-1.77559 	3.26881e-05 	-0.11619 	0.00176119 	
2.46	2.16872 	-0.0969149 	-1.77555 	2.73788e-05 	-0.116197 	0.00175778 	
2.465	2.16884 	-0.0969838 	-1.77551 	2.24705e-05 	-0.116204 	0.00175462 	
2.47	2.16896 	-0.0970473 	-1.77547 	1.79325e-05 	-0.11621 	0.00175169 	
2.475	2.16934 	-0.0974691 	-1.77588 	4.02705e-05 	-0.116253 	0.00170501 	
2.48	2.16944 	-0.0975232 	-1.77584 	3.63906e-05 	-0.116258 	0.00170249 	
2.485	2.16954 	-0.0975731 	-1.77581 	3.28022e-05 	-0.116263 	0.00170015 	
2.49	2.16963 	-0.0976192 	-1.77577 	2.94829e-05 	-0.116268 	0.00169799 	
2.495	2.16971 	-0.0976617 	-1.77574 	2.64119e-05 	-0.116273 	0.00169598 	
2.5	2.16979 	-0.097701 	-1.77571 	2.35697e-05 	-0.116277 	0.00169412 	
2.505	2.16964 	-0.0974465 	-1.77533 	-3.19761e-07 	-0.116252 	0.00172762 	
2.51	2.16971 	-0.0974802 	-1.77531 	-2.75805e-06 	-0.116255 	0.00172602 	
2.515	2.16977 	-0.0975111 	-1.77528 	-4.99867e-06 	-0.116259 	0.00172455 	
2.52	2.16983 	-0.0975386 	-1.77526 	-7.01276e-06 	-0.116262 	0.00172321 	
2.525	2.16989 	-0.0975637 	-1.77524 	-8.85724e-06 	-0.116265 	0.00172198 	
2.53	2.16994 	-0.0975871 	-1.77522 	-1.05774e-05 	-0.116268 	0.00172083 	
2.535	2.16999 	-0.097609 	-1.7752 	-1.21804e-05 	-0.11627 	0.00171976 	
2.54	2.17003 	-0.0976294 	-1.77518 	-1.36791e-05 	-0.116273 	0.00171876 	
2.545	2.17008 	-0.0976487 	-1.77517 	-1.50837e-05 	-0.116275 	0.00171783 	
2.55	2.17012 	-0.0976668 	-1.77515 	-1.6404e-05 	-0.116277 	0.00171695 	
2.555	2.17017 	-0.0976839 	-1.77514 	-1.76487e-05 	-0.11628 	0.00171613 	
2.56	2.17021 	-0.0977002 	-1.77513 	-1.8826e-05 	-0.116282 	0.00171536 	
2.565	2.17042 	-0.097942 	-1.77539 	-3.40655e-06 	-0.116307 	0.00168723 	
2.57	2.17046 	-0.097957 	-1.77538 	-4.48247e-06 	-0.116309 	0.00168653 	
2.575	2.1705 	-0.0979722 	-1.77537 	-5.55077e-06 	-0.116311 	0.00168585 	
2.58	2.17055 	-0.0979871 	-1.77537 	-6.5933e-06 	-0.116313 	0.00168519 	
2.585	2.17059 	-0.0980014 	-1.77536 	-7.59411e-06 	-0.116315 	0.00168456 	
2.59	2.17064 	-0.0980154 	-1.77535 	-8.56119e-06 	-0.116317 	0.00168396 	
2.595	2.17069 	-0.098029 	-1.77535 	-9.49991e-06 	-0.116319 	0.00168338 	
2.6	2.17067 	-0.0979519 	-1.77524 	-1.70284e-05 	-0.116312 	0.00169378 	
2.605	2.17072 	-0.097965 	-1.77523 	-1.79208e-05 	-0.116314 	0.00169323 	
2.61	2.17078 	-0.0979777 	-1.77523 	-1.87844e-05 	-0.116316 	0.0016927 	
2.615	2.17083 	-0.0979902 	-1.77523 	-1.96297e-05 	-0.116319 	0.00169219 	
2.62	2.17089 	-0.0980027 	-1.77523 	-2.04733e-05 	-0.116321 	0.00169168 	
2.625	2.17095 	-0.0980154 	-1.77523 	-2.13155e-05 	-0.116323 	0.00169118 	
2.63	2.17126 	-0.0983672 	-1.77564 	2.63107e-06 	-0.11636 	0.00164961 	
2.635	2.17133 	-0.0983803 	-1.77564 	1.76977e-06 	-0.116362 	0.00164911 	
2.64	2.1714 	-0.0983947 	-1.77564 	8.41775e-07 	-0.116365 	0.00164858 	
2.645	2.17147 	-0.0984095 	-1.77565 	-1.11399e-07 	-0.116368 	0.00164805 	
2.65	2.17155 	-0.0984243 	-1.77565 	-1.05982e-06 	-0.116371 	0.00164751 	
2.655	2.17162 	-0.0984392 	-1.77565 	-2.01326e-06 	-0.116374 	0.00164698 	
2.66	2.1717 	-0.0984543 	-1.77566 	-2.97403e-06 	-0.116377 	0.00164644 	
2.665	2.17179 	-0.0984695 	-1.77566 	-3.94422e-06 	-0.11638 	0.00164591 	
2.67	2.17188 	-0.098485 	-1.77567 	-4.92576e-06 	-0.116383 	0.00164536 	
2.675	2.17197 	-0.0985007 	-1.77568 	-5.92044e-06 	-0.116387 	0.00164481 	
2.68	2.17206 	-0.0985167 	-1.77568 	-6.92991e-06 	-0.11639 	0.00164426 	
2.685	2.17216 	-0.098533 	-1.77569 	-7.95568e-06 	-0.116394 	0.0016437 	
2.69	2.17226 	-0.0985496 	-1.7757 	-8.99917e-06 	-0.116398 	0.00164313 	
2.695	2.17276 	-0.095206 	-1.77411 	8.88386e-05 	-0.116342 	0.00170979 	
2.7	2.17285 	-0.0953864 	-1.77413 	7.8031e-05 	-0.116348 	0.00170472 	
2.705	2.17291 	-0.0956017 	-1.77414 	6.52504e-05 	-0.116352 	0.00169888 	
2.71	2.17296 	-0.0957886 	-1.77414 	5.42121e-05 	-0.116355 	0.00169389 	
2.715	2.17302 	-0.0959638 	-1.77414 	4.38639e-05 	-0.116358 	0.0016892 	
2.72	2.17309 	-0.096128 	-1.77414 	3.41646e-05 	-0.116362 	0.00168479 	
2.725	2.17317 	-0.0962819 	-1.77415 	2.50641e-05 	-0.116365 	0.00168065 	
2.73	2.17352 	-0.096784 	-1.77458 	4.27394e-05 	-0.116405 	0.00163341 	
2.735	2.17361 	-0.0969202 	-1.77459 	3.46818e-05 	-0.116409 	0.00162973 	
2.74	2.17371 	-0.0970495 	-1.7746 	2.70287e-05 	-0.116414 	0.00162622 	
2.745	2.17381 	-0.0971717 	-1.7746 	1.97891e-05 	-0.116418 	0.0016229 	
2.75	2.17393 	-0.0972868 	-1.77461 	1.29627e-05 	-0.116423 	0.00161975 	
2.755	2.17404 	-0.0973956 	-1.77462 	6.50962e-06 	-0.116428 	0.00161677 	
2.76	2.17446 	-0.0978989 	-1.77512 	2.97584e-05 	-0.116473 	0.00156542 	
2.765	2.17626 	-0.0955848 	-1.77323 	0.00013197 	-0.116478 	0.00153794 	
2.77	2.17636 	-0.0958087 	-1.77328 	0.000119259 	-0.116483 	0.00153244 	
2.775	2.17639 	-0.0960509 	-1.77328 	0.000105378 	-0.116485 	0.00152655 	
2.78	2.17641 	-0.0962642 	-1.77326 	9.30663e-05 	-0.116486 	0.00152132 	
2.785	2.17644 	-0.0964643 	-1.77325 	8.15143e-05 	-0.116488 	0.00151639 	
2.79	2.17649 	-0.096652 	-1.77324 	7.06634e-05 	-0.116491 	0.00151174 	
2.795	2.17655 	-0.0968284 	-1.77324 	6.04599e-05 	-0.116494 	0.00150736 	
2.8	2.17663 	-0.0969943 	-1.77323 	5.08538e-05 	-0.116497 	0.00150321 	
2.805	2.17671 	-0.0971505 	-1.77323 	4.17991e-05 	-0.116501 	0.00149929 	
2.81	2.17651 	-0.09689 	-1.77274 	3.2476e-06 	-0.116464 	0.001545 	
2.815	2.17662 	-0.0970286 	-1.77274 	-4.8083e-06 	-0.116468 	0.00154148 	
2.82	2.17848 	-0.0947896 	-1.77075 	9.18028e-05 	-0.116473 	0.00151162 	
2.825	2.17858 	-0.0950389 	-1.77078 	7.77874e-05 	-0.116478 	0.00150576 	
2.83	2.1786 	-0.0953024 	-1.77078 	6.28157e-05 	-0.116479 	0.00149957 	
2.835	2.17861 	-0.0955358 	-1.77075 	4.94575e-05 	-0.116481 	0.001494 	
2.84	2.17865 	-0.0957549 	-1.77073 	3.69076e-05 	-0.116482 	0.00148875 	
2.845	2.1787 	-0.0959607 	-1.77072 	2.51045e-05 	-0.116485 	0.00148379 	
2.85	2.17876 	-0.0961543 	-1.77071 	1.3991e-05 	-0.116488 	0.0014791 	
2.855	2.17882 	-0.0963 	-1.77065 	8.18481e-07 	-0.116487 	0.00147908 	
2.86	2.17891 	-0.0964718 	-1.77065 	-9.06847e-06 	-0.116491 	0.00147486 	
2.865	2.17903 	-0.0966338 	-1.77064 	-1.84064e-05 	-0.116496 	0.00147086 	
2.87	2.18099 	-0.094287 	-1.76852 	8.25766e-05 	-0.116501 	0.0014389 	
2.875	2.18111 	-0.0945665 	-1.76857 	6.69336e-05 	-0.116506 	0.0014324 	
2.88	2.18113 	-0.0948596 	-1.76856 	5.03409e-05 	-0.116508 	0.00142557 	
2.885	2.18115 	-0.0951197 	-1.76853 	3.55054e-05 	-0.116509 	0.00141942 	
2.89	2.18121 	-0.0954005 	-1.76855 	2.4273e-05 	-0.116514 	0.00140918 	
2.895	2.18127 	-0.09563 	-1.76854 	1.11521e-05 	-0.116517 	0.00140369 	
2.9	2.18134 	-0.095846 	-1.76852 	-1.21375e-06 	-0.11652 	0.00139849 	
2.905	2.18144 	-0.0960496 	-1.76851 	-1.28778e-05 	-0.116524 	0.00139356 	
2.91	2.18322 	-0.0939647 	-1.76657 	7.6187e-05 	-0.116528 	0.00136331 	
2.915	2.18332 	-0.0942679 	-1.7666 	5.91605e-05 	-0.116533 	0.00135626 	
2.92	2.18334 	-0.094581 	-1.76658 	4.14314e-05 	-0.116534 	0.00134896 	
2.925	2.18337 	-0.0948615 	-1.76656 	2.54574e-05 	-0.116536 	0.00134233 	
2.93	2.18341 	-0.0951248 	-1.76654 	1.04399e-05 	-0.116538 	0.00133606 	
2.935	2.18348 	-0.0953724 	-1.76652 	-3.69348e-06 	-0.116541 	0.00133014 	
2.94	2.18381 	-0.095934 	-1.7669 	7.44813e-06 	-0.116577 	0.00128462 	
2.945	2.18392 	-0.0961537 	-1.76689 	-5.13023e-06 	-0.116582 	0.00127929 	
2.95	2.18584 	-0.0939242 	-1.76482 	9.02496e-05 	-0.116587 	0.00124694 	
2.955	2.18596 	-0.0942528 	-1.76486 	7.18371e-05 	-0.116592 	0.00123928 	
2.96	2.18599 	-0.0945913 	-1.76485 	5.26879e-05 	-0.116594 	0.00123137 	
2.965	2.18602 	-0.0948944 	-1.76482 	3.54369e-05 	-0.116596 	0.00122419 	
2.97	2.18608 	-0.095179 	-1.7648 	1.92174e-05 	-0.116598 	0.0012174 	
2.975	2.18569 	-0.0948274 	-1.76403 	-4.23099e-05 	-0.11654 	0.00128623 	
2.98	2.18579 	-0.0950786 	-1.76402 	-5.66611e-05 	-0.116544 	0.00128016 	
2.985	2.18762 	-0.0929923 	-1.76204 	3.20612e-05 	-0.116549 	0.00124855 	
2.99	2.18773 	-0.0933383 	-1.76206 	1.26335e-05 	-0.116554 	0.00124046 	
2.995	2.18777 	-0.0936919 	-1.76205 	-7.37569e-06 	-0.116556 	0.00123217 	
3	2.18781 	-0.09401 	-1.76202 	-2.54729e-05 	-0.116558 	0.0012246 	
3.005	2.18788 	-0.0943088 	-1.762 	-4.24923e-05 	-0.116561 	0.00121746 	
3.01	2.18797 	-0.0945897 	-1.76199 	-5.85148e-05 	-0.116565 	0.00121069 	
3.015	2.18828 	-0.0951274 	-1.76231 	-5.31261e-05 	-0.116596 	0.00117106 	
3.02	2.19021 	-0.0929399 	-1.76023 	4.00196e-05 	-0.116602 	0.00113787 	
3.025	2.19034 	-0.0933079 	-1.76027 	1.93768e-05 	-0.116608 	0.00112923 	
3.03	2.19039 	-0.093684 	-1.76026 	-1.89009e-06 	-0.11661 	0.00112037 	
3.035	2.19044 	-0.0940222 	-1.76023 	-2.11261e-05 	-0.116612 	0.0011123 	
3.04	2.19051 	-0.0943399 	-1.76021 	-3.92161e-05 	-0.116616 	0.00110467 	
3.045	2.19061 	-0.0946386 	-1.7602 	-5.6246e-05 	-0.11662 	0.00109745 	
3.05	2.19054 	-0.0946646 	-1.75988 	-9.14907e-05 	-0.116599 	0.00112164 	
3.055	2.19256 	-0.0923603 	-1.75769 	6.66649e-06 	-0.116605 	0.00108666 	
3.06	2.19271 	-0.0927494 	-1.75774 	-1.51354e-05 	-0.116611 	0.0010775 	
3.065	2.19277 	-0.0931456 	-1.75773 	-3.75281e-05 	-0.116614 	0.00106814 	
3.07	2.19283 	-0.0935016 	-1.75771 	-5.77723e-05 	-0.116617 	0.00105961 	
3.075	2.19291 	-0.093836 	-1.75769 	-7.68113e-05 	-0.11662 	0.00105155 	
3.08	2.19301 	-0.0941504 	-1.75767 	-9.47351e-05 	-0.116624 	0.00104392 	
3.085	2.19485 	-0.092105 	-1.75567 	-8.2969e-06 	-0.11663 	0.00101081 	
3.09	2.19498 	-0.0925109 	-1.7557 	-3.11025e-05 	-0.116635 	0.0010012 	
3.095	2.19504 	-0.092921 	-1.75569 	-5.43011e-05 	-0.116638 	0.000991467 	
3.1	2.1951 	-0.0932918 	-1.75567 	-7.53779e-05 	-0.116641 	0.000982549 	
3.105	2.19517 	-0.0936146 	-1.75563 	-9.71309e-05 	-0.116642 	0.00097722 	
3.11	2.19529 	-0.0939421 	-1.75562 	-0.000115792 	-0.116647 	0.000969244 	
3.115	2.19718 	-0.0918528 	-1.75356 	-2.74728e-05 	-0.116653 	0.000935271 	
3.12	2.19732 	-0.0922736 	-1.7536 	-5.11082e-05 	-0.116659 	0.000925272 	
3.125	2.19739 	-0.0926984 	-1.7536 	-7.51265e-05 	-0.116662 	0.000915151 	
3.13	2.19746 	-0.0930824 	-1.75358 	-9.69526e-05 	-0.116665 	0.000905877 	
3.135	2.19756 	-0.0934432 	-1.75357 	-0.000117481 	-0.116669 	0.00089711 	
3.14	2.19802 	-0.0942297 	-1.7541 	-0.000102757 	-0.116719 	0.000834301 	
3.145	2.19998 	-0.0920716 	-1.75199 	-1.13631e-05 	-0.116725 	0.000799242 	
3.15	2.20013 	-0.0925094 	-1.75203 	-3.59314e-05 	-0.116731 	0.000788791 	
3.155	2.2002 	-0.0929501 	-1.75204 	-6.08313e-05 	-0.116734 	0.000778247 	
3.16	1.97341 	0.0217438 	-1.1753 	-0.0102263 	-0.094314 	0.000597746 	
3.165	1.30782 	0.365048 	0.560738 	-0.0412488 	-0.0273519 	0.000716175 	
3.17	0.942614 	0.527362 	1.29014 	-0.052454 	0.00375511 	-0.00252266 	
3.175	-0.644466 	1.13484 	3.94518 	-0.0878916 	0.125078 	-0.0216234 	
3.18	-1.63481 	1.43294 	5.42555 	-0.108247 	0.196857 	-0.0309898 	
3.185	-1.70752 	1.32779 	5.70567 	-0.0997757 	0.206535 	-0.0218244 	
3.19	-2.49841 	1.19241 	7.18467 	-0.0778094 	0.270617 	-0.00637015 	
3.195	-2.60726 	1.08673 	7.4592 	-0.0675064 	0.281442 	-0.00047539 	
3.2	-3.32884 	0.868873 	8.81521 	-0.0390633 	0.340698 	0.0126429 	
3.205	-3.53304 	0.709666 	9.0671 	-0.0186106 	0.353657 	0.0161497 	
3.21	-4.67338 	0.442621 	10.5613 	0.0136223 	0.430244 	0.0358496 	
