0	2.05447 	-0.0926263 	-1.56165 	0.000268738 	-0.0988883 	0.00446165 	
0.005	2.05447 	-0.0926264 	-1.56165 	0.000268736 	-0.0988883 	0.00446165 	
0.01	2.05447 	-0.0926264 	-1.56165 	0.000268734 	-0.0988883 	0.00446165 	
0.015	2.05447 	-0.0926265 	-1.56165 	0.000268731 	-0.0988883 	0.00446165 	
0.02	2.05447 	-0.0926265 	-1.56165 	0.000268729 	-0.0988883 	0.00446164 	
0.025	2.05447 	-0.0926265 	-1.56165 	0.000268726 	-0.0988884 	0.00446164 	
0.03	2.05447 	-0.0926264 	-1.56165 	0.000268722 	-0.0988884 	0.00446164 	
0.035	2.05447 	-0.0926263 	-1.56165 	0.000268717 	-0.0988885 	0.00446163 	
0.04	2.05447 	-0.0926262 	-1.56164 	0.000268711 	-0.0988886 	0.00446162 	
0.045	2.05447 	-0.092626 	-1.56164 	0.000268703 	-0.0988887 	0.00446161 	
0.05	2.05447 	-0.0926258 	-1.56164 	0.000268693 	-0.0988889 	0.00446159 	
0.055	2.05448 	-0.0926256 	-1.56163 	0.000268681 	-0.0988892 	0.00446157 	
0.06	2.05448 	-0.0926252 	-1.56163 	0.000268667 	-0.0988895 	0.00446155 	
0.065	2.05448 	-0.0926248 	-1.56162 	0.00026865 	-0.0988898 	0.00446152 	
0.07	2.05436 	-0.0924644 	-1.56143 	0.000256122 	-0.0988743 	0.00447897 	
0.075	2.05437 	-0.0924639 	-1.56143 	0.0002561 	-0.0988747 	0.00447893 	
0.08	2.05437 	-0.0924633 	-1.56141 	0.000256075 	-0.0988753 	0.00447889 	
0.085	2.05438 	-0.0924626 	-1.5614 	0.000256046 	-0.0988759 	0.00447884 	
0.09	2.05439 	-0.0924619 	-1.56139 	0.000256015 	-0.0988766 	0.00447879 	
0.095	2.0544 	-0.092461 	-1.56137 	0.00025598 	-0.0988773 	0.00447873 	
0.1	2.05441 	-0.0924601 	-1.56136 	0.000255941 	-0.0988782 	0.00447867 	
0.105	2.05442 	-0.0924592 	-1.56134 	0.000255899 	-0.0988791 	0.0044786 	
0.11	2.05443 	-0.0924581 	-1.56132 	0.000255853 	-0.0988801 	0.00447853 	
0.115	2.05444 	-0.0924569 	-1.5613 	0.000255803 	-0.0988812 	0.00447845 	
0.12	2.05445 	-0.0924557 	-1.56128 	0.00025575 	-0.0988824 	0.00447836 	
0.125	2.05447 	-0.0924544 	-1.56125 	0.000255692 	-0.0988836 	0.00447827 	
0.13	2.05448 	-0.092453 	-1.56123 	0.000255631 	-0.098885 	0.00447817 	
0.135	2.0545 	-0.0924515 	-1.5612 	0.000255566 	-0.0988864 	0.00447806 	
0.14	2.05451 	-0.0924499 	-1.56117 	0.000255497 	-0.0988879 	0.00447795 	
0.145	2.05453 	-0.0924482 	-1.56114 	0.000255424 	-0.0988895 	0.00447783 	
0.15	2.05455 	-0.0924465 	-1.5611 	0.000255347 	-0.0988912 	0.0044777 	
0.155	2.05457 	-0.0924446 	-1.56107 	0.000255266 	-0.098893 	0.00447757 	
0.16	2.05459 	-0.0924426 	-1.56103 	0.000255181 	-0.0988949 	0.00447743 	
0.165	2.05297 	-0.0910516 	-1.56339 	0.000320442 	-0.0989003 	0.00446809 	
0.17	2.05331 	-0.0911185 	-1.5635 	0.000316831 	-0.0989147 	0.00446699 	
0.175	2.05357 	-0.0911938 	-1.56354 	0.000312621 	-0.0989274 	0.00446547 	
0.18	2.05373 	-0.0912556 	-1.5635 	0.000309038 	-0.0989367 	0.00446401 	
0.185	2.05388 	-0.0913126 	-1.56347 	0.000305706 	-0.0989456 	0.00446263 	
0.19	2.05402 	-0.0913652 	-1.56343 	0.000302606 	-0.098954 	0.00446134 	
0.195	2.05416 	-0.0914136 	-1.56339 	0.000299721 	-0.0989622 	0.00446013 	
0.2	2.05429 	-0.0914582 	-1.56335 	0.000297034 	-0.09897 	0.00445898 	
0.205	2.05441 	-0.0914992 	-1.56331 	0.000294531 	-0.0989775 	0.00445789 	
0.21	2.05453 	-0.0915369 	-1.56326 	0.000292197 	-0.0989848 	0.00445687 	
0.215	2.05464 	-0.0915715 	-1.56321 	0.000290022 	-0.0989919 	0.00445589 	
0.22	2.05475 	-0.0916033 	-1.56316 	0.000287991 	-0.0989988 	0.00445496 	
0.225	2.05323 	-0.0902702 	-1.56546 	0.000350531 	-0.0990087 	0.00444541 	
0.23	2.05364 	-0.090365 	-1.56555 	0.000345276 	-0.0990274 	0.00444362 	
0.235	2.05396 	-0.0904661 	-1.56557 	0.000339547 	-0.0990442 	0.00444145 	
0.24	2.05419 	-0.0905516 	-1.56552 	0.000334552 	-0.0990574 	0.00443939 	
0.245	2.0544 	-0.0906305 	-1.56547 	0.000329907 	-0.0990699 	0.00443745 	
0.25	2.0546 	-0.0907033 	-1.56541 	0.000325587 	-0.0990819 	0.00443562 	
0.255	2.0548 	-0.0907703 	-1.56535 	0.000321568 	-0.0990934 	0.0044339 	
0.26	2.05498 	-0.0908321 	-1.56529 	0.000317826 	-0.0991044 	0.00443228 	
0.265	2.05515 	-0.0908889 	-1.56523 	0.000314342 	-0.0991149 	0.00443075 	
0.27	2.05531 	-0.0909412 	-1.56516 	0.000311097 	-0.0991251 	0.0044293 	
0.275	2.05375 	-0.0895523 	-1.56759 	0.000376404 	-0.0991385 	0.00441915 	
0.28	2.05424 	-0.0896696 	-1.56769 	0.000369849 	-0.0991613 	0.00441685 	
0.285	2.05463 	-0.0897917 	-1.5677 	0.000362871 	-0.0991817 	0.00441415 	
0.29	2.05491 	-0.089896 	-1.56763 	0.00035675 	-0.0991979 	0.00441158 	
0.295	2.05517 	-0.0899921 	-1.56756 	0.00035106 	-0.0992134 	0.00440917 	
0.3	2.05541 	-0.0900808 	-1.56749 	0.000345768 	-0.0992281 	0.0044069 	
0.305	2.05565 	-0.0901625 	-1.56742 	0.000340845 	-0.0992423 	0.00440476 	
0.31	2.05587 	-0.0902377 	-1.56734 	0.000336263 	-0.0992558 	0.00440275 	
0.315	2.05444 	-0.0889445 	-1.56964 	0.000397141 	-0.0992721 	0.00439289 	
0.32	2.05496 	-0.0890777 	-1.56971 	0.000389609 	-0.0992971 	0.00439013 	
0.325	2.05538 	-0.0892142 	-1.5697 	0.000381753 	-0.0993197 	0.00438702 	
0.33	2.0557 	-0.0893322 	-1.56963 	0.000374796 	-0.0993383 	0.00438406 	
0.335	2.056 	-0.089441 	-1.56954 	0.000368329 	-0.099356 	0.00438128 	
0.34	2.05628 	-0.0895413 	-1.56946 	0.000362315 	-0.0993729 	0.00437867 	
0.345	2.05655 	-0.0896338 	-1.56937 	0.000356721 	-0.099389 	0.00437622 	
0.35	2.0568 	-0.0897189 	-1.56928 	0.000351516 	-0.0994045 	0.00437391 	
0.355	2.05522 	-0.0882894 	-1.57184 	0.000419167 	-0.0994231 	0.00436332 	
0.36	2.05581 	-0.0884401 	-1.57193 	0.000410633 	-0.0994518 	0.00436018 	
0.365	2.0563 	-0.0885936 	-1.57192 	0.000401773 	-0.0994775 	0.00435664 	
0.37	2.05665 	-0.0887259 	-1.57183 	0.000393943 	-0.0994984 	0.00435327 	
0.375	2.05699 	-0.0888479 	-1.57174 	0.000386665 	-0.0995183 	0.0043501 	
0.38	2.05731 	-0.0889603 	-1.57164 	0.000379899 	-0.0995373 	0.00434713 	
0.385	2.0576 	-0.089064 	-1.57154 	0.000373606 	-0.0995554 	0.00434433 	
0.39	2.0561 	-0.0876874 	-1.57404 	0.000438941 	-0.0995765 	0.00433392 	
0.395	2.05651 	-0.0875816 	-1.57381 	0.000408398 	-0.0995802 	0.00436022 	
0.4	2.05703 	-0.0877483 	-1.57379 	0.000398734 	-0.0996079 	0.00435629 	
0.405	2.05742 	-0.0878928 	-1.57369 	0.000390151 	-0.0996308 	0.00435255 	
0.41	2.05778 	-0.0880261 	-1.57359 	0.000382174 	-0.0996526 	0.00434904 	
0.415	2.05813 	-0.088149 	-1.57348 	0.000374759 	-0.0996734 	0.00434574 	
0.42	2.05678 	-0.0868958 	-1.57579 	0.000434338 	-0.0996966 	0.00433583 	
0.425	2.05741 	-0.0870716 	-1.57584 	0.000424238 	-0.0997285 	0.00433191 	
0.43	2.05795 	-0.0872477 	-1.5758 	0.000413972 	-0.0997576 	0.00432766 	
0.435	2.05837 	-0.0874018 	-1.57569 	0.000404798 	-0.0997821 	0.00432361 	
0.44	2.05876 	-0.0875438 	-1.57558 	0.000396272 	-0.0998055 	0.00431982 	
0.445	2.05913 	-0.0876748 	-1.57546 	0.000388346 	-0.0998277 	0.00431626 	
0.45	2.05771 	-0.0863626 	-1.5779 	0.000451078 	-0.0998525 	0.00430618 	
0.455	2.05839 	-0.0865497 	-1.57795 	0.000440302 	-0.0998868 	0.00430197 	
0.46	2.05896 	-0.0867368 	-1.57791 	0.000429369 	-0.0999178 	0.0042974 	
0.465	2.05941 	-0.0869003 	-1.57779 	0.000419606 	-0.0999439 	0.00429305 	
0.47	2.05982 	-0.087051 	-1.57767 	0.000410533 	-0.0999687 	0.00428897 	
0.475	2.06022 	-0.08719 	-1.57754 	0.000402101 	-0.0999923 	0.00428514 	
0.48	2.05871 	-0.0858044 	-1.58013 	0.000468754 	-0.100019 	0.0042749 	
0.485	2.05945 	-0.0860038 	-1.5802 	0.000457252 	-0.100056 	0.00427038 	
0.49	2.06006 	-0.0862028 	-1.58016 	0.0004456 	-0.100089 	0.00426547 	
0.495	2.06053 	-0.0863763 	-1.58003 	0.000435206 	-0.100116 	0.00426078 	
0.5	2.06097 	-0.0865364 	-1.5799 	0.000425549 	-0.100143 	0.00425639 	
0.505	2.0597 	-0.085336 	-1.58219 	0.0004833 	-0.100171 	0.00424676 	
0.51	2.06042 	-0.0855441 	-1.58222 	0.000471212 	-0.100208 	0.00424186 	
0.515	2.06103 	-0.0857501 	-1.58216 	0.000459086 	-0.100242 	0.00423664 	
0.52	2.06152 	-0.0859316 	-1.58202 	0.000448195 	-0.100271 	0.00423169 	
0.525	2.06198 	-0.086099 	-1.58188 	0.000438076 	-0.100298 	0.00422705 	
0.53	2.06069 	-0.0848744 	-1.58424 	0.000497315 	-0.100328 	0.00421746 	
0.535	2.06144 	-0.085091 	-1.58427 	0.000484698 	-0.100366 	0.0042123 	
0.54	2.06208 	-0.0853053 	-1.58421 	0.000472058 	-0.100402 	0.00420682 	
0.545	2.06259 	-0.085494 	-1.58407 	0.000460706 	-0.100432 	0.00420161 	
0.55	2.06307 	-0.085668 	-1.58392 	0.000450161 	-0.10046 	0.00419672 	
0.555	2.06172 	-0.0844008 	-1.58637 	0.000511842 	-0.100491 	0.00418716 	
0.56	2.06251 	-0.0846266 	-1.58641 	0.000498667 	-0.100532 	0.00418174 	
0.565	2.06318 	-0.0848498 	-1.58634 	0.000485477 	-0.100568 	0.00417597 	
0.57	2.06371 	-0.0850461 	-1.58619 	0.000473639 	-0.1006 	0.00417049 	
0.575	2.06421 	-0.0852272 	-1.58604 	0.000462643 	-0.100629 	0.00416534 	
0.58	2.0628 	-0.083918 	-1.58859 	0.000526785 	-0.100662 	0.00415585 	
0.585	2.06363 	-0.0841535 	-1.58863 	0.000513027 	-0.100704 	0.00415016 	
0.59	2.06433 	-0.0843859 	-1.58857 	0.000499262 	-0.100742 	0.00414409 	
0.595	2.06488 	-0.0845902 	-1.58841 	0.000486916 	-0.100775 	0.00413831 	
0.6	2.06539 	-0.0847786 	-1.58825 	0.000475451 	-0.100805 	0.00413289 	
0.605	2.06394 	-0.0834298 	-1.5909 	0.000541985 	-0.100839 	0.00412352 	
0.61	2.0648 	-0.0836751 	-1.59094 	0.000527627 	-0.100883 	0.00411755 	
0.615	2.06552 	-0.083917 	-1.59087 	0.000513273 	-0.100923 	0.00411116 	
0.62	2.06609 	-0.0841295 	-1.59071 	0.000500407 	-0.100956 	0.00410507 	
0.625	2.06497 	-0.0830446 	-1.59292 	0.000553791 	-0.100991 	0.00409618 	
0.63	2.0658 	-0.083296 	-1.59291 	0.000538962 	-0.101035 	0.00408978 	
0.635	2.06651 	-0.0835421 	-1.59281 	0.000524287 	-0.101074 	0.00408312 	
0.64	2.0671 	-0.0837607 	-1.59265 	0.000511031 	-0.101109 	0.0040768 	
0.645	2.06598 	-0.0826813 	-1.59486 	0.00056442 	-0.101145 	0.00406808 	
0.65	2.06682 	-0.0829384 	-1.59485 	0.000549222 	-0.101189 	0.00406146 	
0.655	2.06755 	-0.0831898 	-1.59475 	0.000534196 	-0.10123 	0.00405458 	
0.66	2.06815 	-0.0834132 	-1.59458 	0.000520619 	-0.101265 	0.00404806 	
0.665	2.06701 	-0.0823151 	-1.59685 	0.000575277 	-0.101302 	0.0040395 	
0.67	2.06788 	-0.0825782 	-1.59684 	0.000559694 	-0.101347 	0.00403268 	
0.675	2.06862 	-0.0828355 	-1.59674 	0.000544291 	-0.101389 	0.00402558 	
0.68	2.06924 	-0.0830639 	-1.59657 	0.000530377 	-0.101425 	0.00401885 	
0.685	2.06807 	-0.0819463 	-1.59889 	0.000586376 	-0.101463 	0.00401047 	
0.69	2.06904 	-0.0823294 	-1.59901 	0.000579223 	-0.10152 	0.00399069 	
0.695	2.06981 	-0.0825928 	-1.59891 	0.000563422 	-0.101563 	0.00398335 	
0.7	2.07044 	-0.0828266 	-1.59873 	0.000549153 	-0.1016 	0.00397639 	
0.705	2.06924 	-0.0816905 	-1.6011 	0.000606445 	-0.101638 	0.00396821 	
0.71	2.07015 	-0.0819666 	-1.6011 	0.000590037 	-0.101686 	0.00396094 	
0.715	2.07093 	-0.0822364 	-1.601 	0.000573823 	-0.10173 	0.00395336 	
0.72	2.07158 	-0.0824757 	-1.60081 	0.000559187 	-0.101767 	0.00394616 	
0.725	2.07035 	-0.0813228 	-1.60324 	0.000617732 	-0.101807 	0.00393821 	
0.73	2.07128 	-0.0816056 	-1.60324 	0.000600893 	-0.101855 	0.0039307 	
0.735	2.07209 	-0.0818818 	-1.60313 	0.000584259 	-0.1019 	0.00392286 	
0.74	2.07274 	-0.0821268 	-1.60294 	0.000569248 	-0.101938 	0.00391542 	
0.745	2.07149 	-0.0809584 	-1.60542 	0.000628999 	-0.101978 	0.00390773 	
0.75	2.07244 	-0.081248 	-1.60542 	0.000611726 	-0.102028 	0.00389998 	
0.755	2.07326 	-0.0815308 	-1.60531 	0.000594666 	-0.102074 	0.00389188 	
0.76	2.07393 	-0.0817815 	-1.60512 	0.000579275 	-0.102113 	0.00388418 	
0.765	2.07265 	-0.080599 	-1.60765 	0.000640189 	-0.102154 	0.00387678 	
0.77	2.07363 	-0.0808953 	-1.60765 	0.000622478 	-0.102205 	0.00386879 	
0.775	2.07447 	-0.0811846 	-1.60754 	0.00060499 	-0.102251 	0.00386042 	
0.78	2.07515 	-0.0814411 	-1.60734 	0.000589217 	-0.102291 	0.00385247 	
0.785	2.07384 	-0.0802457 	-1.60991 	0.000651253 	-0.102333 	0.00384537 	
0.79	2.07484 	-0.0805488 	-1.60992 	0.000633103 	-0.102385 	0.00383713 	
0.795	2.07569 	-0.0808446 	-1.60981 	0.000615188 	-0.102432 	0.0038285 	
0.8	2.07639 	-0.0811068 	-1.60961 	0.000599033 	-0.102473 	0.00382029 	
0.805	2.07506 	-0.0798999 	-1.61222 	0.000662148 	-0.102515 	0.00381353 	
0.81	2.07608 	-0.0802097 	-1.61223 	0.000643563 	-0.102568 	0.00380504 	
0.815	2.07695 	-0.0805119 	-1.61212 	0.000625222 	-0.102616 	0.00379614 	
0.82	2.07765 	-0.0807797 	-1.61191 	0.000608686 	-0.102658 	0.00378766 	
0.825	2.0763 	-0.0795625 	-1.61457 	0.000672839 	-0.102701 	0.00378128 	
0.83	2.07733 	-0.0798789 	-1.61458 	0.000653821 	-0.102755 	0.00377254 	
0.835	2.07822 	-0.0801875 	-1.61447 	0.000635057 	-0.102804 	0.00376336 	
0.84	2.07894 	-0.0804609 	-1.61425 	0.000618144 	-0.102846 	0.00375462 	
0.845	2.07756 	-0.0792346 	-1.61696 	0.000683295 	-0.102889 	0.00374864 	
0.85	2.07862 	-0.0795575 	-1.61697 	0.000663848 	-0.102944 	0.00373964 	
0.855	2.07952 	-0.0798724 	-1.61685 	0.000644666 	-0.102994 	0.00373019 	
0.86	2.08024 	-0.0801512 	-1.61663 	0.000627378 	-0.103037 	0.00372119 	
0.865	2.07884 	-0.0789172 	-1.61938 	0.000693486 	-0.103081 	0.00371563 	
0.87	2.07992 	-0.0792465 	-1.61939 	0.000673615 	-0.103137 	0.00370638 	
0.875	2.08083 	-0.0795674 	-1.61928 	0.00065402 	-0.103188 	0.00369665 	
0.88	2.08157 	-0.0798516 	-1.61905 	0.000636362 	-0.103231 	0.00368738 	
0.885	2.08015 	-0.078611 	-1.62184 	0.000703386 	-0.103276 	0.00368228 	
0.89	2.08124 	-0.0789465 	-1.62185 	0.000683097 	-0.103333 	0.00367278 	
0.895	2.08217 	-0.0792735 	-1.62173 	0.000663094 	-0.103384 	0.00366278 	
0.9	2.08292 	-0.079563 	-1.6215 	0.000645071 	-0.103428 	0.00365324 	
0.905	2.08148 	-0.078317 	-1.62433 	0.00071297 	-0.103473 	0.00364863 	
0.91	2.08259 	-0.0786586 	-1.62434 	0.00069227 	-0.103531 	0.00363887 	
0.915	2.08321 	-0.0785841 	-1.62376 	0.000640366 	-0.103542 	0.00367498 	
0.92	2.08228 	-0.0777005 	-1.62591 	0.000688399 	-0.103589 	0.00366904 	
0.925	2.0833 	-0.0780454 	-1.62584 	0.000667341 	-0.103644 	0.00365867 	
0.93	2.08421 	-0.0783787 	-1.62569 	0.00064681 	-0.103695 	0.00364812 	
0.935	2.08498 	-0.0786771 	-1.62546 	0.000628165 	-0.10374 	0.00363814 	
0.94	2.08355 	-0.0774588 	-1.62827 	0.000695602 	-0.103786 	0.00363436 	
0.945	2.08468 	-0.0778082 	-1.62828 	0.000674334 	-0.103845 	0.0036242 	
0.95	2.08563 	-0.0781483 	-1.62816 	0.000653388 	-0.103898 	0.00361351 	
0.955	2.08468 	-0.0772649 	-1.63035 	0.000702229 	-0.103946 	0.00360823 	
0.96	2.08573 	-0.0776178 	-1.63029 	0.0006806 	-0.104002 	0.00359747 	
0.965	2.08665 	-0.0779586 	-1.63013 	0.000659513 	-0.104054 	0.00358649 	
0.97	2.08573 	-0.077107 	-1.63228 	0.000706895 	-0.104102 	0.00358135 	
0.975	2.08678 	-0.0774619 	-1.63221 	0.000685085 	-0.104158 	0.00357042 	
0.98	2.08771 	-0.0778046 	-1.63205 	0.000663843 	-0.10421 	0.00355931 	
0.985	2.08679 	-0.0769552 	-1.63421 	0.000711459 	-0.104258 	0.00355448 	
0.99	2.08785 	-0.0773124 	-1.63414 	0.000689472 	-0.104315 	0.00354342 	
0.995	2.08878 	-0.0776572 	-1.63398 	0.000668057 	-0.104367 	0.00353216 	
1	2.08785 	-0.076808 	-1.63615 	0.000716042 	-0.104416 	0.00352768 	
1.005	2.08892 	-0.0771676 	-1.63608 	0.000693865 	-0.104473 	0.00351647 	
1.01	2.08986 	-0.0775147 	-1.63592 	0.000672264 	-0.104525 	0.00350506 	
1.015	2.08892 	-0.076666 	-1.63811 	0.000720602 	-0.104575 	0.00350092 	
1.02	2.08999 	-0.0770283 	-1.63805 	0.000698224 	-0.104632 	0.00348956 	
1.025	2.09094 	-0.0773779 	-1.63789 	0.000676425 	-0.104685 	0.00347799 	
1.03	2.08999 	-0.0765304 	-1.64009 	0.000725086 	-0.104734 	0.00347419 	
1.035	2.09107 	-0.0768954 	-1.64003 	0.000702499 	-0.104792 	0.00346268 	
1.04	2.09203 	-0.0772477 	-1.63987 	0.000680496 	-0.104845 	0.00345095 	
1.045	2.09107 	-0.076402 	-1.64209 	0.000729451 	-0.104894 	0.00344749 	
1.05	2.09216 	-0.0767697 	-1.64202 	0.00070665 	-0.104952 	0.00343582 	
1.055	2.09312 	-0.0771247 	-1.64186 	0.000684439 	-0.105005 	0.00342393 	
1.06	2.09216 	-0.0762814 	-1.64409 	0.000733661 	-0.105055 	0.00342082 	
1.065	2.09325 	-0.076652 	-1.64403 	0.000710645 	-0.105113 	0.00340898 	
1.07	2.09421 	-0.0770096 	-1.64386 	0.000688222 	-0.105167 	0.00339692 	
1.075	2.09325 	-0.0761694 	-1.64611 	0.000737688 	-0.105217 	0.00339416 	
1.08	2.09434 	-0.0765427 	-1.64604 	0.000714454 	-0.105275 	0.00338216 	
1.085	2.09531 	-0.0769031 	-1.64588 	0.00069182 	-0.105329 	0.00336993 	
1.09	2.09434 	-0.0760663 	-1.64813 	0.000741504 	-0.105379 	0.00336752 	
1.095	2.09544 	-0.0764424 	-1.64807 	0.000718054 	-0.105438 	0.00335536 	
1.1	2.09642 	-0.0768055 	-1.64791 	0.000695209 	-0.105492 	0.00334295 	
1.105	2.09544 	-0.0759726 	-1.65017 	0.00074509 	-0.105542 	0.00334091 	
1.11	2.09655 	-0.0763515 	-1.65011 	0.000721425 	-0.105602 	0.00332858 	
1.115	2.09753 	-0.0767172 	-1.64994 	0.000698372 	-0.105656 	0.00331601 	
1.12	2.09654 	-0.0758888 	-1.65222 	0.000748428 	-0.105706 	0.00331432 	
1.125	2.09765 	-0.0762704 	-1.65215 	0.00072455 	-0.105766 	0.00330184 	
1.13	2.09864 	-0.0766386 	-1.65199 	0.000701292 	-0.10582 	0.00328909 	
1.135	2.09765 	-0.075815 	-1.65427 	0.000751501 	-0.10587 	0.00328778 	
1.14	2.09876 	-0.0761992 	-1.6542 	0.000727416 	-0.10593 	0.00327513 	
1.145	2.09975 	-0.07657 	-1.65404 	0.000703955 	-0.105985 	0.00326222 	
1.15	2.09875 	-0.0757517 	-1.65633 	0.000754298 	-0.106035 	0.00326127 	
1.155	2.09987 	-0.0761384 	-1.65626 	0.000730008 	-0.106095 	0.00324846 	
1.16	2.10086 	-0.0765117 	-1.6561 	0.00070635 	-0.10615 	0.00323539 	
1.165	2.09986 	-0.075699 	-1.65839 	0.000756806 	-0.1062 	0.00323482 	
1.17	2.10099 	-0.0760882 	-1.65833 	0.000732317 	-0.10626 	0.00322185 	
1.175	2.10198 	-0.0764638 	-1.65816 	0.000708466 	-0.106315 	0.00320862 	
1.18	2.10097 	-0.0756572 	-1.66046 	0.000759015 	-0.106366 	0.00320843 	
1.185	2.1021 	-0.0760487 	-1.66039 	0.000734334 	-0.106426 	0.00319531 	
1.19	2.10373 	-0.0772485 	-1.66118 	0.000773269 	-0.106563 	0.00308641 	
1.195	2.10272 	-0.0764481 	-1.66349 	0.000823831 	-0.106614 	0.00308654 	
1.2	2.10385 	-0.0768419 	-1.66342 	0.000798962 	-0.106674 	0.00307327 	
1.205	2.10484 	-0.0772218 	-1.66325 	0.000774742 	-0.106729 	0.00305971 	
1.21	2.10383 	-0.0764282 	-1.66556 	0.000825358 	-0.10678 	0.00306023 	
1.215	2.10496 	-0.0768241 	-1.6655 	0.000800308 	-0.10684 	0.00304681 	
1.22	2.10596 	-0.0772061 	-1.66533 	0.000775913 	-0.106895 	0.0030331 	
1.225	2.10494 	-0.0764196 	-1.66764 	0.000826563 	-0.106946 	0.00303401 	
1.23	2.10608 	-0.0768175 	-1.66757 	0.000801339 	-0.107007 	0.00302044 	
1.235	2.10708 	-0.0772014 	-1.6674 	0.000776775 	-0.107062 	0.00300659 	
1.24	2.10606 	-0.0764224 	-1.66972 	0.00082744 	-0.107113 	0.00300789 	
1.245	2.10719 	-0.0768222 	-1.66965 	0.000802049 	-0.107173 	0.00299418 	
1.25	2.10819 	-0.0772079 	-1.66948 	0.000777323 	-0.107228 	0.00298018 	
1.255	2.10717 	-0.0764367 	-1.6718 	0.000827985 	-0.107279 	0.00298188 	
1.26	2.10831 	-0.0768382 	-1.67173 	0.000802434 	-0.10734 	0.00296803 	
1.265	2.10931 	-0.0772256 	-1.67156 	0.000777552 	-0.107395 	0.00295388 	
1.27	2.10828 	-0.0764626 	-1.67388 	0.000828192 	-0.107446 	0.00295598 	
1.275	2.10942 	-0.0768657 	-1.67381 	0.000802488 	-0.107506 	0.002942 	
1.28	2.11042 	-0.0772547 	-1.67364 	0.000777459 	-0.107561 	0.00292772 	
1.285	2.1094 	-0.0765 	-1.67595 	0.000828057 	-0.107612 	0.00293021 	
1.29	2.11053 	-0.0769047 	-1.67589 	0.000802209 	-0.107672 	0.00291609 	
1.295	2.11153 	-0.0772951 	-1.67571 	0.000777039 	-0.107727 	0.00290168 	
1.3	2.11051 	-0.0765492 	-1.67803 	0.000827577 	-0.107778 	0.00290457 	
1.305	2.11164 	-0.0769552 	-1.67796 	0.000801592 	-0.107839 	0.00289033 	
1.31	2.11264 	-0.0773469 	-1.67779 	0.00077629 	-0.107894 	0.0028758 	
1.315	2.11161 	-0.0766099 	-1.6801 	0.000826749 	-0.107944 	0.00287908 	
1.32	2.11275 	-0.0770172 	-1.68003 	0.000800635 	-0.108005 	0.00286472 	
1.325	2.11374 	-0.0774101 	-1.67986 	0.000775209 	-0.108059 	0.00285006 	
1.33	2.11272 	-0.0766823 	-1.68217 	0.00082557 	-0.10811 	0.00285374 	
1.335	2.11385 	-0.0770907 	-1.6821 	0.000799336 	-0.10817 	0.00283927 	
1.34	2.11485 	-0.0774846 	-1.68192 	0.000773794 	-0.108225 	0.00282449 	
1.345	2.11382 	-0.0767664 	-1.68423 	0.000824038 	-0.108276 	0.00282857 	
1.35	2.11495 	-0.0771757 	-1.68416 	0.000797693 	-0.108336 	0.00281398 	
1.355	2.11594 	-0.0775706 	-1.68399 	0.000772043 	-0.10839 	0.0027991 	
1.36	2.11492 	-0.076862 	-1.68629 	0.000822152 	-0.108441 	0.00280356 	
1.365	2.11604 	-0.0772722 	-1.68622 	0.000795704 	-0.108501 	0.00278887 	
1.37	2.11704 	-0.0776678 	-1.68604 	0.000769955 	-0.108555 	0.00277388 	
1.375	2.11601 	-0.0769692 	-1.68834 	0.00081991 	-0.108606 	0.00277873 	
1.38	2.11714 	-0.07738 	-1.68827 	0.000793369 	-0.108665 	0.00276395 	
1.385	2.11813 	-0.0777763 	-1.68809 	0.000767529 	-0.108719 	0.00274886 	
1.39	2.1171 	-0.0770878 	-1.69038 	0.000817312 	-0.10877 	0.00275409 	
1.395	2.11822 	-0.0774992 	-1.69031 	0.000790686 	-0.108829 	0.00273921 	
1.4	2.11921 	-0.077896 	-1.69014 	0.000764764 	-0.108883 	0.00272403 	
1.405	2.11819 	-0.0772179 	-1.69242 	0.000814357 	-0.108933 	0.00272965 	
1.41	2.1193 	-0.0776296 	-1.69235 	0.000787656 	-0.108993 	0.00271468 	
1.415	2.12029 	-0.0780267 	-1.69217 	0.000761662 	-0.109046 	0.00269941 	
1.42	2.11927 	-0.0773592 	-1.69444 	0.000811045 	-0.109096 	0.0027054 	
1.425	2.12038 	-0.0777712 	-1.69437 	0.000784279 	-0.109155 	0.00269035 	
1.43	2.12136 	-0.0781685 	-1.6942 	0.000758221 	-0.109209 	0.00267501 	
1.435	2.12034 	-0.0775116 	-1.69646 	0.000807377 	-0.109259 	0.00268137 	
1.44	2.12097 	-0.077291 	-1.69564 	0.000732635 	-0.109254 	0.00274093 	
1.445	2.12195 	-0.0776884 	-1.69547 	0.000706524 	-0.109308 	0.0027255 	
1.45	2.12093 	-0.0770426 	-1.69772 	0.00075548 	-0.109357 	0.00273228 	
1.455	2.12204 	-0.0774547 	-1.69765 	0.000728612 	-0.109415 	0.00271708 	
1.46	2.12301 	-0.077852 	-1.69747 	0.000702457 	-0.109469 	0.00270159 	
1.465	2.122 	-0.0772172 	-1.69971 	0.00075115 	-0.109518 	0.00270872 	
1.47	2.12309 	-0.077629 	-1.69964 	0.000724245 	-0.109576 	0.00269346 	
1.475	2.12406 	-0.0780262 	-1.69947 	0.000698055 	-0.109629 	0.00267791 	
1.48	2.12305 	-0.0774025 	-1.7017 	0.000746466 	-0.109678 	0.00268539 	
1.485	2.12414 	-0.077814 	-1.70162 	0.000719536 	-0.109736 	0.00267008 	
1.49	2.12511 	-0.0782107 	-1.70145 	0.000693321 	-0.109788 	0.00265447 	
1.495	2.1241 	-0.0775984 	-1.70366 	0.000741433 	-0.109837 	0.0026623 	
1.5	2.12519 	-0.0780093 	-1.70359 	0.000714487 	-0.109894 	0.00264693 	
1.505	2.12615 	-0.0784056 	-1.70342 	0.000688258 	-0.109947 	0.00263128 	
1.51	2.12515 	-0.0778047 	-1.70562 	0.000736052 	-0.109995 	0.00263945 	
1.515	2.12623 	-0.0782149 	-1.70555 	0.000709101 	-0.110052 	0.00262404 	
1.52	2.12718 	-0.0786105 	-1.70537 	0.000682867 	-0.110104 	0.00260835 	
1.525	2.12618 	-0.0780211 	-1.70756 	0.000730326 	-0.110152 	0.00261684 	
1.53	2.12725 	-0.0784305 	-1.70749 	0.000703381 	-0.110209 	0.00260139 	
1.535	2.1282 	-0.0788253 	-1.70732 	0.000677152 	-0.11026 	0.00258567 	
1.54	2.12721 	-0.0782475 	-1.70949 	0.000724259 	-0.110308 	0.00259448 	
1.545	2.12827 	-0.078656 	-1.70941 	0.00069733 	-0.110364 	0.002579 	
1.55	2.12922 	-0.0790498 	-1.70924 	0.000671118 	-0.110416 	0.00256325 	
1.555	2.12823 	-0.0784837 	-1.7114 	0.000717854 	-0.110463 	0.00257237 	
1.56	2.12929 	-0.078891 	-1.71133 	0.000690952 	-0.110519 	0.00255687 	
1.565	2.13022 	-0.0792837 	-1.71115 	0.000664767 	-0.11057 	0.00254111 	
1.57	2.12924 	-0.0787294 	-1.71329 	0.000711116 	-0.110617 	0.00255052 	
1.575	2.13029 	-0.0791353 	-1.71322 	0.000684252 	-0.110672 	0.00253501 	
1.58	2.13122 	-0.0795268 	-1.71305 	0.000658104 	-0.110723 	0.00251923 	
1.585	2.13025 	-0.0789843 	-1.71517 	0.000704049 	-0.110769 	0.00252894 	
1.59	2.13128 	-0.0793887 	-1.7151 	0.000677234 	-0.110824 	0.00251341 	
1.595	2.1322 	-0.0797788 	-1.71492 	0.000651134 	-0.110874 	0.00249764 	
1.6	2.13299 	-0.0801276 	-1.71467 	0.00062746 	-0.110918 	0.00248279 	
1.605	2.13147 	-0.0793079 	-1.71749 	0.000695383 	-0.110964 	0.00250137 	
1.61	2.13259 	-0.0797115 	-1.7175 	0.000668741 	-0.111021 	0.00248655 	
1.615	2.13354 	-0.0801044 	-1.71736 	0.000642477 	-0.111073 	0.00247087 	
1.62	2.13253 	-0.0795639 	-1.71951 	0.000689472 	-0.111118 	0.00248192 	
1.625	2.13356 	-0.0799678 	-1.71944 	0.000662605 	-0.111173 	0.00246631 	
1.63	2.13446 	-0.0803576 	-1.71927 	0.000636431 	-0.111222 	0.00245041 	
1.635	2.13523 	-0.080706 	-1.71902 	0.0006127 	-0.111265 	0.00243545 	
1.64	2.13374 	-0.0799239 	-1.72178 	0.000679232 	-0.111309 	0.00245473 	
1.645	2.13483 	-0.0803257 	-1.72178 	0.000652604 	-0.111366 	0.0024398 	
1.65	2.13576 	-0.0807169 	-1.72164 	0.000626359 	-0.111416 	0.00242405 	
1.655	2.13652 	-0.0810632 	-1.72139 	0.000602713 	-0.111459 	0.00240909 	
1.66	2.135 	-0.0802798 	-1.72417 	0.000670235 	-0.111502 	0.00242944 	
1.665	2.13608 	-0.0806813 	-1.72418 	0.000643586 	-0.111559 	0.00241449 	
1.67	2.13701 	-0.0810723 	-1.72405 	0.000617299 	-0.111608 	0.00239868 	
1.675	2.13776 	-0.0814184 	-1.7238 	0.000593625 	-0.11165 	0.00238365 	
1.68	2.13625 	-0.080657 	-1.72654 	0.000660258 	-0.111693 	0.00240433 	
1.685	2.13732 	-0.0810573 	-1.72655 	0.000633629 	-0.111749 	0.00238932 	
1.69	2.13823 	-0.0814473 	-1.72641 	0.000607364 	-0.111798 	0.00237347 	
1.695	2.13897 	-0.0817924 	-1.72616 	0.000583707 	-0.111839 	0.00235843 	
1.7	2.13748 	-0.0810549 	-1.72887 	0.000649256 	-0.111882 	0.00237934 	
1.705	2.13854 	-0.0814532 	-1.72887 	0.000622703 	-0.111937 	0.00236431 	
1.71	2.13944 	-0.0818411 	-1.72873 	0.000596519 	-0.111985 	0.00234846 	
1.715	2.14067 	-0.0828611 	-1.72929 	0.000623507 	-0.112094 	0.00225259 	
1.72	2.13921 	-0.0821471 	-1.73195 	0.000687883 	-0.112136 	0.00227367 	
1.725	2.14024 	-0.0825426 	-1.73195 	0.000661457 	-0.112189 	0.00225865 	
1.73	2.14113 	-0.0829278 	-1.73181 	0.000635401 	-0.112237 	0.00224284 	
1.735	2.14185 	-0.0832691 	-1.73156 	0.000611921 	-0.112277 	0.00222785 	
1.74	2.14041 	-0.0825784 	-1.73418 	0.000675159 	-0.112319 	0.00224913 	
1.745	2.14142 	-0.0829705 	-1.73417 	0.000648903 	-0.112371 	0.00223415 	
1.75	2.14229 	-0.0833524 	-1.73403 	0.000623018 	-0.112418 	0.0022184 	
1.755	2.14301 	-0.0836908 	-1.73379 	0.000599687 	-0.112458 	0.00220349 	
1.76	2.14159 	-0.0830232 	-1.73636 	0.000661761 	-0.112499 	0.00222492 	
1.765	2.14258 	-0.0834113 	-1.73635 	0.000635713 	-0.11255 	0.00221001 	
1.77	2.14344 	-0.0837894 	-1.73621 	0.000610034 	-0.112596 	0.00219435 	
1.775	2.14414 	-0.0841246 	-1.73597 	0.000586885 	-0.112635 	0.00217954 	
1.78	2.14275 	-0.0834797 	-1.73849 	0.000647766 	-0.112675 	0.00220109 	
1.785	2.14372 	-0.0838634 	-1.73848 	0.00062196 	-0.112726 	0.00218627 	
1.79	2.14456 	-0.0842372 	-1.73834 	0.000596519 	-0.112771 	0.00217073 	
1.795	2.14526 	-0.0845687 	-1.73811 	0.000573581 	-0.11281 	0.00215603 	
1.8	2.14389 	-0.0839465 	-1.74058 	0.000633237 	-0.112849 	0.00217768 	
1.805	2.14484 	-0.0843253 	-1.74056 	0.000607703 	-0.112899 	0.00216296 	
1.81	2.14567 	-0.0846944 	-1.74043 	0.000582532 	-0.112943 	0.00214756 	
1.815	2.14635 	-0.0850218 	-1.7402 	0.000559832 	-0.112981 	0.00213301 	
1.82	2.14501 	-0.0844219 	-1.74262 	0.000618228 	-0.113019 	0.0021547 	
1.825	2.14594 	-0.0847955 	-1.7426 	0.000592995 	-0.113068 	0.00214011 	
1.83	2.14675 	-0.0851595 	-1.74246 	0.00056812 	-0.113111 	0.00212487 	
1.835	2.14742 	-0.0854826 	-1.74224 	0.000545684 	-0.113148 	0.00211047 	
1.84	2.14611 	-0.0849049 	-1.7446 	0.000602787 	-0.113186 	0.00213218 	
1.845	2.14702 	-0.0852728 	-1.74458 	0.000577881 	-0.113234 	0.00211773 	
1.85	2.14781 	-0.0856315 	-1.74445 	0.000553328 	-0.113276 	0.00210266 	
1.855	2.14847 	-0.0859498 	-1.74423 	0.000531179 	-0.113312 	0.00208843 	
1.86	2.14719 	-0.085394 	-1.74654 	0.000586953 	-0.113349 	0.00211011 	
1.865	2.14808 	-0.085756 	-1.74651 	0.0005624 	-0.113396 	0.00209582 	
1.87	2.14885 	-0.0861089 	-1.74638 	0.000538195 	-0.113437 	0.00208094 	
1.875	2.1495 	-0.0864223 	-1.74617 	0.000516355 	-0.113473 	0.00206691 	
1.88	2.14825 	-0.0858883 	-1.74842 	0.000570765 	-0.113509 	0.0020885 	
1.885	2.14911 	-0.086244 	-1.7484 	0.000546589 	-0.113554 	0.0020744 	
1.89	2.14987 	-0.0865908 	-1.74827 	0.000522756 	-0.113595 	0.00205972 	
1.895	2.1505 	-0.0868989 	-1.74806 	0.000501247 	-0.11363 	0.0020459 	
1.9	2.14928 	-0.0863865 	-1.75026 	0.000554258 	-0.113665 	0.00206737 	
1.905	2.15013 	-0.0867356 	-1.75023 	0.000530483 	-0.113709 	0.00205345 	
1.91	2.15087 	-0.0870761 	-1.7501 	0.000507044 	-0.113749 	0.00203901 	
1.915	2.15149 	-0.0873786 	-1.74989 	0.000485887 	-0.113783 	0.00202541 	
1.92	2.1503 	-0.0868875 	-1.75204 	0.000537465 	-0.113818 	0.0020467 	
1.925	2.15112 	-0.0872297 	-1.752 	0.000514113 	-0.11386 	0.002033 	
1.93	2.15184 	-0.0875635 	-1.75188 	0.000491092 	-0.113899 	0.00201879 	
1.935	2.15244 	-0.0878603 	-1.75168 	0.000470308 	-0.113932 	0.00200543 	
1.94	2.15301 	-0.0881323 	-1.75147 	0.000451142 	-0.113964 	0.00199302 	
1.945	2.15145 	-0.0874773 	-1.75406 	0.000517978 	-0.113997 	0.00202249 	
1.95	2.15231 	-0.0878121 	-1.75409 	0.000495226 	-0.114041 	0.0020096 	
1.955	2.15303 	-0.0881418 	-1.754 	0.000472517 	-0.114079 	0.00199574 	
1.96	2.15362 	-0.0884323 	-1.7538 	0.000452136 	-0.114111 	0.00198262 	
1.965	2.15417 	-0.0886986 	-1.7536 	0.000433343 	-0.114142 	0.00197043 	
1.97	2.15254 	-0.0879511 	-1.75601 	0.000491076 	-0.114163 	0.00201343 	
1.975	2.15337 	-0.0882796 	-1.75604 	0.000468721 	-0.114205 	0.00200073 	
1.98	2.15408 	-0.0886032 	-1.75594 	0.000446391 	-0.114243 	0.00198708 	
1.985	2.15465 	-0.0888885 	-1.75575 	0.00042635 	-0.114274 	0.00197416 	
1.99	2.15518 	-0.08915 	-1.75556 	0.000407871 	-0.114303 	0.00196217 	
1.995	2.1537 	-0.0885482 	-1.75801 	0.000471221 	-0.114334 	0.00199119 	
2	2.15449 	-0.0888689 	-1.75802 	0.000449343 	-0.114375 	0.00197868 	
2.005	2.15517 	-0.089185 	-1.75793 	0.000427495 	-0.114411 	0.0019653 	
2.01	2.15573 	-0.0894639 	-1.75775 	0.000407876 	-0.114442 	0.00195265 	
2.015	2.15624 	-0.0897196 	-1.75756 	0.000389786 	-0.11447 	0.0019409 	
2.02	2.15482 	-0.0891534 	-1.75991 	0.00045039 	-0.1145 	0.00196913 	
2.025	2.15558 	-0.0894652 	-1.75992 	0.000429073 	-0.114539 	0.00195687 	
2.03	2.15624 	-0.0897725 	-1.75983 	0.000407793 	-0.114574 	0.0019438 	
2.035	2.15677 	-0.090044 	-1.75965 	0.000388672 	-0.114603 	0.00193147 	
2.04	2.15727 	-0.0902928 	-1.75947 	0.00037104 	-0.114631 	0.00192003 	
2.045	2.15591 	-0.0897614 	-1.76171 	0.000428856 	-0.114659 	0.0019474 	
2.05	2.15664 	-0.0900632 	-1.76172 	0.000408172 	-0.114697 	0.00193543 	
2.055	2.15727 	-0.0903609 	-1.76163 	0.000387527 	-0.11473 	0.00192273 	
2.06	2.15778 	-0.090624 	-1.76146 	0.000368966 	-0.114759 	0.00191076 	
2.065	2.15827 	-0.0908653 	-1.76128 	0.00035185 	-0.114785 	0.00189966 	
2.07	2.15872 	-0.0910864 	-1.76111 	0.000336075 	-0.11481 	0.00188936 	
2.075	2.1571 	-0.0904465 	-1.76365 	0.000404568 	-0.114837 	0.00192301 	
2.08	2.15784 	-0.0907373 	-1.7637 	0.000384709 	-0.114874 	0.00191186 	
2.085	2.15846 	-0.0910267 	-1.76363 	0.000364658 	-0.114907 	0.00189965 	
2.09	2.15895 	-0.0912807 	-1.76347 	0.000346723 	-0.114934 	0.00188809 	
2.095	2.15941 	-0.0915136 	-1.7633 	0.000330185 	-0.114959 	0.00187735 	
2.1	2.15984 	-0.091727 	-1.76314 	0.000314941 	-0.114983 	0.00186739 	
2.105	2.15829 	-0.0911244 	-1.76557 	0.000380427 	-0.115009 	0.00190009 	
2.11	2.15899 	-0.0914042 	-1.76561 	0.000361284 	-0.115044 	0.00188928 	
2.115	2.15958 	-0.0916828 	-1.76554 	0.000341948 	-0.115075 	0.00187748 	
2.12	2.16004 	-0.0919277 	-1.76539 	0.000324643 	-0.115101 	0.00186632 	
2.125	2.16048 	-0.0921523 	-1.76523 	0.000308684 	-0.115125 	0.00185597 	
2.13	2.1609 	-0.0923581 	-1.76507 	0.000293973 	-0.115148 	0.00184636 	
2.135	2.15945 	-0.0918055 	-1.76735 	0.000355058 	-0.115172 	0.0018773 	
2.14	2.1601 	-0.0920723 	-1.76738 	0.00033675 	-0.115205 	0.00186685 	
2.145	2.16065 	-0.0923383 	-1.76731 	0.000318266 	-0.115234 	0.00185554 	
2.15	2.1611 	-0.0925724 	-1.76717 	0.000301704 	-0.115258 	0.00184487 	
2.155	2.16151 	-0.0927872 	-1.76702 	0.000286431 	-0.115281 	0.00183498 	
2.16	2.16191 	-0.0929841 	-1.76688 	0.000272349 	-0.115303 	0.0018258 	
2.165	2.16228 	-0.0931644 	-1.76673 	0.000259373 	-0.115323 	0.00181728 	
2.17	2.16067 	-0.0925501 	-1.76916 	0.000326752 	-0.115345 	0.0018523 	
2.175	2.1613 	-0.0928021 	-1.76922 	0.000309511 	-0.115377 	0.00184269 	
2.18	2.16184 	-0.0930554 	-1.76917 	0.000291919 	-0.115405 	0.00183201 	
2.185	2.16225 	-0.0932773 	-1.76904 	0.000276221 	-0.115428 	0.00182191 	
2.19	2.16264 	-0.0934808 	-1.7689 	0.000261742 	-0.115449 	0.00181253 	
2.195	2.16301 	-0.0936674 	-1.76877 	0.000248392 	-0.115469 	0.00180384 	
2.2	2.16336 	-0.0938385 	-1.76863 	0.000236087 	-0.115488 	0.00179577 	
2.205	2.16188 	-0.0932822 	-1.77087 	0.000298063 	-0.115509 	0.00182843 	
2.21	2.16245 	-0.0935182 	-1.77092 	0.000281869 	-0.115538 	0.00181929 	
2.215	2.16294 	-0.0937559 	-1.77087 	0.000265347 	-0.115564 	0.00180922 	
2.22	2.16333 	-0.0939645 	-1.77075 	0.000250583 	-0.115585 	0.00179974 	
2.225	2.1637 	-0.0941559 	-1.77063 	0.000236964 	-0.115605 	0.00179094 	
2.23	2.16404 	-0.0943316 	-1.77051 	0.000224404 	-0.115623 	0.00178277 	
2.235	2.16436 	-0.0944926 	-1.77038 	0.000212826 	-0.115641 	0.0017752 	
2.24	2.16466 	-0.09464 	-1.77026 	0.000202156 	-0.115658 	0.00176818 	
2.245	2.16313 	-0.0940642 	-1.77252 	0.000266175 	-0.115676 	0.00180259 	
2.25	2.16367 	-0.0942813 	-1.77258 	0.000251307 	-0.115703 	0.00179432 	
2.255	2.16402 	-0.0943574 	-1.77238 	0.000225418 	-0.115712 	0.0018025 	
2.26	2.16437 	-0.0945503 	-1.77227 	0.000211771 	-0.115732 	0.00179374 	
2.265	2.16471 	-0.0947274 	-1.77216 	0.00019918 	-0.11575 	0.00178563 	
2.27	2.16502 	-0.09489 	-1.77205 	0.000187564 	-0.115767 	0.0017781 	
2.275	2.16531 	-0.0950392 	-1.77195 	0.000176853 	-0.115783 	0.00177111 	
2.28	2.16559 	-0.0951758 	-1.77184 	0.000166979 	-0.115798 	0.00176464 	
2.285	2.16584 	-0.095301 	-1.77173 	0.00015788 	-0.115812 	0.00175863 	
2.29	2.16433 	-0.0947337 	-1.77392 	0.00022105 	-0.115828 	0.00179317 	
2.295	2.16482 	-0.0949291 	-1.77399 	0.000207688 	-0.115852 	0.00178579 	
2.3	2.16523 	-0.0951293 	-1.77397 	0.000193796 	-0.115873 	0.00177742 	
2.305	2.16554 	-0.0953041 	-1.77388 	0.000181443 	-0.115891 	0.00176952 	
2.31	2.16584 	-0.0954647 	-1.77379 	0.000170041 	-0.115907 	0.0017622 	
2.315	2.16612 	-0.0956123 	-1.7737 	0.000159519 	-0.115922 	0.0017554 	
2.32	2.16638 	-0.0957478 	-1.77361 	0.000149812 	-0.115936 	0.0017491 	
2.325	2.16662 	-0.0958721 	-1.77352 	0.00014086 	-0.115949 	0.00174326 	
2.33	2.16685 	-0.0959862 	-1.77342 	0.000132606 	-0.115962 	0.00173784 	
2.335	2.16707 	-0.0960906 	-1.77333 	0.000124997 	-0.115974 	0.00173282 	
2.34	2.16727 	-0.0961863 	-1.77324 	0.000117986 	-0.115985 	0.00172816 	
2.345	2.16746 	-0.0962738 	-1.77315 	0.000111528 	-0.115996 	0.00172383 	
2.35	2.16581 	-0.0956493 	-1.77547 	0.000180254 	-0.116008 	0.0017622 	
2.355	2.16625 	-0.0958174 	-1.77556 	0.000168855 	-0.11603 	0.00175619 	
2.36	2.16661 	-0.0959935 	-1.77557 	0.000156704 	-0.116048 	0.00174899 	
2.365	2.16688 	-0.0961458 	-1.7755 	0.000145981 	-0.116063 	0.00174217 	
2.37	2.16713 	-0.0962861 	-1.77543 	0.000136076 	-0.116076 	0.00173585 	
2.375	2.16736 	-0.0964151 	-1.77536 	0.00012693 	-0.116089 	0.00172999 	
2.38	2.16758 	-0.0965338 	-1.7753 	0.000118484 	-0.116101 	0.00172455 	
2.385	2.16779 	-0.0966429 	-1.77523 	0.000110688 	-0.116112 	0.00171951 	
2.39	2.16798 	-0.0967432 	-1.77516 	0.000103491 	-0.116122 	0.00171484 	
2.395	2.16816 	-0.0968354 	-1.77509 	9.68501e-05 	-0.116132 	0.0017105 	
2.4	2.16833 	-0.09692 	-1.77502 	9.07223e-05 	-0.116141 	0.00170648 	
2.405	2.16848 	-0.0969977 	-1.77496 	8.50692e-05 	-0.11615 	0.00170276 	
2.41	2.16863 	-0.097069 	-1.77489 	7.98548e-05 	-0.116158 	0.0016993 	
2.415	2.16877 	-0.0971344 	-1.77483 	7.5046e-05 	-0.116166 	0.0016961 	
2.42	2.1689 	-0.0971944 	-1.77477 	7.06118e-05 	-0.116173 	0.00169312 	
2.425	2.16902 	-0.0972493 	-1.77471 	6.65234e-05 	-0.11618 	0.00169037 	
2.43	2.16913 	-0.0972997 	-1.77465 	6.27538e-05 	-0.116186 	0.00168781 	
2.435	2.16924 	-0.0973459 	-1.77459 	5.92798e-05 	-0.116192 	0.00168544 	
2.44	2.16934 	-0.0973882 	-1.77453 	5.60777e-05 	-0.116198 	0.00168324 	
2.445	2.16943 	-0.0974269 	-1.77447 	5.31263e-05 	-0.116203 	0.0016812 	
2.45	2.16774 	-0.0967789 	-1.77677 	0.00012353 	-0.116211 	0.00172132 	
2.455	2.16808 	-0.0969041 	-1.7769 	0.000115209 	-0.116227 	0.00171726 	
2.46	2.16835 	-0.0970409 	-1.77694 	0.000105913 	-0.116241 	0.00171193 	
2.465	2.16854 	-0.0971579 	-1.77691 	9.78014e-05 	-0.116251 	0.00170687 	
2.47	2.16872 	-0.0972661 	-1.77688 	9.02947e-05 	-0.11626 	0.00170218 	
2.475	2.16888 	-0.0973661 	-1.77685 	8.33474e-05 	-0.116269 	0.00169783 	
2.48	2.16903 	-0.0974585 	-1.77683 	7.69174e-05 	-0.116277 	0.0016938 	
2.485	2.16917 	-0.0975439 	-1.7768 	7.09656e-05 	-0.116284 	0.00169006 	
2.49	2.16931 	-0.0976229 	-1.77677 	6.54559e-05 	-0.116291 	0.00168659 	
2.495	2.16943 	-0.0976959 	-1.77675 	6.03547e-05 	-0.116298 	0.00168338 	
2.5	2.16954 	-0.0977635 	-1.77673 	5.5631e-05 	-0.116304 	0.00168041 	
2.505	2.16965 	-0.0978261 	-1.7767 	5.12555e-05 	-0.11631 	0.00167765 	
2.51	2.16975 	-0.0978841 	-1.77668 	4.72011e-05 	-0.116315 	0.00167509 	
2.515	2.16984 	-0.0979379 	-1.77667 	4.34381e-05 	-0.11632 	0.00167272 	
2.52	2.16992 	-0.0979881 	-1.77665 	3.99283e-05 	-0.116324 	0.00167051 	
2.525	2.17 	-0.098035 	-1.77663 	3.66596e-05 	-0.116328 	0.00166846 	
2.53	2.17007 	-0.0980789 	-1.77662 	3.36013e-05 	-0.116332 	0.00166654 	
2.535	2.17014 	-0.0981201 	-1.7766 	3.07282e-05 	-0.116336 	0.00166474 	
2.54	2.17021 	-0.098159 	-1.77659 	2.80242e-05 	-0.11634 	0.00166305 	
2.545	2.16993 	-0.0977291 	-1.77601 	-8.63582e-06 	-0.116296 	0.00171798 	
2.55	2.16999 	-0.0977638 	-1.776 	-1.10441e-05 	-0.116299 	0.00171649 	
2.555	2.17005 	-0.0977956 	-1.77598 	-1.32649e-05 	-0.116302 	0.0017151 	
2.56	2.17011 	-0.0978257 	-1.77597 	-1.53652e-05 	-0.116305 	0.00171378 	
2.565	2.17016 	-0.0978551 	-1.77595 	-1.74053e-05 	-0.116308 	0.00171252 	
2.57	2.17022 	-0.0978839 	-1.77594 	-1.93942e-05 	-0.116311 	0.0017113 	
2.575	2.17027 	-0.0979123 	-1.77593 	-2.13444e-05 	-0.116314 	0.00171011 	
2.58	2.17032 	-0.0979404 	-1.77591 	-2.32677e-05 	-0.116316 	0.00170895 	
2.585	2.17032 	-0.0949026 	-1.77616 	0.000121421 	-0.11632 	0.00168531 	
2.59	2.1704 	-0.0950966 	-1.77617 	0.000109801 	-0.116327 	0.00168041 	
2.595	2.17047 	-0.0953296 	-1.77616 	9.60441e-05 	-0.116333 	0.00167457 	
2.6	2.17052 	-0.0955352 	-1.77614 	8.39607e-05 	-0.116337 	0.00166935 	
2.605	2.17058 	-0.0957283 	-1.77612 	7.25938e-05 	-0.116342 	0.00166443 	
2.61	2.17063 	-0.0959101 	-1.7761 	6.18825e-05 	-0.116346 	0.00165978 	
2.615	2.17069 	-0.0960815 	-1.77608 	5.17756e-05 	-0.11635 	0.00165537 	
2.62	2.17119 	-0.0926109 	-1.77573 	0.000204404 	-0.116355 	0.00161111 	
2.625	2.17125 	-0.0929479 	-1.77572 	0.000184915 	-0.116362 	0.00160323 	
2.63	2.17129 	-0.0933189 	-1.77569 	0.000163544 	-0.116368 	0.00159465 	
2.635	2.17131 	-0.0936516 	-1.77565 	0.000144384 	-0.116372 	0.0015869 	
2.64	2.17134 	-0.0939635 	-1.77562 	0.0001264 	-0.116376 	0.00157961 	
2.645	2.17183 	-0.0907547 	-1.77521 	0.000264951 	-0.116382 	0.00153302 	
2.65	2.17187 	-0.0912061 	-1.77518 	0.000239082 	-0.116389 	0.0015228 	
2.655	2.17189 	-0.0916816 	-1.77514 	0.000211881 	-0.116394 	0.0015121 	
2.66	2.17189 	-0.0921124 	-1.77509 	0.00018723 	-0.116399 	0.00150233 	
2.665	2.17234 	-0.0892011 	-1.77468 	0.000311225 	-0.116404 	0.00145549 	
2.67	2.17237 	-0.0897462 	-1.77464 	0.00028011 	-0.116411 	0.00144332 	
2.675	2.17236 	-0.0903062 	-1.77458 	0.000248168 	-0.116417 	0.00143084 	
2.68	2.17236 	-0.0908167 	-1.77452 	0.00021904 	-0.116422 	0.0014194 	
2.685	2.17285 	-0.0875984 	-1.77406 	0.000355827 	-0.116428 	0.00136667 	
2.69	2.17288 	-0.0882325 	-1.77402 	0.000319709 	-0.116436 	0.0013526 	
2.695	2.17287 	-0.0888813 	-1.77395 	0.000282777 	-0.116442 	0.00133824 	
2.7	2.17285 	-0.089473 	-1.77388 	0.000249081 	-0.116447 	0.00132507 	
2.705	2.1734 	-0.0858955 	-1.77336 	0.000400981 	-0.116454 	0.0012658 	
2.71	2.17342 	-0.0866227 	-1.77331 	0.000359627 	-0.116463 	0.00124973 	
2.715	2.17341 	-0.0873647 	-1.77324 	0.000317447 	-0.11647 	0.00123336 	
2.72	2.17384 	-0.0845485 	-1.77277 	0.000434124 	-0.116476 	0.00117875 	
2.725	2.17384 	-0.0853574 	-1.7727 	0.00038817 	-0.116485 	0.00116093 	
2.73	2.17381 	-0.0861663 	-1.77261 	0.000342231 	-0.116492 	0.00114312 	
2.735	2.17426 	-0.0832598 	-1.77213 	0.000462207 	-0.116498 	0.00108536 	
2.74	2.17426 	-0.0841375 	-1.77205 	0.000412385 	-0.116508 	0.00106604 	
2.745	2.17422 	-0.0850128 	-1.77195 	0.000362706 	-0.116515 	0.00104678 	
2.75	2.1747 	-0.0819346 	-1.77143 	0.000489652 	-0.116523 	0.000985072 	
2.755	2.1747 	-0.0828815 	-1.77135 	0.000435939 	-0.116532 	0.000964229 	
2.76	2.17466 	-0.0838247 	-1.77125 	0.000382434 	-0.116541 	0.000943474 	
2.765	2.17517 	-0.0805701 	-1.77069 	0.000516559 	-0.116548 	0.000877723 	
2.77	2.17516 	-0.0815875 	-1.77061 	0.000458883 	-0.116559 	0.000855324 	
2.775	2.17513 	-0.0826 	-1.7705 	0.000401481 	-0.116568 	0.000833044 	
2.78	2.17566 	-0.0791716 	-1.76991 	0.000542668 	-0.116576 	0.00076324 	
2.785	2.17566 	-0.0802605 	-1.76982 	0.000480974 	-0.116588 	0.000739256 	
2.79	2.17602 	-0.078159 	-1.76935 	0.000561341 	-0.116597 	0.00067946 	
2.795	2.17598 	-0.0793128 	-1.76923 	0.000496007 	-0.116607 	0.000654098 	
2.8	2.17593 	-0.0804387 	-1.76911 	0.000432245 	-0.116616 	0.000629324 	
2.805	2.17648 	-0.0768631 	-1.76848 	0.000578872 	-0.116625 	0.000554262 	
2.81	2.17649 	-0.0780676 	-1.76838 	0.000510693 	-0.116638 	0.000527703 	
2.815	2.17688 	-0.0758204 	-1.76787 	0.00059638 	-0.116648 	0.00046257 	
2.82	2.17684 	-0.0770903 	-1.76774 	0.000524534 	-0.11666 	0.000434623 	
2.825	2.17722 	-0.0749129 	-1.76723 	0.000606678 	-0.11667 	0.000368857 	
2.83	2.17717 	-0.0762273 	-1.7671 	0.000532341 	-0.116681 	0.000339916 	
2.835	2.17756 	-0.0740031 	-1.76657 	0.000616161 	-0.116692 	0.000272259 	
2.84	2.17752 	-0.0753605 	-1.76643 	0.000539418 	-0.116704 	0.00024235 	
2.845	2.17791 	-0.0730792 	-1.76589 	0.000625376 	-0.116714 	0.000172672 	
2.85	2.17835 	-0.0750918 	-1.76651 	0.000593807 	-0.116788 	6.55723e-05 	
2.855	2.17876 	-0.0727532 	-1.76595 	0.000681966 	-0.116799 	-6.16281e-06 	
2.86	2.17872 	-0.0742002 	-1.76581 	0.000600217 	-0.116812 	-3.80983e-05 	
2.865	2.17914 	-0.0718084 	-1.76524 	0.000690311 	-0.116823 	-0.000111927 	
2.87	2.1791 	-0.0732997 	-1.76509 	0.000606089 	-0.116837 	-0.000144862 	
2.875	2.17953 	-0.0708528 	-1.76451 	0.000698253 	-0.116848 	-0.000220701 	
2.88	2.17949 	-0.0723879 	-1.76436 	0.000611586 	-0.116862 	-0.000254629 	
2.885	2.17993 	-0.0698873 	-1.76376 	0.000705759 	-0.116874 	-0.000332477 	
2.89	2.17989 	-0.0714664 	-1.7636 	0.000616639 	-0.116888 	-0.000367403 	
2.895	2.18034 	-0.0689132 	-1.76299 	0.000712777 	-0.1169 	-0.000447253 	
2.9	2.18031 	-0.0705364 	-1.76283 	0.000621202 	-0.116915 	-0.000483181 	
2.905	2.18077 	-0.0679316 	-1.7622 	0.000719263 	-0.116928 	-0.000565021 	
2.91	2.18073 	-0.069599 	-1.76204 	0.000625235 	-0.116943 	-0.000601953 	
2.915	2.1812 	-0.0669438 	-1.76139 	0.000725181 	-0.116956 	-0.000685771 	
2.92	2.18116 	-0.0686552 	-1.76123 	0.000628706 	-0.116971 	-0.000723706 	
2.925	2.18164 	-0.0659505 	-1.76057 	0.000730503 	-0.116985 	-0.000809489 	
2.93	2.18161 	-0.0677059 	-1.7604 	0.000631589 	-0.117001 	-0.000848428 	
2.935	2.18209 	-0.0649526 	-1.75973 	0.000735202 	-0.117014 	-0.000936159 	
2.94	2.18206 	-0.0667519 	-1.75956 	0.000633862 	-0.11703 	-0.000976099 	
2.945	2.18255 	-0.063951 	-1.75886 	0.000739259 	-0.117044 	-0.00106576 	
2.95	2.18252 	-0.0657938 	-1.75869 	0.000635507 	-0.117061 	-0.0011067 	
2.955	2.18302 	-0.0629463 	-1.75799 	0.000742659 	-0.117075 	-0.00119828 	
2.96	2.18299 	-0.0648325 	-1.75781 	0.000636511 	-0.117092 	-0.00124021 	
2.965	2.1835 	-0.0619393 	-1.75709 	0.000745388 	-0.117106 	-0.00133368 	
2.97	2.18347 	-0.0638684 	-1.75691 	0.000636863 	-0.117124 	-0.00137661 	
2.975	2.18399 	-0.0609304 	-1.75618 	0.000747438 	-0.117138 	-0.00147195 	
2.98	2.18395 	-0.0629023 	-1.756 	0.000636557 	-0.117156 	-0.00151586 	
2.985	2.18448 	-0.0599203 	-1.75525 	0.000748802 	-0.117171 	-0.00161306 	
2.99	2.18445 	-0.0619346 	-1.75507 	0.000635587 	-0.117189 	-0.00165795 	
2.995	2.18498 	-0.0589096 	-1.7543 	0.000749475 	-0.117204 	-0.00175698 	
3	2.18495 	-0.0609659 	-1.75412 	0.00063395 	-0.117223 	-0.00180284 	
3.005	2.18549 	-0.0578987 	-1.75334 	0.000749454 	-0.117238 	-0.00190368 	
3.01	2.18546 	-0.0599965 	-1.75315 	0.000631644 	-0.117257 	-0.0019505 	
3.015	2.18601 	-0.056888 	-1.75236 	0.000748739 	-0.117272 	-0.00205313 	
3.02	2.18598 	-0.0590271 	-1.75217 	0.00062867 	-0.117291 	-0.00210091 	
3.025	2.18653 	-0.0558782 	-1.75137 	0.00074733 	-0.117307 	-0.00220529 	
3.03	2.1865 	-0.0580579 	-1.75117 	0.00062503 	-0.117327 	-0.00225402 	
3.035	2.18706 	-0.0548695 	-1.75036 	0.000745229 	-0.117342 	-0.00236015 	
3.04	2.18703 	-0.0570895 	-1.75016 	0.000620726 	-0.117362 	-0.00240982 	
3.045	2.1876 	-0.0538624 	-1.74933 	0.000742438 	-0.117378 	-0.00251765 	
3.05	2.18757 	-0.0561222 	-1.74913 	0.000615762 	-0.117399 	-0.00256825 	
3.055	2.18814 	-0.0528573 	-1.74829 	0.000738961 	-0.117415 	-0.00267777 	
3.06	2.18811 	-0.0551564 	-1.74809 	0.000610142 	-0.117435 	-0.00272929 	
3.065	2.18869 	-0.0518547 	-1.74724 	0.000734803 	-0.117451 	-0.00284047 	
3.07	2.18866 	-0.0541925 	-1.74703 	0.000603872 	-0.117472 	-0.0028929 	
3.075	2.18924 	-0.0508547 	-1.74617 	0.000729968 	-0.117489 	-0.00300572 	
3.08	2.18921 	-0.0532309 	-1.74596 	0.000596958 	-0.11751 	-0.00305905 	
3.085	2.18971 	-0.0497458 	-1.74493 	0.000714688 	-0.117515 	-0.00315871 	
3.09	2.18968 	-0.0521595 	-1.74472 	0.000579637 	-0.117537 	-0.00321292 	
3.095	2.19027 	-0.0487522 	-1.74384 	0.000708522 	-0.117553 	-0.0033289 	
3.1	2.19064 	-0.0480158 	-1.74328 	0.000715563 	-0.117575 	-0.00341933 	
3.105	2.19063 	-0.0505529 	-1.74308 	0.000573741 	-0.117599 	-0.00347643 	
3.11	2.19116 	-0.0473541 	-1.74218 	0.000693041 	-0.117614 	-0.00359166 	
3.115	2.19152 	-0.0466388 	-1.74161 	0.000698834 	-0.117635 	-0.00368353 	
3.12	2.1915 	-0.0492226 	-1.7414 	0.000554502 	-0.117659 	-0.00374174 	
3.125	2.19204 	-0.0459762 	-1.74049 	0.000675834 	-0.117674 	-0.00385896 	
3.13	2.1924 	-0.0452541 	-1.7399 	0.000681686 	-0.117696 	-0.0039525 	
3.135	2.19238 	-0.0478855 	-1.7397 	0.000534796 	-0.11772 	-0.00401185 	
3.14	2.19293 	-0.0445922 	-1.73877 	0.000658146 	-0.117734 	-0.00413105 	
3.145	2.19329 	-0.0438648 	-1.73817 	0.000664005 	-0.117756 	-0.00422624 	
3.15	2.19328 	-0.0465435 	-1.73796 	0.000514574 	-0.117781 	-0.00428674 	
3.155	2.19382 	-0.0432064 	-1.73702 	0.000639825 	-0.117795 	-0.00440788 	
3.16	2.19419 	-0.0424751 	-1.73641 	0.000645639 	-0.117818 	-0.00450468 	
3.165	2.19418 	-0.0452007 	-1.7362 	0.000493698 	-0.117842 	-0.00456632 	
3.17	2.19473 	-0.0418225 	-1.73524 	0.000620744 	-0.117857 	-0.00468935 	
3.175	2.1951 	-0.0410887 	-1.73463 	0.00062647 	-0.11788 	-0.00478773 	
3.18	2.19546 	-0.0406809 	-1.73406 	0.000616629 	-0.117904 	-0.00488543 	
3.185	2.19574 	-0.0402871 	-1.73344 	0.000606269 	-0.117924 	-0.00498272 	
3.19	2.19601 	-0.0398915 	-1.73282 	0.000595991 	-0.117943 	-0.00508032 	
3.195	2.19629 	-0.0394928 	-1.73219 	0.000585836 	-0.117963 	-0.00517832 	
3.2	2.19657 	-0.0390912 	-1.73157 	0.000575795 	-0.117983 	-0.00527672 	
3.205	2.19685 	-0.0386872 	-1.73094 	0.000565848 	-0.118003 	-0.00537552 	
3.21	2.19713 	-0.0382809 	-1.73031 	0.000555981 	-0.118023 	-0.00547473 	
3.215	2.19742 	-0.0378728 	-1.72968 	0.000546178 	-0.118044 	-0.00557434 	
3.22	2.19771 	-0.0374632 	-1.72905 	0.000536426 	-0.118064 	-0.00567434 	
3.225	2.198 	-0.0370523 	-1.72842 	0.000526713 	-0.118084 	-0.00577475 	
3.23	2.1983 	-0.0366404 	-1.72778 	0.000517025 	-0.118105 	-0.00587556 	
3.235	2.1986 	-0.0362278 	-1.72715 	0.000507354 	-0.118125 	-0.00597677 	
3.24	2.19889 	-0.0358146 	-1.72651 	0.000497688 	-0.118146 	-0.00607837 	
3.245	2.1992 	-0.0354012 	-1.72587 	0.00048802 	-0.118167 	-0.00618036 	
3.25	2.1995 	-0.0349876 	-1.72523 	0.000478339 	-0.118188 	-0.00628274 	
3.255	2.1998 	-0.0345741 	-1.72458 	0.00046864 	-0.118208 	-0.00638551 	
3.26	2.20011 	-0.0341609 	-1.72394 	0.000458914 	-0.118229 	-0.00648866 	
3.265	2.20042 	-0.0337482 	-1.72329 	0.000449155 	-0.11825 	-0.00659219 	
3.27	2.20072 	-0.033336 	-1.72265 	0.000439358 	-0.118271 	-0.00669609 	
3.275	2.20104 	-0.0329245 	-1.722 	0.000429517 	-0.118292 	-0.00680037 	
3.28	2.20135 	-0.032514 	-1.72135 	0.000419626 	-0.118313 	-0.00690501 	
3.285	2.20166 	-0.0321044 	-1.7207 	0.000409682 	-0.118334 	-0.00701001 	
3.29	2.20197 	-0.031696 	-1.72004 	0.00039968 	-0.118355 	-0.00711537 	
3.295	2.20229 	-0.0312889 	-1.71939 	0.000389617 	-0.118376 	-0.00722109 	
3.3	2.20261 	-0.0308831 	-1.71873 	0.000379489 	-0.118397 	-0.00732715 	
3.305	2.20292 	-0.0304788 	-1.71808 	0.000369292 	-0.118419 	-0.00743355 	
3.31	2.20324 	-0.0300761 	-1.71742 	0.000359024 	-0.11844 	-0.00754029 	
3.315	2.20356 	-0.029675 	-1.71676 	0.000348683 	-0.118461 	-0.00764736 	
3.32	2.20388 	-0.0292757 	-1.7161 	0.000338266 	-0.118482 	-0.00775476 	
3.325	2.2042 	-0.0288783 	-1.71543 	0.00032777 	-0.118503 	-0.00786248 	
3.33	2.20452 	-0.0284828 	-1.71477 	0.000317195 	-0.118525 	-0.00797051 	
3.335	2.20484 	-0.0280892 	-1.71411 	0.000306538 	-0.118546 	-0.00807885 	
3.34	2.20517 	-0.0276978 	-1.71344 	0.000295797 	-0.118567 	-0.0081875 	
3.345	2.20549 	-0.0273085 	-1.71277 	0.000284972 	-0.118588 	-0.00829644 	
3.35	2.20582 	-0.0269214 	-1.71211 	0.000274062 	-0.118609 	-0.00840567 	
3.355	2.20614 	-0.0265366 	-1.71144 	0.000263064 	-0.11863 	-0.00851518 	
3.36	2.20646 	-0.0261541 	-1.71077 	0.000251978 	-0.118652 	-0.00862497 	
3.365	2.20629 	-0.0252924 	-1.7094 	0.000190607 	-0.118625 	-0.00866535 	
3.37	2.20661 	-0.0249153 	-1.70873 	0.000179291 	-0.118646 	-0.00877566 	
3.375	2.20694 	-0.0245389 	-1.70806 	0.000167979 	-0.118667 	-0.00888618 	
3.38	2.20727 	-0.0241645 	-1.70738 	0.000156612 	-0.118688 	-0.00899695 	
3.385	2.2076 	-0.023793 	-1.70671 	0.000145138 	-0.11871 	-0.00910797 	
3.39	2.20792 	-0.0234243 	-1.70603 	0.000133561 	-0.118731 	-0.00921924 	
3.395	2.20825 	-0.0230585 	-1.70536 	0.000121884 	-0.118752 	-0.00933074 	
3.4	2.20858 	-0.0226956 	-1.70468 	0.000110106 	-0.118773 	-0.00944246 	
3.405	2.20891 	-0.0223357 	-1.704 	9.82273e-05 	-0.118794 	-0.00955441 	
3.41	2.20924 	-0.0219787 	-1.70333 	8.62492e-05 	-0.118815 	-0.00966658 	
3.415	2.20957 	-0.0216247 	-1.70265 	7.41718e-05 	-0.118836 	-0.00977895 	
3.42	2.2099 	-0.0212737 	-1.70197 	6.19956e-05 	-0.118857 	-0.00989152 	
3.425	2.21023 	-0.0209258 	-1.70129 	4.97212e-05 	-0.118878 	-0.0100043 	
3.43	2.21056 	-0.020581 	-1.70061 	3.7349e-05 	-0.118899 	-0.0101172 	
3.435	2.21089 	-0.0202393 	-1.69993 	2.48796e-05 	-0.11892 	-0.0102304 	
3.44	2.21122 	-0.0199007 	-1.69925 	1.23135e-05 	-0.118941 	-0.0103437 	
3.445	2.21154 	-0.0195653 	-1.69858 	-3.4889e-07 	-0.118961 	-0.0104571 	
3.45	2.21187 	-0.019233 	-1.6979 	-1.31069e-05 	-0.118982 	-0.0105707 	
3.455	2.2122 	-0.018904 	-1.69722 	-2.59602e-05 	-0.119003 	-0.0106845 	
3.46	2.21253 	-0.0185783 	-1.69654 	-3.89081e-05 	-0.119023 	-0.0107984 	
3.465	2.21286 	-0.0182558 	-1.69586 	-5.19502e-05 	-0.119044 	-0.0109125 	
3.47	2.21319 	-0.0179366 	-1.69518 	-6.5086e-05 	-0.119064 	-0.0110266 	
3.475	2.21352 	-0.0176207 	-1.6945 	-7.83149e-05 	-0.119085 	-0.0111409 	
3.48	2.21385 	-0.0173082 	-1.69382 	-9.16364e-05 	-0.119105 	-0.0112553 	
3.485	2.21418 	-0.016999 	-1.69314 	-0.00010505 	-0.119125 	-0.0113698 	
3.49	2.21451 	-0.0166932 	-1.69246 	-0.000118556 	-0.119146 	-0.0114845 	
3.495	2.21484 	-0.0163908 	-1.69178 	-0.000132152 	-0.119166 	-0.0115992 	
3.5	2.21517 	-0.0160918 	-1.6911 	-0.000145839 	-0.119186 	-0.0117139 	
3.505	2.21549 	-0.0157963 	-1.69043 	-0.000159617 	-0.119206 	-0.0118288 	
3.51	2.21582 	-0.0155043 	-1.68975 	-0.000173484 	-0.119226 	-0.0119437 	
3.515	2.21615 	-0.0152157 	-1.68907 	-0.00018744 	-0.119246 	-0.0120587 	
3.52	2.21648 	-0.0149307 	-1.6884 	-0.000201486 	-0.119266 	-0.0121737 	
3.525	2.21681 	-0.0146492 	-1.68772 	-0.000215619 	-0.119285 	-0.0122888 	
3.53	2.21713 	-0.0143712 	-1.68704 	-0.000229841 	-0.119305 	-0.012404 	
3.535	2.21746 	-0.0140968 	-1.68637 	-0.000244149 	-0.119325 	-0.0125191 	
3.54	2.21779 	-0.013826 	-1.6857 	-0.000258545 	-0.119344 	-0.0126343 	
3.545	2.21811 	-0.0135588 	-1.68502 	-0.000273027 	-0.119364 	-0.0127495 	
3.55	2.21844 	-0.0132952 	-1.68435 	-0.000287596 	-0.119383 	-0.0128647 	
3.555	2.21876 	-0.0130353 	-1.68368 	-0.000302249 	-0.119402 	-0.0129799 	
3.56	2.21909 	-0.012779 	-1.68301 	-0.000316989 	-0.119421 	-0.0130951 	
3.565	2.21941 	-0.0125264 	-1.68234 	-0.000331812 	-0.11944 	-0.0132103 	
3.57	2.21974 	-0.0122774 	-1.68167 	-0.000346721 	-0.119459 	-0.0133254 	
3.575	2.22006 	-0.0120322 	-1.681 	-0.000361713 	-0.119478 	-0.0134406 	
3.58	2.22039 	-0.0117907 	-1.68033 	-0.000376788 	-0.119497 	-0.0135557 	
3.585	2.22071 	-0.011553 	-1.67966 	-0.000391947 	-0.119516 	-0.0136707 	
3.59	2.22103 	-0.0113189 	-1.679 	-0.000407189 	-0.119535 	-0.0137857 	
3.595	2.22135 	-0.0110887 	-1.67834 	-0.000422513 	-0.119553 	-0.0139007 	
3.6	2.22167 	-0.0108622 	-1.67767 	-0.000437918 	-0.119572 	-0.0140156 	
3.605	2.22199 	-0.0106395 	-1.67701 	-0.000453406 	-0.11959 	-0.0141304 	
3.61	2.22231 	-0.0104206 	-1.67635 	-0.000468974 	-0.119608 	-0.0142451 	
3.615	2.22263 	-0.0102056 	-1.67569 	-0.000484623 	-0.119627 	-0.0143597 	
3.62	2.22295 	-0.00999433 	-1.67503 	-0.000500352 	-0.119645 	-0.0144743 	
3.625	2.22327 	-0.00978693 	-1.67438 	-0.000516162 	-0.119663 	-0.0145887 	
3.63	2.22359 	-0.00958338 	-1.67372 	-0.000532051 	-0.119681 	-0.0147031 	
3.635	2.22391 	-0.00938369 	-1.67307 	-0.000548019 	-0.119698 	-0.0148173 	
3.64	2.22505 	-0.00984005 	-1.67348 	-0.00048132 	-0.119781 	-0.0150376 	
3.645	2.22537 	-0.00964738 	-1.67283 	-0.000497376 	-0.119799 	-0.0151515 	
3.65	2.22568 	-0.00946111 	-1.67218 	-0.000513654 	-0.119816 	-0.0152654 	
3.655	2.22599 	-0.00927971 	-1.67153 	-0.000530063 	-0.119833 	-0.0153792 	
3.66	2.22631 	-0.00910179 	-1.67089 	-0.000546525 	-0.11985 	-0.0154928 	
3.665	2.22662 	-0.00892752 	-1.67025 	-0.000563049 	-0.119867 	-0.0156062 	
3.67	2.22693 	-0.00875693 	-1.66961 	-0.000579635 	-0.119884 	-0.0157195 	
3.675	2.22724 	-0.00859004 	-1.66897 	-0.000596285 	-0.119901 	-0.0158326 	
3.68	2.22755 	-0.00842689 	-1.66833 	-0.000612999 	-0.119918 	-0.0159454 	
3.685	2.22786 	-0.00826748 	-1.6677 	-0.000629777 	-0.119934 	-0.0160581 	
3.69	2.22817 	-0.00811186 	-1.66706 	-0.000646621 	-0.119951 	-0.0161706 	
3.695	2.22848 	-0.00796003 	-1.66643 	-0.00066353 	-0.119967 	-0.0162829 	
3.7	2.22878 	-0.00781201 	-1.6658 	-0.000680505 	-0.119983 	-0.016395 	
3.705	2.22909 	-0.00766783 	-1.66517 	-0.000697546 	-0.119999 	-0.0165068 	
3.71	2.2294 	-0.00752749 	-1.66455 	-0.000714653 	-0.120015 	-0.0166184 	
3.715	2.2297 	-0.00739102 	-1.66392 	-0.000731827 	-0.120031 	-0.0167298 	
3.72	2.23 	-0.00725843 	-1.6633 	-0.000749068 	-0.120047 	-0.0168409 	
3.725	2.23031 	-0.00712974 	-1.66268 	-0.000766376 	-0.120063 	-0.0169518 	
3.73	2.23061 	-0.00700495 	-1.66206 	-0.000783751 	-0.120078 	-0.0170624 	
3.735	2.23091 	-0.00688407 	-1.66145 	-0.000801193 	-0.120094 	-0.0171728 	
3.74	2.23121 	-0.00676712 	-1.66083 	-0.000818703 	-0.120109 	-0.0172829 	
3.745	2.23151 	-0.00665411 	-1.66022 	-0.000836279 	-0.120124 	-0.0173927 	
3.75	2.23181 	-0.00654505 	-1.65961 	-0.000853923 	-0.12014 	-0.0175022 	
3.755	2.2321 	-0.00643994 	-1.659 	-0.000871633 	-0.120155 	-0.0176114 	
3.76	2.2324 	-0.00633879 	-1.6584 	-0.000889411 	-0.12017 	-0.0177204 	
3.765	2.23269 	-0.0062416 	-1.6578 	-0.000907255 	-0.120184 	-0.017829 	
3.77	2.23299 	-0.0061484 	-1.6572 	-0.000925166 	-0.120199 	-0.0179373 	
3.775	2.23328 	-0.00605917 	-1.6566 	-0.000943144 	-0.120214 	-0.0180453 	
3.78	2.23357 	-0.00597392 	-1.65601 	-0.000961188 	-0.120228 	-0.018153 	
3.785	2.23386 	-0.00589266 	-1.65541 	-0.000979298 	-0.120242 	-0.0182603 	
3.79	2.23415 	-0.0058154 	-1.65482 	-0.000997475 	-0.120257 	-0.0183673 	
3.795	2.23444 	-0.00574212 	-1.65424 	-0.00101572 	-0.120271 	-0.0184739 	
3.8	2.23473 	-0.00567285 	-1.65365 	-0.00103402 	-0.120285 	-0.0185802 	
3.805	2.23501 	-0.00560757 	-1.65307 	-0.0010524 	-0.120299 	-0.0186862 	
3.81	2.2353 	-0.00554629 	-1.65249 	-0.00107084 	-0.120312 	-0.0187917 	
3.815	2.23558 	-0.00548901 	-1.65192 	-0.00108934 	-0.120326 	-0.0188969 	
3.82	2.23586 	-0.00543573 	-1.65134 	-0.00110791 	-0.12034 	-0.0190017 	
3.825	2.23614 	-0.00538645 	-1.65077 	-0.00112654 	-0.120353 	-0.0191062 	
3.83	2.23642 	-0.00534117 	-1.6502 	-0.00114523 	-0.120366 	-0.0192102 	
3.835	2.23639 	-0.00844621 	-1.65001 	-0.00131379 	-0.120382 	-0.0192817 	
3.84	2.2369 	-0.00541839 	-1.64908 	-0.00118907 	-0.120389 	-0.0194096 	
3.845	2.23727 	-0.0050437 	-1.64852 	-0.00119151 	-0.120405 	-0.0195148 	
3.85	2.23732 	-0.00813513 	-1.64837 	-0.00135947 	-0.120425 	-0.0195869 	
3.855	2.23782 	-0.00514536 	-1.64745 	-0.00123617 	-0.120431 	-0.0197137 	
3.86	2.23818 	-0.00479731 	-1.6469 	-0.00123956 	-0.120447 	-0.0198179 	
3.865	2.23822 	-0.00786806 	-1.64675 	-0.00140633 	-0.120465 	-0.0198894 	
3.87	2.23871 	-0.00494447 	-1.64584 	-0.00128577 	-0.120472 	-0.0200147 	
3.875	2.23905 	-0.00462384 	-1.64529 	-0.00129012 	-0.120486 	-0.0201176 	
3.88	2.23909 	-0.00766941 	-1.64515 	-0.00145546 	-0.120505 	-0.0201885 	
3.885	2.23957 	-0.00481142 	-1.64425 	-0.00133761 	-0.120511 	-0.0203122 	
3.89	2.2399 	-0.00451604 	-1.64371 	-0.00134281 	-0.120524 	-0.0204138 	
3.895	2.23993 	-0.00753253 	-1.64356 	-0.00150651 	-0.120542 	-0.020484 	
3.9	2.23976 	-0.00431909 	-1.64191 	-0.00145502 	-0.120506 	-0.0205288 	
3.905	2.24008 	-0.00404774 	-1.64138 	-0.00146101 	-0.120519 	-0.0206291 	
3.91	2.24011 	-0.00702937 	-1.64124 	-0.00162276 	-0.120536 	-0.0206984 	
3.915	2.24056 	-0.00430027 	-1.64037 	-0.00151019 	-0.120542 	-0.0208184 	
3.92	2.24057 	-0.00719235 	-1.64021 	-0.00166701 	-0.120556 	-0.0208852 	
3.925	2.24107 	-0.00426523 	-1.63934 	-0.00154475 	-0.120563 	-0.0210067 	
3.93	2.24108 	-0.00713422 	-1.63919 	-0.00170033 	-0.120578 	-0.0210731 	
3.935	2.24158 	-0.00423469 	-1.63833 	-0.00157913 	-0.120585 	-0.0211938 	
3.94	2.24159 	-0.00708355 	-1.63818 	-0.00173358 	-0.1206 	-0.0212596 	
3.945	2.24209 	-0.00423372 	-1.63733 	-0.00161449 	-0.120607 	-0.0213791 	
3.95	2.2421 	-0.00706101 	-1.63719 	-0.00176775 	-0.120621 	-0.0214444 	
3.955	2.24258 	-0.00426267 	-1.63635 	-0.00165083 	-0.120628 	-0.0215625 	
3.96	2.24259 	-0.00706664 	-1.63621 	-0.0018028 	-0.120642 	-0.0216273 	
3.965	2.24307 	-0.00431972 	-1.63538 	-0.00168806 	-0.120649 	-0.021744 	
3.97	2.24308 	-0.00709873 	-1.63524 	-0.00183866 	-0.120663 	-0.0218082 	
3.975	2.24355 	-0.00440305 	-1.63443 	-0.00172608 	-0.120669 	-0.0219236 	
3.98	2.24355 	-0.0071556 	-1.63429 	-0.00187522 	-0.120683 	-0.0219871 	
3.985	2.24402 	-0.00451107 	-1.63349 	-0.0017648 	-0.120689 	-0.022101 	
3.99	2.24402 	-0.00723577 	-1.63336 	-0.00191241 	-0.120702 	-0.0221639 	
3.995	2.24448 	-0.0046424 	-1.63257 	-0.00180414 	-0.120708 	-0.0222763 	
4	2.24448 	-0.00733797 	-1.63243 	-0.00195015 	-0.120721 	-0.0223385 	
4.005	2.24493 	-0.00479583 	-1.63166 	-0.00184405 	-0.120727 	-0.0224494 	
4.01	2.24493 	-0.00746107 	-1.63153 	-0.0019884 	-0.12074 	-0.0225108 	
4.015	2.24538 	-0.00497031 	-1.63077 	-0.00188446 	-0.120745 	-0.0226202 	
4.02	2.24538 	-0.00760409 	-1.63064 	-0.00202709 	-0.120758 	-0.0226808 	
4.025	2.24581 	-0.00516489 	-1.62989 	-0.00192532 	-0.120763 	-0.0227886 	
4.03	2.24582 	-0.00776618 	-1.62976 	-0.00206617 	-0.120775 	-0.0228485 	
4.035	2.24624 	-0.00537877 	-1.62903 	-0.00196659 	-0.120781 	-0.0229546 	
4.04	2.24624 	-0.00794656 	-1.6289 	-0.00210562 	-0.120793 	-0.0230138 	
4.045	2.24666 	-0.00561123 	-1.62818 	-0.00200824 	-0.120798 	-0.0231182 	
4.05	2.24666 	-0.00814459 	-1.62806 	-0.00214538 	-0.120809 	-0.0231765 	
4.055	2.24708 	-0.00586162 	-1.62735 	-0.00205021 	-0.120815 	-0.0232793 	
4.06	2.24708 	-0.00835966 	-1.62723 	-0.00218543 	-0.120826 	-0.0233368 	
4.065	2.24748 	-0.00612937 	-1.62654 	-0.00209249 	-0.120831 	-0.0234379 	
4.07	2.24748 	-0.00859123 	-1.62642 	-0.00222574 	-0.120842 	-0.0234945 	
4.075	2.24788 	-0.00641397 	-1.62574 	-0.00213505 	-0.120847 	-0.0235938 	
4.08	2.24787 	-0.00883885 	-1.62562 	-0.00226629 	-0.120857 	-0.0236495 	
4.085	2.24826 	-0.00671496 	-1.62495 	-0.00217786 	-0.120862 	-0.0237471 	
4.09	2.24826 	-0.00910207 	-1.62484 	-0.00230704 	-0.120872 	-0.023802 	
4.095	2.24864 	-0.00703191 	-1.62419 	-0.0022209 	-0.120877 	-0.0238978 	
4.1	2.24864 	-0.00938051 	-1.62408 	-0.00234799 	-0.120887 	-0.0239517 	
4.105	2.24901 	-0.00736445 	-1.62344 	-0.00226415 	-0.120892 	-0.0240457 	
4.11	2.24901 	-0.00967382 	-1.62333 	-0.00238911 	-0.120901 	-0.0240987 	
4.115	2.24938 	-0.00771223 	-1.6227 	-0.00230759 	-0.120906 	-0.0241908 	
4.12	2.24937 	-0.00998167 	-1.6226 	-0.00243038 	-0.120915 	-0.0242429 	
4.125	2.24973 	-0.00807491 	-1.62199 	-0.00235121 	-0.12092 	-0.0243332 	
4.13	2.24973 	-0.0103037 	-1.62188 	-0.00247179 	-0.120929 	-0.0243843 	
4.135	2.25008 	-0.0084522 	-1.62129 	-0.00239498 	-0.120933 	-0.0244727 	
4.14	2.25007 	-0.0106398 	-1.62119 	-0.00251332 	-0.120942 	-0.0245228 	
4.145	2.25041 	-0.0088438 	-1.6206 	-0.00243889 	-0.120946 	-0.0246093 	
4.15	2.25041 	-0.0109895 	-1.62051 	-0.00255496 	-0.120955 	-0.0246585 	
4.155	2.25074 	-0.00924946 	-1.61994 	-0.00248293 	-0.120959 	-0.024743 	
4.16	2.25074 	-0.0113527 	-1.61984 	-0.00259669 	-0.120967 	-0.0247912 	
4.165	2.25106 	-0.00966891 	-1.61929 	-0.00252708 	-0.120971 	-0.0248738 	
4.17	2.25105 	-0.011729 	-1.6192 	-0.00263851 	-0.120979 	-0.024921 	
4.175	2.25137 	-0.0101019 	-1.61866 	-0.00257133 	-0.120983 	-0.0250017 	
4.18	2.25117 	-0.0120047 	-1.61833 	-0.00270029 	-0.12098 	-0.0250247 	
4.185	2.25147 	-0.0104347 	-1.61781 	-0.00263558 	-0.120983 	-0.0251034 	
4.19	2.25147 	-0.0124062 	-1.61772 	-0.00274221 	-0.120991 	-0.0251485 	
4.195	2.25177 	-0.0108928 	-1.61721 	-0.00267993 	-0.120995 	-0.0252252 	
4.2	2.25176 	-0.0128194 	-1.61713 	-0.00278412 	-0.121002 	-0.0252692 	
4.205	2.25205 	-0.0113638 	-1.61663 	-0.00272434 	-0.121006 	-0.0253439 	
4.21	2.25204 	-0.0132453 	-1.61655 	-0.00282608 	-0.121013 	-0.0253868 	
4.215	2.25233 	-0.0118477 	-1.61607 	-0.00276881 	-0.121016 	-0.0254595 	
4.22	2.25232 	-0.0136835 	-1.61599 	-0.00286808 	-0.121023 	-0.0255014 	
4.225	2.2523 	-0.0154461 	-1.6159 	-0.0029634 	-0.121029 	-0.0255415 	
4.23	2.25272 	-0.012617 	-1.61527 	-0.00283588 	-0.121031 	-0.0256226 	
4.235	2.25275 	-0.0143631 	-1.61521 	-0.0029304 	-0.12104 	-0.025663 	
4.24	2.25274 	-0.0160643 	-1.61514 	-0.00302242 	-0.121046 	-0.0257018 	
4.245	2.25316 	-0.0132586 	-1.61453 	-0.0028956 	-0.121048 	-0.0257806 	
4.25	2.25318 	-0.0149431 	-1.61447 	-0.00298678 	-0.121056 	-0.0258195 	
4.255	2.25317 	-0.0165854 	-1.61439 	-0.0030756 	-0.121062 	-0.0258569 	
4.26	2.25356 	-0.013946 	-1.61381 	-0.00295643 	-0.121064 	-0.0259322 	
4.265	2.25358 	-0.0155683 	-1.61375 	-0.00304422 	-0.121071 	-0.0259696 	
4.27	2.25356 	-0.0171486 	-1.61368 	-0.00312967 	-0.121076 	-0.0260055 	
4.275	2.25392 	-0.014689 	-1.61313 	-0.00301881 	-0.121078 	-0.0260771 	
4.28	2.25394 	-0.0162461 	-1.61307 	-0.00310305 	-0.121085 	-0.0261129 	
4.285	2.25392 	-0.0177616 	-1.613 	-0.00318498 	-0.121089 	-0.0261473 	
4.29	2.25426 	-0.0154825 	-1.61249 	-0.00308245 	-0.121091 	-0.026215 	
4.295	2.25426 	-0.0169717 	-1.61243 	-0.00316301 	-0.121097 	-0.0262492 	
4.3	2.25424 	-0.0184196 	-1.61236 	-0.00324127 	-0.121101 	-0.026282 	
4.305	2.25456 	-0.0163208 	-1.61188 	-0.00314707 	-0.121103 	-0.0263459 	
4.31	2.25456 	-0.0177397 	-1.61183 	-0.00322381 	-0.121108 	-0.0263784 	
4.315	2.25454 	-0.0191179 	-1.61176 	-0.0032983 	-0.121112 	-0.0264096 	
4.32	2.25483 	-0.0171993 	-1.61131 	-0.00321242 	-0.121114 	-0.0264696 	
4.325	2.25483 	-0.0185459 	-1.61126 	-0.00328523 	-0.121119 	-0.0265003 	
4.33	2.25481 	-0.0198523 	-1.6112 	-0.00335584 	-0.121123 	-0.0265298 	
4.335	2.25479 	-0.0210558 	-1.61114 	-0.00342092 	-0.121126 	-0.0265571 	
4.34	2.25515 	-0.0184088 	-1.61063 	-0.00329889 	-0.121127 	-0.0266195 	
4.345	2.25517 	-0.0196456 	-1.61059 	-0.00336581 	-0.121133 	-0.026648 	
4.35	2.25515 	-0.0208599 	-1.61054 	-0.00343145 	-0.121136 	-0.0266755 	
4.355	2.25514 	-0.0219756 	-1.61048 	-0.00349177 	-0.121139 	-0.0267007 	
4.36	2.25546 	-0.0195863 	-1.61001 	-0.00338171 	-0.12114 	-0.0267579 	
4.365	2.25636 	-0.0212107 	-1.61099 	-0.00335456 	-0.121193 	-0.026886 	
4.37	2.25634 	-0.0223325 	-1.61095 	-0.00341518 	-0.121196 	-0.0269114 	
4.375	2.25632 	-0.0233657 	-1.6109 	-0.00347104 	-0.121199 	-0.0269347 	
4.38	2.25631 	-0.0243276 	-1.61085 	-0.0035231 	-0.121201 	-0.0269565 	
4.385	2.25666 	-0.0216284 	-1.61037 	-0.00339716 	-0.121202 	-0.0270121 	
4.39	2.25667 	-0.0226463 	-1.61035 	-0.00345224 	-0.121207 	-0.0270355 	
4.395	2.25666 	-0.0236536 	-1.61031 	-0.00350667 	-0.121209 	-0.0270582 	
4.4	2.25663 	-0.0245768 	-1.61026 	-0.00355657 	-0.121211 	-0.027079 	
4.405	2.25662 	-0.0254351 	-1.61022 	-0.003603 	-0.121213 	-0.0270984 	
4.41	2.25662 	-0.0262331 	-1.61018 	-0.0036462 	-0.121216 	-0.0271165 	
4.415	2.25696 	-0.0235484 	-1.60973 	-0.00352006 	-0.121216 	-0.027167 	
4.42	2.25696 	-0.0244159 	-1.60971 	-0.00356699 	-0.12122 	-0.027187 	
4.425	2.25694 	-0.0252801 	-1.60968 	-0.00361367 	-0.121222 	-0.0272064 	
4.43	2.25692 	-0.0260703 	-1.60964 	-0.00365635 	-0.121224 	-0.0272241 	
4.435	2.2569 	-0.0268045 	-1.60961 	-0.00369603 	-0.121225 	-0.0272406 	
4.44	2.25689 	-0.0274867 	-1.60957 	-0.00373293 	-0.121227 	-0.027256 	
4.445	2.25688 	-0.0281206 	-1.60954 	-0.00376723 	-0.121229 	-0.0272703 	
4.45	2.25688 	-0.0287096 	-1.60951 	-0.00379913 	-0.12123 	-0.0272837 	
4.455	2.25689 	-0.0292569 	-1.60949 	-0.00382879 	-0.121232 	-0.0272962 	
4.46	2.25721 	-0.0265402 	-1.60907 	-0.00369974 	-0.121232 	-0.0273395 	
4.465	2.25722 	-0.0271798 	-1.60906 	-0.00373433 	-0.121235 	-0.0273542 	
4.47	2.25719 	-0.0278281 	-1.60904 	-0.0037693 	-0.121236 	-0.0273687 	
4.475	2.25717 	-0.0284178 	-1.60901 	-0.00380111 	-0.121237 	-0.0273817 	
4.48	2.25714 	-0.0289651 	-1.60898 	-0.00383063 	-0.121238 	-0.0273939 	
4.485	2.25712 	-0.0294729 	-1.60896 	-0.00385804 	-0.121239 	-0.0274052 	
4.49	2.25711 	-0.029944 	-1.60894 	-0.00388347 	-0.121239 	-0.0274157 	
4.495	2.25709 	-0.0303809 	-1.60892 	-0.00390706 	-0.12124 	-0.0274254 	
4.5	2.25708 	-0.0307861 	-1.6089 	-0.00392893 	-0.121241 	-0.0274345 	
