0	0.0496943 	0.0204603 	-2.01198 	0.262988 	0.539842 	-0.0075116 	
0.005	0.0496943 	0.0204603 	-2.01198 	0.262988 	0.539842 	-0.0075116 	
0.01	0.0496944 	0.0204561 	-2.01197 	0.262988 	0.539842 	-0.00751135 	
0.015	0.0496944 	0.0204505 	-2.01197 	0.262988 	0.539844 	-0.00751101 	
0.02	0.0496944 	0.0204426 	-2.01196 	0.262988 	0.539845 	-0.00751054 	
0.025	0.0496945 	0.0204325 	-2.01196 	0.262989 	0.539847 	-0.00750993 	
0.03	0.0496945 	0.02042 	-2.01195 	0.262989 	0.53985 	-0.00750918 	
0.035	0.0496946 	0.0204052 	-2.01193 	0.26299 	0.539853 	-0.00750829 	
0.04	0.0496947 	0.020388 	-2.01192 	0.26299 	0.539857 	-0.00750727 	
0.045	0.0496947 	0.0203686 	-2.01191 	0.262991 	0.539861 	-0.0075061 	
0.05	0.0496948 	0.0203469 	-2.01189 	0.262992 	0.539865 	-0.0075048 	
0.055	0.0496949 	0.0203228 	-2.01187 	0.262992 	0.53987 	-0.00750335 	
0.06	0.0496951 	0.0202964 	-2.01185 	0.262993 	0.539875 	-0.00750177 	
0.065	0.0496952 	0.0202677 	-2.01183 	0.262994 	0.539881 	-0.00750005 	
0.07	0.0496953 	0.0202367 	-2.0118 	0.262995 	0.539888 	-0.0074982 	
0.075	0.0496955 	0.0202034 	-2.01178 	0.262996 	0.539895 	-0.00749621 	
0.08	0.0496956 	0.0201678 	-2.01175 	0.262997 	0.539902 	-0.00749408 	
0.085	0.0496958 	0.0201261 	-2.01171 	0.262999 	0.539911 	-0.00749158 	
0.09	0.049696 	0.0200893 	-2.01169 	0.263 	0.539918 	-0.00748939 	
0.095	0.0496962 	0.0200429 	-2.01165 	0.263001 	0.539928 	-0.00748662 	
0.1	0.0496964 	0.0199978 	-2.01161 	0.263003 	0.539937 	-0.00748393 	
0.105	0.0496966 	0.0199505 	-2.01158 	0.263004 	0.539947 	-0.00748111 	
0.11	0.0496968 	0.0199008 	-2.01154 	0.263006 	0.539957 	-0.00747815 	
0.115	0.0496971 	0.0198489 	-2.0115 	0.263008 	0.539968 	-0.00747506 	
0.12	0.0496973 	0.0197946 	-2.01145 	0.26301 	0.539979 	-0.00747183 	
0.125	0.0496976 	0.0197381 	-2.01141 	0.263011 	0.53999 	-0.00746848 	
0.13	0.0496978 	0.0196793 	-2.01136 	0.263013 	0.540002 	-0.00746498 	
0.135	0.0496981 	0.0196182 	-2.01131 	0.263015 	0.540015 	-0.00746136 	
0.14	0.0496984 	0.0195548 	-2.01126 	0.263017 	0.540028 	-0.00745761 	
0.145	0.0496987 	0.0194891 	-2.01121 	0.263019 	0.540041 	-0.00745372 	
0.15	0.0496991 	0.0194212 	-2.01116 	0.263022 	0.540055 	-0.00744971 	
0.155	0.0496994 	0.019351 	-2.0111 	0.263024 	0.54007 	-0.00744556 	
0.16	0.0496998 	0.0192785 	-2.01105 	0.263026 	0.540085 	-0.00744129 	
0.165	0.0498101 	0.0189759 	-2.01116 	0.263163 	0.541695 	-0.00678337 	
0.17	0.0498105 	0.0188989 	-2.0111 	0.263166 	0.54171 	-0.00677883 	
0.175	0.0498109 	0.0188196 	-2.01104 	0.263168 	0.541726 	-0.00677416 	
0.18	0.0498113 	0.0187381 	-2.01098 	0.263171 	0.541743 	-0.00676937 	
0.185	0.0498117 	0.0186543 	-2.01091 	0.263174 	0.54176 	-0.00676445 	
0.19	0.0498121 	0.0185682 	-2.01084 	0.263176 	0.541778 	-0.00675941 	
0.195	0.0498126 	0.0184799 	-2.01077 	0.263179 	0.541796 	-0.00675424 	
0.2	0.049813 	0.0183894 	-2.0107 	0.263182 	0.541814 	-0.00674895 	
0.205	0.0498135 	0.0182966 	-2.01063 	0.263185 	0.541833 	-0.00674353 	
0.21	0.049814 	0.0182016 	-2.01055 	0.263188 	0.541853 	-0.006738 	
0.215	0.0498145 	0.0181043 	-2.01048 	0.263191 	0.541872 	-0.00673234 	
0.22	0.0498151 	0.0180048 	-2.0104 	0.263195 	0.541893 	-0.00672656 	
0.225	0.0498156 	0.0179031 	-2.01032 	0.263198 	0.541913 	-0.00672067 	
0.23	0.0499313 	0.0175628 	-2.01042 	0.263347 	0.543587 	-0.00603509 	
0.235	0.0499319 	0.0174567 	-2.01033 	0.263351 	0.543609 	-0.00602894 	
0.24	0.0499325 	0.0173483 	-2.01025 	0.263354 	0.54363 	-0.00602268 	
0.245	0.0499331 	0.0172377 	-2.01016 	0.263358 	0.543653 	-0.0060163 	
0.25	0.0499337 	0.017125 	-2.01007 	0.263362 	0.543676 	-0.00600981 	
0.255	0.0499344 	0.01701 	-2.00998 	0.263365 	0.543699 	-0.0060032 	
0.26	0.049935 	0.0168929 	-2.00989 	0.263369 	0.543723 	-0.00599648 	
0.265	0.0499357 	0.0167735 	-2.00979 	0.263373 	0.543747 	-0.00598965 	
0.27	0.0499364 	0.016652 	-2.0097 	0.263377 	0.543771 	-0.00598271 	
0.275	0.0499372 	0.0165283 	-2.0096 	0.263381 	0.543796 	-0.00597566 	
0.28	0.0500532 	0.0161678 	-2.00968 	0.263536 	0.54546 	-0.00529274 	
0.285	0.0500539 	0.0160397 	-2.00958 	0.26354 	0.545485 	-0.00528545 	
0.29	0.0500547 	0.0159095 	-2.00947 	0.263545 	0.545512 	-0.00527807 	
0.295	0.0500555 	0.0157772 	-2.00937 	0.263549 	0.545538 	-0.00527057 	
0.3	0.0500563 	0.0156427 	-2.00926 	0.263553 	0.545565 	-0.00526297 	
0.305	0.0500572 	0.015506 	-2.00915 	0.263557 	0.545592 	-0.00525527 	
0.31	0.0500581 	0.0153672 	-2.00904 	0.263562 	0.54562 	-0.00524747 	
0.315	0.050059 	0.0152263 	-2.00893 	0.263566 	0.545648 	-0.00523956 	
0.32	0.0501693 	0.0148623 	-2.00899 	0.26372 	0.547218 	-0.00459395 	
0.325	0.0501702 	0.014717 	-2.00887 	0.263724 	0.547247 	-0.00458583 	
0.33	0.0501712 	0.0145697 	-2.00875 	0.263729 	0.547276 	-0.00457761 	
0.335	0.0501722 	0.0144203 	-2.00864 	0.263734 	0.547306 	-0.0045693 	
0.34	0.0501732 	0.0142688 	-2.00851 	0.263738 	0.547336 	-0.00456089 	
0.345	0.0501742 	0.0141152 	-2.00839 	0.263743 	0.547367 	-0.00455239 	
0.35	0.0501753 	0.0139595 	-2.00827 	0.263748 	0.547397 	-0.0045438 	
0.355	0.0501764 	0.0138018 	-2.00814 	0.263753 	0.547429 	-0.00453511 	
0.36	0.0502997 	0.0133972 	-2.0082 	0.263929 	0.549164 	-0.00381905 	
0.365	0.0503008 	0.0132353 	-2.00807 	0.263934 	0.549196 	-0.00381017 	
0.37	0.050302 	0.0130713 	-2.00794 	0.263939 	0.549229 	-0.0038012 	
0.375	0.0503031 	0.0129052 	-2.00781 	0.263945 	0.549262 	-0.00379214 	
0.38	0.0503044 	0.0127371 	-2.00768 	0.26395 	0.549295 	-0.003783 	
0.385	0.0503056 	0.012567 	-2.00754 	0.263955 	0.549328 	-0.00377378 	
0.39	0.0503069 	0.0123948 	-2.0074 	0.263961 	0.549362 	-0.00376447 	
0.395	0.0504288 	0.0119811 	-2.00744 	0.26414 	0.551061 	-0.00306154 	
0.4	0.0504301 	0.0118049 	-2.0073 	0.264146 	0.551096 	-0.00305206 	
0.405	0.0504315 	0.0116266 	-2.00716 	0.264151 	0.551131 	-0.00304249 	
0.41	0.0504328 	0.0114464 	-2.00702 	0.264157 	0.551166 	-0.00303285 	
0.415	0.0504343 	0.0112641 	-2.00687 	0.264163 	0.551202 	-0.00302314 	
0.42	0.0504357 	0.0110799 	-2.00672 	0.264168 	0.551237 	-0.00301335 	
0.425	0.0505504 	0.0106708 	-2.00674 	0.264342 	0.552822 	-0.00235649 	
0.43	0.0505519 	0.0104825 	-2.00659 	0.264348 	0.552859 	-0.00234654 	
0.435	0.0505534 	0.0102924 	-2.00644 	0.264354 	0.552896 	-0.00233652 	
0.44	0.050555 	0.0101002 	-2.00628 	0.26436 	0.552933 	-0.00232643 	
0.445	0.0505566 	0.00990615 	-2.00613 	0.264366 	0.55297 	-0.00231628 	
0.45	0.0505583 	0.00971013 	-2.00597 	0.264372 	0.553008 	-0.00230606 	
0.455	0.05068 	0.00927756 	-2.00599 	0.264561 	0.554674 	-0.00161358 	
0.46	0.0506817 	0.00907764 	-2.00583 	0.264568 	0.554712 	-0.00160322 	
0.465	0.0506835 	0.00887583 	-2.00566 	0.264574 	0.554751 	-0.00159279 	
0.47	0.0506853 	0.00867211 	-2.0055 	0.26458 	0.55479 	-0.00158231 	
0.475	0.0506871 	0.00846649 	-2.00534 	0.264586 	0.55483 	-0.00157176 	
0.48	0.0506889 	0.00825898 	-2.00517 	0.264593 	0.554869 	-0.00156117 	
0.485	0.0508193 	0.00780075 	-2.00518 	0.2648 	0.556634 	-0.000825394 	
0.49	0.0508212 	0.00758944 	-2.00501 	0.264807 	0.556674 	-0.000814665 	
0.495	0.0508231 	0.00737629 	-2.00484 	0.264813 	0.556714 	-0.000803885 	
0.5	0.0508251 	0.00716129 	-2.00467 	0.26482 	0.556755 	-0.000793056 	
0.505	0.0508272 	0.00694444 	-2.00449 	0.264827 	0.556796 	-0.000782178 	
0.51	0.0509451 	0.00650328 	-2.00448 	0.265019 	0.558377 	-0.000121488 	
0.515	0.0509472 	0.00628273 	-2.0043 	0.265026 	0.558419 	-0.000110497 	
0.52	0.0509493 	0.00606038 	-2.00412 	0.265033 	0.558461 	-9.94624e-05 	
0.525	0.0509515 	0.00583622 	-2.00394 	0.265039 	0.558503 	-8.83867e-05 	
0.53	0.0509537 	0.00561026 	-2.00376 	0.265046 	0.558546 	-7.72715e-05 	
0.535	0.0510759 	0.00515397 	-2.00374 	0.26525 	0.560168 	0.000602684 	
0.54	0.0510782 	0.0049244 	-2.00356 	0.265257 	0.560211 	0.000613898 	
0.545	0.0510806 	0.00469308 	-2.00337 	0.265264 	0.560254 	0.000625149 	
0.55	0.051083 	0.00446 	-2.00318 	0.265271 	0.560298 	0.000636432 	
0.555	0.0510854 	0.00422517 	-2.00299 	0.265278 	0.560342 	0.000647747 	
0.56	0.0512136 	0.00375094 	-2.00297 	0.265496 	0.562026 	0.00135611 	
0.565	0.0512161 	0.00351258 	-2.00278 	0.265503 	0.562071 	0.00136751 	
0.57	0.0512186 	0.00327254 	-2.00258 	0.265511 	0.562115 	0.00137893 	
0.575	0.0512213 	0.00303077 	-2.00239 	0.265518 	0.56216 	0.00139038 	
0.58	0.0512239 	0.00278731 	-2.00219 	0.265525 	0.562205 	0.00140186 	
0.585	0.0513583 	0.00229527 	-2.00217 	0.265759 	0.563952 	0.00213914 	
0.59	0.051361 	0.00204839 	-2.00197 	0.265766 	0.563998 	0.00215069 	
0.595	0.0513638 	0.00179986 	-2.00177 	0.265773 	0.564043 	0.00216225 	
0.6	0.0513667 	0.00154967 	-2.00156 	0.265781 	0.564089 	0.00217383 	
0.605	0.0513696 	0.00129783 	-2.00136 	0.265788 	0.564135 	0.00218543 	
0.61	0.0515102 	0.000788429 	-2.00133 	0.266038 	0.565944 	0.00295127 	
0.615	0.0515131 	0.000533271 	-2.00113 	0.266045 	0.56599 	0.00296292 	
0.62	0.0515162 	0.000276524 	-2.00092 	0.266053 	0.566037 	0.00297458 	
0.625	0.0515192 	1.81664e-05 	-2.00071 	0.26606 	0.566084 	0.00298625 	
0.63	0.0515224 	-0.000241791 	-2.0005 	0.266068 	0.566131 	0.00299793 	
0.635	0.0516692 	-0.00076805 	-2.00047 	0.266334 	0.567999 	0.00379184 	
0.64	0.0516725 	-0.00103122 	-2.00025 	0.266341 	0.568046 	0.00380356 	
0.645	0.0516757 	-0.00129592 	-2.00004 	0.266349 	0.568093 	0.00381528 	
0.65	0.0516791 	-0.00156217 	-1.99982 	0.266357 	0.568141 	0.003827 	
0.655	0.0518047 	-0.00205327 	-1.99976 	0.266589 	0.569723 	0.00450038 	
0.66	0.0518081 	-0.00232264 	-1.99954 	0.266596 	0.569771 	0.00451213 	
0.665	0.0518116 	-0.0025935 	-1.99932 	0.266604 	0.569819 	0.00452387 	
0.67	0.0518151 	-0.00286588 	-1.99909 	0.266612 	0.569868 	0.0045356 	
0.675	0.0519423 	-0.00336371 	-1.99902 	0.266851 	0.571453 	0.00521238 	
0.68	0.0519459 	-0.00363911 	-1.9988 	0.266859 	0.571502 	0.00522412 	
0.685	0.0519496 	-0.00391596 	-1.99857 	0.266866 	0.571551 	0.00523585 	
0.69	0.0519533 	-0.00419427 	-1.99834 	0.266874 	0.5716 	0.00524757 	
0.695	0.0520842 	-0.00470273 	-1.99827 	0.267124 	0.573216 	0.00594002 	
0.7	0.0520881 	-0.00498397 	-1.99804 	0.267132 	0.573266 	0.00595173 	
0.705	0.052092 	-0.00526663 	-1.99781 	0.26714 	0.573315 	0.00596343 	
0.71	0.0520959 	-0.0055507 	-1.99757 	0.267148 	0.573365 	0.00597511 	
0.715	0.0522309 	-0.00606988 	-1.9975 	0.267409 	0.575015 	0.0066842 	
0.72	0.052235 	-0.00635678 	-1.99726 	0.267417 	0.575064 	0.00669587 	
0.725	0.0522391 	-0.00664505 	-1.99703 	0.267425 	0.575114 	0.00670751 	
0.73	0.0522433 	-0.00693468 	-1.99679 	0.267433 	0.575164 	0.00671913 	
0.735	0.0523823 	-0.0074643 	-1.99671 	0.267706 	0.576846 	0.00744468 	
0.74	0.0523866 	-0.00775667 	-1.99647 	0.267714 	0.576897 	0.00745627 	
0.745	0.0523909 	-0.00805036 	-1.99623 	0.267723 	0.576947 	0.00746783 	
0.75	0.0523953 	-0.00834537 	-1.99598 	0.267731 	0.576997 	0.00747935 	
0.755	0.0525384 	-0.00888508 	-1.9959 	0.268016 	0.578711 	0.00822107 	
0.76	0.0525429 	-0.00918273 	-1.99566 	0.268024 	0.578761 	0.00823256 	
0.765	0.0525475 	-0.00948165 	-1.99541 	0.268032 	0.578812 	0.00824401 	
0.77	0.0525522 	-0.00978183 	-1.99516 	0.268041 	0.578863 	0.00825542 	
0.775	0.0526993 	-0.0103313 	-1.99508 	0.268338 	0.580606 	0.00901298 	
0.78	0.052704 	-0.010634 	-1.99483 	0.268346 	0.580657 	0.00902435 	
0.785	0.0527088 	-0.010938 	-1.99457 	0.268355 	0.580708 	0.00903567 	
0.79	0.0527137 	-0.0112431 	-1.99432 	0.268363 	0.580759 	0.00904694 	
0.795	0.0528649 	-0.011802 	-1.99423 	0.268673 	0.582531 	0.00982001 	
0.8	0.0528699 	-0.0121096 	-1.99398 	0.268682 	0.582582 	0.00983122 	
0.805	0.0528749 	-0.0124184 	-1.99372 	0.26869 	0.582634 	0.00984239 	
0.81	0.05288 	-0.0127283 	-1.99346 	0.268698 	0.582685 	0.0098535 	
0.815	0.0530352 	-0.0132962 	-1.99337 	0.269021 	0.584485 	0.0106417 	
0.82	0.0530404 	-0.0136085 	-1.99311 	0.26903 	0.584536 	0.0106528 	
0.825	0.0530457 	-0.0139219 	-1.99285 	0.269038 	0.584587 	0.0106638 	
0.83	0.0530511 	-0.0142364 	-1.99259 	0.269046 	0.584639 	0.0106747 	
0.835	0.0532103 	-0.0148129 	-1.9925 	0.269382 	0.586465 	0.0114777 	
0.84	0.0532157 	-0.0151297 	-1.99223 	0.269391 	0.586517 	0.0114886 	
0.845	0.0532213 	-0.0154475 	-1.99197 	0.269399 	0.586568 	0.0114994 	
0.85	0.0532269 	-0.0157664 	-1.9917 	0.269407 	0.586619 	0.0115101 	
0.855	0.0533901 	-0.0163512 	-1.99161 	0.269757 	0.588471 	0.0123276 	
0.86	0.0533958 	-0.0166722 	-1.99134 	0.269765 	0.588522 	0.0123382 	
0.865	0.0534016 	-0.0169942 	-1.99107 	0.269773 	0.588574 	0.0123488 	
0.87	0.0534074 	-0.0173173 	-1.9908 	0.269782 	0.588625 	0.0123593 	
0.875	0.0535745 	-0.01791 	-1.9907 	0.270144 	0.590501 	0.0131908 	
0.88	0.0535805 	-0.0182351 	-1.99042 	0.270152 	0.590552 	0.0132012 	
0.885	0.0535865 	-0.0185611 	-1.99015 	0.270161 	0.590603 	0.0132115 	
0.89	0.0535927 	-0.0188881 	-1.98987 	0.270169 	0.590655 	0.0132218 	
0.895	0.0537637 	-0.0194883 	-1.98977 	0.270545 	0.592553 	0.014067 	
0.9	0.0537699 	-0.0198172 	-1.9895 	0.270553 	0.592604 	0.0140771 	
0.905	0.0537762 	-0.020147 	-1.98922 	0.270562 	0.592655 	0.0140872 	
0.91	0.0537826 	-0.0204777 	-1.98894 	0.27057 	0.592707 	0.0140972 	
0.915	0.0539574 	-0.021085 	-1.98883 	0.27096 	0.594626 	0.0149557 	
0.92	0.0539639 	-0.0214176 	-1.98855 	0.270968 	0.594677 	0.0149656 	
0.925	0.0539705 	-0.0217509 	-1.98827 	0.270976 	0.594728 	0.0149753 	
0.93	0.0539771 	-0.0220852 	-1.98799 	0.270984 	0.59478 	0.014985 	
0.935	0.0541558 	-0.0226992 	-1.98788 	0.271388 	0.596719 	0.0158564 	
0.94	0.0541626 	-0.0230352 	-1.9876 	0.271396 	0.59677 	0.015866 	
0.945	0.0541694 	-0.0233719 	-1.98731 	0.271404 	0.596821 	0.0158754 	
0.95	0.0541762 	-0.0237094 	-1.98703 	0.271412 	0.596872 	0.0158848 	
0.955	0.0543588 	-0.0243297 	-1.98691 	0.271829 	0.598829 	0.0167687 	
0.96	0.0543658 	-0.0246689 	-1.98663 	0.271837 	0.59888 	0.0167779 	
0.965	0.0543728 	-0.0250087 	-1.98634 	0.271846 	0.598931 	0.0167871 	
0.97	0.05438 	-0.0253493 	-1.98605 	0.271854 	0.598982 	0.0167961 	
0.975	0.0545662 	-0.0259756 	-1.98593 	0.272285 	0.600956 	0.0176921 	
0.98	0.0545735 	-0.0263177 	-1.98564 	0.272293 	0.601007 	0.017701 	
0.985	0.0545808 	-0.0266604 	-1.98535 	0.272301 	0.601058 	0.0177097 	
0.99	0.0547293 	-0.0272265 	-1.98519 	0.272646 	0.60261 	0.0184142 	
0.995	0.0547368 	-0.0275706 	-1.9849 	0.272654 	0.60266 	0.0184228 	
1	0.0547443 	-0.0279154 	-1.98461 	0.272662 	0.602711 	0.0184313 	
1.005	0.0547518 	-0.0282608 	-1.98431 	0.27267 	0.602761 	0.0184397 	
1.01	0.0549404 	-0.02889 	-1.98419 	0.273115 	0.604719 	0.0193354 	
1.015	0.0549481 	-0.0292367 	-1.98389 	0.273123 	0.604769 	0.0193437 	
1.02	0.0549558 	-0.029584 	-1.98359 	0.273131 	0.604819 	0.0193518 	
1.025	0.055109 	-0.0301572 	-1.98343 	0.273494 	0.606386 	0.0200691 	
1.03	0.0551168 	-0.0305057 	-1.98313 	0.273502 	0.606436 	0.020077 	
1.035	0.0551248 	-0.0308548 	-1.98283 	0.27351 	0.606485 	0.0200849 	
1.04	0.0551328 	-0.0312044 	-1.98253 	0.273518 	0.606535 	0.0200926 	
1.045	0.0553274 	-0.0318414 	-1.9824 	0.273986 	0.608515 	0.0210062 	
1.05	0.0553355 	-0.0321921 	-1.9821 	0.273994 	0.608564 	0.0210138 	
1.055	0.0553437 	-0.0325433 	-1.9818 	0.274001 	0.608613 	0.0210213 	
1.06	0.0555017 	-0.0331231 	-1.98163 	0.274383 	0.610196 	0.0217522 	
1.065	0.05551 	-0.0334752 	-1.98133 	0.274391 	0.610244 	0.0217595 	
1.07	0.0555184 	-0.0338278 	-1.98103 	0.274398 	0.610293 	0.0217666 	
1.075	0.0556743 	-0.0344041 	-1.98085 	0.274778 	0.611841 	0.0224838 	
1.08	0.0556828 	-0.0347576 	-1.98055 	0.274785 	0.61189 	0.0224907 	
1.085	0.0556914 	-0.0351115 	-1.98024 	0.274793 	0.611938 	0.0224976 	
1.09	0.0558488 	-0.0356894 	-1.98007 	0.275179 	0.613487 	0.0232179 	
1.095	0.0558575 	-0.0360441 	-1.97976 	0.275186 	0.613535 	0.0232245 	
1.1	0.0558663 	-0.0363992 	-1.97945 	0.275194 	0.613583 	0.023231 	
1.105	0.0560256 	-0.0369791 	-1.97927 	0.275587 	0.615136 	0.0239561 	
1.11	0.0560344 	-0.0373349 	-1.97897 	0.275594 	0.615183 	0.0239624 	
1.115	0.0560433 	-0.037691 	-1.97866 	0.275602 	0.615231 	0.0239686 	
1.12	0.0562045 	-0.0382727 	-1.97848 	0.276003 	0.616787 	0.0246983 	
1.125	0.0562135 	-0.0386295 	-1.97817 	0.27601 	0.616834 	0.0247042 	
1.13	0.0562226 	-0.0389866 	-1.97786 	0.276017 	0.616881 	0.0247101 	
1.135	0.0563856 	-0.0395698 	-1.97767 	0.276425 	0.618441 	0.0254443 	
1.14	0.0563948 	-0.0399274 	-1.97736 	0.276433 	0.618488 	0.0254499 	
1.145	0.056404 	-0.0402853 	-1.97705 	0.27644 	0.618534 	0.0254554 	
1.15	0.0565687 	-0.0408699 	-1.97687 	0.276855 	0.620096 	0.0261938 	
1.155	0.0565781 	-0.0412282 	-1.97655 	0.276862 	0.620142 	0.0261991 	
1.16	0.0565876 	-0.0415867 	-1.97624 	0.27687 	0.620188 	0.0262043 	
1.165	0.0567539 	-0.0421725 	-1.97606 	0.277292 	0.621752 	0.0269467 	
1.17	0.0567635 	-0.0425314 	-1.97574 	0.277299 	0.621798 	0.0269517 	
1.175	0.0567731 	-0.0428905 	-1.97543 	0.277306 	0.621844 	0.0269565 	
1.18	0.0569411 	-0.0434771 	-1.97524 	0.277736 	0.623409 	0.0277027 	
1.185	0.0569509 	-0.0438365 	-1.97492 	0.277743 	0.623454 	0.0277073 	
1.19	0.0569606 	-0.044196 	-1.97461 	0.27775 	0.623499 	0.0277118 	
1.195	0.0571303 	-0.0447834 	-1.97442 	0.278187 	0.625065 	0.0284616 	
1.2	0.0571402 	-0.0451431 	-1.9741 	0.278194 	0.62511 	0.0284658 	
1.205	0.0571501 	-0.0455028 	-1.97379 	0.2782 	0.625154 	0.0284699 	
1.21	0.0573213 	-0.0460907 	-1.9736 	0.278644 	0.62672 	0.029223 	
1.215	0.0573314 	-0.0464506 	-1.97328 	0.278651 	0.626764 	0.0292269 	
1.22	0.0573415 	-0.0468105 	-1.97296 	0.278657 	0.626808 	0.0292306 	
1.225	0.0575142 	-0.0473987 	-1.97277 	0.279108 	0.628374 	0.0299868 	
1.23	0.0575244 	-0.0477586 	-1.97245 	0.279114 	0.628417 	0.0299903 	
1.235	0.0575346 	-0.0481186 	-1.97214 	0.279121 	0.62846 	0.0299937 	
1.24	0.0577088 	-0.0487068 	-1.97194 	0.279578 	0.630025 	0.0307527 	
1.245	0.0577191 	-0.0490667 	-1.97162 	0.279584 	0.630068 	0.0307558 	
1.25	0.0577295 	-0.0494265 	-1.9713 	0.279591 	0.630111 	0.0307589 	
1.255	0.057905 	-0.0500145 	-1.97111 	0.280055 	0.631674 	0.0315204 	
1.26	0.0579155 	-0.0503742 	-1.97079 	0.280061 	0.631716 	0.0315232 	
1.265	0.0579261 	-0.0507338 	-1.97047 	0.280067 	0.631758 	0.0315259 	
1.27	0.0581029 	-0.0513215 	-1.97027 	0.280537 	0.633319 	0.0322897 	
1.275	0.0581136 	-0.0516809 	-1.96995 	0.280543 	0.633361 	0.0322922 	
1.28	0.0581243 	-0.0520401 	-1.96964 	0.280549 	0.633402 	0.0322945 	
1.285	0.0583024 	-0.0526272 	-1.96944 	0.281026 	0.63496 	0.0330604 	
1.29	0.0583132 	-0.0529862 	-1.96912 	0.281032 	0.635001 	0.0330625 	
1.295	0.058324 	-0.0533449 	-1.9688 	0.281037 	0.635042 	0.0330644 	
1.3	0.0585033 	-0.0539312 	-1.9686 	0.28152 	0.636597 	0.0338321 	
1.305	0.0585142 	-0.0542896 	-1.96828 	0.281526 	0.636637 	0.0338338 	
1.31	0.0585252 	-0.0546477 	-1.96796 	0.281531 	0.636677 	0.0338354 	
1.315	0.0587056 	-0.055233 	-1.96776 	0.28202 	0.638228 	0.0346047 	
1.32	0.0587167 	-0.0555906 	-1.96744 	0.282025 	0.638267 	0.034606 	
1.325	0.0587277 	-0.055948 	-1.96712 	0.282031 	0.638307 	0.0346072 	
1.33	0.0589093 	-0.0565321 	-1.96691 	0.282525 	0.639853 	0.0353777 	
1.335	0.0589204 	-0.0568889 	-1.9666 	0.28253 	0.639892 	0.0353787 	
1.34	0.0589316 	-0.0572454 	-1.96628 	0.282535 	0.639931 	0.0353796 	
1.345	0.0591141 	-0.057828 	-1.96607 	0.283035 	0.641472 	0.0361511 	
1.35	0.0591254 	-0.0581839 	-1.96575 	0.28304 	0.64151 	0.0361517 	
1.355	0.0591367 	-0.0585394 	-1.96543 	0.283045 	0.641548 	0.0361522 	
1.36	0.0593202 	-0.0591203 	-1.96523 	0.28355 	0.643084 	0.0369245 	
1.365	0.0593316 	-0.0594751 	-1.96491 	0.283555 	0.643122 	0.0369248 	
1.37	0.059343 	-0.0598295 	-1.96459 	0.28356 	0.643159 	0.0369249 	
1.375	0.0595273 	-0.0604086 	-1.96439 	0.28407 	0.644689 	0.0376976 	
1.38	0.0595388 	-0.0607622 	-1.96407 	0.284075 	0.644726 	0.0376975 	
1.385	0.0595503 	-0.0611153 	-1.96375 	0.28408 	0.644762 	0.0376973 	
1.39	0.0597354 	-0.0616924 	-1.96354 	0.284594 	0.646285 	0.0384702 	
1.395	0.059747 	-0.0620446 	-1.96322 	0.284599 	0.646321 	0.0384698 	
1.4	0.0597586 	-0.0623964 	-1.96291 	0.284604 	0.646357 	0.0384692 	
1.405	0.0599444 	-0.0629711 	-1.9627 	0.285123 	0.647873 	0.039242 	
1.41	0.0599561 	-0.0633219 	-1.96238 	0.285128 	0.647908 	0.0392412 	
1.415	0.0599678 	-0.0636722 	-1.96206 	0.285132 	0.647943 	0.0392403 	
1.42	0.0601542 	-0.0642444 	-1.96186 	0.285656 	0.649452 	0.0400127 	
1.425	0.060166 	-0.0645937 	-1.96154 	0.28566 	0.649486 	0.0400116 	
1.43	0.0601778 	-0.0649423 	-1.96122 	0.285665 	0.64952 	0.0400103 	
1.435	0.0603647 	-0.0655119 	-1.96101 	0.286192 	0.65102 	0.0407821 	
1.44	0.0603766 	-0.0658594 	-1.9607 	0.286197 	0.651054 	0.0407806 	
1.445	0.0603884 	-0.0662063 	-1.96038 	0.286201 	0.651087 	0.040779 	
1.45	0.0605759 	-0.066773 	-1.96017 	0.286732 	0.652579 	0.0415498 	
1.455	0.0605878 	-0.0671187 	-1.95986 	0.286736 	0.652612 	0.041548 	
1.46	0.0605997 	-0.0674637 	-1.95954 	0.28674 	0.652644 	0.041546 	
1.465	0.0607876 	-0.0680273 	-1.95933 	0.287275 	0.654126 	0.0423156 	
1.47	0.0607995 	-0.0683711 	-1.95902 	0.287279 	0.654159 	0.0423134 	
1.475	0.0608115 	-0.0687142 	-1.95871 	0.287283 	0.654191 	0.0423112 	
1.48	0.0609997 	-0.0692744 	-1.9585 	0.287822 	0.655663 	0.0430792 	
1.485	0.0610117 	-0.0696161 	-1.95819 	0.287825 	0.655694 	0.0430767 	
1.49	0.0610238 	-0.0699571 	-1.95787 	0.287829 	0.655725 	0.0430741 	
1.495	0.0612121 	-0.0705138 	-1.95766 	0.28837 	0.657187 	0.0438403 	
1.5	0.0612242 	-0.0708534 	-1.95735 	0.288374 	0.657218 	0.0438375 	
1.505	0.0612363 	-0.0711922 	-1.95704 	0.288378 	0.657248 	0.0438345 	
1.51	0.0612484 	-0.0715302 	-1.95673 	0.288381 	0.657279 	0.0438315 	
1.515	0.0614897 	-0.0721466 	-1.95655 	0.289087 	0.659153 	0.0448246 	
1.52	0.0615018 	-0.0724831 	-1.95624 	0.289091 	0.659183 	0.0448214 	
1.525	0.061514 	-0.0728187 	-1.95593 	0.289094 	0.659212 	0.044818 	
1.53	0.0617079 	-0.073373 	-1.95573 	0.289658 	0.660691 	0.0456022 	
1.535	0.06172 	-0.073707 	-1.95542 	0.289661 	0.66072 	0.0455987 	
1.54	0.0617322 	-0.0740401 	-1.95511 	0.289665 	0.660748 	0.0455951 	
1.545	0.0617445 	-0.0743724 	-1.95481 	0.289668 	0.660777 	0.0455913 	
1.55	0.0619861 	-0.0749789 	-1.95463 	0.290382 	0.662621 	0.0465788 	
1.555	0.0619983 	-0.0753095 	-1.95432 	0.290385 	0.662649 	0.0465749 	
1.56	0.0620106 	-0.0756392 	-1.95402 	0.290388 	0.662676 	0.0465709 	
1.565	0.0622042 	-0.0761834 	-1.95381 	0.290957 	0.664126 	0.0473481 	
1.57	0.0622164 	-0.0765112 	-1.95351 	0.29096 	0.664153 	0.0473439 	
1.575	0.0622286 	-0.0768381 	-1.9532 	0.290963 	0.66418 	0.0473396 	
1.58	0.0622409 	-0.0771641 	-1.9529 	0.290965 	0.664207 	0.0473352 	
1.585	0.0624818 	-0.0777588 	-1.95272 	0.291685 	0.666012 	0.0483126 	
1.59	0.062494 	-0.0780829 	-1.95242 	0.291687 	0.666038 	0.048308 	
1.595	0.0625063 	-0.0784059 	-1.95212 	0.29169 	0.666064 	0.0483033 	
1.6	0.0625185 	-0.078728 	-1.95182 	0.291692 	0.66609 	0.0482986 	
1.605	0.0627636 	-0.0793211 	-1.95164 	0.292429 	0.667909 	0.0492901 	
1.61	0.0627758 	-0.0796412 	-1.95135 	0.292431 	0.667934 	0.0492852 	
1.615	0.062788 	-0.0799602 	-1.95105 	0.292434 	0.667959 	0.0492802 	
1.62	0.0628003 	-0.0802782 	-1.95075 	0.292436 	0.667984 	0.0492751 	
1.625	0.0630449 	-0.0808642 	-1.95058 	0.293175 	0.669782 	0.0502612 	
1.63	0.0630571 	-0.0811801 	-1.95028 	0.293177 	0.669806 	0.0502559 	
1.635	0.0630693 	-0.0814949 	-1.94999 	0.293179 	0.66983 	0.0502506 	
1.64	0.0630815 	-0.0818086 	-1.9497 	0.293181 	0.669854 	0.0502451 	
1.645	0.063325 	-0.0823866 	-1.94952 	0.29392 	0.671626 	0.0512231 	
1.65	0.0633372 	-0.0826981 	-1.94923 	0.293922 	0.671649 	0.0512175 	
1.655	0.0633494 	-0.0830085 	-1.94894 	0.293924 	0.671672 	0.0512119 	
1.66	0.0633615 	-0.0833178 	-1.94865 	0.293926 	0.671695 	0.0512061 	
1.665	0.0636036 	-0.0838873 	-1.94847 	0.294665 	0.67344 	0.0521749 	
1.67	0.0636157 	-0.0841943 	-1.94818 	0.294666 	0.673463 	0.0521691 	
1.675	0.0636279 	-0.0845001 	-1.9479 	0.294668 	0.673485 	0.0521631 	
1.68	0.06364 	-0.0848047 	-1.94761 	0.29467 	0.673507 	0.0521571 	
1.685	0.0638804 	-0.0853655 	-1.94743 	0.295407 	0.675224 	0.0531161 	
1.69	0.0638925 	-0.0856678 	-1.94715 	0.295408 	0.675245 	0.0531099 	
1.695	0.0639046 	-0.0859688 	-1.94687 	0.29541 	0.675266 	0.0531037 	
1.7	0.0639166 	-0.0862685 	-1.94659 	0.295411 	0.675287 	0.0530974 	
1.705	0.0641552 	-0.0868203 	-1.94641 	0.296146 	0.676975 	0.0540458 	
1.71	0.0641672 	-0.0871176 	-1.94613 	0.296147 	0.676996 	0.0540393 	
1.715	0.0641792 	-0.0874136 	-1.94585 	0.296148 	0.677016 	0.0540329 	
1.72	0.0641912 	-0.0877084 	-1.94558 	0.29615 	0.677036 	0.0540263 	
1.725	0.0644276 	-0.0882507 	-1.9454 	0.296881 	0.678694 	0.0549633 	
1.73	0.0644396 	-0.088543 	-1.94512 	0.296882 	0.678713 	0.0549567 	
1.735	0.0644515 	-0.0888339 	-1.94485 	0.296883 	0.678733 	0.05495 	
1.74	0.0644634 	-0.0891234 	-1.94458 	0.296884 	0.678752 	0.0549432 	
1.745	0.0646975 	-0.089656 	-1.9444 	0.297612 	0.680379 	0.0558681 	
1.75	0.0647093 	-0.089943 	-1.94413 	0.297613 	0.680398 	0.0558612 	
1.755	0.0647211 	-0.0902286 	-1.94386 	0.297614 	0.680416 	0.0558543 	
1.76	0.0647329 	-0.0905128 	-1.94359 	0.297614 	0.680434 	0.0558473 	
1.765	0.0649645 	-0.0910353 	-1.94342 	0.298337 	0.68203 	0.0567594 	
1.77	0.0649762 	-0.0913168 	-1.94315 	0.298338 	0.682047 	0.0567523 	
1.775	0.0649879 	-0.0915969 	-1.94289 	0.298338 	0.682065 	0.0567452 	
1.78	0.0649996 	-0.0918756 	-1.94263 	0.298339 	0.682083 	0.0567381 	
1.785	0.0652284 	-0.0923878 	-1.94245 	0.299056 	0.683645 	0.0576365 	
1.79	0.0652399 	-0.0926637 	-1.94219 	0.299056 	0.683662 	0.0576293 	
1.795	0.0652515 	-0.0929382 	-1.94193 	0.299057 	0.683679 	0.057622 	
1.8	0.065263 	-0.0932112 	-1.94167 	0.299057 	0.683695 	0.0576147 	
1.805	0.0654888 	-0.0937127 	-1.9415 	0.299767 	0.685224 	0.0584988 	
1.81	0.0655003 	-0.0939828 	-1.94125 	0.299768 	0.685241 	0.0584914 	
1.815	0.0655117 	-0.0942515 	-1.94099 	0.299768 	0.685257 	0.058484 	
1.82	0.0655231 	-0.0945186 	-1.94074 	0.299768 	0.685272 	0.0584766 	
1.825	0.0657456 	-0.0950092 	-1.94057 	0.300471 	0.686767 	0.0593456 	
1.83	0.0657569 	-0.0952734 	-1.94032 	0.300471 	0.686782 	0.0593381 	
1.835	0.0657681 	-0.0955361 	-1.94007 	0.300471 	0.686798 	0.0593306 	
1.84	0.0657794 	-0.0957972 	-1.93982 	0.300472 	0.686813 	0.059323 	
1.845	0.0659984 	-0.0962766 	-1.93966 	0.301165 	0.688272 	0.0601763 	
1.85	0.0660096 	-0.0965347 	-1.93941 	0.301166 	0.688287 	0.0601687 	
1.855	0.0660206 	-0.0967912 	-1.93917 	0.301166 	0.688301 	0.0601611 	
1.86	0.0660317 	-0.0970462 	-1.93892 	0.301166 	0.688316 	0.0601534 	
1.865	0.0662471 	-0.0975141 	-1.93876 	0.30185 	0.689739 	0.0609902 	
1.87	0.066258 	-0.097766 	-1.93852 	0.30185 	0.689753 	0.0609825 	
1.875	0.0662689 	-0.0980162 	-1.93828 	0.30185 	0.689767 	0.0609748 	
1.88	0.0662797 	-0.0982649 	-1.93804 	0.30185 	0.68978 	0.060967 	
1.885	0.0664912 	-0.098721 	-1.93788 	0.302525 	0.691168 	0.0617866 	
1.89	0.066502 	-0.0989665 	-1.93765 	0.302525 	0.691181 	0.0617789 	
1.895	0.0665126 	-0.0992104 	-1.93741 	0.302524 	0.691194 	0.0617711 	
1.9	0.0665233 	-0.0994526 	-1.93718 	0.302524 	0.691206 	0.0617633 	
1.905	0.0665339 	-0.0996932 	-1.93695 	0.302524 	0.691219 	0.0617555 	
1.91	0.0667847 	-0.10018 	-1.93681 	0.303334 	0.692864 	0.0627358 	
1.915	0.0667951 	-0.100418 	-1.93658 	0.303334 	0.692876 	0.062728 	
1.92	0.0668056 	-0.100653 	-1.93636 	0.303334 	0.692888 	0.0627203 	
1.925	0.0668159 	-0.100887 	-1.93613 	0.303333 	0.6929 	0.0627125 	
1.93	0.0668263 	-0.10112 	-1.93591 	0.303333 	0.692911 	0.0627046 	
1.935	0.0670749 	-0.101595 	-1.93577 	0.30414 	0.694528 	0.0636749 	
1.94	0.0670851 	-0.101823 	-1.93555 	0.30414 	0.69454 	0.0636671 	
1.945	0.0670952 	-0.102051 	-1.93534 	0.304139 	0.694551 	0.0636593 	
1.95	0.0671053 	-0.102276 	-1.93512 	0.304139 	0.694562 	0.0636515 	
1.955	0.0671153 	-0.1025 	-1.9349 	0.304138 	0.694573 	0.0636438 	
1.96	0.0673572 	-0.102958 	-1.93477 	0.304927 	0.696132 	0.0645854 	
1.965	0.0673671 	-0.103178 	-1.93456 	0.304926 	0.696143 	0.0645776 	
1.97	0.0673769 	-0.103397 	-1.93435 	0.304926 	0.696153 	0.0645699 	
1.975	0.0673867 	-0.103613 	-1.93414 	0.304925 	0.696163 	0.0645621 	
1.98	0.0673964 	-0.103828 	-1.93393 	0.304924 	0.696173 	0.0645544 	
1.985	0.0676306 	-0.104268 	-1.93381 	0.305691 	0.697671 	0.0654643 	
1.99	0.0676402 	-0.10448 	-1.9336 	0.30569 	0.697681 	0.0654566 	
1.995	0.0676497 	-0.104689 	-1.9334 	0.305689 	0.697691 	0.0654489 	
2	0.0676592 	-0.104897 	-1.9332 	0.305689 	0.6977 	0.0654412 	
2.005	0.0676685 	-0.105104 	-1.933 	0.305688 	0.697709 	0.0654336 	
2.01	0.0678948 	-0.105525 	-1.93287 	0.306431 	0.699145 	0.0663103 	
2.015	0.067904 	-0.105727 	-1.93268 	0.30643 	0.699154 	0.0663027 	
2.02	0.0679131 	-0.105928 	-1.93248 	0.306429 	0.699162 	0.0662951 	
2.025	0.0679222 	-0.106127 	-1.93229 	0.306428 	0.699171 	0.0662876 	
2.03	0.0679313 	-0.106324 	-1.9321 	0.306428 	0.69918 	0.0662801 	
2.035	0.0681491 	-0.106727 	-1.93198 	0.307145 	0.700551 	0.0671223 	
2.04	0.0681579 	-0.10692 	-1.93179 	0.307144 	0.700559 	0.0671148 	
2.045	0.0681667 	-0.107112 	-1.93161 	0.307143 	0.700568 	0.0671074 	
2.05	0.0681755 	-0.107301 	-1.93143 	0.307142 	0.700576 	0.0671001 	
2.055	0.0681841 	-0.107489 	-1.93124 	0.307141 	0.700583 	0.0670927 	
2.06	0.0681927 	-0.107675 	-1.93106 	0.307141 	0.700591 	0.0670854 	
2.065	0.0684365 	-0.108091 	-1.93096 	0.307951 	0.702123 	0.0680335 	
2.07	0.0684449 	-0.108273 	-1.93078 	0.30795 	0.702131 	0.0680262 	
2.075	0.0684533 	-0.108453 	-1.93061 	0.30795 	0.702138 	0.068019 	
2.08	0.0684616 	-0.108632 	-1.93044 	0.307949 	0.702145 	0.0680119 	
2.085	0.0684698 	-0.108808 	-1.93026 	0.307948 	0.702152 	0.0680048 	
2.09	0.0684779 	-0.108983 	-1.93009 	0.307947 	0.702159 	0.0679977 	
2.095	0.0687124 	-0.109377 	-1.93 	0.30873 	0.703621 	0.0689085 	
2.1	0.0687204 	-0.109548 	-1.92983 	0.308729 	0.703628 	0.0689016 	
2.105	0.0687282 	-0.109716 	-1.92967 	0.308728 	0.703635 	0.0688946 	
2.11	0.068736 	-0.109883 	-1.92951 	0.308727 	0.703641 	0.0688878 	
2.115	0.0687438 	-0.110048 	-1.92935 	0.308726 	0.703648 	0.0688809 	
2.12	0.0687514 	-0.110211 	-1.92919 	0.308725 	0.703654 	0.0688742 	
2.125	0.0689725 	-0.110579 	-1.9291 	0.309466 	0.705022 	0.0697314 	
2.13	0.06898 	-0.110738 	-1.92894 	0.309465 	0.705028 	0.0697247 	
2.135	0.0689874 	-0.110895 	-1.92879 	0.309464 	0.705034 	0.0697181 	
2.14	0.0689947 	-0.11105 	-1.92864 	0.309463 	0.70504 	0.0697116 	
2.145	0.0690019 	-0.111203 	-1.92849 	0.309462 	0.705046 	0.0697051 	
2.15	0.069009 	-0.111355 	-1.92834 	0.309461 	0.705051 	0.0696986 	
2.155	0.069016 	-0.111504 	-1.92819 	0.30946 	0.705057 	0.0696923 	
2.16	0.0692512 	-0.111871 	-1.92812 	0.310255 	0.706507 	0.0706073 	
2.165	0.069258 	-0.112016 	-1.92798 	0.310254 	0.706512 	0.070601 	
2.17	0.0692648 	-0.112159 	-1.92784 	0.310253 	0.706517 	0.0705949 	
2.175	0.0692715 	-0.1123 	-1.9277 	0.310252 	0.706522 	0.0705888 	
2.18	0.0692781 	-0.112439 	-1.92756 	0.310251 	0.706527 	0.0705827 	
2.185	0.0692846 	-0.112576 	-1.92743 	0.31025 	0.706532 	0.0705767 	
2.19	0.069291 	-0.112711 	-1.9273 	0.310249 	0.706537 	0.0705708 	
2.195	0.0692974 	-0.112844 	-1.92717 	0.310248 	0.706541 	0.070565 	
2.2	0.0695411 	-0.113202 	-1.92711 	0.311077 	0.708038 	0.0715161 	
2.205	0.0695472 	-0.113331 	-1.92698 	0.311076 	0.708042 	0.0715104 	
2.21	0.0695532 	-0.113458 	-1.92686 	0.311075 	0.708047 	0.0715047 	
2.215	0.0695592 	-0.113583 	-1.92674 	0.311074 	0.708051 	0.0714992 	
2.22	0.0695651 	-0.113706 	-1.92662 	0.311074 	0.708055 	0.0714937 	
2.225	0.0695708 	-0.113827 	-1.9265 	0.311073 	0.708059 	0.0714883 	
2.23	0.0695765 	-0.113945 	-1.92638 	0.311072 	0.708063 	0.071483 	
2.235	0.0695821 	-0.114062 	-1.92627 	0.311071 	0.708067 	0.0714777 	
2.24	0.0698019 	-0.11438 	-1.92622 	0.311822 	0.709407 	0.0723346 	
2.245	0.0698073 	-0.114492 	-1.92611 	0.311821 	0.709411 	0.0723295 	
2.25	0.0698126 	-0.114603 	-1.926 	0.31182 	0.709414 	0.0723245 	
2.255	0.0698178 	-0.114711 	-1.92589 	0.311819 	0.709418 	0.0723196 	
2.26	0.0698229 	-0.114818 	-1.92579 	0.311818 	0.709421 	0.0723147 	
2.265	0.0698279 	-0.114922 	-1.92569 	0.311817 	0.709424 	0.07231 	
2.27	0.0698328 	-0.115024 	-1.92559 	0.311817 	0.709428 	0.0723053 	
2.275	0.0698376 	-0.115124 	-1.92549 	0.311816 	0.709431 	0.0723007 	
2.28	0.0698423 	-0.115222 	-1.92539 	0.311815 	0.709434 	0.0722962 	
2.285	0.0698469 	-0.115318 	-1.9253 	0.311814 	0.709437 	0.0722917 	
2.29	0.0700757 	-0.115622 	-1.92527 	0.312602 	0.710828 	0.0731879 	
2.295	0.0700801 	-0.115714 	-1.92518 	0.312601 	0.710831 	0.0731837 	
2.3	0.0700844 	-0.115804 	-1.92509 	0.312601 	0.710834 	0.0731795 	
2.305	0.0700887 	-0.115891 	-1.92501 	0.3126 	0.710837 	0.0731754 	
2.31	0.0700928 	-0.115976 	-1.92492 	0.312599 	0.710839 	0.0731715 	
2.315	0.0700968 	-0.116059 	-1.92484 	0.312599 	0.710842 	0.0731676 	
2.32	0.0701007 	-0.11614 	-1.92476 	0.312598 	0.710844 	0.0731638 	
2.325	0.0701045 	-0.116219 	-1.92468 	0.312597 	0.710847 	0.0731601 	
2.33	0.0701083 	-0.116296 	-1.92461 	0.312596 	0.710849 	0.0731565 	
2.335	0.0701119 	-0.116371 	-1.92454 	0.312596 	0.710851 	0.073153 	
2.34	0.0701154 	-0.116443 	-1.92446 	0.312595 	0.710853 	0.0731495 	
2.345	0.0701188 	-0.116513 	-1.9244 	0.312595 	0.710856 	0.0731462 	
2.35	0.0701221 	-0.116582 	-1.92433 	0.312594 	0.710858 	0.073143 	
2.355	0.0703506 	-0.116858 	-1.92432 	0.313388 	0.712244 	0.074043 	
2.36	0.0703537 	-0.116922 	-1.92426 	0.313388 	0.712246 	0.07404 	
2.365	0.0703567 	-0.116984 	-1.9242 	0.313387 	0.712248 	0.074037 	
2.37	0.0703596 	-0.117044 	-1.92414 	0.313387 	0.71225 	0.0740342 	
2.375	0.0703624 	-0.117101 	-1.92409 	0.313386 	0.712251 	0.0740315 	
2.38	0.0703651 	-0.117157 	-1.92403 	0.313386 	0.712253 	0.0740288 	
2.385	0.0703677 	-0.11721 	-1.92398 	0.313385 	0.712254 	0.0740263 	
2.39	0.0703702 	-0.117261 	-1.92393 	0.313385 	0.712256 	0.0740238 	
2.395	0.0703725 	-0.11731 	-1.92388 	0.313384 	0.712257 	0.0740215 	
2.4	0.0703748 	-0.117356 	-1.92384 	0.313384 	0.712259 	0.0740193 	
2.405	0.070377 	-0.117401 	-1.92379 	0.313383 	0.71226 	0.0740171 	
2.41	0.0703791 	-0.117443 	-1.92375 	0.313383 	0.712261 	0.0740151 	
2.415	0.070381 	-0.117483 	-1.92371 	0.313383 	0.712262 	0.0740132 	
2.42	0.0703827 	-0.117518 	-1.92368 	0.313382 	0.712263 	0.0740115 	
2.425	0.0703846 	-0.117557 	-1.92364 	0.313382 	0.712264 	0.0740096 	
2.43	0.0703861 	-0.117588 	-1.92361 	0.313382 	0.712265 	0.0740081 	
2.435	0.0703877 	-0.11762 	-1.92358 	0.313381 	0.712266 	0.0740066 	
2.44	0.0703891 	-0.117649 	-1.92355 	0.313381 	0.712267 	0.0740052 	
2.445	0.0703904 	-0.117677 	-1.92352 	0.313381 	0.712268 	0.0740038 	
2.45	0.0703917 	-0.117702 	-1.9235 	0.313381 	0.712269 	0.0740026 	
2.455	0.0703928 	-0.117725 	-1.92347 	0.31338 	0.712269 	0.0740015 	
2.46	0.0703938 	-0.117746 	-1.92345 	0.31338 	0.71227 	0.0740005 	
2.465	0.0703948 	-0.117765 	-1.92343 	0.31338 	0.71227 	0.0739996 	
2.47	0.0703956 	-0.117781 	-1.92342 	0.31338 	0.712271 	0.0739988 	
2.475	0.0703963 	-0.117796 	-1.9234 	0.31338 	0.712271 	0.0739981 	
2.48	0.0703969 	-0.117808 	-1.92339 	0.31338 	0.712272 	0.0739975 	
2.485	0.0703974 	-0.117818 	-1.92338 	0.31338 	0.712272 	0.073997 	
2.49	0.0703977 	-0.117826 	-1.92337 	0.313379 	0.712272 	0.0739966 	
2.495	0.070398 	-0.117831 	-1.92337 	0.313379 	0.712272 	0.0739963 	
2.5	0.070615 	-0.118036 	-1.92342 	0.314147 	0.713596 	0.0748645 	
2.505	0.070615 	-0.118036 	-1.92342 	0.314147 	0.713596 	0.0748645 	
2.51	0.0706255 	-0.118049 	-1.9234 	0.314143 	0.713593 	0.0748503 	
2.515	0.0706255 	-0.118049 	-1.9234 	0.314143 	0.713593 	0.0748503 	
2.52	0.0706251 	-0.11805 	-1.9234 	0.314141 	0.713588 	0.0748486 	
2.525	0.0706238 	-0.118049 	-1.92339 	0.314141 	0.713584 	0.0748482 	
2.53	0.0706221 	-0.118048 	-1.92339 	0.31414 	0.713578 	0.0748479 	
2.535	0.0706199 	-0.118047 	-1.92338 	0.314138 	0.713571 	0.0748475 	
2.54	0.0706173 	-0.118046 	-1.92338 	0.314137 	0.713562 	0.074847 	
2.545	0.0706144 	-0.118045 	-1.92337 	0.314135 	0.713552 	0.0748465 	
2.55	0.070611 	-0.118043 	-1.92336 	0.314133 	0.713541 	0.0748458 	
2.555	0.0706072 	-0.118041 	-1.92335 	0.314131 	0.713529 	0.0748451 	
2.56	0.070603 	-0.11804 	-1.92334 	0.314129 	0.713515 	0.0748444 	
2.565	0.0705985 	-0.118037 	-1.92332 	0.314126 	0.7135 	0.0748435 	
2.57	0.0705935 	-0.118035 	-1.92331 	0.314123 	0.713483 	0.0748426 	
2.575	0.0705881 	-0.118033 	-1.9233 	0.31412 	0.713465 	0.0748416 	
2.58	0.0705823 	-0.11803 	-1.92328 	0.314117 	0.713446 	0.0748406 	
2.585	0.0705762 	-0.118027 	-1.92326 	0.314113 	0.713426 	0.0748395 	
2.59	0.0705696 	-0.118024 	-1.92325 	0.314109 	0.713404 	0.0748383 	
2.595	0.0705626 	-0.118021 	-1.92323 	0.314105 	0.713381 	0.074837 	
2.6	0.0705552 	-0.118018 	-1.92321 	0.314101 	0.713356 	0.0748356 	
2.605	0.0705475 	-0.118014 	-1.92318 	0.314097 	0.713331 	0.0748342 	
2.61	0.0705393 	-0.11801 	-1.92316 	0.314092 	0.713304 	0.0748327 	
2.615	0.0705307 	-0.118006 	-1.92314 	0.314087 	0.713275 	0.0748312 	
2.62	0.0705218 	-0.118002 	-1.92311 	0.314082 	0.713246 	0.0748295 	
2.625	0.0705124 	-0.117998 	-1.92309 	0.314077 	0.713215 	0.0748278 	
2.63	0.0705026 	-0.117994 	-1.92306 	0.314071 	0.713182 	0.074826 	
2.635	0.0704925 	-0.117989 	-1.92303 	0.314065 	0.713149 	0.0748242 	
2.64	0.070482 	-0.117984 	-1.92301 	0.314059 	0.713114 	0.0748222 	
2.645	0.070471 	-0.117979 	-1.92298 	0.314053 	0.713078 	0.0748202 	
2.65	0.0704597 	-0.117974 	-1.92294 	0.314047 	0.71304 	0.0748182 	
2.655	0.070448 	-0.117969 	-1.92291 	0.31404 	0.713001 	0.074816 	
2.66	0.0704359 	-0.117963 	-1.92288 	0.314033 	0.712961 	0.0748138 	
2.665	0.0704221 	-0.117957 	-1.92284 	0.314025 	0.712916 	0.0748113 	
2.67	0.0704103 	-0.117951 	-1.92281 	0.314018 	0.712877 	0.0748092 	
2.675	0.0703959 	-0.117945 	-1.92277 	0.31401 	0.712829 	0.0748065 	
2.68	0.0703821 	-0.117938 	-1.92273 	0.314002 	0.712783 	0.074804 	
2.685	0.0703681 	-0.117932 	-1.92269 	0.313994 	0.712737 	0.0748015 	
2.69	0.0703536 	-0.117925 	-1.92265 	0.313986 	0.712689 	0.0747988 	
2.695	0.0703278 	-0.117907 	-1.92263 	0.313982 	0.712641 	0.0748104 	
2.7	0.0703125 	-0.1179 	-1.92259 	0.313973 	0.712591 	0.0748078 	
2.705	0.0702968 	-0.117892 	-1.92255 	0.313964 	0.712539 	0.074805 	
2.71	0.0702808 	-0.117885 	-1.9225 	0.313955 	0.712486 	0.074802 	
2.715	0.0702644 	-0.117878 	-1.92246 	0.313946 	0.712432 	0.0747991 	
2.72	0.0701525 	-0.117594 	-1.92234 	0.313822 	0.710845 	0.0752853 	
2.725	0.0701353 	-0.117586 	-1.9223 	0.313812 	0.710788 	0.0752822 	
2.73	0.0701178 	-0.117578 	-1.92225 	0.313802 	0.71073 	0.075279 	
2.735	0.0700999 	-0.11757 	-1.9222 	0.313792 	0.71067 	0.0752758 	
2.74	0.0700816 	-0.117562 	-1.92215 	0.313782 	0.71061 	0.0752725 	
2.745	0.0700629 	-0.117553 	-1.9221 	0.313771 	0.710548 	0.0752691 	
2.75	0.0700439 	-0.117545 	-1.92205 	0.31376 	0.710485 	0.0752656 	
2.755	0.0700245 	-0.117536 	-1.92199 	0.313749 	0.710421 	0.0752621 	
2.76	0.0700047 	-0.117527 	-1.92194 	0.313738 	0.710355 	0.0752585 	
2.765	0.0699846 	-0.117518 	-1.92188 	0.313726 	0.710288 	0.0752549 	
2.77	0.0699641 	-0.117509 	-1.92183 	0.313715 	0.71022 	0.0752512 	
2.775	0.0699432 	-0.117499 	-1.92177 	0.313703 	0.710151 	0.0752474 	
2.78	0.0699219 	-0.11749 	-1.92171 	0.313691 	0.710081 	0.0752436 	
2.785	0.0699003 	-0.11748 	-1.92165 	0.313678 	0.710009 	0.0752397 	
2.79	0.0698783 	-0.11747 	-1.92159 	0.313666 	0.709936 	0.0752357 	
2.795	0.069856 	-0.11746 	-1.92153 	0.313653 	0.709862 	0.0752317 	
2.8	0.0697221 	-0.117166 	-1.9214 	0.313463 	0.70819 	0.0756244 	
2.805	0.0696991 	-0.117156 	-1.92133 	0.313449 	0.708114 	0.0756202 	
2.81	0.0696757 	-0.117145 	-1.92127 	0.313436 	0.708036 	0.075616 	
2.815	0.0696519 	-0.117134 	-1.9212 	0.313423 	0.707958 	0.0756118 	
2.82	0.0696278 	-0.117124 	-1.92114 	0.313409 	0.707878 	0.0756075 	
2.825	0.0696033 	-0.117113 	-1.92107 	0.313395 	0.707797 	0.0756031 	
2.83	0.0695785 	-0.117101 	-1.921 	0.313381 	0.707714 	0.0755986 	
2.835	0.0695533 	-0.11709 	-1.92093 	0.313367 	0.707631 	0.0755941 	
2.84	0.0695278 	-0.117079 	-1.92086 	0.313352 	0.707546 	0.0755896 	
2.845	0.0695019 	-0.117067 	-1.92079 	0.313338 	0.70746 	0.0755849 	
2.85	0.0694757 	-0.117055 	-1.92072 	0.313323 	0.707374 	0.0755803 	
2.855	0.0694492 	-0.117043 	-1.92065 	0.313308 	0.707285 	0.0755755 	
2.86	0.0694223 	-0.117031 	-1.92057 	0.313293 	0.707196 	0.0755707 	
2.865	0.0692797 	-0.116729 	-1.92042 	0.31309 	0.705466 	0.0759629 	
2.87	0.0692522 	-0.116717 	-1.92035 	0.313074 	0.705374 	0.075958 	
2.875	0.0692243 	-0.116705 	-1.92027 	0.313058 	0.705282 	0.0759531 	
2.88	0.069196 	-0.116692 	-1.92019 	0.313042 	0.705188 	0.0759481 	
2.885	0.0691675 	-0.116679 	-1.92011 	0.313026 	0.705093 	0.075943 	
2.89	0.0691386 	-0.116666 	-1.92003 	0.31301 	0.704997 	0.0759379 	
2.895	0.0691093 	-0.116653 	-1.91995 	0.312994 	0.704901 	0.0759327 	
2.9	0.0690798 	-0.11664 	-1.91987 	0.312977 	0.704802 	0.0759275 	
2.905	0.0690499 	-0.116627 	-1.91979 	0.31296 	0.704703 	0.0759222 	
2.91	0.0690197 	-0.116614 	-1.91971 	0.312943 	0.704603 	0.0759169 	
2.915	0.0689892 	-0.1166 	-1.91962 	0.312926 	0.704502 	0.0759115 	
2.92	0.0688444 	-0.116301 	-1.91946 	0.312724 	0.702779 	0.0762978 	
2.925	0.0688132 	-0.116287 	-1.91937 	0.312706 	0.702676 	0.0762924 	
2.93	0.0687818 	-0.116273 	-1.91929 	0.312688 	0.702571 	0.0762868 	
2.935	0.06875 	-0.116259 	-1.9192 	0.312671 	0.702466 	0.0762813 	
2.94	0.0687179 	-0.116245 	-1.91911 	0.312653 	0.702359 	0.0762756 	
2.945	0.0686855 	-0.116231 	-1.91902 	0.312634 	0.702252 	0.07627 	
2.95	0.0686528 	-0.116216 	-1.91893 	0.312616 	0.702143 	0.0762642 	
2.955	0.0686198 	-0.116202 	-1.91884 	0.312598 	0.702034 	0.0762585 	
2.96	0.0685864 	-0.116187 	-1.91875 	0.312579 	0.701923 	0.0762526 	
2.965	0.0685412 	-0.11616 	-1.91867 	0.312565 	0.701813 	0.0762619 	
2.97	0.068392 	-0.115857 	-1.9185 	0.31236 	0.700063 	0.0766527 	
2.975	0.0683578 	-0.115842 	-1.91841 	0.31234 	0.699949 	0.0766467 	
2.98	0.0683233 	-0.115827 	-1.91831 	0.312321 	0.699835 	0.0766408 	
2.985	0.0682885 	-0.115812 	-1.91822 	0.312302 	0.699719 	0.0766347 	
2.99	0.0682534 	-0.115796 	-1.91812 	0.312282 	0.699602 	0.0766287 	
2.995	0.068218 	-0.115781 	-1.91802 	0.312262 	0.699485 	0.0766225 	
3	0.0681824 	-0.115765 	-1.91792 	0.312242 	0.699366 	0.0766164 	
3.005	0.0681464 	-0.11575 	-1.91782 	0.312222 	0.699247 	0.0766101 	
3.01	0.0681102 	-0.115734 	-1.91772 	0.312202 	0.699127 	0.0766039 	
3.015	0.0679607 	-0.115436 	-1.91754 	0.312 	0.697397 	0.0769875 	
3.02	0.0679239 	-0.115421 	-1.91744 	0.311979 	0.697275 	0.0769812 	
3.025	0.0678869 	-0.115404 	-1.91734 	0.311959 	0.697152 	0.0769748 	
3.03	0.0678495 	-0.115388 	-1.91724 	0.311938 	0.697028 	0.0769684 	
3.035	0.067812 	-0.115372 	-1.91713 	0.311917 	0.696903 	0.076962 	
3.04	0.0677741 	-0.115356 	-1.91703 	0.311896 	0.696777 	0.0769555 	
3.045	0.067736 	-0.115339 	-1.91692 	0.311875 	0.69665 	0.076949 	
3.05	0.0676976 	-0.115323 	-1.91681 	0.311854 	0.696522 	0.0769424 	
3.055	0.0676589 	-0.115306 	-1.91671 	0.311832 	0.696394 	0.0769358 	
3.06	0.0675001 	-0.114991 	-1.91651 	0.311618 	0.694557 	0.0773439 	
3.065	0.067461 	-0.114974 	-1.91641 	0.311597 	0.694426 	0.0773373 	
3.07	0.0674216 	-0.114957 	-1.9163 	0.311575 	0.694295 	0.0773306 	
3.075	0.0673819 	-0.11494 	-1.91619 	0.311553 	0.694163 	0.0773239 	
3.08	0.067342 	-0.114923 	-1.91608 	0.311531 	0.694031 	0.0773171 	
3.085	0.0673019 	-0.114906 	-1.91596 	0.311509 	0.693897 	0.0773103 	
3.09	0.0672615 	-0.114889 	-1.91585 	0.311487 	0.693763 	0.0773035 	
3.095	0.0672208 	-0.114872 	-1.91574 	0.311464 	0.693628 	0.0772966 	
3.1	0.0670659 	-0.114571 	-1.91554 	0.311259 	0.691866 	0.0776851 	
3.105	0.0670248 	-0.114554 	-1.91543 	0.311237 	0.691729 	0.0776782 	
3.11	0.0669834 	-0.114536 	-1.91531 	0.311214 	0.691592 	0.0776713 	
3.115	0.0669419 	-0.114519 	-1.9152 	0.311191 	0.691453 	0.0776643 	
3.12	0.0669001 	-0.114501 	-1.91508 	0.311168 	0.691314 	0.0776573 	
3.125	0.0668581 	-0.114483 	-1.91496 	0.311145 	0.691174 	0.0776503 	
3.13	0.0668159 	-0.114465 	-1.91485 	0.311122 	0.691034 	0.0776432 	
3.135	0.0667734 	-0.114447 	-1.91473 	0.311099 	0.690892 	0.0776361 	
3.14	0.0666125 	-0.114137 	-1.91452 	0.310887 	0.689064 	0.0780399 	
3.145	0.0665696 	-0.114119 	-1.9144 	0.310863 	0.688921 	0.0780327 	
3.15	0.0665265 	-0.114101 	-1.91428 	0.31084 	0.688777 	0.0780256 	
3.155	0.0664832 	-0.114083 	-1.91416 	0.310816 	0.688633 	0.0780184 	
3.16	0.0664397 	-0.114064 	-1.91404 	0.310792 	0.688488 	0.0780112 	
3.165	0.066396 	-0.114046 	-1.91392 	0.310769 	0.688342 	0.078004 	
3.17	0.0663521 	-0.114028 	-1.9138 	0.310745 	0.688196 	0.0779967 	
3.175	0.0661991 	-0.113741 	-1.91359 	0.310548 	0.686495 	0.0783686 	
3.18	0.0661548 	-0.113722 	-1.91347 	0.310524 	0.686347 	0.0783613 	
3.185	0.0661103 	-0.113704 	-1.91335 	0.310499 	0.686199 	0.0783541 	
3.19	0.0660656 	-0.113685 	-1.91322 	0.310475 	0.68605 	0.0783467 	
3.195	0.0660208 	-0.113666 	-1.9131 	0.310451 	0.685901 	0.0783394 	
3.2	0.0659757 	-0.113648 	-1.91297 	0.310426 	0.685751 	0.078332 	
3.205	0.0659305 	-0.113629 	-1.91284 	0.310402 	0.6856 	0.0783246 	
3.21	0.0657741 	-0.113337 	-1.91263 	0.310202 	0.683863 	0.0787044 	
3.215	0.0657285 	-0.113318 	-1.91251 	0.310177 	0.683711 	0.078697 	
3.22	0.0656828 	-0.113299 	-1.91238 	0.310152 	0.683559 	0.0786896 	
3.225	0.0656369 	-0.113281 	-1.91225 	0.310127 	0.683406 	0.0786822 	
3.23	0.0655908 	-0.113262 	-1.91212 	0.310102 	0.683252 	0.0786747 	
3.235	0.0655446 	-0.113243 	-1.91199 	0.310077 	0.683098 	0.0786672 	
3.24	0.0654982 	-0.113224 	-1.91186 	0.310052 	0.682943 	0.0786597 	
3.245	0.0653377 	-0.112925 	-1.91164 	0.309848 	0.68116 	0.0790505 	
3.25	0.065291 	-0.112906 	-1.91151 	0.309823 	0.681004 	0.079043 	
3.255	0.0652441 	-0.112887 	-1.91138 	0.309797 	0.680847 	0.0790355 	
3.26	0.0651971 	-0.112868 	-1.91125 	0.309772 	0.680691 	0.079028 	
3.265	0.06515 	-0.112848 	-1.91112 	0.309747 	0.680533 	0.0790204 	
3.27	0.0651027 	-0.112829 	-1.91098 	0.309721 	0.680375 	0.0790128 	
3.275	0.0650553 	-0.11281 	-1.91085 	0.309696 	0.680217 	0.0790053 	
3.28	0.064891 	-0.112505 	-1.91063 	0.309487 	0.678391 	0.0794062 	
3.285	0.0648433 	-0.112486 	-1.91049 	0.309462 	0.678231 	0.0793987 	
3.29	0.0647955 	-0.112467 	-1.91036 	0.309436 	0.678072 	0.0793911 	
3.295	0.0647476 	-0.112447 	-1.91022 	0.30941 	0.677911 	0.0793835 	
3.3	0.0646995 	-0.112428 	-1.91009 	0.309385 	0.677751 	0.0793759 	
3.305	0.0646557 	-0.112413 	-1.90994 	0.309357 	0.677589 	0.0793626 	
3.31	0.0646075 	-0.112394 	-1.90981 	0.309331 	0.677428 	0.0793549 	
3.315	0.06444 	-0.112084 	-1.90958 	0.30912 	0.675564 	0.0797649 	
3.32	0.0643915 	-0.112065 	-1.90944 	0.309094 	0.675401 	0.0797573 	
3.325	0.0643428 	-0.112045 	-1.9093 	0.309068 	0.675239 	0.0797497 	
3.33	0.0642941 	-0.112026 	-1.90917 	0.309042 	0.675076 	0.0797421 	
3.335	0.0642452 	-0.112006 	-1.90903 	0.309016 	0.674913 	0.0797344 	
3.34	0.0641963 	-0.111987 	-1.90889 	0.30899 	0.674749 	0.0797268 	
3.345	0.0641472 	-0.111967 	-1.90875 	0.308964 	0.674585 	0.0797191 	
3.35	0.063977 	-0.111654 	-1.90852 	0.308749 	0.672689 	0.0801371 	
3.355	0.0639278 	-0.111634 	-1.90838 	0.308723 	0.672524 	0.0801295 	
3.36	0.0638785 	-0.111615 	-1.90824 	0.308697 	0.672359 	0.0801218 	
3.365	0.0638291 	-0.111595 	-1.9081 	0.308671 	0.672194 	0.0801142 	
3.37	0.0637796 	-0.111576 	-1.90796 	0.308645 	0.672028 	0.0801065 	
3.375	0.0637301 	-0.111556 	-1.90782 	0.308618 	0.671863 	0.0800989 	
3.38	0.0636804 	-0.111537 	-1.90768 	0.308592 	0.671697 	0.0800912 	
3.385	0.063508 	-0.11122 	-1.90744 	0.308376 	0.669774 	0.0805158 	
3.39	0.0634583 	-0.1112 	-1.9073 	0.30835 	0.669607 	0.0805082 	
3.395	0.0634084 	-0.111181 	-1.90716 	0.308323 	0.669441 	0.0805006 	
3.4	0.0633585 	-0.111161 	-1.90701 	0.308297 	0.669274 	0.080493 	
3.405	0.0633086 	-0.111142 	-1.90687 	0.308271 	0.669106 	0.0804853 	
3.41	0.0632586 	-0.111123 	-1.90673 	0.308244 	0.668939 	0.0804777 	
3.415	0.0631005 	-0.110842 	-1.9065 	0.308052 	0.667225 	0.0808511 	
