0	0.310042 	-0.173667 	0.536889 	0.170356 	-1.44747 	-0.234669 	
0.005	0.310042 	-0.173667 	0.536889 	0.170356 	-1.44747 	-0.234669 	
0.01	0.310042 	-0.173667 	0.536889 	0.170356 	-1.44747 	-0.234669 	
0.015	0.310043 	-0.173667 	0.536889 	0.170356 	-1.44747 	-0.234669 	
0.02	0.310045 	-0.173667 	0.536889 	0.170356 	-1.44747 	-0.234669 	
0.025	0.310046 	-0.173667 	0.536889 	0.170356 	-1.44747 	-0.234669 	
0.03	0.310049 	-0.173667 	0.53689 	0.170356 	-1.44747 	-0.234669 	
0.035	0.310052 	-0.173667 	0.53689 	0.170356 	-1.44747 	-0.234669 	
0.04	0.310055 	-0.173667 	0.536891 	0.170356 	-1.44747 	-0.234669 	
0.045	0.310059 	-0.173667 	0.536892 	0.170356 	-1.44747 	-0.234669 	
0.05	0.310064 	-0.173667 	0.536892 	0.170356 	-1.44747 	-0.234669 	
0.055	0.310069 	-0.173668 	0.536893 	0.170356 	-1.44747 	-0.234669 	
0.06	0.310074 	-0.173668 	0.536894 	0.170356 	-1.44747 	-0.234669 	
0.065	0.310081 	-0.173668 	0.536896 	0.170356 	-1.44747 	-0.234669 	
0.07	0.310087 	-0.173668 	0.536897 	0.170356 	-1.44747 	-0.234669 	
0.075	0.310094 	-0.173668 	0.536898 	0.170356 	-1.44747 	-0.234669 	
0.08	0.310102 	-0.173668 	0.5369 	0.170356 	-1.44747 	-0.234669 	
0.085	0.310111 	-0.173668 	0.536901 	0.170356 	-1.44747 	-0.234669 	
0.09	0.31012 	-0.173668 	0.536903 	0.170356 	-1.44747 	-0.234669 	
0.095	0.310129 	-0.173668 	0.536904 	0.170356 	-1.44747 	-0.234669 	
0.1	0.31014 	-0.173669 	0.536906 	0.170356 	-1.44747 	-0.234669 	
0.105	0.31015 	-0.173669 	0.536908 	0.170356 	-1.44747 	-0.234669 	
0.11	0.310161 	-0.173669 	0.53691 	0.170356 	-1.44747 	-0.234669 	
0.115	0.310173 	-0.173669 	0.536913 	0.170356 	-1.44747 	-0.234669 	
0.12	0.310185 	-0.173669 	0.536915 	0.170356 	-1.44747 	-0.234669 	
0.125	0.310198 	-0.173669 	0.536917 	0.170356 	-1.44747 	-0.234669 	
0.13	0.310211 	-0.17367 	0.53692 	0.170356 	-1.44747 	-0.234669 	
0.135	0.310225 	-0.17367 	0.536922 	0.170356 	-1.44747 	-0.234669 	
0.14	0.310239 	-0.17367 	0.536925 	0.170356 	-1.44747 	-0.234669 	
0.145	0.310254 	-0.17367 	0.536927 	0.170356 	-1.44747 	-0.234669 	
0.15	0.310269 	-0.17367 	0.53693 	0.170356 	-1.44747 	-0.234669 	
0.155	0.310285 	-0.173671 	0.536933 	0.170356 	-1.44747 	-0.234669 	
0.16	0.310301 	-0.173671 	0.536936 	0.170356 	-1.44747 	-0.234669 	
0.165	0.310318 	-0.173671 	0.536939 	0.170356 	-1.44747 	-0.234669 	
0.17	0.310273 	-0.173657 	0.536924 	0.168722 	-1.44632 	-0.232418 	
0.175	0.310291 	-0.173658 	0.536927 	0.168722 	-1.44632 	-0.232418 	
0.18	0.310309 	-0.173658 	0.536931 	0.168722 	-1.44632 	-0.232418 	
0.185	0.310328 	-0.173658 	0.536934 	0.168722 	-1.44632 	-0.232418 	
0.19	0.310348 	-0.173658 	0.536938 	0.168722 	-1.44632 	-0.232418 	
0.195	0.310368 	-0.173659 	0.536941 	0.168722 	-1.44632 	-0.232418 	
0.2	0.310389 	-0.173659 	0.536945 	0.168722 	-1.44632 	-0.232418 	
0.205	0.31041 	-0.173659 	0.536949 	0.168722 	-1.44632 	-0.232418 	
0.21	0.310431 	-0.173659 	0.536953 	0.168722 	-1.44632 	-0.232418 	
0.215	0.310454 	-0.17366 	0.536957 	0.168722 	-1.44632 	-0.232418 	
0.22	0.310476 	-0.17366 	0.536961 	0.168722 	-1.44632 	-0.232418 	
0.225	0.3105 	-0.17366 	0.536966 	0.168722 	-1.44632 	-0.232418 	
0.23	0.310523 	-0.17366 	0.53697 	0.168722 	-1.44632 	-0.232418 	
0.235	0.310482 	-0.173647 	0.536955 	0.167027 	-1.44513 	-0.230083 	
0.24	0.310507 	-0.173647 	0.536959 	0.167027 	-1.44513 	-0.230083 	
0.245	0.310532 	-0.173647 	0.536964 	0.167027 	-1.44513 	-0.230083 	
0.25	0.310558 	-0.173648 	0.536969 	0.167027 	-1.44513 	-0.230083 	
0.255	0.310585 	-0.173648 	0.536974 	0.167027 	-1.44513 	-0.230083 	
0.26	0.310612 	-0.173648 	0.536979 	0.167027 	-1.44513 	-0.230083 	
0.265	0.310639 	-0.173649 	0.536984 	0.167027 	-1.44513 	-0.230083 	
0.27	0.310667 	-0.173649 	0.536989 	0.167027 	-1.44513 	-0.230083 	
0.275	0.310695 	-0.173649 	0.536994 	0.167027 	-1.44513 	-0.230083 	
0.28	0.310724 	-0.173649 	0.536999 	0.167027 	-1.44513 	-0.230083 	
0.285	0.310689 	-0.173636 	0.536986 	0.165347 	-1.44395 	-0.227768 	
0.29	0.310719 	-0.173636 	0.536991 	0.165347 	-1.44395 	-0.227768 	
0.295	0.310749 	-0.173637 	0.536997 	0.165347 	-1.44395 	-0.227768 	
0.3	0.31078 	-0.173637 	0.537002 	0.165347 	-1.44395 	-0.227768 	
0.305	0.310812 	-0.173637 	0.537008 	0.165347 	-1.44395 	-0.227768 	
0.31	0.310844 	-0.173638 	0.537014 	0.165347 	-1.44395 	-0.227768 	
0.315	0.310876 	-0.173638 	0.53702 	0.165347 	-1.44395 	-0.227768 	
0.32	0.310909 	-0.173638 	0.537026 	0.165347 	-1.44395 	-0.227768 	
0.325	0.310881 	-0.173626 	0.537014 	0.163766 	-1.44285 	-0.22559 	
0.33	0.310915 	-0.173626 	0.53702 	0.163766 	-1.44285 	-0.22559 	
0.335	0.31095 	-0.173627 	0.537027 	0.163766 	-1.44285 	-0.22559 	
0.34	0.310985 	-0.173627 	0.537033 	0.163766 	-1.44285 	-0.22559 	
0.345	0.31102 	-0.173628 	0.53704 	0.163766 	-1.44285 	-0.22559 	
0.35	0.311056 	-0.173628 	0.537046 	0.163766 	-1.44285 	-0.22559 	
0.355	0.311093 	-0.173628 	0.537053 	0.163766 	-1.44285 	-0.22559 	
0.36	0.31113 	-0.173629 	0.53706 	0.163766 	-1.44285 	-0.22559 	
0.365	0.311099 	-0.173615 	0.537047 	0.162017 	-1.44162 	-0.223182 	
0.37	0.311137 	-0.173616 	0.537053 	0.162017 	-1.44162 	-0.223182 	
0.375	0.311176 	-0.173616 	0.537061 	0.162017 	-1.44162 	-0.223182 	
0.38	0.311215 	-0.173616 	0.537068 	0.162017 	-1.44162 	-0.223182 	
0.385	0.311254 	-0.173617 	0.537075 	0.162017 	-1.44162 	-0.223182 	
0.39	0.311294 	-0.173617 	0.537082 	0.162017 	-1.44162 	-0.223182 	
0.395	0.311334 	-0.173617 	0.537089 	0.162017 	-1.44162 	-0.223182 	
0.4	0.311309 	-0.173604 	0.537078 	0.160308 	-1.44042 	-0.220828 	
0.405	0.31135 	-0.173605 	0.537085 	0.160308 	-1.44042 	-0.220828 	
0.41	0.311392 	-0.173605 	0.537093 	0.160308 	-1.44042 	-0.220828 	
0.415	0.311434 	-0.173605 	0.537101 	0.160308 	-1.44042 	-0.220828 	
0.42	0.311477 	-0.173606 	0.537108 	0.160308 	-1.44042 	-0.220828 	
0.425	0.31152 	-0.173606 	0.537116 	0.160308 	-1.44042 	-0.220828 	
0.43	0.311502 	-0.173594 	0.537106 	0.158719 	-1.43931 	-0.218638 	
0.435	0.311546 	-0.173595 	0.537114 	0.158719 	-1.43931 	-0.218638 	
0.44	0.311591 	-0.173595 	0.537122 	0.158719 	-1.43931 	-0.218638 	
0.445	0.311636 	-0.173595 	0.537131 	0.158719 	-1.43931 	-0.218638 	
0.45	0.311682 	-0.173596 	0.537139 	0.158719 	-1.43931 	-0.218638 	
0.455	0.311728 	-0.173596 	0.537147 	0.158719 	-1.43931 	-0.218638 	
0.46	0.311709 	-0.173584 	0.537137 	0.157048 	-1.43814 	-0.216337 	
0.465	0.311756 	-0.173584 	0.537146 	0.157048 	-1.43814 	-0.216337 	
0.47	0.311804 	-0.173584 	0.537154 	0.157048 	-1.43814 	-0.216337 	
0.475	0.311851 	-0.173585 	0.537163 	0.157048 	-1.43814 	-0.216337 	
0.48	0.3119 	-0.173585 	0.537172 	0.157048 	-1.43814 	-0.216337 	
0.485	0.311949 	-0.173585 	0.537181 	0.157048 	-1.43814 	-0.216337 	
0.49	0.311929 	-0.173573 	0.53717 	0.155278 	-1.4369 	-0.213898 	
0.495	0.311978 	-0.173573 	0.537179 	0.155278 	-1.4369 	-0.213898 	
0.5	0.312029 	-0.173573 	0.537188 	0.155278 	-1.4369 	-0.213898 	
0.505	0.312079 	-0.173574 	0.537197 	0.155278 	-1.4369 	-0.213898 	
0.51	0.31213 	-0.173574 	0.537206 	0.155278 	-1.4369 	-0.213898 	
0.515	0.31212 	-0.173563 	0.537198 	0.153696 	-1.43579 	-0.21172 	
0.52	0.312172 	-0.173563 	0.537207 	0.153696 	-1.43579 	-0.21172 	
0.525	0.312224 	-0.173563 	0.537217 	0.153696 	-1.43579 	-0.21172 	
0.53	0.312277 	-0.173563 	0.537226 	0.153696 	-1.43579 	-0.21172 	
0.535	0.31233 	-0.173564 	0.537236 	0.153696 	-1.43579 	-0.21172 	
0.54	0.31232 	-0.173553 	0.537228 	0.152074 	-1.43465 	-0.209485 	
0.545	0.312374 	-0.173553 	0.537237 	0.152074 	-1.43465 	-0.209485 	
0.55	0.312429 	-0.173553 	0.537247 	0.152074 	-1.43465 	-0.209485 	
0.555	0.312484 	-0.173553 	0.537257 	0.152074 	-1.43465 	-0.209485 	
0.56	0.312539 	-0.173553 	0.537267 	0.152074 	-1.43465 	-0.209485 	
0.565	0.312529 	-0.173542 	0.537259 	0.150388 	-1.43347 	-0.207162 	
0.57	0.312585 	-0.173542 	0.537269 	0.150388 	-1.43347 	-0.207162 	
0.575	0.312641 	-0.173542 	0.537279 	0.150388 	-1.43347 	-0.207162 	
0.58	0.312698 	-0.173542 	0.537289 	0.150388 	-1.43347 	-0.207162 	
0.585	0.312756 	-0.173542 	0.5373 	0.150388 	-1.43347 	-0.207162 	
0.59	0.312745 	-0.173531 	0.537291 	0.148638 	-1.43225 	-0.204752 	
0.595	0.312803 	-0.173531 	0.537301 	0.148638 	-1.43225 	-0.204752 	
0.6	0.312862 	-0.173531 	0.537312 	0.148638 	-1.43225 	-0.204752 	
0.605	0.312921 	-0.173531 	0.537323 	0.148638 	-1.43225 	-0.204752 	
0.61	0.31298 	-0.173531 	0.537333 	0.148638 	-1.43225 	-0.204752 	
0.615	0.312969 	-0.17352 	0.537324 	0.146826 	-1.43098 	-0.202256 	
0.62	0.313029 	-0.17352 	0.537335 	0.146826 	-1.43098 	-0.202256 	
0.625	0.31309 	-0.17352 	0.537346 	0.146826 	-1.43098 	-0.202256 	
0.63	0.313151 	-0.17352 	0.537357 	0.146826 	-1.43098 	-0.202256 	
0.635	0.313212 	-0.173519 	0.537368 	0.146827 	-1.43098 	-0.202256 	
0.64	0.313201 	-0.173508 	0.537359 	0.144954 	-1.42967 	-0.199677 	
0.645	0.313263 	-0.173508 	0.53737 	0.144954 	-1.42967 	-0.199677 	
0.65	0.313325 	-0.173508 	0.537381 	0.144954 	-1.42967 	-0.199677 	
0.655	0.313388 	-0.173508 	0.537392 	0.144954 	-1.42967 	-0.199677 	
0.66	0.31339 	-0.173498 	0.537386 	0.143375 	-1.42856 	-0.197502 	
0.665	0.313453 	-0.173498 	0.537398 	0.143375 	-1.42856 	-0.197502 	
0.67	0.313517 	-0.173498 	0.537409 	0.143375 	-1.42856 	-0.197502 	
0.675	0.313582 	-0.173497 	0.537421 	0.143375 	-1.42856 	-0.197502 	
0.68	0.313584 	-0.173488 	0.537415 	0.141793 	-1.42745 	-0.195323 	
0.685	0.313649 	-0.173488 	0.537427 	0.141793 	-1.42745 	-0.195323 	
0.69	0.313715 	-0.173488 	0.537439 	0.141793 	-1.42745 	-0.195323 	
0.695	0.313781 	-0.173487 	0.537451 	0.141793 	-1.42745 	-0.195323 	
0.7	0.313783 	-0.173478 	0.537445 	0.140179 	-1.42632 	-0.193099 	
0.705	0.31385 	-0.173478 	0.537457 	0.140179 	-1.42632 	-0.193099 	
0.71	0.313917 	-0.173477 	0.537469 	0.140179 	-1.42632 	-0.193099 	
0.715	0.313984 	-0.173477 	0.537481 	0.140179 	-1.42632 	-0.193099 	
0.72	0.313987 	-0.173468 	0.537475 	0.13853 	-1.42516 	-0.190828 	
0.725	0.314055 	-0.173467 	0.537487 	0.13853 	-1.42516 	-0.190828 	
0.73	0.314123 	-0.173467 	0.537499 	0.13853 	-1.42516 	-0.190828 	
0.735	0.314191 	-0.173466 	0.537512 	0.13853 	-1.42516 	-0.190828 	
0.74	0.314194 	-0.173457 	0.537506 	0.136849 	-1.42399 	-0.188511 	
0.745	0.314264 	-0.173457 	0.537518 	0.136849 	-1.42399 	-0.188511 	
0.75	0.314333 	-0.173456 	0.537531 	0.136849 	-1.42399 	-0.188511 	
0.755	0.314403 	-0.173456 	0.537543 	0.136849 	-1.42399 	-0.188511 	
0.76	0.314406 	-0.173446 	0.537537 	0.135134 	-1.42278 	-0.18615 	
0.765	0.314476 	-0.173446 	0.53755 	0.135134 	-1.42278 	-0.18615 	
0.77	0.314547 	-0.173445 	0.537563 	0.135134 	-1.42278 	-0.18615 	
0.775	0.314618 	-0.173444 	0.537575 	0.135134 	-1.42278 	-0.18615 	
0.78	0.314621 	-0.173435 	0.537569 	0.133388 	-1.42156 	-0.183745 	
0.785	0.314693 	-0.173435 	0.537582 	0.133388 	-1.42156 	-0.183745 	
0.79	0.314765 	-0.173434 	0.537595 	0.133388 	-1.42156 	-0.183745 	
0.795	0.314837 	-0.173433 	0.537608 	0.133388 	-1.42156 	-0.183745 	
0.8	0.31484 	-0.173424 	0.537602 	0.131612 	-1.42032 	-0.181298 	
0.805	0.314913 	-0.173423 	0.537615 	0.131612 	-1.42032 	-0.181298 	
0.81	0.314987 	-0.173423 	0.537628 	0.131612 	-1.42032 	-0.181298 	
0.815	0.31506 	-0.173422 	0.537641 	0.131612 	-1.42032 	-0.181298 	
0.82	0.315063 	-0.173413 	0.537635 	0.129807 	-1.41905 	-0.178811 	
0.825	0.315137 	-0.173412 	0.537648 	0.129807 	-1.41905 	-0.178811 	
0.83	0.315211 	-0.173411 	0.537661 	0.129807 	-1.41905 	-0.178811 	
0.835	0.315286 	-0.17341 	0.537675 	0.129807 	-1.41905 	-0.178811 	
0.84	0.315289 	-0.173401 	0.537668 	0.127973 	-1.41777 	-0.176286 	
0.845	0.315364 	-0.1734 	0.537682 	0.127973 	-1.41777 	-0.176286 	
0.85	0.31544 	-0.173399 	0.537695 	0.127973 	-1.41777 	-0.176286 	
0.855	0.315516 	-0.173398 	0.537709 	0.127973 	-1.41777 	-0.176286 	
0.86	0.315518 	-0.17339 	0.537702 	0.126113 	-1.41646 	-0.173723 	
0.865	0.315595 	-0.173388 	0.537716 	0.126113 	-1.41646 	-0.173723 	
0.87	0.315671 	-0.173387 	0.53773 	0.126113 	-1.41646 	-0.173723 	
0.875	0.315748 	-0.173386 	0.537743 	0.126113 	-1.41646 	-0.173723 	
0.88	0.315751 	-0.173378 	0.537737 	0.124227 	-1.41514 	-0.171125 	
0.885	0.315828 	-0.173376 	0.537751 	0.124227 	-1.41514 	-0.171125 	
0.89	0.315906 	-0.173375 	0.537764 	0.124227 	-1.41514 	-0.171125 	
0.895	0.315984 	-0.173374 	0.537778 	0.124227 	-1.41514 	-0.171125 	
0.9	0.315986 	-0.173366 	0.537772 	0.122316 	-1.4138 	-0.168493 	
0.905	0.316065 	-0.173364 	0.537786 	0.122316 	-1.4138 	-0.168493 	
0.91	0.316143 	-0.173363 	0.5378 	0.122316 	-1.4138 	-0.168493 	
0.915	0.316222 	-0.173362 	0.537814 	0.122316 	-1.4138 	-0.168493 	
0.92	0.316225 	-0.173353 	0.537807 	0.120382 	-1.41245 	-0.165828 	
0.925	0.316304 	-0.173352 	0.537821 	0.120382 	-1.41245 	-0.165828 	
0.93	0.316383 	-0.173351 	0.537835 	0.120382 	-1.41245 	-0.165828 	
0.935	0.316463 	-0.173349 	0.537849 	0.120382 	-1.41245 	-0.165828 	
0.94	0.316466 	-0.173341 	0.537843 	0.118426 	-1.41108 	-0.163134 	
0.945	0.316546 	-0.17334 	0.537857 	0.118426 	-1.41108 	-0.163134 	
0.95	0.316626 	-0.173338 	0.537871 	0.118426 	-1.41108 	-0.163134 	
0.955	0.316707 	-0.173337 	0.537886 	0.118426 	-1.41108 	-0.163134 	
0.96	0.316709 	-0.173329 	0.537879 	0.116449 	-1.40969 	-0.16041 	
0.965	0.31679 	-0.173327 	0.537894 	0.116449 	-1.40969 	-0.16041 	
0.97	0.316871 	-0.173325 	0.537908 	0.116449 	-1.40969 	-0.16041 	
0.975	0.316953 	-0.173324 	0.537922 	0.116449 	-1.40969 	-0.16041 	
0.98	0.316955 	-0.173316 	0.537916 	0.114452 	-1.40829 	-0.15766 	
0.985	0.317037 	-0.173314 	0.53793 	0.114452 	-1.40829 	-0.15766 	
0.99	0.317119 	-0.173313 	0.537945 	0.114452 	-1.40829 	-0.15766 	
0.995	0.317139 	-0.173307 	0.537943 	0.112891 	-1.4072 	-0.155509 	
1	0.317222 	-0.173305 	0.537957 	0.112891 	-1.4072 	-0.155509 	
1.005	0.317304 	-0.173303 	0.537972 	0.112891 	-1.4072 	-0.155509 	
1.01	0.317387 	-0.173301 	0.537986 	0.112891 	-1.4072 	-0.155509 	
1.015	0.317391 	-0.173294 	0.53798 	0.110909 	-1.40581 	-0.152779 	
1.02	0.317474 	-0.173292 	0.537995 	0.110909 	-1.40581 	-0.152779 	
1.025	0.317557 	-0.17329 	0.53801 	0.110909 	-1.40581 	-0.152779 	
1.03	0.317578 	-0.173284 	0.538008 	0.10933 	-1.4047 	-0.150604 	
1.035	0.317661 	-0.173282 	0.538023 	0.10933 	-1.4047 	-0.150604 	
1.04	0.317745 	-0.17328 	0.538037 	0.10933 	-1.4047 	-0.150604 	
1.045	0.317829 	-0.173278 	0.538052 	0.10933 	-1.4047 	-0.150604 	
1.05	0.317833 	-0.173271 	0.538046 	0.107321 	-1.4033 	-0.147837 	
1.055	0.317917 	-0.173269 	0.538061 	0.107321 	-1.4033 	-0.147837 	
1.06	0.318001 	-0.173267 	0.538075 	0.107321 	-1.4033 	-0.147837 	
1.065	0.318022 	-0.173261 	0.538074 	0.105722 	-1.40218 	-0.145634 	
1.07	0.318106 	-0.173259 	0.538089 	0.105722 	-1.40218 	-0.145634 	
1.075	0.318191 	-0.173257 	0.538103 	0.105722 	-1.40218 	-0.145634 	
1.08	0.318214 	-0.173252 	0.538102 	0.104159 	-1.40108 	-0.143481 	
1.085	0.318299 	-0.173249 	0.538117 	0.104159 	-1.40108 	-0.143481 	
1.09	0.318383 	-0.173247 	0.538132 	0.104159 	-1.40108 	-0.143481 	
1.095	0.318406 	-0.173242 	0.538131 	0.102593 	-1.39998 	-0.141324 	
1.1	0.318492 	-0.173239 	0.538146 	0.102593 	-1.39998 	-0.141324 	
1.105	0.318577 	-0.173237 	0.538161 	0.102593 	-1.39998 	-0.141324 	
1.11	0.3186 	-0.173232 	0.53816 	0.101021 	-1.39888 	-0.139159 	
1.115	0.318685 	-0.173229 	0.538175 	0.101021 	-1.39888 	-0.139159 	
1.12	0.318771 	-0.173227 	0.538189 	0.101021 	-1.39888 	-0.139159 	
1.125	0.318794 	-0.173222 	0.538189 	0.0994444 	-1.39778 	-0.136987 	
1.13	0.31888 	-0.173219 	0.538203 	0.0994444 	-1.39778 	-0.136987 	
1.135	0.318966 	-0.173217 	0.538218 	0.0994444 	-1.39778 	-0.136987 	
1.14	0.318989 	-0.173212 	0.538217 	0.0978623 	-1.39667 	-0.134807 	
1.145	0.319075 	-0.173209 	0.538232 	0.0978623 	-1.39667 	-0.134807 	
1.15	0.319161 	-0.173207 	0.538247 	0.0978623 	-1.39667 	-0.134807 	
1.155	0.319184 	-0.173202 	0.538246 	0.0962757 	-1.39556 	-0.132622 	
1.16	0.31927 	-0.173199 	0.538261 	0.0962757 	-1.39556 	-0.132622 	
1.165	0.319357 	-0.173196 	0.538276 	0.0962757 	-1.39556 	-0.132622 	
1.17	0.31938 	-0.173192 	0.538275 	0.0946852 	-1.39444 	-0.130431 	
1.175	0.319466 	-0.173189 	0.53829 	0.0946852 	-1.39444 	-0.130431 	
1.18	0.319553 	-0.173186 	0.538305 	0.0946852 	-1.39444 	-0.130431 	
1.185	0.319576 	-0.173182 	0.538305 	0.0930913 	-1.39333 	-0.128235 	
1.19	0.319662 	-0.173179 	0.538319 	0.0930913 	-1.39333 	-0.128235 	
1.195	0.319749 	-0.173176 	0.538334 	0.0930913 	-1.39333 	-0.128235 	
1.2	0.319772 	-0.173172 	0.538334 	0.0914946 	-1.39221 	-0.126036 	
1.205	0.319859 	-0.173169 	0.538349 	0.0914946 	-1.39221 	-0.126036 	
1.21	0.319946 	-0.173166 	0.538364 	0.0914946 	-1.39221 	-0.126036 	
1.215	0.319969 	-0.173162 	0.538363 	0.0898957 	-1.39109 	-0.123833 	
1.22	0.320056 	-0.173159 	0.538378 	0.0898957 	-1.39109 	-0.123833 	
1.225	0.320143 	-0.173156 	0.538393 	0.0898957 	-1.39109 	-0.123833 	
1.23	0.320166 	-0.173152 	0.538392 	0.0882951 	-1.38997 	-0.121628 	
1.235	0.320253 	-0.173149 	0.538407 	0.0882951 	-1.38997 	-0.121628 	
1.24	0.32034 	-0.173145 	0.538422 	0.0882951 	-1.38997 	-0.121628 	
1.245	0.320363 	-0.173142 	0.538421 	0.0866934 	-1.38884 	-0.119422 	
1.25	0.32045 	-0.173139 	0.538436 	0.0866934 	-1.38884 	-0.119422 	
1.255	0.320537 	-0.173135 	0.538451 	0.0866934 	-1.38884 	-0.119422 	
1.26	0.32056 	-0.173132 	0.538451 	0.0850911 	-1.38772 	-0.117215 	
1.265	0.320647 	-0.173128 	0.538466 	0.0850911 	-1.38772 	-0.117215 	
1.27	0.320734 	-0.173125 	0.53848 	0.0850911 	-1.38772 	-0.117215 	
1.275	0.320757 	-0.173122 	0.53848 	0.0834889 	-1.3866 	-0.115008 	
1.28	0.320844 	-0.173118 	0.538495 	0.0834889 	-1.3866 	-0.115008 	
1.285	0.320931 	-0.173115 	0.53851 	0.0834889 	-1.3866 	-0.115008 	
1.29	0.320954 	-0.173112 	0.538509 	0.0818873 	-1.38548 	-0.112801 	
1.295	0.321041 	-0.173108 	0.538524 	0.0818873 	-1.38548 	-0.112801 	
1.3	0.321128 	-0.173104 	0.538539 	0.0818873 	-1.38548 	-0.112801 	
1.305	0.321151 	-0.173102 	0.538538 	0.0802868 	-1.38435 	-0.110597 	
1.31	0.321238 	-0.173098 	0.538553 	0.0802868 	-1.38435 	-0.110597 	
1.315	0.321325 	-0.173094 	0.538568 	0.0802869 	-1.38435 	-0.110597 	
1.32	0.321348 	-0.173092 	0.538568 	0.0786881 	-1.38323 	-0.108394 	
1.325	0.321435 	-0.173088 	0.538582 	0.0786881 	-1.38323 	-0.108394 	
1.33	0.321521 	-0.173084 	0.538597 	0.0786881 	-1.38323 	-0.108394 	
1.335	0.321544 	-0.173082 	0.538597 	0.0770917 	-1.38212 	-0.106195 	
1.34	0.321631 	-0.173078 	0.538611 	0.0770917 	-1.38212 	-0.106195 	
1.345	0.321717 	-0.173074 	0.538626 	0.0770917 	-1.38212 	-0.106195 	
1.35	0.32174 	-0.173072 	0.538626 	0.0754981 	-1.381 	-0.104 	
1.355	0.321827 	-0.173068 	0.53864 	0.0754981 	-1.381 	-0.104 	
1.36	0.321913 	-0.173064 	0.538655 	0.0754981 	-1.381 	-0.104 	
1.365	0.321936 	-0.173062 	0.538655 	0.073908 	-1.37988 	-0.10181 	
1.37	0.322022 	-0.173058 	0.538669 	0.073908 	-1.37988 	-0.10181 	
1.375	0.322108 	-0.173053 	0.538684 	0.073908 	-1.37988 	-0.10181 	
1.38	0.322131 	-0.173052 	0.538684 	0.0723218 	-1.37877 	-0.0996247 	
1.385	0.322217 	-0.173047 	0.538698 	0.0723218 	-1.37877 	-0.0996247 	
1.39	0.322303 	-0.173043 	0.538713 	0.0723218 	-1.37877 	-0.0996247 	
1.395	0.322325 	-0.173042 	0.538713 	0.0707402 	-1.37767 	-0.097446 	
1.4	0.322411 	-0.173037 	0.538727 	0.0707402 	-1.37767 	-0.097446 	
1.405	0.322497 	-0.173033 	0.538742 	0.0707402 	-1.37767 	-0.097446 	
1.41	0.322519 	-0.173032 	0.538741 	0.0691637 	-1.37656 	-0.0952743 	
1.415	0.322605 	-0.173028 	0.538756 	0.0691637 	-1.37656 	-0.0952743 	
1.42	0.32269 	-0.173023 	0.53877 	0.0691637 	-1.37656 	-0.0952743 	
1.425	0.322712 	-0.173022 	0.53877 	0.0675929 	-1.37546 	-0.0931105 	
1.43	0.322797 	-0.173018 	0.538784 	0.0675929 	-1.37546 	-0.0931105 	
1.435	0.322882 	-0.173013 	0.538799 	0.0675929 	-1.37546 	-0.0931105 	
1.44	0.322905 	-0.173012 	0.538799 	0.0660283 	-1.37436 	-0.0909552 	
1.445	0.322989 	-0.173008 	0.538813 	0.0660283 	-1.37436 	-0.0909552 	
1.45	0.323074 	-0.173003 	0.538827 	0.0660283 	-1.37436 	-0.0909552 	
1.455	0.323096 	-0.173002 	0.538827 	0.0644705 	-1.37327 	-0.0888093 	
1.46	0.32318 	-0.172998 	0.538841 	0.0644705 	-1.37327 	-0.0888093 	
1.465	0.323265 	-0.172993 	0.538855 	0.0644705 	-1.37327 	-0.0888093 	
1.47	0.323287 	-0.172993 	0.538855 	0.06292 	-1.37219 	-0.0866734 	
1.475	0.323371 	-0.172988 	0.538869 	0.06292 	-1.37219 	-0.0866734 	
1.48	0.323454 	-0.172983 	0.538883 	0.06292 	-1.37219 	-0.0866734 	
1.485	0.323476 	-0.172983 	0.538884 	0.0613774 	-1.3711 	-0.0845484 	
1.49	0.32356 	-0.172978 	0.538897 	0.0613774 	-1.3711 	-0.0845484 	
1.495	0.323643 	-0.172974 	0.538911 	0.0613774 	-1.3711 	-0.0845484 	
1.5	0.323665 	-0.172973 	0.538912 	0.0598431 	-1.37003 	-0.082435 	
1.505	0.323748 	-0.172969 	0.538925 	0.0598431 	-1.37003 	-0.082435 	
1.51	0.323831 	-0.172964 	0.538939 	0.0598431 	-1.37003 	-0.082435 	
1.515	0.323913 	-0.172959 	0.538953 	0.0598431 	-1.37003 	-0.082435 	
1.52	0.323917 	-0.17296 	0.538949 	0.0578638 	-1.36864 	-0.0797082 	
1.525	0.323999 	-0.172956 	0.538963 	0.0578638 	-1.36864 	-0.0797082 	
1.53	0.324081 	-0.172951 	0.538976 	0.0578638 	-1.36864 	-0.0797082 	
1.535	0.324101 	-0.172951 	0.538976 	0.0563045 	-1.36755 	-0.0775604 	
1.54	0.324183 	-0.172946 	0.53899 	0.0563045 	-1.36755 	-0.0775604 	
1.545	0.324264 	-0.172941 	0.539003 	0.0563045 	-1.36755 	-0.0775604 	
1.55	0.324345 	-0.172937 	0.539017 	0.0563045 	-1.36755 	-0.0775604 	
1.555	0.324349 	-0.172938 	0.539013 	0.0543505 	-1.36618 	-0.0748686 	
1.56	0.324429 	-0.172933 	0.539027 	0.0543505 	-1.36618 	-0.0748686 	
1.565	0.32451 	-0.172929 	0.53904 	0.0543505 	-1.36618 	-0.0748686 	
1.57	0.32453 	-0.172929 	0.53904 	0.052816 	-1.36511 	-0.072755 	
1.575	0.32461 	-0.172924 	0.539053 	0.052816 	-1.36511 	-0.072755 	
1.58	0.32469 	-0.172919 	0.539066 	0.052816 	-1.36511 	-0.072755 	
1.585	0.32477 	-0.172914 	0.53908 	0.052816 	-1.36511 	-0.072755 	
1.59	0.324773 	-0.172917 	0.539076 	0.050896 	-1.36376 	-0.07011 	
1.595	0.324852 	-0.172912 	0.539089 	0.050896 	-1.36376 	-0.07011 	
1.6	0.324932 	-0.172907 	0.539102 	0.050896 	-1.36376 	-0.07011 	
1.605	0.32501 	-0.172902 	0.539115 	0.050896 	-1.36376 	-0.07011 	
1.61	0.325012 	-0.172904 	0.539112 	0.048956 	-1.3624 	-0.0674375 	
1.615	0.32509 	-0.172899 	0.539125 	0.048956 	-1.3624 	-0.0674375 	
1.62	0.325169 	-0.172894 	0.539137 	0.048956 	-1.3624 	-0.0674375 	
1.625	0.325247 	-0.172889 	0.53915 	0.048956 	-1.3624 	-0.0674375 	
1.63	0.325248 	-0.172892 	0.539147 	0.0470344 	-1.36105 	-0.0647906 	
1.635	0.325326 	-0.172887 	0.539159 	0.0470344 	-1.36105 	-0.0647906 	
1.64	0.325403 	-0.172882 	0.539172 	0.0470344 	-1.36105 	-0.0647906 	
1.645	0.32548 	-0.172877 	0.539185 	0.0470344 	-1.36105 	-0.0647906 	
1.65	0.325481 	-0.17288 	0.539181 	0.0451364 	-1.35972 	-0.0621761 	
1.655	0.325558 	-0.172875 	0.539194 	0.0451364 	-1.35972 	-0.0621761 	
1.66	0.325634 	-0.17287 	0.539206 	0.0451364 	-1.35972 	-0.0621761 	
1.665	0.32571 	-0.172865 	0.539219 	0.0451364 	-1.35972 	-0.0621761 	
1.67	0.325711 	-0.172869 	0.539215 	0.0432636 	-1.35841 	-0.0595962 	
1.675	0.325786 	-0.172864 	0.539228 	0.0432636 	-1.35841 	-0.0595962 	
1.68	0.325862 	-0.172859 	0.53924 	0.0432636 	-1.35841 	-0.0595962 	
1.685	0.325937 	-0.172853 	0.539252 	0.0432636 	-1.35841 	-0.0595962 	
1.69	0.325938 	-0.172857 	0.539249 	0.0414171 	-1.35712 	-0.0570527 	
1.695	0.326012 	-0.172852 	0.539261 	0.0414171 	-1.35712 	-0.0570527 	
1.7	0.326086 	-0.172847 	0.539273 	0.0414171 	-1.35712 	-0.0570527 	
1.705	0.32616 	-0.172842 	0.539285 	0.0414171 	-1.35712 	-0.0570527 	
1.71	0.326161 	-0.172846 	0.539282 	0.0395982 	-1.35584 	-0.0545471 	
1.715	0.326234 	-0.172841 	0.539294 	0.0395982 	-1.35584 	-0.0545471 	
1.72	0.326307 	-0.172836 	0.539306 	0.0395982 	-1.35584 	-0.0545471 	
1.725	0.32638 	-0.17283 	0.539318 	0.0395982 	-1.35584 	-0.0545471 	
1.73	0.326381 	-0.172835 	0.539315 	0.0378079 	-1.35459 	-0.0520809 	
1.735	0.326453 	-0.172829 	0.539326 	0.0378079 	-1.35459 	-0.0520809 	
1.74	0.326524 	-0.172824 	0.539338 	0.0378079 	-1.35459 	-0.0520809 	
1.745	0.326596 	-0.172819 	0.53935 	0.0378079 	-1.35459 	-0.0520809 	
1.75	0.326597 	-0.172824 	0.539347 	0.0360474 	-1.35336 	-0.0496558 	
1.755	0.326667 	-0.172818 	0.539358 	0.0360474 	-1.35336 	-0.0496558 	
1.76	0.326738 	-0.172813 	0.53937 	0.0360474 	-1.35336 	-0.0496558 	
1.765	0.326808 	-0.172808 	0.539381 	0.0360474 	-1.35336 	-0.0496558 	
1.77	0.326809 	-0.172813 	0.539378 	0.0343179 	-1.35214 	-0.0472733 	
1.775	0.326878 	-0.172808 	0.539389 	0.0343179 	-1.35214 	-0.0472733 	
1.78	0.326947 	-0.172803 	0.539401 	0.0343179 	-1.35214 	-0.0472733 	
1.785	0.327016 	-0.172797 	0.539412 	0.0343179 	-1.35214 	-0.0472733 	
1.79	0.327017 	-0.172802 	0.539409 	0.0326203 	-1.35095 	-0.0449349 	
1.795	0.327085 	-0.172797 	0.53942 	0.0326203 	-1.35095 	-0.0449349 	
1.8	0.327153 	-0.172792 	0.539431 	0.0326203 	-1.35095 	-0.0449349 	
1.805	0.32722 	-0.172787 	0.539442 	0.0326203 	-1.35095 	-0.0449349 	
1.81	0.327221 	-0.172792 	0.539439 	0.0309558 	-1.34979 	-0.042642 	
1.815	0.327288 	-0.172787 	0.53945 	0.0309558 	-1.34979 	-0.042642 	
1.82	0.327354 	-0.172782 	0.539461 	0.0309558 	-1.34979 	-0.042642 	
1.825	0.32742 	-0.172777 	0.539472 	0.0309558 	-1.34979 	-0.042642 	
1.83	0.327421 	-0.172781 	0.539469 	0.0293254 	-1.34865 	-0.0403961 	
1.835	0.327487 	-0.172776 	0.53948 	0.0293254 	-1.34865 	-0.0403961 	
1.84	0.327552 	-0.172771 	0.53949 	0.0293254 	-1.34865 	-0.0403961 	
1.845	0.327616 	-0.172766 	0.539501 	0.0293254 	-1.34865 	-0.0403961 	
1.85	0.327617 	-0.172771 	0.539498 	0.0277301 	-1.34753 	-0.0381987 	
1.855	0.327681 	-0.172767 	0.539508 	0.0277301 	-1.34753 	-0.0381987 	
1.86	0.327744 	-0.172762 	0.539519 	0.0277301 	-1.34753 	-0.0381987 	
1.865	0.327807 	-0.172757 	0.539529 	0.0277301 	-1.34753 	-0.0381987 	
1.87	0.327808 	-0.172762 	0.539526 	0.026171 	-1.34644 	-0.0360509 	
1.875	0.32787 	-0.172757 	0.539537 	0.026171 	-1.34644 	-0.0360509 	
1.88	0.327932 	-0.172752 	0.539546 	0.026171 	-1.34644 	-0.0360509 	
1.885	0.327994 	-0.172747 	0.539556 	0.026171 	-1.34644 	-0.0360509 	
1.89	0.327995 	-0.172752 	0.539554 	0.024649 	-1.34537 	-0.0339544 	
1.895	0.328055 	-0.172747 	0.539564 	0.024649 	-1.34537 	-0.0339544 	
1.9	0.328116 	-0.172743 	0.539574 	0.024649 	-1.34537 	-0.0339544 	
1.905	0.328176 	-0.172738 	0.539583 	0.024649 	-1.34537 	-0.0339544 	
1.91	0.328235 	-0.172733 	0.539593 	0.024649 	-1.34537 	-0.0339544 	
1.915	0.328223 	-0.17274 	0.539588 	0.0228385 	-1.3441 	-0.0314603 	
1.92	0.328282 	-0.172736 	0.539598 	0.0228385 	-1.3441 	-0.0314603 	
1.925	0.32834 	-0.172731 	0.539607 	0.0228385 	-1.3441 	-0.0314603 	
1.93	0.328398 	-0.172726 	0.539616 	0.0228385 	-1.3441 	-0.0314603 	
1.935	0.328455 	-0.172722 	0.539625 	0.0228385 	-1.3441 	-0.0314603 	
1.94	0.328442 	-0.172729 	0.539621 	0.0210537 	-1.34285 	-0.0290017 	
1.945	0.328499 	-0.172725 	0.53963 	0.0210537 	-1.34285 	-0.0290017 	
1.95	0.328555 	-0.17272 	0.539639 	0.0210537 	-1.34285 	-0.0290017 	
1.955	0.328611 	-0.172715 	0.539648 	0.0210537 	-1.34285 	-0.0290017 	
1.96	0.328666 	-0.172711 	0.539657 	0.0210537 	-1.34285 	-0.0290017 	
1.965	0.328653 	-0.172718 	0.539652 	0.0193282 	-1.34164 	-0.0266248 	
1.97	0.328708 	-0.172714 	0.539661 	0.0193282 	-1.34164 	-0.0266248 	
1.975	0.328762 	-0.172709 	0.539669 	0.0193282 	-1.34164 	-0.0266248 	
1.98	0.328816 	-0.172705 	0.539678 	0.0193282 	-1.34164 	-0.0266248 	
1.985	0.328869 	-0.1727 	0.539686 	0.0193282 	-1.34164 	-0.0266248 	
1.99	0.328856 	-0.172708 	0.539682 	0.0176671 	-1.34048 	-0.0243366 	
1.995	0.328909 	-0.172704 	0.53969 	0.0176671 	-1.34048 	-0.0243366 	
2	0.328961 	-0.172699 	0.539699 	0.0176671 	-1.34048 	-0.0243366 	
2.005	0.329012 	-0.172695 	0.539707 	0.0176671 	-1.34048 	-0.0243366 	
2.01	0.329064 	-0.172691 	0.539715 	0.0176671 	-1.34048 	-0.0243366 	
2.015	0.329051 	-0.172698 	0.539711 	0.0160723 	-1.33936 	-0.0221397 	
2.02	0.329102 	-0.172694 	0.539719 	0.0160723 	-1.33936 	-0.0221397 	
2.025	0.329151 	-0.17269 	0.539727 	0.0160723 	-1.33936 	-0.0221397 	
2.03	0.329201 	-0.172685 	0.539735 	0.0160723 	-1.33936 	-0.0221397 	
2.035	0.32925 	-0.172681 	0.539743 	0.0160723 	-1.33936 	-0.0221397 	
2.04	0.329238 	-0.172689 	0.539739 	0.0145454 	-1.33829 	-0.0200364 	
2.045	0.329286 	-0.172685 	0.539746 	0.0145454 	-1.33829 	-0.0200364 	
2.05	0.329334 	-0.17268 	0.539754 	0.0145454 	-1.33829 	-0.0200364 	
2.055	0.329381 	-0.172676 	0.539761 	0.0145454 	-1.33829 	-0.0200364 	
2.06	0.329427 	-0.172672 	0.539769 	0.0145454 	-1.33829 	-0.0200364 	
2.065	0.329474 	-0.172668 	0.539776 	0.0145454 	-1.33829 	-0.0200364 	
2.07	0.329452 	-0.172678 	0.53977 	0.0128353 	-1.33709 	-0.0176807 	
2.075	0.329497 	-0.172674 	0.539778 	0.0128353 	-1.33709 	-0.0176807 	
2.08	0.329542 	-0.17267 	0.539785 	0.0128353 	-1.33709 	-0.0176807 	
2.085	0.329586 	-0.172666 	0.539792 	0.0128353 	-1.33709 	-0.0176807 	
2.09	0.32963 	-0.172662 	0.539799 	0.0128353 	-1.33709 	-0.0176807 	
2.095	0.329673 	-0.172658 	0.539806 	0.0128353 	-1.33709 	-0.0176807 	
2.1	0.329652 	-0.172668 	0.5398 	0.0111987 	-1.33594 	-0.0154262 	
2.105	0.329694 	-0.172664 	0.539807 	0.0111987 	-1.33594 	-0.0154262 	
2.11	0.329736 	-0.17266 	0.539814 	0.0111987 	-1.33594 	-0.0154262 	
2.115	0.329778 	-0.172656 	0.53982 	0.0111987 	-1.33594 	-0.0154262 	
2.12	0.329819 	-0.172653 	0.539827 	0.0111987 	-1.33594 	-0.0154262 	
2.125	0.329859 	-0.172649 	0.539833 	0.0111987 	-1.33594 	-0.0154262 	
2.13	0.329839 	-0.172658 	0.539828 	0.00966374 	-1.33487 	-0.0133118 	
2.135	0.329878 	-0.172655 	0.539834 	0.00966374 	-1.33487 	-0.0133118 	
2.14	0.329917 	-0.172651 	0.53984 	0.00966374 	-1.33487 	-0.0133118 	
2.145	0.329956 	-0.172648 	0.539846 	0.00966374 	-1.33487 	-0.0133118 	
2.15	0.329994 	-0.172644 	0.539852 	0.00966374 	-1.33487 	-0.0133118 	
2.155	0.330032 	-0.172641 	0.539858 	0.00966374 	-1.33487 	-0.0133118 	
2.16	0.330069 	-0.172637 	0.539864 	0.00966374 	-1.33487 	-0.0133118 	
2.165	0.330041 	-0.172648 	0.539858 	0.00803299 	-1.33373 	-0.0110654 	
2.17	0.330077 	-0.172644 	0.539864 	0.00803299 	-1.33373 	-0.0110654 	
2.175	0.330113 	-0.172641 	0.539869 	0.00803299 	-1.33373 	-0.0110654 	
2.18	0.330148 	-0.172638 	0.539875 	0.00803299 	-1.33373 	-0.0110654 	
2.185	0.330183 	-0.172635 	0.53988 	0.00803299 	-1.33373 	-0.0110654 	
2.19	0.330217 	-0.172632 	0.539886 	0.00803299 	-1.33373 	-0.0110654 	
2.195	0.33025 	-0.172629 	0.539891 	0.00803299 	-1.33373 	-0.0110654 	
2.2	0.330284 	-0.172626 	0.539896 	0.00803299 	-1.33373 	-0.0110654 	
2.205	0.33025 	-0.172637 	0.539889 	0.00634581 	-1.33254 	-0.00874128 	
2.21	0.330282 	-0.172634 	0.539894 	0.00634581 	-1.33254 	-0.00874128 	
2.215	0.330314 	-0.172631 	0.539899 	0.00634581 	-1.33254 	-0.00874128 	
2.22	0.330345 	-0.172628 	0.539904 	0.00634581 	-1.33254 	-0.00874128 	
2.225	0.330375 	-0.172625 	0.539909 	0.00634581 	-1.33254 	-0.00874128 	
2.23	0.330405 	-0.172623 	0.539913 	0.00634581 	-1.33254 	-0.00874128 	
2.235	0.330435 	-0.17262 	0.539918 	0.00634581 	-1.33254 	-0.00874128 	
2.24	0.330464 	-0.172617 	0.539923 	0.00634581 	-1.33254 	-0.00874128 	
2.245	0.330433 	-0.172628 	0.539916 	0.00483131 	-1.33148 	-0.00665507 	
2.25	0.330461 	-0.172625 	0.53992 	0.00483131 	-1.33148 	-0.00665507 	
2.255	0.330488 	-0.172623 	0.539925 	0.00483131 	-1.33148 	-0.00665507 	
2.26	0.330516 	-0.17262 	0.539929 	0.00483131 	-1.33148 	-0.00665507 	
2.265	0.330542 	-0.172618 	0.539933 	0.00483131 	-1.33148 	-0.00665507 	
2.27	0.330568 	-0.172615 	0.539937 	0.00483131 	-1.33148 	-0.00665507 	
2.275	0.330593 	-0.172613 	0.539941 	0.00483131 	-1.33148 	-0.00665507 	
2.28	0.330618 	-0.17261 	0.539945 	0.00483131 	-1.33148 	-0.00665507 	
2.285	0.330643 	-0.172608 	0.539949 	0.00483131 	-1.33148 	-0.00665507 	
2.29	0.330667 	-0.172606 	0.539953 	0.00483131 	-1.33148 	-0.00665507 	
2.295	0.330628 	-0.172618 	0.539945 	0.00325512 	-1.33038 	-0.00448381 	
2.3	0.330651 	-0.172616 	0.539949 	0.00325512 	-1.33038 	-0.00448381 	
2.305	0.330673 	-0.172613 	0.539952 	0.00325512 	-1.33038 	-0.00448381 	
2.31	0.330695 	-0.172611 	0.539956 	0.00325512 	-1.33038 	-0.00448381 	
2.315	0.330716 	-0.172609 	0.539959 	0.00325512 	-1.33038 	-0.00448381 	
2.32	0.330737 	-0.172607 	0.539962 	0.00325512 	-1.33038 	-0.00448381 	
2.325	0.330757 	-0.172606 	0.539965 	0.00325512 	-1.33038 	-0.00448381 	
2.33	0.330777 	-0.172604 	0.539968 	0.00325512 	-1.33038 	-0.00448381 	
2.335	0.330796 	-0.172602 	0.539971 	0.00325512 	-1.33038 	-0.00448381 	
2.34	0.330815 	-0.1726 	0.539974 	0.00325512 	-1.33038 	-0.00448381 	
2.345	0.330833 	-0.172598 	0.539977 	0.00325512 	-1.33038 	-0.00448381 	
2.35	0.33085 	-0.172597 	0.53998 	0.00325512 	-1.33038 	-0.00448381 	
2.355	0.330867 	-0.172595 	0.539983 	0.00325512 	-1.33038 	-0.00448381 	
2.36	0.330822 	-0.172608 	0.539974 	0.00168003 	-1.32928 	-0.0023141 	
2.365	0.330838 	-0.172606 	0.539976 	0.00168003 	-1.32928 	-0.0023141 	
2.37	0.330853 	-0.172605 	0.539979 	0.00168003 	-1.32928 	-0.0023141 	
2.375	0.330868 	-0.172603 	0.539981 	0.00168003 	-1.32928 	-0.0023141 	
2.38	0.330882 	-0.172602 	0.539983 	0.00168003 	-1.32928 	-0.0023141 	
2.385	0.330896 	-0.172601 	0.539985 	0.00168003 	-1.32928 	-0.0023141 	
2.39	0.33091 	-0.172599 	0.539988 	0.00168003 	-1.32928 	-0.0023141 	
2.395	0.330922 	-0.172598 	0.53999 	0.00168003 	-1.32928 	-0.0023141 	
2.4	0.330934 	-0.172597 	0.539991 	0.00168003 	-1.32928 	-0.0023141 	
2.405	0.330946 	-0.172596 	0.539993 	0.00168003 	-1.32928 	-0.0023141 	
2.41	0.330957 	-0.172595 	0.539995 	0.00168003 	-1.32928 	-0.0023141 	
2.415	0.330968 	-0.172594 	0.539997 	0.00168003 	-1.32928 	-0.0023141 	
2.42	0.330978 	-0.172593 	0.539998 	0.00168003 	-1.32928 	-0.0023141 	
2.425	0.330986 	-0.172592 	0.54 	0.00168003 	-1.32928 	-0.0023141 	
2.43	0.330996 	-0.172591 	0.540001 	0.00168003 	-1.32928 	-0.0023141 	
2.435	0.331004 	-0.17259 	0.540002 	0.00168003 	-1.32928 	-0.0023141 	
2.44	0.331012 	-0.17259 	0.540004 	0.00168003 	-1.32928 	-0.0023141 	
2.445	0.331019 	-0.172589 	0.540005 	0.00168003 	-1.32928 	-0.0023141 	
2.45	0.331026 	-0.172588 	0.540006 	0.00168003 	-1.32928 	-0.0023141 	
2.455	0.331032 	-0.172588 	0.540007 	0.00168003 	-1.32928 	-0.0023141 	
2.46	0.331038 	-0.172587 	0.540008 	0.00168003 	-1.32928 	-0.0023141 	
2.465	0.331043 	-0.172587 	0.540009 	0.00168003 	-1.32928 	-0.0023141 	
2.47	0.331048 	-0.172586 	0.540009 	0.00168003 	-1.32928 	-0.0023141 	
2.475	0.331052 	-0.172586 	0.54001 	0.00168003 	-1.32928 	-0.0023141 	
2.48	0.331056 	-0.172586 	0.540011 	0.00168003 	-1.32928 	-0.0023141 	
2.485	0.331059 	-0.172585 	0.540011 	0.00168003 	-1.32928 	-0.0023141 	
2.49	0.331061 	-0.172585 	0.540011 	0.00168003 	-1.32928 	-0.0023141 	
2.495	0.331063 	-0.172585 	0.540012 	0.00168003 	-1.32928 	-0.0023141 	
2.5	0.331065 	-0.172585 	0.540012 	0.00168003 	-1.32928 	-0.0023141 	
2.505	0.331006 	-0.172598 	0.540001 	0.000171402 	-1.32822 	-0.000235941 	
2.51	0.331006 	-0.172598 	0.540001 	0.000171402 	-1.32822 	-0.000235941 	
2.515	0.331011 	-0.172594 	0.540001 	0.000171402 	-1.32822 	-0.000235941 	
2.52	0.331011 	-0.172594 	0.540001 	0.000171402 	-1.32822 	-0.000235941 	
2.525	0.331011 	-0.172594 	0.54 	0.000171402 	-1.32822 	-0.000235941 	
2.53	0.331011 	-0.172594 	0.539999 	0.000171402 	-1.32822 	-0.000235941 	
2.535	0.331012 	-0.172594 	0.539998 	0.000171403 	-1.32822 	-0.000235942 	
2.54	0.331012 	-0.172594 	0.539996 	0.000171403 	-1.32822 	-0.000235942 	
2.545	0.331012 	-0.172594 	0.539994 	0.000171403 	-1.32822 	-0.000235942 	
2.55	0.331012 	-0.172594 	0.539992 	0.000171403 	-1.32822 	-0.000235942 	
2.555	0.331013 	-0.172594 	0.53999 	0.000171403 	-1.32822 	-0.000235942 	
2.56	0.331013 	-0.172595 	0.539987 	0.000171403 	-1.32822 	-0.000235942 	
2.565	0.331014 	-0.172595 	0.539984 	0.000171403 	-1.32822 	-0.000235942 	
2.57	0.331014 	-0.172595 	0.53998 	0.000171403 	-1.32822 	-0.000235942 	
2.575	0.331015 	-0.172595 	0.539977 	0.000171404 	-1.32822 	-0.000235943 	
2.58	0.331015 	-0.172595 	0.539973 	0.000171404 	-1.32822 	-0.000235943 	
2.585	0.331016 	-0.172595 	0.539968 	0.000171404 	-1.32822 	-0.000235943 	
2.59	0.331016 	-0.172596 	0.539964 	0.000171405 	-1.32822 	-0.000235944 	
2.595	0.331017 	-0.172596 	0.539959 	0.000171405 	-1.32822 	-0.000235944 	
2.6	0.331018 	-0.172596 	0.539954 	0.000171405 	-1.32822 	-0.000235945 	
2.605	0.331018 	-0.172596 	0.539949 	0.000171406 	-1.32822 	-0.000235945 	
2.61	0.331019 	-0.172597 	0.539943 	0.000171407 	-1.32822 	-0.000235946 	
2.615	0.33102 	-0.172597 	0.539937 	0.000171407 	-1.32822 	-0.000235946 	
2.62	0.331021 	-0.172597 	0.539931 	0.000171408 	-1.32822 	-0.000235947 	
2.625	0.331022 	-0.172597 	0.539924 	0.000171409 	-1.32822 	-0.000235948 	
2.63	0.331023 	-0.172598 	0.539917 	0.000171409 	-1.32822 	-0.000235949 	
2.635	0.331024 	-0.172598 	0.53991 	0.00017141 	-1.32822 	-0.00023595 	
2.64	0.331025 	-0.172598 	0.539902 	0.000171411 	-1.32822 	-0.000235951 	
2.645	0.331026 	-0.172599 	0.539895 	0.000171412 	-1.32822 	-0.000235952 	
2.65	0.331027 	-0.172599 	0.539887 	0.000171414 	-1.32822 	-0.000235953 	
2.655	0.331028 	-0.1726 	0.539878 	0.000171415 	-1.32822 	-0.000235955 	
2.66	0.331029 	-0.1726 	0.53987 	0.000171416 	-1.32822 	-0.000235956 	
2.665	0.33103 	-0.1726 	0.539861 	0.000171418 	-1.32822 	-0.000235958 	
2.67	0.331032 	-0.172601 	0.539851 	0.000171419 	-1.32822 	-0.000235959 	
2.675	0.331033 	-0.172601 	0.539842 	0.00017142 	-1.32822 	-0.000235961 	
2.68	0.331034 	-0.172602 	0.539831 	0.000171422 	-1.32822 	-0.000235962 	
2.685	0.331036 	-0.172602 	0.539821 	0.000171424 	-1.32822 	-0.000235964 	
2.69	0.331037 	-0.172603 	0.539811 	0.000171425 	-1.32822 	-0.000235966 	
2.695	0.331039 	-0.172603 	0.5398 	0.000171427 	-1.32822 	-0.000235967 	
2.7	0.331036 	-0.172608 	0.539789 	0.000171428 	-1.32822 	-0.000235969 	
2.705	0.331037 	-0.172608 	0.539778 	0.00017143 	-1.32822 	-0.000235971 	
2.71	0.331039 	-0.172609 	0.539767 	0.000171432 	-1.32822 	-0.000235973 	
2.715	0.33104 	-0.17261 	0.539755 	0.000171434 	-1.32822 	-0.000235975 	
2.72	0.331042 	-0.17261 	0.539743 	0.000171436 	-1.32822 	-0.000235977 	
2.725	0.331107 	-0.172601 	0.539742 	0.000519469 	-1.3294 	-2.27429e-05 	
2.73	0.331109 	-0.172601 	0.53973 	0.000519471 	-1.3294 	-2.27455e-05 	
2.735	0.331111 	-0.172602 	0.539717 	0.000519474 	-1.3294 	-2.27481e-05 	
2.74	0.331113 	-0.172603 	0.539703 	0.000519476 	-1.3294 	-2.27508e-05 	
2.745	0.331114 	-0.172603 	0.53969 	0.000519479 	-1.3294 	-2.27537e-05 	
2.75	0.331116 	-0.172604 	0.539676 	0.000519482 	-1.3294 	-2.27567e-05 	
2.755	0.331118 	-0.172605 	0.539662 	0.000519485 	-1.3294 	-2.27598e-05 	
2.76	0.33112 	-0.172605 	0.539648 	0.000519488 	-1.3294 	-2.2763e-05 	
2.765	0.331122 	-0.172606 	0.539633 	0.000519491 	-1.3294 	-2.27664e-05 	
2.77	0.331124 	-0.172607 	0.539619 	0.000519494 	-1.3294 	-2.27699e-05 	
2.775	0.331126 	-0.172607 	0.539604 	0.000519497 	-1.3294 	-2.27735e-05 	
2.78	0.331128 	-0.172608 	0.539588 	0.000519501 	-1.3294 	-2.27772e-05 	
2.785	0.33113 	-0.172609 	0.539573 	0.000519505 	-1.3294 	-2.27811e-05 	
2.79	0.331133 	-0.172609 	0.539557 	0.000519508 	-1.3294 	-2.27851e-05 	
2.795	0.331135 	-0.17261 	0.539541 	0.000519512 	-1.3294 	-2.27892e-05 	
2.8	0.331137 	-0.172611 	0.539524 	0.000519516 	-1.3294 	-2.27935e-05 	
2.805	0.331206 	-0.172601 	0.53952 	0.000990613 	-1.33063 	-1.70349e-06 	
2.81	0.331208 	-0.172602 	0.539503 	0.000990618 	-1.33063 	-1.70806e-06 	
2.815	0.331211 	-0.172602 	0.539485 	0.000990622 	-1.33063 	-1.71277e-06 	
2.82	0.331213 	-0.172603 	0.539468 	0.000990627 	-1.33063 	-1.71762e-06 	
2.825	0.331215 	-0.172604 	0.53945 	0.000990631 	-1.33063 	-1.72262e-06 	
2.83	0.331218 	-0.172605 	0.539432 	0.000990636 	-1.33063 	-1.72777e-06 	
2.835	0.33122 	-0.172606 	0.539414 	0.000990641 	-1.33063 	-1.73307e-06 	
2.84	0.331223 	-0.172607 	0.539395 	0.000990646 	-1.33063 	-1.73851e-06 	
2.845	0.331225 	-0.172608 	0.539377 	0.000990652 	-1.33063 	-1.74411e-06 	
2.85	0.331228 	-0.172608 	0.539358 	0.000990657 	-1.33063 	-1.74985e-06 	
2.855	0.331231 	-0.172609 	0.539338 	0.000990663 	-1.33063 	-1.75576e-06 	
2.86	0.331233 	-0.17261 	0.539319 	0.000990668 	-1.33063 	-1.76181e-06 	
2.865	0.331236 	-0.172611 	0.539299 	0.000990674 	-1.33063 	-1.76803e-06 	
2.87	0.331307 	-0.172601 	0.539291 	0.0014849 	-1.33189 	3.87095e-07 	
2.875	0.33131 	-0.172602 	0.539271 	0.0014849 	-1.33189 	3.80541e-07 	
2.88	0.331313 	-0.172603 	0.539251 	0.00148491 	-1.33189 	3.73829e-07 	
2.885	0.331315 	-0.172604 	0.53923 	0.00148492 	-1.33189 	3.66956e-07 	
2.89	0.331318 	-0.172605 	0.539209 	0.00148492 	-1.33189 	3.59921e-07 	
2.895	0.331321 	-0.172606 	0.539187 	0.00148493 	-1.33189 	3.52723e-07 	
2.9	0.331324 	-0.172607 	0.539166 	0.00148494 	-1.33189 	3.45361e-07 	
2.905	0.331327 	-0.172608 	0.539144 	0.00148494 	-1.33189 	3.37834e-07 	
2.91	0.33133 	-0.172609 	0.539122 	0.00148495 	-1.33189 	3.30141e-07 	
2.915	0.331333 	-0.17261 	0.5391 	0.00148496 	-1.33189 	3.22282e-07 	
2.92	0.331336 	-0.172611 	0.539077 	0.00148497 	-1.33189 	3.14255e-07 	
2.925	0.331407 	-0.172601 	0.539067 	0.00197402 	-1.33314 	5.68417e-07 	
2.93	0.33141 	-0.172602 	0.539044 	0.00197403 	-1.33314 	5.60022e-07 	
2.935	0.331413 	-0.172603 	0.539021 	0.00197404 	-1.33314 	5.51459e-07 	
2.94	0.331416 	-0.172604 	0.538998 	0.00197405 	-1.33314 	5.42726e-07 	
2.945	0.33142 	-0.172605 	0.538974 	0.00197406 	-1.33314 	5.33823e-07 	
2.95	0.331423 	-0.172606 	0.53895 	0.00197407 	-1.33314 	5.24747e-07 	
2.955	0.331426 	-0.172607 	0.538926 	0.00197407 	-1.33314 	5.155e-07 	
2.96	0.331429 	-0.172609 	0.538901 	0.00197408 	-1.33314 	5.0608e-07 	
2.965	0.331433 	-0.17261 	0.538877 	0.00197409 	-1.33314 	4.96488e-07 	
2.97	0.331432 	-0.172615 	0.538852 	0.0019741 	-1.33314 	4.88613e-07 	
2.975	0.331503 	-0.172605 	0.53884 	0.00246845 	-1.3344 	5.93537e-07 	
2.98	0.331507 	-0.172607 	0.538815 	0.00246846 	-1.3344 	5.83385e-07 	
2.985	0.33151 	-0.172608 	0.538789 	0.00246847 	-1.3344 	5.73063e-07 	
2.99	0.331514 	-0.172609 	0.538763 	0.00246848 	-1.3344 	5.62566e-07 	
2.995	0.331517 	-0.17261 	0.538738 	0.00246849 	-1.3344 	5.51894e-07 	
3	0.331521 	-0.172611 	0.538711 	0.0024685 	-1.3344 	5.41048e-07 	
3.005	0.331524 	-0.172613 	0.538685 	0.00246851 	-1.3344 	5.30027e-07 	
3.01	0.331528 	-0.172614 	0.538659 	0.00246852 	-1.3344 	5.18832e-07 	
3.015	0.331532 	-0.172615 	0.538632 	0.00246853 	-1.3344 	5.07462e-07 	
3.02	0.331602 	-0.172605 	0.538617 	0.00295384 	-1.33564 	5.681e-07 	
3.025	0.331606 	-0.172607 	0.53859 	0.00295385 	-1.33564 	5.56337e-07 	
3.03	0.33161 	-0.172608 	0.538563 	0.00295386 	-1.33564 	5.44403e-07 	
3.035	0.331613 	-0.172609 	0.538535 	0.00295387 	-1.33564 	5.32295e-07 	
3.04	0.331617 	-0.17261 	0.538508 	0.00295388 	-1.33564 	5.20012e-07 	
3.045	0.331621 	-0.172612 	0.53848 	0.0029539 	-1.33564 	5.07556e-07 	
3.05	0.331625 	-0.172613 	0.538451 	0.00295391 	-1.33564 	4.94927e-07 	
3.055	0.331629 	-0.172614 	0.538423 	0.00295392 	-1.33564 	4.82125e-07 	
3.06	0.331633 	-0.172616 	0.538395 	0.00295393 	-1.33564 	4.69151e-07 	
3.065	0.331708 	-0.172605 	0.538379 	0.00346905 	-1.33695 	6.38872e-07 	
3.07	0.331712 	-0.172607 	0.53835 	0.00346906 	-1.33695 	6.255e-07 	
3.075	0.331716 	-0.172608 	0.538321 	0.00346907 	-1.33695 	6.11962e-07 	
3.08	0.33172 	-0.17261 	0.538292 	0.00346908 	-1.33695 	5.98253e-07 	
3.085	0.331724 	-0.172611 	0.538262 	0.0034691 	-1.33695 	5.84374e-07 	
3.09	0.331728 	-0.172612 	0.538233 	0.00346911 	-1.33695 	5.70326e-07 	
3.095	0.331732 	-0.172614 	0.538203 	0.00346912 	-1.33695 	5.56109e-07 	
3.1	0.331736 	-0.172615 	0.538173 	0.00346914 	-1.33695 	5.41726e-07 	
3.105	0.331808 	-0.172605 	0.538155 	0.00395952 	-1.3382 	5.80702e-07 	
3.11	0.331812 	-0.172607 	0.538125 	0.00395953 	-1.3382 	5.65929e-07 	
3.115	0.331816 	-0.172608 	0.538094 	0.00395955 	-1.3382 	5.50994e-07 	
3.12	0.33182 	-0.17261 	0.538064 	0.00395956 	-1.3382 	5.35895e-07 	
3.125	0.331824 	-0.172611 	0.538033 	0.00395958 	-1.3382 	5.20633e-07 	
3.13	0.331829 	-0.172613 	0.538002 	0.00395959 	-1.3382 	5.05209e-07 	
3.135	0.331833 	-0.172614 	0.53797 	0.00395961 	-1.3382 	4.89624e-07 	
3.14	0.331837 	-0.172615 	0.537939 	0.00395962 	-1.3382 	4.73879e-07 	
3.145	0.331912 	-0.172605 	0.537921 	0.00446815 	-1.3395 	6.21836e-07 	
3.15	0.331916 	-0.172607 	0.537889 	0.00446816 	-1.3395 	6.0571e-07 	
3.155	0.33192 	-0.172608 	0.537857 	0.00446818 	-1.3395 	5.89431e-07 	
3.16	0.331925 	-0.17261 	0.537825 	0.00446819 	-1.3395 	5.72997e-07 	
3.165	0.331929 	-0.172611 	0.537793 	0.00446821 	-1.3395 	5.56409e-07 	
3.17	0.331933 	-0.172613 	0.537761 	0.00446823 	-1.3395 	5.39669e-07 	
3.175	0.331938 	-0.172614 	0.537728 	0.00446824 	-1.3395 	5.22777e-07 	
3.18	0.332007 	-0.172605 	0.537708 	0.00493689 	-1.3407 	5.25407e-07 	
3.185	0.332011 	-0.172607 	0.537675 	0.00493691 	-1.3407 	5.08153e-07 	
3.19	0.332016 	-0.172608 	0.537642 	0.00493693 	-1.3407 	4.90756e-07 	
3.195	0.33202 	-0.17261 	0.537609 	0.00493694 	-1.3407 	4.73214e-07 	
3.2	0.332025 	-0.172611 	0.537576 	0.00493696 	-1.3407 	4.55527e-07 	
3.205	0.332029 	-0.172613 	0.537542 	0.00493698 	-1.3407 	4.37699e-07 	
3.21	0.332034 	-0.172615 	0.537509 	0.00493699 	-1.3407 	4.1973e-07 	
3.215	0.332104 	-0.172605 	0.537488 	0.00541472 	-1.34191 	5.39678e-07 	
3.22	0.332109 	-0.172607 	0.537454 	0.00541474 	-1.34191 	5.21363e-07 	
3.225	0.332114 	-0.172609 	0.53742 	0.00541476 	-1.34191 	5.02917e-07 	
3.23	0.332118 	-0.17261 	0.537386 	0.00541477 	-1.34191 	4.84337e-07 	
3.235	0.332123 	-0.172612 	0.537352 	0.00541479 	-1.34191 	4.65626e-07 	
3.24	0.332128 	-0.172613 	0.537318 	0.00541481 	-1.34191 	4.46785e-07 	
3.245	0.332132 	-0.172615 	0.537283 	0.00541483 	-1.34191 	4.27815e-07 	
3.25	0.332205 	-0.172605 	0.537262 	0.00590535 	-1.34317 	5.76365e-07 	
3.255	0.332209 	-0.172607 	0.537227 	0.00590536 	-1.34317 	5.57069e-07 	
3.26	0.332214 	-0.172609 	0.537192 	0.00590538 	-1.34317 	5.37656e-07 	
3.265	0.332219 	-0.17261 	0.537158 	0.0059054 	-1.34317 	5.18122e-07 	
3.27	0.332224 	-0.172612 	0.537123 	0.00590542 	-1.34317 	4.9847e-07 	
3.275	0.332229 	-0.172613 	0.537087 	0.00590544 	-1.34317 	4.78701e-07 	
3.28	0.332233 	-0.172615 	0.537052 	0.00590546 	-1.34317 	4.58819e-07 	
3.285	0.332307 	-0.172605 	0.537031 	0.0064078 	-1.34445 	6.15262e-07 	
3.29	0.332312 	-0.172607 	0.536995 	0.00640782 	-1.34445 	5.95076e-07 	
3.295	0.332317 	-0.172609 	0.53696 	0.00640783 	-1.34445 	5.74788e-07 	
3.3	0.332322 	-0.17261 	0.536924 	0.00640785 	-1.34445 	5.54394e-07 	
3.305	0.332327 	-0.172612 	0.536888 	0.00640787 	-1.34445 	5.33897e-07 	
3.31	0.332333 	-0.172612 	0.536852 	0.00640789 	-1.34445 	5.12308e-07 	
3.315	0.332338 	-0.172614 	0.536816 	0.00640791 	-1.34445 	4.91602e-07 	
3.32	0.332414 	-0.172604 	0.536794 	0.00692059 	-1.34576 	6.52714e-07 	
3.325	0.332419 	-0.172605 	0.536758 	0.00692061 	-1.34576 	6.31741e-07 	
3.33	0.332424 	-0.172607 	0.536722 	0.00692063 	-1.34576 	6.10681e-07 	
3.335	0.332429 	-0.172609 	0.536686 	0.00692065 	-1.34576 	5.89532e-07 	
3.34	0.332434 	-0.17261 	0.53665 	0.00692067 	-1.34576 	5.68297e-07 	
3.345	0.332439 	-0.172612 	0.536613 	0.00692069 	-1.34576 	5.46977e-07 	
3.35	0.332444 	-0.172614 	0.536577 	0.00692072 	-1.34576 	5.25577e-07 	
3.355	0.33252 	-0.172604 	0.536554 	0.00744218 	-1.34709 	6.88017e-07 	
3.36	0.332525 	-0.172605 	0.536518 	0.0074422 	-1.34709 	6.66367e-07 	
3.365	0.33253 	-0.172607 	0.536481 	0.00744222 	-1.34709 	6.44649e-07 	
3.37	0.332535 	-0.172609 	0.536444 	0.00744224 	-1.34709 	6.22859e-07 	
3.375	0.33254 	-0.172611 	0.536408 	0.00744226 	-1.34709 	6.01e-07 	
3.38	0.332545 	-0.172612 	0.536371 	0.00744229 	-1.34709 	5.79076e-07 	
3.385	0.332551 	-0.172614 	0.536334 	0.00744231 	-1.34709 	5.57088e-07 	
3.39	0.332628 	-0.172604 	0.536311 	0.00797097 	-1.34844 	7.20392e-07 	
3.395	0.332633 	-0.172606 	0.536274 	0.00797099 	-1.34844 	6.98186e-07 	
3.4	0.332638 	-0.172607 	0.536237 	0.00797101 	-1.34844 	6.75931e-07 	
3.405	0.332644 	-0.172609 	0.5362 	0.00797103 	-1.34844 	6.53622e-07 	
3.41	0.332649 	-0.172611 	0.536163 	0.00797105 	-1.34844 	6.31263e-07 	
3.415	0.332654 	-0.172612 	0.536125 	0.00797107 	-1.34844 	6.08857e-07 	
