0	2.05323 	-0.0924308 	-1.55787 	0.000215658 	-0.0986952 	0.00455807 	
0.005	2.05323 	-0.0924303 	-1.55787 	0.000215684 	-0.0986952 	0.00455809 	
0.01	2.05323 	-0.0924299 	-1.55787 	0.000215708 	-0.0986952 	0.0045581 	
0.015	2.05323 	-0.0924295 	-1.55787 	0.00021573 	-0.0986952 	0.00455811 	
0.02	2.05323 	-0.0924291 	-1.55787 	0.00021575 	-0.0986952 	0.00455812 	
0.025	2.05323 	-0.0924287 	-1.55787 	0.000215768 	-0.0986953 	0.00455813 	
0.03	2.05323 	-0.0924283 	-1.55787 	0.000215783 	-0.0986953 	0.00455813 	
0.035	2.05323 	-0.0924279 	-1.55787 	0.000215796 	-0.0986954 	0.00455814 	
0.04	2.05323 	-0.0924274 	-1.55787 	0.000215806 	-0.0986955 	0.00455814 	
0.045	2.05323 	-0.092427 	-1.55786 	0.000215813 	-0.0986957 	0.00455813 	
0.05	2.05323 	-0.0924265 	-1.55786 	0.000215817 	-0.0986959 	0.00455812 	
0.055	2.05324 	-0.092426 	-1.55785 	0.000215817 	-0.0986962 	0.00455811 	
0.06	2.05324 	-0.0924255 	-1.55785 	0.000215815 	-0.0986965 	0.00455809 	
0.065	2.05324 	-0.0924249 	-1.55784 	0.000215808 	-0.0986968 	0.00455807 	
0.07	2.05325 	-0.0924242 	-1.55783 	0.000215799 	-0.0986972 	0.00455805 	
0.075	2.05325 	-0.0924236 	-1.55782 	0.000215785 	-0.0986977 	0.00455802 	
0.08	2.05326 	-0.0924228 	-1.55781 	0.000215768 	-0.0986983 	0.00455798 	
0.085	2.05327 	-0.092422 	-1.5578 	0.000215746 	-0.0986989 	0.00455794 	
0.09	2.05327 	-0.0924212 	-1.55779 	0.000215721 	-0.0986996 	0.00455789 	
0.095	2.05328 	-0.0924202 	-1.55777 	0.000215691 	-0.0987004 	0.00455784 	
0.1	2.05329 	-0.0924193 	-1.55776 	0.000215658 	-0.0987012 	0.00455778 	
0.105	2.0533 	-0.0924182 	-1.55774 	0.00021562 	-0.0987021 	0.00455771 	
0.11	2.05331 	-0.092417 	-1.55772 	0.000215577 	-0.0987031 	0.00455764 	
0.115	2.05332 	-0.0924158 	-1.5577 	0.00021553 	-0.0987042 	0.00455756 	
0.12	2.05334 	-0.0924145 	-1.55767 	0.000215479 	-0.0987054 	0.00455747 	
0.125	2.05335 	-0.0924132 	-1.55765 	0.000215424 	-0.0987067 	0.00455738 	
0.13	2.05337 	-0.0924117 	-1.55762 	0.000215364 	-0.098708 	0.00455728 	
0.135	2.05338 	-0.0924102 	-1.5576 	0.0002153 	-0.0987094 	0.00455718 	
0.14	2.0534 	-0.0924086 	-1.55757 	0.000215231 	-0.098711 	0.00455707 	
0.145	2.05342 	-0.0924069 	-1.55754 	0.000215158 	-0.0987126 	0.00455695 	
0.15	2.05344 	-0.0924052 	-1.5575 	0.00021508 	-0.0987143 	0.00455683 	
0.155	2.05346 	-0.0924033 	-1.55747 	0.000214998 	-0.0987161 	0.0045567 	
0.16	2.05348 	-0.0924014 	-1.55743 	0.000214912 	-0.098718 	0.00455656 	
0.165	2.05185 	-0.0909901 	-1.55981 	0.000280793 	-0.0987234 	0.00454671 	
0.17	2.05219 	-0.0910578 	-1.55992 	0.000277154 	-0.098738 	0.0045456 	
0.175	2.05245 	-0.0911339 	-1.55996 	0.000272916 	-0.0987508 	0.00454409 	
0.18	2.05261 	-0.0911962 	-1.55993 	0.000269313 	-0.0987602 	0.00454264 	
0.185	2.05276 	-0.0912537 	-1.55989 	0.000265961 	-0.0987691 	0.00454128 	
0.19	2.05291 	-0.0913067 	-1.55985 	0.000262842 	-0.0987776 	0.00454 	
0.195	2.05304 	-0.0913555 	-1.55981 	0.000259939 	-0.0987858 	0.00453879 	
0.2	2.05317 	-0.0914005 	-1.55977 	0.000257234 	-0.0987937 	0.00453765 	
0.205	2.0533 	-0.0914419 	-1.55973 	0.000254714 	-0.0988013 	0.00453657 	
0.21	2.05341 	-0.09148 	-1.55968 	0.000252365 	-0.0988086 	0.00453555 	
0.215	2.05353 	-0.091515 	-1.55963 	0.000250174 	-0.0988157 	0.00453458 	
0.22	2.05364 	-0.0915471 	-1.55958 	0.000248128 	-0.0988226 	0.00453365 	
0.225	2.05211 	-0.0901945 	-1.5619 	0.000311266 	-0.0988327 	0.0045236 	
0.23	2.05252 	-0.0902905 	-1.562 	0.000305971 	-0.0988516 	0.00452182 	
0.235	2.05285 	-0.0903925 	-1.56202 	0.000300204 	-0.0988685 	0.00451967 	
0.24	2.05364 	-0.0912001 	-1.56275 	0.000351559 	-0.0989539 	0.00443872 	
0.245	2.05386 	-0.0912798 	-1.5627 	0.000346885 	-0.0989665 	0.00443679 	
0.25	2.05406 	-0.0913532 	-1.56265 	0.000342537 	-0.0989786 	0.00443497 	
0.255	2.05425 	-0.0914209 	-1.56259 	0.00033849 	-0.0989902 	0.00443326 	
0.26	2.05443 	-0.0914832 	-1.56253 	0.000334723 	-0.0990012 	0.00443165 	
0.265	2.05461 	-0.0915406 	-1.56246 	0.000331214 	-0.0990119 	0.00443013 	
0.27	2.05477 	-0.0915935 	-1.5624 	0.000327945 	-0.0990221 	0.00442869 	
0.275	2.0532 	-0.0901838 	-1.56485 	0.000393832 	-0.0990356 	0.00441795 	
0.28	2.05369 	-0.0903023 	-1.56495 	0.000387226 	-0.0990586 	0.00441565 	
0.285	2.05408 	-0.0904257 	-1.56496 	0.000380201 	-0.0990791 	0.00441297 	
0.29	2.05436 	-0.0905309 	-1.56489 	0.000374041 	-0.0990955 	0.00441041 	
0.295	2.05463 	-0.0906279 	-1.56482 	0.000368313 	-0.0991111 	0.00440801 	
0.3	2.05488 	-0.0907174 	-1.56475 	0.000362985 	-0.0991259 	0.00440576 	
0.305	2.05511 	-0.0907999 	-1.56467 	0.000358028 	-0.0991402 	0.00440363 	
0.31	2.05533 	-0.0908759 	-1.5646 	0.000353415 	-0.0991538 	0.00440163 	
0.315	2.0539 	-0.0895632 	-1.56692 	0.000414836 	-0.0991702 	0.00439122 	
0.32	2.05441 	-0.0896978 	-1.56699 	0.000407249 	-0.0991954 	0.00438847 	
0.325	2.05484 	-0.0898356 	-1.56699 	0.000399339 	-0.0992182 	0.00438537 	
0.33	2.05516 	-0.0899547 	-1.56691 	0.000392337 	-0.0992369 	0.00438243 	
0.335	2.05546 	-0.0900645 	-1.56683 	0.000385826 	-0.0992547 	0.00437966 	
0.34	2.05575 	-0.0901658 	-1.56674 	0.000379771 	-0.0992717 	0.00437707 	
0.345	2.05602 	-0.0902591 	-1.56665 	0.000374138 	-0.099288 	0.00437462 	
0.35	2.05465 	-0.088997 	-1.56892 	0.000433306 	-0.0993067 	0.00436435 	
0.355	2.0552 	-0.089145 	-1.56898 	0.000424903 	-0.099334 	0.00436123 	
0.36	2.05566 	-0.089295 	-1.56896 	0.000416247 	-0.0993588 	0.00435778 	
0.365	2.05601 	-0.0894254 	-1.56887 	0.000408544 	-0.0993795 	0.0043545 	
0.37	2.05635 	-0.0895458 	-1.56878 	0.000401382 	-0.0993992 	0.00435143 	
0.375	2.05666 	-0.0896568 	-1.56868 	0.000394723 	-0.0994179 	0.00434854 	
0.38	2.05696 	-0.089759 	-1.56858 	0.000388528 	-0.0994359 	0.00434582 	
0.385	2.05548 	-0.0883936 	-1.57104 	0.00045288 	-0.0994567 	0.00433502 	
0.39	2.05609 	-0.0885562 	-1.57112 	0.000443631 	-0.099487 	0.00433157 	
0.395	2.0566 	-0.0887205 	-1.5711 	0.000434129 	-0.0995143 	0.00432775 	
0.4	2.05698 	-0.0888629 	-1.571 	0.000425688 	-0.099537 	0.00432411 	
0.405	2.05735 	-0.0889944 	-1.57089 	0.000417842 	-0.0995585 	0.0043207 	
0.41	2.05769 	-0.0891156 	-1.57079 	0.000410546 	-0.0995791 	0.0043175 	
0.415	2.05635 	-0.0878572 	-1.57309 	0.000469939 	-0.099602 	0.00430713 	
0.42	2.05698 	-0.0880312 	-1.57314 	0.000459967 	-0.0996337 	0.0043033 	
0.425	2.05751 	-0.0882056 	-1.57311 	0.000449829 	-0.0996625 	0.00429915 	
0.43	2.05792 	-0.0883581 	-1.573 	0.000440769 	-0.0996868 	0.00429521 	
0.435	2.05831 	-0.0884988 	-1.57289 	0.000432348 	-0.0997099 	0.00429151 	
0.44	2.05867 	-0.0886285 	-1.57277 	0.000424519 	-0.099732 	0.00428804 	
0.445	2.05726 	-0.0873083 	-1.57521 	0.000487169 	-0.0997566 	0.00427745 	
0.45	2.05794 	-0.0874943 	-1.57526 	0.000476493 	-0.0997906 	0.00427332 	
0.455	2.05851 	-0.0876801 	-1.57522 	0.00046566 	-0.0998214 	0.00426884 	
0.46	2.05895 	-0.0878425 	-1.57511 	0.000455988 	-0.0998473 	0.00426458 	
0.465	2.05936 	-0.0879923 	-1.57499 	0.000446998 	-0.099872 	0.00426059 	
0.47	2.05975 	-0.0881304 	-1.57486 	0.000438642 	-0.0998955 	0.00425684 	
0.475	2.05825 	-0.0867352 	-1.57745 	0.000505254 	-0.0999218 	0.00424603 	
0.48	2.05898 	-0.0869339 	-1.57752 	0.000493832 	-0.0999584 	0.00424159 	
0.485	2.05959 	-0.0871321 	-1.57748 	0.00048226 	-0.0999913 	0.00423677 	
0.49	2.06005 	-0.0873049 	-1.57735 	0.00047194 	-0.100019 	0.00423218 	
0.495	2.06049 	-0.0874643 	-1.57722 	0.000462349 	-0.100045 	0.00422787 	
0.5	2.05923 	-0.0862546 	-1.57952 	0.00052011 	-0.100073 	0.00421774 	
0.505	2.05994 	-0.0864621 	-1.57954 	0.000508088 	-0.10011 	0.00421291 	
0.51	2.06056 	-0.0866675 	-1.57948 	0.000496031 	-0.100144 	0.00420779 	
0.515	2.06104 	-0.0868485 	-1.57935 	0.000485201 	-0.100173 	0.00420292 	
0.52	2.06151 	-0.0870155 	-1.57921 	0.000475138 	-0.1002 	0.00419836 	
0.525	2.06021 	-0.0857805 	-1.58157 	0.000534415 	-0.10023 	0.00418825 	
0.53	2.06096 	-0.0859969 	-1.58161 	0.000521853 	-0.100268 	0.00418317 	
0.535	2.0616 	-0.0862108 	-1.58154 	0.000509271 	-0.100303 	0.00417777 	
0.54	2.06211 	-0.0863992 	-1.5814 	0.00049797 	-0.100333 	0.00417264 	
0.545	2.06259 	-0.086573 	-1.58126 	0.000487472 	-0.100362 	0.00416783 	
0.55	2.06123 	-0.0852945 	-1.58372 	0.000549219 	-0.100393 	0.00415772 	
0.555	2.06202 	-0.0855203 	-1.58375 	0.00053609 	-0.100433 	0.00415238 	
0.56	2.06269 	-0.0857433 	-1.58369 	0.000522948 	-0.10047 	0.00414669 	
0.565	2.06322 	-0.0859395 	-1.58354 	0.000511153 	-0.100501 	0.00414129 	
0.57	2.06372 	-0.0861204 	-1.58339 	0.000500196 	-0.100531 	0.00413622 	
0.575	2.06231 	-0.084799 	-1.58595 	0.000564434 	-0.100563 	0.00412615 	
0.58	2.06264 	-0.0843952 	-1.58528 	0.000500899 	-0.100541 	0.00419162 	
0.585	2.06334 	-0.0846276 	-1.58521 	0.000487173 	-0.100579 	0.00418562 	
0.59	2.06389 	-0.0848319 	-1.58506 	0.000474863 	-0.100612 	0.00417992 	
0.595	2.0644 	-0.0850203 	-1.5849 	0.00046343 	-0.100642 	0.00417458 	
0.6	2.06294 	-0.0836587 	-1.58755 	0.000530139 	-0.100676 	0.00416468 	
0.605	2.06381 	-0.0839042 	-1.5876 	0.000515811 	-0.10072 	0.00415878 	
0.61	2.06453 	-0.0841463 	-1.58753 	0.000501489 	-0.10076 	0.00415247 	
0.615	2.0651 	-0.0843589 	-1.58737 	0.000488652 	-0.100793 	0.00414646 	
0.62	2.06398 	-0.0832628 	-1.58958 	0.000542212 	-0.100828 	0.00413713 	
0.625	2.0648 	-0.0835146 	-1.58958 	0.000527408 	-0.100872 	0.00413081 	
0.63	2.06552 	-0.083761 	-1.58948 	0.000512761 	-0.100911 	0.00412423 	
0.635	2.06611 	-0.0839798 	-1.58932 	0.000499528 	-0.100946 	0.00411799 	
0.64	2.06499 	-0.0828888 	-1.59154 	0.000553112 	-0.100982 	0.00410883 	
0.645	2.06583 	-0.0831463 	-1.59153 	0.000537933 	-0.101026 	0.00410229 	
0.65	2.06656 	-0.0833981 	-1.59143 	0.000522929 	-0.101067 	0.00409549 	
0.655	2.06716 	-0.0836218 	-1.59126 	0.000509372 	-0.101102 	0.00408905 	
0.66	2.06602 	-0.0825116 	-1.59354 	0.000564243 	-0.101139 	0.00408004 	
0.665	2.06688 	-0.0827753 	-1.59353 	0.000548674 	-0.101184 	0.00407329 	
0.67	2.06763 	-0.083033 	-1.59343 	0.000533286 	-0.101226 	0.00406627 	
0.675	2.06825 	-0.0832619 	-1.59326 	0.000519387 	-0.101262 	0.00405961 	
0.68	2.06707 	-0.0821315 	-1.59559 	0.00057562 	-0.1013 	0.00405077 	
0.685	2.06796 	-0.0824016 	-1.59559 	0.000559641 	-0.101346 	0.0040438 	
0.69	2.06873 	-0.0826656 	-1.59549 	0.00054385 	-0.101389 	0.00403654 	
0.695	2.06936 	-0.0828999 	-1.59531 	0.000529591 	-0.101426 	0.00402965 	
0.7	2.06816 	-0.0817507 	-1.59769 	0.000587146 	-0.101464 	0.004021 	
0.705	2.06907 	-0.0820275 	-1.59769 	0.00057074 	-0.101512 	0.00401381 	
0.71	2.06985 	-0.082298 	-1.59759 	0.000554533 	-0.101556 	0.0040063 	
0.715	2.0705 	-0.082538 	-1.59741 	0.000539903 	-0.101594 	0.00399917 	
0.72	2.06927 	-0.0813713 	-1.59984 	0.00059873 	-0.101633 	0.00399075 	
0.725	2.0702 	-0.081655 	-1.59985 	0.00058189 	-0.101682 	0.00398331 	
0.73	2.07101 	-0.081932 	-1.59974 	0.000565257 	-0.101726 	0.00397555 	
0.735	2.07166 	-0.0821777 	-1.59955 	0.000550247 	-0.101765 	0.00396817 	
0.74	2.07041 	-0.0809951 	-1.60204 	0.000610302 	-0.101805 	0.00395999 	
0.745	2.07136 	-0.0812856 	-1.60205 	0.000593022 	-0.101855 	0.00395232 	
0.75	2.07219 	-0.0815693 	-1.60194 	0.000575957 	-0.101901 	0.00394429 	
0.755	2.07286 	-0.0818208 	-1.60175 	0.000560563 	-0.10194 	0.00393666 	
0.76	2.07157 	-0.0806235 	-1.60429 	0.000621803 	-0.101981 	0.00392876 	
0.765	2.07255 	-0.080921 	-1.60429 	0.000604079 	-0.102032 	0.00392084 	
0.77	2.07339 	-0.0812113 	-1.60419 	0.000586583 	-0.102079 	0.00391254 	
0.775	2.07407 	-0.0814686 	-1.60399 	0.000570802 	-0.102119 	0.00390466 	
0.78	2.07276 	-0.080258 	-1.60658 	0.000633183 	-0.10216 	0.00389706 	
0.785	2.07377 	-0.0805623 	-1.60658 	0.000615016 	-0.102213 	0.00388888 	
0.79	2.07462 	-0.0808592 	-1.60647 	0.000597087 	-0.10226 	0.00388032 	
0.795	2.07532 	-0.0811223 	-1.60627 	0.00058092 	-0.102301 	0.00387217 	
0.8	2.07398 	-0.0798996 	-1.6089 	0.000644402 	-0.102343 	0.00386491 	
0.805	2.07501 	-0.0802108 	-1.60891 	0.000625794 	-0.102397 	0.00385648 	
0.81	2.07588 	-0.0805142 	-1.6088 	0.000607434 	-0.102445 	0.00384765 	
0.815	2.07658 	-0.080783 	-1.60859 	0.000590882 	-0.102486 	0.00383924 	
0.82	2.07523 	-0.0795497 	-1.61127 	0.000655422 	-0.102529 	0.00383234 	
0.825	2.07627 	-0.0798675 	-1.61129 	0.000636376 	-0.102584 	0.00382366 	
0.83	2.07716 	-0.0801774 	-1.61117 	0.000617589 	-0.102633 	0.00381454 	
0.835	2.07787 	-0.0804519 	-1.61096 	0.000600654 	-0.102675 	0.00380587 	
0.84	2.07649 	-0.079209 	-1.61368 	0.000666213 	-0.102719 	0.00379936 	
0.845	2.07755 	-0.0795334 	-1.6137 	0.000646733 	-0.102774 	0.00379043 	
0.85	2.07846 	-0.0798497 	-1.61358 	0.000627522 	-0.102824 	0.00378104 	
0.855	2.07919 	-0.0801297 	-1.61336 	0.000610209 	-0.102867 	0.00377209 	
0.86	2.07778 	-0.0788787 	-1.61613 	0.000676745 	-0.102911 	0.00376601 	
0.865	2.07886 	-0.0792096 	-1.61614 	0.000656835 	-0.102968 	0.00375682 	
0.87	2.07978 	-0.079532 	-1.61603 	0.000637206 	-0.103018 	0.00374715 	
0.875	2.08052 	-0.0798175 	-1.6158 	0.000619518 	-0.103062 	0.00373794 	
0.88	2.07909 	-0.0785595 	-1.61861 	0.00068699 	-0.103107 	0.00373231 	
0.885	2.08019 	-0.0788967 	-1.61862 	0.000666658 	-0.103164 	0.00372287 	
0.89	2.08112 	-0.0792252 	-1.61851 	0.000646616 	-0.103215 	0.00371292 	
0.895	2.08187 	-0.0795161 	-1.61828 	0.000628559 	-0.103259 	0.00370344 	
0.9	2.08042 	-0.0782524 	-1.62112 	0.000696925 	-0.103305 	0.0036983 	
0.905	2.08154 	-0.0785958 	-1.62114 	0.000676176 	-0.103363 	0.00368859 	
0.91	2.08249 	-0.0789302 	-1.62102 	0.000655727 	-0.103415 	0.00367837 	
0.915	2.08154 	-0.0780328 	-1.62319 	0.000704099 	-0.103462 	0.003672 	
0.92	2.08257 	-0.0783795 	-1.62313 	0.000682991 	-0.103518 	0.00366169 	
0.925	2.08348 	-0.0787145 	-1.62297 	0.000662413 	-0.103569 	0.00365119 	
0.93	2.08425 	-0.0790144 	-1.62274 	0.000643726 	-0.103614 	0.00364126 	
0.935	2.08282 	-0.077778 	-1.62558 	0.000711619 	-0.103661 	0.00363691 	
0.94	2.08395 	-0.0781293 	-1.62559 	0.000690292 	-0.10372 	0.0036268 	
0.945	2.08492 	-0.0784713 	-1.62547 	0.000669292 	-0.103772 	0.00361616 	
0.95	2.08395 	-0.0775737 	-1.62768 	0.000718495 	-0.103821 	0.00361045 	
0.955	2.08501 	-0.0779286 	-1.62762 	0.000696806 	-0.103877 	0.00359974 	
0.96	2.08594 	-0.0782713 	-1.62746 	0.000675664 	-0.103929 	0.00358882 	
0.965	2.08501 	-0.0774057 	-1.62962 	0.000723406 	-0.103977 	0.00358325 	
0.97	2.08593 	-0.0775868 	-1.62936 	0.000687942 	-0.104017 	0.00359248 	
0.975	2.08687 	-0.0779314 	-1.6292 	0.000666641 	-0.104069 	0.00358141 	
0.98	2.08594 	-0.0770681 	-1.63137 	0.000714637 	-0.104117 	0.00357618 	
0.985	2.087 	-0.0774274 	-1.63131 	0.000692583 	-0.104174 	0.00356516 	
0.99	2.08794 	-0.0777742 	-1.63115 	0.000671104 	-0.104227 	0.00355395 	
0.995	2.087 	-0.0769109 	-1.63334 	0.000719479 	-0.104276 	0.00354906 	
1	2.08808 	-0.0772727 	-1.63328 	0.000697231 	-0.104333 	0.00353789 	
1.005	2.08902 	-0.0776219 	-1.63312 	0.000675562 	-0.104386 	0.00352652 	
1.01	2.08808 	-0.076759 	-1.63533 	0.000724299 	-0.104435 	0.00352198 	
1.015	2.08916 	-0.0771235 	-1.63526 	0.000701845 	-0.104493 	0.00351066 	
1.02	2.09011 	-0.0774753 	-1.63511 	0.000679975 	-0.104546 	0.00349913 	
1.025	2.08916 	-0.0766135 	-1.63733 	0.000729043 	-0.104595 	0.00349492 	
1.03	2.09024 	-0.0769807 	-1.63727 	0.000706377 	-0.104653 	0.00348345 	
1.035	2.0912 	-0.0773352 	-1.63711 	0.000684299 	-0.104707 	0.00347175 	
1.04	2.09024 	-0.0764752 	-1.63935 	0.00073367 	-0.104756 	0.00346789 	
1.045	2.09133 	-0.0768453 	-1.63928 	0.000710786 	-0.104815 	0.00345625 	
1.05	2.0923 	-0.0772025 	-1.63912 	0.000688495 	-0.104868 	0.00344439 	
1.055	2.09133 	-0.0763448 	-1.64138 	0.000738143 	-0.104918 	0.00344088 	
1.06	2.09243 	-0.0767178 	-1.64131 	0.000715039 	-0.104977 	0.00342907 	
1.065	2.0934 	-0.0770778 	-1.64115 	0.000692533 	-0.105031 	0.00341704 	
1.07	2.09243 	-0.0762229 	-1.64342 	0.000742432 	-0.105081 	0.00341388 	
1.075	2.09353 	-0.0765988 	-1.64336 	0.000719106 	-0.10514 	0.00340191 	
1.08	2.09451 	-0.0769616 	-1.64319 	0.000696384 	-0.105194 	0.0033897 	
1.085	2.09353 	-0.0761101 	-1.64547 	0.000746511 	-0.105245 	0.0033869 	
1.09	2.09464 	-0.0764889 	-1.64541 	0.000722964 	-0.105304 	0.00337476 	
1.095	2.09562 	-0.0768544 	-1.64525 	0.000700028 	-0.105358 	0.00336238 	
1.1	2.09463 	-0.0760068 	-1.64753 	0.000750359 	-0.105409 	0.00335994 	
1.105	2.09575 	-0.0763884 	-1.64747 	0.000726593 	-0.105468 	0.00334764 	
1.11	2.09673 	-0.0767566 	-1.64731 	0.000703444 	-0.105523 	0.00333508 	
1.115	2.09574 	-0.0759134 	-1.6496 	0.000753959 	-0.105574 	0.00333301 	
1.12	2.09686 	-0.0762977 	-1.64954 	0.000729976 	-0.105633 	0.00332054 	
1.125	2.09785 	-0.0766686 	-1.64938 	0.000706617 	-0.105688 	0.00330781 	
1.13	2.09685 	-0.0758302 	-1.65168 	0.000757293 	-0.105739 	0.00330611 	
1.135	2.09798 	-0.0762172 	-1.65162 	0.000733098 	-0.105799 	0.00329347 	
1.14	2.09897 	-0.0765907 	-1.65146 	0.000709533 	-0.105854 	0.00328057 	
1.145	2.09797 	-0.0757576 	-1.65377 	0.00076035 	-0.105905 	0.00327925 	
1.15	2.0991 	-0.0761471 	-1.65371 	0.000735947 	-0.105965 	0.00326645 	
1.155	2.10009 	-0.0765231 	-1.65354 	0.00071218 	-0.10602 	0.00325338 	
1.16	2.09908 	-0.0756956 	-1.65586 	0.000763117 	-0.106071 	0.00325244 	
1.165	2.10022 	-0.0760877 	-1.6558 	0.000738511 	-0.106132 	0.00323948 	
1.17	2.10121 	-0.0764661 	-1.65563 	0.000714547 	-0.106187 	0.00322625 	
1.175	2.1002 	-0.0756447 	-1.65796 	0.000765585 	-0.106238 	0.00322569 	
1.18	2.10134 	-0.0760392 	-1.65789 	0.00074078 	-0.106299 	0.00321257 	
1.185	2.10234 	-0.0764198 	-1.65773 	0.000716624 	-0.106354 	0.00319917 	
1.19	2.10132 	-0.0756049 	-1.66006 	0.000767743 	-0.106405 	0.00319901 	
1.195	2.10246 	-0.0760017 	-1.66 	0.000742747 	-0.106466 	0.00318573 	
1.2	2.10346 	-0.0763845 	-1.65983 	0.000718405 	-0.106521 	0.00317218 	
1.205	2.10244 	-0.0755764 	-1.66216 	0.000769586 	-0.106572 	0.0031724 	
1.21	2.10359 	-0.0759754 	-1.6621 	0.000744404 	-0.106633 	0.00315898 	
1.215	2.10459 	-0.0763603 	-1.66193 	0.000719882 	-0.106689 	0.00314526 	
1.22	2.10357 	-0.0755593 	-1.66427 	0.000771104 	-0.10674 	0.00314588 	
1.225	2.10471 	-0.0759604 	-1.66421 	0.000745743 	-0.106801 	0.00313231 	
1.23	2.10572 	-0.0763473 	-1.66404 	0.000721048 	-0.106856 	0.00311844 	
1.235	2.10469 	-0.0755538 	-1.66638 	0.000772292 	-0.106908 	0.00311946 	
1.24	2.10583 	-0.0759569 	-1.66631 	0.00074676 	-0.106969 	0.00310574 	
1.245	2.10684 	-0.0763457 	-1.66614 	0.000721898 	-0.107024 	0.00309172 	
1.25	2.10581 	-0.07556 	-1.66848 	0.000773145 	-0.107076 	0.00309315 	
1.255	2.10696 	-0.0759649 	-1.66842 	0.000747448 	-0.107136 	0.00307928 	
1.26	2.10796 	-0.0763554 	-1.66825 	0.000722427 	-0.107192 	0.00306512 	
1.265	2.10693 	-0.0755779 	-1.67059 	0.000773658 	-0.107243 	0.00306695 	
1.27	2.10808 	-0.0759845 	-1.67053 	0.000747804 	-0.107304 	0.00305294 	
1.275	2.10909 	-0.0763767 	-1.67036 	0.00072263 	-0.10736 	0.00303864 	
1.28	2.10805 	-0.0756076 	-1.6727 	0.000773826 	-0.107411 	0.00304087 	
1.285	2.1092 	-0.0760158 	-1.67264 	0.000747822 	-0.107472 	0.00302674 	
1.29	2.11021 	-0.0764094 	-1.67247 	0.000722504 	-0.107527 	0.0030123 	
1.295	2.10917 	-0.0756492 	-1.67481 	0.000773645 	-0.107579 	0.00301493 	
1.3	2.11032 	-0.0760587 	-1.67474 	0.0007475 	-0.107639 	0.00300067 	
1.305	2.11132 	-0.0764538 	-1.67457 	0.000722045 	-0.107695 	0.0029861 	
1.31	2.11029 	-0.0757025 	-1.67691 	0.000773113 	-0.107746 	0.00298913 	
1.315	2.11143 	-0.0761134 	-1.67684 	0.000746835 	-0.107807 	0.00297475 	
1.32	2.11244 	-0.0765097 	-1.67667 	0.000721251 	-0.107862 	0.00296005 	
1.325	2.11204 	-0.076612 	-1.68 	0.000836522 	-0.107998 	0.00286452 	
1.33	2.11319 	-0.077024 	-1.67993 	0.000810119 	-0.108058 	0.00285001 	
1.335	2.11419 	-0.0774214 	-1.67976 	0.000784414 	-0.108114 	0.0028352 	
1.34	2.11315 	-0.0766888 	-1.68209 	0.000835215 	-0.108165 	0.00283898 	
1.345	2.11429 	-0.0771018 	-1.68203 	0.000808696 	-0.108225 	0.00282436 	
1.35	2.1153 	-0.0775002 	-1.68186 	0.000782879 	-0.10828 	0.00280943 	
1.355	2.11426 	-0.0767774 	-1.68418 	0.000833549 	-0.108331 	0.00281361 	
1.36	2.1154 	-0.0771913 	-1.68412 	0.000806923 	-0.108392 	0.00279888 	
1.365	2.1164 	-0.0775905 	-1.68394 	0.000781002 	-0.108447 	0.00278384 	
1.37	2.11536 	-0.0768778 	-1.68627 	0.000831524 	-0.108497 	0.00278841 	
1.375	2.1165 	-0.0772924 	-1.6862 	0.000804799 	-0.108558 	0.00277358 	
1.38	2.1175 	-0.0776923 	-1.68603 	0.000778783 	-0.108612 	0.00275844 	
1.385	2.11646 	-0.0769898 	-1.68834 	0.000829137 	-0.108663 	0.00276341 	
1.39	2.11759 	-0.0774051 	-1.68828 	0.000802323 	-0.108723 	0.00274848 	
1.395	2.11859 	-0.0778055 	-1.6881 	0.00077622 	-0.108778 	0.00273324 	
1.4	2.11756 	-0.0771135 	-1.69041 	0.000826388 	-0.108828 	0.0027386 	
1.405	2.11868 	-0.0775292 	-1.69035 	0.000799495 	-0.108888 	0.00272358 	
1.41	2.11968 	-0.07793 	-1.69017 	0.000773315 	-0.108942 	0.00270825 	
1.415	2.11865 	-0.0772487 	-1.69247 	0.000823278 	-0.108993 	0.002714 	
1.42	2.11977 	-0.0776647 	-1.69241 	0.000796314 	-0.109052 	0.00269889 	
1.425	2.12076 	-0.0780658 	-1.69223 	0.000770067 	-0.109106 	0.00268348 	
1.43	2.11973 	-0.0773953 	-1.69452 	0.000819807 	-0.109157 	0.0026896 	
1.435	2.12085 	-0.0778114 	-1.69446 	0.000792782 	-0.109216 	0.00267442 	
1.44	2.12184 	-0.0782127 	-1.69428 	0.000766476 	-0.10927 	0.00265893 	
1.445	2.12081 	-0.0775532 	-1.69656 	0.000815974 	-0.10932 	0.00266543 	
1.45	2.12192 	-0.0779693 	-1.6965 	0.000788899 	-0.109379 	0.00265017 	
1.455	2.12291 	-0.0783706 	-1.69632 	0.000762544 	-0.109432 	0.00263461 	
1.46	2.12188 	-0.0777223 	-1.69859 	0.000811783 	-0.109482 	0.00264148 	
1.465	2.12299 	-0.0781383 	-1.69852 	0.000784667 	-0.109541 	0.00262615 	
1.47	2.12397 	-0.0785393 	-1.69835 	0.000758273 	-0.109594 	0.00261052 	
1.475	2.12295 	-0.0779024 	-1.70061 	0.000807233 	-0.109644 	0.00261776 	
1.48	2.12405 	-0.078318 	-1.70054 	0.000780087 	-0.109702 	0.00260237 	
1.485	2.12502 	-0.0787188 	-1.70037 	0.000753663 	-0.109755 	0.00258668 	
1.49	2.12401 	-0.0780933 	-1.70262 	0.000802327 	-0.109804 	0.00259427 	
1.495	2.1251 	-0.0785085 	-1.70255 	0.000775161 	-0.109862 	0.00257883 	
1.5	2.12607 	-0.0789088 	-1.70237 	0.000748718 	-0.109915 	0.00256309 	
1.505	2.12506 	-0.0782948 	-1.70461 	0.000797068 	-0.109964 	0.00257103 	
1.51	2.12615 	-0.0787094 	-1.70454 	0.000769892 	-0.110022 	0.00255554 	
1.515	2.12711 	-0.0791091 	-1.70436 	0.00074344 	-0.110074 	0.00253976 	
1.52	2.1261 	-0.0785069 	-1.70658 	0.000791457 	-0.110123 	0.00254804 	
1.525	2.12718 	-0.0789206 	-1.70651 	0.000764283 	-0.11018 	0.0025325 	
1.53	2.12814 	-0.0793196 	-1.70634 	0.000737832 	-0.110232 	0.00251669 	
1.535	2.12714 	-0.0787291 	-1.70855 	0.0007855 	-0.11028 	0.0025253 	
1.54	2.12821 	-0.0791419 	-1.70848 	0.000758337 	-0.110337 	0.00250973 	
1.545	2.12917 	-0.07954 	-1.7083 	0.000731898 	-0.110389 	0.00249389 	
1.55	2.12817 	-0.0789614 	-1.71049 	0.000779198 	-0.110437 	0.00250281 	
1.555	2.12923 	-0.0793731 	-1.71042 	0.000752057 	-0.110493 	0.00248722 	
1.56	2.13018 	-0.0797701 	-1.71025 	0.000725641 	-0.110545 	0.00247135 	
1.565	2.12919 	-0.0792034 	-1.71242 	0.000772556 	-0.110592 	0.00248059 	
1.57	2.13025 	-0.0796139 	-1.71235 	0.000745449 	-0.110648 	0.00246498 	
1.575	2.13119 	-0.0800097 	-1.71218 	0.000719067 	-0.110699 	0.0024491 	
1.58	2.1302 	-0.079455 	-1.71434 	0.000765579 	-0.110746 	0.00245864 	
1.585	2.13125 	-0.0798641 	-1.71426 	0.000738517 	-0.110802 	0.00244301 	
1.59	2.13218 	-0.0802584 	-1.71409 	0.000712178 	-0.110852 	0.00242713 	
1.595	2.1312 	-0.0797159 	-1.71623 	0.000758271 	-0.110899 	0.00243695 	
1.6	2.13224 	-0.0801233 	-1.71616 	0.000731265 	-0.110954 	0.00242132 	
1.605	2.13317 	-0.0805162 	-1.71599 	0.000704982 	-0.111004 	0.00240544 	
1.61	2.1322 	-0.0799857 	-1.71811 	0.000750638 	-0.111051 	0.00241554 	
1.615	2.13323 	-0.0803914 	-1.71803 	0.0007237 	-0.111105 	0.00239991 	
1.62	2.13414 	-0.0807826 	-1.71786 	0.000697482 	-0.111155 	0.00238404 	
1.625	2.13493 	-0.0811325 	-1.71762 	0.000673701 	-0.111199 	0.0023691 	
1.63	2.13341 	-0.0803285 	-1.72042 	0.000741238 	-0.111243 	0.00238821 	
1.635	2.13452 	-0.0807329 	-1.72043 	0.000714501 	-0.111301 	0.00237331 	
1.64	2.13546 	-0.0811266 	-1.7203 	0.000688143 	-0.111352 	0.00235755 	
1.645	2.13446 	-0.0805991 	-1.72244 	0.000734768 	-0.111397 	0.00236897 	
1.65	2.13547 	-0.0810035 	-1.72237 	0.000707822 	-0.111451 	0.00235329 	
1.655	2.13638 	-0.0813938 	-1.7222 	0.000681571 	-0.1115 	0.00233732 	
1.66	2.13715 	-0.0817527 	-1.72197 	0.000658516 	-0.111543 	0.00232112 	
1.665	2.13566 	-0.0809873 	-1.72471 	0.000724549 	-0.111587 	0.00234087 	
1.67	2.13674 	-0.0813892 	-1.72472 	0.000697869 	-0.111643 	0.00232588 	
1.675	2.13767 	-0.0817805 	-1.72458 	0.000671574 	-0.111693 	0.00231008 	
1.68	2.13842 	-0.082127 	-1.72433 	0.000647882 	-0.111735 	0.00229507 	
1.685	2.13691 	-0.081361 	-1.7271 	0.000714833 	-0.111778 	0.00231588 	
1.69	2.13798 	-0.0817622 	-1.72711 	0.000688159 	-0.111834 	0.00230088 	
1.695	2.13889 	-0.0821531 	-1.72697 	0.000661847 	-0.111883 	0.00228503 	
1.7	2.13964 	-0.082499 	-1.72673 	0.000638149 	-0.111925 	0.00226998 	
1.705	2.13814 	-0.0817556 	-1.72945 	0.000704146 	-0.111968 	0.00229107 	
1.71	2.1392 	-0.0821552 	-1.72946 	0.000677518 	-0.112022 	0.00227604 	
1.715	2.1401 	-0.0825445 	-1.72933 	0.000651255 	-0.112071 	0.00226017 	
1.72	2.14084 	-0.0828892 	-1.72908 	0.000627597 	-0.112112 	0.00224511 	
1.725	2.13936 	-0.08217 	-1.73176 	0.000692446 	-0.112154 	0.0022664 	
1.73	2.1404 	-0.0825672 	-1.73176 	0.000665921 	-0.112208 	0.00225136 	
1.735	2.14129 	-0.0829541 	-1.73163 	0.000639765 	-0.112256 	0.00223551 	
1.74	2.14201 	-0.0832968 	-1.73138 	0.000616198 	-0.112296 	0.00222048 	
1.745	2.14056 	-0.0826017 	-1.73402 	0.000679866 	-0.112338 	0.00224195 	
1.75	2.14158 	-0.0829957 	-1.73402 	0.000653496 	-0.11239 	0.00222693 	
1.755	2.14245 	-0.0833795 	-1.73388 	0.000627497 	-0.112437 	0.00221113 	
1.76	2.14317 	-0.0837196 	-1.73364 	0.000604065 	-0.112477 	0.00219616 	
1.765	2.14174 	-0.0830481 	-1.73623 	0.00066653 	-0.112518 	0.00221778 	
1.77	2.14274 	-0.0834383 	-1.73622 	0.000640359 	-0.11257 	0.00220282 	
1.775	2.1436 	-0.0838184 	-1.73609 	0.000614557 	-0.112616 	0.0021871 	
1.78	2.1443 	-0.0841553 	-1.73585 	0.000591299 	-0.112655 	0.00217223 	
1.785	2.1429 	-0.0835072 	-1.73839 	0.000652536 	-0.112695 	0.00219396 	
1.79	2.14388 	-0.083893 	-1.73838 	0.000626601 	-0.112746 	0.00217908 	
1.795	2.14473 	-0.0842689 	-1.73825 	0.000601034 	-0.112792 	0.00216348 	
1.8	2.14542 	-0.0846022 	-1.73801 	0.000577983 	-0.11283 	0.00214872 	
1.805	2.14404 	-0.0839771 	-1.7405 	0.000637964 	-0.112869 	0.00217053 	
1.81	2.145 	-0.0843581 	-1.74048 	0.000612299 	-0.112919 	0.00215575 	
1.815	2.14583 	-0.0847292 	-1.74035 	0.000587 	-0.112964 	0.00214028 	
1.82	2.14651 	-0.0850585 	-1.74012 	0.000564186 	-0.113002 	0.00212567 	
1.825	2.14517 	-0.0844562 	-1.74256 	0.000622878 	-0.11304 	0.00214752 	
1.83	2.1461 	-0.0848319 	-1.74254 	0.000597515 	-0.113089 	0.00213287 	
1.835	2.14691 	-0.085198 	-1.74241 	0.000572513 	-0.113132 	0.00211755 	
1.84	2.14759 	-0.0855229 	-1.74219 	0.000549963 	-0.11317 	0.00210309 	
1.845	2.14627 	-0.0849431 	-1.74457 	0.000607333 	-0.113207 	0.00212494 	
1.85	2.14718 	-0.0853131 	-1.74455 	0.000582301 	-0.113255 	0.00211044 	
1.855	2.14798 	-0.0856738 	-1.74442 	0.000557624 	-0.113298 	0.0020953 	
1.86	2.14864 	-0.0859939 	-1.7442 	0.000535364 	-0.113334 	0.00208102 	
1.865	2.14735 	-0.0854365 	-1.74652 	0.000591379 	-0.113371 	0.00210282 	
1.87	2.14824 	-0.0858004 	-1.7465 	0.000566703 	-0.113418 	0.00208848 	
1.875	2.14902 	-0.0861553 	-1.74637 	0.000542379 	-0.113459 	0.00207353 	
1.88	2.14966 	-0.0864703 	-1.74616 	0.000520431 	-0.113495 	0.00205945 	
1.885	2.1484 	-0.085935 	-1.74843 	0.000575057 	-0.113531 	0.00208117 	
1.89	2.14927 	-0.0862926 	-1.7484 	0.000550764 	-0.113577 	0.002067 	
1.895	2.15003 	-0.0866413 	-1.74828 	0.000526816 	-0.113617 	0.00205227 	
1.9	2.15067 	-0.086951 	-1.74806 	0.000505204 	-0.113652 	0.00203839 	
1.905	2.14944 	-0.0864375 	-1.75028 	0.000558405 	-0.113688 	0.00205998 	
1.91	2.15029 	-0.0867884 	-1.75025 	0.000534519 	-0.113732 	0.00204601 	
1.915	2.15103 	-0.0871306 	-1.75012 	0.000510973 	-0.113771 	0.0020315 	
1.92	2.15165 	-0.0874348 	-1.74992 	0.000489719 	-0.113806 	0.00201785 	
1.925	2.15046 	-0.0869429 	-1.75207 	0.000541461 	-0.11384 	0.00203926 	
1.93	2.15128 	-0.0872868 	-1.75204 	0.000518006 	-0.113883 	0.0020255 	
1.935	2.152 	-0.0876222 	-1.75192 	0.000494884 	-0.113922 	0.00201124 	
1.94	2.15261 	-0.0879205 	-1.75172 	0.000474008 	-0.113955 	0.00199783 	
1.945	2.15318 	-0.0881939 	-1.75152 	0.000454759 	-0.113986 	0.00198538 	
1.95	2.15161 	-0.0875379 	-1.75412 	0.000521787 	-0.114019 	0.00201498 	
1.955	2.15247 	-0.0878743 	-1.75415 	0.000498941 	-0.114063 	0.00200204 	
1.96	2.1532 	-0.0882055 	-1.75406 	0.000476139 	-0.114102 	0.00198814 	
1.965	2.15378 	-0.0884973 	-1.75386 	0.000455676 	-0.114134 	0.00197497 	
1.97	2.15433 	-0.0887648 	-1.75366 	0.000436807 	-0.114165 	0.00196275 	
1.975	2.15279 	-0.0881274 	-1.75622 	0.000502873 	-0.114196 	0.00199254 	
1.98	2.15361 	-0.0884573 	-1.75624 	0.000480433 	-0.114239 	0.0019798 	
1.985	2.15432 	-0.0887823 	-1.75615 	0.00045802 	-0.114277 	0.00196611 	
1.99	2.15489 	-0.0890688 	-1.75596 	0.000437905 	-0.114308 	0.00195315 	
1.995	2.15543 	-0.0893314 	-1.75577 	0.000419357 	-0.114337 	0.00194112 	
2	2.15394 	-0.0887295 	-1.75823 	0.000482816 	-0.114368 	0.00197024 	
2.005	2.15473 	-0.0890514 	-1.75825 	0.000460863 	-0.114409 	0.0019577 	
2.01	2.15542 	-0.0893687 	-1.75816 	0.000438943 	-0.114445 	0.00194428 	
2.015	2.15597 	-0.0896487 	-1.75797 	0.000419259 	-0.114476 	0.00193159 	
2.02	2.15649 	-0.0899054 	-1.75779 	0.000401108 	-0.114504 	0.00191982 	
2.025	2.15506 	-0.0893395 	-1.76014 	0.00046178 	-0.114534 	0.00194813 	
2.03	2.15582 	-0.0896523 	-1.76016 	0.000440401 	-0.114573 	0.00193583 	
2.035	2.15648 	-0.0899606 	-1.76007 	0.000419059 	-0.114608 	0.00192274 	
2.04	2.15678 	-0.0899178 	-1.75951 	0.00037664 	-0.114606 	0.00194839 	
2.045	2.15728 	-0.0901675 	-1.75933 	0.000358957 	-0.114633 	0.00193692 	
2.05	2.15592 	-0.0896368 	-1.76158 	0.000416823 	-0.114662 	0.00196437 	
2.055	2.15665 	-0.0899395 	-1.76159 	0.000396087 	-0.114699 	0.00195237 	
2.06	2.15727 	-0.0902379 	-1.7615 	0.000375392 	-0.114733 	0.00193965 	
2.065	2.15779 	-0.0905019 	-1.76133 	0.000356786 	-0.114761 	0.00192766 	
2.07	2.15827 	-0.0907439 	-1.76116 	0.000339629 	-0.114787 	0.00191654 	
2.075	2.15873 	-0.0909656 	-1.76098 	0.000323816 	-0.114813 	0.00190622 	
2.08	2.15711 	-0.0903268 	-1.76353 	0.000392321 	-0.114839 	0.00193993 	
2.085	2.15784 	-0.0906183 	-1.76358 	0.000372426 	-0.114877 	0.00192877 	
2.09	2.15846 	-0.0909084 	-1.76352 	0.00035234 	-0.114909 	0.00191655 	
2.095	2.15895 	-0.0911629 	-1.76336 	0.000334373 	-0.114936 	0.00190497 	
2.1	2.15941 	-0.0913964 	-1.76319 	0.000317805 	-0.114961 	0.00189422 	
2.105	2.15985 	-0.0916103 	-1.76303 	0.000302533 	-0.114985 	0.00188425 	
2.11	2.1583 	-0.0910093 	-1.76546 	0.000367972 	-0.115011 	0.00191699 	
2.115	2.15899 	-0.0912895 	-1.7655 	0.000348807 	-0.115046 	0.00190616 	
2.12	2.15958 	-0.0915686 	-1.76544 	0.000329451 	-0.115077 	0.00189435 	
2.125	2.16005 	-0.0918138 	-1.76529 	0.000312127 	-0.115103 	0.00188319 	
2.13	2.16049 	-0.0920388 	-1.76513 	0.000296151 	-0.115127 	0.00187283 	
2.135	2.1609 	-0.092245 	-1.76498 	0.000281423 	-0.115149 	0.00186323 	
2.14	2.15945 	-0.0916945 	-1.76724 	0.000342399 	-0.115173 	0.00189416 	
2.145	2.1601 	-0.0919615 	-1.76728 	0.000324084 	-0.115206 	0.00188371 	
2.15	2.16065 	-0.0922276 	-1.76721 	0.000305595 	-0.115235 	0.0018724 	
2.155	2.16109 	-0.0924619 	-1.76707 	0.000289029 	-0.11526 	0.00186174 	
2.16	2.16151 	-0.0926769 	-1.76693 	0.00027375 	-0.115283 	0.00185184 	
2.165	2.1619 	-0.092874 	-1.76678 	0.000259665 	-0.115304 	0.00184267 	
2.17	2.16227 	-0.0930546 	-1.76664 	0.000246684 	-0.115324 	0.00183416 	
2.175	2.16067 	-0.0924432 	-1.76906 	0.000313858 	-0.115346 	0.00186912 	
2.18	2.1613 	-0.0926951 	-1.76912 	0.00029663 	-0.115378 	0.00185952 	
2.185	2.16183 	-0.0929483 	-1.76908 	0.000279052 	-0.115406 	0.00184885 	
2.19	2.16225 	-0.0931701 	-1.76895 	0.000263367 	-0.115429 	0.00183876 	
2.195	2.16264 	-0.0933736 	-1.76882 	0.000248899 	-0.11545 	0.0018294 	
2.2	2.163 	-0.0935603 	-1.76868 	0.000235558 	-0.11547 	0.00182072 	
2.205	2.16335 	-0.0937313 	-1.76855 	0.000223262 	-0.115489 	0.00181267 	
2.21	2.16188 	-0.0931787 	-1.77078 	0.000284945 	-0.115509 	0.00184521 	
2.215	2.16245 	-0.0934143 	-1.77082 	0.000268784 	-0.115538 	0.00183609 	
2.22	2.16294 	-0.0936516 	-1.77078 	0.000252295 	-0.115564 	0.00182605 	
2.225	2.16332 	-0.0938598 	-1.77066 	0.000237561 	-0.115585 	0.00181659 	
2.23	2.16369 	-0.0940511 	-1.77054 	0.000223969 	-0.115604 	0.00180782 	
2.235	2.16403 	-0.0942265 	-1.77042 	0.000211434 	-0.115623 	0.00179968 	
2.24	2.16435 	-0.0943873 	-1.7703 	0.000199879 	-0.115641 	0.00179213 	
2.245	2.16465 	-0.0945346 	-1.77018 	0.000189229 	-0.115657 	0.00178512 	
2.25	2.16313 	-0.0939637 	-1.77243 	0.000252806 	-0.115675 	0.00181934 	
2.255	2.16366 	-0.09418 	-1.77249 	0.000237994 	-0.115702 	0.00181109 	
2.26	2.16411 	-0.0943998 	-1.77246 	0.000222736 	-0.115726 	0.00180186 	
2.265	2.16447 	-0.094592 	-1.77236 	0.00020914 	-0.115745 	0.00179314 	
2.27	2.1648 	-0.0947686 	-1.77225 	0.000196594 	-0.115763 	0.00178506 	
2.275	2.16511 	-0.0949307 	-1.77215 	0.000185021 	-0.11578 	0.00177757 	
2.28	2.1654 	-0.0950794 	-1.77204 	0.00017435 	-0.115796 	0.00177062 	
2.285	2.16567 	-0.0952157 	-1.77193 	0.000164512 	-0.115811 	0.00176417 	
2.29	2.16593 	-0.0953406 	-1.77182 	0.000155445 	-0.115825 	0.00175819 	
2.295	2.16617 	-0.0954549 	-1.77172 	0.000147093 	-0.115838 	0.00175265 	
2.3	2.16451 	-0.0948247 	-1.7741 	0.000216594 	-0.115853 	0.00179086 	
2.305	2.165 	-0.0950187 	-1.77419 	0.000203396 	-0.115878 	0.00178378 	
2.31	2.16542 	-0.0952188 	-1.77419 	0.000189547 	-0.1159 	0.00177551 	
2.315	2.16573 	-0.0953926 	-1.7741 	0.000177281 	-0.115916 	0.00176767 	
2.32	2.16602 	-0.0955524 	-1.77401 	0.000165958 	-0.115932 	0.00176041 	
2.325	2.16629 	-0.0956992 	-1.77392 	0.000155508 	-0.115947 	0.00175367 	
2.33	2.16655 	-0.0958341 	-1.77384 	0.000145866 	-0.115961 	0.00174742 	
2.335	2.16679 	-0.0959578 	-1.77375 	0.000136973 	-0.115974 	0.00174162 	
2.34	2.16701 	-0.0960714 	-1.77366 	0.000128771 	-0.115987 	0.00173625 	
2.345	2.16723 	-0.0961755 	-1.77357 	0.00012121 	-0.115998 	0.00173126 	
2.35	2.16742 	-0.0962708 	-1.77348 	0.000114241 	-0.116009 	0.00172664 	
2.355	2.16761 	-0.0963582 	-1.7734 	0.00010782 	-0.116019 	0.00172235 	
2.36	2.16601 	-0.0957556 	-1.77564 	0.000174342 	-0.116032 	0.00175954 	
2.365	2.16643 	-0.0959204 	-1.77574 	0.000163157 	-0.116052 	0.0017536 	
2.37	2.16678 	-0.0960932 	-1.77574 	0.000151244 	-0.11607 	0.00174653 	
2.375	2.16705 	-0.0962429 	-1.77568 	0.00014072 	-0.116084 	0.00173985 	
2.38	2.16736 	-0.0964701 	-1.77572 	0.000137528 	-0.116107 	0.00172285 	
2.385	2.16758 	-0.096597 	-1.77566 	0.000128549 	-0.116119 	0.00171711 	
2.39	2.1678 	-0.0967137 	-1.77559 	0.000120257 	-0.11613 	0.00171178 	
2.395	2.168 	-0.0968211 	-1.77553 	0.000112601 	-0.116141 	0.00170684 	
2.4	2.16818 	-0.0969198 	-1.77547 	0.000105533 	-0.116151 	0.00170226 	
2.405	2.16836 	-0.0970106 	-1.7754 	9.90082e-05 	-0.116161 	0.00169802 	
2.41	2.16852 	-0.097094 	-1.77534 	9.29867e-05 	-0.11617 	0.00169408 	
2.415	2.16867 	-0.0971707 	-1.77528 	8.74301e-05 	-0.116178 	0.00169043 	
2.42	2.16882 	-0.097241 	-1.77522 	8.23032e-05 	-0.116186 	0.00168705 	
2.425	2.16895 	-0.0973057 	-1.77516 	7.7573e-05 	-0.116194 	0.00168391 	
2.43	2.16908 	-0.097365 	-1.7751 	7.32087e-05 	-0.116201 	0.001681 	
2.435	2.1692 	-0.0974194 	-1.77504 	6.91839e-05 	-0.116207 	0.0016783 	
2.44	2.16931 	-0.0974693 	-1.77499 	6.54714e-05 	-0.116213 	0.0016758 	
2.445	2.16941 	-0.0975152 	-1.77494 	6.20472e-05 	-0.116219 	0.00167348 	
2.45	2.16951 	-0.0975572 	-1.77488 	5.88898e-05 	-0.116224 	0.00167133 	
2.455	2.1696 	-0.0975957 	-1.77483 	5.59783e-05 	-0.116229 	0.00166933 	
2.46	2.16968 	-0.097631 	-1.77478 	5.32937e-05 	-0.116234 	0.00166748 	
2.465	2.16976 	-0.0976634 	-1.77474 	5.0818e-05 	-0.116239 	0.00166577 	
2.47	2.16984 	-0.0976931 	-1.77469 	4.85349e-05 	-0.116243 	0.00166418 	
2.475	2.1699 	-0.0977203 	-1.77465 	4.64289e-05 	-0.116247 	0.0016627 	
2.48	2.1682 	-0.097069 	-1.77693 	0.000116906 	-0.116253 	0.001703 	
2.485	2.16851 	-0.0971837 	-1.77707 	0.000109354 	-0.116268 	0.00169944 	
2.49	2.16876 	-0.0973108 	-1.77712 	0.000100777 	-0.11628 	0.00169459 	
2.495	2.16893 	-0.0974193 	-1.7771 	9.33181e-05 	-0.116289 	0.00168998 	
2.5	2.16909 	-0.0975197 	-1.77709 	8.64096e-05 	-0.116298 	0.00168571 	
2.505	2.16924 	-0.0976127 	-1.77707 	8.00092e-05 	-0.116305 	0.00168174 	
2.51	2.16937 	-0.0976989 	-1.77706 	7.40781e-05 	-0.116312 	0.00167807 	
2.515	2.1695 	-0.0977789 	-1.77704 	6.8572e-05 	-0.116319 	0.00167467 	
2.52	2.16961 	-0.0978537 	-1.77703 	6.34337e-05 	-0.116325 	0.00167149 	
2.525	2.16972 	-0.0979234 	-1.77702 	5.86513e-05 	-0.116331 	0.00166855 	
2.53	2.16982 	-0.0979884 	-1.77701 	5.41937e-05 	-0.116336 	0.0016658 	
2.535	2.16991 	-0.0980492 	-1.777 	5.00277e-05 	-0.116341 	0.00166324 	
2.54	2.17 	-0.0981061 	-1.77699 	4.61305e-05 	-0.116345 	0.00166085 	
2.545	2.17008 	-0.0981597 	-1.77699 	4.24734e-05 	-0.11635 	0.00165862 	
2.55	2.17016 	-0.0982102 	-1.77698 	3.90307e-05 	-0.116354 	0.00165652 	
2.555	2.17024 	-0.098258 	-1.77697 	3.57786e-05 	-0.116357 	0.00165455 	
2.56	2.17031 	-0.0983036 	-1.77697 	3.26949e-05 	-0.116361 	0.00165269 	
2.565	2.17037 	-0.0983471 	-1.77696 	2.97593e-05 	-0.116364 	0.00165093 	
2.57	2.17044 	-0.0983888 	-1.77696 	2.69529e-05 	-0.116368 	0.00164925 	
2.575	2.1705 	-0.0984291 	-1.77696 	2.42582e-05 	-0.116371 	0.00164766 	
2.58	2.17056 	-0.0984681 	-1.77695 	2.16587e-05 	-0.116374 	0.00164614 	
2.585	2.17062 	-0.0985062 	-1.77695 	1.91396e-05 	-0.116377 	0.00164467 	
2.59	2.17086 	-0.0954182 	-1.77691 	0.000161176 	-0.116381 	0.00161454 	
2.595	2.17093 	-0.0956181 	-1.77692 	0.00014935 	-0.116386 	0.00160956 	
2.6	2.17097 	-0.0958555 	-1.77691 	0.000135471 	-0.116391 	0.00160377 	
2.605	2.17101 	-0.0960652 	-1.7769 	0.000123251 	-0.116394 	0.00159861 	
2.61	2.17104 	-0.0962622 	-1.7769 	0.000111774 	-0.116398 	0.00159376 	
2.615	2.17108 	-0.0964473 	-1.77689 	0.00010098 	-0.116401 	0.00158919 	
2.62	2.17111 	-0.0966217 	-1.77689 	9.08088e-05 	-0.116404 	0.00158488 	
2.625	2.17163 	-0.0932495 	-1.7765 	0.000238698 	-0.116408 	0.00154125 	
2.63	2.17168 	-0.0935836 	-1.7765 	0.000219508 	-0.116414 	0.0015336 	
2.635	2.17169 	-0.0939504 	-1.77649 	0.000198513 	-0.116418 	0.00152531 	
2.64	2.17169 	-0.0942793 	-1.77648 	0.000179697 	-0.116421 	0.00151783 	
2.645	2.17169 	-0.0945878 	-1.77646 	0.000162044 	-0.116424 	0.0015108 	
2.65	2.17218 	-0.0915199 	-1.77605 	0.000294498 	-0.116428 	0.00146607 	
2.655	2.17219 	-0.0919608 	-1.77605 	0.000269373 	-0.116434 	0.00145627 	
2.66	2.17218 	-0.0924242 	-1.77603 	0.000243007 	-0.116438 	0.00144603 	
2.665	2.17216 	-0.0928442 	-1.77601 	0.000219117 	-0.116441 	0.00143671 	
2.67	2.17259 	-0.0900819 	-1.77561 	0.000336795 	-0.116445 	0.00139211 	
2.675	2.17259 	-0.0906094 	-1.7756 	0.000306842 	-0.11645 	0.00138053 	
2.68	2.17256 	-0.0911505 	-1.77558 	0.000276139 	-0.116454 	0.00136869 	
2.685	2.17253 	-0.091644 	-1.77555 	0.000248148 	-0.116457 	0.00135785 	
2.69	2.173 	-0.0886031 	-1.77511 	0.000377447 	-0.116461 	0.00130791 	
2.695	2.17299 	-0.0892123 	-1.7751 	0.000342921 	-0.116467 	0.00129463 	
2.7	2.17295 	-0.0898349 	-1.77507 	0.000307658 	-0.116471 	0.00128108 	
2.705	2.17291 	-0.0904029 	-1.77504 	0.000275494 	-0.116474 	0.00126867 	
2.71	2.17342 	-0.0870328 	-1.77455 	0.000418664 	-0.116479 	0.00121278 	
2.715	2.17341 	-0.0877275 	-1.77454 	0.000379354 	-0.116485 	0.00119768 	
2.72	2.17336 	-0.0884356 	-1.77451 	0.000339296 	-0.11649 	0.00118232 	
2.725	2.17377 	-0.0857908 	-1.77408 	0.000448951 	-0.116494 	0.00113096 	
2.73	2.17373 	-0.0865608 	-1.77405 	0.000405417 	-0.1165 	0.00111428 	
2.735	2.17366 	-0.0873302 	-1.77401 	0.000361929 	-0.116504 	0.00109761 	
2.74	2.17408 	-0.0846052 	-1.77356 	0.000474507 	-0.116509 	0.00104343 	
2.745	2.17403 	-0.0854382 	-1.77354 	0.000427446 	-0.116515 	0.00102539 	
2.75	2.17396 	-0.0862684 	-1.7735 	0.00038055 	-0.11652 	0.00100742 	
2.755	2.1744 	-0.0833861 	-1.77302 	0.00049952 	-0.116525 	0.000949647 	
2.76	2.17439 	-0.0843295 	-1.77305 	0.000452455 	-0.116536 	0.000924468 	
2.765	2.17432 	-0.085222 	-1.77301 	0.000402067 	-0.116541 	0.000905157 	
2.77	2.17478 	-0.0821782 	-1.7725 	0.000527624 	-0.116546 	0.000843697 	
2.775	2.17473 	-0.0831393 	-1.77247 	0.000473386 	-0.116553 	0.000822882 	
2.78	2.17465 	-0.0840955 	-1.77243 	0.000419434 	-0.116559 	0.000802194 	
2.785	2.17514 	-0.0808925 	-1.77189 	0.000551468 	-0.116564 	0.000737049 	
2.79	2.17509 	-0.0819191 	-1.77186 	0.000493567 	-0.116572 	0.000714809 	
2.795	2.175 	-0.0829395 	-1.77181 	0.000436015 	-0.116578 	0.000692726 	
2.8	2.17551 	-0.0795803 	-1.77125 	0.000574399 	-0.116583 	0.000623908 	
2.805	2.17546 	-0.080673 	-1.77122 	0.000512799 	-0.116592 	0.000600223 	
2.81	2.17537 	-0.0817583 	-1.77117 	0.00045162 	-0.116598 	0.000576729 	
2.815	2.17589 	-0.0782459 	-1.77057 	0.000596231 	-0.116603 	0.000504257 	
2.82	2.17584 	-0.0794051 	-1.77055 	0.000530917 	-0.116612 	0.000479113 	
2.825	2.17619 	-0.0772795 	-1.7701 	0.00061201 	-0.116619 	0.000417283 	
2.83	2.17609 	-0.0785003 	-1.77004 	0.000543246 	-0.116626 	0.000390852 	
2.835	2.17642 	-0.0764543 	-1.76959 	0.000620415 	-0.116633 	0.000328663 	
2.84	2.17631 	-0.0777151 	-1.76953 	0.000549423 	-0.11664 	0.000301353 	
2.845	2.17664 	-0.0756274 	-1.76907 	0.000628093 	-0.116646 	0.000237495 	
2.85	2.17654 	-0.0769267 	-1.76901 	0.000554958 	-0.116654 	0.000209333 	
2.855	2.17688 	-0.0747864 	-1.76854 	0.00063561 	-0.116661 	0.000143671 	
2.86	2.17678 	-0.0761245 	-1.76848 	0.000560312 	-0.116669 	0.000114647 	
2.865	2.17713 	-0.073932 	-1.768 	0.000642936 	-0.116676 	4.71664e-05 	
2.87	2.17703 	-0.0753093 	-1.76794 	0.000565451 	-0.116684 	1.72693e-05 	
2.875	2.17739 	-0.0730657 	-1.76744 	0.000649995 	-0.116691 	-5.20295e-05 	
2.88	2.17728 	-0.0744827 	-1.76738 	0.000570306 	-0.1167 	-8.28087e-05 	
2.885	2.17765 	-0.0721891 	-1.76687 	0.000656719 	-0.116707 	-0.000153922 	
2.89	2.17754 	-0.073646 	-1.76681 	0.000574812 	-0.116716 	-0.00018559 	
2.895	2.17792 	-0.0713036 	-1.76629 	0.000663047 	-0.116724 	-0.000258511 	
2.9	2.17781 	-0.0728005 	-1.76623 	0.000578915 	-0.116733 	-0.000291072 	
2.905	2.1782 	-0.0704104 	-1.76569 	0.000668929 	-0.116741 	-0.000365792 	
2.91	2.17809 	-0.0719475 	-1.76563 	0.00058257 	-0.11675 	-0.00039925 	
2.915	2.17848 	-0.0695108 	-1.76509 	0.000674322 	-0.116758 	-0.000475759 	
2.92	2.17837 	-0.071088 	-1.76503 	0.000585738 	-0.116768 	-0.000510115 	
2.925	2.17877 	-0.0686055 	-1.76447 	0.000679191 	-0.116776 	-0.000588401 	
2.93	2.17866 	-0.0702228 	-1.76441 	0.000588386 	-0.116786 	-0.000623656 	
2.935	2.17907 	-0.0676956 	-1.76383 	0.000683506 	-0.116794 	-0.000703704 	
2.94	2.17895 	-0.0693528 	-1.76377 	0.000590489 	-0.116804 	-0.000739856 	
2.945	2.17937 	-0.0667818 	-1.76319 	0.000687242 	-0.116813 	-0.000821653 	
2.95	2.17925 	-0.0684788 	-1.76313 	0.000592023 	-0.116823 	-0.000858701 	
2.955	2.17967 	-0.0658649 	-1.76253 	0.000690379 	-0.116832 	-0.00094223 	
2.96	2.17955 	-0.0676015 	-1.76247 	0.000592971 	-0.116843 	-0.00098017 	
2.965	2.17998 	-0.0649455 	-1.76186 	0.0006929 	-0.116851 	-0.00106541 	
2.97	2.17986 	-0.0667215 	-1.7618 	0.00059332 	-0.116862 	-0.00110424 	
2.975	2.18029 	-0.0640243 	-1.76118 	0.000694792 	-0.116871 	-0.00119118 	
2.98	2.18017 	-0.0658394 	-1.76112 	0.000593056 	-0.116882 	-0.0012309 	
2.985	2.18061 	-0.0631019 	-1.76049 	0.000696045 	-0.116891 	-0.00131951 	
2.99	2.18049 	-0.0649557 	-1.76042 	0.000592173 	-0.116902 	-0.00136011 	
2.995	2.18093 	-0.0621787 	-1.75978 	0.000696651 	-0.116911 	-0.00145038 	
3	2.1808 	-0.0640709 	-1.75971 	0.000590663 	-0.116923 	-0.00149185 	
3.005	2.18125 	-0.0612552 	-1.75906 	0.000696603 	-0.116932 	-0.00158376 	
3.01	2.18113 	-0.0631856 	-1.759 	0.000588522 	-0.116944 	-0.00162609 	
3.015	2.18158 	-0.060332 	-1.75833 	0.000695899 	-0.116953 	-0.00171962 	
3.02	2.18145 	-0.0623 	-1.75826 	0.000585747 	-0.116965 	-0.00176281 	
3.025	2.18191 	-0.0594095 	-1.75759 	0.000694534 	-0.116974 	-0.00185793 	
3.03	2.18178 	-0.0614148 	-1.75752 	0.000582336 	-0.116987 	-0.00190198 	
3.035	2.18225 	-0.058488 	-1.75684 	0.000692509 	-0.116996 	-0.00199867 	
3.04	2.18212 	-0.0605303 	-1.75677 	0.000578291 	-0.117009 	-0.00204356 	
3.045	2.18259 	-0.0575681 	-1.75608 	0.000689824 	-0.117018 	-0.0021418 	
3.05	2.18245 	-0.0596468 	-1.75601 	0.000573612 	-0.117031 	-0.00218753 	
3.055	2.18293 	-0.0566501 	-1.7553 	0.000686479 	-0.11704 	-0.00228729 	
3.06	2.18279 	-0.0587647 	-1.75523 	0.0005683 	-0.117053 	-0.00233384 	
3.065	2.18327 	-0.0557343 	-1.75452 	0.000682477 	-0.117063 	-0.0024351 	
3.07	2.18313 	-0.0578844 	-1.75444 	0.00056236 	-0.117076 	-0.00248248 	
3.075	2.18361 	-0.0548211 	-1.75372 	0.000677821 	-0.117085 	-0.00258521 	
3.08	2.18347 	-0.0570063 	-1.75365 	0.000555794 	-0.117099 	-0.00263339 	
3.085	2.18396 	-0.0539109 	-1.75291 	0.000672513 	-0.117108 	-0.00273757 	
3.09	2.18382 	-0.0561306 	-1.75284 	0.000548607 	-0.117122 	-0.00278656 	
3.095	2.18431 	-0.053004 	-1.7521 	0.000666559 	-0.117131 	-0.00289216 	
3.1	2.18417 	-0.0552577 	-1.75203 	0.000540803 	-0.117145 	-0.00294193 	
3.105	2.18466 	-0.0521007 	-1.75127 	0.000659962 	-0.117155 	-0.00304893 	
3.11	2.18417 	-0.0539932 	-1.75068 	0.000498074 	-0.117129 	-0.00304768 	
3.115	2.18467 	-0.0508073 	-1.74992 	0.000618335 	-0.117139 	-0.00315603 	
3.12	2.18452 	-0.0531257 	-1.74984 	0.000489068 	-0.117153 	-0.00320732 	
3.125	2.18502 	-0.0499094 	-1.74907 	0.000610584 	-0.117163 	-0.00331696 	
3.13	2.18488 	-0.0522601 	-1.74899 	0.000479574 	-0.117177 	-0.003369 	
3.135	2.18538 	-0.0490164 	-1.74821 	0.000602193 	-0.117187 	-0.00347997 	
3.14	2.18523 	-0.0513991 	-1.74814 	0.000469447 	-0.117201 	-0.00353276 	
3.145	2.18574 	-0.0481287 	-1.74735 	0.000593153 	-0.117211 	-0.00364502 	
3.15	2.18559 	-0.050543 	-1.74727 	0.000458705 	-0.117225 	-0.00369855 	
3.155	2.1861 	-0.0472467 	-1.74647 	0.000583474 	-0.117235 	-0.00381207 	
3.16	2.18595 	-0.0496919 	-1.7464 	0.000447359 	-0.11725 	-0.00386633 	
3.165	2.18646 	-0.0463706 	-1.74559 	0.000573164 	-0.117259 	-0.00398109 	
3.17	2.18672 	-0.0456964 	-1.74514 	0.000578054 	-0.117274 	-0.00407069 	
3.175	2.18659 	-0.0482543 	-1.74508 	0.000435769 	-0.117291 	-0.0041276 	
3.18	2.18703 	-0.0451525 	-1.74427 	0.000551567 	-0.117299 	-0.00424113 	
3.185	2.18728 	-0.0445017 	-1.74381 	0.000555211 	-0.117313 	-0.00433177 	
3.19	2.18713 	-0.0470956 	-1.74374 	0.00041101 	-0.117329 	-0.00438952 	
3.195	2.18758 	-0.0439587 	-1.74292 	0.000528372 	-0.117336 	-0.00450454 	
3.2	2.18782 	-0.0433034 	-1.74245 	0.000532069 	-0.117351 	-0.00459644 	
3.205	2.18768 	-0.0459342 	-1.74239 	0.000385906 	-0.117367 	-0.00465508 	
3.21	2.18812 	-0.0427627 	-1.74156 	0.000504815 	-0.117374 	-0.00477157 	
3.215	2.18837 	-0.0421044 	-1.74108 	0.000508511 	-0.117389 	-0.00486471 	
3.22	2.18823 	-0.0447718 	-1.74102 	0.000360404 	-0.117405 	-0.00492424 	
3.225	2.18867 	-0.0415686 	-1.74018 	0.000480741 	-0.117412 	-0.00504216 	
3.23	2.18892 	-0.0409088 	-1.73969 	0.000484383 	-0.117427 	-0.00513651 	
3.235	2.18877 	-0.0436122 	-1.73963 	0.000334364 	-0.117443 	-0.00519692 	
3.24	2.18922 	-0.0403802 	-1.73878 	0.000456021 	-0.11745 	-0.00531623 	
3.245	2.18947 	-0.03972 	-1.73829 	0.000459566 	-0.117465 	-0.00541175 	
3.25	2.18932 	-0.0424587 	-1.73823 	0.000307678 	-0.117481 	-0.00547301 	
3.255	2.18977 	-0.0392004 	-1.73736 	0.000430554 	-0.117488 	-0.00559365 	
3.26	2.19002 	-0.038541 	-1.73687 	0.00043397 	-0.117502 	-0.0056903 	
3.265	2.18987 	-0.0413141 	-1.73681 	0.000280267 	-0.117519 	-0.00575241 	
3.27	2.19032 	-0.0380319 	-1.73594 	0.000404269 	-0.117526 	-0.00587432 	
3.275	2.19057 	-0.0373742 	-1.73544 	0.000407529 	-0.11754 	-0.00597206 	
3.28	2.19042 	-0.0401807 	-1.73538 	0.000252071 	-0.117557 	-0.00603498 	
3.285	2.19087 	-0.036877 	-1.7345 	0.000377111 	-0.117563 	-0.00615811 	
3.29	2.19112 	-0.0362217 	-1.734 	0.000380194 	-0.117578 	-0.00625689 	
3.295	2.19136 	-0.0358938 	-1.73354 	0.000367654 	-0.117594 	-0.0063549 	
3.3	2.19151 	-0.0355813 	-1.73304 	0.00035458 	-0.117605 	-0.00645224 	
3.305	2.19166 	-0.0352679 	-1.73254 	0.000341589 	-0.117616 	-0.00654973 	
3.31	2.19181 	-0.0349523 	-1.73204 	0.000328727 	-0.117628 	-0.00664743 	
3.315	2.19196 	-0.0346347 	-1.73153 	0.000315984 	-0.117639 	-0.00674535 	
3.32	2.19211 	-0.0343154 	-1.73103 	0.000303344 	-0.117651 	-0.00684349 	
3.325	2.19227 	-0.0339947 	-1.73053 	0.000290791 	-0.117662 	-0.00694186 	
3.33	2.19242 	-0.0336729 	-1.73002 	0.000278311 	-0.117673 	-0.00704045 	
3.335	2.19258 	-0.0333503 	-1.72952 	0.00026589 	-0.117685 	-0.00713926 	
3.34	2.19274 	-0.0330271 	-1.72901 	0.000253517 	-0.117696 	-0.00723829 	
3.345	2.1929 	-0.0327037 	-1.72851 	0.000241181 	-0.117708 	-0.00733754 	
3.35	2.19306 	-0.0323802 	-1.72801 	0.000228871 	-0.11772 	-0.007437 	
3.355	2.19322 	-0.0320568 	-1.7275 	0.000216578 	-0.117731 	-0.00753668 	
3.36	2.19339 	-0.0317338 	-1.727 	0.000204293 	-0.117743 	-0.00763656 	
3.365	2.19355 	-0.0314113 	-1.72649 	0.000192007 	-0.117754 	-0.00773666 	
3.37	2.19372 	-0.0310896 	-1.72598 	0.000179715 	-0.117766 	-0.00783695 	
3.375	2.19388 	-0.0307687 	-1.72548 	0.000167408 	-0.117777 	-0.00793745 	
3.38	2.19405 	-0.0304488 	-1.72497 	0.00015508 	-0.117789 	-0.00803814 	
3.385	2.19422 	-0.0301301 	-1.72447 	0.000142726 	-0.117801 	-0.00813902 	
3.39	2.19439 	-0.0298127 	-1.72396 	0.00013034 	-0.117812 	-0.00824009 	
3.395	2.19455 	-0.0294967 	-1.72345 	0.000117918 	-0.117824 	-0.00834135 	
3.4	2.19472 	-0.0291823 	-1.72294 	0.000105455 	-0.117835 	-0.00844278 	
3.405	2.19489 	-0.0288695 	-1.72244 	9.29468e-05 	-0.117847 	-0.00854439 	
3.41	2.19506 	-0.0285585 	-1.72193 	8.03899e-05 	-0.117858 	-0.00864616 	
3.415	2.19523 	-0.0282493 	-1.72142 	6.77808e-05 	-0.117869 	-0.0087481 	
3.42	2.1954 	-0.0279422 	-1.72091 	5.51165e-05 	-0.117881 	-0.0088502 	
3.425	2.19557 	-0.027637 	-1.7204 	4.2394e-05 	-0.117892 	-0.00895246 	
3.43	2.19574 	-0.027334 	-1.7199 	2.96109e-05 	-0.117903 	-0.00905486 	
3.435	2.19591 	-0.0270332 	-1.71939 	1.67647e-05 	-0.117915 	-0.0091574 	
3.44	2.19608 	-0.0267347 	-1.71888 	3.85333e-06 	-0.117926 	-0.00926008 	
3.445	2.19624 	-0.0264385 	-1.71837 	-9.12511e-06 	-0.117937 	-0.00936289 	
3.45	2.19658 	-0.0263002 	-1.71809 	-5.48951e-06 	-0.117964 	-0.00948864 	
3.455	2.19675 	-0.0260088 	-1.71758 	-1.85918e-05 	-0.117975 	-0.0095917 	
3.46	2.19692 	-0.0257206 	-1.71707 	-3.1798e-05 	-0.117986 	-0.00969489 	
3.465	2.19709 	-0.0254351 	-1.71657 	-4.50883e-05 	-0.117997 	-0.0097982 	
3.47	2.19725 	-0.0251521 	-1.71606 	-5.84465e-05 	-0.118008 	-0.0099016 	
3.475	2.19742 	-0.0248718 	-1.71555 	-7.18766e-05 	-0.118019 	-0.0100051 	
3.48	2.19759 	-0.0245942 	-1.71504 	-8.53796e-05 	-0.118029 	-0.0101087 	
3.485	2.19776 	-0.0243193 	-1.71453 	-9.89566e-05 	-0.11804 	-0.0102124 	
3.49	2.19792 	-0.0240472 	-1.71402 	-0.000112608 	-0.118051 	-0.0103161 	
3.495	2.19809 	-0.023778 	-1.71352 	-0.000126336 	-0.118061 	-0.0104199 	
3.5	2.19826 	-0.0235116 	-1.71301 	-0.00014014 	-0.118072 	-0.0105238 	
3.505	2.19842 	-0.0232481 	-1.7125 	-0.00015402 	-0.118083 	-0.0106277 	
3.51	2.19859 	-0.0229876 	-1.71199 	-0.000167978 	-0.118093 	-0.0107317 	
3.515	2.19875 	-0.0227301 	-1.71149 	-0.000182014 	-0.118103 	-0.0108358 	
3.52	2.19892 	-0.0224756 	-1.71098 	-0.000196128 	-0.118114 	-0.0109398 	
3.525	2.19908 	-0.0222241 	-1.71048 	-0.000210321 	-0.118124 	-0.0110439 	
3.53	2.19924 	-0.0219758 	-1.70997 	-0.000224592 	-0.118134 	-0.0111481 	
3.535	2.19941 	-0.0217306 	-1.70946 	-0.000238942 	-0.118144 	-0.0112522 	
3.54	2.19957 	-0.0214885 	-1.70896 	-0.000253371 	-0.118154 	-0.0113564 	
3.545	2.19973 	-0.0212496 	-1.70845 	-0.000267878 	-0.118164 	-0.0114606 	
3.55	2.19989 	-0.021014 	-1.70795 	-0.000282465 	-0.118174 	-0.0115648 	
3.555	2.20006 	-0.0207815 	-1.70745 	-0.000297131 	-0.118184 	-0.0116689 	
3.56	2.20022 	-0.0205523 	-1.70694 	-0.000311876 	-0.118194 	-0.0117731 	
3.565	2.20038 	-0.0203264 	-1.70644 	-0.0003267 	-0.118204 	-0.0118772 	
3.57	2.20053 	-0.0201038 	-1.70594 	-0.000341602 	-0.118213 	-0.0119813 	
3.575	2.20069 	-0.0198845 	-1.70544 	-0.000356583 	-0.118223 	-0.0120854 	
3.58	2.20085 	-0.0196686 	-1.70494 	-0.000371642 	-0.118232 	-0.0121894 	
3.585	2.20101 	-0.019456 	-1.70444 	-0.00038678 	-0.118242 	-0.0122934 	
3.59	2.20117 	-0.0192468 	-1.70394 	-0.000401995 	-0.118251 	-0.0123974 	
3.595	2.20132 	-0.019041 	-1.70344 	-0.000417288 	-0.11826 	-0.0125013 	
3.6	2.20148 	-0.0188386 	-1.70295 	-0.000432658 	-0.11827 	-0.0126051 	
3.605	2.20163 	-0.0186396 	-1.70245 	-0.000448106 	-0.118279 	-0.0127088 	
3.61	2.20179 	-0.0184441 	-1.70195 	-0.00046363 	-0.118288 	-0.0128125 	
3.615	2.20194 	-0.0182521 	-1.70146 	-0.000479231 	-0.118297 	-0.0129161 	
3.62	2.20209 	-0.0180635 	-1.70097 	-0.000494908 	-0.118306 	-0.0130196 	
3.625	2.20225 	-0.0178785 	-1.70047 	-0.00051066 	-0.118314 	-0.013123 	
3.63	2.2024 	-0.0176969 	-1.69998 	-0.000526488 	-0.118323 	-0.0132263 	
3.635	2.20256 	-0.0175172 	-1.69951 	-0.000542313 	-0.118331 	-0.0133295 	
3.64	1.95882 	-0.0654039 	-1.11564 	0.0104281 	-0.0929828 	-0.0122503 	
3.645	1.24426 	-0.207977 	0.593387 	0.0424543 	-0.0186691 	-0.00884018 	
3.65	1.07499 	-0.245018 	1.00004 	0.0500507 	-0.00139181 	-0.00801369 	
3.655	0.445011 	-0.377979 	2.51419 	0.0785992 	0.0632079 	-0.00490232 	
3.66	0.31926 	-0.405378 	2.80489 	0.0838196 	0.0756906 	-0.00418839 	
3.665	-0.306017 	-0.534177 	4.27203 	0.11104 	0.138682 	-0.000695922 	
3.67	-0.379488 	-0.552207 	4.43854 	0.113887 	0.145816 	-0.0002256 	
3.675	-0.961466 	-0.673785 	5.7997 	0.139097 	0.204128 	0.00314854 	
3.68	-0.961951 	-0.676106 	5.82212 	0.139235 	0.20582 	0.00283612 	
3.685	-1.45793 	-0.773861 	7.03706 	0.16168 	0.260242 	0.00484171 	
3.69	-1.5031 	-0.780032 	7.09392 	0.162131 	0.26375 	0.00543261 	
3.695	-1.91238 	-0.863009 	8.12121 	0.180805 	0.308728 	0.00696175 	
3.7	-1.9389 	-0.867208 	8.11095 	0.17997 	0.308983 	0.00781713 	
3.705	-2.3992 	-0.958082 	9.13238 	0.198404 	0.35325 	0.0109993 	
3.71	-2.16933 	-0.90342 	8.43792 	0.184838 	0.325256 	0.0108817 	
3.715	-2.13903 	-0.898574 	8.33412 	0.182507 	0.320953 	0.0110256 	
3.72	-2.61284 	-0.989531 	9.45036 	0.203366 	0.368355 	0.0135863 	
3.725	-2.53485 	-0.982076 	9.27551 	0.199513 	0.36075 	0.0130353 	
3.73	-2.96452 	-1.08085 	10.307 	0.217859 	0.404693 	0.016129 	
