0	0.0490449 	0.0218097 	-2.011 	0.262355 	0.530702 	-0.0111611 	
0.005	0.0490449 	0.0218097 	-2.011 	0.262355 	0.530702 	-0.0111611 	
0.01	0.0490449 	0.0218056 	-2.011 	0.262355 	0.530703 	-0.0111608 	
0.015	0.0490449 	0.0217999 	-2.011 	0.262355 	0.530704 	-0.0111605 	
0.02	0.0490449 	0.021792 	-2.01099 	0.262355 	0.530705 	-0.01116 	
0.025	0.0490449 	0.0217819 	-2.01098 	0.262355 	0.530708 	-0.0111593 	
0.03	0.0490449 	0.0217694 	-2.01097 	0.262356 	0.53071 	-0.0111585 	
0.035	0.0490449 	0.0217545 	-2.01096 	0.262356 	0.530713 	-0.0111576 	
0.04	0.049045 	0.0217374 	-2.01095 	0.262357 	0.530717 	-0.0111565 	
0.045	0.049045 	0.021718 	-2.01093 	0.262358 	0.530721 	-0.0111552 	
0.05	0.049045 	0.0216962 	-2.01091 	0.262358 	0.530725 	-0.0111538 	
0.055	0.049045 	0.0216721 	-2.0109 	0.262359 	0.530731 	-0.0111523 	
0.06	0.0490451 	0.0216457 	-2.01087 	0.26236 	0.530736 	-0.0111506 	
0.065	0.0490451 	0.021617 	-2.01085 	0.262361 	0.530742 	-0.0111488 	
0.07	0.0490451 	0.021586 	-2.01083 	0.262362 	0.530749 	-0.0111468 	
0.075	0.0490452 	0.0215526 	-2.0108 	0.262363 	0.530755 	-0.0111447 	
0.08	0.0490452 	0.021517 	-2.01077 	0.262364 	0.530763 	-0.0111424 	
0.085	0.0490453 	0.0214753 	-2.01074 	0.262366 	0.530772 	-0.0111397 	
0.09	0.0490453 	0.0214384 	-2.01071 	0.262367 	0.530779 	-0.0111374 	
0.095	0.0490454 	0.021392 	-2.01068 	0.262368 	0.530789 	-0.0111344 	
0.1	0.0490454 	0.0213468 	-2.01064 	0.26237 	0.530798 	-0.0111316 	
0.105	0.0490455 	0.0212994 	-2.0106 	0.262371 	0.530808 	-0.0111286 	
0.11	0.0490456 	0.0212497 	-2.01056 	0.262373 	0.530819 	-0.0111254 	
0.115	0.0490456 	0.0211978 	-2.01052 	0.262375 	0.53083 	-0.0111221 	
0.12	0.0490457 	0.0211435 	-2.01048 	0.262376 	0.530841 	-0.0111187 	
0.125	0.0490458 	0.0210869 	-2.01044 	0.262378 	0.530853 	-0.0111151 	
0.13	0.0490459 	0.021028 	-2.01039 	0.26238 	0.530865 	-0.0111114 	
0.135	0.049046 	0.0209669 	-2.01034 	0.262382 	0.530878 	-0.0111075 	
0.14	0.0490461 	0.0209034 	-2.01029 	0.262384 	0.530891 	-0.0111035 	
0.145	0.0490462 	0.0208377 	-2.01024 	0.262386 	0.530904 	-0.0110994 	
0.15	0.0490463 	0.0207697 	-2.01019 	0.262389 	0.530919 	-0.0110951 	
0.155	0.0490464 	0.0206994 	-2.01013 	0.262391 	0.530933 	-0.0110907 	
0.16	0.0491494 	0.0204024 	-2.01026 	0.262493 	0.532529 	-0.0104477 	
0.165	0.0491495 	0.0203275 	-2.0102 	0.262495 	0.532545 	-0.010443 	
0.17	0.0491496 	0.0202505 	-2.01014 	0.262497 	0.532561 	-0.0104381 	
0.175	0.0491498 	0.0201711 	-2.01007 	0.2625 	0.532577 	-0.0104332 	
0.18	0.0491499 	0.0200895 	-2.01001 	0.262503 	0.532594 	-0.0104281 	
0.185	0.0491501 	0.0200056 	-2.00994 	0.262505 	0.532611 	-0.0104228 	
0.19	0.0491502 	0.0199195 	-2.00988 	0.262508 	0.532629 	-0.0104174 	
0.195	0.0491504 	0.0198311 	-2.00981 	0.262511 	0.532647 	-0.0104119 	
0.2	0.0491506 	0.0197405 	-2.00973 	0.262514 	0.532666 	-0.0104063 	
0.205	0.0491508 	0.0196476 	-2.00966 	0.262517 	0.532685 	-0.0104005 	
0.21	0.049151 	0.0195525 	-2.00959 	0.26252 	0.532705 	-0.0103946 	
0.215	0.0491512 	0.0194552 	-2.00951 	0.262523 	0.532725 	-0.0103886 	
0.22	0.0492538 	0.0191342 	-2.00961 	0.26263 	0.534303 	-0.00975173 	
0.225	0.049254 	0.0190324 	-2.00953 	0.262634 	0.534323 	-0.00974544 	
0.23	0.0492542 	0.0189284 	-2.00945 	0.262637 	0.534345 	-0.00973902 	
0.235	0.0492545 	0.0188221 	-2.00936 	0.26264 	0.534367 	-0.00973247 	
0.24	0.0492547 	0.0187137 	-2.00928 	0.262644 	0.534389 	-0.0097258 	
0.245	0.049255 	0.018603 	-2.00919 	0.262648 	0.534412 	-0.00971901 	
0.25	0.0492553 	0.0184902 	-2.0091 	0.262651 	0.534435 	-0.0097121 	
0.255	0.0492556 	0.0183751 	-2.00901 	0.262655 	0.534458 	-0.00970506 	
0.26	0.0492559 	0.0182578 	-2.00892 	0.262659 	0.534482 	-0.00969791 	
0.265	0.0492563 	0.0181384 	-2.00882 	0.262663 	0.534507 	-0.00969063 	
0.27	0.049366 	0.0177819 	-2.00891 	0.262783 	0.536181 	-0.0090131 	
0.275	0.0493664 	0.017658 	-2.00882 	0.262787 	0.536207 	-0.00900558 	
0.28	0.0493668 	0.017532 	-2.00872 	0.262791 	0.536232 	-0.00899794 	
0.285	0.0493671 	0.0174039 	-2.00861 	0.262795 	0.536259 	-0.00899019 	
0.29	0.0493675 	0.0172736 	-2.00851 	0.262799 	0.536285 	-0.00898233 	
0.295	0.0493679 	0.0171411 	-2.00841 	0.262803 	0.536312 	-0.00897435 	
0.3	0.0493684 	0.0170065 	-2.0083 	0.262808 	0.536339 	-0.00896626 	
0.305	0.0493688 	0.0168697 	-2.00819 	0.262812 	0.536367 	-0.00895806 	
0.31	0.0494745 	0.0165068 	-2.00826 	0.262934 	0.537966 	-0.00830979 	
0.315	0.049475 	0.0163657 	-2.00815 	0.262938 	0.537995 	-0.00830136 	
0.32	0.0494755 	0.0162225 	-2.00803 	0.262943 	0.538024 	-0.00829283 	
0.325	0.049476 	0.0160772 	-2.00792 	0.262947 	0.538053 	-0.00828419 	
0.33	0.0494766 	0.0159298 	-2.0078 	0.262952 	0.538083 	-0.00827545 	
0.335	0.0494771 	0.0157802 	-2.00768 	0.262957 	0.538113 	-0.0082666 	
0.34	0.0494777 	0.0156286 	-2.00756 	0.262962 	0.538144 	-0.00825766 	
0.345	0.0495823 	0.0152553 	-2.00761 	0.263087 	0.539712 	-0.00762034 	
0.35	0.0495829 	0.0150994 	-2.00749 	0.263092 	0.539744 	-0.00761118 	
0.355	0.0495835 	0.0149415 	-2.00736 	0.263097 	0.539775 	-0.00760193 	
0.36	0.0495842 	0.0147815 	-2.00724 	0.263102 	0.539807 	-0.00759258 	
0.365	0.0495849 	0.0146194 	-2.00711 	0.263107 	0.53984 	-0.00758314 	
0.37	0.0495856 	0.0144553 	-2.00698 	0.263112 	0.539873 	-0.0075736 	
0.375	0.0495863 	0.0142891 	-2.00685 	0.263118 	0.539906 	-0.00756398 	
0.38	0.0497012 	0.0138818 	-2.0069 	0.26326 	0.541612 	-0.00686907 	
0.385	0.049702 	0.0137115 	-2.00676 	0.263266 	0.541645 	-0.00685924 	
0.39	0.0497028 	0.0135391 	-2.00663 	0.263271 	0.54168 	-0.00684934 	
0.395	0.0497036 	0.0133647 	-2.00649 	0.263277 	0.541714 	-0.00683934 	
0.4	0.0497045 	0.0131883 	-2.00635 	0.263282 	0.541749 	-0.00682927 	
0.405	0.0497054 	0.0130099 	-2.0062 	0.263288 	0.541785 	-0.00681911 	
0.41	0.0498149 	0.0126039 	-2.00623 	0.263429 	0.543397 	-0.00616105 	
0.415	0.0498159 	0.0124215 	-2.00609 	0.263435 	0.543433 	-0.00615071 	
0.42	0.0498168 	0.0122371 	-2.00594 	0.263441 	0.543469 	-0.0061403 	
0.425	0.0498178 	0.0120507 	-2.00579 	0.263446 	0.543506 	-0.00612981 	
0.43	0.0498188 	0.0118623 	-2.00564 	0.263452 	0.543543 	-0.00611924 	
0.435	0.0498199 	0.0116719 	-2.00549 	0.263458 	0.54358 	-0.0061086 	
0.44	0.0499367 	0.0112412 	-2.00552 	0.263614 	0.545281 	-0.00541211 	
0.445	0.0499378 	0.0110469 	-2.00537 	0.26362 	0.54532 	-0.00540131 	
0.45	0.049939 	0.0108507 	-2.00521 	0.263626 	0.545358 	-0.00539044 	
0.455	0.0499401 	0.0106525 	-2.00505 	0.263632 	0.545397 	-0.00537951 	
0.46	0.0499413 	0.0104525 	-2.00489 	0.263639 	0.545436 	-0.00536851 	
0.465	0.0499426 	0.0102505 	-2.00473 	0.263645 	0.545475 	-0.00535745 	
0.47	0.0500681 	0.00979295 	-2.00476 	0.263818 	0.547282 	-0.00461547 	
0.475	0.0500694 	0.00958709 	-2.00459 	0.263824 	0.547322 	-0.00460426 	
0.48	0.0500707 	0.00937937 	-2.00443 	0.263831 	0.547362 	-0.004593 	
0.485	0.0500721 	0.00916976 	-2.00426 	0.263837 	0.547402 	-0.00458168 	
0.49	0.0500735 	0.00895828 	-2.00409 	0.263844 	0.547443 	-0.0045703 	
0.495	0.0501872 	0.0085177 	-2.00409 	0.264006 	0.549066 	-0.00390264 	
0.5	0.0501887 	0.00830246 	-2.00392 	0.264012 	0.549107 	-0.00389114 	
0.505	0.0501902 	0.00808539 	-2.00374 	0.264019 	0.549149 	-0.00387958 	
0.51	0.0501918 	0.00786648 	-2.00357 	0.264026 	0.549191 	-0.00386798 	
0.515	0.0501934 	0.00764574 	-2.00339 	0.264032 	0.549233 	-0.00385634 	
0.52	0.0503115 	0.00718929 	-2.00339 	0.264206 	0.550901 	-0.00316799 	
0.525	0.0503132 	0.00696488 	-2.00321 	0.264212 	0.550944 	-0.00315624 	
0.53	0.0503149 	0.00673869 	-2.00302 	0.264219 	0.550987 	-0.00314444 	
0.535	0.0503166 	0.00651071 	-2.00284 	0.264226 	0.55103 	-0.0031326 	
0.54	0.0503184 	0.00628094 	-2.00266 	0.264233 	0.551074 	-0.00312073 	
0.545	0.0504427 	0.00580575 	-2.00265 	0.26442 	0.552809 	-0.0024025 	
0.55	0.0504446 	0.0055724 	-2.00246 	0.264427 	0.552853 	-0.00239053 	
0.555	0.0504465 	0.00533733 	-2.00227 	0.264434 	0.552897 	-0.00237853 	
0.56	0.0504484 	0.00510051 	-2.00208 	0.264442 	0.552942 	-0.0023665 	
0.565	0.0504504 	0.00486195 	-2.00189 	0.264449 	0.552987 	-0.00235444 	
0.57	0.050581 	0.00436814 	-2.00188 	0.264651 	0.554789 	-0.00160581 	
0.575	0.0505831 	0.00412609 	-2.00169 	0.264658 	0.554835 	-0.00159367 	
0.58	0.0505852 	0.00388238 	-2.00149 	0.264665 	0.55488 	-0.0015815 	
0.585	0.0505874 	0.00363697 	-2.00129 	0.264672 	0.554926 	-0.00156932 	
0.59	0.0505896 	0.00338987 	-2.00109 	0.26468 	0.554972 	-0.00155711 	
0.595	0.0507265 	0.00287788 	-2.00108 	0.264897 	0.55684 	-0.000778441 	
0.6	0.0507288 	0.0026274 	-2.00088 	0.264904 	0.556887 	-0.000766171 	
0.605	0.0507312 	0.0023753 	-2.00068 	0.264912 	0.556933 	-0.000753887 	
0.61	0.0507336 	0.00212155 	-2.00047 	0.264919 	0.55698 	-0.00074159 	
0.615	0.0508511 	0.00164344 	-2.00043 	0.265111 	0.558567 	-7.91753e-05 	
0.62	0.0508535 	0.00138641 	-2.00022 	0.265119 	0.558615 	-6.68325e-05 	
0.625	0.0508561 	0.00112779 	-2.00001 	0.265126 	0.558662 	-5.44823e-05 	
0.63	0.0508587 	0.000867564 	-1.9998 	0.265134 	0.55871 	-4.21271e-05 	
0.635	0.0509779 	0.000381745 	-1.99975 	0.265332 	0.560305 	0.000625304 	
0.64	0.0509806 	0.000118319 	-1.99953 	0.26534 	0.560352 	0.000637691 	
0.645	0.0509834 	-0.000146651 	-1.99931 	0.265348 	0.560401 	0.000650079 	
0.65	0.0509862 	-0.000413178 	-1.9991 	0.265355 	0.560449 	0.000662464 	
0.655	0.0511093 	-0.000910584 	-1.99904 	0.265564 	0.56208 	0.00134691 	
0.66	0.0511122 	-0.00118023 	-1.99882 	0.265572 	0.562128 	0.00135932 	
0.665	0.0511152 	-0.00145137 	-1.9986 	0.26558 	0.562177 	0.00137171 	
0.67	0.0511182 	-0.00172402 	-1.99838 	0.265588 	0.562226 	0.0013841 	
0.675	0.0512454 	-0.00223312 	-1.99832 	0.265808 	0.563894 	0.00208652 	
0.68	0.0512486 	-0.0025088 	-1.9981 	0.265816 	0.563943 	0.00209891 	
0.685	0.0512518 	-0.00278593 	-1.99787 	0.265824 	0.563993 	0.00211129 	
0.69	0.051255 	-0.00306453 	-1.99764 	0.265832 	0.564042 	0.00212366 	
0.695	0.0513865 	-0.00358504 	-1.99759 	0.266064 	0.565747 	0.00284388 	
0.7	0.0513898 	-0.00386657 	-1.99736 	0.266072 	0.565797 	0.00285623 	
0.705	0.0513932 	-0.00414951 	-1.99712 	0.26608 	0.565847 	0.00286857 	
0.71	0.0513967 	-0.00443387 	-1.99689 	0.266088 	0.565897 	0.00288088 	
0.715	0.0515324 	-0.00496546 	-1.99683 	0.266332 	0.567637 	0.00361861 	
0.72	0.051536 	-0.00525266 	-1.99659 	0.26634 	0.567687 	0.00363091 	
0.725	0.0515396 	-0.00554122 	-1.99636 	0.266348 	0.567738 	0.00364317 	
0.73	0.0515433 	-0.00583116 	-1.99612 	0.266356 	0.567788 	0.0036554 	
0.735	0.0516832 	-0.00637348 	-1.99605 	0.266613 	0.569563 	0.00441034 	
0.74	0.051687 	-0.00666616 	-1.99581 	0.266621 	0.569614 	0.00442254 	
0.745	0.0516909 	-0.00696015 	-1.99557 	0.266629 	0.569664 	0.0044347 	
0.75	0.0516949 	-0.00725546 	-1.99533 	0.266637 	0.569716 	0.00444683 	
0.755	0.051839 	-0.00780818 	-1.99526 	0.266906 	0.571523 	0.00521865 	
0.76	0.051843 	-0.00810614 	-1.99501 	0.266914 	0.571574 	0.00523073 	
0.765	0.0518472 	-0.00840536 	-1.99477 	0.266922 	0.571625 	0.00524277 	
0.77	0.0518514 	-0.00870586 	-1.99452 	0.266931 	0.571677 	0.00525476 	
0.775	0.0519997 	-0.00926862 	-1.99445 	0.267212 	0.573516 	0.00604313 	
0.78	0.052004 	-0.00957166 	-1.9942 	0.267221 	0.573567 	0.00605507 	
0.785	0.0520084 	-0.00987592 	-1.99395 	0.267229 	0.573619 	0.00606695 	
0.79	0.0520128 	-0.0101814 	-1.99369 	0.267237 	0.573671 	0.00607879 	
0.795	0.0521653 	-0.0107538 	-1.99362 	0.267532 	0.57554 	0.00688337 	
0.8	0.0521699 	-0.0110618 	-1.99337 	0.26754 	0.575592 	0.00689514 	
0.805	0.0521746 	-0.0113709 	-1.99311 	0.267549 	0.575644 	0.00690685 	
0.81	0.0521793 	-0.0116811 	-1.99285 	0.267557 	0.575696 	0.0069185 	
0.815	0.052336 	-0.0122628 	-1.99278 	0.267865 	0.577595 	0.00773894 	
0.82	0.0523408 	-0.0125755 	-1.99252 	0.267873 	0.577646 	0.00775051 	
0.825	0.0523457 	-0.0128892 	-1.99226 	0.267882 	0.577698 	0.00776201 	
0.83	0.0523507 	-0.013204 	-1.99199 	0.26789 	0.57775 	0.00777345 	
0.835	0.0525116 	-0.0137947 	-1.99191 	0.268212 	0.579677 	0.0086094 	
0.84	0.0525167 	-0.0141118 	-1.99165 	0.26822 	0.579729 	0.00862074 	
0.845	0.0525219 	-0.0144299 	-1.99138 	0.268229 	0.579781 	0.00863202 	
0.85	0.0525272 	-0.0147491 	-1.99112 	0.268237 	0.579834 	0.00864323 	
0.855	0.0526923 	-0.0153483 	-1.99104 	0.268572 	0.581787 	0.0094943 	
0.86	0.0526976 	-0.0156697 	-1.99077 	0.268581 	0.581839 	0.0095054 	
0.865	0.0527031 	-0.015992 	-1.9905 	0.268589 	0.581891 	0.00951643 	
0.87	0.0527086 	-0.0163154 	-1.99023 	0.268597 	0.581943 	0.00952738 	
0.875	0.0528778 	-0.0169227 	-1.99014 	0.268947 	0.583922 	0.0103932 	
0.88	0.0528835 	-0.0172482 	-1.98987 	0.268955 	0.583974 	0.010404 	
0.885	0.0528892 	-0.0175745 	-1.9896 	0.268964 	0.584026 	0.0104148 	
0.89	0.052895 	-0.0179018 	-1.98932 	0.268972 	0.584078 	0.0104254 	
0.895	0.0530684 	-0.0185169 	-1.98923 	0.269336 	0.586081 	0.0113056 	
0.9	0.0530743 	-0.0188462 	-1.98896 	0.269344 	0.586133 	0.0113162 	
0.905	0.0530803 	-0.0191763 	-1.98868 	0.269352 	0.586185 	0.0113266 	
0.91	0.0532189 	-0.0197321 	-1.98855 	0.269646 	0.587764 	0.0120207 	
0.915	0.053225 	-0.0200641 	-1.98827 	0.269654 	0.587816 	0.012031 	
0.92	0.0532312 	-0.0203969 	-1.98799 	0.269663 	0.587868 	0.0120412 	
0.925	0.0532375 	-0.0207306 	-1.98771 	0.269671 	0.58792 	0.0120514 	
0.93	0.0534142 	-0.0213518 	-1.98761 	0.270052 	0.589917 	0.0129357 	
0.935	0.0534206 	-0.0216873 	-1.98733 	0.27006 	0.589969 	0.0129457 	
0.94	0.0534271 	-0.0220235 	-1.98704 	0.270068 	0.59002 	0.0129556 	
0.945	0.0535708 	-0.0225893 	-1.9869 	0.270381 	0.591623 	0.0136658 	
0.95	0.0535775 	-0.0229272 	-1.98662 	0.270389 	0.591675 	0.0136755 	
0.955	0.0535842 	-0.0232658 	-1.98633 	0.270397 	0.591726 	0.0136851 	
0.96	0.0537266 	-0.0238298 	-1.98619 	0.27071 	0.593299 	0.0143841 	
0.965	0.0537335 	-0.02417 	-1.9859 	0.270718 	0.59335 	0.0143935 	
0.97	0.0537404 	-0.0245109 	-1.98561 	0.270726 	0.593402 	0.0144029 	
0.975	0.0538848 	-0.0250783 	-1.98546 	0.271046 	0.59498 	0.0151069 	
0.98	0.0538918 	-0.0254207 	-1.98517 	0.271054 	0.595032 	0.0151161 	
0.985	0.053899 	-0.0257638 	-1.98488 	0.271063 	0.595083 	0.0151252 	
0.99	0.0540456 	-0.0263348 	-1.98473 	0.271391 	0.59667 	0.0158359 	
0.995	0.0540529 	-0.0266793 	-1.98443 	0.271399 	0.596721 	0.0158447 	
1	0.0540602 	-0.0270244 	-1.98414 	0.271407 	0.596772 	0.0158535 	
1.005	0.0542091 	-0.027599 	-1.98399 	0.271744 	0.598369 	0.0165708 	
1.01	0.0542166 	-0.0279454 	-1.98369 	0.271752 	0.598419 	0.0165793 	
1.015	0.0542241 	-0.0282924 	-1.9834 	0.27176 	0.59847 	0.0165878 	
1.02	0.0543752 	-0.0288703 	-1.98324 	0.272105 	0.600074 	0.0173114 	
1.025	0.0543829 	-0.0292185 	-1.98294 	0.272113 	0.600125 	0.0173197 	
1.03	0.0543907 	-0.0295673 	-1.98264 	0.272121 	0.600175 	0.0173278 	
1.035	0.0545439 	-0.0301483 	-1.98249 	0.272474 	0.601787 	0.0180577 	
1.04	0.0545518 	-0.0304982 	-1.98219 	0.272482 	0.601837 	0.0180657 	
1.045	0.0545598 	-0.0308486 	-1.98189 	0.27249 	0.601887 	0.0180735 	
1.05	0.0547152 	-0.0314325 	-1.98173 	0.272851 	0.603506 	0.0188093 	
1.055	0.0547233 	-0.031784 	-1.98142 	0.272859 	0.603556 	0.0188169 	
1.06	0.0547315 	-0.032136 	-1.98112 	0.272867 	0.603605 	0.0188244 	
1.065	0.0548891 	-0.0327225 	-1.98096 	0.273236 	0.605231 	0.0195661 	
1.07	0.0548974 	-0.0330754 	-1.98066 	0.273244 	0.60528 	0.0195733 	
1.075	0.0549058 	-0.0334288 	-1.98035 	0.273252 	0.605329 	0.0195805 	
1.08	0.0550654 	-0.0340177 	-1.98019 	0.27363 	0.60696 	0.0203277 	
1.085	0.055074 	-0.034372 	-1.97988 	0.273638 	0.607009 	0.0203346 	
1.09	0.0550826 	-0.0347266 	-1.97958 	0.273645 	0.607058 	0.0203414 	
1.095	0.0552443 	-0.0353178 	-1.97941 	0.274031 	0.608694 	0.021094 	
1.1	0.055253 	-0.0356732 	-1.9791 	0.274039 	0.608742 	0.0211005 	
1.105	0.0552619 	-0.036029 	-1.97879 	0.274046 	0.608791 	0.021107 	
1.11	0.0554256 	-0.0366221 	-1.97863 	0.274441 	0.610431 	0.0218647 	
1.115	0.0554345 	-0.0369786 	-1.97832 	0.274448 	0.610479 	0.0218709 	
1.12	0.0554436 	-0.0373354 	-1.97801 	0.274456 	0.610527 	0.021877 	
1.125	0.0556092 	-0.0379304 	-1.97784 	0.274858 	0.612171 	0.0226395 	
1.13	0.0556184 	-0.0382877 	-1.97753 	0.274865 	0.612218 	0.0226454 	
1.135	0.0556276 	-0.0386454 	-1.97722 	0.274873 	0.612266 	0.0226511 	
1.14	0.0557952 	-0.0392419 	-1.97704 	0.275283 	0.613913 	0.0234184 	
1.145	0.0558046 	-0.0396001 	-1.97673 	0.27529 	0.61396 	0.0234238 	
1.15	0.0558141 	-0.0399585 	-1.97642 	0.275298 	0.614007 	0.0234292 	
1.155	0.0559836 	-0.0405564 	-1.97625 	0.275716 	0.615657 	0.0242009 	
1.16	0.0559931 	-0.0409152 	-1.97593 	0.275723 	0.615703 	0.024206 	
1.165	0.0560028 	-0.0412742 	-1.97562 	0.27573 	0.61575 	0.0242109 	
1.17	0.0561741 	-0.0418732 	-1.97544 	0.276157 	0.617401 	0.0249868 	
1.175	0.0561839 	-0.0422326 	-1.97513 	0.276163 	0.617447 	0.0249916 	
1.18	0.0561937 	-0.0425921 	-1.97481 	0.27617 	0.617493 	0.0249961 	
1.185	0.0563668 	-0.043192 	-1.97464 	0.276605 	0.619146 	0.025776 	
1.19	0.0563768 	-0.0435518 	-1.97432 	0.276611 	0.619191 	0.0257803 	
1.195	0.0563868 	-0.0439116 	-1.974 	0.276618 	0.619237 	0.0257845 	
1.2	0.0565617 	-0.0445122 	-1.97382 	0.27706 	0.62089 	0.0265681 	
1.205	0.0565718 	-0.0448722 	-1.97351 	0.277067 	0.620935 	0.0265721 	
1.21	0.056582 	-0.0452323 	-1.97319 	0.277073 	0.62098 	0.0265759 	
1.215	0.0567586 	-0.0458333 	-1.97301 	0.277523 	0.622633 	0.0273629 	
1.22	0.0567689 	-0.0461935 	-1.97269 	0.277529 	0.622677 	0.0273665 	
1.225	0.0567793 	-0.0465537 	-1.97237 	0.277536 	0.622721 	0.0273699 	
1.23	0.0569575 	-0.047155 	-1.97219 	0.277993 	0.624375 	0.0281602 	
1.235	0.056968 	-0.0475152 	-1.97187 	0.277999 	0.624418 	0.0281633 	
1.24	0.0569786 	-0.0478753 	-1.97156 	0.278005 	0.624461 	0.0281664 	
1.245	0.0571584 	-0.0484766 	-1.97137 	0.278469 	0.626113 	0.0289596 	
1.25	0.0571691 	-0.0488367 	-1.97105 	0.278476 	0.626156 	0.0289624 	
1.255	0.0571798 	-0.0491967 	-1.97073 	0.278482 	0.626199 	0.028965 	
1.26	0.0573612 	-0.0497977 	-1.97055 	0.278953 	0.627849 	0.0297609 	
1.265	0.057372 	-0.0501576 	-1.97023 	0.278959 	0.627891 	0.0297633 	
1.27	0.0573829 	-0.0505173 	-1.96991 	0.278965 	0.627933 	0.0297655 	
1.275	0.0575657 	-0.0511179 	-1.96972 	0.279444 	0.629581 	0.0305639 	
1.28	0.0575767 	-0.0514773 	-1.9694 	0.27945 	0.629622 	0.0305659 	
1.285	0.0575878 	-0.0518366 	-1.96908 	0.279455 	0.629664 	0.0305677 	
1.29	0.057772 	-0.0524366 	-1.96889 	0.279941 	0.631308 	0.0313683 	
1.295	0.0577831 	-0.0527956 	-1.96857 	0.279946 	0.631349 	0.0313699 	
1.3	0.0577944 	-0.0531543 	-1.96825 	0.279952 	0.63139 	0.0313713 	
1.305	0.0579799 	-0.0537534 	-1.96806 	0.280444 	0.633031 	0.0321738 	
1.31	0.0579912 	-0.0541117 	-1.96774 	0.28045 	0.633071 	0.0321749 	
1.315	0.0580026 	-0.0544698 	-1.96742 	0.280455 	0.633111 	0.032176 	
1.32	0.0581894 	-0.0550677 	-1.96723 	0.280953 	0.634747 	0.0329801 	
1.325	0.0582008 	-0.0554253 	-1.96691 	0.280959 	0.634787 	0.0329809 	
1.33	0.0582124 	-0.0557826 	-1.96659 	0.280964 	0.634826 	0.0329815 	
1.335	0.0584004 	-0.0563792 	-1.96639 	0.281469 	0.636458 	0.033787 	
1.34	0.058412 	-0.056736 	-1.96607 	0.281474 	0.636496 	0.0337874 	
1.345	0.0584237 	-0.0570923 	-1.96575 	0.281479 	0.636535 	0.0337876 	
1.35	0.0586127 	-0.0576874 	-1.96556 	0.28199 	0.638161 	0.0345941 	
1.355	0.0586245 	-0.0580431 	-1.96524 	0.281995 	0.638199 	0.0345941 	
1.36	0.0586363 	-0.0583984 	-1.96492 	0.282 	0.638237 	0.034594 	
1.365	0.0588264 	-0.0589918 	-1.96472 	0.282517 	0.639857 	0.0354013 	
1.37	0.0588383 	-0.0593463 	-1.9644 	0.282522 	0.639895 	0.0354009 	
1.375	0.0588503 	-0.0597005 	-1.96409 	0.282526 	0.639932 	0.0354004 	
1.38	0.0590414 	-0.0602918 	-1.96389 	0.283049 	0.641545 	0.0362082 	
1.385	0.0590534 	-0.0606451 	-1.96357 	0.283053 	0.641582 	0.0362074 	
1.39	0.0590655 	-0.060998 	-1.96325 	0.283058 	0.641618 	0.0362065 	
1.395	0.0592574 	-0.0615871 	-1.96305 	0.283586 	0.643225 	0.0370145 	
1.4	0.0592696 	-0.0619391 	-1.96273 	0.28359 	0.64326 	0.0370134 	
1.405	0.0592818 	-0.0622905 	-1.96242 	0.283595 	0.643296 	0.037012 	
1.41	0.0594746 	-0.0628773 	-1.96222 	0.284127 	0.644895 	0.03782 	
1.415	0.0594868 	-0.0632277 	-1.9619 	0.284132 	0.64493 	0.0378185 	
1.42	0.0594991 	-0.0635776 	-1.96158 	0.284136 	0.644964 	0.0378168 	
1.425	0.0596926 	-0.0641617 	-1.96138 	0.284674 	0.646555 	0.0386244 	
1.43	0.059705 	-0.0645105 	-1.96106 	0.284678 	0.646589 	0.0386224 	
1.435	0.0597174 	-0.0648587 	-1.96075 	0.284682 	0.646623 	0.0386204 	
1.44	0.0599116 	-0.06544 	-1.96055 	0.285224 	0.648204 	0.0394273 	
1.445	0.059924 	-0.0657871 	-1.96023 	0.285229 	0.648238 	0.039425 	
1.45	0.0599365 	-0.0661335 	-1.95992 	0.285233 	0.648271 	0.0394226 	
1.455	0.0601312 	-0.0667118 	-1.95971 	0.285779 	0.649843 	0.0402285 	
1.46	0.0601438 	-0.067057 	-1.9594 	0.285783 	0.649876 	0.0402258 	
1.465	0.0601563 	-0.0674015 	-1.95909 	0.285787 	0.649908 	0.0402231 	
1.47	0.0603516 	-0.0679765 	-1.95888 	0.286338 	0.65147 	0.0410277 	
1.475	0.0603642 	-0.0683197 	-1.95857 	0.286341 	0.651502 	0.0410247 	
1.48	0.0603768 	-0.0686622 	-1.95826 	0.286345 	0.651534 	0.0410215 	
1.485	0.0605724 	-0.0692338 	-1.95805 	0.286899 	0.653085 	0.0418246 	
1.49	0.0605851 	-0.0695749 	-1.95774 	0.286903 	0.653116 	0.0418212 	
1.495	0.0605978 	-0.0699152 	-1.95743 	0.286906 	0.653147 	0.0418177 	
1.5	0.0607937 	-0.0704832 	-1.95723 	0.287464 	0.654687 	0.0426189 	
1.505	0.0608065 	-0.070822 	-1.95692 	0.287468 	0.654718 	0.0426152 	
1.51	0.0608193 	-0.0711601 	-1.95661 	0.287471 	0.654748 	0.0426113 	
1.515	0.0610154 	-0.0717242 	-1.9564 	0.288032 	0.656276 	0.0434103 	
1.52	0.0610282 	-0.0720607 	-1.95609 	0.288035 	0.656306 	0.0434062 	
1.525	0.061041 	-0.0723964 	-1.95579 	0.288039 	0.656336 	0.0434021 	
1.53	0.0612372 	-0.0729564 	-1.95558 	0.288603 	0.657852 	0.0441984 	
1.535	0.0612501 	-0.0732905 	-1.95527 	0.288606 	0.657881 	0.0441941 	
1.54	0.061263 	-0.0736237 	-1.95497 	0.288609 	0.65791 	0.0441896 	
1.545	0.0614592 	-0.0741794 	-1.95476 	0.289175 	0.659413 	0.0449831 	
1.55	0.0614721 	-0.0745109 	-1.95446 	0.289178 	0.659441 	0.0449784 	
1.555	0.0614851 	-0.0748415 	-1.95415 	0.289181 	0.659469 	0.0449736 	
1.56	0.0616812 	-0.0753928 	-1.95395 	0.28975 	0.66096 	0.045764 	
1.565	0.0616941 	-0.0757216 	-1.95364 	0.289752 	0.660987 	0.045759 	
1.57	0.0617071 	-0.0760495 	-1.95334 	0.289755 	0.661014 	0.0457539 	
1.575	0.061903 	-0.0765961 	-1.95314 	0.290326 	0.662491 	0.0465408 	
1.58	0.061916 	-0.0769222 	-1.95284 	0.290328 	0.662518 	0.0465355 	
1.585	0.061929 	-0.0772472 	-1.95253 	0.290331 	0.662544 	0.0465301 	
1.59	0.0621247 	-0.077789 	-1.95233 	0.290903 	0.664007 	0.0473131 	
1.595	0.0621376 	-0.0781121 	-1.95203 	0.290905 	0.664033 	0.0473075 	
1.6	0.0621506 	-0.0784342 	-1.95173 	0.290908 	0.664058 	0.0473018 	
1.605	0.0623459 	-0.078971 	-1.95153 	0.291481 	0.665507 	0.0480808 	
1.61	0.0623589 	-0.0792911 	-1.95123 	0.291483 	0.665532 	0.0480749 	
1.615	0.0623719 	-0.0796101 	-1.95094 	0.291486 	0.665557 	0.0480689 	
1.62	0.062385 	-0.0799281 	-1.95064 	0.291488 	0.665581 	0.0480628 	
1.625	0.062634 	-0.0805223 	-1.95047 	0.292233 	0.667433 	0.0490698 	
1.63	0.062647 	-0.0808382 	-1.95017 	0.292235 	0.667457 	0.0490636 	
1.635	0.06266 	-0.081153 	-1.94988 	0.292237 	0.667481 	0.0490573 	
1.64	0.0628596 	-0.0816837 	-1.94968 	0.29283 	0.668935 	0.0498492 	
1.645	0.0628726 	-0.0819963 	-1.94939 	0.292832 	0.668959 	0.0498427 	
1.65	0.0628856 	-0.0823078 	-1.9491 	0.292833 	0.668982 	0.0498361 	
1.655	0.0628986 	-0.0826182 	-1.94881 	0.292835 	0.669005 	0.0498294 	
1.66	0.0631462 	-0.0831984 	-1.94863 	0.293583 	0.670813 	0.0508236 	
1.665	0.0631591 	-0.0835065 	-1.94834 	0.293585 	0.670836 	0.0508168 	
1.67	0.0631721 	-0.0838134 	-1.94806 	0.293586 	0.670858 	0.0508099 	
1.675	0.063185 	-0.0841192 	-1.94777 	0.293588 	0.67088 	0.050803 	
1.68	0.0634362 	-0.0846963 	-1.9476 	0.294351 	0.672697 	0.0518088 	
1.685	0.0634491 	-0.0849997 	-1.94731 	0.294353 	0.672718 	0.0518017 	
1.69	0.063462 	-0.0853018 	-1.94703 	0.294354 	0.672739 	0.0517945 	
1.695	0.0634749 	-0.0856028 	-1.94675 	0.294355 	0.67276 	0.0517872 	
1.7	0.0637248 	-0.0861712 	-1.94658 	0.295119 	0.674551 	0.0527846 	
1.705	0.0637376 	-0.0864697 	-1.9463 	0.29512 	0.674571 	0.0527772 	
1.71	0.0637505 	-0.0867669 	-1.94602 	0.295121 	0.674591 	0.0527697 	
1.715	0.0637633 	-0.0870629 	-1.94574 	0.295122 	0.674612 	0.0527622 	
1.72	0.0640112 	-0.0876217 	-1.94557 	0.295883 	0.67637 	0.0537482 	
1.725	0.064024 	-0.0879152 	-1.94529 	0.295884 	0.67639 	0.0537406 	
1.73	0.0640368 	-0.0882073 	-1.94502 	0.295885 	0.67641 	0.0537328 	
1.735	0.0640496 	-0.0884981 	-1.94474 	0.295886 	0.676429 	0.0537251 	
1.74	0.0642952 	-0.089047 	-1.94458 	0.296644 	0.678155 	0.0546988 	
1.745	0.0643079 	-0.0893352 	-1.9443 	0.296645 	0.678174 	0.0546909 	
1.75	0.0643206 	-0.0896221 	-1.94403 	0.296645 	0.678193 	0.054683 	
1.755	0.0643333 	-0.0899076 	-1.94376 	0.296646 	0.678211 	0.054675 	
1.76	0.0645765 	-0.0904463 	-1.94359 	0.297399 	0.679904 	0.0556356 	
1.765	0.064589 	-0.090729 	-1.94333 	0.2974 	0.679922 	0.0556275 	
1.77	0.0646016 	-0.0910104 	-1.94306 	0.2974 	0.679939 	0.0556194 	
1.775	0.0646142 	-0.0912904 	-1.9428 	0.297401 	0.679957 	0.0556112 	
1.78	0.0648546 	-0.0918185 	-1.94263 	0.298149 	0.681616 	0.056558 	
1.785	0.0648671 	-0.0920958 	-1.94237 	0.298149 	0.681633 	0.0565497 	
1.79	0.0648795 	-0.0923715 	-1.9421 	0.29815 	0.681649 	0.0565413 	
1.795	0.0648919 	-0.0926458 	-1.94184 	0.29815 	0.681666 	0.056533 	
1.8	0.0651294 	-0.0931631 	-1.94168 	0.298892 	0.68329 	0.0574651 	
1.805	0.0651417 	-0.0934346 	-1.94142 	0.298892 	0.683306 	0.0574566 	
1.81	0.065154 	-0.0937045 	-1.94117 	0.298892 	0.683322 	0.0574481 	
1.815	0.0651663 	-0.0939731 	-1.94091 	0.298893 	0.683338 	0.0574396 	
1.82	0.0654005 	-0.0944791 	-1.94075 	0.299627 	0.684925 	0.0583563 	
1.825	0.0654127 	-0.0947447 	-1.94049 	0.299627 	0.68494 	0.0583477 	
1.83	0.0654248 	-0.0950087 	-1.94024 	0.299627 	0.684955 	0.0583391 	
1.835	0.0654369 	-0.0952713 	-1.93999 	0.299627 	0.68497 	0.0583304 	
1.84	0.0656677 	-0.0957659 	-1.93983 	0.300354 	0.686521 	0.0592309 	
1.845	0.0656797 	-0.0960254 	-1.93958 	0.300354 	0.686535 	0.0592222 	
1.85	0.0656917 	-0.0962833 	-1.93934 	0.300354 	0.68655 	0.0592135 	
1.855	0.0657036 	-0.0965397 	-1.93909 	0.300354 	0.686564 	0.0592047 	
1.86	0.0659307 	-0.0970226 	-1.93893 	0.301071 	0.688077 	0.0600882 	
1.865	0.0659425 	-0.0972759 	-1.93869 	0.301071 	0.688091 	0.0600794 	
1.87	0.0659542 	-0.0975276 	-1.93845 	0.301071 	0.688104 	0.0600706 	
1.875	0.065966 	-0.0977777 	-1.93821 	0.30107 	0.688118 	0.0600618 	
1.88	0.0661891 	-0.0982485 	-1.93805 	0.301778 	0.689592 	0.0609275 	
1.885	0.0662007 	-0.0984955 	-1.93782 	0.301778 	0.689605 	0.0609187 	
1.89	0.0662123 	-0.0987408 	-1.93758 	0.301777 	0.689618 	0.0609098 	
1.895	0.0662238 	-0.0989845 	-1.93735 	0.301777 	0.689631 	0.060901 	
1.9	0.0664427 	-0.099443 	-1.9372 	0.302474 	0.691066 	0.0617482 	
1.905	0.0664541 	-0.0996835 	-1.93697 	0.302473 	0.691078 	0.0617393 	
1.91	0.0664654 	-0.0999223 	-1.93674 	0.302473 	0.69109 	0.0617304 	
1.915	0.0664767 	-0.100159 	-1.93651 	0.302472 	0.691102 	0.0617216 	
1.92	0.0666912 	-0.100605 	-1.93636 	0.303157 	0.692497 	0.0625495 	
1.925	0.0667024 	-0.100839 	-1.93613 	0.303156 	0.692509 	0.0625407 	
1.93	0.0667135 	-0.101071 	-1.93591 	0.303156 	0.69252 	0.0625318 	
1.935	0.0667246 	-0.101302 	-1.93569 	0.303155 	0.692532 	0.0625229 	
1.94	0.0667356 	-0.101531 	-1.93547 	0.303154 	0.692543 	0.062514 	
1.945	0.0669891 	-0.102007 	-1.93534 	0.303975 	0.694193 	0.063502 	
1.95	0.067 	-0.102232 	-1.93512 	0.303974 	0.694203 	0.0634932 	
1.955	0.0670108 	-0.102456 	-1.9349 	0.303973 	0.694214 	0.0634843 	
1.96	0.0670216 	-0.102678 	-1.93469 	0.303973 	0.694224 	0.0634755 	
1.965	0.0670323 	-0.102898 	-1.93448 	0.303972 	0.694235 	0.0634667 	
1.97	0.0672829 	-0.103361 	-1.93435 	0.304787 	0.695852 	0.0644417 	
1.975	0.0672935 	-0.103578 	-1.93414 	0.304786 	0.695862 	0.0644329 	
1.98	0.0673039 	-0.103793 	-1.93393 	0.304785 	0.695872 	0.0644241 	
1.985	0.0673144 	-0.104006 	-1.93373 	0.304784 	0.695881 	0.0644154 	
1.99	0.0673247 	-0.104217 	-1.93352 	0.304783 	0.695891 	0.0644066 	
1.995	0.0675677 	-0.104662 	-1.9334 	0.305577 	0.697446 	0.0653496 	
2	0.0675779 	-0.10487 	-1.9332 	0.305576 	0.697455 	0.0653409 	
2.005	0.067588 	-0.105076 	-1.933 	0.305575 	0.697464 	0.0653323 	
2.01	0.0675981 	-0.10528 	-1.9328 	0.305574 	0.697473 	0.0653237 	
2.015	0.0676081 	-0.105482 	-1.93261 	0.305573 	0.697481 	0.0653151 	
2.02	0.0678426 	-0.105908 	-1.93249 	0.306341 	0.69897 	0.066223 	
2.025	0.0678525 	-0.106106 	-1.9323 	0.30634 	0.698978 	0.0662145 	
2.03	0.0678622 	-0.106303 	-1.93211 	0.306339 	0.698986 	0.066206 	
2.035	0.0678719 	-0.106498 	-1.93192 	0.306338 	0.698995 	0.0661975 	
2.04	0.0678815 	-0.106692 	-1.93173 	0.306337 	0.699003 	0.0661891 	
2.045	0.0681071 	-0.107098 	-1.93161 	0.307078 	0.700423 	0.0670604 	
2.05	0.0681165 	-0.107287 	-1.93143 	0.307077 	0.70043 	0.067052 	
2.055	0.0681259 	-0.107475 	-1.93125 	0.307076 	0.700438 	0.0670437 	
2.06	0.0681352 	-0.107661 	-1.93107 	0.307075 	0.700446 	0.0670355 	
2.065	0.0681444 	-0.107845 	-1.93089 	0.307074 	0.700453 	0.0670273 	
2.07	0.0681536 	-0.108027 	-1.93071 	0.307072 	0.70046 	0.0670191 	
2.075	0.0684057 	-0.108447 	-1.93062 	0.30791 	0.702044 	0.0679988 	
2.08	0.0684147 	-0.108625 	-1.93044 	0.307909 	0.702051 	0.0679907 	
2.085	0.0684236 	-0.108801 	-1.93027 	0.307907 	0.702058 	0.0679826 	
2.09	0.0684324 	-0.108975 	-1.9301 	0.307906 	0.702065 	0.0679747 	
2.095	0.0684411 	-0.109148 	-1.92993 	0.307905 	0.702072 	0.0679667 	
2.1	0.0684497 	-0.109318 	-1.92977 	0.307904 	0.702078 	0.0679589 	
2.105	0.0686919 	-0.109716 	-1.92968 	0.308712 	0.703588 	0.0688986 	
2.11	0.0687004 	-0.109882 	-1.92951 	0.30871 	0.703594 	0.0688908 	
2.115	0.0687087 	-0.110047 	-1.92935 	0.308709 	0.7036 	0.0688831 	
2.12	0.068717 	-0.11021 	-1.92919 	0.308708 	0.703606 	0.0688755 	
2.125	0.0687252 	-0.110371 	-1.92904 	0.308707 	0.703612 	0.0688679 	
2.13	0.0687333 	-0.110529 	-1.92888 	0.308706 	0.703618 	0.0688604 	
2.135	0.0689613 	-0.1109 	-1.9288 	0.309469 	0.705028 	0.0697431 	
2.14	0.0689692 	-0.111055 	-1.92864 	0.309467 	0.705033 	0.0697357 	
2.145	0.068977 	-0.111208 	-1.9285 	0.309466 	0.705039 	0.0697284 	
2.15	0.0689847 	-0.111359 	-1.92835 	0.309465 	0.705044 	0.0697212 	
2.155	0.0689924 	-0.111508 	-1.9282 	0.309464 	0.705049 	0.069714 	
2.16	0.0689999 	-0.111655 	-1.92806 	0.309463 	0.705054 	0.0697069 	
2.165	0.0690074 	-0.1118 	-1.92792 	0.309461 	0.705059 	0.0696998 	
2.17	0.0692492 	-0.112169 	-1.92785 	0.310277 	0.70655 	0.07064 	
2.175	0.0692565 	-0.11231 	-1.92771 	0.310276 	0.706555 	0.0706331 	
2.18	0.0692636 	-0.112449 	-1.92757 	0.310275 	0.70656 	0.0706263 	
2.185	0.0692707 	-0.112586 	-1.92744 	0.310274 	0.706564 	0.0706195 	
2.19	0.0692776 	-0.112721 	-1.92731 	0.310273 	0.706569 	0.0706128 	
2.195	0.0692845 	-0.112853 	-1.92718 	0.310271 	0.706573 	0.0706063 	
2.2	0.0692913 	-0.112984 	-1.92705 	0.31027 	0.706577 	0.0705998 	
2.205	0.0695152 	-0.113321 	-1.92699 	0.311029 	0.707947 	0.071469 	
2.21	0.0695217 	-0.113448 	-1.92686 	0.311027 	0.707951 	0.0714626 	
2.215	0.0695282 	-0.113572 	-1.92674 	0.311026 	0.707955 	0.0714563 	
2.22	0.0695346 	-0.113695 	-1.92662 	0.311025 	0.707959 	0.0714502 	
2.225	0.0695408 	-0.113816 	-1.9265 	0.311024 	0.707963 	0.0714441 	
2.23	0.069547 	-0.113934 	-1.92638 	0.311023 	0.707967 	0.0714381 	
2.235	0.0695531 	-0.114051 	-1.92627 	0.311022 	0.707971 	0.0714322 	
2.24	0.069559 	-0.114165 	-1.92616 	0.311021 	0.707974 	0.0714263 	
2.245	0.0697841 	-0.114486 	-1.92611 	0.311788 	0.709346 	0.0723025 	
2.25	0.0697898 	-0.114596 	-1.926 	0.311787 	0.709349 	0.0722969 	
2.255	0.0697955 	-0.114704 	-1.92589 	0.311786 	0.709353 	0.0722914 	
2.26	0.069801 	-0.11481 	-1.92579 	0.311785 	0.709356 	0.0722859 	
2.265	0.0698064 	-0.114914 	-1.92569 	0.311784 	0.709359 	0.0722805 	
2.27	0.0698118 	-0.115016 	-1.92559 	0.311783 	0.709362 	0.0722753 	
2.275	0.069817 	-0.115116 	-1.92549 	0.311782 	0.709365 	0.0722701 	
2.28	0.0698221 	-0.115214 	-1.92539 	0.311781 	0.709368 	0.072265 	
2.285	0.0698272 	-0.11531 	-1.9253 	0.31178 	0.709371 	0.07226 	
2.29	0.0698321 	-0.115403 	-1.92521 	0.311779 	0.709374 	0.0722552 	
2.295	0.0700683 	-0.115713 	-1.92518 	0.312592 	0.710811 	0.07318 	
2.3	0.070073 	-0.115802 	-1.92509 	0.312591 	0.710813 	0.0731753 	
2.305	0.0700776 	-0.11589 	-1.92501 	0.31259 	0.710816 	0.0731708 	
2.31	0.0700821 	-0.115975 	-1.92492 	0.31259 	0.710818 	0.0731663 	
2.315	0.0700865 	-0.116058 	-1.92484 	0.312589 	0.710821 	0.0731619 	
2.32	0.0700907 	-0.116139 	-1.92476 	0.312588 	0.710823 	0.0731577 	
2.325	0.0700949 	-0.116217 	-1.92469 	0.312587 	0.710825 	0.0731535 	
2.33	0.0700989 	-0.116294 	-1.92461 	0.312586 	0.710827 	0.0731494 	
2.335	0.0701028 	-0.116369 	-1.92454 	0.312585 	0.71083 	0.0731455 	
2.34	0.0701067 	-0.116441 	-1.92447 	0.312585 	0.710832 	0.0731416 	
2.345	0.0701104 	-0.116511 	-1.9244 	0.312584 	0.710834 	0.0731379 	
2.35	0.070114 	-0.116579 	-1.92433 	0.312583 	0.710836 	0.0731343 	
2.355	0.0703355 	-0.116849 	-1.92432 	0.313352 	0.712178 	0.0740048 	
2.36	0.0703388 	-0.116913 	-1.92426 	0.313351 	0.71218 	0.0740014 	
2.365	0.0703421 	-0.116975 	-1.9242 	0.31335 	0.712181 	0.0739981 	
2.37	0.0703453 	-0.117034 	-1.92414 	0.31335 	0.712183 	0.0739949 	
2.375	0.0703483 	-0.117092 	-1.92408 	0.313349 	0.712185 	0.0739918 	
2.38	0.0703512 	-0.117147 	-1.92403 	0.313348 	0.712186 	0.0739889 	
2.385	0.070354 	-0.1172 	-1.92398 	0.313348 	0.712188 	0.073986 	
2.39	0.0703567 	-0.117251 	-1.92393 	0.313347 	0.712189 	0.0739833 	
2.395	0.0703593 	-0.1173 	-1.92388 	0.313347 	0.71219 	0.0739806 	
2.4	0.0703618 	-0.117347 	-1.92383 	0.313346 	0.712192 	0.0739781 	
2.405	0.0703641 	-0.117391 	-1.92379 	0.313346 	0.712193 	0.0739757 	
2.41	0.0703664 	-0.117433 	-1.92375 	0.313345 	0.712194 	0.0739734 	
2.415	0.0703685 	-0.117474 	-1.92371 	0.313345 	0.712195 	0.0739713 	
2.42	0.0703704 	-0.117508 	-1.92367 	0.313344 	0.712196 	0.0739694 	
2.425	0.0703725 	-0.117547 	-1.92363 	0.313344 	0.712197 	0.0739673 	
2.43	0.0703741 	-0.117578 	-1.9236 	0.313343 	0.712198 	0.0739656 	
2.435	0.0703758 	-0.117609 	-1.92357 	0.313343 	0.712199 	0.0739639 	
2.44	0.0703773 	-0.117639 	-1.92354 	0.313343 	0.7122 	0.0739623 	
2.445	0.0703788 	-0.117666 	-1.92352 	0.313342 	0.7122 	0.0739608 	
2.45	0.0703801 	-0.117692 	-1.92349 	0.313342 	0.712201 	0.0739594 	
2.455	0.0703814 	-0.117715 	-1.92347 	0.313342 	0.712202 	0.0739582 	
2.46	0.0703825 	-0.117736 	-1.92345 	0.313342 	0.712202 	0.073957 	
2.465	0.0703835 	-0.117754 	-1.92343 	0.313341 	0.712203 	0.073956 	
2.47	0.0703843 	-0.117771 	-1.92341 	0.313341 	0.712203 	0.0739551 	
2.475	0.0706038 	-0.117988 	-1.92346 	0.314115 	0.713539 	0.0748301 	
2.48	0.0706045 	-0.118001 	-1.92345 	0.314115 	0.713539 	0.0748293 	
2.485	0.070605 	-0.118011 	-1.92344 	0.314115 	0.71354 	0.0748287 	
2.49	0.0706055 	-0.118018 	-1.92343 	0.314115 	0.71354 	0.0748283 	
2.495	0.0706058 	-0.118024 	-1.92342 	0.314115 	0.71354 	0.074828 	
2.5	0.0706058 	-0.118024 	-1.92342 	0.314115 	0.71354 	0.074828 	
2.505	0.070606 	-0.118029 	-1.92342 	0.314115 	0.71354 	0.0748277 	
2.51	0.0706008 	-0.118024 	-1.92342 	0.314117 	0.71354 	0.0748341 	
2.515	0.0706008 	-0.118024 	-1.92342 	0.314117 	0.71354 	0.0748341 	
2.52	0.0705954 	-0.118024 	-1.92342 	0.314116 	0.713533 	0.0748376 	
2.525	0.0705905 	-0.118025 	-1.92341 	0.314116 	0.713525 	0.0748404 	
2.53	0.0705845 	-0.118026 	-1.9234 	0.314116 	0.713516 	0.074844 	
2.535	0.0705771 	-0.118027 	-1.92339 	0.314115 	0.713505 	0.0748483 	
2.54	0.0705683 	-0.118028 	-1.92338 	0.314114 	0.713491 	0.0748534 	
2.545	0.0705582 	-0.11803 	-1.92336 	0.314114 	0.713476 	0.0748593 	
2.55	0.0705467 	-0.118031 	-1.92335 	0.314113 	0.713458 	0.074866 	
2.555	0.0705339 	-0.118033 	-1.92333 	0.314112 	0.713439 	0.0748735 	
2.56	0.0705196 	-0.118035 	-1.92331 	0.314111 	0.713417 	0.0748818 	
2.565	0.0705041 	-0.118037 	-1.92328 	0.31411 	0.713393 	0.0748909 	
2.57	0.0704871 	-0.11804 	-1.92326 	0.314109 	0.713367 	0.0749007 	
2.575	0.0704688 	-0.118042 	-1.92323 	0.314107 	0.713339 	0.0749114 	
2.58	0.0704491 	-0.118045 	-1.9232 	0.314106 	0.713309 	0.0749229 	
2.585	0.0704281 	-0.118048 	-1.92317 	0.314104 	0.713277 	0.0749352 	
2.59	0.0704056 	-0.118052 	-1.92314 	0.314103 	0.713243 	0.0749482 	
2.595	0.0703795 	-0.118055 	-1.9231 	0.314101 	0.713203 	0.0749635 	
2.6	0.0703542 	-0.118059 	-1.92307 	0.314099 	0.713164 	0.0749782 	
2.605	0.0703276 	-0.118063 	-1.92303 	0.314097 	0.713123 	0.0749937 	
2.61	0.0702997 	-0.118067 	-1.92299 	0.314095 	0.713081 	0.07501 	
2.615	0.0702703 	-0.118071 	-1.92294 	0.314093 	0.713036 	0.0750271 	
2.62	0.0702397 	-0.118075 	-1.9229 	0.314091 	0.712989 	0.075045 	
2.625	0.0702077 	-0.11808 	-1.92285 	0.314089 	0.71294 	0.0750636 	
2.63	0.0701743 	-0.118085 	-1.9228 	0.314086 	0.712889 	0.0750831 	
2.635	0.0701396 	-0.11809 	-1.92275 	0.314084 	0.712836 	0.0751033 	
2.64	0.0701036 	-0.118095 	-1.9227 	0.314081 	0.712781 	0.0751243 	
2.645	0.0700662 	-0.1181 	-1.92264 	0.314078 	0.712724 	0.0751461 	
2.65	0.0700275 	-0.118106 	-1.92259 	0.314076 	0.712665 	0.0751686 	
2.655	0.0699874 	-0.118112 	-1.92253 	0.314073 	0.712604 	0.075192 	
2.66	0.069946 	-0.118118 	-1.92247 	0.31407 	0.71254 	0.0752161 	
2.665	0.0699033 	-0.118124 	-1.92241 	0.314067 	0.712475 	0.075241 	
2.67	0.0698593 	-0.11813 	-1.92234 	0.314064 	0.712408 	0.0752667 	
2.675	0.0698139 	-0.118137 	-1.92228 	0.31406 	0.712338 	0.0752931 	
2.68	0.0697672 	-0.118144 	-1.92221 	0.314057 	0.712267 	0.0753203 	
2.685	0.0697193 	-0.118151 	-1.92214 	0.314054 	0.712194 	0.0753483 	
2.69	0.0696699 	-0.118158 	-1.92207 	0.31405 	0.712118 	0.075377 	
2.695	0.0696193 	-0.118165 	-1.92199 	0.314046 	0.712041 	0.0754065 	
2.7	0.0695674 	-0.118173 	-1.92192 	0.314043 	0.711961 	0.0754368 	
2.705	0.0695142 	-0.118181 	-1.92184 	0.314039 	0.71188 	0.0754678 	
2.71	0.0694596 	-0.118189 	-1.92176 	0.314035 	0.711797 	0.0754996 	
2.715	0.0694038 	-0.118197 	-1.92168 	0.314031 	0.711711 	0.0755321 	
2.72	0.0693467 	-0.118205 	-1.92159 	0.314027 	0.711624 	0.0755654 	
2.725	0.0692883 	-0.118214 	-1.92151 	0.314023 	0.711535 	0.0755994 	
2.73	0.0692286 	-0.118222 	-1.92142 	0.314018 	0.711443 	0.0756342 	
2.735	0.0690635 	-0.117921 	-1.92125 	0.3139 	0.709631 	0.0756734 	
2.74	0.0690012 	-0.11793 	-1.92116 	0.313896 	0.709535 	0.0757097 	
2.745	0.0689376 	-0.11794 	-1.92107 	0.313891 	0.709438 	0.0757467 	
2.75	0.0688728 	-0.117949 	-1.92097 	0.313886 	0.709339 	0.0757844 	
2.755	0.0688067 	-0.117959 	-1.92088 	0.313882 	0.709238 	0.0758229 	
2.76	0.0687394 	-0.117969 	-1.92078 	0.313877 	0.709135 	0.0758621 	
2.765	0.0686708 	-0.117979 	-1.92068 	0.313872 	0.70903 	0.0759021 	
2.77	0.0686009 	-0.11799 	-1.92057 	0.313867 	0.708923 	0.0759427 	
2.775	0.0685298 	-0.118 	-1.92047 	0.313862 	0.708815 	0.0759841 	
2.78	0.0684575 	-0.118011 	-1.92036 	0.313857 	0.708704 	0.0760263 	
2.785	0.0683839 	-0.118022 	-1.92026 	0.313851 	0.708592 	0.0760691 	
2.79	0.0683091 	-0.118033 	-1.92015 	0.313846 	0.708477 	0.0761127 	
2.795	0.0682363 	-0.118048 	-1.92003 	0.313839 	0.70836 	0.0761527 	
2.8	0.068159 	-0.11806 	-1.91992 	0.313834 	0.708242 	0.0761977 	
2.805	0.0680806 	-0.118071 	-1.9198 	0.313828 	0.708122 	0.0762434 	
2.81	0.0680008 	-0.118083 	-1.91968 	0.313822 	0.708 	0.0762898 	
2.815	0.0678017 	-0.117795 	-1.91949 	0.313628 	0.706181 	0.0762434 	
2.82	0.0677196 	-0.117808 	-1.91937 	0.313622 	0.706056 	0.0762912 	
2.825	0.0676363 	-0.11782 	-1.91924 	0.313616 	0.705928 	0.0763397 	
2.83	0.0675517 	-0.117833 	-1.91912 	0.31361 	0.705799 	0.0763889 	
2.835	0.067466 	-0.117846 	-1.91899 	0.313603 	0.705668 	0.0764388 	
2.84	0.0673791 	-0.117859 	-1.91887 	0.313597 	0.705535 	0.0764893 	
2.845	0.0672911 	-0.117873 	-1.91874 	0.313591 	0.7054 	0.0765406 	
2.85	0.0672018 	-0.117886 	-1.9186 	0.313584 	0.705263 	0.0765925 	
2.855	0.0671114 	-0.1179 	-1.91847 	0.313578 	0.705125 	0.0766452 	
2.86	0.0670198 	-0.117914 	-1.91834 	0.313571 	0.704985 	0.0766984 	
2.865	0.0669271 	-0.117928 	-1.9182 	0.313565 	0.704843 	0.0767524 	
2.87	0.0668332 	-0.117943 	-1.91806 	0.313558 	0.7047 	0.076807 	
2.875	0.0667382 	-0.117957 	-1.91792 	0.313551 	0.704554 	0.0768623 	
2.88	0.0665211 	-0.117671 	-1.9177 	0.313346 	0.702696 	0.0768144 	
2.885	0.0664238 	-0.117686 	-1.91756 	0.313339 	0.702547 	0.076871 	
2.89	0.0663254 	-0.117701 	-1.91741 	0.313332 	0.702397 	0.0769283 	
2.895	0.0662258 	-0.117716 	-1.91727 	0.313324 	0.702244 	0.0769862 	
2.9	0.0661252 	-0.117732 	-1.91712 	0.313317 	0.70209 	0.0770447 	
2.905	0.0660235 	-0.117748 	-1.91697 	0.31331 	0.701935 	0.0771039 	
2.91	0.0659206 	-0.117764 	-1.91682 	0.313303 	0.701777 	0.0771637 	
2.915	0.0658167 	-0.11778 	-1.91666 	0.313295 	0.701618 	0.0772242 	
2.92	0.0657117 	-0.117796 	-1.91651 	0.313288 	0.701457 	0.0772853 	
2.925	0.0656056 	-0.117813 	-1.91635 	0.31328 	0.701295 	0.077347 	
2.93	0.0654984 	-0.11783 	-1.91619 	0.313272 	0.701131 	0.0774093 	
2.935	0.0652714 	-0.117553 	-1.91595 	0.313069 	0.69929 	0.07737 	
2.94	0.0651621 	-0.117571 	-1.91579 	0.313061 	0.699123 	0.0774336 	
2.945	0.0650517 	-0.117588 	-1.91563 	0.313053 	0.698954 	0.0774977 	
2.95	0.0649403 	-0.117606 	-1.91546 	0.313045 	0.698783 	0.0775625 	
2.955	0.0648279 	-0.117624 	-1.9153 	0.313037 	0.698611 	0.0776279 	
2.96	0.0647145 	-0.117642 	-1.91513 	0.313029 	0.698437 	0.0776938 	
2.965	0.0646 	-0.11766 	-1.91496 	0.313021 	0.698262 	0.0777604 	
2.97	0.0644845 	-0.117678 	-1.91479 	0.313013 	0.698085 	0.0778275 	
2.975	0.064368 	-0.117697 	-1.91462 	0.313004 	0.697907 	0.0778953 	
2.98	0.0642505 	-0.117716 	-1.91444 	0.312996 	0.697727 	0.0779636 	
2.985	0.0640124 	-0.117441 	-1.91419 	0.312791 	0.695861 	0.07793 	
2.99	0.0638929 	-0.11746 	-1.91401 	0.312782 	0.695678 	0.0779994 	
2.995	0.0637725 	-0.11748 	-1.91383 	0.312774 	0.695494 	0.0780694 	
3	0.063651 	-0.117499 	-1.91365 	0.312765 	0.695308 	0.07814 	
3.005	0.0635286 	-0.117519 	-1.91347 	0.312756 	0.69512 	0.0782111 	
3.01	0.0634053 	-0.117539 	-1.91329 	0.312747 	0.694931 	0.0782828 	
3.015	0.063281 	-0.11756 	-1.9131 	0.312738 	0.694741 	0.078355 	
3.02	0.0631558 	-0.11758 	-1.91292 	0.312729 	0.694549 	0.0784278 	
3.025	0.0630296 	-0.117601 	-1.91273 	0.31272 	0.694356 	0.0785011 	
3.03	0.0629025 	-0.117622 	-1.91254 	0.312711 	0.694161 	0.0785749 	
3.035	0.0626453 	-0.117327 	-1.91226 	0.31249 	0.692147 	0.0785391 	
3.04	0.0625164 	-0.117348 	-1.91207 	0.31248 	0.69195 	0.078614 	
3.045	0.0623866 	-0.11737 	-1.91188 	0.312471 	0.691751 	0.0786894 	
3.05	0.0622559 	-0.117391 	-1.91168 	0.312462 	0.691551 	0.0787653 	
3.055	0.0621243 	-0.117413 	-1.91149 	0.312452 	0.691349 	0.0788417 	
3.06	0.0619919 	-0.117435 	-1.91129 	0.312443 	0.691146 	0.0789186 	
3.065	0.0618586 	-0.117458 	-1.91109 	0.312433 	0.690942 	0.0789961 	
3.07	0.0617244 	-0.11748 	-1.91089 	0.312423 	0.690736 	0.079074 	
3.075	0.0615894 	-0.117503 	-1.91069 	0.312414 	0.690529 	0.0791524 	
3.08	0.0613275 	-0.117219 	-1.9104 	0.312197 	0.68855 	0.0791244 	
3.085	0.0611908 	-0.117243 	-1.91019 	0.312187 	0.688341 	0.0792038 	
3.09	0.0610533 	-0.117266 	-1.90999 	0.312177 	0.68813 	0.0792836 	
3.095	0.060915 	-0.117289 	-1.90978 	0.312167 	0.687918 	0.0793639 	
3.1	0.0607759 	-0.117313 	-1.90957 	0.312157 	0.687705 	0.0794447 	
3.105	0.0606359 	-0.117337 	-1.90937 	0.312147 	0.68749 	0.0795259 	
3.11	0.0604952 	-0.117361 	-1.90916 	0.312137 	0.687274 	0.0796076 	
3.115	0.0603538 	-0.117385 	-1.90894 	0.312127 	0.687057 	0.0796897 	
3.12	0.0600928 	-0.117123 	-1.90865 	0.311922 	0.685173 	0.0796722 	
3.125	0.0599498 	-0.117147 	-1.90843 	0.311912 	0.684954 	0.0797551 	
3.13	0.059806 	-0.117172 	-1.90822 	0.311901 	0.684733 	0.0798386 	
3.135	0.0596615 	-0.117197 	-1.908 	0.311891 	0.684512 	0.0799224 	
3.14	0.0595163 	-0.117222 	-1.90779 	0.311881 	0.684289 	0.0800067 	
3.145	0.0593703 	-0.117248 	-1.90757 	0.31187 	0.684065 	0.0800913 	
3.15	0.0592236 	-0.117273 	-1.90735 	0.31186 	0.68384 	0.0801764 	
3.155	0.0590763 	-0.117299 	-1.90713 	0.311849 	0.683614 	0.0802619 	
3.16	0.0588054 	-0.11703 	-1.90682 	0.311637 	0.681665 	0.0802448 	
3.165	0.0586615 	-0.117061 	-1.90658 	0.311624 	0.681436 	0.0803248 	
3.17	0.0585121 	-0.117088 	-1.90636 	0.311614 	0.681207 	0.0804114 	
3.175	0.058362 	-0.117114 	-1.90614 	0.311603 	0.680977 	0.0804984 	
3.18	0.0582113 	-0.117141 	-1.90591 	0.311592 	0.680745 	0.0805858 	
3.185	0.0580599 	-0.117168 	-1.90568 	0.311581 	0.680513 	0.0806736 	
3.19	0.0579078 	-0.117195 	-1.90545 	0.31157 	0.680279 	0.0807618 	
3.195	0.0577552 	-0.117222 	-1.90523 	0.311559 	0.680045 	0.0808503 	
3.2	0.0574742 	-0.116945 	-1.9049 	0.311339 	0.678023 	0.0808327 	
3.205	0.0573203 	-0.116973 	-1.90467 	0.311328 	0.677787 	0.0809219 	
3.21	0.0571658 	-0.117 	-1.90444 	0.311317 	0.67755 	0.0810114 	
3.215	0.0570108 	-0.117028 	-1.9042 	0.311306 	0.677312 	0.0811013 	
3.22	0.0568551 	-0.117057 	-1.90397 	0.311294 	0.677072 	0.0811915 	
3.225	0.0566989 	-0.117085 	-1.90373 	0.311283 	0.676833 	0.081282 	
