0	2.05378 	-0.0931863 	-1.55868 	0.000271544 	-0.0987678 	0.00447762 	
0.005	2.05378 	-0.093188 	-1.55868 	0.000271455 	-0.0987677 	0.00447757 	
0.01	2.05378 	-0.0931895 	-1.55869 	0.000271373 	-0.0987677 	0.00447753 	
0.015	2.05378 	-0.0931909 	-1.55869 	0.000271297 	-0.0987677 	0.00447748 	
0.02	2.05378 	-0.0931922 	-1.55869 	0.000271226 	-0.0987676 	0.00447745 	
0.025	2.05378 	-0.0931934 	-1.55869 	0.000271159 	-0.0987676 	0.00447741 	
0.03	2.05378 	-0.0931944 	-1.55869 	0.000271096 	-0.0987677 	0.00447737 	
0.035	2.05378 	-0.0931953 	-1.55868 	0.000271037 	-0.0987677 	0.00447733 	
0.04	2.05378 	-0.0931962 	-1.55868 	0.00027098 	-0.0987678 	0.0044773 	
0.045	2.05378 	-0.0931969 	-1.55868 	0.000270924 	-0.0987679 	0.00447726 	
0.05	2.05378 	-0.0931975 	-1.55868 	0.000270871 	-0.0987681 	0.00447722 	
0.055	2.05378 	-0.0931979 	-1.55867 	0.000270818 	-0.0987684 	0.00447718 	
0.06	2.05379 	-0.0931983 	-1.55867 	0.000270766 	-0.0987686 	0.00447713 	
0.065	2.05379 	-0.0931986 	-1.55866 	0.000270714 	-0.098769 	0.00447709 	
0.07	2.05379 	-0.0931987 	-1.55865 	0.000270662 	-0.0987694 	0.00447704 	
0.075	2.0538 	-0.0931988 	-1.55864 	0.000270609 	-0.0987698 	0.00447698 	
0.08	2.0538 	-0.0931987 	-1.55863 	0.000270556 	-0.0987704 	0.00447693 	
0.085	2.05381 	-0.0931985 	-1.55862 	0.000270501 	-0.098771 	0.00447687 	
0.09	2.05382 	-0.0931983 	-1.55861 	0.000270444 	-0.0987717 	0.0044768 	
0.095	2.05383 	-0.0931979 	-1.55859 	0.000270386 	-0.0987724 	0.00447673 	
0.1	2.05383 	-0.0931974 	-1.55857 	0.000270326 	-0.0987732 	0.00447666 	
0.105	2.05384 	-0.0931968 	-1.55856 	0.000270263 	-0.0987742 	0.00447658 	
0.11	2.05386 	-0.093196 	-1.55854 	0.000270198 	-0.0987752 	0.0044765 	
0.115	2.05387 	-0.0931952 	-1.55852 	0.000270131 	-0.0987762 	0.00447641 	
0.12	2.05388 	-0.0931943 	-1.55849 	0.00027006 	-0.0987774 	0.00447631 	
0.125	2.05389 	-0.0931932 	-1.55847 	0.000269987 	-0.0987787 	0.00447621 	
0.13	2.05391 	-0.0931921 	-1.55844 	0.000269911 	-0.09878 	0.0044761 	
0.135	2.05392 	-0.0931909 	-1.55842 	0.000269832 	-0.0987814 	0.00447599 	
0.14	2.05394 	-0.0931895 	-1.55839 	0.000269749 	-0.098783 	0.00447587 	
0.145	2.05396 	-0.0931881 	-1.55836 	0.000269664 	-0.0987846 	0.00447575 	
0.15	2.05398 	-0.0931865 	-1.55832 	0.000269574 	-0.0987863 	0.00447562 	
0.155	2.054 	-0.0931849 	-1.55829 	0.000269482 	-0.0987881 	0.00447548 	
0.16	2.05402 	-0.0931831 	-1.55825 	0.000269386 	-0.0987899 	0.00447534 	
0.165	2.05239 	-0.0917716 	-1.56063 	0.000335209 	-0.0987953 	0.00446541 	
0.17	2.05273 	-0.0918395 	-1.56075 	0.000331562 	-0.0988099 	0.0044643 	
0.175	2.05299 	-0.0919157 	-1.56078 	0.000327317 	-0.0988227 	0.00446279 	
0.18	2.05315 	-0.0919781 	-1.56075 	0.000323707 	-0.0988321 	0.00446133 	
0.185	2.0533 	-0.0920357 	-1.56071 	0.000320349 	-0.098841 	0.00445997 	
0.19	2.05345 	-0.0920888 	-1.56068 	0.000317224 	-0.0988495 	0.00445868 	
0.195	2.05358 	-0.0921377 	-1.56064 	0.000314315 	-0.0988577 	0.00445747 	
0.2	2.05371 	-0.0921828 	-1.56059 	0.000311607 	-0.0988656 	0.00445633 	
0.205	2.05384 	-0.0922243 	-1.56055 	0.000309083 	-0.0988732 	0.00445524 	
0.21	2.05395 	-0.0922624 	-1.5605 	0.00030673 	-0.0988805 	0.00445422 	
0.215	2.05407 	-0.0922975 	-1.56045 	0.000304535 	-0.0988876 	0.00445325 	
0.22	2.05418 	-0.0923296 	-1.5604 	0.000302487 	-0.0988945 	0.00445233 	
0.225	2.05265 	-0.0909767 	-1.56272 	0.000365575 	-0.0989046 	0.00444221 	
0.23	2.05306 	-0.0910727 	-1.56282 	0.000360278 	-0.0989234 	0.00444042 	
0.235	2.05339 	-0.0911747 	-1.56284 	0.000354508 	-0.0989404 	0.00443827 	
0.24	2.05362 	-0.091261 	-1.56279 	0.000349481 	-0.0989536 	0.00443621 	
0.245	2.05383 	-0.0913407 	-1.56274 	0.000344805 	-0.0989663 	0.00443428 	
0.25	2.05403 	-0.0914141 	-1.56268 	0.000340456 	-0.0989783 	0.00443247 	
0.255	2.05423 	-0.0914818 	-1.56262 	0.000336409 	-0.0989899 	0.00443076 	
0.26	2.05441 	-0.0915442 	-1.56256 	0.000332641 	-0.0990009 	0.00442915 	
0.265	2.05458 	-0.0916016 	-1.5625 	0.000329132 	-0.0990116 	0.00442762 	
0.27	2.05475 	-0.0916544 	-1.56243 	0.000325863 	-0.0990218 	0.00442618 	
0.275	2.05318 	-0.0902447 	-1.56488 	0.000391747 	-0.0990353 	0.00441545 	
0.28	2.05366 	-0.0903633 	-1.56498 	0.000385142 	-0.0990583 	0.00441315 	
0.285	2.05406 	-0.0904866 	-1.56499 	0.000378118 	-0.0990788 	0.00441047 	
0.29	2.05434 	-0.0905918 	-1.56493 	0.000371959 	-0.0990952 	0.00440791 	
0.295	2.0546 	-0.0906888 	-1.56486 	0.000366232 	-0.0991108 	0.00440551 	
0.3	2.05485 	-0.0907783 	-1.56478 	0.000360905 	-0.0991256 	0.00440326 	
0.305	2.05509 	-0.0908607 	-1.56471 	0.000355949 	-0.0991399 	0.00440113 	
0.31	2.05531 	-0.0909367 	-1.56463 	0.000351337 	-0.0991535 	0.00439913 	
0.315	2.05387 	-0.089624 	-1.56695 	0.000412758 	-0.0991699 	0.00438872 	
0.32	2.05439 	-0.0897586 	-1.56703 	0.000405171 	-0.0991951 	0.00438597 	
0.325	2.05482 	-0.0898964 	-1.56702 	0.000397264 	-0.0992179 	0.00438288 	
0.33	2.05514 	-0.0900154 	-1.56694 	0.000390263 	-0.0992366 	0.00437994 	
0.335	2.05544 	-0.0901252 	-1.56686 	0.000383755 	-0.0992544 	0.00437717 	
0.34	2.05572 	-0.0902264 	-1.56678 	0.000377702 	-0.0992714 	0.00437458 	
0.345	2.05558 	-0.0897896 	-1.56611 	0.000330658 	-0.0992347 	0.00443029 	
0.35	2.05421 	-0.0885277 	-1.56837 	0.000389858 	-0.0992535 	0.00442007 	
0.355	2.05476 	-0.0886756 	-1.56843 	0.000381458 	-0.0992807 	0.00441695 	
0.36	2.05522 	-0.0888256 	-1.56841 	0.000372803 	-0.0993055 	0.0044135 	
0.365	2.05558 	-0.088956 	-1.56832 	0.000365103 	-0.0993262 	0.00441023 	
0.37	2.05591 	-0.0890763 	-1.56823 	0.000357944 	-0.0993459 	0.00440715 	
0.375	2.05622 	-0.0891872 	-1.56813 	0.000351287 	-0.0993647 	0.00440426 	
0.38	2.05652 	-0.0892895 	-1.56804 	0.000345096 	-0.0993826 	0.00440155 	
0.385	2.05504 	-0.0879243 	-1.5705 	0.000409483 	-0.0994034 	0.00439081 	
0.39	2.05565 	-0.0880868 	-1.57057 	0.000400237 	-0.0994338 	0.00438735 	
0.395	2.05616 	-0.088251 	-1.57055 	0.000390739 	-0.0994611 	0.00438353 	
0.4	2.05655 	-0.0883934 	-1.57045 	0.000382301 	-0.0994838 	0.0043799 	
0.405	2.05691 	-0.0885248 	-1.57035 	0.000374458 	-0.0995053 	0.00437649 	
0.41	2.05725 	-0.0886459 	-1.57024 	0.000367166 	-0.0995259 	0.00437329 	
0.415	2.05591 	-0.0873878 	-1.57254 	0.000426593 	-0.0995488 	0.00436298 	
0.42	2.05654 	-0.0875618 	-1.5726 	0.000416624 	-0.0995805 	0.00435915 	
0.425	2.05707 	-0.0877361 	-1.57256 	0.00040649 	-0.0996093 	0.004355 	
0.43	2.05748 	-0.0878886 	-1.57245 	0.000397433 	-0.0996336 	0.00435106 	
0.435	2.05787 	-0.0880292 	-1.57234 	0.000389016 	-0.0996567 	0.00434737 	
0.44	2.05824 	-0.0881588 	-1.57222 	0.000381191 	-0.0996788 	0.00434389 	
0.445	2.05683 	-0.0868388 	-1.57466 	0.000443878 	-0.0997034 	0.00433336 	
0.45	2.0575 	-0.0870247 	-1.57471 	0.000433205 	-0.0997375 	0.00432923 	
0.455	2.05807 	-0.0872106 	-1.57467 	0.000422377 	-0.0997683 	0.00432476 	
0.46	2.05851 	-0.0873729 	-1.57456 	0.000412708 	-0.0997942 	0.00432051 	
0.465	2.05892 	-0.0875226 	-1.57444 	0.000403723 	-0.0998189 	0.00431651 	
0.47	2.05932 	-0.0876606 	-1.57431 	0.00039537 	-0.0998424 	0.00431277 	
0.475	2.05781 	-0.0862657 	-1.5769 	0.000462022 	-0.0998687 	0.00430202 	
0.48	2.05855 	-0.0864643 	-1.57697 	0.000450604 	-0.0999053 	0.00429758 	
0.485	2.05915 	-0.0866624 	-1.57693 	0.000439036 	-0.0999382 	0.00429276 	
0.49	2.05962 	-0.0868351 	-1.5768 	0.00042872 	-0.0999657 	0.00428817 	
0.495	2.06006 	-0.0869944 	-1.57667 	0.000419134 	-0.0999919 	0.00428386 	
0.5	2.05879 	-0.0857849 	-1.57896 	0.00047693 	-0.10002 	0.00427379 	
0.505	2.05951 	-0.0859923 	-1.57899 	0.000464914 	-0.100057 	0.00426896 	
0.51	2.06012 	-0.0861977 	-1.57893 	0.000452861 	-0.100091 	0.00426384 	
0.515	2.06061 	-0.0863786 	-1.5788 	0.000442035 	-0.10012 	0.00425898 	
0.52	2.06107 	-0.0865455 	-1.57866 	0.000431977 	-0.100147 	0.00425442 	
0.525	2.05977 	-0.0853108 	-1.58102 	0.000491291 	-0.100177 	0.00424436 	
0.53	2.06052 	-0.0855271 	-1.58105 	0.000478734 	-0.100215 	0.00423928 	
0.535	2.06116 	-0.0857409 	-1.58099 	0.000466156 	-0.10025 	0.00423389 	
0.54	2.06167 	-0.0859292 	-1.58085 	0.000454861 	-0.10028 	0.00422876 	
0.545	2.06215 	-0.0861028 	-1.58071 	0.000444367 	-0.100309 	0.00422396 	
0.55	2.0608 	-0.0848246 	-1.58316 	0.000506154 	-0.10034 	0.00421391 	
0.555	2.06159 	-0.0850503 	-1.5832 	0.00049303 	-0.10038 	0.00420857 	
0.56	2.06226 	-0.0852732 	-1.58314 	0.000479892 	-0.100417 	0.00420288 	
0.565	2.06279 	-0.0854693 	-1.58299 	0.000468102 	-0.100448 	0.00419748 	
0.57	2.06329 	-0.0856501 	-1.58284 	0.000457151 	-0.100478 	0.00419241 	
0.575	2.06188 	-0.084329 	-1.58539 	0.000521429 	-0.10051 	0.00418241 	
0.58	2.06271 	-0.0845644 	-1.58544 	0.000507714 	-0.100552 	0.00417679 	
0.585	2.0634 	-0.0847967 	-1.58537 	0.000493994 	-0.10059 	0.0041708 	
0.59	2.06395 	-0.0850009 	-1.58521 	0.000481689 	-0.100623 	0.00416511 	
0.595	2.06447 	-0.0851892 	-1.58506 	0.000470261 	-0.100653 	0.00415977 	
0.6	2.06301 	-0.0838275 	-1.58771 	0.000536964 	-0.100687 	0.00414986 	
0.605	2.06387 	-0.0840729 	-1.58776 	0.000522641 	-0.100731 	0.00414396 	
0.61	2.0646 	-0.0843149 	-1.58769 	0.000508325 	-0.100771 	0.00413765 	
0.615	2.06517 	-0.0845274 	-1.58753 	0.000495493 	-0.100804 	0.00413165 	
0.62	2.06405 	-0.0834312 	-1.58974 	0.000549049 	-0.100839 	0.00412232 	
0.625	2.06487 	-0.0836828 	-1.58973 	0.000534251 	-0.100883 	0.00411599 	
0.63	2.06558 	-0.0839291 	-1.58964 	0.000519609 	-0.100922 	0.00410942 	
0.635	2.06617 	-0.0841478 	-1.58947 	0.000506382 	-0.100957 	0.00410318 	
0.64	2.06505 	-0.0830566 	-1.5917 	0.000559961 	-0.100993 	0.00409401 	
0.645	2.06579 	-0.0831829 	-1.59154 	0.000534579 	-0.101024 	0.00410212 	
0.65	2.06652 	-0.0834346 	-1.59144 	0.00051958 	-0.101065 	0.00409532 	
0.655	2.06712 	-0.0836582 	-1.59127 	0.000506029 	-0.1011 	0.00408888 	
0.66	2.06598 	-0.0825479 	-1.59355 	0.000560904 	-0.101137 	0.00407988 	
0.665	2.06685 	-0.0828114 	-1.59354 	0.000545341 	-0.101182 	0.00407313 	
0.67	2.0676 	-0.083069 	-1.59345 	0.00052996 	-0.101224 	0.00406612 	
0.675	2.06821 	-0.0832978 	-1.59327 	0.000516067 	-0.10126 	0.00405946 	
0.68	2.06704 	-0.0821673 	-1.5956 	0.000572305 	-0.101298 	0.00405063 	
0.685	2.06793 	-0.0824374 	-1.5956 	0.000556331 	-0.101344 	0.00404366 	
0.69	2.06869 	-0.0827012 	-1.5955 	0.000540546 	-0.101387 	0.0040364 	
0.695	2.06932 	-0.0829354 	-1.59532 	0.000526294 	-0.101424 	0.00402952 	
0.7	2.06812 	-0.0817861 	-1.5977 	0.000583854 	-0.101462 	0.00402088 	
0.705	2.06903 	-0.0820628 	-1.5977 	0.000567455 	-0.10151 	0.00401369 	
0.71	2.06982 	-0.0823332 	-1.5976 	0.000551253 	-0.101554 	0.00400618 	
0.715	2.07046 	-0.082573 	-1.59742 	0.000536629 	-0.101592 	0.00399906 	
0.72	2.06923 	-0.0814063 	-1.59986 	0.000595462 	-0.101631 	0.00399064 	
0.725	2.07017 	-0.0816898 	-1.59986 	0.000578628 	-0.10168 	0.00398321 	
0.73	2.07097 	-0.0819667 	-1.59975 	0.000562001 	-0.101724 	0.00397545 	
0.735	2.07163 	-0.0822123 	-1.59956 	0.000546998 	-0.101763 	0.00396807 	
0.74	2.07037 	-0.0810296 	-1.60205 	0.000607059 	-0.101803 	0.0039599 	
0.745	2.07133 	-0.08132 	-1.60206 	0.000589785 	-0.101853 	0.00395223 	
0.75	2.07215 	-0.0816036 	-1.60195 	0.000572727 	-0.101899 	0.00394421 	
0.755	2.07282 	-0.081855 	-1.60176 	0.00055734 	-0.101938 	0.00393658 	
0.76	2.07154 	-0.0806575 	-1.6043 	0.000618585 	-0.101979 	0.00392869 	
0.765	2.07252 	-0.0809549 	-1.6043 	0.000600868 	-0.10203 	0.00392077 	
0.77	2.07336 	-0.0812451 	-1.6042 	0.000583378 	-0.102077 	0.00391248 	
0.775	2.07404 	-0.0815023 	-1.604 	0.000567604 	-0.102117 	0.00390459 	
0.78	2.07273 	-0.0802915 	-1.60659 	0.000629991 	-0.102158 	0.003897 	
0.785	2.07373 	-0.0805957 	-1.60659 	0.000611831 	-0.102211 	0.00388883 	
0.79	2.07459 	-0.0808925 	-1.60648 	0.000593909 	-0.102258 	0.00388027 	
0.795	2.07528 	-0.0811555 	-1.60628 	0.000577749 	-0.102299 	0.00387213 	
0.8	2.07395 	-0.0799327 	-1.60891 	0.000641236 	-0.102341 	0.00386487 	
0.805	2.07497 	-0.0802437 	-1.60892 	0.000622635 	-0.102395 	0.00385645 	
0.81	2.07584 	-0.080547 	-1.60881 	0.000604282 	-0.102443 	0.00384761 	
0.815	2.07655 	-0.0808157 	-1.6086 	0.000587737 	-0.102484 	0.00383921 	
0.82	2.07519 	-0.0795822 	-1.61128 	0.000652284 	-0.102527 	0.00383232 	
0.825	2.07624 	-0.0798999 	-1.6113 	0.000633244 	-0.102582 	0.00382364 	
0.83	2.07712 	-0.0802097 	-1.61118 	0.000614464 	-0.102631 	0.00381453 	
0.835	2.07784 	-0.080484 	-1.61097 	0.000597537 	-0.102673 	0.00380586 	
0.84	2.07646 	-0.0792411 	-1.61369 	0.000663102 	-0.102717 	0.00379936 	
0.845	2.07752 	-0.0795654 	-1.6137 	0.000643629 	-0.102772 	0.00379043 	
0.85	2.07843 	-0.0798814 	-1.61359 	0.000624425 	-0.102822 	0.00378104 	
0.855	2.07915 	-0.0801614 	-1.61337 	0.00060712 	-0.102865 	0.0037721 	
0.86	2.07775 	-0.0789102 	-1.61614 	0.000673662 	-0.102909 	0.00376603 	
0.865	2.07883 	-0.0792409 	-1.61615 	0.00065376 	-0.102966 	0.00375684 	
0.87	2.07975 	-0.0795632 	-1.61603 	0.000634138 	-0.103016 	0.00374718 	
0.875	2.08049 	-0.0798486 	-1.61581 	0.000616458 	-0.10306 	0.00373797 	
0.88	2.07906 	-0.0785905 	-1.61862 	0.000683936 	-0.103105 	0.00373235 	
0.885	2.08016 	-0.0789276 	-1.61863 	0.000663612 	-0.103162 	0.00372291 	
0.89	2.08109 	-0.079256 	-1.61851 	0.000643577 	-0.103213 	0.00371297 	
0.895	2.08184 	-0.0795467 	-1.61829 	0.000625528 	-0.103257 	0.00370349 	
0.9	2.08039 	-0.0782828 	-1.62113 	0.0006939 	-0.103303 	0.00369835 	
0.905	2.08151 	-0.0786261 	-1.62115 	0.000673159 	-0.103361 	0.00368865 	
0.91	2.08245 	-0.0789604 	-1.62103 	0.000652718 	-0.103413 	0.00367843 	
0.915	2.08151 	-0.0780628 	-1.6232 	0.000701096 	-0.103461 	0.00367207 	
0.92	2.08254 	-0.0784094 	-1.62313 	0.000679996 	-0.103516 	0.00366176 	
0.925	2.08345 	-0.0787443 	-1.62298 	0.000659426 	-0.103567 	0.00365127 	
0.93	2.08422 	-0.079044 	-1.62275 	0.000640747 	-0.103612 	0.00364134 	
0.935	2.08334 	-0.0785188 	-1.6264 	0.000763639 	-0.10373 	0.00355588 	
0.94	2.08447 	-0.0788701 	-1.62641 	0.00074232 	-0.103789 	0.00354577 	
0.945	2.08543 	-0.0792119 	-1.62629 	0.000721328 	-0.103842 	0.00353513 	
0.95	2.08447 	-0.0783139 	-1.6285 	0.000770489 	-0.10389 	0.00352937 	
0.955	2.08553 	-0.0786686 	-1.62844 	0.000748808 	-0.103946 	0.00351866 	
0.96	2.08646 	-0.0790112 	-1.62828 	0.000727674 	-0.103998 	0.00350774 	
0.965	2.08553 	-0.0781452 	-1.63044 	0.000775375 	-0.104047 	0.00350213 	
0.97	2.08659 	-0.078502 	-1.63038 	0.00075351 	-0.104103 	0.00349124 	
0.975	2.08752 	-0.0788465 	-1.63022 	0.000732217 	-0.104155 	0.00348018 	
0.98	2.08659 	-0.0779827 	-1.6324 	0.00078016 	-0.104204 	0.00347489 	
0.985	2.08766 	-0.0783419 	-1.63233 	0.000758114 	-0.104261 	0.00346387 	
0.99	2.0886 	-0.0786885 	-1.63217 	0.000736644 	-0.104313 	0.00345266 	
0.995	2.08766 	-0.0778247 	-1.63437 	0.000784965 	-0.104363 	0.0034477 	
1	2.08873 	-0.0781863 	-1.6343 	0.000762725 	-0.10442 	0.00343654 	
1.005	2.08968 	-0.0785354 	-1.63414 	0.000741064 	-0.104473 	0.00342518 	
1.01	2.08873 	-0.077672 	-1.63635 	0.000789747 	-0.104522 	0.00342056 	
1.015	2.08981 	-0.0780363 	-1.63629 	0.000767302 	-0.10458 	0.00340925 	
1.02	2.09076 	-0.078388 	-1.63613 	0.00074544 	-0.104633 	0.00339772 	
1.025	2.08981 	-0.0775257 	-1.63835 	0.000794454 	-0.104682 	0.00339345 	
1.03	2.0909 	-0.0778928 	-1.63829 	0.000771797 	-0.10474 	0.00338198 	
1.035	2.09185 	-0.0782471 	-1.63813 	0.000749727 	-0.104793 	0.00337029 	
1.04	2.09089 	-0.0773866 	-1.64037 	0.000799044 	-0.104843 	0.00336637 	
1.045	2.09199 	-0.0777565 	-1.64031 	0.000776168 	-0.104902 	0.00335473 	
1.05	2.09295 	-0.0781136 	-1.64015 	0.000753886 	-0.104955 	0.00334287 	
1.055	2.09198 	-0.0772554 	-1.6424 	0.000803479 	-0.105005 	0.00333929 	
1.06	2.09308 	-0.0776282 	-1.64234 	0.000780383 	-0.105064 	0.00332749 	
1.065	2.09405 	-0.0779881 	-1.64218 	0.000757885 	-0.105118 	0.00331546 	
1.07	2.09308 	-0.0771327 	-1.64444 	0.000807729 	-0.105168 	0.00331224 	
1.075	2.09419 	-0.0775084 	-1.64438 	0.000784412 	-0.105227 	0.00330027 	
1.08	2.09516 	-0.0778711 	-1.64422 	0.000761699 	-0.105281 	0.00328807 	
1.085	2.09418 	-0.0770191 	-1.6465 	0.00081177 	-0.105331 	0.0032852 	
1.09	2.09529 	-0.0773977 	-1.64643 	0.000788231 	-0.105391 	0.00327307 	
1.095	2.09627 	-0.0777631 	-1.64627 	0.000765304 	-0.105445 	0.00326069 	
1.1	2.09528 	-0.0769151 	-1.64856 	0.00081558 	-0.105495 	0.00325818 	
1.105	2.0964 	-0.0772964 	-1.6485 	0.000791822 	-0.105555 	0.00324588 	
1.11	2.09738 	-0.0776645 	-1.64833 	0.000768682 	-0.105609 	0.00323333 	
1.115	2.09639 	-0.0768208 	-1.65063 	0.00081914 	-0.10566 	0.0032312 	
1.12	2.09751 	-0.077205 	-1.65057 	0.000795167 	-0.10572 	0.00321873 	
1.125	2.0985 	-0.0775757 	-1.65041 	0.000771817 	-0.105775 	0.003206 	
1.13	2.0975 	-0.0767369 	-1.65271 	0.000822436 	-0.105826 	0.00320424 	
1.135	2.09863 	-0.0771237 	-1.65265 	0.00079825 	-0.105886 	0.00319161 	
1.14	2.09962 	-0.077497 	-1.65248 	0.000774694 	-0.10594 	0.00317871 	
1.145	2.09862 	-0.0766634 	-1.6548 	0.000825455 	-0.105992 	0.00317733 	
1.15	2.09975 	-0.0770528 	-1.65473 	0.00080106 	-0.106052 	0.00316453 	
1.155	2.10074 	-0.0774286 	-1.65457 	0.000777302 	-0.106107 	0.00315147 	
1.16	2.09973 	-0.0766006 	-1.65689 	0.000828183 	-0.106158 	0.00315046 	
1.165	2.10087 	-0.0769926 	-1.65683 	0.000803585 	-0.106218 	0.00313751 	
1.17	2.10187 	-0.0773708 	-1.65666 	0.00077963 	-0.106273 	0.00312427 	
1.175	2.10085 	-0.0765489 	-1.65898 	0.000830612 	-0.106325 	0.00312366 	
1.18	2.10199 	-0.0769432 	-1.65892 	0.000805816 	-0.106385 	0.00311054 	
1.185	2.10299 	-0.0773237 	-1.65876 	0.000781669 	-0.10644 	0.00309715 	
1.19	2.10197 	-0.0765083 	-1.66109 	0.000832731 	-0.106492 	0.00309692 	
1.195	2.10311 	-0.0769049 	-1.66102 	0.000807744 	-0.106552 	0.00308365 	
1.2	2.10411 	-0.0772876 	-1.66086 	0.000783411 	-0.106608 	0.00307009 	
1.205	2.10309 	-0.076479 	-1.66319 	0.000834534 	-0.106659 	0.00307026 	
1.21	2.10424 	-0.0768778 	-1.66313 	0.000809362 	-0.10672 	0.00305683 	
1.215	2.10524 	-0.0772626 	-1.66296 	0.000784849 	-0.106775 	0.00304312 	
1.22	2.10422 	-0.0764612 	-1.6653 	0.000836014 	-0.106826 	0.00304369 	
1.225	2.10536 	-0.0768621 	-1.66524 	0.000810662 	-0.106887 	0.00303011 	
1.23	2.10637 	-0.0772488 	-1.66507 	0.000785976 	-0.106943 	0.00301625 	
1.235	2.10534 	-0.0764549 	-1.66741 	0.000837163 	-0.106994 	0.00301721 	
1.24	2.10648 	-0.0768578 	-1.66734 	0.00081164 	-0.107055 	0.00300349 	
1.245	2.10749 	-0.0772464 	-1.66717 	0.000786788 	-0.10711 	0.00298948 	
1.25	2.10646 	-0.0764603 	-1.66952 	0.000837977 	-0.107162 	0.00299084 	
1.255	2.1076 	-0.076865 	-1.66945 	0.000812289 	-0.107223 	0.00297698 	
1.26	2.10861 	-0.0772554 	-1.66928 	0.000787277 	-0.107278 	0.00296282 	
1.265	2.10717 	-0.0759417 	-1.671 	0.000797539 	-0.107276 	0.00302715 	
1.27	2.10832 	-0.0763481 	-1.67094 	0.000771694 	-0.107337 	0.00301316 	
1.275	2.10933 	-0.0767401 	-1.67077 	0.00074653 	-0.107392 	0.00299886 	
1.28	2.10829 	-0.0759708 	-1.67311 	0.000797708 	-0.107444 	0.00300107 	
1.285	2.10944 	-0.0763787 	-1.67304 	0.000771714 	-0.107505 	0.00298694 	
1.29	2.11044 	-0.0767722 	-1.67287 	0.000746405 	-0.10756 	0.0029725 	
1.295	2.10941 	-0.0760117 	-1.67521 	0.000797529 	-0.107612 	0.00297512 	
1.3	2.11055 	-0.0764211 	-1.67515 	0.000771394 	-0.107672 	0.00296086 	
1.305	2.11156 	-0.076816 	-1.67498 	0.000745948 	-0.107728 	0.00294629 	
1.31	2.11053 	-0.0760645 	-1.67731 	0.000796999 	-0.107779 	0.00294931 	
1.315	2.11167 	-0.0764752 	-1.67725 	0.00077073 	-0.10784 	0.00293493 	
1.32	2.11268 	-0.0768713 	-1.67708 	0.000745155 	-0.107895 	0.00292024 	
1.325	2.11164 	-0.0761291 	-1.67941 	0.000796114 	-0.107946 	0.00292366 	
1.33	2.11278 	-0.0765409 	-1.67935 	0.00076972 	-0.108007 	0.00290915 	
1.335	2.11379 	-0.0769382 	-1.67918 	0.000744025 	-0.108062 	0.00289434 	
1.34	2.11275 	-0.0762056 	-1.68151 	0.000794872 	-0.108113 	0.00289816 	
1.345	2.11389 	-0.0766184 	-1.68144 	0.000768362 	-0.108174 	0.00288355 	
1.35	2.1149 	-0.0770166 	-1.68127 	0.000742554 	-0.108229 	0.00286863 	
1.355	2.11386 	-0.0762938 	-1.6836 	0.000793271 	-0.10828 	0.00287284 	
1.36	2.115 	-0.0767075 	-1.68353 	0.000766654 	-0.10834 	0.00285812 	
1.365	2.116 	-0.0771066 	-1.68336 	0.000740742 	-0.108395 	0.00284309 	
1.37	2.11496 	-0.0763938 	-1.68568 	0.00079131 	-0.108446 	0.0028477 	
1.375	2.1161 	-0.0768083 	-1.68562 	0.000764595 	-0.108506 	0.00283288 	
1.38	2.1171 	-0.077208 	-1.68544 	0.000738588 	-0.108561 	0.00281774 	
1.385	2.11606 	-0.0765055 	-1.68776 	0.000788989 	-0.108612 	0.00282275 	
1.39	2.11719 	-0.0769206 	-1.68769 	0.000762184 	-0.108672 	0.00280783 	
1.395	2.11819 	-0.0773209 	-1.68752 	0.000736091 	-0.108726 	0.00279259 	
1.4	2.11716 	-0.0766288 	-1.68983 	0.000786305 	-0.108777 	0.00279799 	
1.405	2.11828 	-0.0770443 	-1.68976 	0.000759421 	-0.108836 	0.00278298 	
1.41	2.11928 	-0.077445 	-1.68959 	0.000733251 	-0.108891 	0.00276765 	
1.415	2.11825 	-0.0767637 	-1.69189 	0.00078326 	-0.108941 	0.00277344 	
1.42	2.11937 	-0.0771795 	-1.69182 	0.000756306 	-0.109001 	0.00275834 	
1.425	2.12036 	-0.0775804 	-1.69164 	0.000730067 	-0.109055 	0.00274293 	
1.43	2.11933 	-0.0769099 	-1.69394 	0.000779853 	-0.109105 	0.00274909 	
1.435	2.12045 	-0.0773259 	-1.69387 	0.000752839 	-0.109164 	0.00273391 	
1.44	2.12144 	-0.077727 	-1.69369 	0.000726542 	-0.109218 	0.00271843 	
1.445	2.12041 	-0.0770675 	-1.69598 	0.000776086 	-0.109268 	0.00272497 	
1.45	2.12152 	-0.0774834 	-1.69591 	0.00074902 	-0.109327 	0.00270971 	
1.455	2.12251 	-0.0778845 	-1.69573 	0.000722675 	-0.109381 	0.00269415 	
1.46	2.12148 	-0.0772362 	-1.698 	0.000771959 	-0.109431 	0.00270106 	
1.465	2.12259 	-0.077652 	-1.69794 	0.000744852 	-0.109489 	0.00268574 	
1.47	2.12357 	-0.0780529 	-1.69776 	0.000718467 	-0.109543 	0.00267012 	
1.475	2.12255 	-0.0774159 	-1.70002 	0.000767473 	-0.109592 	0.00267739 	
1.48	2.12365 	-0.0778313 	-1.69995 	0.000740337 	-0.109651 	0.00266201 	
1.485	2.12463 	-0.078232 	-1.69978 	0.000713922 	-0.109704 	0.00264633 	
1.49	2.12361 	-0.0776064 	-1.70203 	0.000762632 	-0.109753 	0.00265395 	
1.495	2.12471 	-0.0780214 	-1.70196 	0.000735475 	-0.109811 	0.00263852 	
1.5	2.12567 	-0.0784216 	-1.70178 	0.000709041 	-0.109864 	0.00262278 	
1.505	2.12466 	-0.0778076 	-1.70402 	0.000757436 	-0.109913 	0.00263076 	
1.51	2.12575 	-0.078222 	-1.70395 	0.00073027 	-0.10997 	0.00261527 	
1.515	2.12672 	-0.0786215 	-1.70377 	0.000703827 	-0.110023 	0.0025995 	
1.52	2.12571 	-0.0780192 	-1.70599 	0.00075189 	-0.110071 	0.00260781 	
1.525	2.12679 	-0.0784328 	-1.70592 	0.000724724 	-0.110129 	0.00259228 	
1.53	2.12775 	-0.0788316 	-1.70575 	0.000698283 	-0.110181 	0.00257647 	
1.535	2.12675 	-0.0782411 	-1.70796 	0.000745995 	-0.110229 	0.00258512 	
1.54	2.12782 	-0.0786537 	-1.70788 	0.000718841 	-0.110286 	0.00256956 	
1.545	2.12877 	-0.0790516 	-1.70771 	0.000692412 	-0.110338 	0.00255372 	
1.55	2.12777 	-0.078473 	-1.7099 	0.000739756 	-0.110385 	0.00256268 	
1.555	2.12884 	-0.0788845 	-1.70983 	0.000712625 	-0.110442 	0.00254709 	
1.56	2.12979 	-0.0792814 	-1.70966 	0.000686218 	-0.110493 	0.00253123 	
1.565	2.1288 	-0.0787147 	-1.71183 	0.000733178 	-0.110541 	0.0025405 	
1.57	2.12985 	-0.0791249 	-1.71176 	0.00070608 	-0.110597 	0.00252489 	
1.575	2.13079 	-0.0795205 	-1.71159 	0.000679706 	-0.110648 	0.00250902 	
1.58	2.12981 	-0.0789659 	-1.71374 	0.000726263 	-0.110695 	0.00251859 	
1.585	2.13086 	-0.0793747 	-1.71367 	0.00069921 	-0.110751 	0.00250297 	
1.59	2.13179 	-0.079769 	-1.7135 	0.00067288 	-0.110801 	0.00248709 	
1.595	2.13081 	-0.0792263 	-1.71564 	0.000719017 	-0.110848 	0.00249695 	
1.6	2.13185 	-0.0796336 	-1.71556 	0.00069202 	-0.110903 	0.00248132 	
1.605	2.13278 	-0.0800263 	-1.71539 	0.000665745 	-0.110953 	0.00246544 	
1.61	2.13181 	-0.0794958 	-1.71751 	0.000711445 	-0.111 	0.00247558 	
1.615	2.13284 	-0.0799013 	-1.71744 	0.000684516 	-0.111054 	0.00245996 	
1.62	2.13371 	-0.0802385 	-1.71721 	0.000654261 	-0.111098 	0.0024505 	
1.625	2.13449 	-0.0805883 	-1.71696 	0.000630488 	-0.111142 	0.00243557 	
1.63	2.13298 	-0.0797842 	-1.71976 	0.000698084 	-0.111187 	0.00245472 	
1.635	2.13409 	-0.0801884 	-1.71977 	0.000671355 	-0.111244 	0.00243982 	
1.64	2.13503 	-0.080582 	-1.71964 	0.000645007 	-0.111295 	0.00242407 	
1.645	2.13403 	-0.0800544 	-1.72178 	0.000691679 	-0.111341 	0.00243553 	
1.65	2.13505 	-0.0804587 	-1.72171 	0.000664742 	-0.111394 	0.00241985 	
1.655	2.13595 	-0.0808488 	-1.72154 	0.0006385 	-0.111443 	0.00240389 	
1.66	2.13671 	-0.0811976 	-1.72129 	0.000614709 	-0.111486 	0.00238887 	
1.665	2.13523 	-0.0804321 	-1.72404 	0.0006808 	-0.11153 	0.00240867 	
1.67	2.13631 	-0.0808339 	-1.72404 	0.000654129 	-0.111586 	0.00239369 	
1.675	2.13723 	-0.081225 	-1.72391 	0.000627843 	-0.111636 	0.00237788 	
1.68	2.13799 	-0.0815714 	-1.72366 	0.000604159 	-0.111678 	0.00236288 	
1.685	2.13647 	-0.0808054 	-1.72643 	0.000671169 	-0.111721 	0.00238373 	
1.69	2.13754 	-0.0812064 	-1.72643 	0.000644503 	-0.111777 	0.00236874 	
1.695	2.13846 	-0.0815971 	-1.7263 	0.0006182 	-0.111826 	0.00235289 	
1.7	2.1392 	-0.0819429 	-1.72605 	0.000594511 	-0.111867 	0.00233785 	
1.705	2.13771 	-0.0811994 	-1.72878 	0.000660566 	-0.11191 	0.00235899 	
1.71	2.13876 	-0.0815989 	-1.72879 	0.000633946 	-0.111965 	0.00234395 	
1.715	2.13967 	-0.081988 	-1.72865 	0.000607692 	-0.112013 	0.00232809 	
1.72	2.1404 	-0.0823326 	-1.72841 	0.000584042 	-0.112054 	0.00231303 	
1.725	2.13892 	-0.0816134 	-1.73109 	0.000648947 	-0.112097 	0.00233437 	
1.73	2.13996 	-0.0820104 	-1.73109 	0.000622431 	-0.11215 	0.00231933 	
1.735	2.14085 	-0.0823972 	-1.73095 	0.000596284 	-0.112198 	0.00230348 	
1.74	2.14158 	-0.0827397 	-1.73071 	0.000572726 	-0.112239 	0.00228846 	
1.745	2.14013 	-0.0820446 	-1.73334 	0.000636449 	-0.11228 	0.00230997 	
1.75	2.14114 	-0.0824384 	-1.73334 	0.000610088 	-0.112333 	0.00229495 	
1.755	2.14202 	-0.0828221 	-1.73321 	0.000584097 	-0.11238 	0.00227916 	
1.76	2.14274 	-0.083162 	-1.73297 	0.000560673 	-0.11242 	0.0022642 	
1.765	2.14131 	-0.0824905 	-1.73555 	0.000623193 	-0.112461 	0.00228585 	
1.77	2.14231 	-0.0828805 	-1.73555 	0.00059703 	-0.112513 	0.00227089 	
1.775	2.14317 	-0.0832605 	-1.73541 	0.000571237 	-0.112559 	0.00225518 	
1.78	2.14387 	-0.0835972 	-1.73517 	0.000547987 	-0.112598 	0.00224031 	
1.785	2.14247 	-0.0829491 	-1.73771 	0.000609278 	-0.112638 	0.00226208 	
1.79	2.14345 	-0.0833347 	-1.7377 	0.000583351 	-0.112689 	0.0022472 	
1.795	2.14429 	-0.0837104 	-1.73757 	0.000557793 	-0.112734 	0.00223161 	
1.8	2.14499 	-0.0840436 	-1.73733 	0.000534749 	-0.112773 	0.00221685 	
1.805	2.14361 	-0.0834184 	-1.73982 	0.000594783 	-0.112812 	0.0022387 	
1.81	2.14457 	-0.0837993 	-1.73981 	0.000569127 	-0.112862 	0.00222393 	
1.815	2.1454 	-0.0841703 	-1.73968 	0.000543835 	-0.112906 	0.00220846 	
1.82	2.14608 	-0.0844994 	-1.73945 	0.000521029 	-0.112944 	0.00219385 	
1.825	2.14474 	-0.0838971 	-1.74188 	0.000579773 	-0.112983 	0.00221574 	
1.83	2.14567 	-0.0842726 	-1.74186 	0.000554418 	-0.113032 	0.00220109 	
1.835	2.14648 	-0.0846386 	-1.74173 	0.000529424 	-0.113075 	0.00218578 	
1.84	2.14716 	-0.0849633 	-1.74151 	0.000506881 	-0.113112 	0.00217132 	
1.845	2.14584 	-0.0843835 	-1.74389 	0.000564303 	-0.11315 	0.00219321 	
1.85	2.14675 	-0.0847534 	-1.74387 	0.000539278 	-0.113198 	0.00217871 	
1.855	2.14755 	-0.0851138 	-1.74374 	0.000514609 	-0.11324 	0.00216357 	
1.86	2.14821 	-0.0854338 	-1.74352 	0.000492356 	-0.113277 	0.00214929 	
1.865	2.14692 	-0.0848763 	-1.74584 	0.000548421 	-0.113314 	0.00217114 	
1.87	2.14781 	-0.0852402 	-1.74582 	0.000523754 	-0.11336 	0.00215679 	
1.875	2.14859 	-0.0855949 	-1.74569 	0.000499437 	-0.113402 	0.00214185 	
1.88	2.14923 	-0.0859098 	-1.74548 	0.000477496 	-0.113438 	0.00212777 	
1.885	2.14798 	-0.0853744 	-1.74775 	0.000532171 	-0.113474 	0.00214952 	
1.89	2.14885 	-0.0857319 	-1.74772 	0.000507885 	-0.113519 	0.00213536 	
1.895	2.14961 	-0.0860804 	-1.74759 	0.000483945 	-0.11356 	0.00212063 	
1.9	2.15024 	-0.08639 	-1.74738 	0.00046234 	-0.113595 	0.00210675 	
1.905	2.14901 	-0.0858765 	-1.74959 	0.000515589 	-0.11363 	0.00212837 	
1.91	2.14986 	-0.0862272 	-1.74957 	0.000491711 	-0.113674 	0.00211441 	
1.915	2.15077 	-0.0867923 	-1.74971 	0.00048469 	-0.113736 	0.00207309 	
1.92	2.15139 	-0.0870963 	-1.74951 	0.000463444 	-0.113771 	0.00205944 	
1.925	2.15019 	-0.0866043 	-1.75166 	0.000515217 	-0.113805 	0.00208087 	
1.93	2.15102 	-0.0869481 	-1.75163 	0.000491769 	-0.113848 	0.00206712 	
1.935	2.15174 	-0.0872834 	-1.75151 	0.000468654 	-0.113887 	0.00205286 	
1.94	2.15235 	-0.0875815 	-1.75131 	0.000447786 	-0.11392 	0.00203945 	
1.945	2.15292 	-0.0878548 	-1.7511 	0.000428544 	-0.113952 	0.002027 	
1.95	2.15135 	-0.0871987 	-1.7537 	0.000495607 	-0.113984 	0.00205663 	
1.955	2.15221 	-0.087535 	-1.75374 	0.000472768 	-0.114028 	0.0020437 	
1.96	2.15293 	-0.0878661 	-1.75364 	0.000449973 	-0.114067 	0.0020298 	
1.965	2.15352 	-0.0881578 	-1.75345 	0.000429516 	-0.114099 	0.00201663 	
1.97	2.15407 	-0.0884251 	-1.75325 	0.000410654 	-0.11413 	0.00200441 	
1.975	2.15252 	-0.0877877 	-1.7558 	0.000476754 	-0.114162 	0.00203422 	
1.98	2.15335 	-0.0881174 	-1.75583 	0.000454321 	-0.114204 	0.00202148 	
1.985	2.15406 	-0.0884423 	-1.75574 	0.000431915 	-0.114242 	0.0020078 	
1.99	2.15463 	-0.0887287 	-1.75555 	0.000411807 	-0.114273 	0.00199484 	
1.995	2.15517 	-0.0889912 	-1.75536 	0.000393266 	-0.114303 	0.00198282 	
2	2.15368 	-0.0883892 	-1.75781 	0.000456757 	-0.114333 	0.00201196 	
2.005	2.15447 	-0.088711 	-1.75783 	0.000434811 	-0.114374 	0.00199942 	
2.01	2.15516 	-0.0890282 	-1.75774 	0.000412898 	-0.11441 	0.001986 	
2.015	2.15571 	-0.089308 	-1.75756 	0.00039322 	-0.114441 	0.00197332 	
2.02	2.15623 	-0.0895646 	-1.75737 	0.000375076 	-0.114469 	0.00196155 	
2.025	2.1548 	-0.0889986 	-1.75973 	0.00043578 	-0.114499 	0.00198988 	
2.03	2.15556 	-0.0893113 	-1.75974 	0.000414407 	-0.114538 	0.00197759 	
2.035	2.15622 	-0.0896195 	-1.75965 	0.000393071 	-0.114573 	0.00196449 	
2.04	2.15675 	-0.0898918 	-1.75947 	0.000373901 	-0.114602 	0.00195214 	
2.045	2.15725 	-0.0901414 	-1.7593 	0.000356225 	-0.11463 	0.00194067 	
2.05	2.15589 	-0.0896106 	-1.76154 	0.000414098 	-0.114659 	0.00196812 	
2.055	2.15662 	-0.0899131 	-1.76155 	0.000393369 	-0.114696 	0.00195613 	
2.06	2.15725 	-0.0902115 	-1.76146 	0.00037268 	-0.114729 	0.00194341 	
2.065	2.15776 	-0.0904754 	-1.76129 	0.00035408 	-0.114758 	0.00193142 	
2.07	2.15825 	-0.0907173 	-1.76112 	0.000336929 	-0.114784 	0.00192031 	
2.075	2.1587 	-0.0909389 	-1.76095 	0.000321121 	-0.114809 	0.00190999 	
2.08	2.15708 	-0.0903 	-1.76349 	0.000389635 	-0.114836 	0.0019437 	
2.085	2.15782 	-0.0905914 	-1.76355 	0.000369745 	-0.114873 	0.00193254 	
2.09	2.15844 	-0.0908813 	-1.76348 	0.000349665 	-0.114906 	0.00192032 	
2.095	2.15893 	-0.0911358 	-1.76332 	0.000331704 	-0.114933 	0.00190874 	
2.1	2.15939 	-0.0913691 	-1.76316 	0.000315141 	-0.114958 	0.001898 	
2.105	2.15982 	-0.0915829 	-1.76299 	0.000299875 	-0.114982 	0.00188803 	
2.11	2.15827 	-0.0909819 	-1.76542 	0.000365322 	-0.115007 	0.00192077 	
2.115	2.15896 	-0.091262 	-1.76546 	0.000346163 	-0.115043 	0.00190995 	
2.12	2.15955 	-0.091541 	-1.7654 	0.000326813 	-0.115074 	0.00189814 	
2.125	2.16002 	-0.0917861 	-1.76525 	0.000309494 	-0.115099 	0.00188698 	
2.13	2.16044 	-0.0919822 	-1.76506 	0.000291405 	-0.115121 	0.00188011 	
2.135	2.16085 	-0.0921883 	-1.7649 	0.000276682 	-0.115143 	0.0018705 	
2.14	2.15941 	-0.0916377 	-1.76717 	0.000337667 	-0.115167 	0.00190144 	
2.145	2.16005 	-0.0919046 	-1.76721 	0.000319358 	-0.1152 	0.00189099 	
2.15	2.1606 	-0.0921706 	-1.76714 	0.000300874 	-0.115229 	0.00187968 	
2.155	2.16105 	-0.0924049 	-1.767 	0.000284313 	-0.115254 	0.00186902 	
2.16	2.16146 	-0.0926198 	-1.76686 	0.00026904 	-0.115276 	0.00185913 	
2.165	2.16186 	-0.0928168 	-1.76671 	0.000254959 	-0.115298 	0.00184996 	
2.17	2.16222 	-0.0929972 	-1.76657 	0.000241983 	-0.115318 	0.00184145 	
2.175	2.16063 	-0.0923857 	-1.76899 	0.000309167 	-0.11534 	0.00187642 	
2.18	2.16126 	-0.0926376 	-1.76905 	0.000291944 	-0.115372 	0.00186682 	
2.185	2.16179 	-0.0928907 	-1.76901 	0.000274371 	-0.1154 	0.00185616 	
2.19	2.1622 	-0.0931124 	-1.76888 	0.00025869 	-0.115422 	0.00184607 	
2.195	2.16259 	-0.0933158 	-1.76875 	0.000244226 	-0.115444 	0.00183671 	
2.2	2.16296 	-0.0935024 	-1.76861 	0.000230891 	-0.115464 	0.00182803 	
2.205	2.1633 	-0.0936733 	-1.76848 	0.000218599 	-0.115483 	0.00181998 	
2.21	2.16183 	-0.0931207 	-1.77071 	0.000280291 	-0.115503 	0.00185253 	
2.215	2.1624 	-0.0933562 	-1.77075 	0.000264134 	-0.115532 	0.00184341 	
2.22	2.16289 	-0.0935934 	-1.77071 	0.00024765 	-0.115558 	0.00183337 	
2.225	2.16328 	-0.0938016 	-1.77059 	0.00023292 	-0.115579 	0.00182391 	
2.23	2.16364 	-0.0939927 	-1.77047 	0.000219332 	-0.115598 	0.00181514 	
2.235	2.16398 	-0.0941681 	-1.77035 	0.000206802 	-0.115617 	0.001807 	
2.24	2.1643 	-0.0943288 	-1.77023 	0.00019525 	-0.115635 	0.00179945 	
2.245	2.1646 	-0.094476 	-1.77011 	0.000184605 	-0.115651 	0.00179245 	
2.25	2.16308 	-0.0939051 	-1.77236 	0.00024819 	-0.115669 	0.00182667 	
2.255	2.16362 	-0.0941214 	-1.77242 	0.000233382 	-0.115696 	0.00181843 	
2.26	2.16407 	-0.094341 	-1.77239 	0.000218128 	-0.11572 	0.00180919 	
2.265	2.16442 	-0.0945332 	-1.77228 	0.000204535 	-0.115739 	0.00180048 	
2.27	2.16475 	-0.0947097 	-1.77218 	0.000191994 	-0.115757 	0.0017924 	
2.275	2.16506 	-0.0948718 	-1.77207 	0.000180425 	-0.115774 	0.00178491 	
2.28	2.16535 	-0.0950204 	-1.77197 	0.000169757 	-0.11579 	0.00177796 	
2.285	2.16563 	-0.0951566 	-1.77186 	0.000159922 	-0.115805 	0.00177152 	
2.29	2.16588 	-0.0952814 	-1.77175 	0.00015086 	-0.115819 	0.00176554 	
2.295	2.16612 	-0.0953956 	-1.77164 	0.000142511 	-0.115832 	0.00175999 	
2.3	2.16446 	-0.0947654 	-1.77403 	0.00021202 	-0.115847 	0.00179822 	
2.305	2.16496 	-0.0949593 	-1.77412 	0.000198825 	-0.115872 	0.00179113 	
2.31	2.16537 	-0.0951594 	-1.77411 	0.000184979 	-0.115893 	0.00178286 	
2.315	2.16568 	-0.0953332 	-1.77403 	0.000172717 	-0.11591 	0.00177503 	
2.32	2.16597 	-0.0954929 	-1.77394 	0.000161397 	-0.115926 	0.00176776 	
2.325	2.16625 	-0.0956396 	-1.77385 	0.00015095 	-0.115941 	0.00176102 	
2.33	2.1665 	-0.0957744 	-1.77376 	0.000141312 	-0.115955 	0.00175478 	
2.335	2.16674 	-0.0958981 	-1.77368 	0.000132421 	-0.115968 	0.00174898 	
2.34	2.16697 	-0.0960116 	-1.77359 	0.000124223 	-0.11598 	0.00174361 	
2.345	2.16718 	-0.0961157 	-1.7735 	0.000116664 	-0.115992 	0.00173863 	
2.35	2.16738 	-0.096211 	-1.77341 	0.000109698 	-0.116003 	0.001734 	
2.355	2.16757 	-0.0962983 	-1.77332 	0.00010328 	-0.116013 	0.00172972 	
2.36	2.16597 	-0.0956956 	-1.77557 	0.000169809 	-0.116025 	0.00176691 	
2.365	2.16639 	-0.0958605 	-1.77566 	0.000158626 	-0.116046 	0.00176097 	
2.37	2.16674 	-0.0960331 	-1.77567 	0.000146717 	-0.116064 	0.00175391 	
2.375	2.167 	-0.0961828 	-1.7756 	0.000136195 	-0.116078 	0.00174723 	
2.38	2.16725 	-0.0963206 	-1.77554 	0.000126476 	-0.116091 	0.00174103 	
2.385	2.16747 	-0.0964475 	-1.77548 	0.0001175 	-0.116104 	0.00173529 	
2.39	2.16769 	-0.0965642 	-1.77541 	0.00010921 	-0.116115 	0.00172997 	
2.395	2.16789 	-0.0966715 	-1.77535 	0.000101556 	-0.116126 	0.00172503 	
2.4	2.16807 	-0.0967703 	-1.77528 	9.44905e-05 	-0.116136 	0.00172045 	
2.405	2.16825 	-0.096861 	-1.77522 	8.79683e-05 	-0.116146 	0.00171621 	
2.41	2.16852 	-0.097092 	-1.77534 	9.27407e-05 	-0.11617 	0.00169441 	
2.415	2.16867 	-0.0971686 	-1.77528 	8.71862e-05 	-0.116178 	0.00169076 	
2.42	2.16882 	-0.0972389 	-1.77522 	8.20613e-05 	-0.116186 	0.00168737 	
2.425	2.16895 	-0.0973035 	-1.77516 	7.7333e-05 	-0.116193 	0.00168424 	
2.43	2.16908 	-0.0973628 	-1.7751 	7.29707e-05 	-0.1162 	0.00168133 	
2.435	2.16919 	-0.0974172 	-1.77504 	6.89477e-05 	-0.116207 	0.00167863 	
2.44	2.1693 	-0.0974671 	-1.77499 	6.5237e-05 	-0.116213 	0.00167613 	
2.445	2.16941 	-0.0975129 	-1.77493 	6.18145e-05 	-0.116219 	0.00167381 	
2.45	2.1695 	-0.0975548 	-1.77488 	5.86587e-05 	-0.116224 	0.00167166 	
2.455	2.16959 	-0.0975933 	-1.77483 	5.57489e-05 	-0.116229 	0.00166966 	
2.46	2.16968 	-0.0976286 	-1.77478 	5.30657e-05 	-0.116234 	0.00166781 	
2.465	2.16976 	-0.097661 	-1.77473 	5.05915e-05 	-0.116238 	0.0016661 	
2.47	2.16983 	-0.0976906 	-1.77469 	4.83098e-05 	-0.116243 	0.00166451 	
2.475	2.1699 	-0.0977178 	-1.77464 	4.62052e-05 	-0.116247 	0.00166304 	
2.48	2.1682 	-0.0970665 	-1.77693 	0.000116684 	-0.116253 	0.00170334 	
2.485	2.16851 	-0.0971811 	-1.77706 	0.000109133 	-0.116268 	0.00169978 	
2.49	2.16876 	-0.0973083 	-1.77711 	0.000100557 	-0.11628 	0.00169492 	
2.495	2.16893 	-0.0974168 	-1.7771 	9.30993e-05 	-0.116289 	0.00169031 	
2.5	2.16909 	-0.0975172 	-1.77708 	8.61918e-05 	-0.116297 	0.00168604 	
2.505	2.16923 	-0.0976102 	-1.77707 	7.97924e-05 	-0.116305 	0.00168208 	
2.51	2.16937 	-0.0976963 	-1.77705 	7.38621e-05 	-0.116312 	0.00167841 	
2.515	2.16949 	-0.0977763 	-1.77704 	6.83569e-05 	-0.116319 	0.001675 	
2.52	2.16961 	-0.0978511 	-1.77703 	6.32192e-05 	-0.116325 	0.00167183 	
2.525	2.16972 	-0.0979208 	-1.77702 	5.84359e-05 	-0.11633 	0.00166888 	
2.53	2.16982 	-0.0979859 	-1.77701 	5.39714e-05 	-0.116336 	0.00166613 	
2.535	2.16991 	-0.0980469 	-1.777 	4.97913e-05 	-0.11634 	0.00166356 	
2.54	2.17 	-0.0981042 	-1.77699 	4.58727e-05 	-0.116345 	0.00166116 	
2.545	2.17009 	-0.0981582 	-1.77698 	4.21855e-05 	-0.116349 	0.00165891 	
2.55	2.17017 	-0.0982094 	-1.77698 	3.87025e-05 	-0.116354 	0.0016568 	
2.555	2.17024 	-0.0982581 	-1.77697 	3.53989e-05 	-0.116358 	0.0016548 	
2.56	2.17032 	-0.0983047 	-1.77697 	3.22518e-05 	-0.116361 	0.00165291 	
2.565	2.17039 	-0.0983495 	-1.77696 	2.92396e-05 	-0.116365 	0.00165111 	
2.57	2.17046 	-0.0983927 	-1.77696 	2.63425e-05 	-0.116368 	0.00164939 	
2.575	2.17053 	-0.0984347 	-1.77696 	2.35424e-05 	-0.116372 	0.00164775 	
2.58	2.17059 	-0.0984757 	-1.77695 	2.0822e-05 	-0.116375 	0.00164616 	
2.585	2.17066 	-0.098516 	-1.77695 	1.81658e-05 	-0.116378 	0.00164463 	
2.59	2.17072 	-0.0985558 	-1.77695 	1.55591e-05 	-0.116381 	0.00164314 	
2.595	2.17079 	-0.0985952 	-1.77695 	1.29884e-05 	-0.116384 	0.00164169 	
2.6	2.17085 	-0.0986346 	-1.77695 	1.04376e-05 	-0.116387 	0.00164027 	
2.605	2.17092 	-0.0986742 	-1.77695 	7.88661e-06 	-0.11639 	0.00163886 	
2.61	2.17099 	-0.0987141 	-1.77696 	5.33341e-06 	-0.116393 	0.00163746 	
2.615	2.17106 	-0.0987543 	-1.77696 	2.7737e-06 	-0.116396 	0.00163608 	
2.62	2.17113 	-0.098795 	-1.77696 	1.96297e-07 	-0.1164 	0.0016347 	
2.625	2.1712 	-0.0988363 	-1.77697 	-2.40736e-06 	-0.116403 	0.00163332 	
2.63	2.17127 	-0.0988783 	-1.77697 	-5.04515e-06 	-0.116406 	0.00163193 	
2.635	2.17135 	-0.0989212 	-1.77698 	-7.72438e-06 	-0.116409 	0.00163054 	
2.64	2.17142 	-0.0989651 	-1.77698 	-1.04518e-05 	-0.116412 	0.00162913 	
2.645	2.1715 	-0.09901 	-1.77699 	-1.32337e-05 	-0.116416 	0.00162771 	
2.65	2.17158 	-0.099056 	-1.77699 	-1.60758e-05 	-0.116419 	0.00162626 	
2.655	2.17166 	-0.0991033 	-1.777 	-1.89834e-05 	-0.116423 	0.00162479 	
2.66	2.17175 	-0.0991518 	-1.77701 	-2.19615e-05 	-0.116426 	0.0016233 	
2.665	2.17184 	-0.0992017 	-1.77702 	-2.50147e-05 	-0.11643 	0.00162178 	
2.67	2.17193 	-0.099253 	-1.77703 	-2.81471e-05 	-0.116433 	0.00162022 	
2.675	2.17202 	-0.0993058 	-1.77704 	-3.13626e-05 	-0.116437 	0.00161863 	
2.68	2.17212 	-0.0993601 	-1.77705 	-3.46649e-05 	-0.116441 	0.00161701 	
2.685	2.17222 	-0.099416 	-1.77706 	-3.80572e-05 	-0.116445 	0.00161535 	
2.69	2.17232 	-0.0994735 	-1.77707 	-4.15425e-05 	-0.11645 	0.00161365 	
2.695	2.17243 	-0.0995327 	-1.77708 	-4.51236e-05 	-0.116454 	0.0016119 	
2.7	2.17254 	-0.0995936 	-1.7771 	-4.88032e-05 	-0.116458 	0.00161012 	
2.705	2.17265 	-0.0996563 	-1.77711 	-5.25836e-05 	-0.116463 	0.00160829 	
2.71	2.17276 	-0.0997207 	-1.77712 	-5.64669e-05 	-0.116467 	0.00160642 	
2.715	2.17288 	-0.0997869 	-1.77714 	-6.04551e-05 	-0.116472 	0.0016045 	
2.72	2.173 	-0.099855 	-1.77715 	-6.45502e-05 	-0.116477 	0.00160253 	
2.725	2.17313 	-0.0999249 	-1.77717 	-6.87537e-05 	-0.116482 	0.00160051 	
2.73	2.17326 	-0.0999967 	-1.77719 	-7.30671e-05 	-0.116487 	0.00159845 	
2.735	2.17339 	-0.10007 	-1.7772 	-7.74919e-05 	-0.116493 	0.00159633 	
2.74	2.17589 	-0.100056 	-1.77437 	-7.44429e-05 	-0.116498 	0.00159976 	
2.745	2.17601 	-0.100156 	-1.77448 	-8.01866e-05 	-0.116501 	0.00159669 	
2.75	2.17601 	-0.100248 	-1.7745 	-8.57192e-05 	-0.1165 	0.00159371 	
2.755	2.17598 	-0.100336 	-1.77448 	-9.10072e-05 	-0.116498 	0.00159092 	
2.76	2.17597 	-0.100425 	-1.77447 	-9.63816e-05 	-0.116497 	0.00158811 	
2.765	2.17597 	-0.100515 	-1.77446 	-0.000101845 	-0.116496 	0.00158528 	
2.77	2.17598 	-0.100607 	-1.77446 	-0.000107401 	-0.116497 	0.00158243 	
2.775	2.17601 	-0.100701 	-1.77445 	-0.000113052 	-0.116497 	0.00157954 	
2.78	2.17606 	-0.100797 	-1.77445 	-0.000118799 	-0.116498 	0.00157663 	
2.785	2.17611 	-0.100894 	-1.77445 	-0.000124646 	-0.1165 	0.00157368 	
2.79	2.17618 	-0.100993 	-1.77445 	-0.000130593 	-0.116503 	0.0015707 	
2.795	2.17617 	-0.100968 	-1.77431 	-0.000145809 	-0.116493 	0.00158283 	
2.8	2.17626 	-0.101071 	-1.77432 	-0.000151957 	-0.116496 	0.00157977 	
2.805	2.17636 	-0.101175 	-1.77432 	-0.000158186 	-0.1165 	0.00157669 	
2.81	2.17647 	-0.10128 	-1.77433 	-0.000164517 	-0.116504 	0.00157357 	
2.815	2.17659 	-0.101388 	-1.77435 	-0.00017096 	-0.116508 	0.00157041 	
2.82	2.17904 	-0.101491 	-1.77154 	-0.000178704 	-0.116513 	0.00156748 	
2.825	2.17916 	-0.101614 	-1.77164 	-0.000185757 	-0.116516 	0.00156396 	
2.83	2.17917 	-0.101729 	-1.77166 	-0.000192469 	-0.116515 	0.00156051 	
2.835	2.17914 	-0.101839 	-1.77164 	-0.000199066 	-0.116513 	0.0015571 	
2.84	2.17914 	-0.101952 	-1.77163 	-0.000205799 	-0.116512 	0.00155365 	
2.845	2.17916 	-0.102067 	-1.77162 	-0.000212665 	-0.116511 	0.00155016 	
2.85	2.17919 	-0.102184 	-1.77161 	-0.000219664 	-0.116512 	0.00154662 	
2.855	2.17924 	-0.102303 	-1.77161 	-0.000226796 	-0.116513 	0.00154303 	
2.86	2.17931 	-0.102425 	-1.77161 	-0.000234058 	-0.116515 	0.0015394 	
2.865	2.17939 	-0.102549 	-1.77161 	-0.00024145 	-0.116518 	0.00153571 	
2.87	2.17949 	-0.102675 	-1.77162 	-0.000248971 	-0.116521 	0.00153198 	
2.875	2.1796 	-0.102803 	-1.77163 	-0.00025662 	-0.116525 	0.0015282 	
2.88	2.17972 	-0.102934 	-1.77164 	-0.000264397 	-0.116529 	0.00152437 	
2.885	2.1822 	-0.103069 	-1.76881 	-0.000274323 	-0.116534 	0.00152014 	
2.89	2.18234 	-0.103215 	-1.76891 	-0.000282673 	-0.116538 	0.00151601 	
2.895	2.18236 	-0.103351 	-1.76893 	-0.000290677 	-0.116536 	0.00151193 	
2.9	2.18235 	-0.103485 	-1.76891 	-0.00029859 	-0.116535 	0.00150787 	
2.905	2.18236 	-0.10362 	-1.7689 	-0.000306651 	-0.116534 	0.00150377 	
2.91	2.1824 	-0.103758 	-1.76889 	-0.00031486 	-0.116535 	0.00149961 	
2.915	2.18245 	-0.103899 	-1.76889 	-0.000323213 	-0.116536 	0.00149541 	
2.92	2.18252 	-0.104041 	-1.76889 	-0.000331707 	-0.116538 	0.00149116 	
2.925	2.18261 	-0.104187 	-1.7689 	-0.000340342 	-0.116541 	0.00148685 	
2.93	2.18272 	-0.104334 	-1.7689 	-0.000349114 	-0.116544 	0.00148249 	
2.935	2.18285 	-0.104484 	-1.76891 	-0.000358022 	-0.116548 	0.00147808 	
2.94	2.18527 	-0.104639 	-1.76613 	-0.000369063 	-0.116553 	0.00147311 	
2.945	2.18542 	-0.104804 	-1.76623 	-0.000378532 	-0.116556 	0.00146841 	
2.95	2.18545 	-0.10496 	-1.76625 	-0.00038768 	-0.116556 	0.00146375 	
2.955	2.18545 	-0.105113 	-1.76624 	-0.000396753 	-0.116554 	0.00145911 	
2.96	2.18548 	-0.105268 	-1.76623 	-0.000405979 	-0.116554 	0.00145442 	
2.965	2.18553 	-0.105426 	-1.76623 	-0.000415354 	-0.116555 	0.00144969 	
2.97	2.18561 	-0.105587 	-1.76623 	-0.000424875 	-0.116557 	0.0014449 	
2.975	2.1857 	-0.10575 	-1.76623 	-0.000434539 	-0.11656 	0.00144006 	
2.98	2.18581 	-0.105915 	-1.76624 	-0.000444343 	-0.116563 	0.00143517 	
2.985	2.18594 	-0.106082 	-1.76625 	-0.000454285 	-0.116567 	0.00143023 	
2.99	2.18839 	-0.106255 	-1.76346 	-0.000466319 	-0.116572 	0.00142459 	
2.995	2.18855 	-0.106438 	-1.76356 	-0.000476827 	-0.116576 	0.00141936 	
3	2.18859 	-0.106612 	-1.76358 	-0.000487012 	-0.116576 	0.00141418 	
3.005	2.1886 	-0.106783 	-1.76357 	-0.000497123 	-0.116575 	0.00140901 	
3.01	2.18865 	-0.106956 	-1.76357 	-0.000507385 	-0.116575 	0.00140379 	
3.015	2.18871 	-0.107131 	-1.76357 	-0.000517796 	-0.116577 	0.00139853 	
3.02	2.1888 	-0.107309 	-1.76357 	-0.00052835 	-0.116579 	0.00139322 	
3.025	2.18891 	-0.10749 	-1.76358 	-0.000539046 	-0.116582 	0.00138786 	
3.03	2.18905 	-0.107672 	-1.7636 	-0.000549879 	-0.116586 	0.00138245 	
3.035	2.18919 	-0.107857 	-1.76361 	-0.000560848 	-0.116591 	0.00137699 	
3.04	2.19184 	-0.108049 	-1.7606 	-0.000574001 	-0.116597 	0.00137063 	
3.045	2.19204 	-0.108251 	-1.76073 	-0.000585596 	-0.116602 	0.00136486 	
3.05	2.19209 	-0.108443 	-1.76076 	-0.000596801 	-0.116602 	0.00135915 	
3.055	2.19212 	-0.10863 	-1.76075 	-0.000607895 	-0.116601 	0.00135347 	
3.06	2.19217 	-0.10882 	-1.76075 	-0.000619139 	-0.116601 	0.00134774 	
3.065	2.19225 	-0.109012 	-1.76075 	-0.000630528 	-0.116603 	0.00134197 	
3.07	2.19235 	-0.109207 	-1.76076 	-0.000642058 	-0.116606 	0.00133615 	
3.075	2.19247 	-0.109404 	-1.76077 	-0.000653726 	-0.116609 	0.00133029 	
3.08	2.19262 	-0.109603 	-1.76079 	-0.000665528 	-0.116614 	0.00132438 	
3.085	2.19519 	-0.109809 	-1.75785 	-0.000679381 	-0.116619 	0.00131746 	
3.09	2.19539 	-0.110025 	-1.75797 	-0.000691786 	-0.116624 	0.00131124 	
3.095	2.19545 	-0.110231 	-1.758 	-0.000703824 	-0.116624 	0.00130509 	
3.1	2.19548 	-0.110432 	-1.758 	-0.000715763 	-0.116624 	0.00129897 	
3.105	2.19554 	-0.110637 	-1.758 	-0.000727847 	-0.116624 	0.0012928 	
3.11	2.19563 	-0.110843 	-1.75801 	-0.000740072 	-0.116626 	0.00128659 	
3.115	2.19574 	-0.111053 	-1.75802 	-0.000752435 	-0.116629 	0.00128034 	
3.12	2.19588 	-0.111264 	-1.75803 	-0.00076493 	-0.116633 	0.00127405 	
3.125	2.1983 	-0.111481 	-1.75526 	-0.000779287 	-0.116638 	0.00126667 	
3.13	2.19848 	-0.111707 	-1.75537 	-0.000792332 	-0.116643 	0.0012601 	
3.135	2.19855 	-0.111925 	-1.75541 	-0.000805062 	-0.116643 	0.00125358 	
3.14	2.19859 	-0.112139 	-1.75541 	-0.000817716 	-0.116643 	0.00124708 	
3.145	2.19867 	-0.112355 	-1.75541 	-0.000830511 	-0.116644 	0.00124054 	
3.15	2.19877 	-0.112574 	-1.75543 	-0.000843442 	-0.116646 	0.00123396 	
3.155	2.19889 	-0.112792 	-1.75544 	-0.000856314 	-0.116649 	0.00122747 	
3.16	1.7906 	0.097128 	-0.969387 	-0.0105695 	-0.0831947 	-0.00543498 	
3.165	0.593546 	0.712111 	1.33224 	-0.0389554 	0.0147436 	-0.0249523 	
3.17	0.521121 	0.74994 	1.58635 	-0.0448681 	0.0239492 	-0.0231225 	
3.175	-0.0261977 	1.02692 	2.94848 	-0.0695561 	0.077664 	-0.023319 	
3.18	-0.44587 	1.18116 	3.7018 	-0.0747368 	0.110761 	-0.0270362 	
3.185	-1.17084 	1.42472 	5.23347 	-0.0851302 	0.173962 	-0.0259877 	
3.19	-1.37249 	1.52054 	5.705 	-0.0914597 	0.192773 	-0.0250058 	
3.195	-1.97396 	1.75645 	7.06229 	-0.103196 	0.247488 	-0.0256437 	
3.2	-2.21864 	1.58722 	7.46891 	-0.0748403 	0.265222 	-0.0251881 	
3.205	-2.96127 	1.37222 	8.71804 	-0.0317318 	0.320029 	-0.0228551 	
3.21	-3.51902 	1.26965 	9.0326 	-0.010596 	0.345382 	-0.0171807 	
3.215	-3.09621 	1.22461 	8.7454 	-0.00265995 	0.323787 	-0.0247167 	
3.22	-3.12846 	1.24683 	9.03916 	0.00110064 	0.331998 	-0.0236796 	
3.225	-3.99998 	1.1643 	10.5703 	0.0235274 	0.398639 	-0.0169584 	
