0	0.310396 	-0.173758 	0.536997 	0.179623 	-1.45404 	-0.247463 	
0.005	0.310396 	-0.173758 	0.536997 	0.179623 	-1.45404 	-0.247463 	
0.01	0.310396 	-0.173758 	0.536997 	0.179623 	-1.45404 	-0.247463 	
0.015	0.310397 	-0.173758 	0.536997 	0.179623 	-1.45404 	-0.247463 	
0.02	0.310398 	-0.173759 	0.536997 	0.179623 	-1.45404 	-0.247463 	
0.025	0.3104 	-0.173759 	0.536998 	0.179623 	-1.45404 	-0.247463 	
0.03	0.310402 	-0.173759 	0.536998 	0.179623 	-1.45404 	-0.247463 	
0.035	0.310405 	-0.173759 	0.536999 	0.179623 	-1.45404 	-0.247463 	
0.04	0.310408 	-0.173759 	0.536999 	0.179623 	-1.45404 	-0.247463 	
0.045	0.310412 	-0.173759 	0.537 	0.179623 	-1.45404 	-0.247463 	
0.05	0.310417 	-0.173759 	0.537001 	0.179623 	-1.45404 	-0.247463 	
0.055	0.310422 	-0.173759 	0.537002 	0.179623 	-1.45404 	-0.247463 	
0.06	0.310428 	-0.173759 	0.537003 	0.179623 	-1.45404 	-0.247463 	
0.065	0.310434 	-0.173759 	0.537004 	0.179623 	-1.45404 	-0.247463 	
0.07	0.31044 	-0.173759 	0.537005 	0.179623 	-1.45404 	-0.247463 	
0.075	0.310448 	-0.17376 	0.537006 	0.179623 	-1.45404 	-0.247463 	
0.08	0.310455 	-0.17376 	0.537008 	0.179623 	-1.45404 	-0.247463 	
0.085	0.310464 	-0.17376 	0.537009 	0.179623 	-1.45404 	-0.247463 	
0.09	0.310474 	-0.17376 	0.537011 	0.179623 	-1.45404 	-0.247463 	
0.095	0.310482 	-0.17376 	0.537013 	0.179623 	-1.45404 	-0.247463 	
0.1	0.310493 	-0.17376 	0.537015 	0.179623 	-1.45404 	-0.247463 	
0.105	0.310503 	-0.173761 	0.537017 	0.179623 	-1.45404 	-0.247463 	
0.11	0.310515 	-0.173761 	0.537019 	0.179623 	-1.45404 	-0.247463 	
0.115	0.310526 	-0.173761 	0.537021 	0.179623 	-1.45404 	-0.247463 	
0.12	0.310538 	-0.173761 	0.537023 	0.179623 	-1.45404 	-0.247463 	
0.125	0.310551 	-0.173762 	0.537026 	0.179623 	-1.45404 	-0.247463 	
0.13	0.310564 	-0.173762 	0.537028 	0.179623 	-1.45404 	-0.247463 	
0.135	0.310578 	-0.173762 	0.537031 	0.179623 	-1.45404 	-0.247463 	
0.14	0.310592 	-0.173762 	0.537033 	0.179623 	-1.45404 	-0.247463 	
0.145	0.310607 	-0.173763 	0.537036 	0.179623 	-1.45404 	-0.247463 	
0.15	0.310622 	-0.173763 	0.537039 	0.179623 	-1.45404 	-0.247463 	
0.155	0.310638 	-0.173763 	0.537042 	0.179623 	-1.45404 	-0.247463 	
0.16	0.310654 	-0.173764 	0.537045 	0.179623 	-1.45404 	-0.247463 	
0.165	0.310609 	-0.173749 	0.537029 	0.178002 	-1.4529 	-0.24523 	
0.17	0.310626 	-0.173749 	0.537032 	0.178002 	-1.4529 	-0.24523 	
0.175	0.310644 	-0.173749 	0.537036 	0.178002 	-1.4529 	-0.24523 	
0.18	0.310663 	-0.17375 	0.537039 	0.178002 	-1.4529 	-0.24523 	
0.185	0.310682 	-0.17375 	0.537043 	0.178002 	-1.4529 	-0.24523 	
0.19	0.310702 	-0.17375 	0.537046 	0.178002 	-1.4529 	-0.24523 	
0.195	0.310722 	-0.173751 	0.53705 	0.178002 	-1.4529 	-0.24523 	
0.2	0.310742 	-0.173751 	0.537054 	0.178002 	-1.4529 	-0.24523 	
0.205	0.310763 	-0.173751 	0.537058 	0.178002 	-1.4529 	-0.24523 	
0.21	0.310785 	-0.173752 	0.537062 	0.178002 	-1.4529 	-0.24523 	
0.215	0.310807 	-0.173752 	0.537066 	0.178002 	-1.4529 	-0.24523 	
0.22	0.31083 	-0.173753 	0.53707 	0.178002 	-1.4529 	-0.24523 	
0.225	0.310792 	-0.173738 	0.537056 	0.176405 	-1.45178 	-0.24303 	
0.23	0.310816 	-0.173739 	0.53706 	0.176405 	-1.45178 	-0.24303 	
0.235	0.31084 	-0.173739 	0.537065 	0.176405 	-1.45178 	-0.24303 	
0.24	0.310865 	-0.173739 	0.537069 	0.176405 	-1.45178 	-0.24303 	
0.245	0.31089 	-0.17374 	0.537074 	0.176405 	-1.45178 	-0.24303 	
0.25	0.310916 	-0.17374 	0.537079 	0.176405 	-1.45178 	-0.24303 	
0.255	0.310942 	-0.173741 	0.537083 	0.176405 	-1.45178 	-0.24303 	
0.26	0.310969 	-0.173741 	0.537088 	0.176405 	-1.45178 	-0.24303 	
0.265	0.310996 	-0.173742 	0.537093 	0.176405 	-1.45178 	-0.24303 	
0.27	0.311024 	-0.173742 	0.537099 	0.176405 	-1.45178 	-0.24303 	
0.275	0.310988 	-0.173727 	0.537084 	0.174713 	-1.45059 	-0.240698 	
0.28	0.311016 	-0.173728 	0.53709 	0.174713 	-1.45059 	-0.240698 	
0.285	0.311046 	-0.173728 	0.537095 	0.174713 	-1.45059 	-0.240698 	
0.29	0.311076 	-0.173729 	0.537101 	0.174713 	-1.45059 	-0.240698 	
0.295	0.311106 	-0.173729 	0.537106 	0.174713 	-1.45059 	-0.240698 	
0.3	0.311137 	-0.17373 	0.537112 	0.174713 	-1.45059 	-0.240698 	
0.305	0.311169 	-0.17373 	0.537118 	0.174713 	-1.45059 	-0.240698 	
0.31	0.311201 	-0.173731 	0.537124 	0.174713 	-1.45059 	-0.240698 	
0.315	0.311171 	-0.173717 	0.537111 	0.173101 	-1.44946 	-0.238478 	
0.32	0.311204 	-0.173717 	0.537117 	0.173101 	-1.44946 	-0.238478 	
0.325	0.311237 	-0.173718 	0.537123 	0.173101 	-1.44946 	-0.238478 	
0.33	0.311271 	-0.173718 	0.537129 	0.173101 	-1.44946 	-0.238478 	
0.335	0.311306 	-0.173719 	0.537136 	0.173101 	-1.44946 	-0.238478 	
0.34	0.311341 	-0.173719 	0.537142 	0.173101 	-1.44946 	-0.238478 	
0.345	0.311376 	-0.17372 	0.537149 	0.173101 	-1.44946 	-0.238478 	
0.35	0.311351 	-0.173707 	0.537137 	0.171523 	-1.44836 	-0.236304 	
0.355	0.311388 	-0.173707 	0.537144 	0.171523 	-1.44836 	-0.236304 	
0.36	0.311425 	-0.173708 	0.537151 	0.171523 	-1.44836 	-0.236304 	
0.365	0.311462 	-0.173708 	0.537158 	0.171523 	-1.44836 	-0.236304 	
0.37	0.3115 	-0.173709 	0.537165 	0.171523 	-1.44836 	-0.236304 	
0.375	0.311538 	-0.173709 	0.537172 	0.171523 	-1.44836 	-0.236304 	
0.38	0.311577 	-0.17371 	0.537179 	0.171523 	-1.44836 	-0.236304 	
0.385	0.31155 	-0.173696 	0.537166 	0.169808 	-1.44716 	-0.233941 	
0.39	0.31159 	-0.173696 	0.537174 	0.169808 	-1.44716 	-0.233941 	
0.395	0.311631 	-0.173697 	0.537181 	0.169808 	-1.44716 	-0.233941 	
0.4	0.311671 	-0.173697 	0.537188 	0.169808 	-1.44716 	-0.233941 	
0.405	0.311713 	-0.173698 	0.537196 	0.169808 	-1.44716 	-0.233941 	
0.41	0.311755 	-0.173698 	0.537204 	0.169808 	-1.44716 	-0.233941 	
0.415	0.311734 	-0.173685 	0.537193 	0.168191 	-1.44602 	-0.231713 	
0.42	0.311777 	-0.173686 	0.537201 	0.168191 	-1.44602 	-0.231713 	
0.425	0.31182 	-0.173686 	0.537209 	0.168191 	-1.44602 	-0.231713 	
0.43	0.311864 	-0.173687 	0.537217 	0.168191 	-1.44602 	-0.231713 	
0.435	0.311908 	-0.173687 	0.537225 	0.168191 	-1.44602 	-0.231713 	
0.44	0.311953 	-0.173688 	0.537233 	0.168191 	-1.44602 	-0.231713 	
0.445	0.311932 	-0.173674 	0.537222 	0.166484 	-1.44483 	-0.229361 	
0.45	0.311977 	-0.173675 	0.53723 	0.166484 	-1.44483 	-0.229361 	
0.455	0.312023 	-0.173675 	0.537239 	0.166484 	-1.44483 	-0.229361 	
0.46	0.31207 	-0.173676 	0.537247 	0.166484 	-1.44483 	-0.229361 	
0.465	0.312116 	-0.173676 	0.537256 	0.166484 	-1.44483 	-0.229361 	
0.47	0.312164 	-0.173677 	0.537264 	0.166484 	-1.44483 	-0.229361 	
0.475	0.312141 	-0.173662 	0.537252 	0.164671 	-1.44355 	-0.226864 	
0.48	0.31219 	-0.173663 	0.537261 	0.164671 	-1.44355 	-0.226864 	
0.485	0.312238 	-0.173663 	0.53727 	0.164671 	-1.44355 	-0.226864 	
0.49	0.312288 	-0.173664 	0.537279 	0.164671 	-1.44355 	-0.226864 	
0.495	0.312337 	-0.173664 	0.537288 	0.164671 	-1.44355 	-0.226864 	
0.5	0.312324 	-0.173652 	0.537279 	0.163048 	-1.44242 	-0.224627 	
0.505	0.312375 	-0.173652 	0.537288 	0.163048 	-1.44242 	-0.224627 	
0.51	0.312426 	-0.173653 	0.537297 	0.163048 	-1.44242 	-0.224627 	
0.515	0.312477 	-0.173653 	0.537307 	0.163048 	-1.44242 	-0.224627 	
0.52	0.312529 	-0.173654 	0.537316 	0.163048 	-1.44242 	-0.224627 	
0.525	0.312516 	-0.173641 	0.537307 	0.161379 	-1.44125 	-0.222329 	
0.53	0.312569 	-0.173641 	0.537317 	0.161379 	-1.44125 	-0.222329 	
0.535	0.312622 	-0.173642 	0.537326 	0.161379 	-1.44125 	-0.222329 	
0.54	0.312676 	-0.173642 	0.537336 	0.161379 	-1.44125 	-0.222329 	
0.545	0.31273 	-0.173643 	0.537346 	0.161379 	-1.44125 	-0.222329 	
0.55	0.312717 	-0.17363 	0.537336 	0.159643 	-1.44003 	-0.219937 	
0.555	0.312772 	-0.17363 	0.537346 	0.159643 	-1.44003 	-0.219937 	
0.56	0.312827 	-0.173631 	0.537356 	0.159643 	-1.44003 	-0.219937 	
0.565	0.312882 	-0.173631 	0.537366 	0.159643 	-1.44003 	-0.219937 	
0.57	0.312939 	-0.173631 	0.537377 	0.159643 	-1.44003 	-0.219937 	
0.575	0.312925 	-0.173618 	0.537367 	0.157839 	-1.43876 	-0.217451 	
0.58	0.312982 	-0.173618 	0.537377 	0.157839 	-1.43876 	-0.217451 	
0.585	0.313039 	-0.173619 	0.537387 	0.157839 	-1.43876 	-0.217451 	
0.59	0.313097 	-0.173619 	0.537398 	0.157839 	-1.43876 	-0.217451 	
0.595	0.313155 	-0.173619 	0.537408 	0.157839 	-1.43876 	-0.217451 	
0.6	0.313141 	-0.173606 	0.537398 	0.155967 	-1.43745 	-0.214873 	
0.605	0.3132 	-0.173606 	0.537409 	0.155967 	-1.43745 	-0.214873 	
0.61	0.313259 	-0.173606 	0.53742 	0.155967 	-1.43745 	-0.214873 	
0.615	0.313319 	-0.173607 	0.53743 	0.155967 	-1.43745 	-0.214873 	
0.62	0.313317 	-0.173596 	0.537424 	0.154385 	-1.43634 	-0.212693 	
0.625	0.313378 	-0.173596 	0.537435 	0.154385 	-1.43634 	-0.212693 	
0.63	0.313439 	-0.173596 	0.537446 	0.154385 	-1.43634 	-0.212693 	
0.635	0.3135 	-0.173596 	0.537457 	0.154385 	-1.43634 	-0.212693 	
0.64	0.3135 	-0.173585 	0.53745 	0.152795 	-1.43523 	-0.210503 	
0.645	0.313562 	-0.173586 	0.537461 	0.152795 	-1.43523 	-0.210503 	
0.65	0.313624 	-0.173586 	0.537473 	0.152795 	-1.43523 	-0.210503 	
0.655	0.313687 	-0.173586 	0.537484 	0.152795 	-1.43523 	-0.210503 	
0.66	0.313687 	-0.173575 	0.537477 	0.15117 	-1.43409 	-0.208263 	
0.665	0.31375 	-0.173575 	0.537489 	0.15117 	-1.43409 	-0.208263 	
0.67	0.313814 	-0.173575 	0.537501 	0.15117 	-1.43409 	-0.208263 	
0.675	0.313879 	-0.173575 	0.537512 	0.15117 	-1.43409 	-0.208263 	
0.68	0.313878 	-0.173564 	0.537505 	0.149506 	-1.43292 	-0.205971 	
0.685	0.313943 	-0.173564 	0.537517 	0.149506 	-1.43292 	-0.205971 	
0.69	0.314009 	-0.173564 	0.537529 	0.149506 	-1.43292 	-0.205971 	
0.695	0.314075 	-0.173564 	0.537541 	0.149506 	-1.43292 	-0.205971 	
0.7	0.314074 	-0.173553 	0.537534 	0.147804 	-1.43173 	-0.203627 	
0.705	0.314141 	-0.173553 	0.537546 	0.147804 	-1.43173 	-0.203627 	
0.71	0.314207 	-0.173553 	0.537558 	0.147804 	-1.43173 	-0.203627 	
0.715	0.314275 	-0.173553 	0.53757 	0.147804 	-1.43173 	-0.203627 	
0.72	0.314274 	-0.173542 	0.537563 	0.146066 	-1.43051 	-0.201232 	
0.725	0.314342 	-0.173542 	0.537575 	0.146066 	-1.43051 	-0.201232 	
0.73	0.31441 	-0.173542 	0.537588 	0.146066 	-1.43051 	-0.201232 	
0.735	0.314479 	-0.173541 	0.5376 	0.146066 	-1.43051 	-0.201232 	
0.74	0.314478 	-0.17353 	0.537593 	0.144293 	-1.42927 	-0.198789 	
0.745	0.314547 	-0.17353 	0.537605 	0.144293 	-1.42927 	-0.198789 	
0.75	0.314617 	-0.17353 	0.537618 	0.144293 	-1.42927 	-0.198789 	
0.755	0.314687 	-0.17353 	0.53763 	0.144293 	-1.42927 	-0.198789 	
0.76	0.314686 	-0.173519 	0.537623 	0.142485 	-1.428 	-0.196298 	
0.765	0.314757 	-0.173518 	0.537636 	0.142485 	-1.428 	-0.196298 	
0.77	0.314827 	-0.173518 	0.537649 	0.142485 	-1.428 	-0.196299 	
0.775	0.314899 	-0.173518 	0.537661 	0.142485 	-1.428 	-0.196299 	
0.78	0.314898 	-0.173507 	0.537654 	0.140644 	-1.42671 	-0.193762 	
0.785	0.31497 	-0.173506 	0.537667 	0.140644 	-1.42671 	-0.193762 	
0.79	0.315042 	-0.173506 	0.53768 	0.140644 	-1.42671 	-0.193762 	
0.795	0.315114 	-0.173505 	0.537693 	0.140644 	-1.42671 	-0.193762 	
0.8	0.315113 	-0.173495 	0.537685 	0.138771 	-1.42539 	-0.191182 	
0.805	0.315186 	-0.173494 	0.537699 	0.138771 	-1.42539 	-0.191182 	
0.81	0.315259 	-0.173494 	0.537712 	0.138771 	-1.42539 	-0.191182 	
0.815	0.315333 	-0.173493 	0.537725 	0.138771 	-1.42539 	-0.191182 	
0.82	0.315332 	-0.173482 	0.537717 	0.136868 	-1.42406 	-0.18856 	
0.825	0.315406 	-0.173482 	0.537731 	0.136868 	-1.42406 	-0.18856 	
0.83	0.315481 	-0.173481 	0.537744 	0.136868 	-1.42406 	-0.18856 	
0.835	0.315555 	-0.17348 	0.537757 	0.136868 	-1.42406 	-0.18856 	
0.84	0.315554 	-0.17347 	0.53775 	0.134935 	-1.4227 	-0.185896 	
0.845	0.31563 	-0.173469 	0.537763 	0.134935 	-1.4227 	-0.185896 	
0.85	0.315705 	-0.173468 	0.537777 	0.134935 	-1.4227 	-0.185896 	
0.855	0.315781 	-0.173468 	0.53779 	0.134935 	-1.4227 	-0.185896 	
0.86	0.31578 	-0.173457 	0.537783 	0.132973 	-1.42133 	-0.183194 	
0.865	0.315856 	-0.173456 	0.537796 	0.132973 	-1.42133 	-0.183194 	
0.87	0.315933 	-0.173455 	0.53781 	0.132973 	-1.42133 	-0.183194 	
0.875	0.31601 	-0.173455 	0.537824 	0.132973 	-1.42133 	-0.183194 	
0.88	0.316008 	-0.173444 	0.537816 	0.130984 	-1.41993 	-0.180454 	
0.885	0.316086 	-0.173443 	0.53783 	0.130984 	-1.41993 	-0.180454 	
0.89	0.316163 	-0.173442 	0.537843 	0.130984 	-1.41993 	-0.180454 	
0.895	0.316241 	-0.173441 	0.537857 	0.130984 	-1.41993 	-0.180454 	
0.9	0.31624 	-0.173431 	0.53785 	0.12897 	-1.41852 	-0.177679 	
0.905	0.316318 	-0.17343 	0.537864 	0.12897 	-1.41852 	-0.177679 	
0.91	0.316397 	-0.173429 	0.537878 	0.12897 	-1.41852 	-0.177679 	
0.915	0.316414 	-0.173421 	0.537875 	0.127391 	-1.41742 	-0.175504 	
0.92	0.316493 	-0.17342 	0.537889 	0.127391 	-1.41742 	-0.175504 	
0.925	0.316572 	-0.173419 	0.537903 	0.127391 	-1.41742 	-0.175504 	
0.93	0.316651 	-0.173418 	0.537917 	0.127391 	-1.41742 	-0.175504 	
0.935	0.316652 	-0.173408 	0.53791 	0.12538 	-1.41601 	-0.172734 	
0.94	0.316732 	-0.173407 	0.537924 	0.12538 	-1.41601 	-0.172734 	
0.945	0.316812 	-0.173405 	0.537938 	0.12538 	-1.41601 	-0.172734 	
0.95	0.316829 	-0.173398 	0.537935 	0.123775 	-1.41488 	-0.170522 	
0.955	0.316909 	-0.173396 	0.53795 	0.123775 	-1.41488 	-0.170522 	
0.96	0.31699 	-0.173395 	0.537964 	0.123775 	-1.41488 	-0.170522 	
0.965	0.317009 	-0.173388 	0.537962 	0.1222 	-1.41378 	-0.168353 	
0.97	0.31709 	-0.173386 	0.537976 	0.1222 	-1.41378 	-0.168353 	
0.975	0.317171 	-0.173385 	0.53799 	0.1222 	-1.41378 	-0.168353 	
0.98	0.31719 	-0.173377 	0.537988 	0.120618 	-1.41267 	-0.166173 	
0.985	0.317272 	-0.173376 	0.538002 	0.120618 	-1.41267 	-0.166173 	
0.99	0.317354 	-0.173374 	0.538017 	0.120618 	-1.41267 	-0.166173 	
0.995	0.317373 	-0.173367 	0.538015 	0.119026 	-1.41155 	-0.163979 	
1	0.317456 	-0.173365 	0.538029 	0.119026 	-1.41155 	-0.163979 	
1.005	0.317538 	-0.173364 	0.538044 	0.119026 	-1.41155 	-0.163979 	
1.01	0.317557 	-0.173357 	0.538041 	0.117423 	-1.41043 	-0.161771 	
1.015	0.31764 	-0.173355 	0.538056 	0.117423 	-1.41043 	-0.161771 	
1.02	0.317723 	-0.173353 	0.538071 	0.117423 	-1.41043 	-0.161771 	
1.025	0.317742 	-0.173346 	0.538068 	0.115811 	-1.4093 	-0.15955 	
1.03	0.317826 	-0.173344 	0.538083 	0.115811 	-1.4093 	-0.15955 	
1.035	0.317909 	-0.173342 	0.538098 	0.115811 	-1.4093 	-0.15955 	
1.04	0.317929 	-0.173336 	0.538096 	0.114189 	-1.40816 	-0.157316 	
1.045	0.318012 	-0.173334 	0.53811 	0.114189 	-1.40816 	-0.157316 	
1.05	0.318096 	-0.173332 	0.538125 	0.114189 	-1.40816 	-0.157316 	
1.055	0.318116 	-0.173325 	0.538123 	0.112559 	-1.40702 	-0.15507 	
1.06	0.3182 	-0.173323 	0.538138 	0.112559 	-1.40702 	-0.15507 	
1.065	0.318284 	-0.173321 	0.538152 	0.112559 	-1.40702 	-0.15507 	
1.07	0.318304 	-0.173315 	0.53815 	0.110921 	-1.40587 	-0.152813 	
1.075	0.318388 	-0.173312 	0.538165 	0.110921 	-1.40587 	-0.152813 	
1.08	0.318473 	-0.17331 	0.53818 	0.110921 	-1.40587 	-0.152813 	
1.085	0.318493 	-0.173304 	0.538178 	0.109275 	-1.40471 	-0.150546 	
1.09	0.318578 	-0.173302 	0.538193 	0.109275 	-1.40471 	-0.150546 	
1.095	0.318663 	-0.173299 	0.538207 	0.109275 	-1.40471 	-0.150546 	
1.1	0.318682 	-0.173293 	0.538205 	0.107622 	-1.40356 	-0.148269 	
1.105	0.318768 	-0.173291 	0.53822 	0.107622 	-1.40356 	-0.148269 	
1.11	0.318853 	-0.173288 	0.538235 	0.107622 	-1.40356 	-0.148269 	
1.115	0.318873 	-0.173283 	0.538233 	0.105963 	-1.40239 	-0.145983 	
1.12	0.318958 	-0.17328 	0.538248 	0.105963 	-1.40239 	-0.145983 	
1.125	0.319044 	-0.173277 	0.538263 	0.105963 	-1.40239 	-0.145983 	
1.13	0.319064 	-0.173272 	0.538261 	0.104298 	-1.40122 	-0.14369 	
1.135	0.31915 	-0.173269 	0.538276 	0.104298 	-1.40122 	-0.14369 	
1.14	0.319236 	-0.173267 	0.538291 	0.104298 	-1.40122 	-0.14369 	
1.145	0.319256 	-0.173261 	0.538289 	0.102629 	-1.40005 	-0.141389 	
1.15	0.319342 	-0.173258 	0.538304 	0.102629 	-1.40005 	-0.141389 	
1.155	0.319428 	-0.173256 	0.538319 	0.102629 	-1.40005 	-0.141389 	
1.16	0.319448 	-0.17325 	0.538317 	0.100954 	-1.39888 	-0.139083 	
1.165	0.319534 	-0.173247 	0.538332 	0.100954 	-1.39888 	-0.139083 	
1.17	0.319621 	-0.173244 	0.538347 	0.100954 	-1.39888 	-0.139083 	
1.175	0.31964 	-0.173239 	0.538345 	0.099276 	-1.3977 	-0.13677 	
1.18	0.319727 	-0.173236 	0.53836 	0.099276 	-1.3977 	-0.13677 	
1.185	0.319813 	-0.173233 	0.538375 	0.099276 	-1.3977 	-0.13677 	
1.19	0.319833 	-0.173228 	0.538373 	0.0975943 	-1.39652 	-0.134454 	
1.195	0.31992 	-0.173225 	0.538388 	0.0975943 	-1.39652 	-0.134454 	
1.2	0.320007 	-0.173222 	0.538403 	0.0975943 	-1.39652 	-0.134454 	
1.205	0.320027 	-0.173218 	0.538401 	0.0959099 	-1.39534 	-0.132133 	
1.21	0.320113 	-0.173214 	0.538416 	0.0959099 	-1.39534 	-0.132133 	
1.215	0.3202 	-0.173211 	0.538431 	0.0959099 	-1.39534 	-0.132133 	
1.22	0.32022 	-0.173207 	0.538429 	0.0942234 	-1.39416 	-0.129809 	
1.225	0.320307 	-0.173203 	0.538444 	0.0942234 	-1.39416 	-0.129809 	
1.23	0.320394 	-0.1732 	0.538459 	0.0942234 	-1.39416 	-0.129809 	
1.235	0.320414 	-0.173196 	0.538458 	0.0925352 	-1.39298 	-0.127484 	
1.24	0.320501 	-0.173192 	0.538473 	0.0925352 	-1.39298 	-0.127484 	
1.245	0.320588 	-0.173189 	0.538487 	0.0925352 	-1.39298 	-0.127484 	
1.25	0.320607 	-0.173185 	0.538486 	0.0908462 	-1.39179 	-0.125157 	
1.255	0.320694 	-0.173181 	0.538501 	0.0908462 	-1.39179 	-0.125157 	
1.26	0.320782 	-0.173178 	0.538516 	0.0908462 	-1.39179 	-0.125157 	
1.265	0.320801 	-0.173174 	0.538514 	0.0891567 	-1.39061 	-0.122829 	
1.27	0.320888 	-0.17317 	0.538529 	0.0891567 	-1.39061 	-0.122829 	
1.275	0.320975 	-0.173167 	0.538544 	0.0891567 	-1.39061 	-0.122829 	
1.28	0.320995 	-0.173163 	0.538542 	0.0874675 	-1.38942 	-0.120502 	
1.285	0.321082 	-0.173159 	0.538557 	0.0874675 	-1.38942 	-0.120502 	
1.29	0.321169 	-0.173156 	0.538572 	0.0874675 	-1.38942 	-0.120502 	
1.295	0.321189 	-0.173152 	0.538571 	0.0857791 	-1.38824 	-0.118176 	
1.3	0.321276 	-0.173148 	0.538585 	0.0857791 	-1.38824 	-0.118176 	
1.305	0.321363 	-0.173144 	0.5386 	0.0857791 	-1.38824 	-0.118176 	
1.31	0.321382 	-0.173141 	0.538599 	0.0840921 	-1.38706 	-0.115852 	
1.315	0.321469 	-0.173137 	0.538614 	0.0840921 	-1.38706 	-0.115852 	
1.32	0.321556 	-0.173133 	0.538628 	0.0840921 	-1.38706 	-0.115852 	
1.325	0.321575 	-0.17313 	0.538627 	0.0824072 	-1.38588 	-0.113531 	
1.33	0.321662 	-0.173126 	0.538642 	0.0824072 	-1.38588 	-0.113531 	
1.335	0.321749 	-0.173122 	0.538656 	0.0824072 	-1.38588 	-0.113531 	
1.34	0.321768 	-0.173119 	0.538655 	0.0807249 	-1.3847 	-0.111213 	
1.345	0.321855 	-0.173115 	0.53867 	0.0807249 	-1.3847 	-0.111213 	
1.35	0.321941 	-0.173111 	0.538684 	0.0807249 	-1.3847 	-0.111213 	
1.355	0.321961 	-0.173108 	0.538683 	0.0790457 	-1.38352 	-0.1089 	
1.36	0.322047 	-0.173104 	0.538698 	0.0790457 	-1.38352 	-0.1089 	
1.365	0.322134 	-0.1731 	0.538712 	0.0790457 	-1.38352 	-0.1089 	
1.37	0.322153 	-0.173098 	0.538711 	0.0773704 	-1.38234 	-0.106592 	
1.375	0.322239 	-0.173093 	0.538726 	0.0773704 	-1.38234 	-0.106592 	
1.38	0.322325 	-0.173089 	0.53874 	0.0773704 	-1.38234 	-0.106592 	
1.385	0.322345 	-0.173087 	0.538739 	0.0756995 	-1.38117 	-0.10429 	
1.39	0.322431 	-0.173083 	0.538754 	0.0756995 	-1.38117 	-0.10429 	
1.395	0.322516 	-0.173078 	0.538768 	0.0756995 	-1.38117 	-0.10429 	
1.4	0.322536 	-0.173076 	0.538767 	0.0740336 	-1.38001 	-0.101995 	
1.405	0.322621 	-0.173072 	0.538781 	0.0740336 	-1.38001 	-0.101995 	
1.41	0.322707 	-0.173067 	0.538796 	0.0740336 	-1.38001 	-0.101995 	
1.415	0.322726 	-0.173065 	0.538795 	0.0723733 	-1.37884 	-0.0997071 	
1.42	0.322811 	-0.173061 	0.538809 	0.0723733 	-1.37884 	-0.0997071 	
1.425	0.322897 	-0.173056 	0.538823 	0.0723733 	-1.37884 	-0.0997071 	
1.43	0.322916 	-0.173055 	0.538822 	0.0707192 	-1.37768 	-0.0974282 	
1.435	0.323001 	-0.17305 	0.538836 	0.0707192 	-1.37768 	-0.0974282 	
1.44	0.323085 	-0.173045 	0.538851 	0.0707192 	-1.37768 	-0.0974282 	
1.445	0.323104 	-0.173044 	0.53885 	0.0690718 	-1.37653 	-0.0951586 	
1.45	0.323189 	-0.173039 	0.538864 	0.0690718 	-1.37653 	-0.0951586 	
1.455	0.323274 	-0.173035 	0.538878 	0.0690718 	-1.37653 	-0.0951586 	
1.46	0.323293 	-0.173033 	0.538877 	0.0674317 	-1.37538 	-0.0928992 	
1.465	0.323377 	-0.173029 	0.538891 	0.0674317 	-1.37538 	-0.0928992 	
1.47	0.323461 	-0.173024 	0.538905 	0.0674317 	-1.37538 	-0.0928992 	
1.475	0.32348 	-0.173023 	0.538904 	0.0657996 	-1.37423 	-0.0906506 	
1.48	0.323563 	-0.173018 	0.538918 	0.0657996 	-1.37423 	-0.0906506 	
1.485	0.323647 	-0.173013 	0.538932 	0.0657996 	-1.37423 	-0.0906506 	
1.49	0.323666 	-0.173012 	0.538932 	0.0641759 	-1.37309 	-0.0884137 	
1.495	0.323749 	-0.173007 	0.538945 	0.0641759 	-1.37309 	-0.0884137 	
1.5	0.323832 	-0.173003 	0.538959 	0.0641759 	-1.37309 	-0.0884137 	
1.505	0.323851 	-0.173002 	0.538959 	0.0625613 	-1.37196 	-0.0861894 	
1.51	0.323934 	-0.172997 	0.538972 	0.0625613 	-1.37196 	-0.0861894 	
1.515	0.324016 	-0.172992 	0.538986 	0.0625613 	-1.37196 	-0.0861894 	
1.52	0.324035 	-0.172992 	0.538985 	0.0609564 	-1.37084 	-0.0839783 	
1.525	0.324117 	-0.172987 	0.538999 	0.0609564 	-1.37084 	-0.0839783 	
1.53	0.324199 	-0.172982 	0.539013 	0.0609564 	-1.37084 	-0.0839783 	
1.535	0.324217 	-0.172981 	0.539012 	0.0593617 	-1.36972 	-0.0817813 	
1.54	0.324299 	-0.172976 	0.539025 	0.0593617 	-1.36972 	-0.0817813 	
1.545	0.324381 	-0.172971 	0.539039 	0.0593617 	-1.36972 	-0.0817813 	
1.55	0.324399 	-0.172971 	0.539038 	0.0577777 	-1.36861 	-0.0795991 	
1.555	0.32448 	-0.172966 	0.539052 	0.0577777 	-1.36861 	-0.0795991 	
1.56	0.324561 	-0.172961 	0.539065 	0.0577777 	-1.36861 	-0.0795991 	
1.565	0.324579 	-0.172961 	0.539065 	0.0562051 	-1.36751 	-0.0774326 	
1.57	0.32466 	-0.172956 	0.539078 	0.0562051 	-1.36751 	-0.0774326 	
1.575	0.32474 	-0.172951 	0.539091 	0.0562051 	-1.36751 	-0.0774326 	
1.58	0.324758 	-0.172951 	0.539091 	0.0546444 	-1.36641 	-0.0752824 	
1.585	0.324838 	-0.172946 	0.539104 	0.0546444 	-1.36641 	-0.0752824 	
1.59	0.324918 	-0.17294 	0.539117 	0.0546444 	-1.36641 	-0.0752824 	
1.595	0.324935 	-0.172941 	0.539117 	0.0530961 	-1.36533 	-0.0731494 	
1.6	0.325015 	-0.172936 	0.53913 	0.0530961 	-1.36533 	-0.0731494 	
1.605	0.325094 	-0.17293 	0.539143 	0.0530961 	-1.36533 	-0.0731494 	
1.61	0.325111 	-0.172931 	0.539142 	0.0515608 	-1.36425 	-0.0710342 	
1.615	0.32519 	-0.172926 	0.539155 	0.0515608 	-1.36425 	-0.0710342 	
1.62	0.325268 	-0.17292 	0.539168 	0.0515608 	-1.36425 	-0.0710342 	
1.625	0.325346 	-0.172915 	0.539181 	0.0515608 	-1.36425 	-0.0710342 	
1.63	0.325345 	-0.172918 	0.539176 	0.0495871 	-1.36286 	-0.0683149 	
1.635	0.325423 	-0.172912 	0.539189 	0.0495871 	-1.36286 	-0.0683149 	
1.64	0.3255 	-0.172907 	0.539202 	0.0495871 	-1.36286 	-0.0683149 	
1.645	0.325516 	-0.172908 	0.539201 	0.0480374 	-1.36178 	-0.06618 	
1.65	0.325593 	-0.172903 	0.539214 	0.0480374 	-1.36178 	-0.06618 	
1.655	0.325669 	-0.172897 	0.539226 	0.0480374 	-1.36178 	-0.0661801 	
1.66	0.325745 	-0.172892 	0.539239 	0.0480374 	-1.36178 	-0.0661801 	
1.665	0.325744 	-0.172895 	0.539235 	0.0461029 	-1.36042 	-0.0635148 	
1.67	0.32582 	-0.17289 	0.539247 	0.0461029 	-1.36042 	-0.0635148 	
1.675	0.325896 	-0.172884 	0.539259 	0.0461029 	-1.36042 	-0.0635148 	
1.68	0.325971 	-0.172879 	0.539271 	0.0461029 	-1.36042 	-0.0635148 	
1.685	0.325968 	-0.172882 	0.539267 	0.0441537 	-1.35905 	-0.0608294 	
1.69	0.326043 	-0.172877 	0.539279 	0.0441537 	-1.35905 	-0.0608294 	
1.695	0.326117 	-0.172872 	0.539291 	0.0441537 	-1.35905 	-0.0608294 	
1.7	0.326191 	-0.172866 	0.539303 	0.0441537 	-1.35905 	-0.0608294 	
1.705	0.326189 	-0.17287 	0.539299 	0.0422289 	-1.35771 	-0.0581777 	
1.71	0.326262 	-0.172865 	0.539311 	0.0422289 	-1.35771 	-0.0581777 	
1.715	0.326335 	-0.172859 	0.539323 	0.0422289 	-1.35771 	-0.0581777 	
1.72	0.326408 	-0.172854 	0.539335 	0.0422289 	-1.35771 	-0.0581777 	
1.725	0.326405 	-0.172858 	0.539331 	0.0403337 	-1.35638 	-0.0555666 	
1.73	0.326478 	-0.172852 	0.539343 	0.0403337 	-1.35638 	-0.0555666 	
1.735	0.32655 	-0.172847 	0.539354 	0.0403337 	-1.35638 	-0.0555666 	
1.74	0.326622 	-0.172842 	0.539366 	0.0403337 	-1.35638 	-0.0555666 	
1.745	0.326619 	-0.172846 	0.539362 	0.0384695 	-1.35507 	-0.0529984 	
1.75	0.32669 	-0.17284 	0.539373 	0.0384695 	-1.35507 	-0.0529984 	
1.755	0.326761 	-0.172835 	0.539385 	0.0384695 	-1.35507 	-0.0529984 	
1.76	0.326831 	-0.17283 	0.539396 	0.0384695 	-1.35507 	-0.0529984 	
1.765	0.326828 	-0.172834 	0.539392 	0.0366376 	-1.35379 	-0.0504746 	
1.77	0.326898 	-0.172829 	0.539404 	0.0366376 	-1.35379 	-0.0504746 	
1.775	0.326968 	-0.172823 	0.539415 	0.0366376 	-1.35379 	-0.0504746 	
1.78	0.327037 	-0.172818 	0.539426 	0.0366376 	-1.35379 	-0.0504746 	
1.785	0.327034 	-0.172822 	0.539422 	0.0348391 	-1.35252 	-0.0479969 	
1.79	0.327103 	-0.172817 	0.539433 	0.0348391 	-1.35252 	-0.0479969 	
1.795	0.327171 	-0.172812 	0.539444 	0.0348391 	-1.35252 	-0.0479969 	
1.8	0.327238 	-0.172806 	0.539455 	0.0348391 	-1.35252 	-0.0479969 	
1.805	0.327236 	-0.172811 	0.539452 	0.0330752 	-1.35129 	-0.0455669 	
1.81	0.327303 	-0.172806 	0.539463 	0.0330752 	-1.35129 	-0.0455669 	
1.815	0.32737 	-0.1728 	0.539473 	0.0330752 	-1.35129 	-0.0455669 	
1.82	0.327436 	-0.172795 	0.539484 	0.0330752 	-1.35129 	-0.0455669 	
1.825	0.327433 	-0.1728 	0.539481 	0.031347 	-1.35008 	-0.043186 	
1.83	0.327499 	-0.172795 	0.539491 	0.031347 	-1.35008 	-0.043186 	
1.835	0.327564 	-0.172789 	0.539502 	0.031347 	-1.35008 	-0.043186 	
1.84	0.327629 	-0.172784 	0.539512 	0.031347 	-1.35008 	-0.043186 	
1.845	0.327627 	-0.172789 	0.539509 	0.0296556 	-1.34889 	-0.0408558 	
1.85	0.327691 	-0.172784 	0.539519 	0.0296556 	-1.34889 	-0.0408558 	
1.855	0.327755 	-0.172778 	0.539529 	0.0296556 	-1.34889 	-0.0408558 	
1.86	0.327818 	-0.172773 	0.539539 	0.0296556 	-1.34889 	-0.0408558 	
1.865	0.327816 	-0.172778 	0.539536 	0.0280021 	-1.34773 	-0.0385777 	
1.87	0.327879 	-0.172773 	0.539546 	0.0280021 	-1.34773 	-0.0385777 	
1.875	0.327941 	-0.172768 	0.539556 	0.0280021 	-1.34773 	-0.0385777 	
1.88	0.328003 	-0.172763 	0.539566 	0.0280021 	-1.34773 	-0.0385777 	
1.885	0.328 	-0.172768 	0.539563 	0.0263874 	-1.3466 	-0.0363533 	
1.89	0.328062 	-0.172763 	0.539573 	0.0263874 	-1.3466 	-0.0363533 	
1.895	0.328122 	-0.172758 	0.539583 	0.0263874 	-1.3466 	-0.0363533 	
1.9	0.328183 	-0.172753 	0.539592 	0.0263874 	-1.3466 	-0.0363533 	
1.905	0.32818 	-0.172758 	0.539589 	0.0248126 	-1.3455 	-0.0341837 	
1.91	0.32824 	-0.172753 	0.539599 	0.0248126 	-1.3455 	-0.0341837 	
1.915	0.328299 	-0.172748 	0.539608 	0.0248126 	-1.3455 	-0.0341837 	
1.92	0.328358 	-0.172743 	0.539618 	0.0248126 	-1.3455 	-0.0341837 	
1.925	0.328356 	-0.172748 	0.539615 	0.0232788 	-1.34442 	-0.0320706 	
1.93	0.328414 	-0.172743 	0.539624 	0.0232788 	-1.34442 	-0.0320706 	
1.935	0.328471 	-0.172738 	0.539633 	0.0232788 	-1.34442 	-0.0320706 	
1.94	0.328528 	-0.172733 	0.539642 	0.0232788 	-1.34442 	-0.0320706 	
1.945	0.328585 	-0.172728 	0.539651 	0.0232788 	-1.34442 	-0.0320706 	
1.95	0.328569 	-0.172736 	0.539646 	0.021459 	-1.34314 	-0.0295634 	
1.955	0.328625 	-0.172731 	0.539655 	0.021459 	-1.34314 	-0.0295634 	
1.96	0.328681 	-0.172726 	0.539664 	0.021459 	-1.34314 	-0.0295634 	
1.965	0.328736 	-0.172721 	0.539673 	0.021459 	-1.34314 	-0.0295634 	
1.97	0.328791 	-0.172716 	0.539681 	0.021459 	-1.34314 	-0.0295634 	
1.975	0.328774 	-0.172724 	0.539676 	0.0196704 	-1.34189 	-0.0270993 	
1.98	0.328828 	-0.172719 	0.539684 	0.0196704 	-1.34189 	-0.0270993 	
1.985	0.328881 	-0.172715 	0.539693 	0.0196704 	-1.34189 	-0.0270993 	
1.99	0.328934 	-0.17271 	0.539701 	0.0196704 	-1.34189 	-0.0270993 	
1.995	0.328987 	-0.172705 	0.53971 	0.0196704 	-1.34189 	-0.0270993 	
2	0.328971 	-0.172713 	0.539705 	0.0179471 	-1.34068 	-0.0247251 	
2.005	0.329022 	-0.172708 	0.539713 	0.0179471 	-1.34068 	-0.0247251 	
2.01	0.329073 	-0.172704 	0.539721 	0.0179471 	-1.34068 	-0.0247251 	
2.015	0.329124 	-0.172699 	0.539729 	0.0179471 	-1.34068 	-0.0247251 	
2.02	0.329175 	-0.172695 	0.539737 	0.0179471 	-1.34068 	-0.0247251 	
2.025	0.329159 	-0.172703 	0.539732 	0.016294 	-1.33952 	-0.0224478 	
2.03	0.329208 	-0.172698 	0.53974 	0.016294 	-1.33952 	-0.0224478 	
2.035	0.329257 	-0.172694 	0.539748 	0.016294 	-1.33952 	-0.0224478 	
2.04	0.329306 	-0.172689 	0.539755 	0.016294 	-1.33952 	-0.0224478 	
2.045	0.329354 	-0.172685 	0.539763 	0.016294 	-1.33952 	-0.0224478 	
2.05	0.329339 	-0.172692 	0.539758 	0.0147132 	-1.33841 	-0.0202699 	
2.055	0.329386 	-0.172688 	0.539766 	0.0147132 	-1.33841 	-0.0202699 	
2.06	0.329433 	-0.172684 	0.539773 	0.0147132 	-1.33841 	-0.0202699 	
2.065	0.329479 	-0.172679 	0.53978 	0.0147132 	-1.33841 	-0.0202699 	
2.07	0.329525 	-0.172675 	0.539788 	0.0147132 	-1.33841 	-0.0202699 	
2.075	0.32957 	-0.172671 	0.539795 	0.0147132 	-1.33841 	-0.0202699 	
2.08	0.329545 	-0.172681 	0.539788 	0.0129452 	-1.33717 	-0.0178342 	
2.085	0.32959 	-0.172677 	0.539795 	0.0129452 	-1.33717 	-0.0178342 	
2.09	0.329633 	-0.172672 	0.539802 	0.0129452 	-1.33717 	-0.0178342 	
2.095	0.329677 	-0.172668 	0.539809 	0.0129452 	-1.33717 	-0.0178342 	
2.1	0.32972 	-0.172664 	0.539816 	0.0129452 	-1.33717 	-0.0178342 	
2.105	0.329762 	-0.17266 	0.539822 	0.0129452 	-1.33717 	-0.0178342 	
2.11	0.329738 	-0.17267 	0.539816 	0.011256 	-1.33599 	-0.015507 	
2.115	0.329779 	-0.172666 	0.539823 	0.011256 	-1.33599 	-0.015507 	
2.12	0.32982 	-0.172662 	0.539829 	0.011256 	-1.33599 	-0.015507 	
2.125	0.329861 	-0.172658 	0.539836 	0.011256 	-1.33599 	-0.015507 	
2.13	0.329901 	-0.172654 	0.539842 	0.011256 	-1.33599 	-0.015507 	
2.135	0.32994 	-0.172651 	0.539848 	0.011256 	-1.33599 	-0.015507 	
2.14	0.329917 	-0.17266 	0.539842 	0.00967487 	-1.33488 	-0.0133287 	
2.145	0.329956 	-0.172656 	0.539849 	0.00967487 	-1.33488 	-0.0133287 	
2.15	0.329994 	-0.172652 	0.539855 	0.00967487 	-1.33488 	-0.0133287 	
2.155	0.330032 	-0.172649 	0.53986 	0.00967487 	-1.33488 	-0.0133287 	
2.16	0.330069 	-0.172645 	0.539866 	0.00967487 	-1.33488 	-0.0133287 	
2.165	0.330105 	-0.172642 	0.539872 	0.00967487 	-1.33488 	-0.0133287 	
2.17	0.330141 	-0.172638 	0.539878 	0.00967487 	-1.33488 	-0.0133287 	
2.175	0.330111 	-0.172649 	0.539871 	0.00799923 	-1.33371 	-0.0110202 	
2.18	0.330146 	-0.172645 	0.539876 	0.00799923 	-1.33371 	-0.0110202 	
2.185	0.330181 	-0.172642 	0.539882 	0.00799923 	-1.33371 	-0.0110202 	
2.19	0.330215 	-0.172639 	0.539887 	0.00799923 	-1.33371 	-0.0110202 	
2.195	0.330249 	-0.172635 	0.539892 	0.00799923 	-1.33371 	-0.0110202 	
2.2	0.330282 	-0.172632 	0.539897 	0.00799923 	-1.33371 	-0.0110202 	
2.205	0.330315 	-0.172629 	0.539903 	0.00799923 	-1.33371 	-0.0110202 	
2.21	0.330286 	-0.172639 	0.539896 	0.0064557 	-1.33262 	-0.00889373 	
2.215	0.330317 	-0.172636 	0.539901 	0.0064557 	-1.33262 	-0.00889373 	
2.22	0.330349 	-0.172633 	0.539906 	0.0064557 	-1.33262 	-0.00889373 	
2.225	0.330379 	-0.17263 	0.539911 	0.0064557 	-1.33262 	-0.00889373 	
2.23	0.330409 	-0.172627 	0.539915 	0.0064557 	-1.33262 	-0.00889373 	
2.235	0.330439 	-0.172624 	0.53992 	0.0064557 	-1.33262 	-0.00889373 	
2.24	0.330468 	-0.172621 	0.539925 	0.0064557 	-1.33262 	-0.00889373 	
2.245	0.330497 	-0.172618 	0.539929 	0.0064557 	-1.33262 	-0.00889373 	
2.25	0.330464 	-0.172629 	0.539922 	0.00490671 	-1.33154 	-0.00675971 	
2.255	0.330491 	-0.172626 	0.539926 	0.00490671 	-1.33154 	-0.00675971 	
2.26	0.330518 	-0.172624 	0.539931 	0.00490671 	-1.33154 	-0.00675971 	
2.265	0.330545 	-0.172621 	0.539935 	0.00490671 	-1.33154 	-0.00675971 	
2.27	0.330571 	-0.172618 	0.539939 	0.00490671 	-1.33154 	-0.00675971 	
2.275	0.330596 	-0.172616 	0.539943 	0.00490671 	-1.33154 	-0.00675971 	
2.28	0.330621 	-0.172613 	0.539947 	0.00490671 	-1.33154 	-0.00675971 	
2.285	0.330646 	-0.172611 	0.53995 	0.00490671 	-1.33154 	-0.00675971 	
2.29	0.330669 	-0.172609 	0.539954 	0.00490671 	-1.33154 	-0.00675971 	
2.295	0.330693 	-0.172606 	0.539958 	0.00490671 	-1.33154 	-0.00675971 	
2.3	0.330652 	-0.172618 	0.53995 	0.00327998 	-1.3304 	-0.00451858 	
2.305	0.330674 	-0.172616 	0.539953 	0.00327998 	-1.3304 	-0.00451858 	
2.31	0.330696 	-0.172614 	0.539956 	0.00327998 	-1.3304 	-0.00451858 	
2.315	0.330717 	-0.172612 	0.53996 	0.00327998 	-1.3304 	-0.00451858 	
2.32	0.330738 	-0.17261 	0.539963 	0.00327998 	-1.3304 	-0.00451858 	
2.325	0.330758 	-0.172608 	0.539966 	0.00327998 	-1.3304 	-0.00451858 	
2.33	0.330778 	-0.172606 	0.539969 	0.00327998 	-1.3304 	-0.00451858 	
2.335	0.330797 	-0.172604 	0.539972 	0.00327998 	-1.3304 	-0.00451858 	
2.34	0.330816 	-0.172602 	0.539975 	0.00327998 	-1.3304 	-0.00451858 	
2.345	0.330834 	-0.1726 	0.539978 	0.00327998 	-1.3304 	-0.00451858 	
2.35	0.330851 	-0.172598 	0.539981 	0.00327998 	-1.3304 	-0.00451858 	
2.355	0.330868 	-0.172597 	0.539983 	0.00327998 	-1.3304 	-0.00451858 	
2.36	0.330825 	-0.172609 	0.539975 	0.00175596 	-1.32933 	-0.00241898 	
2.365	0.330841 	-0.172607 	0.539977 	0.00175596 	-1.32933 	-0.00241898 	
2.37	0.330856 	-0.172605 	0.53998 	0.00175596 	-1.32933 	-0.00241898 	
2.375	0.330871 	-0.172604 	0.539982 	0.00175596 	-1.32933 	-0.00241898 	
2.38	0.330885 	-0.172603 	0.539984 	0.00175596 	-1.32933 	-0.00241898 	
2.385	0.330899 	-0.172601 	0.539986 	0.00175596 	-1.32933 	-0.00241898 	
2.39	0.330912 	-0.1726 	0.539988 	0.00175596 	-1.32933 	-0.00241898 	
2.395	0.330925 	-0.172598 	0.53999 	0.00175596 	-1.32933 	-0.00241898 	
2.4	0.330937 	-0.172597 	0.539992 	0.00175596 	-1.32933 	-0.00241898 	
2.405	0.330949 	-0.172596 	0.539994 	0.00175596 	-1.32933 	-0.00241898 	
2.41	0.33096 	-0.172595 	0.539996 	0.00175596 	-1.32933 	-0.00241898 	
2.415	0.330971 	-0.172594 	0.539997 	0.00175596 	-1.32933 	-0.00241898 	
2.42	0.330981 	-0.172593 	0.539999 	0.00175596 	-1.32933 	-0.00241898 	
2.425	0.330989 	-0.172592 	0.54 	0.00175596 	-1.32933 	-0.00241898 	
2.43	0.330999 	-0.172591 	0.540002 	0.00175596 	-1.32933 	-0.00241898 	
2.435	0.331007 	-0.17259 	0.540003 	0.00175596 	-1.32933 	-0.00241898 	
2.44	0.331015 	-0.172589 	0.540004 	0.00175596 	-1.32933 	-0.00241898 	
2.445	0.331022 	-0.172589 	0.540005 	0.00175596 	-1.32933 	-0.00241898 	
2.45	0.331029 	-0.172588 	0.540006 	0.00175596 	-1.32933 	-0.00241898 	
2.455	0.331035 	-0.172587 	0.540007 	0.00175596 	-1.32933 	-0.00241898 	
2.46	0.331041 	-0.172587 	0.540008 	0.00175596 	-1.32933 	-0.00241898 	
2.465	0.331046 	-0.172586 	0.540009 	0.00175596 	-1.32933 	-0.00241898 	
2.47	0.331051 	-0.172586 	0.54001 	0.00175596 	-1.32933 	-0.00241898 	
2.475	0.331055 	-0.172585 	0.540011 	0.00175596 	-1.32933 	-0.00241898 	
2.48	0.330999 	-0.172599 	0.54 	0.000234724 	-1.32826 	-0.000323205 	
2.485	0.331002 	-0.172599 	0.540001 	0.000234724 	-1.32826 	-0.000323205 	
2.49	0.331005 	-0.172598 	0.540001 	0.000234724 	-1.32826 	-0.000323205 	
2.495	0.331006 	-0.172598 	0.540001 	0.000234724 	-1.32826 	-0.000323205 	
2.5	0.331008 	-0.172598 	0.540001 	0.000234724 	-1.32826 	-0.000323205 	
2.505	0.331008 	-0.172598 	0.540001 	0.000234724 	-1.32826 	-0.000323205 	
2.51	0.331009 	-0.172598 	0.540002 	0.000234724 	-1.32826 	-0.000323205 	
2.515	0.331011 	-0.172596 	0.540002 	0.000234724 	-1.32826 	-0.000323205 	
2.52	0.331011 	-0.172596 	0.540002 	0.000234724 	-1.32826 	-0.000323205 	
2.525	0.331013 	-0.172597 	0.54 	0.000234724 	-1.32826 	-0.000323205 	
2.53	0.331014 	-0.172598 	0.539999 	0.000234724 	-1.32826 	-0.000323205 	
2.535	0.331016 	-0.172599 	0.539998 	0.000234724 	-1.32826 	-0.000323205 	
2.54	0.331018 	-0.172601 	0.539996 	0.000234724 	-1.32826 	-0.000323205 	
2.545	0.331021 	-0.172603 	0.539995 	0.000234724 	-1.32826 	-0.000323205 	
2.55	0.331024 	-0.172605 	0.539992 	0.000234724 	-1.32826 	-0.000323205 	
2.555	0.331027 	-0.172607 	0.53999 	0.000234724 	-1.32826 	-0.000323205 	
2.56	0.33103 	-0.17261 	0.539987 	0.000234724 	-1.32826 	-0.000323205 	
2.565	0.331032 	-0.172616 	0.539984 	0.000234724 	-1.32826 	-0.000323204 	
2.57	0.331036 	-0.172619 	0.53998 	0.000234724 	-1.32826 	-0.000323204 	
2.575	0.331041 	-0.172623 	0.539977 	0.000234724 	-1.32826 	-0.000323204 	
2.58	0.331046 	-0.172627 	0.539973 	0.000234724 	-1.32826 	-0.000323205 	
2.585	0.331049 	-0.172603 	0.539969 	0.00134731 	-1.32827 	-3.22779e-05 	
2.59	0.331055 	-0.172608 	0.539964 	0.00134731 	-1.32827 	-3.2278e-05 	
2.595	0.331062 	-0.172613 	0.539959 	0.00134731 	-1.32827 	-3.22781e-05 	
2.6	0.331069 	-0.172618 	0.539954 	0.00134731 	-1.32827 	-3.22782e-05 	
2.605	0.331076 	-0.172624 	0.539948 	0.00134731 	-1.32827 	-3.22782e-05 	
2.61	0.331084 	-0.172629 	0.539942 	0.00134731 	-1.32827 	-3.22783e-05 	
2.615	0.331097 	-0.172604 	0.539938 	0.00272614 	-1.32843 	-2.73388e-06 	
2.62	0.331106 	-0.17261 	0.539932 	0.00272614 	-1.32843 	-2.734e-06 	
2.625	0.331114 	-0.172617 	0.539925 	0.00272614 	-1.32843 	-2.73412e-06 	
2.63	0.331124 	-0.172624 	0.539918 	0.00272614 	-1.32843 	-2.73425e-06 	
2.635	0.331133 	-0.172631 	0.539911 	0.00272614 	-1.32843 	-2.7344e-06 	
2.64	0.33115 	-0.172604 	0.539905 	0.00424021 	-1.3286 	3.51554e-07 	
2.645	0.33116 	-0.172612 	0.539897 	0.00424021 	-1.3286 	3.51383e-07 	
2.65	0.331171 	-0.17262 	0.539889 	0.00424021 	-1.3286 	3.512e-07 	
2.655	0.331182 	-0.172628 	0.539881 	0.00424021 	-1.3286 	3.51002e-07 	
2.66	0.331199 	-0.172604 	0.539874 	0.00570041 	-1.32878 	6.20997e-07 	
2.665	0.331211 	-0.172613 	0.539865 	0.00570041 	-1.32878 	6.2077e-07 	
2.67	0.331223 	-0.172622 	0.539856 	0.00570041 	-1.32878 	6.20526e-07 	
2.675	0.331236 	-0.172632 	0.539846 	0.00570041 	-1.32878 	6.20267e-07 	
2.68	0.331256 	-0.172605 	0.539839 	0.00733828 	-1.32897 	8.00348e-07 	
2.685	0.33127 	-0.172615 	0.539828 	0.00733828 	-1.32897 	8.00054e-07 	
2.69	0.331283 	-0.172625 	0.539818 	0.00733828 	-1.32897 	7.99742e-07 	
2.695	0.331303 	-0.172604 	0.539809 	0.0087406 	-1.32914 	6.24526e-07 	
2.7	0.331318 	-0.172615 	0.539798 	0.0087406 	-1.32914 	6.24176e-07 	
2.705	0.331333 	-0.172626 	0.539787 	0.0087406 	-1.32914 	6.23806e-07 	
2.71	0.331354 	-0.172604 	0.539777 	0.0102207 	-1.32932 	6.69982e-07 	
2.715	0.33137 	-0.172616 	0.539765 	0.0102207 	-1.32932 	6.69571e-07 	
2.72	0.331386 	-0.172628 	0.539753 	0.0102207 	-1.32932 	6.69138e-07 	
2.725	0.331409 	-0.172604 	0.539743 	0.0118092 	-1.32951 	7.67448e-07 	
2.73	0.331426 	-0.172617 	0.53973 	0.0118092 	-1.32951 	7.66969e-07 	
2.735	0.331448 	-0.172625 	0.539717 	0.0118093 	-1.32951 	7.64916e-07 	
2.74	0.331473 	-0.1726 	0.539706 	0.0135087 	-1.32971 	8.78614e-07 	
2.745	0.331491 	-0.172613 	0.539693 	0.0135087 	-1.32971 	8.78062e-07 	
2.75	0.331509 	-0.172627 	0.539679 	0.0135087 	-1.32971 	8.77486e-07 	
2.755	0.331535 	-0.1726 	0.539667 	0.0153183 	-1.32992 	9.9815e-07 	
2.76	0.331554 	-0.172614 	0.539653 	0.0153183 	-1.32992 	9.97519e-07 	
2.765	0.331579 	-0.172599 	0.53964 	0.0166474 	-1.33008 	5.96399e-07 	
2.77	0.331599 	-0.172614 	0.539625 	0.0166474 	-1.33008 	5.95712e-07 	
2.775	0.331624 	-0.172599 	0.539612 	0.0179715 	-1.33024 	5.53777e-07 	
2.78	0.331645 	-0.172614 	0.539596 	0.0179715 	-1.33024 	5.53031e-07 	
2.785	0.331671 	-0.172599 	0.539582 	0.0193381 	-1.3304 	5.8221e-07 	
2.79	0.331693 	-0.172615 	0.539566 	0.0193381 	-1.3304 	5.81402e-07 	
2.795	0.33172 	-0.172599 	0.539552 	0.0207517 	-1.33057 	6.22272e-07 	
2.8	0.331742 	-0.172615 	0.539535 	0.0207517 	-1.33057 	6.21399e-07 	
2.805	0.33177 	-0.172599 	0.539521 	0.0222124 	-1.33074 	6.64899e-07 	
2.81	0.331793 	-0.172616 	0.539503 	0.0222124 	-1.33074 	6.63957e-07 	
2.815	0.331822 	-0.172599 	0.539488 	0.0237199 	-1.33092 	7.08829e-07 	
2.82	0.331845 	-0.172617 	0.53947 	0.0237199 	-1.33092 	7.07817e-07 	
2.825	0.331875 	-0.172599 	0.539455 	0.0252739 	-1.33111 	7.5387e-07 	
2.83	0.331899 	-0.172617 	0.539436 	0.0252739 	-1.33111 	7.52783e-07 	
2.835	0.33193 	-0.1726 	0.53942 	0.026874 	-1.3313 	7.99962e-07 	
2.84	0.331955 	-0.172618 	0.539401 	0.026874 	-1.3313 	7.98797e-07 	
2.845	0.33198 	-0.172606 	0.539385 	0.0285197 	-1.33149 	8.69576e-07 	
2.85	0.332006 	-0.172625 	0.539366 	0.0285197 	-1.33149 	8.68364e-07 	
2.855	0.332038 	-0.172607 	0.539349 	0.0302106 	-1.33169 	8.9738e-07 	
2.86	0.332064 	-0.172626 	0.539329 	0.0302106 	-1.33169 	8.9605e-07 	
2.865	0.332098 	-0.172607 	0.539311 	0.0319464 	-1.3319 	9.44341e-07 	
2.87	0.332125 	-0.172627 	0.539291 	0.0319464 	-1.3319 	9.42924e-07 	
2.875	0.332159 	-0.172607 	0.539273 	0.0337266 	-1.33211 	9.94011e-07 	
2.88	0.332187 	-0.172627 	0.539252 	0.0337266 	-1.33211 	9.92503e-07 	
2.885	0.332222 	-0.172607 	0.539234 	0.0355508 	-1.33233 	1.0447e-06 	
2.89	0.33225 	-0.172628 	0.539212 	0.0355508 	-1.33233 	1.0431e-06 	
2.895	0.332286 	-0.172607 	0.539194 	0.0374184 	-1.33255 	1.0962e-06 	
2.9	0.332315 	-0.172628 	0.539172 	0.0374184 	-1.33255 	1.0945e-06 	
2.905	0.332351 	-0.172607 	0.539153 	0.0393291 	-1.33278 	1.14845e-06 	
2.91	0.332381 	-0.172629 	0.53913 	0.0393291 	-1.33278 	1.14665e-06 	
2.915	0.332419 	-0.172607 	0.539111 	0.0412824 	-1.33301 	1.20139e-06 	
2.92	0.332449 	-0.17263 	0.539088 	0.0412824 	-1.33301 	1.19949e-06 	
2.925	0.332487 	-0.172607 	0.539068 	0.0432777 	-1.33325 	1.25499e-06 	
2.93	0.332518 	-0.17263 	0.539044 	0.0432777 	-1.33325 	1.25298e-06 	
2.935	0.332557 	-0.172607 	0.539024 	0.0453146 	-1.33349 	1.3092e-06 	
2.94	0.332589 	-0.172631 	0.539 	0.0453146 	-1.33349 	1.30707e-06 	
2.945	0.332628 	-0.172608 	0.53898 	0.0473925 	-1.33374 	1.36396e-06 	
2.95	0.332661 	-0.172631 	0.538955 	0.0473925 	-1.33374 	1.36171e-06 	
2.955	0.332701 	-0.172608 	0.538934 	0.049511 	-1.33399 	1.41922e-06 	
2.96	0.332734 	-0.172632 	0.538909 	0.049511 	-1.33399 	1.41686e-06 	
2.965	0.332775 	-0.172608 	0.538888 	0.0516696 	-1.33425 	1.47494e-06 	
2.97	0.332809 	-0.172632 	0.538862 	0.0516696 	-1.33425 	1.47246e-06 	
2.975	0.332851 	-0.172608 	0.538841 	0.0538676 	-1.33451 	1.53107e-06 	
2.98	0.332885 	-0.172633 	0.538815 	0.0538676 	-1.33451 	1.52846e-06 	
2.985	0.332927 	-0.172608 	0.538793 	0.0561045 	-1.33478 	1.58756e-06 	
2.99	0.332963 	-0.172633 	0.538766 	0.0561045 	-1.33478 	1.58481e-06 	
2.995	0.333006 	-0.172608 	0.538744 	0.0583798 	-1.33505 	1.64434e-06 	
3	0.333045 	-0.172605 	0.538719 	0.059647 	-1.3352 	6.37798e-07 	
3.005	0.333082 	-0.172631 	0.538692 	0.059647 	-1.3352 	6.34848e-07 	
3.01	0.333125 	-0.172608 	0.538669 	0.0618752 	-1.33546 	1.49423e-06 	
3.015	0.333166 	-0.172606 	0.538644 	0.0631626 	-1.33562 	6.39131e-07 	
3.02	0.333203 	-0.172632 	0.538616 	0.0631627 	-1.33562 	6.3597e-07 	
3.025	0.333248 	-0.172608 	0.538593 	0.0654424 	-1.33589 	1.56239e-06 	
3.03	0.33329 	-0.172605 	0.538567 	0.0667596 	-1.33604 	6.69494e-07 	
3.035	0.333328 	-0.172632 	0.538538 	0.0667596 	-1.33604 	6.66112e-07 	
3.04	0.333373 	-0.172608 	0.538514 	0.0690907 	-1.33632 	1.63767e-06 	
3.045	0.333416 	-0.172605 	0.538488 	0.0704369 	-1.33648 	7.00678e-07 	
3.05	0.333455 	-0.172633 	0.538459 	0.0704369 	-1.33648 	6.97068e-07 	
3.055	0.333501 	-0.172608 	0.538434 	0.072818 	-1.33676 	1.71165e-06 	
3.06	0.333545 	-0.172605 	0.538408 	0.0741925 	-1.33693 	7.31693e-07 	
3.065	0.333588 	-0.172605 	0.53838 	0.0754729 	-1.33708 	5.62743e-07 	
3.07	0.333632 	-0.172605 	0.538353 	0.0767515 	-1.33723 	5.44982e-07 	
3.075	0.333676 	-0.172605 	0.538326 	0.0780373 	-1.33739 	5.49064e-07 	
3.08	0.33372 	-0.172605 	0.538298 	0.0793312 	-1.33754 	5.55992e-07 	
3.085	0.333765 	-0.172605 	0.53827 	0.0806333 	-1.33769 	5.63258e-07 	
3.09	0.33381 	-0.172605 	0.538242 	0.0819434 	-1.33785 	5.7055e-07 	
3.095	0.333855 	-0.172605 	0.538214 	0.0832616 	-1.33801 	5.77826e-07 	
3.1	0.333901 	-0.172605 	0.538185 	0.0845876 	-1.33817 	5.85083e-07 	
3.105	0.333946 	-0.172605 	0.538157 	0.0859214 	-1.33832 	5.92317e-07 	
3.11	0.333992 	-0.172605 	0.538128 	0.087263 	-1.33848 	5.99527e-07 	
3.115	0.334039 	-0.172605 	0.538099 	0.0886123 	-1.33864 	6.06711e-07 	
3.12	0.334085 	-0.172605 	0.53807 	0.0899691 	-1.33881 	6.13867e-07 	
3.125	0.334132 	-0.172605 	0.538041 	0.0913334 	-1.33897 	6.20994e-07 	
3.13	0.334179 	-0.172605 	0.538011 	0.0927051 	-1.33913 	6.28089e-07 	
3.135	0.334226 	-0.172605 	0.537982 	0.0940841 	-1.3393 	6.35152e-07 	
3.14	0.334274 	-0.172605 	0.537952 	0.0954703 	-1.33946 	6.4218e-07 	
3.145	0.334322 	-0.172605 	0.537922 	0.0968637 	-1.33963 	6.49172e-07 	
3.15	0.33437 	-0.172605 	0.537892 	0.0982641 	-1.33979 	6.56126e-07 	
3.155	0.334418 	-0.172605 	0.537862 	0.0996715 	-1.33996 	6.63041e-07 	
3.16	0.334466 	-0.172605 	0.537832 	0.101086 	-1.34013 	6.69914e-07 	
3.165	0.334515 	-0.172605 	0.537801 	0.102507 	-1.3403 	6.76745e-07 	
3.17	0.334564 	-0.172605 	0.53777 	0.103935 	-1.34047 	6.83531e-07 	
3.175	0.334613 	-0.172606 	0.53774 	0.105369 	-1.34064 	6.9027e-07 	
3.18	0.334663 	-0.172606 	0.537709 	0.10681 	-1.34081 	6.96962e-07 	
3.185	0.334712 	-0.172606 	0.537678 	0.108257 	-1.34098 	7.03605e-07 	
3.19	0.334762 	-0.172606 	0.537647 	0.109711 	-1.34115 	7.10196e-07 	
3.195	0.334812 	-0.172606 	0.537615 	0.111171 	-1.34133 	7.16735e-07 	
3.2	0.334867 	-0.172601 	0.537584 	0.112637 	-1.3415 	7.0795e-07 	
3.205	0.334917 	-0.172601 	0.537552 	0.114109 	-1.34168 	7.27973e-07 	
3.21	0.334968 	-0.172601 	0.537521 	0.115587 	-1.34185 	7.35855e-07 	
3.215	0.335019 	-0.172601 	0.537489 	0.117071 	-1.34203 	7.4232e-07 	
3.22	0.33507 	-0.172601 	0.537457 	0.118561 	-1.34221 	7.48587e-07 	
3.225	0.335121 	-0.172601 	0.537425 	0.120057 	-1.34239 	7.54778e-07 	
3.23	0.335173 	-0.172601 	0.537393 	0.121558 	-1.34256 	7.60904e-07 	
3.235	0.335224 	-0.172601 	0.537361 	0.123065 	-1.34274 	7.66965e-07 	
3.24	0.335276 	-0.172601 	0.537328 	0.124577 	-1.34292 	7.72959e-07 	
3.245	0.335328 	-0.172601 	0.537296 	0.126094 	-1.3431 	7.78885e-07 	
3.25	0.335381 	-0.172601 	0.537263 	0.127617 	-1.34329 	7.84742e-07 	
3.255	0.335433 	-0.172601 	0.53723 	0.129145 	-1.34347 	7.90528e-07 	
3.26	0.335485 	-0.172601 	0.537197 	0.130678 	-1.34365 	7.96241e-07 	
3.265	0.335538 	-0.172601 	0.537164 	0.132215 	-1.34383 	8.0188e-07 	
3.27	0.335591 	-0.172601 	0.537131 	0.133758 	-1.34402 	8.07444e-07 	
3.275	0.335644 	-0.172601 	0.537098 	0.135305 	-1.3442 	8.12931e-07 	
3.28	0.335697 	-0.172601 	0.537065 	0.136858 	-1.34438 	8.1834e-07 	
3.285	0.335751 	-0.172601 	0.537032 	0.138414 	-1.34457 	8.23669e-07 	
3.29	0.335804 	-0.172601 	0.536998 	0.139975 	-1.34476 	8.28918e-07 	
3.295	0.335858 	-0.172601 	0.536965 	0.141541 	-1.34494 	8.34084e-07 	
3.3	0.335912 	-0.172601 	0.536931 	0.14311 	-1.34513 	8.39167e-07 	
3.305	0.335966 	-0.172601 	0.536897 	0.144684 	-1.34532 	8.44165e-07 	
3.31	0.33602 	-0.172601 	0.536863 	0.146262 	-1.3455 	8.49077e-07 	
3.315	0.336074 	-0.172601 	0.53683 	0.147844 	-1.34569 	8.53902e-07 	
3.32	0.336128 	-0.172601 	0.536796 	0.14943 	-1.34588 	8.58638e-07 	
3.325	0.336183 	-0.172601 	0.536762 	0.15102 	-1.34607 	8.63284e-07 	
3.33	0.336237 	-0.172601 	0.536727 	0.152613 	-1.34626 	8.67839e-07 	
3.335	0.336292 	-0.172601 	0.536693 	0.15421 	-1.34645 	8.72303e-07 	
3.34	0.336347 	-0.172601 	0.536659 	0.15581 	-1.34664 	8.76672e-07 	
3.345	0.336402 	-0.172601 	0.536625 	0.157414 	-1.34683 	8.80948e-07 	
3.35	0.336457 	-0.172601 	0.53659 	0.159021 	-1.34702 	8.85127e-07 	
3.355	0.336512 	-0.172601 	0.536556 	0.160631 	-1.34721 	8.8921e-07 	
3.36	0.336563 	-0.172606 	0.536521 	0.162245 	-1.34741 	9.11016e-07 	
3.365	0.336618 	-0.172606 	0.536486 	0.163861 	-1.3476 	8.99035e-07 	
3.37	0.336674 	-0.172606 	0.536452 	0.16548 	-1.34779 	9.0106e-07 	
3.375	0.33673 	-0.172606 	0.536417 	0.167102 	-1.34798 	9.04567e-07 	
3.38	0.336785 	-0.172606 	0.536382 	0.168727 	-1.34818 	9.08133e-07 	
3.385	0.336841 	-0.172606 	0.536347 	0.170354 	-1.34837 	9.11612e-07 	
3.39	0.336897 	-0.172606 	0.536312 	0.171984 	-1.34856 	9.14989e-07 	
3.395	0.336953 	-0.172606 	0.536277 	0.173616 	-1.34876 	9.18261e-07 	
3.4	0.337009 	-0.172606 	0.536242 	0.17525 	-1.34895 	9.21427e-07 	
3.405	0.337065 	-0.172606 	0.536207 	0.176887 	-1.34915 	9.24487e-07 	
3.41	0.337121 	-0.172606 	0.536172 	0.178525 	-1.34934 	9.2744e-07 	
3.415	0.337177 	-0.172606 	0.536137 	0.180166 	-1.34954 	9.30284e-07 	
3.42	0.337234 	-0.172606 	0.536102 	0.181808 	-1.34973 	9.3302e-07 	
3.425	0.33729 	-0.172606 	0.536067 	0.183452 	-1.34993 	9.35646e-07 	
3.43	0.337346 	-0.172606 	0.536031 	0.185098 	-1.35013 	9.38161e-07 	
3.435	0.337403 	-0.172606 	0.535996 	0.186745 	-1.35032 	9.40565e-07 	
3.44	0.337459 	-0.172606 	0.535961 	0.188394 	-1.35052 	9.42857e-07 	
3.445	0.337516 	-0.172606 	0.535926 	0.190044 	-1.35071 	9.45037e-07 	
3.45	0.337573 	-0.172606 	0.53589 	0.191696 	-1.35091 	9.47103e-07 	
3.455	0.337629 	-0.172606 	0.535855 	0.193348 	-1.35111 	9.49056e-07 	
3.46	0.337686 	-0.172606 	0.535819 	0.195002 	-1.3513 	9.50894e-07 	
3.465	0.337743 	-0.172606 	0.535784 	0.196657 	-1.3515 	9.52617e-07 	
3.47	0.337799 	-0.172606 	0.535748 	0.198312 	-1.3517 	9.54224e-07 	
3.475	0.337856 	-0.172606 	0.535713 	0.199968 	-1.35189 	9.55716e-07 	
3.48	0.337913 	-0.172606 	0.535677 	0.201625 	-1.35209 	9.57091e-07 	
3.485	0.33797 	-0.172606 	0.535642 	0.203282 	-1.35229 	9.58349e-07 	
3.49	0.338026 	-0.172606 	0.535606 	0.20494 	-1.35249 	9.59489e-07 	
3.495	0.338083 	-0.172606 	0.535571 	0.206598 	-1.35268 	9.60512e-07 	
3.5	0.33814 	-0.172606 	0.535535 	0.208256 	-1.35288 	9.61417e-07 	
3.505	0.338197 	-0.172606 	0.5355 	0.209915 	-1.35308 	9.62203e-07 	
3.51	0.338254 	-0.172606 	0.535464 	0.211573 	-1.35328 	9.62871e-07 	
3.515	0.338311 	-0.172606 	0.535429 	0.213231 	-1.35347 	9.63419e-07 	
3.52	0.338367 	-0.172606 	0.535393 	0.21489 	-1.35367 	9.63848e-07 	
3.525	0.338424 	-0.172606 	0.535358 	0.216547 	-1.35387 	9.64157e-07 	
3.53	0.338481 	-0.172606 	0.535322 	0.218205 	-1.35406 	9.64347e-07 	
3.535	0.338545 	-0.172599 	0.535287 	0.219862 	-1.35426 	9.34481e-07 	
3.54	0.338602 	-0.172599 	0.535251 	0.221518 	-1.35446 	9.61084e-07 	
3.545	0.338659 	-0.172599 	0.535216 	0.223174 	-1.35466 	9.63873e-07 	
3.55	0.338716 	-0.172599 	0.53518 	0.224828 	-1.35485 	9.63881e-07 	
3.555	0.338772 	-0.172599 	0.535145 	0.226482 	-1.35505 	9.635e-07 	
3.56	0.338829 	-0.172599 	0.53511 	0.228135 	-1.35525 	9.62971e-07 	
3.565	0.338885 	-0.172599 	0.535074 	0.229787 	-1.35544 	9.6232e-07 	
3.57	0.338942 	-0.172599 	0.535039 	0.231437 	-1.35564 	9.61548e-07 	
3.575	0.338999 	-0.172599 	0.535004 	0.233086 	-1.35584 	9.60656e-07 	
3.58	0.339055 	-0.172599 	0.534968 	0.234734 	-1.35603 	9.59643e-07 	
3.585	0.339111 	-0.172599 	0.534933 	0.23638 	-1.35623 	9.58511e-07 	
3.59	0.339168 	-0.172599 	0.534898 	0.238025 	-1.35642 	9.57259e-07 	
3.595	0.339224 	-0.172599 	0.534863 	0.239668 	-1.35662 	9.55888e-07 	
3.6	0.33928 	-0.172599 	0.534828 	0.241309 	-1.35681 	9.54397e-07 	
3.605	0.339336 	-0.172599 	0.534792 	0.242948 	-1.35701 	9.52787e-07 	
3.61	0.339393 	-0.172599 	0.534757 	0.244585 	-1.3572 	9.51058e-07 	
3.615	0.339449 	-0.172599 	0.534722 	0.246219 	-1.3574 	9.4921e-07 	
3.62	0.339505 	-0.172599 	0.534687 	0.247852 	-1.35759 	9.47245e-07 	
3.625	0.33956 	-0.172599 	0.534652 	0.249482 	-1.35779 	9.45161e-07 	
3.63	0.339616 	-0.172599 	0.534618 	0.25111 	-1.35798 	9.42961e-07 	
3.635	0.339672 	-0.172599 	0.534583 	0.252735 	-1.35817 	9.40643e-07 	
3.64	0.339727 	-0.172599 	0.534548 	0.254358 	-1.35837 	9.38209e-07 	
3.645	0.339783 	-0.172599 	0.534513 	0.255977 	-1.35856 	9.35659e-07 	
3.65	0.339838 	-0.172599 	0.534479 	0.257594 	-1.35875 	9.32994e-07 	
3.655	0.339894 	-0.172598 	0.534444 	0.259208 	-1.35894 	9.30213e-07 	
3.66	0.339949 	-0.172598 	0.53441 	0.260819 	-1.35914 	9.27319e-07 	
3.665	0.340004 	-0.172598 	0.534375 	0.262427 	-1.35933 	9.2431e-07 	
3.67	0.340059 	-0.172598 	0.534341 	0.264032 	-1.35952 	9.21189e-07 	
3.675	0.340114 	-0.172598 	0.534307 	0.265633 	-1.35971 	9.17955e-07 	
3.68	0.340169 	-0.172598 	0.534272 	0.26723 	-1.3599 	9.1461e-07 	
3.685	0.340223 	-0.172598 	0.534238 	0.268825 	-1.36009 	9.11154e-07 	
3.69	0.340278 	-0.172598 	0.534204 	0.270415 	-1.36028 	9.07587e-07 	
3.695	0.340332 	-0.172598 	0.53417 	0.272002 	-1.36047 	9.03912e-07 	
3.7	0.340386 	-0.172598 	0.534136 	0.273585 	-1.36065 	9.00128e-07 	
3.705	0.34044 	-0.172598 	0.534103 	0.275163 	-1.36084 	8.96236e-07 	
3.71	0.340494 	-0.172598 	0.534069 	0.276738 	-1.36103 	8.92237e-07 	
3.715	0.340548 	-0.172598 	0.534035 	0.278309 	-1.36122 	8.88133e-07 	
3.72	0.340593 	-0.172607 	0.534002 	0.279875 	-1.3614 	9.19089e-07 	
3.725	0.340646 	-0.172607 	0.533968 	0.281437 	-1.36159 	8.83464e-07 	
3.73	0.3407 	-0.172607 	0.533935 	0.282995 	-1.36177 	8.75574e-07 	
3.735	0.340753 	-0.172607 	0.533902 	0.284548 	-1.36196 	8.70706e-07 	
3.74	0.340806 	-0.172607 	0.533868 	0.286097 	-1.36214 	8.66052e-07 	
3.745	0.340859 	-0.172607 	0.533835 	0.28764 	-1.36233 	8.6133e-07 	
3.75	0.340912 	-0.172607 	0.533802 	0.289179 	-1.36251 	8.56513e-07 	
3.755	0.340964 	-0.172607 	0.53377 	0.290713 	-1.36269 	8.51598e-07 	
3.76	0.341017 	-0.172607 	0.533737 	0.292242 	-1.36287 	8.46587e-07 	
3.765	0.341069 	-0.172607 	0.533704 	0.293766 	-1.36306 	8.41481e-07 	
3.77	0.341121 	-0.172607 	0.533672 	0.295285 	-1.36324 	8.36281e-07 	
3.775	0.341173 	-0.172607 	0.533639 	0.296798 	-1.36342 	8.30989e-07 	
3.78	0.341224 	-0.172607 	0.533607 	0.298306 	-1.3636 	8.25605e-07 	
3.785	0.341276 	-0.172607 	0.533575 	0.299808 	-1.36377 	8.20131e-07 	
3.79	0.341327 	-0.172607 	0.533543 	0.301305 	-1.36395 	8.14568e-07 	
3.795	0.341378 	-0.172607 	0.533511 	0.302796 	-1.36413 	8.08918e-07 	
3.8	0.341429 	-0.172607 	0.533479 	0.304282 	-1.36431 	8.03182e-07 	
3.805	0.34148 	-0.172607 	0.533447 	0.305761 	-1.36448 	7.97361e-07 	
3.81	0.34153 	-0.172607 	0.533416 	0.307235 	-1.36466 	7.91458e-07 	
3.815	0.34158 	-0.172607 	0.533384 	0.308702 	-1.36483 	7.85472e-07 	
3.82	0.341631 	-0.172607 	0.533353 	0.310164 	-1.36501 	7.79406e-07 	
3.825	0.34168 	-0.172607 	0.533322 	0.311619 	-1.36518 	7.73261e-07 	
3.83	0.34173 	-0.172607 	0.533291 	0.313067 	-1.36535 	7.67039e-07 	
3.835	0.341779 	-0.172607 	0.53326 	0.31451 	-1.36552 	7.60742e-07 	
3.84	0.341829 	-0.172607 	0.533229 	0.315946 	-1.36569 	7.5437e-07 	
3.845	0.341878 	-0.172607 	0.533199 	0.317375 	-1.36586 	7.47926e-07 	
3.85	0.341926 	-0.172607 	0.533168 	0.318798 	-1.36603 	7.41411e-07 	
3.855	0.341975 	-0.172607 	0.533138 	0.320213 	-1.3662 	7.34826e-07 	
3.86	0.342023 	-0.172607 	0.533108 	0.321622 	-1.36637 	7.28174e-07 	
3.865	0.342071 	-0.172607 	0.533078 	0.323024 	-1.36654 	7.21456e-07 	
3.87	0.342119 	-0.172607 	0.533048 	0.324419 	-1.3667 	7.14673e-07 	
3.875	0.342166 	-0.172607 	0.533018 	0.325807 	-1.36687 	7.07828e-07 	
3.88	0.342214 	-0.172607 	0.532989 	0.327188 	-1.36703 	7.00923e-07 	
3.885	0.342261 	-0.172607 	0.532959 	0.328561 	-1.3672 	6.93958e-07 	
3.89	0.34231 	-0.172604 	0.53293 	0.329927 	-1.36736 	6.78696e-07 	
3.895	0.342356 	-0.172604 	0.532901 	0.331286 	-1.36752 	6.78954e-07 	
3.9	0.342403 	-0.172604 	0.532872 	0.332636 	-1.36768 	6.72637e-07 	
3.905	0.342449 	-0.172604 	0.532843 	0.33398 	-1.36784 	6.65536e-07 	
3.91	0.342494 	-0.172604 	0.532815 	0.335315 	-1.368 	6.58311e-07 	
3.915	0.34254 	-0.172604 	0.532786 	0.336643 	-1.36816 	6.5103e-07 	
3.92	0.342585 	-0.172604 	0.532758 	0.337963 	-1.36831 	6.43702e-07 	
3.925	0.34263 	-0.172604 	0.53273 	0.339275 	-1.36847 	6.3633e-07 	
3.93	0.342675 	-0.172604 	0.532702 	0.340579 	-1.36863 	6.28915e-07 	
3.935	0.342719 	-0.172604 	0.532674 	0.341875 	-1.36878 	6.2146e-07 	
3.94	0.342763 	-0.172604 	0.532647 	0.343162 	-1.36893 	6.13965e-07 	
3.945	0.342807 	-0.172604 	0.532619 	0.344441 	-1.36909 	6.06434e-07 	
3.95	0.342851 	-0.172604 	0.532592 	0.345712 	-1.36924 	5.98869e-07 	
3.955	0.342897 	-0.17263 	0.532561 	0.345712 	-1.36924 	5.87727e-07 	
3.96	0.342937 	-0.172607 	0.532538 	0.348101 	-1.36952 	1.94553e-06 	
3.965	0.342979 	-0.172604 	0.532512 	0.349461 	-1.36968 	8.10161e-07 	
3.97	0.343025 	-0.17263 	0.532481 	0.349461 	-1.36968 	7.99358e-07 	
3.975	0.343064 	-0.172607 	0.532459 	0.351812 	-1.36996 	1.91064e-06 	
3.98	0.343106 	-0.172604 	0.532433 	0.353145 	-1.37012 	7.83012e-07 	
3.985	0.343151 	-0.172629 	0.532403 	0.353145 	-1.37012 	7.72562e-07 	
3.99	0.343188 	-0.172607 	0.532381 	0.355445 	-1.37039 	1.83317e-06 	
3.995	0.343229 	-0.172604 	0.532356 	0.356748 	-1.37055 	7.50371e-07 	
4	0.343273 	-0.172628 	0.532327 	0.356748 	-1.37055 	7.40287e-07 	
4.005	0.34331 	-0.172606 	0.532305 	0.358997 	-1.37082 	1.75442e-06 	
4.01	0.343349 	-0.172604 	0.53228 	0.36027 	-1.37097 	7.17446e-07 	
4.015	0.343396 	-0.172624 	0.532252 	0.36027 	-1.37097 	7.05372e-07 	
4.02	0.343432 	-0.172603 	0.532231 	0.362465 	-1.37123 	1.67485e-06 	
4.025	0.343475 	-0.172626 	0.532203 	0.362465 	-1.37123 	1.6654e-06 	
4.03	0.343509 	-0.172603 	0.532182 	0.364718 	-1.3715 	1.85797e-06 	
4.035	0.343551 	-0.172626 	0.532155 	0.364718 	-1.3715 	1.84878e-06 	
4.04	0.343586 	-0.172603 	0.532135 	0.366944 	-1.37176 	1.835e-06 	
4.045	0.343627 	-0.172625 	0.532108 	0.366944 	-1.37176 	1.82607e-06 	
4.05	0.34366 	-0.172603 	0.532088 	0.369131 	-1.37202 	1.77849e-06 	
4.055	0.343701 	-0.172625 	0.532062 	0.369131 	-1.37202 	1.76984e-06 	
4.06	0.343734 	-0.172603 	0.532042 	0.371278 	-1.37228 	1.71744e-06 	
4.065	0.343774 	-0.172624 	0.532016 	0.371278 	-1.37228 	1.70905e-06 	
4.07	0.343806 	-0.172603 	0.531997 	0.373386 	-1.37253 	1.65594e-06 	
4.075	0.343845 	-0.172624 	0.531972 	0.373386 	-1.37253 	1.64783e-06 	
4.08	0.343877 	-0.172603 	0.531953 	0.375452 	-1.37278 	1.59459e-06 	
4.085	0.343915 	-0.172623 	0.531928 	0.375452 	-1.37278 	1.58675e-06 	
4.09	0.343946 	-0.172603 	0.53191 	0.377478 	-1.37302 	1.5335e-06 	
4.095	0.343983 	-0.172623 	0.531885 	0.377478 	-1.37302 	1.52595e-06 	
4.1	0.344014 	-0.172603 	0.531867 	0.379462 	-1.37325 	1.47277e-06 	
4.105	0.344051 	-0.172622 	0.531843 	0.379462 	-1.37325 	1.46549e-06 	
4.11	0.34408 	-0.172602 	0.531826 	0.381403 	-1.37348 	1.41245e-06 	
4.115	0.344116 	-0.172622 	0.531802 	0.381403 	-1.37348 	1.40545e-06 	
4.12	0.344145 	-0.172602 	0.531785 	0.383302 	-1.37371 	1.35261e-06 	
4.125	0.34418 	-0.172621 	0.531762 	0.383302 	-1.37371 	1.34589e-06 	
4.13	0.344208 	-0.172602 	0.531746 	0.385158 	-1.37393 	1.29332e-06 	
4.135	0.344243 	-0.17262 	0.531723 	0.385158 	-1.37393 	1.28688e-06 	
4.14	0.34427 	-0.172602 	0.531707 	0.38697 	-1.37415 	1.23464e-06 	
4.145	0.344304 	-0.17262 	0.531685 	0.38697 	-1.37415 	1.22848e-06 	
4.15	0.344331 	-0.172602 	0.531669 	0.388738 	-1.37436 	1.17664e-06 	
4.155	0.344364 	-0.172619 	0.531648 	0.388738 	-1.37436 	1.17076e-06 	
4.16	0.34439 	-0.172602 	0.531632 	0.390462 	-1.37456 	1.11939e-06 	
4.165	0.344422 	-0.172619 	0.531612 	0.390462 	-1.37456 	1.11378e-06 	
4.17	0.344447 	-0.172602 	0.531597 	0.39214 	-1.37476 	1.06295e-06 	
4.175	0.344473 	-0.172624 	0.531576 	0.39214 	-1.37476 	1.06048e-06 	
4.18	0.344497 	-0.172607 	0.531562 	0.393773 	-1.37496 	1.00786e-06 	
4.185	0.344528 	-0.172623 	0.531542 	0.393773 	-1.37496 	1.0028e-06 	
4.19	0.344552 	-0.172607 	0.531528 	0.395361 	-1.37514 	9.52775e-07 	
4.195	0.344581 	-0.172623 	0.531509 	0.395361 	-1.37514 	9.47984e-07 	
4.2	0.344604 	-0.172607 	0.531495 	0.396902 	-1.37533 	8.99086e-07 	
4.205	0.344633 	-0.172622 	0.531476 	0.396902 	-1.37533 	8.94561e-07 	
4.21	0.344655 	-0.172607 	0.531463 	0.398397 	-1.37551 	8.46492e-07 	
4.215	0.344683 	-0.172621 	0.531445 	0.398397 	-1.37551 	8.42229e-07 	
4.22	0.344705 	-0.172607 	0.531432 	0.399844 	-1.37568 	7.95019e-07 	
4.225	0.344732 	-0.172621 	0.531415 	0.399844 	-1.37568 	7.91013e-07 	
4.23	0.344752 	-0.172607 	0.531402 	0.401245 	-1.37584 	7.44719e-07 	
4.235	0.344778 	-0.17262 	0.531386 	0.401245 	-1.37584 	7.40967e-07 	
4.24	0.344799 	-0.172607 	0.531373 	0.402598 	-1.37601 	6.95651e-07 	
4.245	0.344824 	-0.17262 	0.531357 	0.402598 	-1.37601 	6.92147e-07 	
4.25	0.344843 	-0.172606 	0.531346 	0.403902 	-1.37616 	6.4787e-07 	
4.255	0.344867 	-0.172619 	0.53133 	0.403902 	-1.37616 	6.44608e-07 	
4.26	0.344891 	-0.172631 	0.531315 	0.403902 	-1.37616 	6.41466e-07 	
4.265	0.344907 	-0.172608 	0.531306 	0.405705 	-1.37638 	1.16557e-06 	
4.27	0.34493 	-0.172619 	0.531291 	0.405705 	-1.37638 	1.16266e-06 	
4.275	0.344952 	-0.172631 	0.531277 	0.405705 	-1.37638 	1.15986e-06 	
4.28	0.344967 	-0.172607 	0.531268 	0.407459 	-1.37658 	1.15901e-06 	
4.285	0.344988 	-0.172619 	0.531254 	0.407459 	-1.37658 	1.15643e-06 	
4.29	0.345009 	-0.172629 	0.531241 	0.407459 	-1.37658 	1.15397e-06 	
4.295	0.345023 	-0.172607 	0.531233 	0.409109 	-1.37678 	1.03854e-06 	
4.3	0.345043 	-0.172618 	0.53122 	0.409109 	-1.37678 	1.03629e-06 	
4.305	0.345063 	-0.172628 	0.531208 	0.409109 	-1.37678 	1.03414e-06 	
4.31	0.345075 	-0.172607 	0.5312 	0.410647 	-1.37696 	9.0719e-07 	
4.315	0.345094 	-0.172617 	0.531189 	0.410647 	-1.37696 	9.05243e-07 	
4.32	0.345112 	-0.172626 	0.531177 	0.410647 	-1.37696 	9.03395e-07 	
4.325	0.345124 	-0.172607 	0.53117 	0.412074 	-1.37713 	7.81508e-07 	
4.33	0.345141 	-0.172616 	0.531159 	0.412074 	-1.37713 	7.79847e-07 	
4.335	0.345158 	-0.172624 	0.531149 	0.412074 	-1.37713 	7.78277e-07 	
4.34	0.345168 	-0.172607 	0.531142 	0.413387 	-1.37729 	6.64001e-07 	
4.345	0.345184 	-0.172615 	0.531132 	0.413387 	-1.37729 	6.62606e-07 	
4.35	0.345199 	-0.172622 	0.531123 	0.413387 	-1.37729 	6.61296e-07 	
4.355	0.345214 	-0.17263 	0.531113 	0.413387 	-1.37729 	6.60067e-07 	
4.36	0.345222 	-0.172607 	0.531109 	0.414918 	-1.37747 	8.62659e-07 	
4.365	0.345236 	-0.172614 	0.5311 	0.414918 	-1.37747 	8.61586e-07 	
4.37	0.345249 	-0.172621 	0.531092 	0.414918 	-1.37747 	8.60589e-07 	
4.375	0.345262 	-0.172627 	0.531084 	0.414918 	-1.37747 	8.59663e-07 	
4.38	0.34527 	-0.172605 	0.53108 	0.416288 	-1.37763 	7.18058e-07 	
4.385	0.345282 	-0.172611 	0.531073 	0.416288 	-1.37763 	7.17265e-07 	
4.39	0.345293 	-0.172617 	0.531065 	0.416288 	-1.37763 	7.16541e-07 	
4.395	0.345304 	-0.172622 	0.531058 	0.416288 	-1.37763 	7.15878e-07 	
4.4	0.345314 	-0.172628 	0.531052 	0.416288 	-1.37763 	7.15275e-07 	
4.405	0.345318 	-0.172605 	0.53105 	0.417686 	-1.3778 	7.34076e-07 	
4.41	0.345327 	-0.17261 	0.531044 	0.417686 	-1.3778 	7.33583e-07 	
4.415	0.345336 	-0.172614 	0.531038 	0.417686 	-1.3778 	7.33141e-07 	
4.42	0.345344 	-0.172618 	0.531033 	0.417686 	-1.3778 	7.32748e-07 	
4.425	0.345352 	-0.172622 	0.531028 	0.417686 	-1.3778 	7.32401e-07 	
4.43	0.345359 	-0.172626 	0.531024 	0.417686 	-1.3778 	7.32099e-07 	
4.435	0.34536 	-0.172604 	0.531024 	0.418953 	-1.37795 	6.18277e-07 	
4.44	0.345366 	-0.172608 	0.53102 	0.418953 	-1.37795 	6.18001e-07 	
4.445	0.345372 	-0.172611 	0.531016 	0.418953 	-1.37795 	6.17767e-07 	
4.45	0.345378 	-0.172613 	0.531012 	0.418953 	-1.37795 	6.17571e-07 	
4.455	0.345383 	-0.172616 	0.531009 	0.418953 	-1.37795 	6.17411e-07 	
4.46	0.345387 	-0.172618 	0.531007 	0.418953 	-1.37795 	6.17282e-07 	
4.465	0.345391 	-0.17262 	0.531004 	0.418953 	-1.37795 	6.17181e-07 	
4.47	0.345394 	-0.172622 	0.531002 	0.418953 	-1.37795 	6.17104e-07 	
4.475	0.345397 	-0.172623 	0.531 	0.418953 	-1.37795 	6.1705e-07 	
4.48	0.345399 	-0.172624 	0.530999 	0.418953 	-1.37795 	6.17012e-07 	
4.485	0.345401 	-0.172625 	0.530998 	0.418953 	-1.37795 	6.1699e-07 	
4.49	0.345402 	-0.172626 	0.530997 	0.418953 	-1.37795 	6.16978e-07 	
4.495	0.345403 	-0.172626 	0.530996 	0.418953 	-1.37795 	6.16973e-07 	
