0	2.05501 	-0.0923333 	-1.56348 	0.000279805 	-0.0989718 	0.00444282 	
0.005	2.05501 	-0.0923333 	-1.56348 	0.000279805 	-0.0989718 	0.00444282 	
0.01	2.05501 	-0.0923333 	-1.56348 	0.000279804 	-0.0989718 	0.00444282 	
0.015	2.05501 	-0.0923333 	-1.56348 	0.000279804 	-0.0989718 	0.00444282 	
0.02	2.05501 	-0.0923332 	-1.56348 	0.000279804 	-0.0989718 	0.00444282 	
0.025	2.05501 	-0.0923332 	-1.56348 	0.000279802 	-0.0989718 	0.00444281 	
0.03	2.05501 	-0.0923331 	-1.56348 	0.0002798 	-0.0989719 	0.00444281 	
0.035	2.05501 	-0.092333 	-1.56348 	0.000279797 	-0.0989719 	0.0044428 	
0.04	2.05474 	-0.0919745 	-1.56309 	0.000251782 	-0.0989362 	0.00448198 	
0.045	2.05474 	-0.0919743 	-1.56308 	0.000251775 	-0.0989364 	0.00448196 	
0.05	2.05474 	-0.0919741 	-1.56308 	0.000251767 	-0.0989366 	0.00448195 	
0.055	2.05474 	-0.0919738 	-1.56307 	0.000251756 	-0.0989368 	0.00448193 	
0.06	2.05474 	-0.0919734 	-1.56307 	0.000251743 	-0.0989371 	0.00448191 	
0.065	2.05475 	-0.091973 	-1.56306 	0.000251727 	-0.0989375 	0.00448188 	
0.07	2.05475 	-0.0919726 	-1.56305 	0.000251708 	-0.0989379 	0.00448185 	
0.075	2.05476 	-0.091972 	-1.56304 	0.000251687 	-0.0989384 	0.00448181 	
0.08	2.05476 	-0.0919714 	-1.56303 	0.000251663 	-0.0989389 	0.00448177 	
0.085	2.05477 	-0.0919708 	-1.56302 	0.000251635 	-0.0989395 	0.00448172 	
0.09	2.05478 	-0.09197 	-1.56301 	0.000251604 	-0.0989402 	0.00448167 	
0.095	2.05479 	-0.0919692 	-1.56299 	0.00025157 	-0.098941 	0.00448162 	
0.1	2.0548 	-0.0919683 	-1.56298 	0.000251532 	-0.0989418 	0.00448155 	
0.105	2.05481 	-0.0919673 	-1.56296 	0.000251491 	-0.0989427 	0.00448148 	
0.11	2.05482 	-0.0919662 	-1.56294 	0.000251445 	-0.0989437 	0.00448141 	
0.115	2.05483 	-0.091965 	-1.56292 	0.000251396 	-0.0989448 	0.00448133 	
0.12	2.05484 	-0.0919638 	-1.56289 	0.000251343 	-0.098946 	0.00448124 	
0.125	2.05486 	-0.0919625 	-1.56287 	0.000251287 	-0.0989473 	0.00448115 	
0.13	2.05487 	-0.0919611 	-1.56284 	0.000251226 	-0.0989486 	0.00448105 	
0.135	2.05489 	-0.0919596 	-1.56282 	0.000251162 	-0.09895 	0.00448094 	
0.14	2.0549 	-0.091958 	-1.56279 	0.000251093 	-0.0989516 	0.00448083 	
0.145	2.05492 	-0.0919563 	-1.56276 	0.000251021 	-0.0989532 	0.00448071 	
0.15	2.05494 	-0.0919545 	-1.56272 	0.000250945 	-0.0989549 	0.00448059 	
0.155	2.05496 	-0.0919526 	-1.56269 	0.000250864 	-0.0989567 	0.00448045 	
0.16	2.05498 	-0.0919507 	-1.56265 	0.00025078 	-0.0989585 	0.00448031 	
0.165	2.05337 	-0.0905716 	-1.56499 	0.000315707 	-0.0989638 	0.0044713 	
0.17	2.0537 	-0.090638 	-1.5651 	0.000312113 	-0.0989782 	0.00447019 	
0.175	2.05396 	-0.090713 	-1.56514 	0.000307918 	-0.0989908 	0.00446867 	
0.18	2.05412 	-0.0907745 	-1.56511 	0.000304347 	-0.0990001 	0.0044672 	
0.185	2.05424 	-0.0907897 	-1.56503 	0.000297779 	-0.0990047 	0.00447038 	
0.19	2.05438 	-0.090842 	-1.56499 	0.000294689 	-0.0990132 	0.00446908 	
0.195	2.05451 	-0.0908902 	-1.56495 	0.000291813 	-0.0990213 	0.00446786 	
0.2	2.05464 	-0.0909345 	-1.56491 	0.000289134 	-0.0990291 	0.0044667 	
0.205	2.05477 	-0.0909754 	-1.56486 	0.000286639 	-0.0990366 	0.00446561 	
0.21	2.05488 	-0.0910129 	-1.56482 	0.000284314 	-0.0990439 	0.00446458 	
0.215	2.055 	-0.0910474 	-1.56477 	0.000282145 	-0.0990509 	0.0044636 	
0.22	2.0551 	-0.091079 	-1.56471 	0.000280121 	-0.0990577 	0.00446267 	
0.225	2.05521 	-0.0911079 	-1.56466 	0.000278232 	-0.0990644 	0.00446179 	
0.23	2.05355 	-0.0896665 	-1.56715 	0.00034617 	-0.0990745 	0.00445188 	
0.235	2.05399 	-0.0897653 	-1.56727 	0.000340715 	-0.0990945 	0.00445005 	
0.24	2.05434 	-0.0898706 	-1.56729 	0.000334746 	-0.0991121 	0.00444779 	
0.245	2.05457 	-0.0899592 	-1.56724 	0.000329568 	-0.0991256 	0.00444563 	
0.25	2.05479 	-0.0900409 	-1.56719 	0.000324753 	-0.0991385 	0.0044436 	
0.255	2.055 	-0.0901162 	-1.56713 	0.000320275 	-0.0991509 	0.00444169 	
0.26	2.05519 	-0.0901857 	-1.56707 	0.000316109 	-0.0991627 	0.0044399 	
0.265	2.05538 	-0.0902497 	-1.567 	0.000312232 	-0.099174 	0.00443821 	
0.27	2.05556 	-0.0903085 	-1.56694 	0.000308621 	-0.0991849 	0.00443661 	
0.275	2.05573 	-0.0903627 	-1.56687 	0.000305259 	-0.0991953 	0.00443511 	
0.28	2.05413 	-0.0889515 	-1.56935 	0.000371892 	-0.0992091 	0.00442506 	
0.285	2.05463 	-0.089072 	-1.56945 	0.000365143 	-0.0992325 	0.00442267 	
0.29	2.05503 	-0.0891975 	-1.56946 	0.000357969 	-0.0992534 	0.00441988 	
0.295	2.05532 	-0.0893045 	-1.56939 	0.000351676 	-0.09927 	0.00441722 	
0.3	2.05558 	-0.0894033 	-1.56932 	0.000345826 	-0.0992858 	0.00441472 	
0.305	2.05584 	-0.0894943 	-1.56925 	0.000340386 	-0.0993009 	0.00441237 	
0.31	2.05608 	-0.0895782 	-1.56917 	0.000335326 	-0.0993153 	0.00441016 	
0.315	2.0563 	-0.0896555 	-1.56909 	0.000330617 	-0.0993292 	0.00440808 	
0.32	2.05486 	-0.0883531 	-1.57142 	0.000392186 	-0.0993458 	0.00439838 	
0.325	2.05538 	-0.088489 	-1.57149 	0.00038449 	-0.0993712 	0.00439554 	
0.33	2.05581 	-0.0886281 	-1.57148 	0.00037647 	-0.0993942 	0.00439235 	
0.335	2.05614 	-0.0887484 	-1.5714 	0.000369367 	-0.0994131 	0.0043893 	
0.34	2.05644 	-0.0888593 	-1.57132 	0.000362764 	-0.0994311 	0.00438644 	
0.345	2.05664 	-0.0888517 	-1.57111 	0.000348039 	-0.0994373 	0.00439585 	
0.35	2.05691 	-0.088946 	-1.57103 	0.000342328 	-0.0994537 	0.00439333 	
0.355	2.05554 	-0.0876973 	-1.57328 	0.000401486 	-0.0994726 	0.00438379 	
0.36	2.0561 	-0.087846 	-1.57335 	0.000393001 	-0.0995001 	0.00438058 	
0.365	2.05656 	-0.0879968 	-1.57332 	0.00038426 	-0.099525 	0.00437703 	
0.37	2.05691 	-0.088128 	-1.57323 	0.000376479 	-0.0995458 	0.00437366 	
0.375	2.05725 	-0.0882491 	-1.57314 	0.000369247 	-0.0995656 	0.00437049 	
0.38	2.05756 	-0.0883607 	-1.57304 	0.000362523 	-0.0995845 	0.00436752 	
0.385	2.05786 	-0.0884635 	-1.57294 	0.000356269 	-0.0996026 	0.00436472 	
0.39	2.05638 	-0.0871147 	-1.5754 	0.000420517 	-0.0996235 	0.00435474 	
0.395	2.057 	-0.0872776 	-1.57547 	0.000411208 	-0.0996539 	0.00435121 	
0.4	2.05751 	-0.0874422 	-1.57545 	0.000401642 	-0.0996814 	0.00434729 	
0.405	2.0579 	-0.087585 	-1.57535 	0.000393142 	-0.0997041 	0.00434356 	
0.41	2.05826 	-0.0877168 	-1.57524 	0.000385242 	-0.0997257 	0.00434006 	
0.415	2.0586 	-0.0878383 	-1.57514 	0.000377897 	-0.0997464 	0.00433677 	
0.42	2.05726 	-0.0865971 	-1.57743 	0.000437118 	-0.0997694 	0.00432718 	
0.425	2.05789 	-0.0867711 	-1.57748 	0.0004271 	-0.0998011 	0.00432326 	
0.43	2.05842 	-0.0869456 	-1.57744 	0.000416912 	-0.0998299 	0.00431902 	
0.435	2.05883 	-0.0870982 	-1.57733 	0.000407805 	-0.0998543 	0.00431498 	
0.44	2.05922 	-0.087239 	-1.57722 	0.000399343 	-0.0998775 	0.00431119 	
0.445	2.05959 	-0.0873687 	-1.57711 	0.000391476 	-0.0998996 	0.00430763 	
0.45	2.05818 	-0.0860678 	-1.57953 	0.000453888 	-0.0999242 	0.00429787 	
0.455	2.05886 	-0.0862534 	-1.57958 	0.00044318 	-0.0999583 	0.00429366 	
0.46	2.05943 	-0.086439 	-1.57954 	0.000432311 	-0.0999891 	0.00428909 	
0.465	2.05987 	-0.0866013 	-1.57942 	0.000422604 	-0.100015 	0.00428474 	
0.47	2.06028 	-0.086751 	-1.5793 	0.000413583 	-0.10004 	0.00428065 	
0.475	2.06067 	-0.0868889 	-1.57918 	0.0004052 	-0.100063 	0.00427682 	
0.48	2.05918 	-0.0855152 	-1.58175 	0.000471506 	-0.10009 	0.0042669 	
0.485	2.05991 	-0.0857133 	-1.58182 	0.000460065 	-0.100126 	0.00426238 	
0.49	2.06066 	-0.0860974 	-1.58198 	0.00046301 	-0.100178 	0.0042368 	
0.495	2.06112 	-0.0862699 	-1.58185 	0.000452665 	-0.100205 	0.00423211 	
0.5	2.06156 	-0.086429 	-1.58172 	0.000443053 	-0.100231 	0.00422771 	
0.505	2.0603 	-0.0852391 	-1.584 	0.000500484 	-0.100259 	0.00421834 	
0.51	2.06101 	-0.0854458 	-1.58403 	0.000488451 	-0.100296 	0.00421343 	
0.515	2.06162 	-0.0856507 	-1.58397 	0.000476378 	-0.10033 	0.00420821 	
0.52	2.06211 	-0.0858311 	-1.58383 	0.000465532 	-0.100359 	0.00420325 	
0.525	2.06257 	-0.0859975 	-1.58369 	0.000455456 	-0.100386 	0.0041986 	
0.53	2.06128 	-0.0847837 	-1.58604 	0.00051436 	-0.100416 	0.00418927 	
0.535	2.06203 	-0.084999 	-1.58607 	0.000501797 	-0.100454 	0.00418411 	
0.54	2.06267 	-0.0852121 	-1.586 	0.000489207 	-0.100489 	0.00417862 	
0.545	2.06317 	-0.0853998 	-1.58586 	0.000477899 	-0.100519 	0.0041734 	
0.55	2.06365 	-0.0855729 	-1.58572 	0.000467394 	-0.100548 	0.0041685 	
0.555	2.06231 	-0.0843169 	-1.58816 	0.000528724 	-0.100578 	0.00415921 	
0.56	2.06309 	-0.0845415 	-1.58819 	0.000515602 	-0.100618 	0.00415378 	
0.565	2.06376 	-0.0847635 	-1.58812 	0.000502462 	-0.100655 	0.004148 	
0.57	2.06428 	-0.0849588 	-1.58797 	0.000490666 	-0.100686 	0.0041425 	
0.575	2.06478 	-0.0851389 	-1.58782 	0.00047971 	-0.100716 	0.00413735 	
0.58	2.06338 	-0.0838414 	-1.59036 	0.000543484 	-0.100748 	0.00412813 	
0.585	2.06421 	-0.0840755 	-1.5904 	0.000529779 	-0.10079 	0.00412244 	
0.59	2.0649 	-0.0843067 	-1.59033 	0.000516064 	-0.100828 	0.00411635 	
0.595	2.06545 	-0.08451 	-1.59018 	0.000503761 	-0.10086 	0.00411056 	
0.6	2.06596 	-0.0846975 	-1.59002 	0.000492335 	-0.100891 	0.00410513 	
0.605	2.06451 	-0.0833607 	-1.59265 	0.000558485 	-0.100924 	0.00409604 	
0.61	2.06537 	-0.0836047 	-1.59269 	0.000544183 	-0.100968 	0.00409006 	
0.615	2.06609 	-0.0838453 	-1.59262 	0.00052988 	-0.101008 	0.00408366 	
0.62	2.06666 	-0.0840568 	-1.59246 	0.000517056 	-0.101041 	0.00407757 	
0.625	2.06719 	-0.0842517 	-1.59229 	0.000505148 	-0.101073 	0.00407185 	
0.63	2.06569 	-0.0828782 	-1.59502 	0.000573602 	-0.101107 	0.00406294 	
0.635	2.06659 	-0.083132 	-1.59507 	0.000558693 	-0.101153 	0.00405667 	
0.64	2.06733 	-0.0833822 	-1.59499 	0.000543794 	-0.101194 	0.00404995 	
0.645	2.06792 	-0.0836019 	-1.59482 	0.000530444 	-0.101229 	0.00404354 	
0.65	2.06648 	-0.0821313 	-1.59667 	0.00055653 	-0.101228 	0.0040763 	
0.655	2.06733 	-0.0823912 	-1.59667 	0.00054115 	-0.101272 	0.00406958 	
0.66	2.06807 	-0.0826454 	-1.59657 	0.000525935 	-0.101313 	0.00406257 	
0.665	2.06867 	-0.0828712 	-1.5964 	0.000512194 	-0.101349 	0.00405592 	
0.67	2.06752 	-0.0817776 	-1.59867 	0.000566917 	-0.101386 	0.00404761 	
0.675	2.06839 	-0.082043 	-1.59866 	0.000551173 	-0.101431 	0.00404067 	
0.68	2.06914 	-0.0823024 	-1.59855 	0.000535613 	-0.101473 	0.00403344 	
0.685	2.06976 	-0.0825328 	-1.59838 	0.000521556 	-0.10151 	0.00402659 	
0.69	2.06859 	-0.0814223 	-1.6007 	0.000577494 	-0.101547 	0.00401848 	
0.695	2.06948 	-0.0816935 	-1.60069 	0.00056137 	-0.101594 	0.00401133 	
0.7	2.07024 	-0.0819586 	-1.60059 	0.000545439 	-0.101637 	0.00400389 	
0.705	2.07087 	-0.082194 	-1.6004 	0.00053105 	-0.101674 	0.00399682 	
0.71	2.06968 	-0.0810655 	-1.60278 	0.00058828 	-0.101712 	0.00398893 	
0.715	2.07059 	-0.0813429 	-1.60277 	0.000571758 	-0.10176 	0.00398157 	
0.72	2.07137 	-0.0816141 	-1.60267 	0.000555434 	-0.101804 	0.00397388 	
0.725	2.07202 	-0.0818547 	-1.60248 	0.000540697 	-0.101842 	0.00396658 	
0.73	2.07079 	-0.0807094 	-1.6049 	0.000599178 	-0.101881 	0.00395895 	
0.735	2.07172 	-0.0809933 	-1.6049 	0.000582243 	-0.10193 	0.00395135 	
0.74	2.07253 	-0.0812706 	-1.6048 	0.000565515 	-0.101974 	0.00394342 	
0.745	2.07318 	-0.0815166 	-1.60461 	0.000550417 	-0.102013 	0.00393588 	
0.75	2.07193 	-0.0803562 	-1.60708 	0.000610099 	-0.102053 	0.00392852 	
0.755	2.07289 	-0.0806466 	-1.60708 	0.000592743 	-0.102103 	0.00392069 	
0.76	2.07371 	-0.0809302 	-1.60697 	0.000575602 	-0.102148 	0.0039125 	
0.765	2.07438 	-0.0811817 	-1.60677 	0.000560135 	-0.102188 	0.00390472 	
0.77	2.0731 	-0.0800074 	-1.6093 	0.000620974 	-0.102229 	0.00389765 	
0.775	2.07408 	-0.0803044 	-1.6093 	0.00060319 	-0.10228 	0.00388958 	
0.78	2.07491 	-0.0805944 	-1.60919 	0.000585631 	-0.102326 	0.00388113 	
0.785	2.07559 	-0.0808514 	-1.60899 	0.000569792 	-0.102366 	0.00387309 	
0.79	2.07429 	-0.0796646 	-1.61156 	0.000631742 	-0.102408 	0.00386635 	
0.795	2.07529 	-0.0799682 	-1.61156 	0.000613529 	-0.10246 	0.00385804 	
0.8	2.07648 	-0.0807055 	-1.61195 	0.000629754 	-0.102551 	0.00379948 	
0.805	2.07718 	-0.0809681 	-1.61174 	0.00061354 	-0.102592 	0.00379119 	
0.81	2.07585 	-0.0797698 	-1.61436 	0.000676524 	-0.102634 	0.00378475 	
0.815	2.07687 	-0.08008 	-1.61436 	0.000657883 	-0.102687 	0.00377619 	
0.82	2.07774 	-0.0803826 	-1.61425 	0.000639486 	-0.102735 	0.0037672 	
0.825	2.07844 	-0.0806507 	-1.61404 	0.000622898 	-0.102777 	0.00375865 	
0.83	2.07709 	-0.0794425 	-1.61669 	0.000686907 	-0.10282 	0.00375259 	
0.835	2.07813 	-0.0797591 	-1.6167 	0.00066784 	-0.102874 	0.00374378 	
0.84	2.07901 	-0.080068 	-1.61659 	0.000649026 	-0.102923 	0.00373453 	
0.845	2.07973 	-0.0803416 	-1.61637 	0.000632065 	-0.102965 	0.00372571 	
0.85	2.07835 	-0.0791246 	-1.61907 	0.000697059 	-0.103008 	0.00372006 	
0.855	2.07941 	-0.0794477 	-1.61908 	0.000677568 	-0.103064 	0.003711 	
0.86	2.08031 	-0.0797626 	-1.61896 	0.000658342 	-0.103113 	0.00370147 	
0.865	2.08103 	-0.0800416 	-1.61874 	0.000641012 	-0.103156 	0.0036924 	
0.87	2.07964 	-0.0788172 	-1.62148 	0.000706948 	-0.1032 	0.00368718 	
0.875	2.08071 	-0.0791465 	-1.62149 	0.000687039 	-0.103256 	0.00367786 	
0.88	2.08162 	-0.0794675 	-1.62138 	0.000667404 	-0.103306 	0.00366806 	
0.885	2.08236 	-0.0797518 	-1.62115 	0.000649708 	-0.10335 	0.00365872 	
0.89	2.08094 	-0.0785212 	-1.62393 	0.000716545 	-0.103395 	0.00365397 	
0.895	2.08203 	-0.0788566 	-1.62394 	0.000696224 	-0.103451 	0.0036444 	
0.9	2.08296 	-0.0791835 	-1.62382 	0.000676185 	-0.103502 	0.00363433 	
0.905	2.08371 	-0.079473 	-1.62359 	0.000658129 	-0.103546 	0.00362473 	
0.91	2.08226 	-0.0782373 	-1.62641 	0.000725826 	-0.103592 	0.00362045 	
0.915	2.08337 	-0.0785787 	-1.62642 	0.000705097 	-0.103649 	0.00361064 	
0.92	2.08431 	-0.0789114 	-1.6263 	0.000684662 	-0.103701 	0.00360029 	
0.925	2.08367 	-0.0784142 	-1.62888 	0.000761742 	-0.103786 	0.00355138 	
0.93	2.08469 	-0.078759 	-1.62881 	0.000740656 	-0.103841 	0.00354095 	
0.935	2.0856 	-0.0790921 	-1.62865 	0.000720097 	-0.103892 	0.00353033 	
0.94	2.08637 	-0.0793904 	-1.62842 	0.000701426 	-0.103936 	0.00352028 	
0.945	2.08494 	-0.0781822 	-1.63123 	0.000768571 	-0.103983 	0.00351676 	
0.95	2.08606 	-0.0785313 	-1.63124 	0.000747282 	-0.104042 	0.00350654 	
0.955	2.08702 	-0.0788712 	-1.63111 	0.000726312 	-0.104094 	0.00349579 	
0.96	2.08606 	-0.0779959 	-1.6333 	0.000774908 	-0.104142 	0.0034907 	
0.965	2.08711 	-0.0783485 	-1.63323 	0.000753258 	-0.104198 	0.00347988 	
0.97	2.08803 	-0.0786891 	-1.63307 	0.000732151 	-0.104249 	0.00346885 	
0.975	2.08712 	-0.0778455 	-1.63521 	0.000779283 	-0.104298 	0.00346389 	
0.98	2.08816 	-0.0782001 	-1.63514 	0.000757457 	-0.104354 	0.0034529 	
0.985	2.08909 	-0.0785424 	-1.63498 	0.000736197 	-0.104405 	0.00344172 	
0.99	2.08817 	-0.0777013 	-1.63713 	0.000783556 	-0.104454 	0.00343709 	
0.995	2.08923 	-0.078058 	-1.63706 	0.000761555 	-0.10451 	0.00342597 	
1	2.09016 	-0.0784024 	-1.6369 	0.000740126 	-0.104562 	0.00341465 	
1.005	2.08923 	-0.0775615 	-1.63907 	0.000787847 	-0.104611 	0.00341036 	
1.01	2.09029 	-0.0779207 	-1.639 	0.00076566 	-0.104668 	0.00339909 	
1.015	2.09123 	-0.0782674 	-1.63884 	0.000744047 	-0.10472 	0.00338763 	
1.02	2.0903 	-0.0774271 	-1.64102 	0.000792111 	-0.104769 	0.00338368 	
1.025	2.09136 	-0.0777888 	-1.64095 	0.000769726 	-0.104826 	0.00337227 	
1.03	2.09231 	-0.078138 	-1.64079 	0.00074792 	-0.104879 	0.00336065 	
1.035	2.09137 	-0.0772991 	-1.64299 	0.000796299 	-0.104928 	0.00335704 	
1.04	2.09244 	-0.0776634 	-1.64292 	0.000773709 	-0.104986 	0.00334547 	
1.045	2.09339 	-0.0780152 	-1.64276 	0.000751701 	-0.105038 	0.00333369 	
1.05	2.09244 	-0.0771782 	-1.64497 	0.000800367 	-0.105088 	0.00333043 	
1.055	2.09352 	-0.0775453 	-1.6449 	0.000777566 	-0.105146 	0.00331871 	
1.06	2.09448 	-0.0778996 	-1.64474 	0.000755353 	-0.105199 	0.00330676 	
1.065	2.09352 	-0.0770652 	-1.64696 	0.000804278 	-0.105248 	0.00330384 	
1.07	2.09461 	-0.077435 	-1.6469 	0.000781264 	-0.105306 	0.00329196 	
1.075	2.09506 	-0.0771311 	-1.64597 	0.000707997 	-0.105294 	0.00335605 	
1.08	2.0941 	-0.0763 	-1.6482 	0.000757204 	-0.105343 	0.00335353 	
1.085	2.09519 	-0.0766726 	-1.64814 	0.000733976 	-0.105402 	0.00334149 	
1.09	2.09616 	-0.0770323 	-1.64797 	0.000711347 	-0.105455 	0.00332921 	
1.095	2.09519 	-0.0762047 	-1.65022 	0.000760765 	-0.105505 	0.00332705 	
1.1	2.09629 	-0.07658 	-1.65015 	0.000737324 	-0.105564 	0.00331485 	
1.105	2.09726 	-0.0769423 	-1.64999 	0.000714488 	-0.105618 	0.0033024 	
1.11	2.09628 	-0.0761188 	-1.65224 	0.000764095 	-0.105668 	0.00330059 	
1.115	2.09739 	-0.0764969 	-1.65217 	0.000740442 	-0.105727 	0.00328823 	
1.12	2.09836 	-0.0768618 	-1.65201 	0.000717401 	-0.105781 	0.00327561 	
1.125	2.09738 	-0.0760427 	-1.65427 	0.000767176 	-0.105831 	0.00327417 	
1.13	2.09849 	-0.0764234 	-1.6542 	0.000743314 	-0.10589 	0.00326165 	
1.135	2.09947 	-0.0767908 	-1.65404 	0.00072007 	-0.105944 	0.00324886 	
1.14	2.09848 	-0.0759767 	-1.65631 	0.000769992 	-0.105995 	0.00324779 	
1.145	2.09959 	-0.07636 	-1.65624 	0.000745926 	-0.106054 	0.0032351 	
1.15	2.10058 	-0.0767298 	-1.65607 	0.000722483 	-0.106108 	0.00322215 	
1.155	2.09958 	-0.0759211 	-1.65835 	0.00077253 	-0.106159 	0.00322145 	
1.16	2.1007 	-0.0763068 	-1.65828 	0.000748264 	-0.106218 	0.00320861 	
1.165	2.10169 	-0.0766791 	-1.65812 	0.000724627 	-0.106273 	0.0031955 	
1.17	2.10069 	-0.075876 	-1.6604 	0.00077478 	-0.106323 	0.00319517 	
1.175	2.10181 	-0.0762641 	-1.66033 	0.000750318 	-0.106383 	0.00318217 	
1.18	2.1028 	-0.0766387 	-1.66016 	0.000726492 	-0.106438 	0.0031689 	
1.185	2.1018 	-0.0758418 	-1.66245 	0.000776731 	-0.106488 	0.00316895 	
1.19	2.10292 	-0.0762322 	-1.66239 	0.00075208 	-0.106548 	0.0031558 	
1.195	2.10391 	-0.0766089 	-1.66222 	0.000728069 	-0.106603 	0.00314237 	
1.2	2.1029 	-0.0758185 	-1.66451 	0.000778375 	-0.106654 	0.0031428 	
1.205	2.10403 	-0.0762111 	-1.66444 	0.00075354 	-0.106713 	0.0031295 	
1.21	2.10502 	-0.0765899 	-1.66427 	0.000729351 	-0.106768 	0.00311592 	
1.215	2.10401 	-0.0758063 	-1.66657 	0.000779705 	-0.106819 	0.00311673 	
1.22	2.10572 	-0.0769638 	-1.66739 	0.000813032 	-0.106955 	0.00301442 	
1.225	2.10672 	-0.0773446 	-1.66722 	0.000788672 	-0.10701 	0.00300069 	
1.23	2.10571 	-0.0765679 	-1.66951 	0.000838997 	-0.107061 	0.00300183 	
1.235	2.10683 	-0.0769645 	-1.66945 	0.000813814 	-0.107121 	0.00298824 	
1.24	2.10783 	-0.0773472 	-1.66928 	0.000789288 	-0.107175 	0.00297437 	
1.245	2.10681 	-0.0765781 	-1.67158 	0.000839622 	-0.107226 	0.0029759 	
1.25	2.10794 	-0.0769765 	-1.67151 	0.000814275 	-0.107286 	0.00296217 	
1.255	2.10894 	-0.0773609 	-1.67134 	0.000789591 	-0.107341 	0.00294815 	
1.26	2.10792 	-0.0765996 	-1.67364 	0.000839915 	-0.107392 	0.00295007 	
1.265	2.10905 	-0.0769998 	-1.67357 	0.000814412 	-0.107452 	0.00293621 	
1.27	2.11005 	-0.0773858 	-1.6734 	0.000789577 	-0.107507 	0.00292205 	
1.275	2.10903 	-0.0766326 	-1.6757 	0.000839872 	-0.107558 	0.00292436 	
1.28	2.11016 	-0.0770344 	-1.67563 	0.00081422 	-0.107618 	0.00291037 	
1.285	2.11115 	-0.0774219 	-1.67546 	0.000789241 	-0.107672 	0.00289608 	
1.29	2.11014 	-0.0766772 	-1.67776 	0.000839488 	-0.107723 	0.00289878 	
1.295	2.11126 	-0.0770803 	-1.67769 	0.000813695 	-0.107783 	0.00288466 	
1.3	2.11226 	-0.0774693 	-1.67752 	0.000788579 	-0.107838 	0.00287024 	
1.305	2.11124 	-0.0767332 	-1.67981 	0.00083876 	-0.107889 	0.00287334 	
1.31	2.11237 	-0.0771377 	-1.67974 	0.000812835 	-0.107949 	0.00285909 	
1.315	2.11336 	-0.0775279 	-1.67957 	0.00078759 	-0.108003 	0.00284455 	
1.32	2.11234 	-0.0768008 	-1.68187 	0.000837686 	-0.108054 	0.00284804 	
1.325	2.11347 	-0.0772065 	-1.6818 	0.000811636 	-0.108114 	0.00283368 	
1.33	2.11446 	-0.0775978 	-1.68162 	0.000786271 	-0.108168 	0.00281902 	
1.335	2.11344 	-0.07688 	-1.68391 	0.000836263 	-0.108219 	0.0028229 	
1.34	2.11456 	-0.0772867 	-1.68385 	0.000810097 	-0.108278 	0.00280842 	
1.345	2.11555 	-0.077679 	-1.68367 	0.000784619 	-0.108333 	0.00279365 	
1.35	2.11453 	-0.0769706 	-1.68596 	0.000834489 	-0.108383 	0.00279792 	
1.355	2.11566 	-0.0773782 	-1.68589 	0.000808216 	-0.108443 	0.00278334 	
1.36	2.11665 	-0.0777714 	-1.68571 	0.000782634 	-0.108497 	0.00276846 	
1.365	2.11563 	-0.0770727 	-1.688 	0.000832363 	-0.108547 	0.00277311 	
1.37	2.11675 	-0.077481 	-1.68793 	0.000805991 	-0.108607 	0.00275843 	
1.375	2.11732 	-0.0773339 	-1.68711 	0.000739211 	-0.108607 	0.00280707 	
1.38	2.1163 	-0.0766453 	-1.68939 	0.000788821 	-0.108657 	0.00281214 	
1.385	2.11742 	-0.0770543 	-1.68932 	0.000762359 	-0.108716 	0.00279736 	
1.39	2.1184 	-0.0774488 	-1.68914 	0.000736595 	-0.10877 	0.00278228 	
1.395	2.11739 	-0.0767702 	-1.69141 	0.000786028 	-0.10882 	0.00278774 	
1.4	2.1185 	-0.0771797 	-1.69134 	0.000759486 	-0.108879 	0.00277287 	
1.405	2.11948 	-0.0775746 	-1.69117 	0.000733644 	-0.108933 	0.0027577 	
1.41	2.11847 	-0.0769064 	-1.69343 	0.000782881 	-0.108983 	0.00276353 	
1.415	2.11958 	-0.0773162 	-1.69336 	0.000756268 	-0.109042 	0.00274857 	
1.42	2.12055 	-0.0777115 	-1.69318 	0.000730358 	-0.109095 	0.00273332 	
1.425	2.11954 	-0.0770537 	-1.69543 	0.00077938 	-0.109145 	0.00273952 	
1.43	2.12064 	-0.0774637 	-1.69536 	0.000752706 	-0.109204 	0.00272449 	
1.435	2.12162 	-0.0778591 	-1.69518 	0.000726736 	-0.109257 	0.00270916 	
1.44	2.12061 	-0.077212 	-1.69743 	0.000775527 	-0.109306 	0.00271572 	
1.445	2.12171 	-0.0776221 	-1.69735 	0.0007488 	-0.109365 	0.00270061 	
1.45	2.12268 	-0.0780175 	-1.69718 	0.000722781 	-0.109418 	0.00268522 	
1.455	2.12167 	-0.0773812 	-1.69941 	0.000771321 	-0.109467 	0.00269214 	
1.46	2.12277 	-0.0777911 	-1.69934 	0.000744553 	-0.109525 	0.00267696 	
1.465	2.12373 	-0.0781865 	-1.69916 	0.000718493 	-0.109578 	0.0026615 	
1.47	2.12273 	-0.0775611 	-1.70139 	0.000766765 	-0.109627 	0.00266877 	
1.475	2.12382 	-0.0779708 	-1.70131 	0.000739965 	-0.109684 	0.00265354 	
1.48	2.12478 	-0.0783658 	-1.70114 	0.000713875 	-0.109737 	0.00263802 	
1.485	2.12378 	-0.0777516 	-1.70335 	0.000761861 	-0.109786 	0.00264564 	
1.49	2.12486 	-0.0781608 	-1.70327 	0.000735039 	-0.109843 	0.00263035 	
1.495	2.12582 	-0.0785555 	-1.7031 	0.000708928 	-0.109895 	0.00261478 	
1.5	2.12482 	-0.0779525 	-1.70529 	0.000756611 	-0.109944 	0.00262274 	
1.505	2.1259 	-0.0783611 	-1.70522 	0.000729777 	-0.110001 	0.0026074 	
1.51	2.12685 	-0.0787552 	-1.70505 	0.000703655 	-0.110053 	0.00259179 	
1.515	2.12586 	-0.0781636 	-1.70723 	0.000751017 	-0.110101 	0.00260008 	
1.52	2.12693 	-0.0785715 	-1.70715 	0.000724182 	-0.110157 	0.0025847 	
1.525	2.12787 	-0.0789648 	-1.70698 	0.00069806 	-0.110209 	0.00256905 	
1.53	2.12689 	-0.0783846 	-1.70915 	0.000745082 	-0.110257 	0.00257766 	
1.535	2.12795 	-0.0787916 	-1.70907 	0.000718257 	-0.110313 	0.00256225 	
1.54	2.12889 	-0.0791842 	-1.7089 	0.000692145 	-0.110364 	0.00254657 	
1.545	2.12832 	-0.0791605 	-1.7117 	0.000779869 	-0.110466 	0.00249077 	
1.55	2.12937 	-0.0795665 	-1.71162 	0.000753065 	-0.110522 	0.00247533 	
1.555	2.13031 	-0.079958 	-1.71145 	0.000726973 	-0.110573 	0.00245964 	
1.56	2.12933 	-0.0794008 	-1.71359 	0.000773227 	-0.11062 	0.00246882 	
1.565	2.13038 	-0.0798056 	-1.71351 	0.000746454 	-0.110675 	0.00245336 	
1.57	2.1313 	-0.0801959 	-1.71334 	0.000720393 	-0.110726 	0.00243765 	
1.575	2.13033 	-0.0796504 	-1.71546 	0.000766257 	-0.110773 	0.00244713 	
1.58	2.13137 	-0.0800538 	-1.71538 	0.000739526 	-0.110827 	0.00243166 	
1.585	2.13229 	-0.0804429 	-1.71521 	0.000713506 	-0.110878 	0.00241594 	
1.59	2.13308 	-0.0807908 	-1.71496 	0.000689903 	-0.110922 	0.00240114 	
1.595	2.13156 	-0.0799672 	-1.71777 	0.000757716 	-0.110967 	0.00241941 	
1.6	2.13268 	-0.0803699 	-1.71778 	0.000731148 	-0.111025 	0.00240464 	
1.605	2.13363 	-0.080762 	-1.71764 	0.000704955 	-0.111076 	0.00238902 	
1.61	2.13262 	-0.080218 	-1.71979 	0.000751897 	-0.111122 	0.00239983 	
1.615	2.13365 	-0.0806211 	-1.71972 	0.000725099 	-0.111176 	0.00238427 	
1.62	2.13455 	-0.0810102 	-1.71955 	0.000698988 	-0.111225 	0.00236842 	
1.625	2.13533 	-0.0813579 	-1.71929 	0.000675314 	-0.111269 	0.0023535 	
1.63	2.13383 	-0.0805715 	-1.72205 	0.000741785 	-0.111313 	0.00237249 	
1.635	2.13492 	-0.0809726 	-1.72206 	0.000715214 	-0.11137 	0.0023576 	
1.64	2.13586 	-0.0813631 	-1.72192 	0.000689023 	-0.11142 	0.00234189 	
1.645	2.13662 	-0.0817089 	-1.72166 	0.000665426 	-0.111463 	0.00232696 	
1.65	2.13509 	-0.0809208 	-1.72445 	0.000732913 	-0.111506 	0.00234703 	
1.655	2.13618 	-0.0813218 	-1.72445 	0.00070631 	-0.111563 	0.00233211 	
1.66	2.13711 	-0.0817124 	-1.72432 	0.000680068 	-0.111612 	0.00231634 	
1.665	2.13786 	-0.082058 	-1.72406 	0.000656434 	-0.111655 	0.00230134 	
1.67	2.13635 	-0.0812917 	-1.72681 	0.000723061 	-0.111698 	0.00232174 	
1.675	2.13742 	-0.0816917 	-1.72682 	0.000696468 	-0.111754 	0.00230677 	
1.68	2.13833 	-0.0820813 	-1.72668 	0.000670239 	-0.111803 	0.00229095 	
1.685	2.13844 	-0.0815803 	-1.72542 	0.000583286 	-0.11176 	0.0023769 	
1.69	2.13695 	-0.0808378 	-1.72813 	0.000648931 	-0.111802 	0.00239761 	
1.695	2.13801 	-0.0812359 	-1.72812 	0.000622405 	-0.111857 	0.0023826 	
1.7	2.13891 	-0.0816236 	-1.72799 	0.000596246 	-0.111906 	0.00236678 	
1.705	2.13964 	-0.081967 	-1.72774 	0.000572677 	-0.111947 	0.00235176 	
1.71	2.13818 	-0.0812479 	-1.7304 	0.000637234 	-0.111989 	0.0023727 	
1.715	2.13921 	-0.0816433 	-1.73039 	0.000610823 	-0.112043 	0.0023577 	
1.72	2.1401 	-0.0820285 	-1.73026 	0.000584783 	-0.11209 	0.00234191 	
1.725	2.14083 	-0.0823698 	-1.73001 	0.000561316 	-0.112131 	0.00232693 	
1.73	2.13938 	-0.0816738 	-1.73263 	0.000624761 	-0.112173 	0.00234808 	
1.735	2.1404 	-0.082066 	-1.73262 	0.00059851 	-0.112225 	0.00233311 	
1.74	2.14127 	-0.082448 	-1.73248 	0.000572629 	-0.112272 	0.00231737 	
1.745	2.14199 	-0.0827865 	-1.73224 	0.000549301 	-0.112312 	0.00230246 	
1.75	2.14057 	-0.0821134 	-1.73481 	0.000611609 	-0.112353 	0.00232378 	
1.755	2.14156 	-0.0825018 	-1.7348 	0.000585555 	-0.112405 	0.00230887 	
1.76	2.14242 	-0.0828802 	-1.73466 	0.000559869 	-0.112451 	0.00229322 	
1.765	2.14313 	-0.0832156 	-1.73442 	0.000536713 	-0.112491 	0.0022784 	
1.77	2.14173 	-0.082565 	-1.73695 	0.000597855 	-0.112531 	0.00229987 	
1.775	2.14271 	-0.0829492 	-1.73693 	0.000572031 	-0.112582 	0.00228504 	
1.78	2.14356 	-0.0833234 	-1.7368 	0.000546573 	-0.112627 	0.0022695 	
1.785	2.14425 	-0.0836553 	-1.73656 	0.000523618 	-0.112666 	0.00225479 	
1.79	2.14288 	-0.0830271 	-1.73904 	0.000583561 	-0.112705 	0.00227636 	
1.795	2.14384 	-0.0834066 	-1.73902 	0.000557998 	-0.112755 	0.00226163 	
1.8	2.14467 	-0.0837763 	-1.73888 	0.000532797 	-0.1128 	0.00224622 	
1.805	2.14535 	-0.0841043 	-1.73865 	0.00051007 	-0.112838 	0.00223164 	
1.81	2.14401 	-0.0834983 	-1.74108 	0.000568781 	-0.112876 	0.00225328 	
1.815	2.14494 	-0.0838727 	-1.74106 	0.000543507 	-0.112925 	0.00223867 	
1.82	2.14618 	-0.0848101 	-1.74161 	0.000561181 	-0.113026 	0.00215471 	
1.825	2.14686 	-0.0851339 	-1.74138 	0.000538708 	-0.113063 	0.00214029 	
1.83	2.14554 	-0.0845498 	-1.74376 	0.000596107 	-0.113101 	0.00216192 	
1.835	2.14646 	-0.0849188 	-1.74373 	0.000571149 	-0.113149 	0.00214745 	
1.84	2.14725 	-0.0852784 	-1.7436 	0.000546543 	-0.113192 	0.00213235 	
1.845	2.14791 	-0.0855975 	-1.74338 	0.000524346 	-0.113229 	0.0021181 	
1.85	2.14662 	-0.0850353 	-1.7457 	0.000580444 	-0.113266 	0.00213971 	
1.855	2.14752 	-0.0853985 	-1.74567 	0.000555826 	-0.113312 	0.00212539 	
1.86	2.1483 	-0.0857525 	-1.74554 	0.000531557 	-0.113354 	0.00211048 	
1.865	2.14895 	-0.0860668 	-1.74532 	0.000509658 	-0.11339 	0.00209641 	
1.87	2.14769 	-0.0855263 	-1.74759 	0.000564419 	-0.113427 	0.00211796 	
1.875	2.14856 	-0.0858833 	-1.74756 	0.000540166 	-0.113472 	0.00210382 	
1.88	2.14932 	-0.0862314 	-1.74743 	0.000516256 	-0.113513 	0.0020891 	
1.885	2.14996 	-0.0865406 	-1.74722 	0.000494678 	-0.113548 	0.00207524 	
1.89	2.14873 	-0.0860215 	-1.74943 	0.000548066 	-0.113584 	0.00209668 	
1.895	2.14958 	-0.0863721 	-1.7494 	0.000524202 	-0.113628 	0.00208273 	
1.9	2.15033 	-0.086714 	-1.74927 	0.000500675 	-0.113668 	0.00206823 	
1.905	2.15095 	-0.0870178 	-1.74906 	0.000479439 	-0.113702 	0.00205457 	
1.91	2.14975 	-0.0865199 	-1.75122 	0.00053142 	-0.113737 	0.00207587 	
1.915	2.15058 	-0.0868638 	-1.75119 	0.000507967 	-0.11378 	0.00206212 	
1.92	2.15131 	-0.0871992 	-1.75106 	0.000484845 	-0.113819 	0.00204785 	
1.925	2.15192 	-0.0874974 	-1.75086 	0.000463971 	-0.113853 	0.00203443 	
1.93	2.15249 	-0.0877707 	-1.75065 	0.000444721 	-0.113885 	0.00202197 	
1.935	2.15092 	-0.0871069 	-1.75326 	0.000512112 	-0.113918 	0.00205147 	
1.94	2.15178 	-0.0874437 	-1.75329 	0.000489242 	-0.113962 	0.00203853 	
1.945	2.15251 	-0.0877752 	-1.75319 	0.000466415 	-0.114001 	0.00202461 	
1.95	2.1531 	-0.0880673 	-1.75299 	0.00044593 	-0.114034 	0.00201142 	
1.955	2.15342 	-0.0880142 	-1.7524 	0.000403307 	-0.114032 	0.00203778 	
1.96	2.15186 	-0.0873683 	-1.75497 	0.000469851 	-0.114064 	0.00206755 	
1.965	2.1527 	-0.0876989 	-1.75499 	0.000447361 	-0.114107 	0.00205478 	
1.97	2.15341 	-0.0880247 	-1.7549 	0.000424898 	-0.114145 	0.00204106 	
1.975	2.15399 	-0.0883117 	-1.7547 	0.000404738 	-0.114177 	0.00202806 	
1.98	2.15452 	-0.0885748 	-1.75451 	0.000386148 	-0.114207 	0.002016 	
1.985	2.15302 	-0.0879638 	-1.75698 	0.000450168 	-0.114238 	0.00204515 	
1.99	2.15383 	-0.0882869 	-1.757 	0.000428139 	-0.114279 	0.00203257 	
1.995	2.15452 	-0.0886053 	-1.7569 	0.000406142 	-0.114316 	0.00201909 	
2	2.15507 	-0.0888862 	-1.75672 	0.000386389 	-0.114346 	0.00200635 	
2.005	2.1556 	-0.0891437 	-1.75652 	0.000368174 	-0.114375 	0.00199453 	
2.01	2.15416 	-0.0885681 	-1.7589 	0.00042949 	-0.114405 	0.00202292 	
2.015	2.15493 	-0.0888825 	-1.75891 	0.000408007 	-0.114445 	0.00201058 	
2.02	2.15559 	-0.0891924 	-1.75882 	0.000386561 	-0.11448 	0.00199741 	
2.025	2.15613 	-0.089466 	-1.75863 	0.000367292 	-0.11451 	0.00198498 	
2.03	2.15664 	-0.0897168 	-1.75845 	0.000349523 	-0.114538 	0.00197345 	
2.035	2.15526 	-0.089176 	-1.76072 	0.000408091 	-0.114566 	0.00200102 	
2.04	2.156 	-0.0894806 	-1.76073 	0.000387225 	-0.114604 	0.00198896 	
2.045	2.15663 	-0.089781 	-1.76063 	0.000366397 	-0.114638 	0.00197615 	
2.05	2.15715 	-0.0900465 	-1.76046 	0.000347674 	-0.114667 	0.00196408 	
2.055	2.15764 	-0.09029 	-1.76028 	0.000330409 	-0.114694 	0.00195287 	
2.06	2.15633 	-0.0897829 	-1.76245 	0.000386192 	-0.114721 	0.00197954 	
2.065	2.15703 	-0.090077 	-1.76245 	0.000365999 	-0.114758 	0.00196781 	
2.07	2.15764 	-0.0903672 	-1.76236 	0.000345847 	-0.11479 	0.00195539 	
2.075	2.15814 	-0.0906239 	-1.76219 	0.000327721 	-0.114818 	0.00194371 	
2.08	2.15861 	-0.0908593 	-1.76202 	0.000311007 	-0.114843 	0.00193288 	
2.085	2.15906 	-0.091075 	-1.76185 	0.000295599 	-0.114868 	0.00192282 	
2.09	2.1575 	-0.0904642 	-1.7643 	0.000361594 	-0.114894 	0.00195552 	
2.095	2.15807 	-0.0905679 	-1.76413 	0.000329114 	-0.114912 	0.00196621 	
2.1	2.15867 	-0.0908491 	-1.76406 	0.000309603 	-0.114944 	0.00195431 	
2.105	2.15915 	-0.0910962 	-1.7639 	0.000292141 	-0.11497 	0.00194305 	
2.11	2.1596 	-0.0913227 	-1.76374 	0.000276038 	-0.114994 	0.00193261 	
2.115	2.16002 	-0.0915303 	-1.76358 	0.000261194 	-0.115018 	0.00192291 	
2.12	2.15853 	-0.0909565 	-1.76591 	0.000324137 	-0.115042 	0.00195461 	
2.125	2.15919 	-0.0912274 	-1.76595 	0.000305565 	-0.115076 	0.00194406 	
2.13	2.15976 	-0.0914974 	-1.76588 	0.000286805 	-0.115106 	0.00193259 	
2.135	2.16021 	-0.0917349 	-1.76573 	0.000270005 	-0.115131 	0.00192177 	
2.14	2.16064 	-0.0919528 	-1.76558 	0.000254512 	-0.115154 	0.00191172 	
2.145	2.16104 	-0.0921525 	-1.76543 	0.000240228 	-0.115176 	0.00190241 	
2.15	2.15966 	-0.0916278 	-1.76761 	0.000298752 	-0.1152 	0.00193228 	
2.155	2.16027 	-0.0918854 	-1.76763 	0.000281041 	-0.115231 	0.00192212 	
2.16	2.16081 	-0.0921423 	-1.76756 	0.000263161 	-0.115259 	0.00191116 	
2.165	2.16124 	-0.0923688 	-1.76743 	0.000247131 	-0.115283 	0.00190084 	
2.17	2.16164 	-0.0925766 	-1.76729 	0.000232346 	-0.115305 	0.00189127 	
2.175	2.16202 	-0.092767 	-1.76715 	0.000218715 	-0.115326 	0.00188239 	
2.18	2.16238 	-0.0929415 	-1.767 	0.000206152 	-0.115346 	0.00187416 	
2.185	2.16085 	-0.0923596 	-1.76932 	0.000270472 	-0.115367 	0.00190781 	
2.19	2.16145 	-0.092602 	-1.76937 	0.00025386 	-0.115397 	0.00189849 	
2.195	2.16196 	-0.0928458 	-1.76932 	0.000236908 	-0.115424 	0.00188818 	
2.2	2.16236 	-0.0930596 	-1.7692 	0.000221771 	-0.115446 	0.00187845 	
2.205	2.16274 	-0.0932558 	-1.76907 	0.000207808 	-0.115466 	0.00186942 	
2.21	2.16309 	-0.0934357 	-1.76894 	0.000194932 	-0.115486 	0.00186104 	
2.215	2.16342 	-0.0936005 	-1.76881 	0.000183063 	-0.115504 	0.00185327 	
2.22	2.16374 	-0.0937515 	-1.76868 	0.000172127 	-0.115521 	0.00184606 	
2.225	2.16212 	-0.0931345 	-1.77107 	0.000240155 	-0.11554 	0.00188242 	
2.23	2.16269 	-0.0933603 	-1.77114 	0.00022472 	-0.115569 	0.00187392 	
2.235	2.16317 	-0.0935895 	-1.77111 	0.000208806 	-0.115594 	0.00186431 	
2.24	2.16392 	-0.0943114 	-1.77163 	0.000232888 	-0.115666 	0.00179211 	
2.245	2.16427 	-0.0944951 	-1.77152 	0.000219822 	-0.115685 	0.00178367 	
2.25	2.16459 	-0.0946637 	-1.7714 	0.000207771 	-0.115703 	0.00177585 	
2.255	2.1649 	-0.0948182 	-1.77128 	0.000196659 	-0.11572 	0.00176859 	
2.26	2.16518 	-0.0949599 	-1.77117 	0.000186416 	-0.115736 	0.00176185 	
2.265	2.16545 	-0.0950895 	-1.77105 	0.000176978 	-0.115751 	0.00175561 	
2.27	2.16383 	-0.0944749 	-1.77341 	0.000244889 	-0.115767 	0.00179256 	
2.275	2.16435 	-0.094681 	-1.77348 	0.000230827 	-0.115794 	0.00178489 	
2.28	2.16479 	-0.094892 	-1.77347 	0.000216197 	-0.115816 	0.0017761 	
2.285	2.16512 	-0.0950757 	-1.77337 	0.000203205 	-0.115834 	0.00176778 	
2.29	2.16543 	-0.0952446 	-1.77327 	0.000191215 	-0.115851 	0.00176006 	
2.295	2.16573 	-0.0953996 	-1.77317 	0.000180152 	-0.115867 	0.0017529 	
2.3	2.166 	-0.0955419 	-1.77307 	0.000169947 	-0.115882 	0.00174626 	
2.305	2.16626 	-0.0956725 	-1.77297 	0.000160537 	-0.115897 	0.0017401 	
2.31	2.1665 	-0.0957921 	-1.77287 	0.000151861 	-0.11591 	0.00173439 	
2.315	2.16673 	-0.0959017 	-1.77277 	0.000143866 	-0.115922 	0.00172909 	
2.32	2.16694 	-0.096002 	-1.77267 	0.0001365 	-0.115934 	0.00172417 	
2.325	2.16528 	-0.0953713 	-1.77503 	0.00020598 	-0.115948 	0.0017627 	
2.33	2.16575 	-0.0955523 	-1.77512 	0.000193683 	-0.115971 	0.00175616 	
2.335	2.16613 	-0.0957405 	-1.77512 	0.000180678 	-0.115991 	0.00174842 	
2.34	2.16642 	-0.0959036 	-1.77505 	0.000169181 	-0.116007 	0.00174109 	
2.345	2.16669 	-0.0960536 	-1.77497 	0.000158564 	-0.116022 	0.00173429 	
2.35	2.16694 	-0.0961916 	-1.77489 	0.000148763 	-0.116035 	0.00172798 	
2.355	2.16718 	-0.0963184 	-1.77481 	0.000139715 	-0.116048 	0.00172214 	
2.36	2.1674 	-0.0964349 	-1.77473 	0.000131366 	-0.11606 	0.00171671 	
2.365	2.16761 	-0.0965419 	-1.77465 	0.000123662 	-0.116072 	0.00171168 	
2.37	2.16781 	-0.0966401 	-1.77457 	0.000116555 	-0.116082 	0.00170702 	
2.375	2.16799 	-0.0967302 	-1.7745 	0.000110002 	-0.116092 	0.00170269 	
2.38	2.16816 	-0.0968128 	-1.77442 	0.000103959 	-0.116102 	0.00169868 	
2.385	2.16841 	-0.0970165 	-1.7745 	0.000107759 	-0.116124 	0.00167946 	
2.39	2.16857 	-0.0970858 	-1.77442 	0.000102626 	-0.116132 	0.001676 	
2.395	2.16871 	-0.0971493 	-1.77435 	9.78964e-05 	-0.11614 	0.0016728 	
2.4	2.16705 	-0.0965219 	-1.77663 	0.0001666 	-0.11615 	0.0017116 	
2.405	2.16744 	-0.0966677 	-1.77674 	0.000156785 	-0.116169 	0.00170657 	
2.41	2.16775 	-0.0968232 	-1.77676 	0.000146118 	-0.116185 	0.00170032 	
2.415	2.16798 	-0.0969572 	-1.77671 	0.000136746 	-0.116197 	0.00169441 	
2.42	2.16819 	-0.0970807 	-1.77666 	0.000128081 	-0.116208 	0.00168892 	
2.425	2.16839 	-0.0971946 	-1.77661 	0.000120072 	-0.116219 	0.00168384 	
2.43	2.16857 	-0.0972996 	-1.77656 	0.000112669 	-0.116229 	0.00167912 	
2.435	2.16875 	-0.0973963 	-1.77652 	0.000105827 	-0.116238 	0.00167475 	
2.44	2.16891 	-0.0974855 	-1.77647 	9.95023e-05 	-0.116247 	0.0016707 	
2.445	2.16906 	-0.0975677 	-1.77642 	9.36571e-05 	-0.116255 	0.00166694 	
2.45	2.1692 	-0.0976434 	-1.77638 	8.82555e-05 	-0.116262 	0.00166345 	
2.455	2.16933 	-0.0977132 	-1.77633 	8.32637e-05 	-0.116269 	0.00166022 	
2.46	2.16945 	-0.0977775 	-1.77629 	7.86506e-05 	-0.116276 	0.00165723 	
2.465	2.16956 	-0.0978368 	-1.77625 	7.43874e-05 	-0.116282 	0.00165445 	
2.47	2.16967 	-0.0978913 	-1.77621 	7.04471e-05 	-0.116288 	0.00165188 	
2.475	2.16977 	-0.0979417 	-1.77617 	6.68051e-05 	-0.116294 	0.00164949 	
2.48	2.16986 	-0.097988 	-1.77613 	6.34384e-05 	-0.116299 	0.00164728 	
2.485	2.16995 	-0.0980308 	-1.7761 	6.03256e-05 	-0.116303 	0.00164523 	
2.49	2.17003 	-0.0980703 	-1.77606 	5.74469e-05 	-0.116308 	0.00164333 	
2.495	2.1701 	-0.0981067 	-1.77603 	5.47842e-05 	-0.116312 	0.00164156 	
2.5	2.17017 	-0.0981404 	-1.776 	5.23204e-05 	-0.116316 	0.00163993 	
2.505	2.17024 	-0.0981715 	-1.77597 	5.00394e-05 	-0.116319 	0.00163842 	
2.51	2.1703 	-0.0982003 	-1.77594 	4.79261e-05 	-0.116323 	0.00163701 	
2.515	2.17035 	-0.0982273 	-1.77592 	4.59505e-05 	-0.116326 	0.0016357 	
2.52	2.17041 	-0.0982535 	-1.77589 	4.40512e-05 	-0.116329 	0.00163446 	
2.525	2.17021 	-0.097946 	-1.77547 	1.79361e-05 	-0.116298 	0.00167356 	
2.53	2.17026 	-0.0979695 	-1.77545 	1.62471e-05 	-0.116301 	0.00167247 	
2.535	2.1703 	-0.097991 	-1.77543 	1.46935e-05 	-0.116303 	0.00167145 	
2.54	2.17034 	-0.0980115 	-1.77542 	1.32202e-05 	-0.116305 	0.0016705 	
2.545	2.17038 	-0.0980318 	-1.7754 	1.17781e-05 	-0.116307 	0.00166958 	
2.55	2.17042 	-0.098052 	-1.77539 	1.03552e-05 	-0.116309 	0.00166869 	
2.555	2.17045 	-0.0980724 	-1.77537 	8.93719e-06 	-0.116311 	0.00166782 	
2.56	2.17049 	-0.0980933 	-1.77536 	7.51069e-06 	-0.116313 	0.00166696 	
2.565	2.17052 	-0.0981146 	-1.77535 	6.06318e-06 	-0.116315 	0.0016661 	
2.57	2.16976 	-0.0953915 	-1.77653 	0.000151728 	-0.116319 	0.00166358 	
2.575	2.16991 	-0.0955833 	-1.77659 	0.000139972 	-0.116329 	0.0016587 	
2.58	2.17003 	-0.0958144 	-1.77661 	0.000126049 	-0.116337 	0.00165254 	
2.585	2.17011 	-0.0960181 	-1.77661 	0.000113861 	-0.116342 	0.00164694 	
2.59	2.17019 	-0.0962102 	-1.77661 	0.000102374 	-0.116348 	0.00164167 	
2.595	2.17027 	-0.0963917 	-1.77662 	9.15228e-05 	-0.116353 	0.00163668 	
2.6	2.17059 	-0.0933683 	-1.77649 	0.000225611 	-0.116358 	0.00159859 	
2.605	2.17068 	-0.0936946 	-1.7765 	0.000206529 	-0.116366 	0.0015906 	
2.61	2.17073 	-0.0940511 	-1.7765 	0.000185816 	-0.116372 	0.00158201 	
2.615	2.17078 	-0.0943729 	-1.77649 	0.000167139 	-0.116377 	0.00157421 	
2.62	2.17082 	-0.0946758 	-1.77648 	0.00014955 	-0.116382 	0.00156684 	
2.625	2.17127 	-0.0913217 	-1.77619 	0.000294771 	-0.116387 	0.00151877 	
2.63	2.17133 	-0.0917747 	-1.77619 	0.000268721 	-0.116395 	0.00150832 	
2.635	2.17135 	-0.092255 	-1.77618 	0.000241176 	-0.116401 	0.00149735 	
2.64	2.17136 	-0.0926911 	-1.77616 	0.000216182 	-0.116405 	0.00148733 	
2.645	2.17178 	-0.089504 	-1.77585 	0.00035239 	-0.11641 	0.00143701 	
2.65	2.17181 	-0.0900704 	-1.77584 	0.000320036 	-0.116418 	0.0014243 	
2.655	2.17181 	-0.0906561 	-1.77582 	0.000286638 	-0.116424 	0.00141122 	
2.66	2.1718 	-0.0911909 	-1.7758 	0.000256152 	-0.116428 	0.00139921 	
2.665	2.17226 	-0.0875916 	-1.77543 	0.000409651 	-0.116434 	0.0013413 	
2.67	2.17228 	-0.0882703 	-1.77543 	0.000371038 	-0.116442 	0.00132628 	
2.675	2.17226 	-0.0889682 	-1.7754 	0.00033137 	-0.116448 	0.00131089 	
2.68	2.17262 	-0.0860573 	-1.77507 	0.000452764 	-0.116453 	0.00125648 	
2.685	2.17284 	-0.0871471 	-1.77543 	0.000432026 	-0.116492 	0.00120115 	
2.69	2.1728 	-0.0879286 	-1.7754 	0.00038769 	-0.116498 	0.00118402 	
2.695	2.17318 	-0.0848718 	-1.77504 	0.000514709 	-0.116503 	0.00112534 	
2.7	2.17316 	-0.0857365 	-1.77502 	0.000465691 	-0.116511 	0.00110644 	
2.705	2.1731 	-0.0866033 	-1.77498 	0.000416578 	-0.116518 	0.00108751 	
2.71	2.1735 	-0.0833211 	-1.7746 	0.000552777 	-0.116523 	0.00102378 	
2.715	2.17348 	-0.0842736 	-1.77457 	0.000498844 	-0.116532 	0.00100301 	
2.72	2.17341 	-0.085227 	-1.77453 	0.000444881 	-0.116539 	0.000982241 	
2.725	2.17384 	-0.0817156 	-1.77411 	0.000590411 	-0.116545 	0.000913343 	
2.73	2.17381 	-0.0827583 	-1.77409 	0.000531427 	-0.116554 	0.000890643 	
2.735	2.17409 	-0.0805546 	-1.77377 	0.000616872 	-0.116562 	0.000831206 	
2.74	2.17402 	-0.0816755 	-1.77372 	0.000553515 	-0.11657 	0.000806869 	
2.745	2.17429 	-0.0795201 	-1.77339 	0.000636216 	-0.116577 	0.000746175 	
2.75	2.17421 	-0.0806987 	-1.77334 	0.000569634 	-0.116585 	0.000720596 	
2.755	2.17448 	-0.0784754 	-1.77299 	0.000654786 	-0.116593 	0.000657374 	
2.76	2.1744 	-0.0797106 	-1.77294 	0.000585035 	-0.116601 	0.000630568 	
2.765	2.17468 	-0.0774094 	-1.77258 	0.000673076 	-0.116609 	0.000564677 	
2.77	2.1746 	-0.078702 	-1.77253 	0.000600114 	-0.116618 	0.000536625 	
2.775	2.17489 	-0.0763234 	-1.77215 	0.000691013 	-0.116626 	0.000468042 	
2.78	2.17481 	-0.0776742 	-1.7721 	0.0006148 	-0.116636 	0.000438723 	
2.785	2.17511 	-0.0752199 	-1.77171 	0.000708489 	-0.116644 	0.000367442 	
2.79	2.17502 	-0.0766294 	-1.77166 	0.000628991 	-0.116654 	0.00033684 	
2.795	2.17533 	-0.0741008 	-1.77126 	0.000725405 	-0.116663 	0.000262858 	
2.8	2.17524 	-0.0755696 	-1.7712 	0.000642597 	-0.116673 	0.000230959 	
2.805	2.17556 	-0.0729681 	-1.77079 	0.000741676 	-0.116682 	0.000154278 	
2.81	2.17547 	-0.0744965 	-1.77073 	0.000655542 	-0.116693 	0.000121073 	
2.815	2.17579 	-0.0718235 	-1.7703 	0.000757232 	-0.116702 	4.16976e-05 	
2.82	2.1757 	-0.0734117 	-1.77024 	0.000667761 	-0.116714 	7.1787e-06 	
2.825	2.17603 	-0.0706683 	-1.7698 	0.000772013 	-0.116723 	-7.48842e-05 	
2.83	2.17549 	-0.0717489 	-1.76903 	0.000634766 	-0.116678 	-3.97352e-05 	
2.835	2.17583 	-0.068937 	-1.76857 	0.000741455 	-0.116688 	-0.000124449 	
2.84	2.17573 	-0.0706427 	-1.76851 	0.000645432 	-0.1167 	-0.000161556 	
2.845	2.17607 	-0.0677605 	-1.76803 	0.000754732 	-0.11671 	-0.000248877 	
2.85	2.17597 	-0.0695261 	-1.76797 	0.000655382 	-0.116723 	-0.000287305 	
2.855	2.17633 	-0.0665776 	-1.76748 	0.000767081 	-0.116733 	-0.00037729 	
2.86	2.17622 	-0.0684035 	-1.76742 	0.00066438 	-0.116746 	-0.000417052 	
2.865	2.17658 	-0.0653897 	-1.76692 	0.000778457 	-0.116757 	-0.00050968 	
2.87	2.17648 	-0.0672755 	-1.76685 	0.000672421 	-0.116771 	-0.000550774 	
2.875	2.17684 	-0.0641974 	-1.76634 	0.000788844 	-0.116781 	-0.000646027 	
2.88	2.17673 	-0.066143 	-1.76627 	0.000679489 	-0.116795 	-0.00068845 	
2.885	2.17711 	-0.0630014 	-1.76574 	0.000798228 	-0.116806 	-0.000786308 	
2.89	2.17699 	-0.0650066 	-1.76567 	0.000685574 	-0.116821 	-0.000830056 	
2.895	2.17737 	-0.0618026 	-1.76514 	0.000806599 	-0.116832 	-0.000930497 	
2.9	2.17726 	-0.0638669 	-1.76506 	0.000690667 	-0.116847 	-0.000975565 	
2.905	2.17764 	-0.0606015 	-1.76451 	0.000813949 	-0.116858 	-0.00107857 	
2.91	2.17752 	-0.0627246 	-1.76444 	0.000694765 	-0.116874 	-0.00112495 	
2.915	2.17791 	-0.0593988 	-1.76387 	0.000820275 	-0.116885 	-0.00123049 	
2.92	2.17779 	-0.0615802 	-1.7638 	0.000697863 	-0.116901 	-0.00127818 	
2.925	2.17819 	-0.058195 	-1.76322 	0.000825575 	-0.116912 	-0.00138623 	
2.93	2.17807 	-0.0604344 	-1.76315 	0.000699963 	-0.116929 	-0.00143522 	
2.935	2.17847 	-0.0569907 	-1.76255 	0.000829847 	-0.11694 	-0.00154577 	
2.94	2.17834 	-0.0592876 	-1.76248 	0.000701064 	-0.116957 	-0.00159605 	
2.945	2.17874 	-0.0557864 	-1.76187 	0.000833095 	-0.116969 	-0.00170905 	
2.95	2.17896 	-0.0549441 	-1.76153 	0.000844559 	-0.116986 	-0.0017965 	
2.955	2.17885 	-0.0573944 	-1.76147 	0.000707282 	-0.117005 	-0.00185024 	
2.96	2.1792 	-0.0540667 	-1.76084 	0.00083097 	-0.117015 	-0.00196383 	
2.965	2.17957 	-0.0534414 	-1.76075 	0.00085796 	-0.117052 	-0.00207982 	
2.97	2.17945 	-0.0559692 	-1.76068 	0.000716432 	-0.117071 	-0.0021353 	
2.975	2.1798 	-0.0525625 	-1.76004 	0.000843184 	-0.117081 	-0.0022522 	
2.98	2.18001 	-0.0517253 	-1.75967 	0.000853112 	-0.117099 	-0.00234485 	
2.985	2.17988 	-0.054332 	-1.7596 	0.000707255 	-0.117118 	-0.00240213 	
2.99	2.18024 	-0.0508467 	-1.75894 	0.000837057 	-0.117128 	-0.00252232 	
2.995	2.18045 	-0.0499992 	-1.75856 	0.000846838 	-0.117146 	-0.00261762 	
3	2.18065 	-0.0494757 	-1.75821 	0.000841103 	-0.117165 	-0.00271252 	
3.005	2.18077 	-0.0489645 	-1.75782 	0.0008348 	-0.117181 	-0.00280744 	
3.01	2.18088 	-0.0484503 	-1.75742 	0.000828495 	-0.117196 	-0.00290305 	
3.015	2.181 	-0.0479321 	-1.75701 	0.000822228 	-0.117211 	-0.00299941 	
3.02	2.18112 	-0.0474099 	-1.75661 	0.000815987 	-0.117226 	-0.00309653 	
3.025	2.18124 	-0.0468844 	-1.7562 	0.000809752 	-0.117242 	-0.0031944 	
3.03	2.18136 	-0.0463557 	-1.75579 	0.000803509 	-0.117257 	-0.00329304 	
3.035	2.18148 	-0.0458243 	-1.75538 	0.000797242 	-0.117273 	-0.00339244 	
3.04	2.18161 	-0.0452905 	-1.75497 	0.000790936 	-0.117289 	-0.00349259 	
3.045	2.18174 	-0.0447545 	-1.75455 	0.00078458 	-0.117305 	-0.00359351 	
3.05	2.18187 	-0.0442168 	-1.75413 	0.00077816 	-0.117321 	-0.00369519 	
3.055	2.182 	-0.0436774 	-1.75371 	0.000771666 	-0.117337 	-0.00379762 	
3.06	2.18213 	-0.0431368 	-1.75329 	0.000765089 	-0.117353 	-0.00390081 	
3.065	2.18226 	-0.0425951 	-1.75286 	0.000758418 	-0.11737 	-0.00400475 	
3.07	2.1824 	-0.0420525 	-1.75243 	0.000751647 	-0.117386 	-0.00410944 	
3.075	2.18253 	-0.0415093 	-1.752 	0.000744766 	-0.117403 	-0.00421488 	
3.08	2.18267 	-0.0409656 	-1.75157 	0.00073777 	-0.117419 	-0.00432106 	
3.085	2.18281 	-0.0404217 	-1.75113 	0.000730651 	-0.117436 	-0.00442798 	
3.09	2.18294 	-0.0398777 	-1.75069 	0.000723405 	-0.117453 	-0.00453564 	
3.095	2.18308 	-0.0393338 	-1.75025 	0.000716026 	-0.11747 	-0.00464403 	
3.1	2.18322 	-0.0387902 	-1.74981 	0.000708509 	-0.117486 	-0.00475314 	
3.105	2.18346 	-0.0383535 	-1.74951 	0.000710674 	-0.117514 	-0.00487746 	
3.11	2.1836 	-0.0378107 	-1.74906 	0.000702881 	-0.117531 	-0.00498802 	
3.115	2.18374 	-0.037269 	-1.74861 	0.000694918 	-0.117548 	-0.00509929 	
3.12	2.18388 	-0.0367281 	-1.74816 	0.000686796 	-0.117565 	-0.00521128 	
3.125	2.18402 	-0.0361882 	-1.7477 	0.000678524 	-0.117582 	-0.00532397 	
3.13	2.18416 	-0.0356492 	-1.74724 	0.000670096 	-0.117599 	-0.00543735 	
3.135	2.1843 	-0.0351113 	-1.74678 	0.000661511 	-0.117617 	-0.00555142 	
3.14	2.18444 	-0.0345747 	-1.74632 	0.000652767 	-0.117634 	-0.00566618 	
3.145	2.18458 	-0.0340393 	-1.74586 	0.000643861 	-0.117651 	-0.00578161 	
3.15	2.18473 	-0.0335054 	-1.74539 	0.000634792 	-0.117668 	-0.00589771 	
3.155	2.18487 	-0.0329731 	-1.74492 	0.00062556 	-0.117686 	-0.00601448 	
3.16	2.18501 	-0.0324423 	-1.74445 	0.000616162 	-0.117703 	-0.0061319 	
3.165	2.18515 	-0.0319133 	-1.74398 	0.000606598 	-0.11772 	-0.00624998 	
3.17	2.18529 	-0.0313861 	-1.7435 	0.000596867 	-0.117738 	-0.0063687 	
3.175	2.18544 	-0.0308607 	-1.74302 	0.000586969 	-0.117755 	-0.00648805 	
3.18	2.18558 	-0.0303372 	-1.74254 	0.000576902 	-0.117772 	-0.00660804 	
3.185	2.18572 	-0.0298158 	-1.74206 	0.000566668 	-0.11779 	-0.00672865 	
3.19	2.18586 	-0.0292965 	-1.74158 	0.000556265 	-0.117807 	-0.00684988 	
3.195	2.186 	-0.0287794 	-1.74109 	0.000545693 	-0.117824 	-0.00697172 	
3.2	2.18614 	-0.0282645 	-1.7406 	0.000534953 	-0.117842 	-0.00709416 	
3.205	2.18628 	-0.0277519 	-1.74011 	0.000524045 	-0.117859 	-0.00721719 	
3.21	2.18643 	-0.0272416 	-1.73962 	0.000512968 	-0.117876 	-0.00734081 	
3.215	2.18657 	-0.0267338 	-1.73913 	0.000501724 	-0.117894 	-0.00746501 	
3.22	2.18671 	-0.0262285 	-1.73863 	0.000490312 	-0.117911 	-0.00758978 	
3.225	2.18685 	-0.0257257 	-1.73813 	0.000478732 	-0.117928 	-0.00771511 	
3.23	2.18699 	-0.0252256 	-1.73763 	0.000466987 	-0.117946 	-0.007841 	
3.235	2.18713 	-0.0247281 	-1.73713 	0.000455075 	-0.117963 	-0.00796744 	
3.24	2.18726 	-0.0242333 	-1.73663 	0.000442997 	-0.11798 	-0.00809442 	
3.245	2.1874 	-0.0237413 	-1.73612 	0.000430755 	-0.117997 	-0.00822192 	
3.25	2.18731 	-0.0230241 	-1.73529 	0.000394854 	-0.117991 	-0.00831698 	
3.255	2.18744 	-0.022538 	-1.73478 	0.000382254 	-0.118009 	-0.00844551 	
3.26	2.18758 	-0.022054 	-1.73427 	0.000369539 	-0.118026 	-0.00857453 	
3.265	2.18772 	-0.0215728 	-1.73376 	0.000356678 	-0.118043 	-0.00870405 	
3.27	2.18785 	-0.0210947 	-1.73324 	0.000343645 	-0.11806 	-0.00883406 	
3.275	2.18799 	-0.0206199 	-1.73273 	0.000330446 	-0.118077 	-0.00896456 	
3.28	2.18813 	-0.0201482 	-1.73221 	0.000317084 	-0.118094 	-0.00909553 	
3.285	2.18826 	-0.0196797 	-1.73169 	0.000303558 	-0.118111 	-0.00922696 	
3.29	2.1884 	-0.0192145 	-1.73117 	0.000289871 	-0.118127 	-0.00935886 	
3.295	2.18853 	-0.0187526 	-1.73065 	0.000276023 	-0.118144 	-0.0094912 	
3.3	2.18866 	-0.0182941 	-1.73013 	0.000262016 	-0.118161 	-0.00962398 	
3.305	2.1888 	-0.017839 	-1.72961 	0.00024785 	-0.118178 	-0.00975719 	
3.31	2.18893 	-0.0173873 	-1.72908 	0.000233527 	-0.118194 	-0.00989083 	
3.315	2.18906 	-0.016939 	-1.72856 	0.000219048 	-0.118211 	-0.0100249 	
3.32	2.18919 	-0.0164943 	-1.72803 	0.000204414 	-0.118227 	-0.0101593 	
3.325	2.18932 	-0.0160531 	-1.7275 	0.000189627 	-0.118243 	-0.0102942 	
3.33	2.18945 	-0.0156154 	-1.72697 	0.000174686 	-0.11826 	-0.0104294 	
3.335	2.18958 	-0.0151814 	-1.72644 	0.000159594 	-0.118276 	-0.010565 	
3.34	2.18971 	-0.014751 	-1.72591 	0.000144351 	-0.118292 	-0.010701 	
3.345	2.18984 	-0.0143242 	-1.72538 	0.000128958 	-0.118308 	-0.0108373 	
3.35	2.18996 	-0.0139012 	-1.72485 	0.000113417 	-0.118324 	-0.010974 	
3.355	2.19009 	-0.0134819 	-1.72431 	9.77286e-05 	-0.11834 	-0.0111111 	
3.36	2.19022 	-0.0130664 	-1.72378 	8.18934e-05 	-0.118356 	-0.0112484 	
3.365	2.19034 	-0.0126547 	-1.72324 	6.59126e-05 	-0.118371 	-0.0113861 	
3.37	2.19047 	-0.0122468 	-1.7227 	4.97873e-05 	-0.118387 	-0.0115241 	
3.375	2.19059 	-0.0118428 	-1.72217 	3.35184e-05 	-0.118402 	-0.0116624 	
3.38	2.19071 	-0.0114427 	-1.72163 	1.71068e-05 	-0.118418 	-0.011801 	
3.385	2.19083 	-0.0110466 	-1.72109 	5.53502e-07 	-0.118433 	-0.0119399 	
3.39	2.19096 	-0.0106544 	-1.72055 	-1.61406e-05 	-0.118448 	-0.012079 	
3.395	2.19108 	-0.0102662 	-1.72001 	-3.29746e-05 	-0.118463 	-0.0122184 	
3.4	2.19093 	-0.00965574 	-1.71912 	-7.64466e-05 	-0.118456 	-0.0123228 	
3.405	2.19105 	-0.00927594 	-1.71857 	-9.35895e-05 	-0.11847 	-0.0124627 	
3.41	2.19117 	-0.00889933 	-1.71803 	-0.000110819 	-0.118485 	-0.0126028 	
3.415	2.19129 	-0.00852655 	-1.71749 	-0.000128168 	-0.1185 	-0.0127432 	
3.42	2.1914 	-0.00815811 	-1.71695 	-0.000145663 	-0.118515 	-0.0128837 	
3.425	2.19152 	-0.00779392 	-1.7164 	-0.000163298 	-0.118529 	-0.0130245 	
3.43	2.19164 	-0.00743401 	-1.71586 	-0.000181072 	-0.118543 	-0.0131655 	
3.435	2.19175 	-0.0070784 	-1.71531 	-0.000198983 	-0.118558 	-0.0133067 	
3.44	2.19186 	-0.0067271 	-1.71477 	-0.000217031 	-0.118572 	-0.013448 	
3.445	2.19198 	-0.00638014 	-1.71422 	-0.000235214 	-0.118586 	-0.0135896 	
3.45	2.19209 	-0.00603754 	-1.71368 	-0.000253531 	-0.1186 	-0.0137313 	
3.455	2.1922 	-0.00569931 	-1.71313 	-0.000271981 	-0.118613 	-0.0138731 	
3.46	2.19231 	-0.00536548 	-1.71259 	-0.000290564 	-0.118627 	-0.0140151 	
3.465	2.19242 	-0.00503607 	-1.71204 	-0.000309277 	-0.11864 	-0.0141572 	
3.47	2.19253 	-0.00471109 	-1.7115 	-0.000328122 	-0.118654 	-0.0142995 	
3.475	2.19264 	-0.00439057 	-1.71095 	-0.000347095 	-0.118667 	-0.0144419 	
3.48	2.19274 	-0.00407453 	-1.71041 	-0.000366197 	-0.11868 	-0.0145843 	
3.485	2.19285 	-0.00376298 	-1.70986 	-0.000385427 	-0.118693 	-0.0147269 	
3.49	2.19296 	-0.00345594 	-1.70932 	-0.000404784 	-0.118706 	-0.0148695 	
3.495	2.19306 	-0.00315344 	-1.70877 	-0.000424266 	-0.118719 	-0.0150123 	
3.5	2.19316 	-0.00285548 	-1.70823 	-0.000443874 	-0.118731 	-0.015155 	
3.505	2.19327 	-0.00256209 	-1.70768 	-0.000463607 	-0.118743 	-0.0152979 	
3.51	2.19337 	-0.00227329 	-1.70714 	-0.000483463 	-0.118756 	-0.0154408 	
3.515	2.19347 	-0.00198909 	-1.7066 	-0.000503442 	-0.118768 	-0.0155837 	
3.52	2.19357 	-0.0017095 	-1.70605 	-0.000523544 	-0.11878 	-0.0157266 	
3.525	2.19367 	-0.00143456 	-1.70551 	-0.000543767 	-0.118792 	-0.0158696 	
3.53	2.19377 	-0.00116426 	-1.70497 	-0.000564111 	-0.118803 	-0.0160126 	
3.535	2.19387 	-0.000898628 	-1.70442 	-0.000584576 	-0.118815 	-0.0161556 	
3.54	2.19396 	-0.00063768 	-1.70388 	-0.00060516 	-0.118826 	-0.0162985 	
3.545	2.19422 	-0.000504909 	-1.70355 	-0.00060936 	-0.11885 	-0.0164625 	
3.55	2.19432 	-0.000253151 	-1.70301 	-0.000630164 	-0.118861 	-0.0166054 	
3.555	2.19441 	-6.65049e-06 	-1.70247 	-0.000651116 	-0.118872 	-0.0167483 	
3.56	2.19451 	0.000234945 	-1.70193 	-0.000672195 	-0.118882 	-0.0168911 	
3.565	2.1946 	0.000471904 	-1.70139 	-0.000693384 	-0.118893 	-0.0170339 	
3.57	2.19469 	0.000704152 	-1.70085 	-0.000714686 	-0.118903 	-0.0171766 	
3.575	2.19478 	0.000931671 	-1.70032 	-0.000736101 	-0.118914 	-0.0173192 	
3.58	2.19487 	0.00115445 	-1.69978 	-0.000757628 	-0.118924 	-0.0174617 	
3.585	2.19496 	0.00137246 	-1.69925 	-0.000779266 	-0.118934 	-0.0176042 	
3.59	2.19505 	0.00158571 	-1.69871 	-0.000801016 	-0.118944 	-0.0177465 	
3.595	2.19514 	0.00179417 	-1.69818 	-0.000822877 	-0.118953 	-0.0178887 	
3.6	2.19522 	0.00199782 	-1.69764 	-0.000844848 	-0.118963 	-0.0180308 	
3.605	2.19531 	0.00219667 	-1.69711 	-0.00086693 	-0.118972 	-0.0181727 	
3.61	2.19539 	0.00239069 	-1.69658 	-0.000889122 	-0.118981 	-0.0183145 	
3.615	2.19548 	0.00257988 	-1.69605 	-0.000911423 	-0.11899 	-0.0184561 	
3.62	2.19556 	0.00276423 	-1.69552 	-0.000933833 	-0.118999 	-0.0185976 	
3.625	2.19564 	0.00294372 	-1.69499 	-0.000956352 	-0.119008 	-0.0187389 	
3.63	2.19572 	0.00311834 	-1.69447 	-0.000978978 	-0.119016 	-0.01888 	
3.635	2.1958 	0.00328809 	-1.69394 	-0.00100171 	-0.119025 	-0.0190209 	
3.64	2.19588 	0.00345297 	-1.69342 	-0.00102455 	-0.119033 	-0.0191616 	
3.645	2.19596 	0.00361295 	-1.69289 	-0.0010475 	-0.119041 	-0.0193021 	
3.65	2.19604 	0.00376804 	-1.69237 	-0.00107056 	-0.119049 	-0.0194424 	
3.655	2.19611 	0.00391823 	-1.69185 	-0.00109372 	-0.119057 	-0.0195825 	
3.66	2.19619 	0.00406351 	-1.69133 	-0.00111699 	-0.119065 	-0.0197223 	
3.665	1.99289 	-0.0219131 	-1.14131 	0.0102574 	-0.0953442 	-0.0204649 	
3.67	1.39749 	-0.100396 	0.467298 	0.0434322 	-0.0258256 	-0.0223261 	
3.675	1.24192 	-0.120738 	0.871244 	0.0514863 	-0.008162 	-0.0226726 	
3.68	0.670055 	-0.194251 	2.36825 	0.0818194 	0.0570958 	-0.0238504 	
3.685	0.598309 	-0.205441 	2.59697 	0.0866556 	0.0669145 	-0.0248062 	
3.69	0.164917 	-0.261513 	3.85954 	0.113423 	0.121243 	-0.0279594 	
3.695	0.190346 	-0.20872 	3.68112 	0.111828 	0.114884 	-0.0314621 	
3.7	-0.0322144 	-0.0839603 	3.97119 	0.124703 	0.131139 	-0.0427136 	
3.705	-0.0787807 	-0.106939 	4.11005 	0.126271 	0.137142 	-0.0415807 	
3.71	-0.540103 	-0.178327 	5.34469 	0.15 	0.190996 	-0.041375 	
3.715	-0.553873 	-0.195867 	5.38968 	0.149726 	0.193029 	-0.0402688 	
3.72	-0.993415 	-0.262651 	6.55074 	0.17196 	0.243951 	-0.0399541 	
3.725	-0.97809 	-0.275386 	6.51367 	0.170086 	0.24249 	-0.0388784 	
3.73	-1.3987 	-0.338261 	7.61118 	0.191024 	0.290875 	-0.0384483 	
3.735	-1.16175 	-0.298388 	6.97196 	0.178475 	0.26331 	-0.0394349 	
3.74	-0.993 	-0.214296 	6.4628 	0.171279 	0.242058 	-0.04487 	
3.745	-0.787295 	-0.181285 	5.91004 	0.160354 	0.218159 	-0.0455282 	
3.75	-0.649397 	-0.1024 	5.4834 	0.15476 	0.200455 	-0.0507576 	
3.755	-0.470366 	-0.0755578 	5.00463 	0.145208 	0.179697 	-0.0511193 	
3.76	-0.359169 	-0.00119616 	4.64906 	0.140987 	0.165058 	-0.056175 	
3.765	-0.202902 	0.0200867 	4.23359 	0.132592 	0.14699 	-0.0562678 	
3.77	-0.11458 	0.0900635 	3.93871 	0.12951 	0.134975 	-0.0611309 	
3.775	-0.0419346 	0.0747761 	3.62434 	0.121251 	0.122565 	-0.0570459 	
3.78	-0.163741 	0.0526417 	3.52451 	0.11703 	0.122903 	-0.0506831 	
3.785	-0.0897954 	0.0401016 	3.24294 	0.109744 	0.111503 	-0.0473541 	
3.79	-0.215519 	0.0203134 	3.17862 	0.106519 	0.113096 	-0.0416203 	
3.795	-0.139987 	0.0101262 	2.92473 	0.100058 	0.102538 	-0.0389461 	
3.8	-0.50671 	-0.0354905 	3.50326 	0.109788 	0.132269 	-0.0336604 	
3.805	-1.02127 	-0.123233 	4.95973 	0.137382 	0.195184 	-0.032664 	
3.81	-0.989054 	-0.144597 	5.01358 	0.13749 	0.19589 	-0.03213 	
3.815	-1.38592 	-0.218182 	6.17952 	0.159768 	0.245429 	-0.0315959 	
3.82	-1.19131 	-0.220573 	5.71733 	0.149241 	0.224592 	-0.0299137 	
3.825	-0.944034 	-0.21118 	5.17608 	0.137652 	0.199646 	-0.0294812 	
3.83	-0.714772 	-0.201926 	4.67452 	0.126948 	0.176508 	-0.0290992 	
3.835	-0.502217 	-0.192844 	4.20974 	0.117061 	0.155047 	-0.028763 	
3.84	-0.305154 	-0.183959 	3.77904 	0.107928 	0.135141 	-0.0284687 	
3.845	-0.122453 	-0.175295 	3.37994 	0.0994914 	0.116679 	-0.0282125 	
3.85	0.0469321 	-0.166869 	3.01011 	0.0916983 	0.0995547 	-0.0279909 	
3.855	0.20397 	-0.158694 	2.66741 	0.0844993 	0.0836721 	-0.0278007 	
3.86	0.349561 	-0.150782 	2.34985 	0.077849 	0.0689411 	-0.0276391 	
3.865	0.484538 	-0.14314 	2.05559 	0.0717053 	0.0552783 	-0.0275035 	
3.87	0.609675 	-0.135773 	1.78292 	0.0660296 	0.0426063 	-0.0273914 	
3.875	0.725689 	-0.128683 	1.53025 	0.0607861 	0.0308534 	-0.0273008 	
3.88	0.833244 	-0.121871 	1.29614 	0.0559416 	0.0199529 	-0.0272295 	
3.885	0.932957 	-0.115338 	1.0792 	0.0514656 	0.00984309 	-0.0271759 	
3.89	1.0254 	-0.10908 	0.878189 	0.04733 	0.000466724 	-0.0271381 	
3.895	1.1111 	-0.103093 	0.691936 	0.0435087 	-0.00822937 	-0.0271148 	
3.9	1.19116 	-0.097701 	0.518655 	0.0400379 	-0.0163271 	-0.0271748 	
3.905	1.26481 	-0.0922444 	0.358751 	0.0367748 	-0.0238069 	-0.0271762 	
3.91	1.3331 	-0.0870461 	0.210589 	0.0337591 	-0.0307438 	-0.0271883 	
3.915	1.39641 	-0.0820983 	0.0733118 	0.030972 	-0.0371772 	-0.02721 	
3.92	1.43022 	-0.0567816 	-0.01703 	0.0302035 	-0.041114 	-0.0290938 	
3.925	1.41165 	0.00788174 	-0.0269352 	0.0331068 	-0.0406897 	-0.0345572 	
3.93	1.44315 	0.0273995 	-0.108452 	0.0322454 	-0.0442787 	-0.0359795 	
3.935	1.42068 	0.0877801 	-0.108017 	0.03515 	-0.0434012 	-0.0411009 	
3.94	1.45035 	0.102197 	-0.182139 	0.0341991 	-0.0467044 	-0.042118 	
3.945	1.42441 	0.15895 	-0.172688 	0.0371082 	-0.0454285 	-0.0469491 	
3.95	1.45269 	0.168845 	-0.240701 	0.0360686 	-0.0485004 	-0.0476069 	
3.955	1.42364 	0.222539 	-0.22336 	0.0389856 	-0.0468726 	-0.0521927 	
3.96	1.45091 	0.228409 	-0.286374 	0.037858 	-0.0497604 	-0.0525306 	
3.965	1.41906 	0.279537 	-0.262108 	0.0407859 	-0.0478205 	-0.0569097 	
3.97	1.46884 	0.263153 	-0.330149 	0.038425 	-0.0517 	-0.0555211 	
3.975	1.42638 	0.238982 	0.0367499 	0.0449291 	-0.039347 	-0.0563738 	
3.98	1.24203 	0.160836 	1.06024 	0.0631407 	-0.00253321 	-0.0570981 	
3.985	1.20244 	0.119651 	1.38323 	0.0682665 	0.00840676 	-0.0563263 	
3.99	1.04226 	0.0497691 	2.27115 	0.0842635 	0.0404485 	-0.0569615 	
3.995	1.01136 	0.018689 	2.53079 	0.087236 	0.0492049 	-0.055825 	
4	0.874751 	-0.0340211 	3.27841 	0.0987649 	0.0762253 	-0.0555673 	
4.005	0.871581 	0.00527186 	3.00402 	0.0947294 	0.0679468 	-0.0561811 	
4.01	0.652107 	0.133906 	2.94813 	0.0994522 	0.0734659 	-0.0630709 	
4.015	0.589973 	0.156677 	3.13225 	0.104977 	0.0814585 	-0.0665952 	
4.02	0.480358 	0.019155 	3.92618 	0.116971 	0.108939 	-0.0618954 	
4.025	0.532133 	0.0052422 	3.91057 	0.114826 	0.106829 	-0.0609099 	
4.03	0.434791 	-0.0258803 	4.68199 	0.126917 	0.133395 	-0.062935 	
4.035	0.329526 	-0.0404007 	4.74575 	0.12752 	0.138764 	-0.0600724 	
4.04	-0.238117 	-0.0838161 	5.86056 	0.148231 	0.191841 	-0.0564187 	
4.045	-0.226539 	-0.107574 	5.81032 	0.145523 	0.190485 	-0.0538307 	
4.05	-0.578117 	-0.175017 	6.81124 	0.161564 	0.233866 	-0.0502574 	
4.055	-0.611067 	-0.179715 	6.75743 	0.159923 	0.232832 	-0.0488281 	
4.06	-0.881804 	-0.233864 	7.49717 	0.172829 	0.262836 	-0.0465626 	
4.065	-0.951779 	-0.243017 	7.50442 	0.172034 	0.265039 	-0.0440077 	
4.07	-1.30839 	-0.282294 	8.32493 	0.185018 	0.30284 	-0.0411925 	
4.075	-1.2306 	-0.296655 	8.18586 	0.181111 	0.296867 	-0.0396722 	
4.08	-1.53856 	-0.320055 	8.91431 	0.193154 	0.331304 	-0.0384685 	
4.085	-1.42902 	-0.326781 	8.71809 	0.188573 	0.322531 	-0.0377163 	
4.09	-1.73655 	-0.367887 	9.45376 	0.200028 	0.357087 	-0.0350201 	
4.095	-1.60529 	-0.29257 	8.99615 	0.193852 	0.33883 	-0.0394823 	
4.1	-1.78285 	-0.134955 	9.23814 	0.203971 	0.353583 	-0.0522341 	
4.105	-1.64512 	-0.078381 	8.785 	0.197108 	0.335116 	-0.0551432 	
4.11	-1.8252 	0.064736 	9.05083 	0.20716 	0.35065 	-0.0667935 	
4.115	-1.68635 	0.105199 	8.60641 	0.199977 	0.332307 	-0.0685111 	
4.12	-1.87301 	0.23195 	8.87616 	0.20949 	0.348033 	-0.0786277 	
4.125	-1.60894 	0.231772 	8.17167 	0.195802 	0.317102 	-0.0768489 	
4.13	-1.44392 	0.275717 	7.66363 	0.187327 	0.296103 	-0.0792866 	
4.135	-1.28453 	0.323413 	7.19171 	0.180054 	0.276098 	-0.0818603 	
4.14	-1.21194 	0.364141 	7.08741 	0.179174 	0.271563 	-0.0858703 	
4.145	-1.17768 	0.339837 	7.48595 	0.185484 	0.285155 	-0.0876827 	
4.15	-1.17547 	0.289707 	7.48537 	0.182763 	0.285326 	-0.0831488 	
4.155	-1.55965 	0.196359 	8.37827 	0.195177 	0.325673 	-0.074887 	
4.16	-1.56345 	0.168355 	8.08752 	0.187999 	0.315985 	-0.0696837 	
4.165	-2.02234 	0.132133 	8.50691 	0.194073 	0.342331 	-0.0608161 	
4.17	-2.14637 	0.116893 	8.4755 	0.192539 	0.344901 	-0.0569529 	
4.175	-2.21502 	0.0594101 	9.04288 	0.201052 	0.366848 	-0.055477 	
4.18	-2.04019 	0.0310913 	8.75227 	0.194106 	0.352718 	-0.0539504 	
4.185	-2.11738 	-0.0218554 	9.30444 	0.202508 	0.374325 	-0.0525433 	
4.19	-1.94837 	-0.0445027 	8.99147 	0.195366 	0.359507 	-0.051175 	
4.195	-2.03387 	-0.0932909 	9.53299 	0.203731 	0.380936 	-0.0498538 	
4.2	-1.86945 	-0.11105 	9.19958 	0.196402 	0.365469 	-0.0486214 	
4.205	-1.96229 	-0.156427 	9.73287 	0.204745 	0.386782 	-0.0473646 	
