0	0.309821 	-0.173626 	0.536825 	0.164798 	-1.44353 	-0.226996 	
0.005	0.309821 	-0.173626 	0.536825 	0.164798 	-1.44353 	-0.226996 	
0.01	0.309821 	-0.173626 	0.536825 	0.164798 	-1.44353 	-0.226996 	
0.015	0.309822 	-0.173626 	0.536825 	0.164798 	-1.44353 	-0.226996 	
0.02	0.309823 	-0.173626 	0.536826 	0.164798 	-1.44353 	-0.226996 	
0.025	0.309825 	-0.173626 	0.536826 	0.164798 	-1.44353 	-0.226996 	
0.03	0.309827 	-0.173626 	0.536826 	0.164798 	-1.44353 	-0.226996 	
0.035	0.30983 	-0.173626 	0.536827 	0.164798 	-1.44353 	-0.226996 	
0.04	0.309834 	-0.173626 	0.536828 	0.164798 	-1.44353 	-0.226996 	
0.045	0.309838 	-0.173626 	0.536828 	0.164798 	-1.44353 	-0.226996 	
0.05	0.309842 	-0.173627 	0.536829 	0.164798 	-1.44353 	-0.226996 	
0.055	0.309847 	-0.173627 	0.53683 	0.164798 	-1.44353 	-0.226996 	
0.06	0.309853 	-0.173627 	0.536831 	0.164798 	-1.44353 	-0.226996 	
0.065	0.309859 	-0.173627 	0.536832 	0.164798 	-1.44353 	-0.226996 	
0.07	0.309866 	-0.173627 	0.536834 	0.164798 	-1.44353 	-0.226996 	
0.075	0.309873 	-0.173627 	0.536835 	0.164798 	-1.44353 	-0.226996 	
0.08	0.309881 	-0.173627 	0.536836 	0.164798 	-1.44353 	-0.226996 	
0.085	0.309889 	-0.173627 	0.536838 	0.164798 	-1.44353 	-0.226996 	
0.09	0.309899 	-0.173627 	0.53684 	0.164798 	-1.44353 	-0.226996 	
0.095	0.309908 	-0.173627 	0.536841 	0.164798 	-1.44353 	-0.226996 	
0.1	0.309919 	-0.173627 	0.536843 	0.164798 	-1.44353 	-0.226996 	
0.105	0.309929 	-0.173627 	0.536845 	0.164798 	-1.44353 	-0.226996 	
0.11	0.30994 	-0.173628 	0.536847 	0.164798 	-1.44353 	-0.226996 	
0.115	0.309952 	-0.173628 	0.536849 	0.164798 	-1.44353 	-0.226996 	
0.12	0.309964 	-0.173628 	0.536851 	0.164798 	-1.44353 	-0.226996 	
0.125	0.309977 	-0.173628 	0.536854 	0.164798 	-1.44353 	-0.226996 	
0.13	0.30999 	-0.173628 	0.536856 	0.164798 	-1.44353 	-0.226996 	
0.135	0.310004 	-0.173628 	0.536859 	0.164798 	-1.44353 	-0.226996 	
0.14	0.310018 	-0.173628 	0.536861 	0.164798 	-1.44353 	-0.226996 	
0.145	0.310033 	-0.173628 	0.536864 	0.164798 	-1.44353 	-0.226996 	
0.15	0.310048 	-0.173629 	0.536867 	0.164798 	-1.44353 	-0.226996 	
0.155	0.310064 	-0.173629 	0.53687 	0.164798 	-1.44353 	-0.226996 	
0.16	0.31008 	-0.173629 	0.536873 	0.164798 	-1.44353 	-0.226996 	
0.165	0.310097 	-0.173629 	0.536876 	0.164798 	-1.44353 	-0.226996 	
0.17	0.310054 	-0.173617 	0.536861 	0.163217 	-1.44242 	-0.224818 	
0.175	0.310072 	-0.173617 	0.536864 	0.163217 	-1.44242 	-0.224818 	
0.18	0.31009 	-0.173617 	0.536868 	0.163217 	-1.44242 	-0.224818 	
0.185	0.310109 	-0.173617 	0.536871 	0.163217 	-1.44242 	-0.224818 	
0.19	0.310129 	-0.173617 	0.536875 	0.163217 	-1.44242 	-0.224818 	
0.195	0.310149 	-0.173618 	0.536879 	0.163217 	-1.44242 	-0.224818 	
0.2	0.31017 	-0.173618 	0.536882 	0.163217 	-1.44242 	-0.224818 	
0.205	0.310191 	-0.173618 	0.536886 	0.163217 	-1.44242 	-0.224818 	
0.21	0.310212 	-0.173618 	0.53689 	0.163217 	-1.44242 	-0.224818 	
0.215	0.310235 	-0.173618 	0.536894 	0.163217 	-1.44242 	-0.224818 	
0.22	0.310257 	-0.173619 	0.536898 	0.163217 	-1.44242 	-0.224818 	
0.225	0.310281 	-0.173619 	0.536903 	0.163217 	-1.44242 	-0.224818 	
0.23	0.310305 	-0.173619 	0.536907 	0.163217 	-1.44242 	-0.224818 	
0.235	0.310265 	-0.173606 	0.536893 	0.161578 	-1.44127 	-0.22256 	
0.24	0.31029 	-0.173607 	0.536897 	0.161578 	-1.44127 	-0.22256 	
0.245	0.310316 	-0.173607 	0.536902 	0.161578 	-1.44127 	-0.22256 	
0.25	0.310341 	-0.173607 	0.536907 	0.161578 	-1.44127 	-0.22256 	
0.255	0.310368 	-0.173607 	0.536912 	0.161578 	-1.44127 	-0.22256 	
0.26	0.310395 	-0.173608 	0.536916 	0.161578 	-1.44127 	-0.22256 	
0.265	0.310422 	-0.173608 	0.536921 	0.161578 	-1.44127 	-0.22256 	
0.27	0.31045 	-0.173608 	0.536927 	0.161578 	-1.44127 	-0.22256 	
0.275	0.310479 	-0.173608 	0.536932 	0.161578 	-1.44127 	-0.22256 	
0.28	0.310508 	-0.173608 	0.536937 	0.161578 	-1.44127 	-0.22256 	
0.285	0.310474 	-0.173596 	0.536924 	0.159952 	-1.44013 	-0.220321 	
0.29	0.310504 	-0.173597 	0.53693 	0.159952 	-1.44013 	-0.220321 	
0.295	0.310534 	-0.173597 	0.536935 	0.159952 	-1.44013 	-0.220321 	
0.3	0.310565 	-0.173597 	0.536941 	0.159952 	-1.44013 	-0.220321 	
0.305	0.310597 	-0.173597 	0.536947 	0.159952 	-1.44013 	-0.220321 	
0.31	0.310629 	-0.173597 	0.536952 	0.159952 	-1.44013 	-0.220321 	
0.315	0.310661 	-0.173598 	0.536958 	0.159952 	-1.44013 	-0.220321 	
0.32	0.310695 	-0.173598 	0.536964 	0.159952 	-1.44013 	-0.220321 	
0.325	0.310728 	-0.173598 	0.53697 	0.159952 	-1.44013 	-0.220321 	
0.33	0.310696 	-0.173586 	0.536957 	0.15824 	-1.43893 	-0.217962 	
0.335	0.31073 	-0.173586 	0.536964 	0.15824 	-1.43893 	-0.217962 	
0.34	0.310765 	-0.173586 	0.53697 	0.15824 	-1.43893 	-0.217962 	
0.345	0.310801 	-0.173586 	0.536977 	0.15824 	-1.43893 	-0.217962 	
0.35	0.310837 	-0.173587 	0.536983 	0.15824 	-1.43893 	-0.217962 	
0.355	0.310873 	-0.173587 	0.53699 	0.15824 	-1.43893 	-0.217962 	
0.36	0.31091 	-0.173587 	0.536996 	0.15824 	-1.43893 	-0.217962 	
0.365	0.310948 	-0.173587 	0.537003 	0.15824 	-1.43893 	-0.217962 	
0.37	0.310918 	-0.173575 	0.536991 	0.156509 	-1.43772 	-0.215578 	
0.375	0.310957 	-0.173575 	0.536998 	0.156509 	-1.43772 	-0.215578 	
0.38	0.310996 	-0.173575 	0.537005 	0.156509 	-1.43772 	-0.215578 	
0.385	0.311035 	-0.173575 	0.537012 	0.156509 	-1.43772 	-0.215578 	
0.39	0.311075 	-0.173576 	0.537019 	0.156509 	-1.43772 	-0.215578 	
0.395	0.311116 	-0.173576 	0.537027 	0.156509 	-1.43772 	-0.215578 	
0.4	0.311156 	-0.173576 	0.537034 	0.156509 	-1.43772 	-0.215578 	
0.405	0.311133 	-0.173564 	0.537023 	0.154834 	-1.43655 	-0.21327 	
0.41	0.311174 	-0.173565 	0.53703 	0.154834 	-1.43655 	-0.21327 	
0.415	0.311217 	-0.173565 	0.537038 	0.154834 	-1.43655 	-0.21327 	
0.42	0.311259 	-0.173565 	0.537046 	0.154834 	-1.43655 	-0.21327 	
0.425	0.311303 	-0.173565 	0.537054 	0.154834 	-1.43655 	-0.21327 	
0.43	0.311347 	-0.173565 	0.537062 	0.154834 	-1.43655 	-0.21327 	
0.435	0.311391 	-0.173565 	0.53707 	0.154834 	-1.43655 	-0.21327 	
0.44	0.311365 	-0.173553 	0.537058 	0.153039 	-1.43529 	-0.210798 	
0.445	0.311411 	-0.173553 	0.537066 	0.153039 	-1.43529 	-0.210798 	
0.45	0.311456 	-0.173553 	0.537074 	0.153039 	-1.43529 	-0.210798 	
0.455	0.311502 	-0.173554 	0.537083 	0.153039 	-1.43529 	-0.210798 	
0.46	0.311549 	-0.173554 	0.537091 	0.153039 	-1.43529 	-0.210798 	
0.465	0.311596 	-0.173554 	0.5371 	0.153039 	-1.43529 	-0.210798 	
0.47	0.311578 	-0.173543 	0.53709 	0.151367 	-1.43412 	-0.208495 	
0.475	0.311626 	-0.173543 	0.537098 	0.151367 	-1.43412 	-0.208495 	
0.48	0.311674 	-0.173543 	0.537107 	0.151367 	-1.43412 	-0.208495 	
0.485	0.311723 	-0.173543 	0.537116 	0.151367 	-1.43412 	-0.208495 	
0.49	0.311772 	-0.173543 	0.537125 	0.151367 	-1.43412 	-0.208495 	
0.495	0.311822 	-0.173543 	0.537134 	0.151367 	-1.43412 	-0.208495 	
0.5	0.311804 	-0.173532 	0.537123 	0.14962 	-1.4329 	-0.206089 	
0.505	0.311854 	-0.173532 	0.537133 	0.14962 	-1.4329 	-0.206089 	
0.51	0.311905 	-0.173532 	0.537142 	0.14962 	-1.4329 	-0.206089 	
0.515	0.311957 	-0.173532 	0.537151 	0.14962 	-1.4329 	-0.206089 	
0.52	0.312009 	-0.173532 	0.537161 	0.14962 	-1.4329 	-0.206089 	
0.525	0.312061 	-0.173532 	0.53717 	0.14962 	-1.4329 	-0.206089 	
0.53	0.312042 	-0.17352 	0.537159 	0.14778 	-1.43161 	-0.203555 	
0.535	0.312095 	-0.17352 	0.537169 	0.14778 	-1.43161 	-0.203555 	
0.54	0.312149 	-0.17352 	0.537179 	0.14778 	-1.43161 	-0.203555 	
0.545	0.312203 	-0.17352 	0.537188 	0.14778 	-1.43161 	-0.203555 	
0.55	0.312257 	-0.17352 	0.537198 	0.14778 	-1.43161 	-0.203555 	
0.555	0.312248 	-0.17351 	0.53719 	0.146144 	-1.43046 	-0.201302 	
0.56	0.312304 	-0.17351 	0.5372 	0.146144 	-1.43046 	-0.201302 	
0.565	0.312359 	-0.17351 	0.53721 	0.146144 	-1.43046 	-0.201302 	
0.57	0.312416 	-0.17351 	0.53722 	0.146144 	-1.43046 	-0.201302 	
0.575	0.312472 	-0.17351 	0.53723 	0.146144 	-1.43046 	-0.201302 	
0.58	0.312464 	-0.1735 	0.537222 	0.144474 	-1.42929 	-0.199 	
0.585	0.312521 	-0.1735 	0.537233 	0.144474 	-1.42929 	-0.199 	
0.59	0.312579 	-0.173499 	0.537243 	0.144474 	-1.42929 	-0.199 	
0.595	0.312637 	-0.173499 	0.537254 	0.144474 	-1.42929 	-0.199 	
0.6	0.312696 	-0.173499 	0.537264 	0.144474 	-1.42929 	-0.199 	
0.605	0.312687 	-0.173489 	0.537256 	0.142744 	-1.42808 	-0.196618 	
0.61	0.312746 	-0.173489 	0.537267 	0.142744 	-1.42808 	-0.196618 	
0.615	0.312806 	-0.173488 	0.537277 	0.142744 	-1.42808 	-0.196618 	
0.62	0.312867 	-0.173488 	0.537288 	0.142744 	-1.42808 	-0.196618 	
0.625	0.312927 	-0.173488 	0.537299 	0.142744 	-1.42808 	-0.196618 	
0.63	0.312918 	-0.173478 	0.53729 	0.140956 	-1.42683 	-0.194155 	
0.635	0.312979 	-0.173477 	0.537301 	0.140956 	-1.42683 	-0.194155 	
0.64	0.313041 	-0.173477 	0.537313 	0.140956 	-1.42683 	-0.194155 	
0.645	0.313103 	-0.173477 	0.537324 	0.140956 	-1.42683 	-0.194155 	
0.65	0.313166 	-0.173477 	0.537335 	0.140956 	-1.42683 	-0.194155 	
0.655	0.313156 	-0.173466 	0.537326 	0.13911 	-1.42554 	-0.191613 	
0.66	0.31322 	-0.173466 	0.537338 	0.13911 	-1.42554 	-0.191613 	
0.665	0.313283 	-0.173465 	0.537349 	0.13911 	-1.42554 	-0.191613 	
0.67	0.313347 	-0.173465 	0.53736 	0.13911 	-1.42554 	-0.191613 	
0.675	0.313412 	-0.173465 	0.537372 	0.13911 	-1.42554 	-0.191613 	
0.68	0.313402 	-0.173454 	0.537363 	0.137209 	-1.4242 	-0.188994 	
0.685	0.313467 	-0.173454 	0.537375 	0.137209 	-1.4242 	-0.188994 	
0.69	0.313532 	-0.173453 	0.537386 	0.137209 	-1.4242 	-0.188994 	
0.695	0.313598 	-0.173453 	0.537398 	0.137209 	-1.4242 	-0.188994 	
0.7	0.313601 	-0.173444 	0.537393 	0.13561 	-1.42308 	-0.186791 	
0.705	0.313668 	-0.173444 	0.537405 	0.13561 	-1.42308 	-0.186791 	
0.71	0.313735 	-0.173443 	0.537417 	0.13561 	-1.42308 	-0.186791 	
0.715	0.313802 	-0.173443 	0.537429 	0.13561 	-1.42308 	-0.186791 	
0.72	0.313807 	-0.173434 	0.537424 	0.134011 	-1.42196 	-0.184589 	
0.725	0.313875 	-0.173434 	0.537436 	0.134011 	-1.42196 	-0.184589 	
0.73	0.313943 	-0.173433 	0.537448 	0.134011 	-1.42196 	-0.184589 	
0.735	0.314012 	-0.173433 	0.53746 	0.134011 	-1.42196 	-0.184589 	
0.74	0.314017 	-0.173424 	0.537455 	0.132384 	-1.42082 	-0.182348 	
0.745	0.314086 	-0.173423 	0.537467 	0.132384 	-1.42082 	-0.182348 	
0.75	0.314155 	-0.173423 	0.53748 	0.132384 	-1.42082 	-0.182348 	
0.755	0.314225 	-0.173422 	0.537492 	0.132384 	-1.42082 	-0.182348 	
0.76	0.31423 	-0.173414 	0.537487 	0.130725 	-1.41966 	-0.180063 	
0.765	0.314301 	-0.173413 	0.5375 	0.130725 	-1.41966 	-0.180063 	
0.77	0.314372 	-0.173412 	0.537512 	0.130725 	-1.41966 	-0.180063 	
0.775	0.314443 	-0.173411 	0.537525 	0.130725 	-1.41966 	-0.180063 	
0.78	0.314448 	-0.173403 	0.53752 	0.129036 	-1.41848 	-0.177737 	
0.785	0.31452 	-0.173402 	0.537532 	0.129036 	-1.41848 	-0.177737 	
0.79	0.314592 	-0.173402 	0.537545 	0.129036 	-1.41848 	-0.177737 	
0.795	0.314664 	-0.173401 	0.537558 	0.129036 	-1.41848 	-0.177737 	
0.8	0.314669 	-0.173392 	0.537553 	0.127318 	-1.41728 	-0.17537 	
0.805	0.314742 	-0.173392 	0.537566 	0.127318 	-1.41728 	-0.17537 	
0.81	0.314816 	-0.173391 	0.537579 	0.127318 	-1.41728 	-0.17537 	
0.815	0.314889 	-0.17339 	0.537592 	0.127318 	-1.41728 	-0.17537 	
0.82	0.314894 	-0.173382 	0.537587 	0.125572 	-1.41605 	-0.172964 	
0.825	0.314968 	-0.173381 	0.5376 	0.125572 	-1.41605 	-0.172964 	
0.83	0.315043 	-0.173379 	0.537613 	0.125572 	-1.41605 	-0.172964 	
0.835	0.315118 	-0.173378 	0.537626 	0.125572 	-1.41605 	-0.172964 	
0.84	0.315123 	-0.17337 	0.537621 	0.123798 	-1.41481 	-0.170521 	
0.845	0.315198 	-0.173369 	0.537634 	0.123798 	-1.41481 	-0.170521 	
0.85	0.315274 	-0.173368 	0.537648 	0.123798 	-1.41481 	-0.170521 	
0.855	0.315349 	-0.173367 	0.537661 	0.123798 	-1.41481 	-0.170521 	
0.86	0.315355 	-0.173359 	0.537656 	0.121998 	-1.41355 	-0.168042 	
0.865	0.315431 	-0.173358 	0.537669 	0.121998 	-1.41355 	-0.168042 	
0.87	0.315508 	-0.173357 	0.537683 	0.121998 	-1.41355 	-0.168042 	
0.875	0.315584 	-0.173355 	0.537696 	0.121998 	-1.41355 	-0.168042 	
0.88	0.315589 	-0.173348 	0.537691 	0.120174 	-1.41227 	-0.165529 	
0.885	0.315667 	-0.173346 	0.537704 	0.120174 	-1.41227 	-0.165529 	
0.89	0.315745 	-0.173345 	0.537718 	0.120174 	-1.41227 	-0.165529 	
0.895	0.315822 	-0.173344 	0.537732 	0.120174 	-1.41227 	-0.165529 	
0.9	0.315827 	-0.173336 	0.537727 	0.118325 	-1.41098 	-0.162983 	
0.905	0.315906 	-0.173335 	0.53774 	0.118325 	-1.41098 	-0.162983 	
0.91	0.315984 	-0.173333 	0.537754 	0.118325 	-1.41098 	-0.162983 	
0.915	0.316063 	-0.173332 	0.537768 	0.118325 	-1.41098 	-0.162983 	
0.92	0.316068 	-0.173325 	0.537763 	0.116454 	-1.40967 	-0.160406 	
0.925	0.316148 	-0.173323 	0.537777 	0.116454 	-1.40967 	-0.160406 	
0.93	0.316227 	-0.173321 	0.537791 	0.116454 	-1.40967 	-0.160406 	
0.935	0.316307 	-0.17332 	0.537805 	0.116454 	-1.40967 	-0.160406 	
0.94	0.316312 	-0.173313 	0.537799 	0.114562 	-1.40834 	-0.157799 	
0.945	0.316392 	-0.173311 	0.537813 	0.114562 	-1.40834 	-0.157799 	
0.95	0.316472 	-0.173309 	0.537827 	0.114562 	-1.40834 	-0.157799 	
0.955	0.316553 	-0.173308 	0.537841 	0.114562 	-1.40834 	-0.157799 	
0.96	0.316558 	-0.173301 	0.537836 	0.112649 	-1.407 	-0.155165 	
0.965	0.316639 	-0.173299 	0.53785 	0.112649 	-1.407 	-0.155165 	
0.97	0.31672 	-0.173297 	0.537864 	0.112649 	-1.407 	-0.155165 	
0.975	0.316802 	-0.173295 	0.537879 	0.112649 	-1.407 	-0.155165 	
0.98	0.316807 	-0.173289 	0.537873 	0.110718 	-1.40565 	-0.152504 	
0.985	0.316888 	-0.173287 	0.537888 	0.110718 	-1.40565 	-0.152504 	
0.99	0.31697 	-0.173285 	0.537902 	0.110718 	-1.40565 	-0.152504 	
0.995	0.317053 	-0.173283 	0.537916 	0.110718 	-1.40565 	-0.152504 	
1	0.317058 	-0.173276 	0.537911 	0.108768 	-1.40428 	-0.149819 	
1.005	0.31714 	-0.173274 	0.537925 	0.108768 	-1.40428 	-0.149819 	
1.01	0.317223 	-0.173272 	0.53794 	0.108768 	-1.40428 	-0.149819 	
1.015	0.317306 	-0.17327 	0.537954 	0.108768 	-1.40428 	-0.149819 	
1.02	0.317311 	-0.173264 	0.537949 	0.106802 	-1.40291 	-0.147111 	
1.025	0.317394 	-0.173262 	0.537963 	0.106802 	-1.40291 	-0.147111 	
1.03	0.317477 	-0.17326 	0.537978 	0.106802 	-1.40291 	-0.147111 	
1.035	0.317561 	-0.173258 	0.537992 	0.106802 	-1.40291 	-0.147111 	
1.04	0.317566 	-0.173252 	0.537987 	0.104821 	-1.40152 	-0.144382 	
1.045	0.317649 	-0.17325 	0.538002 	0.104821 	-1.40152 	-0.144382 	
1.05	0.317733 	-0.173247 	0.538016 	0.104821 	-1.40152 	-0.144382 	
1.055	0.317817 	-0.173245 	0.538031 	0.104821 	-1.40152 	-0.144382 	
1.06	0.317822 	-0.173239 	0.538026 	0.102825 	-1.40012 	-0.141633 	
1.065	0.317907 	-0.173237 	0.53804 	0.102825 	-1.40012 	-0.141633 	
1.07	0.317991 	-0.173235 	0.538055 	0.102825 	-1.40012 	-0.141633 	
1.075	0.318014 	-0.17323 	0.538054 	0.101269 	-1.39903 	-0.13949 	
1.08	0.318099 	-0.173227 	0.538069 	0.101269 	-1.39903 	-0.13949 	
1.085	0.318183 	-0.173225 	0.538083 	0.101269 	-1.39903 	-0.13949 	
1.09	0.318268 	-0.173222 	0.538098 	0.101269 	-1.39903 	-0.13949 	
1.095	0.318275 	-0.173217 	0.538093 	0.0992977 	-1.39765 	-0.136774 	
1.1	0.31836 	-0.173215 	0.538108 	0.0992977 	-1.39765 	-0.136774 	
1.105	0.318446 	-0.173212 	0.538123 	0.0992977 	-1.39765 	-0.136774 	
1.11	0.318469 	-0.173208 	0.538122 	0.0977308 	-1.39655 	-0.134616 	
1.115	0.318554 	-0.173205 	0.538137 	0.0977308 	-1.39655 	-0.134616 	
1.12	0.31864 	-0.173202 	0.538152 	0.0977308 	-1.39655 	-0.134616 	
1.125	0.318726 	-0.1732 	0.538167 	0.0977308 	-1.39655 	-0.134616 	
1.13	0.318732 	-0.173195 	0.538162 	0.0957427 	-1.39516 	-0.131877 	
1.135	0.318818 	-0.173192 	0.538177 	0.0957427 	-1.39516 	-0.131877 	
1.14	0.318904 	-0.173189 	0.538192 	0.0957427 	-1.39516 	-0.131877 	
1.145	0.318927 	-0.173185 	0.538191 	0.0941636 	-1.39405 	-0.129702 	
1.15	0.319014 	-0.173183 	0.538206 	0.0941636 	-1.39405 	-0.129702 	
1.155	0.3191 	-0.17318 	0.538221 	0.0941636 	-1.39405 	-0.129702 	
1.16	0.319186 	-0.173177 	0.538236 	0.0941636 	-1.39405 	-0.129702 	
1.165	0.319193 	-0.173173 	0.538231 	0.0921621 	-1.39265 	-0.126945 	
1.17	0.319279 	-0.17317 	0.538246 	0.0921621 	-1.39265 	-0.126945 	
1.175	0.319366 	-0.173167 	0.538261 	0.0921621 	-1.39265 	-0.126945 	
1.18	0.319389 	-0.173163 	0.53826 	0.0905737 	-1.39154 	-0.124758 	
1.185	0.319476 	-0.17316 	0.538275 	0.0905737 	-1.39154 	-0.124758 	
1.19	0.319562 	-0.173157 	0.53829 	0.0905737 	-1.39154 	-0.124758 	
1.195	0.319587 	-0.173153 	0.53829 	0.0890251 	-1.39045 	-0.122625 	
1.2	0.319674 	-0.17315 	0.538305 	0.0890251 	-1.39045 	-0.122625 	
1.205	0.319761 	-0.173147 	0.53832 	0.0890251 	-1.39045 	-0.122625 	
1.21	0.319786 	-0.173144 	0.53832 	0.0874785 	-1.38937 	-0.120494 	
1.215	0.319873 	-0.17314 	0.538334 	0.0874785 	-1.38937 	-0.120494 	
1.22	0.31996 	-0.173137 	0.538349 	0.0874785 	-1.38937 	-0.120494 	
1.225	0.319985 	-0.173134 	0.538349 	0.0859306 	-1.38829 	-0.118362 	
1.23	0.320072 	-0.173131 	0.538364 	0.0859306 	-1.38829 	-0.118362 	
1.235	0.320159 	-0.173127 	0.538379 	0.0859306 	-1.38829 	-0.118362 	
1.24	0.320184 	-0.173124 	0.538379 	0.0843814 	-1.3872 	-0.116228 	
1.245	0.320271 	-0.173121 	0.538394 	0.0843814 	-1.3872 	-0.116228 	
1.25	0.320358 	-0.173118 	0.538409 	0.0843814 	-1.3872 	-0.116228 	
1.255	0.320383 	-0.173115 	0.538409 	0.0828315 	-1.38612 	-0.114094 	
1.26	0.32047 	-0.173111 	0.538424 	0.0828315 	-1.38612 	-0.114094 	
1.265	0.320557 	-0.173108 	0.538439 	0.0828315 	-1.38612 	-0.114094 	
1.27	0.320582 	-0.173105 	0.538439 	0.0812815 	-1.38503 	-0.111959 	
1.275	0.320669 	-0.173101 	0.538454 	0.0812815 	-1.38503 	-0.111959 	
1.28	0.320756 	-0.173098 	0.538469 	0.0812815 	-1.38503 	-0.111959 	
1.285	0.320782 	-0.173095 	0.538469 	0.0797319 	-1.38395 	-0.109824 	
1.29	0.320869 	-0.173092 	0.538484 	0.0797319 	-1.38395 	-0.109824 	
1.295	0.320955 	-0.173088 	0.538498 	0.0797319 	-1.38395 	-0.109824 	
1.3	0.320981 	-0.173086 	0.538499 	0.0781832 	-1.38286 	-0.107691 	
1.305	0.321067 	-0.173082 	0.538513 	0.0781832 	-1.38286 	-0.107691 	
1.31	0.321154 	-0.173078 	0.538528 	0.0781833 	-1.38286 	-0.107691 	
1.315	0.321179 	-0.173076 	0.538528 	0.0766361 	-1.38178 	-0.10556 	
1.32	0.321266 	-0.173072 	0.538543 	0.0766361 	-1.38178 	-0.10556 	
1.325	0.321353 	-0.173068 	0.538558 	0.0766361 	-1.38178 	-0.10556 	
1.33	0.321378 	-0.173066 	0.538558 	0.0750909 	-1.38069 	-0.103431 	
1.335	0.321465 	-0.173062 	0.538573 	0.0750909 	-1.38069 	-0.103431 	
1.34	0.321551 	-0.173059 	0.538588 	0.0750909 	-1.38069 	-0.103431 	
1.345	0.321576 	-0.173057 	0.538588 	0.0735484 	-1.37961 	-0.101307 	
1.35	0.321663 	-0.173053 	0.538603 	0.0735484 	-1.37961 	-0.101307 	
1.355	0.321749 	-0.173049 	0.538617 	0.0735484 	-1.37961 	-0.101307 	
1.36	0.321774 	-0.173047 	0.538618 	0.0720089 	-1.37854 	-0.0991863 	
1.365	0.32186 	-0.173043 	0.538632 	0.0720089 	-1.37854 	-0.0991863 	
1.37	0.321946 	-0.173039 	0.538647 	0.072009 	-1.37854 	-0.0991863 	
1.375	0.322032 	-0.173035 	0.538661 	0.072009 	-1.37854 	-0.0991863 	
1.38	0.322039 	-0.173034 	0.538657 	0.0700147 	-1.37714 	-0.0964392 	
1.385	0.322125 	-0.17303 	0.538672 	0.0700147 	-1.37714 	-0.0964392 	
1.39	0.322211 	-0.173026 	0.538686 	0.0700147 	-1.37714 	-0.0964392 	
1.395	0.322234 	-0.173025 	0.538686 	0.0684376 	-1.37603 	-0.094267 	
1.4	0.322319 	-0.173021 	0.538701 	0.0684376 	-1.37603 	-0.094267 	
1.405	0.322405 	-0.173016 	0.538715 	0.0684376 	-1.37603 	-0.094267 	
1.41	0.32249 	-0.173012 	0.53873 	0.0684376 	-1.37603 	-0.094267 	
1.415	0.322497 	-0.173012 	0.538726 	0.0664527 	-1.37464 	-0.0915328 	
1.42	0.322582 	-0.173008 	0.53874 	0.0664527 	-1.37464 	-0.0915328 	
1.425	0.322667 	-0.173003 	0.538755 	0.0664527 	-1.37464 	-0.0915328 	
1.43	0.32269 	-0.173003 	0.538755 	0.0648877 	-1.37355 	-0.0893774 	
1.435	0.322775 	-0.172998 	0.538769 	0.0648877 	-1.37355 	-0.0893774 	
1.44	0.322859 	-0.172994 	0.538783 	0.0648877 	-1.37355 	-0.0893774 	
1.445	0.322944 	-0.172989 	0.538797 	0.0648877 	-1.37355 	-0.0893774 	
1.45	0.32295 	-0.17299 	0.538794 	0.0629208 	-1.37217 	-0.0866679 	
1.455	0.323034 	-0.172985 	0.538808 	0.0629208 	-1.37217 	-0.0866679 	
1.46	0.323119 	-0.172981 	0.538822 	0.0629208 	-1.37217 	-0.0866679 	
1.465	0.323141 	-0.172981 	0.538822 	0.0613716 	-1.37108 	-0.0845342 	
1.47	0.323225 	-0.172976 	0.538837 	0.0613716 	-1.37108 	-0.0845342 	
1.475	0.323309 	-0.172972 	0.538851 	0.0613716 	-1.37108 	-0.0845342 	
1.48	0.323393 	-0.172967 	0.538865 	0.0613716 	-1.37108 	-0.0845342 	
1.485	0.323399 	-0.172968 	0.538861 	0.0594264 	-1.36972 	-0.0818548 	
1.49	0.323482 	-0.172964 	0.538875 	0.0594264 	-1.36972 	-0.0818548 	
1.495	0.323565 	-0.172959 	0.538889 	0.0594264 	-1.36972 	-0.0818548 	
1.5	0.323648 	-0.172954 	0.538903 	0.0594264 	-1.36972 	-0.0818548 	
1.505	0.323653 	-0.172956 	0.538899 	0.0574539 	-1.36834 	-0.0791377 	
1.51	0.323736 	-0.172951 	0.538913 	0.0574539 	-1.36834 	-0.0791377 	
1.515	0.323818 	-0.172946 	0.538927 	0.0574539 	-1.36834 	-0.0791377 	
1.52	0.3239 	-0.172942 	0.538941 	0.0574539 	-1.36834 	-0.0791377 	
1.525	0.323905 	-0.172943 	0.538937 	0.0554927 	-1.36697 	-0.0764363 	
1.53	0.323987 	-0.172939 	0.538951 	0.0554927 	-1.36697 	-0.0764363 	
1.535	0.324069 	-0.172934 	0.538964 	0.0554927 	-1.36697 	-0.0764363 	
1.54	0.32415 	-0.172929 	0.538978 	0.0554927 	-1.36697 	-0.0764363 	
1.545	0.324154 	-0.172931 	0.538974 	0.053548 	-1.3656 	-0.0737577 	
1.55	0.324236 	-0.172927 	0.538988 	0.053548 	-1.3656 	-0.0737577 	
1.555	0.324317 	-0.172922 	0.539001 	0.053548 	-1.3656 	-0.0737577 	
1.56	0.324397 	-0.172917 	0.539015 	0.053548 	-1.3656 	-0.0737577 	
1.565	0.324401 	-0.172919 	0.539011 	0.0516214 	-1.36425 	-0.0711039 	
1.57	0.324482 	-0.172915 	0.539025 	0.0516214 	-1.36425 	-0.0711039 	
1.575	0.324562 	-0.17291 	0.539038 	0.0516214 	-1.36425 	-0.0711039 	
1.58	0.324642 	-0.172905 	0.539051 	0.0516214 	-1.36425 	-0.0711039 	
1.585	0.324646 	-0.172907 	0.539048 	0.0497141 	-1.36292 	-0.0684769 	
1.59	0.324726 	-0.172903 	0.539061 	0.0497141 	-1.36292 	-0.0684769 	
1.595	0.324805 	-0.172898 	0.539074 	0.0497141 	-1.36292 	-0.0684769 	
1.6	0.324884 	-0.172893 	0.539088 	0.0497141 	-1.36292 	-0.0684769 	
1.605	0.324888 	-0.172896 	0.539084 	0.0478275 	-1.3616 	-0.0658781 	
1.61	0.324967 	-0.172891 	0.539097 	0.0478275 	-1.3616 	-0.0658781 	
1.615	0.325046 	-0.172886 	0.53911 	0.0478275 	-1.3616 	-0.0658781 	
1.62	0.325124 	-0.172881 	0.539123 	0.0478275 	-1.3616 	-0.0658781 	
1.625	0.325128 	-0.172884 	0.53912 	0.0459625 	-1.36029 	-0.0633093 	
1.63	0.325205 	-0.172879 	0.539133 	0.0459625 	-1.36029 	-0.0633093 	
1.635	0.325283 	-0.172874 	0.539146 	0.0459625 	-1.36029 	-0.0633093 	
1.64	0.32536 	-0.172869 	0.539159 	0.0459625 	-1.36029 	-0.0633093 	
1.645	0.325364 	-0.172873 	0.539156 	0.0441205 	-1.359 	-0.0607721 	
1.65	0.325441 	-0.172868 	0.539168 	0.0441205 	-1.359 	-0.0607721 	
1.655	0.325517 	-0.172863 	0.539181 	0.0441205 	-1.359 	-0.0607721 	
1.66	0.325593 	-0.172858 	0.539193 	0.0441205 	-1.359 	-0.0607721 	
1.665	0.325597 	-0.172861 	0.539191 	0.0423026 	-1.35773 	-0.0582681 	
1.67	0.325673 	-0.172856 	0.539203 	0.0423026 	-1.35773 	-0.0582681 	
1.675	0.325748 	-0.172851 	0.539215 	0.0423026 	-1.35773 	-0.0582681 	
1.68	0.325823 	-0.172846 	0.539228 	0.0423026 	-1.35773 	-0.0582681 	
1.685	0.325827 	-0.17285 	0.539225 	0.0405098 	-1.35647 	-0.0557988 	
1.69	0.325902 	-0.172845 	0.539237 	0.0405098 	-1.35647 	-0.0557988 	
1.695	0.325976 	-0.17284 	0.539249 	0.0405098 	-1.35647 	-0.0557988 	
1.7	0.32605 	-0.172835 	0.539262 	0.0405098 	-1.35647 	-0.0557988 	
1.705	0.326053 	-0.172839 	0.539259 	0.0387435 	-1.35523 	-0.0533658 	
1.71	0.326127 	-0.172834 	0.539271 	0.0387435 	-1.35523 	-0.0533658 	
1.715	0.3262 	-0.172829 	0.539283 	0.0387435 	-1.35523 	-0.0533658 	
1.72	0.326273 	-0.172824 	0.539295 	0.0387435 	-1.35523 	-0.0533658 	
1.725	0.326276 	-0.172828 	0.539292 	0.0370046 	-1.35402 	-0.0509706 	
1.73	0.326349 	-0.172823 	0.539304 	0.0370046 	-1.35402 	-0.0509706 	
1.735	0.326421 	-0.172818 	0.539316 	0.0370046 	-1.35402 	-0.0509706 	
1.74	0.326492 	-0.172813 	0.539328 	0.0370046 	-1.35402 	-0.0509706 	
1.745	0.326496 	-0.172818 	0.539325 	0.0352942 	-1.35282 	-0.0486147 	
1.75	0.326567 	-0.172813 	0.539337 	0.0352942 	-1.35282 	-0.0486147 	
1.755	0.326637 	-0.172808 	0.539348 	0.0352942 	-1.35282 	-0.0486147 	
1.76	0.326708 	-0.172803 	0.53936 	0.0352942 	-1.35282 	-0.0486147 	
1.765	0.326711 	-0.172807 	0.539358 	0.0336135 	-1.35164 	-0.0462997 	
1.77	0.326781 	-0.172802 	0.539369 	0.0336135 	-1.35164 	-0.0462997 	
1.775	0.32685 	-0.172797 	0.53938 	0.0336135 	-1.35164 	-0.0462997 	
1.78	0.326919 	-0.172792 	0.539391 	0.0336135 	-1.35164 	-0.0462997 	
1.785	0.326923 	-0.172797 	0.539389 	0.0319635 	-1.35049 	-0.044027 	
1.79	0.326991 	-0.172792 	0.5394 	0.0319635 	-1.35049 	-0.044027 	
1.795	0.327059 	-0.172787 	0.539411 	0.0319635 	-1.35049 	-0.044027 	
1.8	0.327127 	-0.172782 	0.539422 	0.0319635 	-1.35049 	-0.044027 	
1.805	0.32713 	-0.172787 	0.53942 	0.0303452 	-1.34935 	-0.0417979 	
1.81	0.327197 	-0.172782 	0.539431 	0.0303452 	-1.34935 	-0.0417979 	
1.815	0.327264 	-0.172777 	0.539442 	0.0303452 	-1.34935 	-0.0417979 	
1.82	0.32733 	-0.172772 	0.539453 	0.0303452 	-1.34935 	-0.0417979 	
1.825	0.327333 	-0.172777 	0.539451 	0.0287597 	-1.34824 	-0.039614 	
1.83	0.327399 	-0.172772 	0.539461 	0.0287597 	-1.34824 	-0.039614 	
1.835	0.327464 	-0.172767 	0.539472 	0.0287597 	-1.34824 	-0.039614 	
1.84	0.327529 	-0.172762 	0.539482 	0.0287597 	-1.34824 	-0.039614 	
1.845	0.327532 	-0.172767 	0.53948 	0.0272079 	-1.34716 	-0.0374765 	
1.85	0.327596 	-0.172762 	0.539491 	0.0272079 	-1.34716 	-0.0374765 	
1.855	0.32766 	-0.172758 	0.539501 	0.0272079 	-1.34716 	-0.0374765 	
1.86	0.327723 	-0.172753 	0.539511 	0.0272079 	-1.34716 	-0.0374765 	
1.865	0.327786 	-0.172748 	0.539522 	0.0272079 	-1.34716 	-0.0374765 	
1.87	0.327776 	-0.172755 	0.539517 	0.0253563 	-1.34586 	-0.034926 	
1.875	0.327838 	-0.17275 	0.539527 	0.0253563 	-1.34586 	-0.034926 	
1.88	0.3279 	-0.172746 	0.539537 	0.0253563 	-1.34586 	-0.034926 	
1.885	0.327961 	-0.172741 	0.539547 	0.0253563 	-1.34586 	-0.034926 	
1.89	0.328023 	-0.172736 	0.539557 	0.0253563 	-1.34586 	-0.034926 	
1.895	0.328011 	-0.172744 	0.539552 	0.0235244 	-1.34457 	-0.0324027 	
1.9	0.328071 	-0.172739 	0.539562 	0.0235244 	-1.34457 	-0.0324027 	
1.905	0.328131 	-0.172734 	0.539572 	0.0235244 	-1.34457 	-0.0324027 	
1.91	0.328191 	-0.17273 	0.539581 	0.0235244 	-1.34457 	-0.0324027 	
1.915	0.32825 	-0.172725 	0.539591 	0.0235244 	-1.34457 	-0.0324027 	
1.92	0.328238 	-0.172733 	0.539586 	0.0217467 	-1.34333 	-0.0299541 	
1.925	0.328297 	-0.172728 	0.539596 	0.0217467 	-1.34333 	-0.0299541 	
1.93	0.328354 	-0.172724 	0.539605 	0.0217467 	-1.34333 	-0.0299541 	
1.935	0.328412 	-0.172719 	0.539614 	0.0217467 	-1.34333 	-0.0299541 	
1.94	0.328469 	-0.172715 	0.539624 	0.0217467 	-1.34333 	-0.0299541 	
1.945	0.328458 	-0.172722 	0.539619 	0.0200283 	-1.34213 	-0.0275871 	
1.95	0.328514 	-0.172718 	0.539628 	0.0200283 	-1.34213 	-0.0275871 	
1.955	0.32857 	-0.172713 	0.539637 	0.0200283 	-1.34213 	-0.0275871 	
1.96	0.328626 	-0.172709 	0.539646 	0.0200283 	-1.34213 	-0.0275871 	
1.965	0.328681 	-0.172704 	0.539655 	0.0200283 	-1.34213 	-0.0275871 	
1.97	0.32867 	-0.172712 	0.539651 	0.0183711 	-1.34097 	-0.0253045 	
1.975	0.328724 	-0.172708 	0.53966 	0.0183711 	-1.34097 	-0.0253045 	
1.98	0.328778 	-0.172703 	0.539668 	0.0183711 	-1.34097 	-0.0253045 	
1.985	0.328831 	-0.172699 	0.539677 	0.0183711 	-1.34097 	-0.0253045 	
1.99	0.328884 	-0.172694 	0.539685 	0.0183711 	-1.34097 	-0.0253045 	
1.995	0.328873 	-0.172702 	0.539682 	0.0167769 	-1.33985 	-0.0231086 	
2	0.328925 	-0.172698 	0.53969 	0.0167769 	-1.33985 	-0.0231086 	
2.005	0.328977 	-0.172694 	0.539698 	0.0167769 	-1.33985 	-0.0231086 	
2.01	0.329028 	-0.172689 	0.539706 	0.0167769 	-1.33985 	-0.0231086 	
2.015	0.329079 	-0.172685 	0.539714 	0.0167769 	-1.33985 	-0.0231086 	
2.02	0.329069 	-0.172693 	0.539711 	0.0152471 	-1.33878 	-0.0210015 	
2.025	0.329119 	-0.172688 	0.539719 	0.0152471 	-1.33878 	-0.0210015 	
2.03	0.329168 	-0.172684 	0.539727 	0.0152471 	-1.33878 	-0.0210015 	
2.035	0.329217 	-0.17268 	0.539735 	0.0152471 	-1.33878 	-0.0210015 	
2.04	0.329265 	-0.172676 	0.539742 	0.0152471 	-1.33878 	-0.0210015 	
2.045	0.329314 	-0.172672 	0.53975 	0.0152471 	-1.33878 	-0.0210015 	
2.05	0.329293 	-0.172682 	0.539744 	0.0135292 	-1.33757 	-0.0186352 	
2.055	0.32934 	-0.172678 	0.539752 	0.0135292 	-1.33757 	-0.0186352 	
2.06	0.329387 	-0.172674 	0.539759 	0.0135292 	-1.33757 	-0.0186352 	
2.065	0.329433 	-0.17267 	0.539767 	0.0135292 	-1.33757 	-0.0186352 	
2.07	0.329479 	-0.172666 	0.539774 	0.0135292 	-1.33757 	-0.0186352 	
2.075	0.329524 	-0.172662 	0.539781 	0.0135292 	-1.33757 	-0.0186352 	
2.08	0.329504 	-0.172671 	0.539776 	0.0118797 	-1.33642 	-0.0163632 	
2.085	0.329548 	-0.172668 	0.539783 	0.0118797 	-1.33642 	-0.0163632 	
2.09	0.329592 	-0.172664 	0.53979 	0.0118797 	-1.33642 	-0.0163632 	
2.095	0.329636 	-0.17266 	0.539797 	0.0118797 	-1.33642 	-0.0163632 	
2.1	0.329678 	-0.172656 	0.539804 	0.0118797 	-1.33642 	-0.0163632 	
2.105	0.329721 	-0.172653 	0.539811 	0.0118797 	-1.33642 	-0.0163632 	
2.11	0.329702 	-0.172662 	0.539806 	0.0103271 	-1.33533 	-0.0142246 	
2.115	0.329743 	-0.172658 	0.539812 	0.0103271 	-1.33533 	-0.0142246 	
2.12	0.329784 	-0.172655 	0.539819 	0.0103271 	-1.33533 	-0.0142246 	
2.125	0.329825 	-0.172651 	0.539825 	0.0103271 	-1.33533 	-0.0142246 	
2.13	0.329865 	-0.172648 	0.539832 	0.0103271 	-1.33533 	-0.0142246 	
2.135	0.329904 	-0.172644 	0.539838 	0.0103271 	-1.33533 	-0.0142246 	
2.14	0.329943 	-0.172641 	0.539844 	0.0103271 	-1.33533 	-0.0142246 	
2.145	0.329917 	-0.172651 	0.539838 	0.00866995 	-1.33417 	-0.011942 	
2.15	0.329955 	-0.172648 	0.539844 	0.00866995 	-1.33417 	-0.011942 	
2.155	0.329992 	-0.172645 	0.53985 	0.00866995 	-1.33417 	-0.011942 	
2.16	0.330029 	-0.172641 	0.539856 	0.00866995 	-1.33417 	-0.011942 	
2.165	0.330066 	-0.172638 	0.539862 	0.00866995 	-1.33417 	-0.011942 	
2.17	0.330102 	-0.172635 	0.539867 	0.00866995 	-1.33417 	-0.011942 	
2.175	0.330138 	-0.172632 	0.539873 	0.00866995 	-1.33417 	-0.011942 	
2.18	0.330112 	-0.172642 	0.539867 	0.00712988 	-1.33309 	-0.00982066 	
2.185	0.330147 	-0.172639 	0.539873 	0.00712988 	-1.33309 	-0.00982066 	
2.19	0.330181 	-0.172636 	0.539878 	0.00712988 	-1.33309 	-0.00982066 	
2.195	0.330215 	-0.172633 	0.539883 	0.00712988 	-1.33309 	-0.00982066 	
2.2	0.330248 	-0.17263 	0.539889 	0.00712988 	-1.33309 	-0.00982066 	
2.205	0.330281 	-0.172627 	0.539894 	0.00712988 	-1.33309 	-0.00982066 	
2.21	0.330313 	-0.172624 	0.539899 	0.00712988 	-1.33309 	-0.00982066 	
2.215	0.330344 	-0.172621 	0.539904 	0.00712988 	-1.33309 	-0.00982066 	
2.22	0.330314 	-0.172632 	0.539897 	0.0055659 	-1.332 	-0.00766641 	
2.225	0.330344 	-0.172629 	0.539902 	0.0055659 	-1.332 	-0.00766641 	
2.23	0.330375 	-0.172627 	0.539907 	0.0055659 	-1.332 	-0.00766641 	
2.235	0.330404 	-0.172624 	0.539912 	0.0055659 	-1.332 	-0.00766641 	
2.24	0.330433 	-0.172621 	0.539916 	0.0055659 	-1.332 	-0.00766641 	
2.245	0.330462 	-0.172619 	0.539921 	0.0055659 	-1.332 	-0.00766641 	
2.25	0.33049 	-0.172616 	0.539925 	0.0055659 	-1.332 	-0.00766641 	
2.255	0.330517 	-0.172614 	0.53993 	0.0055659 	-1.332 	-0.00766641 	
2.26	0.330544 	-0.172611 	0.539934 	0.0055659 	-1.332 	-0.00766641 	
2.265	0.33051 	-0.172623 	0.539927 	0.00403175 	-1.33092 	-0.00555324 	
2.27	0.330536 	-0.17262 	0.539931 	0.00403175 	-1.33092 	-0.00555324 	
2.275	0.330562 	-0.172618 	0.539935 	0.00403175 	-1.33092 	-0.00555324 	
2.28	0.330587 	-0.172616 	0.539939 	0.00403175 	-1.33092 	-0.00555324 	
2.285	0.330611 	-0.172613 	0.539943 	0.00403175 	-1.33092 	-0.00555324 	
2.29	0.330635 	-0.172611 	0.539947 	0.00403175 	-1.33092 	-0.00555324 	
2.295	0.330659 	-0.172609 	0.53995 	0.00403175 	-1.33092 	-0.00555324 	
2.3	0.330681 	-0.172607 	0.539954 	0.00403175 	-1.33092 	-0.00555324 	
2.305	0.330704 	-0.172605 	0.539957 	0.00403175 	-1.33092 	-0.00555324 	
2.31	0.330725 	-0.172603 	0.539961 	0.00403175 	-1.33092 	-0.00555324 	
2.315	0.330747 	-0.172601 	0.539964 	0.00403175 	-1.33092 	-0.00555324 	
2.32	0.330707 	-0.172613 	0.539956 	0.00250053 	-1.32985 	-0.00344411 	
2.325	0.330727 	-0.172611 	0.53996 	0.00250053 	-1.32985 	-0.00344411 	
2.33	0.330747 	-0.172609 	0.539963 	0.00250053 	-1.32985 	-0.00344411 	
2.335	0.330766 	-0.172608 	0.539966 	0.00250053 	-1.32985 	-0.00344411 	
2.34	0.330785 	-0.172606 	0.539969 	0.00250053 	-1.32985 	-0.00344411 	
2.345	0.330803 	-0.172604 	0.539971 	0.00250053 	-1.32985 	-0.00344411 	
2.35	0.330821 	-0.172603 	0.539974 	0.00250053 	-1.32985 	-0.00344411 	
2.355	0.330838 	-0.172601 	0.539977 	0.00250053 	-1.32985 	-0.00344411 	
2.36	0.330854 	-0.1726 	0.53998 	0.00250053 	-1.32985 	-0.00344411 	
2.365	0.33087 	-0.172598 	0.539982 	0.00250053 	-1.32985 	-0.00344411 	
2.37	0.330885 	-0.172597 	0.539984 	0.00250053 	-1.32985 	-0.00344411 	
2.375	0.3309 	-0.172595 	0.539987 	0.00250053 	-1.32985 	-0.00344411 	
2.38	0.330915 	-0.172594 	0.539989 	0.00250053 	-1.32985 	-0.00344411 	
2.385	0.330928 	-0.172593 	0.539991 	0.00250053 	-1.32985 	-0.00344411 	
2.39	0.330942 	-0.172592 	0.539993 	0.00250053 	-1.32985 	-0.00344411 	
2.395	0.330954 	-0.17259 	0.539995 	0.00250053 	-1.32985 	-0.00344411 	
2.4	0.330906 	-0.172603 	0.539986 	0.000956587 	-1.32877 	-0.00131745 	
2.405	0.330918 	-0.172602 	0.539988 	0.000956587 	-1.32877 	-0.00131745 	
2.41	0.330929 	-0.172601 	0.53999 	0.000956587 	-1.32877 	-0.00131745 	
2.415	0.330939 	-0.1726 	0.539991 	0.000956587 	-1.32877 	-0.00131745 	
2.42	0.330949 	-0.172599 	0.539993 	0.000956587 	-1.32877 	-0.00131745 	
2.425	0.330958 	-0.172598 	0.539994 	0.000956587 	-1.32877 	-0.00131745 	
2.43	0.330968 	-0.172598 	0.539996 	0.000956587 	-1.32877 	-0.00131745 	
2.435	0.330976 	-0.172597 	0.539997 	0.000956587 	-1.32877 	-0.00131745 	
2.44	0.330983 	-0.172596 	0.539998 	0.000956587 	-1.32877 	-0.00131745 	
2.445	0.330991 	-0.172595 	0.54 	0.000956587 	-1.32877 	-0.00131745 	
2.45	0.330998 	-0.172595 	0.540001 	0.000956587 	-1.32877 	-0.00131745 	
2.455	0.331004 	-0.172594 	0.540002 	0.000956587 	-1.32877 	-0.00131745 	
2.46	0.33101 	-0.172594 	0.540002 	0.000956587 	-1.32877 	-0.00131745 	
2.465	0.331015 	-0.172593 	0.540003 	0.000956587 	-1.32877 	-0.00131745 	
2.47	0.33102 	-0.172593 	0.540004 	0.000956587 	-1.32877 	-0.00131745 	
2.475	0.331024 	-0.172592 	0.540005 	0.000956587 	-1.32877 	-0.00131745 	
2.48	0.331027 	-0.172592 	0.540005 	0.000956587 	-1.32877 	-0.00131745 	
2.485	0.33103 	-0.172592 	0.540006 	0.000956587 	-1.32877 	-0.00131745 	
2.49	0.331033 	-0.172592 	0.540006 	0.000956587 	-1.32877 	-0.00131745 	
2.495	0.331035 	-0.172591 	0.540006 	0.000956587 	-1.32877 	-0.00131745 	
2.5	0.331036 	-0.172591 	0.540007 	0.000956587 	-1.32877 	-0.00131745 	
2.505	0.331036 	-0.172591 	0.540007 	0.000956587 	-1.32877 	-0.00131745 	
2.51	0.331037 	-0.172591 	0.540007 	0.000956587 	-1.32877 	-0.00131745 	
2.515	0.331038 	-0.17259 	0.540007 	0.000956587 	-1.32877 	-0.00131745 	
2.52	0.331038 	-0.17259 	0.540007 	0.000956587 	-1.32877 	-0.00131745 	
2.525	0.331038 	-0.172591 	0.540006 	0.000956587 	-1.32877 	-0.00131745 	
2.53	0.331039 	-0.172591 	0.540005 	0.000956587 	-1.32877 	-0.00131745 	
2.535	0.331039 	-0.172591 	0.540003 	0.000956587 	-1.32877 	-0.00131745 	
2.54	0.331039 	-0.172591 	0.540002 	0.000956587 	-1.32877 	-0.00131745 	
2.545	0.331039 	-0.172592 	0.54 	0.000956587 	-1.32877 	-0.00131745 	
2.55	0.33104 	-0.172592 	0.539998 	0.000956587 	-1.32877 	-0.00131745 	
2.555	0.331042 	-0.172591 	0.539995 	0.000956587 	-1.32877 	-0.00131745 	
2.56	0.331042 	-0.172591 	0.539992 	0.000956587 	-1.32877 	-0.00131745 	
2.565	0.331043 	-0.172592 	0.539989 	0.000956588 	-1.32877 	-0.00131745 	
2.57	0.331043 	-0.172592 	0.539986 	0.000956588 	-1.32877 	-0.00131745 	
2.575	0.331044 	-0.172593 	0.539982 	0.000956588 	-1.32877 	-0.00131745 	
2.58	0.331044 	-0.172594 	0.539978 	0.000956588 	-1.32877 	-0.00131745 	
2.585	0.331045 	-0.172595 	0.539974 	0.000956589 	-1.32877 	-0.00131745 	
2.59	0.331046 	-0.172596 	0.53997 	0.000956589 	-1.32877 	-0.00131745 	
2.595	0.331046 	-0.172597 	0.539965 	0.000956589 	-1.32877 	-0.00131745 	
2.6	0.331047 	-0.172598 	0.53996 	0.00095659 	-1.32877 	-0.00131745 	
2.605	0.331048 	-0.172599 	0.539954 	0.00095659 	-1.32877 	-0.00131745 	
2.61	0.331048 	-0.1726 	0.539949 	0.000956591 	-1.32877 	-0.00131745 	
2.615	0.331049 	-0.172602 	0.539943 	0.000956591 	-1.32877 	-0.00131745 	
2.62	0.33105 	-0.172603 	0.539936 	0.000956592 	-1.32877 	-0.00131745 	
2.625	0.331051 	-0.172604 	0.53993 	0.000956592 	-1.32877 	-0.00131745 	
2.63	0.331052 	-0.172606 	0.539923 	0.000956593 	-1.32877 	-0.00131746 	
2.635	0.331053 	-0.172607 	0.539916 	0.000956594 	-1.32877 	-0.00131746 	
2.64	0.331054 	-0.172609 	0.539908 	0.000956595 	-1.32877 	-0.00131746 	
2.645	0.331055 	-0.17261 	0.5399 	0.000956596 	-1.32877 	-0.00131746 	
2.65	0.331056 	-0.172612 	0.539892 	0.000956597 	-1.32877 	-0.00131746 	
2.655	0.331057 	-0.172614 	0.539884 	0.000956598 	-1.32877 	-0.00131746 	
2.66	0.331058 	-0.172616 	0.539876 	0.000956599 	-1.32877 	-0.00131746 	
2.665	0.331059 	-0.172618 	0.539866 	0.0009566 	-1.32877 	-0.00131746 	
2.67	0.33106 	-0.17262 	0.539857 	0.000956601 	-1.32877 	-0.00131746 	
2.675	0.331062 	-0.172622 	0.539847 	0.000956603 	-1.32877 	-0.00131747 	
2.68	0.331063 	-0.172624 	0.539837 	0.000956604 	-1.32877 	-0.00131747 	
2.685	0.331064 	-0.172626 	0.539827 	0.000956605 	-1.32877 	-0.00131747 	
2.69	0.331066 	-0.172628 	0.539817 	0.000956607 	-1.32877 	-0.00131747 	
2.695	0.331067 	-0.17263 	0.539806 	0.000956608 	-1.32877 	-0.00131747 	
2.7	0.331069 	-0.172633 	0.539795 	0.00095661 	-1.32877 	-0.00131747 	
2.705	0.33107 	-0.172635 	0.539784 	0.000956611 	-1.32877 	-0.00131747 	
2.71	0.331072 	-0.172637 	0.539773 	0.000956613 	-1.32877 	-0.00131748 	
2.715	0.331073 	-0.17264 	0.539761 	0.000956615 	-1.32877 	-0.00131748 	
2.72	0.331075 	-0.172642 	0.539749 	0.000956617 	-1.32877 	-0.00131748 	
2.725	0.331076 	-0.172645 	0.539737 	0.000956619 	-1.32877 	-0.00131748 	
2.73	0.331078 	-0.172648 	0.539724 	0.000956621 	-1.32877 	-0.00131748 	
2.735	0.33108 	-0.17265 	0.539711 	0.000956623 	-1.32877 	-0.00131749 	
2.74	0.331081 	-0.172653 	0.539698 	0.000956625 	-1.32877 	-0.00131749 	
2.745	0.331083 	-0.172656 	0.539684 	0.000956628 	-1.32877 	-0.00131749 	
2.75	0.331085 	-0.172659 	0.539671 	0.00095663 	-1.32877 	-0.00131749 	
2.755	0.331087 	-0.172662 	0.539657 	0.000956633 	-1.32877 	-0.0013175 	
2.76	0.331089 	-0.172665 	0.539643 	0.000956635 	-1.32877 	-0.0013175 	
2.765	0.331091 	-0.172668 	0.539628 	0.000956638 	-1.32877 	-0.0013175 	
2.77	0.331162 	-0.172679 	0.539625 	9.53126e-05 	-1.33004 	-0.000131169 	
2.775	0.331164 	-0.172682 	0.53961 	9.53156e-05 	-1.33004 	-0.000131172 	
2.78	0.331166 	-0.172685 	0.539595 	9.53187e-05 	-1.33004 	-0.000131175 	
2.785	0.331168 	-0.172689 	0.539579 	9.53219e-05 	-1.33004 	-0.000131179 	
2.79	0.33117 	-0.172692 	0.539563 	9.53252e-05 	-1.33004 	-0.000131182 	
2.795	0.331172 	-0.172696 	0.539547 	9.53286e-05 	-1.33004 	-0.000131186 	
2.8	0.331174 	-0.172699 	0.539531 	9.53321e-05 	-1.33004 	-0.000131189 	
2.805	0.331176 	-0.172702 	0.539514 	9.53358e-05 	-1.33004 	-0.000131193 	
2.81	0.331179 	-0.172706 	0.539497 	9.53395e-05 	-1.33004 	-0.000131197 	
2.815	0.331182 	-0.172708 	0.53948 	9.53439e-05 	-1.33004 	-0.000131201 	
2.82	0.331185 	-0.172712 	0.539462 	9.53479e-05 	-1.33004 	-0.000131206 	
2.825	0.331187 	-0.172715 	0.539445 	9.5352e-05 	-1.33004 	-0.00013121 	
2.83	0.33119 	-0.172719 	0.539427 	9.53562e-05 	-1.33004 	-0.000131214 	
2.835	0.331192 	-0.172723 	0.539408 	9.53606e-05 	-1.33004 	-0.000131219 	
2.84	0.331194 	-0.172727 	0.53939 	9.53651e-05 	-1.33004 	-0.000131223 	
2.845	0.33127 	-0.172732 	0.539384 	1.02201e-05 	-1.33137 	-1.39146e-05 	
2.85	0.331272 	-0.172736 	0.539365 	1.02248e-05 	-1.33137 	-1.39196e-05 	
2.855	0.331275 	-0.17274 	0.539346 	1.02297e-05 	-1.33137 	-1.39246e-05 	
2.86	0.331278 	-0.172744 	0.539326 	1.02348e-05 	-1.33137 	-1.39298e-05 	
2.865	0.33128 	-0.172748 	0.539306 	1.02399e-05 	-1.33137 	-1.39351e-05 	
2.87	0.331283 	-0.172752 	0.539286 	1.02452e-05 	-1.33137 	-1.39406e-05 	
2.875	0.331286 	-0.172757 	0.539266 	1.02506e-05 	-1.33137 	-1.39462e-05 	
2.88	0.331288 	-0.172761 	0.539246 	1.02561e-05 	-1.33137 	-1.39519e-05 	
2.885	0.331291 	-0.172765 	0.539225 	1.02618e-05 	-1.33137 	-1.39578e-05 	
2.89	0.331294 	-0.17277 	0.539204 	1.02676e-05 	-1.33137 	-1.39638e-05 	
2.895	0.331297 	-0.172774 	0.539182 	1.02736e-05 	-1.33137 	-1.39699e-05 	
2.9	0.331299 	-0.172779 	0.539161 	1.02797e-05 	-1.33137 	-1.39762e-05 	
2.905	0.331373 	-0.172783 	0.539152 	1.77531e-06 	-1.33266 	-2.28072e-06 	
2.91	0.331376 	-0.172788 	0.53913 	1.78169e-06 	-1.33266 	-2.28732e-06 	
2.915	0.331379 	-0.172793 	0.539108 	1.78821e-06 	-1.33266 	-2.29406e-06 	
2.92	0.331382 	-0.172797 	0.539085 	1.79487e-06 	-1.33266 	-2.30094e-06 	
2.925	0.331385 	-0.172802 	0.539062 	1.80167e-06 	-1.33266 	-2.30796e-06 	
2.93	0.331388 	-0.172807 	0.53904 	1.80861e-06 	-1.33266 	-2.31514e-06 	
2.935	0.331391 	-0.172812 	0.539016 	1.81569e-06 	-1.33266 	-2.32245e-06 	
2.94	0.331394 	-0.172817 	0.538993 	1.82291e-06 	-1.33266 	-2.32991e-06 	
2.945	0.331397 	-0.172822 	0.538969 	1.83027e-06 	-1.33266 	-2.33752e-06 	
2.95	0.331401 	-0.172827 	0.538945 	1.83778e-06 	-1.33266 	-2.34528e-06 	
2.955	0.331404 	-0.172832 	0.538921 	1.84542e-06 	-1.33266 	-2.35318e-06 	
2.96	0.33148 	-0.172837 	0.53891 	9.9858e-07 	-1.334 	-1.19866e-06 	
2.965	0.331484 	-0.172842 	0.538886 	1.00655e-06 	-1.334 	-1.2069e-06 	
2.97	0.331487 	-0.172847 	0.538861 	1.01466e-06 	-1.334 	-1.21528e-06 	
2.975	0.33149 	-0.172853 	0.538836 	1.02292e-06 	-1.334 	-1.22381e-06 	
2.98	0.331494 	-0.172858 	0.538811 	1.03132e-06 	-1.334 	-1.2325e-06 	
2.985	0.331497 	-0.172863 	0.538785 	1.03986e-06 	-1.334 	-1.24132e-06 	
2.99	0.3315 	-0.172869 	0.53876 	1.04855e-06 	-1.334 	-1.2503e-06 	
2.995	0.331504 	-0.172874 	0.538734 	1.05739e-06 	-1.334 	-1.25943e-06 	
3	0.331507 	-0.17288 	0.538708 	1.06637e-06 	-1.334 	-1.26871e-06 	
3.005	0.331511 	-0.172885 	0.538681 	1.07549e-06 	-1.334 	-1.27814e-06 	
3.01	0.331588 	-0.172891 	0.538668 	9.36118e-07 	-1.33534 	-1.1083e-06 	
3.015	0.331591 	-0.172896 	0.538641 	9.45578e-07 	-1.33534 	-1.11808e-06 	
3.02	0.331595 	-0.172902 	0.538615 	9.5518e-07 	-1.33534 	-1.128e-06 	
3.025	0.331599 	-0.172908 	0.538587 	9.64927e-07 	-1.33534 	-1.13807e-06 	
3.03	0.331602 	-0.172914 	0.53856 	9.74818e-07 	-1.33534 	-1.14829e-06 	
3.035	0.331606 	-0.172919 	0.538533 	9.84855e-07 	-1.33534 	-1.15866e-06 	
3.04	0.33161 	-0.172925 	0.538505 	9.95037e-07 	-1.33534 	-1.16918e-06 	
3.045	0.331613 	-0.172931 	0.538477 	1.00536e-06 	-1.33534 	-1.17984e-06 	
3.05	0.331617 	-0.172937 	0.538449 	1.01583e-06 	-1.33534 	-1.19066e-06 	
3.055	0.331692 	-0.172943 	0.538433 	8.93743e-07 	-1.33665 	-1.0563e-06 	
3.06	0.331696 	-0.172949 	0.538405 	9.0455e-07 	-1.33665 	-1.06747e-06 	
3.065	0.3317 	-0.172955 	0.538376 	9.15498e-07 	-1.33665 	-1.07878e-06 	
3.07	0.331703 	-0.172962 	0.538347 	9.26208e-07 	-1.33665 	-1.08978e-06 	
3.075	0.331707 	-0.172968 	0.538318 	9.37437e-07 	-1.33665 	-1.10138e-06 	
3.08	0.331711 	-0.172974 	0.538289 	9.48812e-07 	-1.33665 	-1.11313e-06 	
3.085	0.331715 	-0.172981 	0.538259 	9.60328e-07 	-1.33665 	-1.12502e-06 	
3.09	0.331719 	-0.172987 	0.53823 	9.71986e-07 	-1.33665 	-1.13707e-06 	
3.095	0.331723 	-0.172993 	0.5382 	9.83783e-07 	-1.33665 	-1.14925e-06 	
3.1	0.331802 	-0.172999 	0.538184 	9.78953e-07 	-1.33803 	-1.15648e-06 	
3.105	0.331806 	-0.173006 	0.538154 	9.91089e-07 	-1.33803 	-1.16901e-06 	
3.11	0.33181 	-0.173012 	0.538123 	1.00336e-06 	-1.33803 	-1.18169e-06 	
3.115	0.331814 	-0.173019 	0.538093 	1.01577e-06 	-1.33803 	-1.1945e-06 	
3.12	0.331818 	-0.173025 	0.538062 	1.02831e-06 	-1.33803 	-1.20746e-06 	
3.125	0.331822 	-0.173031 	0.538031 	1.041e-06 	-1.33803 	-1.22056e-06 	
3.13	0.331826 	-0.173038 	0.538 	1.05381e-06 	-1.33803 	-1.2338e-06 	
3.135	0.331831 	-0.173045 	0.537969 	1.06676e-06 	-1.33803 	-1.24718e-06 	
3.14	0.331906 	-0.173051 	0.537951 	9.02996e-07 	-1.33933 	-1.0664e-06 	
3.145	0.33191 	-0.173058 	0.537919 	9.16276e-07 	-1.33933 	-1.08012e-06 	
3.15	0.331915 	-0.173064 	0.537887 	9.29684e-07 	-1.33933 	-1.09397e-06 	
3.155	0.331919 	-0.173071 	0.537856 	9.43222e-07 	-1.33933 	-1.10795e-06 	
3.16	0.331923 	-0.173078 	0.537824 	9.56891e-07 	-1.33933 	-1.12207e-06 	
3.165	0.331927 	-0.173085 	0.537791 	9.70689e-07 	-1.33933 	-1.13631e-06 	
3.17	0.331932 	-0.173091 	0.537759 	9.84614e-07 	-1.33933 	-1.15069e-06 	
3.175	0.331936 	-0.173098 	0.537727 	9.98665e-07 	-1.33933 	-1.16521e-06 	
3.18	0.332014 	-0.173105 	0.537708 	9.48598e-07 	-1.34068 	-1.11992e-06 	
3.185	0.332018 	-0.173112 	0.537675 	9.62969e-07 	-1.34068 	-1.13476e-06 	
3.19	0.332023 	-0.173119 	0.537642 	9.77458e-07 	-1.34068 	-1.14972e-06 	
3.195	0.332027 	-0.173126 	0.537609 	9.9207e-07 	-1.34068 	-1.16481e-06 	
3.2	0.332031 	-0.173133 	0.537576 	1.0068e-06 	-1.34068 	-1.18002e-06 	
3.205	0.332036 	-0.17314 	0.537542 	1.02165e-06 	-1.34068 	-1.19536e-06 	
3.21	0.33204 	-0.173147 	0.537509 	1.03662e-06 	-1.34068 	-1.21081e-06 	
3.215	0.332045 	-0.173154 	0.537475 	1.05171e-06 	-1.34068 	-1.22639e-06 	
3.22	0.332126 	-0.173161 	0.537456 	1.01589e-06 	-1.34207 	-1.19899e-06 	
3.225	0.33213 	-0.173168 	0.537422 	1.03128e-06 	-1.34207 	-1.21488e-06 	
3.23	0.332135 	-0.173175 	0.537388 	1.04678e-06 	-1.34207 	-1.23088e-06 	
3.235	0.332139 	-0.173183 	0.537354 	1.06239e-06 	-1.34207 	-1.247e-06 	
3.24	0.332144 	-0.17319 	0.537319 	1.07811e-06 	-1.34207 	-1.26322e-06 	
3.245	0.332148 	-0.173197 	0.537285 	1.09393e-06 	-1.34207 	-1.27956e-06 	
3.25	0.332153 	-0.173204 	0.537251 	1.10987e-06 	-1.34207 	-1.29601e-06 	
3.255	0.332227 	-0.173212 	0.537229 	8.81761e-07 	-1.34335 	-1.04035e-06 	
3.26	0.332232 	-0.173219 	0.537194 	8.97977e-07 	-1.34335 	-1.05708e-06 	
3.265	0.332236 	-0.173226 	0.53716 	9.14289e-07 	-1.34335 	-1.07392e-06 	
3.27	0.332241 	-0.173233 	0.537125 	9.30701e-07 	-1.34335 	-1.09087e-06 	
3.275	0.332246 	-0.173241 	0.537089 	9.4721e-07 	-1.34335 	-1.10791e-06 	
3.28	0.33225 	-0.173248 	0.537054 	9.63816e-07 	-1.34335 	-1.12505e-06 	
3.285	0.332255 	-0.173256 	0.537019 	9.80515e-07 	-1.34335 	-1.14229e-06 	
3.29	0.33233 	-0.173263 	0.536997 	8.87699e-07 	-1.34463 	-1.04705e-06 	
3.295	0.332335 	-0.173271 	0.536962 	9.04662e-07 	-1.34463 	-1.06456e-06 	
3.3	0.33234 	-0.173278 	0.536926 	9.21709e-07 	-1.34463 	-1.08215e-06 	
3.305	0.332344 	-0.173285 	0.53689 	9.38844e-07 	-1.34463 	-1.09984e-06 	
3.31	0.332349 	-0.173293 	0.536855 	9.56063e-07 	-1.34463 	-1.11761e-06 	
3.315	0.332354 	-0.173301 	0.536819 	9.73366e-07 	-1.34463 	-1.13547e-06 	
3.32	0.332359 	-0.173308 	0.536783 	9.90749e-07 	-1.34463 	-1.15341e-06 	
3.325	0.332435 	-0.173316 	0.53676 	9.19046e-07 	-1.34595 	-1.08371e-06 	
3.33	0.33244 	-0.173323 	0.536724 	9.36672e-07 	-1.34595 	-1.1019e-06 	
3.335	0.332445 	-0.173331 	0.536688 	9.54369e-07 	-1.34595 	-1.12016e-06 	
3.34	0.332449 	-0.173339 	0.536652 	9.71709e-07 	-1.34595 	-1.13799e-06 	
3.345	0.332454 	-0.173347 	0.536615 	9.89545e-07 	-1.34595 	-1.15639e-06 	
3.35	0.332458 	-0.173355 	0.536579 	1.00746e-06 	-1.34595 	-1.17488e-06 	
3.355	0.332463 	-0.173362 	0.536542 	1.02543e-06 	-1.34595 	-1.19343e-06 	
3.36	0.332541 	-0.17337 	0.53652 	9.50007e-07 	-1.34728 	-1.11988e-06 	
3.365	0.332546 	-0.173378 	0.536483 	9.68203e-07 	-1.34728 	-1.13866e-06 	
3.37	0.332551 	-0.173385 	0.536447 	9.86455e-07 	-1.34728 	-1.15749e-06 	
3.375	0.332556 	-0.173393 	0.53641 	1.00477e-06 	-1.34728 	-1.17638e-06 	
3.38	0.332561 	-0.173401 	0.536373 	1.02313e-06 	-1.34728 	-1.19534e-06 	
3.385	0.332566 	-0.173409 	0.536336 	1.04155e-06 	-1.34728 	-1.21434e-06 	
3.39	0.33257 	-0.173416 	0.536299 	1.06003e-06 	-1.34728 	-1.2334e-06 	
3.395	0.332649 	-0.173424 	0.536276 	9.76351e-07 	-1.34863 	-1.15059e-06 	
3.4	0.332654 	-0.173432 	0.536239 	9.95017e-07 	-1.34863 	-1.16984e-06 	
3.405	0.332659 	-0.17344 	0.536202 	1.01372e-06 	-1.34863 	-1.18914e-06 	
3.41	0.332664 	-0.173447 	0.536165 	1.03247e-06 	-1.34863 	-1.20849e-06 	
3.415	0.332669 	-0.173455 	0.536128 	1.05126e-06 	-1.34863 	-1.22787e-06 	
3.42	0.332674 	-0.173463 	0.53609 	1.07009e-06 	-1.34863 	-1.2473e-06 	
3.425	0.332679 	-0.173471 	0.536053 	1.08895e-06 	-1.34863 	-1.26676e-06 	
3.43	0.332758 	-0.173479 	0.53603 	9.97116e-07 	-1.35 	-1.1747e-06 	
3.435	0.332763 	-0.173487 	0.535993 	1.01615e-06 	-1.35 	-1.19433e-06 	
