0	0.0490601 	0.0217817 	-2.01102 	0.262366 	0.530884 	-0.01109 	
0.005	0.0490601 	0.0217817 	-2.01102 	0.262366 	0.530884 	-0.01109 	
0.01	0.0490601 	0.0217775 	-2.01102 	0.262366 	0.530885 	-0.0110897 	
0.015	0.0490601 	0.0217719 	-2.01102 	0.262366 	0.530886 	-0.0110894 	
0.02	0.0490601 	0.021764 	-2.01101 	0.262367 	0.530888 	-0.0110889 	
0.025	0.0490601 	0.0217538 	-2.011 	0.262367 	0.53089 	-0.0110882 	
0.03	0.0490601 	0.0217413 	-2.01099 	0.262367 	0.530893 	-0.0110874 	
0.035	0.0490601 	0.0217265 	-2.01098 	0.262368 	0.530896 	-0.0110865 	
0.04	0.0490602 	0.0217094 	-2.01097 	0.262368 	0.530899 	-0.0110854 	
0.045	0.0490602 	0.0216899 	-2.01095 	0.262369 	0.530903 	-0.0110841 	
0.05	0.0490602 	0.0216682 	-2.01093 	0.26237 	0.530908 	-0.0110827 	
0.055	0.0490602 	0.0216441 	-2.01092 	0.262371 	0.530913 	-0.0110812 	
0.06	0.0490603 	0.0216177 	-2.0109 	0.262371 	0.530918 	-0.0110795 	
0.065	0.0490603 	0.021589 	-2.01087 	0.262372 	0.530924 	-0.0110777 	
0.07	0.0490603 	0.0215579 	-2.01085 	0.262373 	0.530931 	-0.0110757 	
0.075	0.0490604 	0.0215246 	-2.01082 	0.262375 	0.530938 	-0.0110736 	
0.08	0.0490604 	0.021489 	-2.01079 	0.262376 	0.530945 	-0.0110713 	
0.085	0.0490605 	0.0214472 	-2.01076 	0.262377 	0.530954 	-0.0110687 	
0.09	0.0490605 	0.0214104 	-2.01073 	0.262378 	0.530962 	-0.0110663 	
0.095	0.0490606 	0.0213639 	-2.0107 	0.26238 	0.530971 	-0.0110634 	
0.1	0.0490606 	0.0213188 	-2.01066 	0.262381 	0.530981 	-0.0110605 	
0.105	0.0490607 	0.0212714 	-2.01062 	0.262383 	0.530991 	-0.0110575 	
0.11	0.0490608 	0.0212217 	-2.01058 	0.262384 	0.531001 	-0.0110544 	
0.115	0.0490608 	0.0211697 	-2.01054 	0.262386 	0.531012 	-0.0110511 	
0.12	0.0490609 	0.0211155 	-2.0105 	0.262388 	0.531023 	-0.0110476 	
0.125	0.049061 	0.0210589 	-2.01046 	0.26239 	0.531035 	-0.0110441 	
0.13	0.0490611 	0.021 	-2.01041 	0.262392 	0.531047 	-0.0110403 	
0.135	0.0490612 	0.0209389 	-2.01036 	0.262394 	0.53106 	-0.0110365 	
0.14	0.0490613 	0.0208754 	-2.01031 	0.262396 	0.531073 	-0.0110325 	
0.145	0.0490614 	0.0208097 	-2.01026 	0.262398 	0.531087 	-0.0110283 	
0.15	0.0490615 	0.0207417 	-2.01021 	0.2624 	0.531101 	-0.0110241 	
0.155	0.0490616 	0.0206714 	-2.01015 	0.262402 	0.531115 	-0.0110197 	
0.16	0.0491646 	0.0203746 	-2.01028 	0.262505 	0.53271 	-0.0103771 	
0.165	0.0491647 	0.0202997 	-2.01022 	0.262507 	0.532725 	-0.0103724 	
0.17	0.0491649 	0.0202227 	-2.01016 	0.26251 	0.532741 	-0.0103676 	
0.175	0.049165 	0.0201433 	-2.01009 	0.262512 	0.532758 	-0.0103626 	
0.18	0.0491652 	0.0200617 	-2.01003 	0.262515 	0.532775 	-0.0103575 	
0.185	0.0491653 	0.0199778 	-2.00996 	0.262517 	0.532792 	-0.0103523 	
0.19	0.0491655 	0.0198917 	-2.0099 	0.26252 	0.53281 	-0.0103469 	
0.195	0.0491657 	0.0198033 	-2.00983 	0.262523 	0.532828 	-0.0103414 	
0.2	0.0491659 	0.0197127 	-2.00975 	0.262526 	0.532847 	-0.0103358 	
0.205	0.0491661 	0.0196198 	-2.00968 	0.262529 	0.532866 	-0.01033 	
0.21	0.0491663 	0.0195247 	-2.00961 	0.262532 	0.532885 	-0.0103241 	
0.215	0.0491665 	0.0194274 	-2.00953 	0.262535 	0.532906 	-0.0103181 	
0.22	0.0492691 	0.0191066 	-2.00963 	0.262643 	0.534482 	-0.00968172 	
0.225	0.0492693 	0.0190048 	-2.00955 	0.262646 	0.534502 	-0.00967544 	
0.23	0.0492695 	0.0189008 	-2.00947 	0.26265 	0.534524 	-0.00966902 	
0.235	0.0492698 	0.0187946 	-2.00938 	0.262653 	0.534546 	-0.00966248 	
0.24	0.04927 	0.0186861 	-2.0093 	0.262657 	0.534568 	-0.00965582 	
0.245	0.0492703 	0.0185755 	-2.00921 	0.26266 	0.534591 	-0.00964904 	
0.25	0.0492706 	0.0184626 	-2.00912 	0.262664 	0.534614 	-0.00964213 	
0.255	0.0492709 	0.0183476 	-2.00903 	0.262667 	0.534637 	-0.0096351 	
0.26	0.0492713 	0.0182303 	-2.00894 	0.262671 	0.534661 	-0.00962795 	
0.265	0.0492716 	0.0181109 	-2.00884 	0.262675 	0.534686 	-0.00962069 	
0.27	0.0493814 	0.0177545 	-2.00893 	0.262796 	0.536359 	-0.00894366 	
0.275	0.0493817 	0.0176307 	-2.00883 	0.2628 	0.536384 	-0.00893615 	
0.28	0.0493821 	0.0175047 	-2.00874 	0.262804 	0.53641 	-0.00892852 	
0.285	0.0493825 	0.0173766 	-2.00863 	0.262808 	0.536436 	-0.00892077 	
0.29	0.0493829 	0.0172462 	-2.00853 	0.262812 	0.536462 	-0.00891292 	
0.295	0.0493833 	0.0171138 	-2.00843 	0.262817 	0.536489 	-0.00890495 	
0.3	0.0493838 	0.0169791 	-2.00832 	0.262821 	0.536517 	-0.00889687 	
0.305	0.0493842 	0.0168424 	-2.00821 	0.262825 	0.536544 	-0.00888868 	
0.31	0.0494899 	0.0164797 	-2.00828 	0.262947 	0.538142 	-0.00824089 	
0.315	0.0494904 	0.0163386 	-2.00817 	0.262952 	0.53817 	-0.00823247 	
0.32	0.0494909 	0.0161954 	-2.00805 	0.262956 	0.538199 	-0.00822394 	
0.325	0.0494914 	0.0160501 	-2.00794 	0.262961 	0.538229 	-0.00821531 	
0.33	0.049492 	0.0159027 	-2.00782 	0.262966 	0.538258 	-0.00820658 	
0.335	0.0494926 	0.0157532 	-2.0077 	0.262971 	0.538288 	-0.00819775 	
0.34	0.0494931 	0.0156015 	-2.00758 	0.262975 	0.538319 	-0.00818881 	
0.345	0.0495977 	0.0152284 	-2.00763 	0.263101 	0.539886 	-0.00755197 	
0.35	0.0495984 	0.0150726 	-2.00751 	0.263106 	0.539917 	-0.00754282 	
0.355	0.049599 	0.0149147 	-2.00738 	0.263111 	0.539949 	-0.00753357 	
0.36	0.0495997 	0.0147547 	-2.00726 	0.263116 	0.539981 	-0.00752423 	
0.365	0.0496004 	0.0145926 	-2.00713 	0.263121 	0.540014 	-0.0075148 	
0.37	0.0496011 	0.0144284 	-2.007 	0.263126 	0.540046 	-0.00750528 	
0.375	0.0496018 	0.0142622 	-2.00686 	0.263132 	0.54008 	-0.00749566 	
0.38	0.0497167 	0.0138552 	-2.00692 	0.263275 	0.541784 	-0.00680127 	
0.385	0.0497175 	0.0136848 	-2.00678 	0.26328 	0.541818 	-0.00679146 	
0.39	0.0497183 	0.0135125 	-2.00664 	0.263286 	0.541852 	-0.00678156 	
0.395	0.0497191 	0.0133381 	-2.00651 	0.263291 	0.541887 	-0.00677158 	
0.4	0.04972 	0.0131617 	-2.00636 	0.263297 	0.541922 	-0.00676151 	
0.405	0.0497209 	0.0129833 	-2.00622 	0.263302 	0.541957 	-0.00675136 	
0.41	0.0498305 	0.0125775 	-2.00625 	0.263444 	0.543567 	-0.0060938 	
0.415	0.0498314 	0.0123951 	-2.00611 	0.26345 	0.543603 	-0.00608347 	
0.42	0.0498324 	0.0122107 	-2.00596 	0.263456 	0.543639 	-0.00607306 	
0.425	0.0498334 	0.0120243 	-2.00581 	0.263462 	0.543676 	-0.00606258 	
0.43	0.0498344 	0.0118359 	-2.00566 	0.263468 	0.543713 	-0.00605203 	
0.435	0.0498354 	0.0116456 	-2.00551 	0.263473 	0.543751 	-0.0060414 	
0.44	0.0499523 	0.0112151 	-2.00554 	0.26363 	0.54545 	-0.00534543 	
0.445	0.0499534 	0.0110208 	-2.00538 	0.263636 	0.545488 	-0.00533464 	
0.45	0.0499545 	0.0108246 	-2.00523 	0.263642 	0.545527 	-0.00532378 	
0.455	0.0499557 	0.0106264 	-2.00507 	0.263648 	0.545565 	-0.00531286 	
0.46	0.0499569 	0.0104263 	-2.00491 	0.263654 	0.545604 	-0.00530187 	
0.465	0.0499582 	0.0102243 	-2.00475 	0.263661 	0.545644 	-0.00529082 	
0.47	0.0500837 	0.00976708 	-2.00478 	0.263834 	0.547448 	-0.0045494 	
0.475	0.050085 	0.00956123 	-2.00461 	0.26384 	0.547488 	-0.00453821 	
0.48	0.0500863 	0.00935352 	-2.00444 	0.263847 	0.547529 	-0.00452695 	
0.485	0.0500877 	0.00914392 	-2.00428 	0.263853 	0.547569 	-0.00451564 	
0.49	0.0500891 	0.00893245 	-2.00411 	0.26386 	0.54761 	-0.00450427 	
0.495	0.0502029 	0.00849208 	-2.00411 	0.264022 	0.549231 	-0.00383712 	
0.5	0.0502044 	0.00827684 	-2.00394 	0.264029 	0.549272 	-0.00382562 	
0.505	0.0502059 	0.00805978 	-2.00376 	0.264036 	0.549314 	-0.00381408 	
0.51	0.0502074 	0.00784088 	-2.00359 	0.264042 	0.549356 	-0.00380249 	
0.515	0.050209 	0.00762015 	-2.00341 	0.264049 	0.549398 	-0.00379086 	
0.52	0.0503272 	0.00716392 	-2.0034 	0.264223 	0.551064 	-0.00310304 	
0.525	0.0503289 	0.00693952 	-2.00322 	0.26423 	0.551107 	-0.00309129 	
0.53	0.0503306 	0.00671334 	-2.00304 	0.264236 	0.55115 	-0.0030795 	
0.535	0.0503323 	0.00648536 	-2.00286 	0.264243 	0.551194 	-0.00306767 	
0.54	0.0503341 	0.0062556 	-2.00267 	0.26425 	0.551237 	-0.00305581 	
0.545	0.0504584 	0.00578064 	-2.00267 	0.264438 	0.55297 	-0.00233813 	
0.55	0.0504602 	0.0055473 	-2.00248 	0.264445 	0.553015 	-0.00232617 	
0.555	0.0504622 	0.00531223 	-2.00229 	0.264452 	0.553059 	-0.00231418 	
0.56	0.0504641 	0.00507542 	-2.0021 	0.264459 	0.553104 	-0.00230215 	
0.565	0.0504661 	0.00483687 	-2.00191 	0.264466 	0.553148 	-0.0022901 	
0.57	0.0505967 	0.0043433 	-2.0019 	0.264669 	0.554949 	-0.00154204 	
0.575	0.0505988 	0.00410127 	-2.0017 	0.264676 	0.554994 	-0.00152991 	
0.58	0.0506009 	0.00385756 	-2.00151 	0.264683 	0.55504 	-0.00151776 	
0.585	0.0506031 	0.00361216 	-2.00131 	0.26469 	0.555086 	-0.00150558 	
0.59	0.0506053 	0.00336507 	-2.00111 	0.264698 	0.555132 	-0.00149338 	
0.595	0.0507423 	0.00285333 	-2.0011 	0.264916 	0.556998 	-0.000715309 	
0.6	0.0507446 	0.00260286 	-2.0009 	0.264923 	0.557044 	-0.000703049 	
0.605	0.0507469 	0.00235077 	-2.00069 	0.26493 	0.557091 	-0.000690774 	
0.61	0.0507494 	0.00209703 	-2.00049 	0.264938 	0.557138 	-0.000678487 	
0.615	0.0508668 	0.00161914 	-2.00044 	0.26513 	0.558723 	-1.65778e-05 	
0.62	0.0508693 	0.00136211 	-2.00023 	0.265137 	0.558771 	-4.24464e-06 	
0.625	0.0508718 	0.0011035 	-2.00002 	0.265145 	0.558818 	8.09603e-06 	
0.63	0.0508745 	0.000843286 	-1.99981 	0.265153 	0.558866 	2.04418e-05 	
0.635	0.0509936 	0.000357686 	-1.99976 	0.265351 	0.560459 	0.000687363 	
0.64	0.0509963 	9.42689e-05 	-1.99955 	0.265359 	0.560507 	0.000699741 	
0.645	0.0509991 	-0.000170692 	-1.99933 	0.265367 	0.560555 	0.000712119 	
0.65	0.0510019 	-0.00043721 	-1.99911 	0.265375 	0.560603 	0.000724495 	
0.655	0.051125 	-0.000934391 	-1.99906 	0.265584 	0.562232 	0.00140842 	
0.66	0.0511279 	-0.00120402 	-1.99884 	0.265592 	0.562281 	0.00142081 	
0.665	0.0511309 	-0.00147516 	-1.99862 	0.2656 	0.56233 	0.0014332 	
0.67	0.0511339 	-0.0017478 	-1.9984 	0.265607 	0.562379 	0.00144558 	
0.675	0.0512612 	-0.00225667 	-1.99834 	0.265828 	0.564045 	0.00214746 	
0.68	0.0512643 	-0.00253234 	-1.99811 	0.265836 	0.564094 	0.00215985 	
0.685	0.0512675 	-0.00280946 	-1.99789 	0.265844 	0.564144 	0.00217222 	
0.69	0.0512708 	-0.00308805 	-1.99766 	0.265852 	0.564193 	0.00218457 	
0.695	0.0514022 	-0.00360832 	-1.9976 	0.266084 	0.565896 	0.00290424 	
0.7	0.0514056 	-0.00388984 	-1.99737 	0.266092 	0.565946 	0.00291659 	
0.705	0.051409 	-0.00417278 	-1.99714 	0.2661 	0.565996 	0.00292891 	
0.71	0.0514125 	-0.00445713 	-1.9969 	0.266108 	0.566046 	0.00294122 	
0.715	0.0515481 	-0.00498847 	-1.99684 	0.266353 	0.567784 	0.00367838 	
0.72	0.0515517 	-0.00527566 	-1.99661 	0.266361 	0.567835 	0.00369067 	
0.725	0.0515554 	-0.00556421 	-1.99637 	0.266369 	0.567885 	0.00370292 	
0.73	0.0515591 	-0.00585413 	-1.99613 	0.266377 	0.567936 	0.00371514 	
0.735	0.0516989 	-0.00639621 	-1.99607 	0.266634 	0.569708 	0.0044695 	
0.74	0.0517028 	-0.00668888 	-1.99583 	0.266642 	0.569759 	0.00448169 	
0.745	0.0517066 	-0.00698286 	-1.99558 	0.26665 	0.56981 	0.00449385 	
0.75	0.0517106 	-0.00727816 	-1.99534 	0.266658 	0.569861 	0.00450597 	
0.755	0.0518547 	-0.00783062 	-1.99527 	0.266927 	0.571666 	0.00527719 	
0.76	0.0518587 	-0.00812857 	-1.99503 	0.266936 	0.571717 	0.00528927 	
0.765	0.0518629 	-0.00842778 	-1.99478 	0.266944 	0.571769 	0.0053013 	
0.77	0.0518671 	-0.00872827 	-1.99453 	0.266952 	0.57182 	0.00531328 	
0.775	0.0520154 	-0.00929076 	-1.99446 	0.267234 	0.573657 	0.00610105 	
0.78	0.0520197 	-0.0095938 	-1.99421 	0.267242 	0.573709 	0.00611298 	
0.785	0.0520241 	-0.00989805 	-1.99396 	0.267251 	0.57376 	0.00612485 	
0.79	0.0520285 	-0.0102035 	-1.99371 	0.267259 	0.573812 	0.00613668 	
0.795	0.052181 	-0.0107757 	-1.99363 	0.267554 	0.57568 	0.00694064 	
0.8	0.0521856 	-0.0110836 	-1.99338 	0.267562 	0.575731 	0.0069524 	
0.805	0.0521902 	-0.0113927 	-1.99312 	0.267571 	0.575783 	0.0069641 	
0.81	0.052195 	-0.0117029 	-1.99286 	0.267579 	0.575835 	0.00697575 	
0.815	0.0523516 	-0.0122844 	-1.99279 	0.267887 	0.577732 	0.00779556 	
0.82	0.0523565 	-0.012597 	-1.99253 	0.267896 	0.577784 	0.00780712 	
0.825	0.0523614 	-0.0129107 	-1.99227 	0.267904 	0.577836 	0.00781862 	
0.83	0.0523664 	-0.0132255 	-1.99201 	0.267912 	0.577888 	0.00783005 	
0.835	0.0525272 	-0.0138159 	-1.99193 	0.268234 	0.579813 	0.00866534 	
0.84	0.0525323 	-0.014133 	-1.99166 	0.268243 	0.579865 	0.00867668 	
0.845	0.0525375 	-0.0144511 	-1.9914 	0.268251 	0.579917 	0.00868796 	
0.85	0.0525428 	-0.0147703 	-1.99113 	0.26826 	0.579969 	0.00869916 	
0.855	0.0527078 	-0.0153692 	-1.99105 	0.268595 	0.581921 	0.00954957 	
0.86	0.0527132 	-0.0156906 	-1.99078 	0.268604 	0.581973 	0.00956066 	
0.865	0.0527186 	-0.0160129 	-1.99051 	0.268612 	0.582025 	0.00957169 	
0.87	0.0527242 	-0.0163363 	-1.99024 	0.26862 	0.582077 	0.00958263 	
0.875	0.0528934 	-0.0169433 	-1.99016 	0.26897 	0.584054 	0.0104478 	
0.88	0.052899 	-0.0172687 	-1.98988 	0.268979 	0.584106 	0.0104586 	
0.885	0.0529047 	-0.0175951 	-1.98961 	0.268987 	0.584158 	0.0104693 	
0.89	0.0529106 	-0.0179224 	-1.98933 	0.268995 	0.58421 	0.01048 	
0.895	0.0530839 	-0.0185372 	-1.98925 	0.269359 	0.58621 	0.0113595 	
0.9	0.0530898 	-0.0188664 	-1.98897 	0.269368 	0.586262 	0.01137 	
0.905	0.0530958 	-0.0191965 	-1.98869 	0.269376 	0.586314 	0.0113805 	
0.91	0.0532343 	-0.0197521 	-1.98856 	0.26967 	0.587892 	0.012074 	
0.915	0.0532404 	-0.0200841 	-1.98828 	0.269678 	0.587943 	0.0120843 	
0.92	0.0532466 	-0.0204169 	-1.988 	0.269686 	0.587995 	0.0120945 	
0.925	0.0532529 	-0.0207506 	-1.98772 	0.269695 	0.588047 	0.0121047 	
0.93	0.0534295 	-0.0213715 	-1.98762 	0.270075 	0.590042 	0.0129884 	
0.935	0.0534359 	-0.0217069 	-1.98734 	0.270084 	0.590094 	0.0129983 	
0.94	0.0534424 	-0.0220431 	-1.98705 	0.270092 	0.590146 	0.0130082 	
0.945	0.0535861 	-0.0226087 	-1.98691 	0.270405 	0.591747 	0.0137178 	
0.95	0.0535928 	-0.0229466 	-1.98663 	0.270413 	0.591798 	0.0137276 	
0.955	0.0535995 	-0.0232852 	-1.98634 	0.270421 	0.59185 	0.0137372 	
0.96	0.0537419 	-0.023849 	-1.9862 	0.270734 	0.593421 	0.0144356 	
0.965	0.0537487 	-0.0241892 	-1.98591 	0.270742 	0.593472 	0.014445 	
0.97	0.0537557 	-0.0245301 	-1.98562 	0.27075 	0.593524 	0.0144544 	
0.975	0.0539 	-0.0250972 	-1.98547 	0.271071 	0.595101 	0.0151579 	
0.98	0.053907 	-0.0254396 	-1.98518 	0.271079 	0.595152 	0.015167 	
0.985	0.0539142 	-0.0257827 	-1.98489 	0.271087 	0.595203 	0.0151761 	
0.99	0.0540607 	-0.0263534 	-1.98474 	0.271415 	0.596789 	0.0158862 	
0.995	0.054068 	-0.0266979 	-1.98444 	0.271424 	0.59684 	0.0158951 	
1	0.0540753 	-0.027043 	-1.98415 	0.271432 	0.596891 	0.0159039 	
1.005	0.0542241 	-0.0276173 	-1.984 	0.271768 	0.598486 	0.0166206 	
1.01	0.0542316 	-0.0279637 	-1.9837 	0.271776 	0.598536 	0.0166291 	
1.015	0.0542392 	-0.0283107 	-1.9834 	0.271784 	0.598587 	0.0166376 	
1.02	0.0543902 	-0.0288884 	-1.98325 	0.272129 	0.60019 	0.0173607 	
1.025	0.0543979 	-0.0292366 	-1.98295 	0.272137 	0.60024 	0.0173689 	
1.03	0.0544056 	-0.0295854 	-1.98265 	0.272145 	0.60029 	0.0173771 	
1.035	0.0545588 	-0.0301661 	-1.9825 	0.272499 	0.601901 	0.0181064 	
1.04	0.0545667 	-0.030516 	-1.9822 	0.272507 	0.601951 	0.0181143 	
1.045	0.0545747 	-0.0308665 	-1.9819 	0.272514 	0.602001 	0.0181221 	
1.05	0.05473 	-0.0314501 	-1.98174 	0.272876 	0.603618 	0.0188574 	
1.055	0.0547382 	-0.0318015 	-1.98143 	0.272884 	0.603668 	0.018865 	
1.06	0.0547464 	-0.0321535 	-1.98113 	0.272892 	0.603717 	0.0188725 	
1.065	0.0549038 	-0.0327398 	-1.98097 	0.273261 	0.605341 	0.0196135 	
1.07	0.0549121 	-0.0330927 	-1.98067 	0.273269 	0.60539 	0.0196208 	
1.075	0.0549206 	-0.033446 	-1.98036 	0.273277 	0.605439 	0.0196279 	
1.08	0.0550801 	-0.0340347 	-1.9802 	0.273655 	0.607069 	0.0203746 	
1.085	0.0550886 	-0.034389 	-1.97989 	0.273663 	0.607117 	0.0203815 	
1.09	0.0550973 	-0.0347436 	-1.97958 	0.27367 	0.607166 	0.0203883 	
1.095	0.0552589 	-0.0353345 	-1.97942 	0.274056 	0.6088 	0.0211402 	
1.1	0.0552676 	-0.0356899 	-1.97911 	0.274064 	0.608849 	0.0211468 	
1.105	0.0552764 	-0.0360457 	-1.9788 	0.274071 	0.608897 	0.0211533 	
1.11	0.05544 	-0.0366386 	-1.97863 	0.274466 	0.610536 	0.0219103 	
1.115	0.055449 	-0.0369951 	-1.97833 	0.274473 	0.610584 	0.0219165 	
1.12	0.055458 	-0.0373518 	-1.97802 	0.274481 	0.610632 	0.0219226 	
1.125	0.0556236 	-0.0379465 	-1.97785 	0.274883 	0.612274 	0.0226846 	
1.13	0.0556328 	-0.0383039 	-1.97754 	0.274891 	0.612322 	0.0226905 	
1.135	0.055642 	-0.0386616 	-1.97722 	0.274898 	0.612369 	0.0226962 	
1.14	0.0558095 	-0.0392578 	-1.97705 	0.275308 	0.614015 	0.0234628 	
1.145	0.0558189 	-0.039616 	-1.97674 	0.275316 	0.614062 	0.0234683 	
1.15	0.0558283 	-0.0399744 	-1.97643 	0.275323 	0.614108 	0.0234736 	
1.155	0.0559977 	-0.040572 	-1.97625 	0.275741 	0.615757 	0.0242447 	
1.16	0.0560073 	-0.0409308 	-1.97594 	0.275748 	0.615803 	0.0242498 	
1.165	0.0560169 	-0.0412898 	-1.97563 	0.275755 	0.615849 	0.0242548 	
1.17	0.0561881 	-0.0418886 	-1.97545 	0.276182 	0.617499 	0.0250301 	
1.175	0.0561979 	-0.0422479 	-1.97514 	0.276189 	0.617545 	0.0250348 	
1.18	0.0562077 	-0.0426074 	-1.97482 	0.276196 	0.617591 	0.0250394 	
1.185	0.0563808 	-0.0432071 	-1.97464 	0.27663 	0.619242 	0.0258186 	
1.19	0.0563907 	-0.0435668 	-1.97433 	0.276636 	0.619287 	0.0258229 	
1.195	0.0564007 	-0.0439267 	-1.97401 	0.276643 	0.619333 	0.0258271 	
1.2	0.0565755 	-0.044527 	-1.97383 	0.277085 	0.620985 	0.0266101 	
1.205	0.0565856 	-0.044887 	-1.97351 	0.277092 	0.621029 	0.026614 	
1.21	0.0565958 	-0.0452471 	-1.9732 	0.277098 	0.621074 	0.0266178 	
1.215	0.0567723 	-0.0458479 	-1.97302 	0.277548 	0.622726 	0.0274043 	
1.22	0.0567826 	-0.046208 	-1.9727 	0.277554 	0.62277 	0.0274078 	
1.225	0.056793 	-0.0465682 	-1.97238 	0.277561 	0.622814 	0.0274112 	
1.23	0.0569711 	-0.0471692 	-1.9722 	0.278018 	0.624465 	0.0282009 	
1.235	0.0569816 	-0.0475294 	-1.97188 	0.278024 	0.624509 	0.028204 	
1.24	0.0569921 	-0.0478895 	-1.97156 	0.27803 	0.624552 	0.0282071 	
1.245	0.0571718 	-0.0484905 	-1.97138 	0.278494 	0.626202 	0.0289997 	
1.25	0.0571825 	-0.0488506 	-1.97106 	0.278501 	0.626245 	0.0290024 	
1.255	0.0571932 	-0.0492106 	-1.97074 	0.278507 	0.626288 	0.0290051 	
1.26	0.0573744 	-0.0498114 	-1.97055 	0.278978 	0.627936 	0.0298003 	
1.265	0.0573853 	-0.0501712 	-1.97023 	0.278984 	0.627978 	0.0298027 	
1.27	0.0573962 	-0.0505309 	-1.96991 	0.27899 	0.62802 	0.029805 	
1.275	0.0575788 	-0.0511312 	-1.96972 	0.279468 	0.629666 	0.0306027 	
1.28	0.0575898 	-0.0514907 	-1.96941 	0.279474 	0.629708 	0.0306047 	
1.285	0.0576009 	-0.05185 	-1.96909 	0.27948 	0.629749 	0.0306065 	
1.29	0.057785 	-0.0524497 	-1.9689 	0.279965 	0.631392 	0.0314064 	
1.295	0.0577961 	-0.0528086 	-1.96858 	0.279971 	0.631433 	0.031408 	
1.3	0.0578073 	-0.0531674 	-1.96826 	0.279977 	0.631473 	0.0314094 	
1.305	0.0579927 	-0.0537662 	-1.96806 	0.280468 	0.633113 	0.0322112 	
1.31	0.058004 	-0.0541245 	-1.96775 	0.280474 	0.633153 	0.0322124 	
1.315	0.0580154 	-0.0544826 	-1.96743 	0.28048 	0.633193 	0.0322135 	
1.32	0.0582021 	-0.0550803 	-1.96723 	0.280978 	0.634828 	0.0330169 	
1.325	0.0582135 	-0.0554379 	-1.96691 	0.280983 	0.634867 	0.0330177 	
1.33	0.058225 	-0.0557951 	-1.96659 	0.280989 	0.634906 	0.0330183 	
1.335	0.0584129 	-0.0563915 	-1.9664 	0.281493 	0.636536 	0.0338231 	
1.34	0.0584245 	-0.0567482 	-1.96608 	0.281498 	0.636575 	0.0338235 	
1.345	0.0584361 	-0.0571046 	-1.96576 	0.281503 	0.636614 	0.0338238 	
1.35	0.0586251 	-0.0576994 	-1.96556 	0.282014 	0.638238 	0.0346296 	
1.355	0.0586368 	-0.0580551 	-1.96524 	0.282019 	0.638276 	0.0346296 	
1.36	0.0586486 	-0.0584104 	-1.96493 	0.282024 	0.638314 	0.0346295 	
1.365	0.0588386 	-0.0590035 	-1.96473 	0.28254 	0.639933 	0.0354361 	
1.37	0.0588505 	-0.059358 	-1.96441 	0.282545 	0.63997 	0.0354358 	
1.375	0.0588624 	-0.0597122 	-1.96409 	0.28255 	0.640007 	0.0354352 	
1.38	0.0590534 	-0.0603033 	-1.96389 	0.283072 	0.641619 	0.0362424 	
1.385	0.0590654 	-0.0606566 	-1.96357 	0.283077 	0.641655 	0.0362416 	
1.39	0.0590774 	-0.0610094 	-1.96326 	0.283082 	0.641692 	0.0362407 	
1.395	0.0592693 	-0.0615983 	-1.96306 	0.283609 	0.643296 	0.037048 	
1.4	0.0592814 	-0.0619502 	-1.96274 	0.283614 	0.643332 	0.0370469 	
1.405	0.0592936 	-0.0623016 	-1.96242 	0.283618 	0.643368 	0.0370456 	
1.41	0.0594862 	-0.0628881 	-1.96222 	0.284151 	0.644965 	0.0378529 	
1.415	0.0594985 	-0.0632386 	-1.9619 	0.284155 	0.645 	0.0378513 	
1.42	0.0595107 	-0.0635884 	-1.96159 	0.284159 	0.645034 	0.0378497 	
1.425	0.0597041 	-0.0641723 	-1.96139 	0.284697 	0.646623 	0.0386566 	
1.43	0.0597165 	-0.0645211 	-1.96107 	0.284701 	0.646657 	0.0386546 	
1.435	0.0597288 	-0.0648693 	-1.96075 	0.284705 	0.646691 	0.0386526 	
1.44	0.0599229 	-0.0654504 	-1.96055 	0.285247 	0.648271 	0.0394588 	
1.445	0.0599353 	-0.0657974 	-1.96024 	0.285251 	0.648304 	0.0394565 	
1.45	0.0599478 	-0.0661438 	-1.95992 	0.285255 	0.648338 	0.0394541 	
1.455	0.0601424 	-0.0667219 	-1.95972 	0.285802 	0.649908 	0.0402594 	
1.46	0.0601549 	-0.067067 	-1.9594 	0.285805 	0.649941 	0.0402567 	
1.465	0.0601674 	-0.0674116 	-1.95909 	0.285809 	0.649973 	0.040254 	
1.47	0.0603625 	-0.0679863 	-1.95889 	0.28636 	0.651533 	0.0410579 	
1.475	0.0603751 	-0.0683295 	-1.95857 	0.286363 	0.651565 	0.0410549 	
1.48	0.0603877 	-0.068672 	-1.95826 	0.286367 	0.651597 	0.0410518 	
1.485	0.0605832 	-0.0692433 	-1.95806 	0.286921 	0.653147 	0.0418541 	
1.49	0.0605958 	-0.0695844 	-1.95775 	0.286925 	0.653178 	0.0418508 	
1.495	0.0606085 	-0.0699248 	-1.95743 	0.286928 	0.653209 	0.0418473 	
1.5	0.0608043 	-0.0704924 	-1.95723 	0.287486 	0.654747 	0.0426477 	
1.505	0.060817 	-0.0708313 	-1.95692 	0.287489 	0.654778 	0.0426441 	
1.51	0.0608298 	-0.0711694 	-1.95661 	0.287493 	0.654808 	0.0426403 	
1.515	0.0610257 	-0.0717332 	-1.95641 	0.288054 	0.656335 	0.0434385 	
1.52	0.0610385 	-0.0720697 	-1.9561 	0.288057 	0.656364 	0.0434344 	
1.525	0.0610513 	-0.0724054 	-1.95579 	0.28806 	0.656394 	0.0434303 	
1.53	0.0612474 	-0.0729652 	-1.95558 	0.288624 	0.657909 	0.044226 	
1.535	0.0612602 	-0.0732992 	-1.95528 	0.288627 	0.657938 	0.0442216 	
1.54	0.0612731 	-0.0736324 	-1.95497 	0.28863 	0.657966 	0.0442172 	
1.545	0.0614692 	-0.0741879 	-1.95477 	0.289196 	0.659468 	0.04501 	
1.55	0.061482 	-0.0745194 	-1.95446 	0.289199 	0.659497 	0.0450053 	
1.555	0.061495 	-0.07485 	-1.95416 	0.289202 	0.659524 	0.0450006 	
1.56	0.0616909 	-0.0754011 	-1.95395 	0.28977 	0.661013 	0.0457902 	
1.565	0.0617038 	-0.0757299 	-1.95365 	0.289773 	0.661041 	0.0457852 	
1.57	0.0617168 	-0.0760577 	-1.95334 	0.289775 	0.661068 	0.0457802 	
1.575	0.0619126 	-0.0766041 	-1.95314 	0.290346 	0.662543 	0.0465663 	
1.58	0.0619255 	-0.0769302 	-1.95284 	0.290348 	0.66257 	0.0465611 	
1.585	0.0619385 	-0.0772552 	-1.95254 	0.290351 	0.662596 	0.0465557 	
1.59	0.062134 	-0.0777968 	-1.95233 	0.290923 	0.664057 	0.047338 	
1.595	0.0621469 	-0.0781199 	-1.95203 	0.290925 	0.664083 	0.0473325 	
1.6	0.0621599 	-0.0784419 	-1.95174 	0.290927 	0.664109 	0.0473268 	
1.605	0.062355 	-0.0789785 	-1.95153 	0.291501 	0.665555 	0.048105 	
1.61	0.062368 	-0.0792986 	-1.95123 	0.291503 	0.665581 	0.0480992 	
1.615	0.062381 	-0.0796176 	-1.95094 	0.291505 	0.665605 	0.0480932 	
1.62	0.062394 	-0.0799356 	-1.95064 	0.291507 	0.66563 	0.0480872 	
1.625	0.0626429 	-0.0805295 	-1.95047 	0.292252 	0.66748 	0.0490932 	
1.63	0.0626558 	-0.0808454 	-1.95017 	0.292254 	0.667504 	0.049087 	
1.635	0.0626688 	-0.0811601 	-1.94988 	0.292256 	0.667528 	0.0490807 	
1.64	0.0628682 	-0.0816907 	-1.94968 	0.292848 	0.668981 	0.0498719 	
1.645	0.0628812 	-0.0820033 	-1.94939 	0.29285 	0.669004 	0.0498654 	
1.65	0.0628941 	-0.0823148 	-1.9491 	0.292852 	0.669027 	0.0498589 	
1.655	0.0629071 	-0.0826251 	-1.94881 	0.292853 	0.66905 	0.0498522 	
1.66	0.0631545 	-0.0832051 	-1.94863 	0.293601 	0.670857 	0.0508455 	
1.665	0.0631674 	-0.0835132 	-1.94835 	0.293603 	0.670879 	0.0508387 	
1.67	0.0631804 	-0.0838201 	-1.94806 	0.293604 	0.670901 	0.0508319 	
1.675	0.0631933 	-0.0841258 	-1.94777 	0.293605 	0.670923 	0.0508249 	
1.68	0.0634442 	-0.0847026 	-1.9476 	0.294369 	0.672738 	0.0518299 	
1.685	0.0634571 	-0.085006 	-1.94732 	0.29437 	0.67276 	0.0518228 	
1.69	0.06347 	-0.0853082 	-1.94703 	0.294371 	0.672781 	0.0518156 	
1.695	0.0634829 	-0.0856091 	-1.94675 	0.294372 	0.672802 	0.0518084 	
1.7	0.0637325 	-0.0861772 	-1.94658 	0.295136 	0.67459 	0.0528048 	
1.705	0.0637454 	-0.0864757 	-1.9463 	0.295137 	0.674611 	0.0527974 	
1.71	0.0637582 	-0.0867729 	-1.94602 	0.295138 	0.674631 	0.05279 	
1.715	0.063771 	-0.0870689 	-1.94574 	0.295139 	0.674651 	0.0527824 	
1.72	0.0640187 	-0.0876275 	-1.94557 	0.295899 	0.676408 	0.0537676 	
1.725	0.0640315 	-0.0879209 	-1.9453 	0.2959 	0.676428 	0.0537599 	
1.73	0.0640442 	-0.088213 	-1.94502 	0.295901 	0.676447 	0.0537522 	
1.735	0.0640569 	-0.0885038 	-1.94475 	0.295902 	0.676467 	0.0537445 	
1.74	0.0643024 	-0.0890525 	-1.94458 	0.296659 	0.678191 	0.0547173 	
1.745	0.0643151 	-0.0893407 	-1.9443 	0.29666 	0.67821 	0.0547095 	
1.75	0.0643277 	-0.0896275 	-1.94403 	0.296661 	0.678229 	0.0547016 	
1.755	0.0643404 	-0.089913 	-1.94376 	0.296661 	0.678247 	0.0546936 	
1.76	0.0645834 	-0.0904514 	-1.9436 	0.297414 	0.679938 	0.0556533 	
1.765	0.0645959 	-0.0907342 	-1.94333 	0.297415 	0.679956 	0.0556453 	
1.77	0.0646084 	-0.0910156 	-1.94306 	0.297415 	0.679974 	0.0556371 	
1.775	0.064621 	-0.0912956 	-1.9428 	0.297416 	0.679991 	0.055629 	
1.78	0.0648612 	-0.0918235 	-1.94263 	0.298164 	0.681648 	0.0565748 	
1.785	0.0648736 	-0.0921007 	-1.94237 	0.298164 	0.681665 	0.0565666 	
1.79	0.0648861 	-0.0923764 	-1.94211 	0.298164 	0.681682 	0.0565583 	
1.795	0.0648984 	-0.0926508 	-1.94185 	0.298165 	0.681699 	0.0565499 	
1.8	0.0651357 	-0.0931677 	-1.94168 	0.298906 	0.68332 	0.0574811 	
1.805	0.065148 	-0.0934392 	-1.94142 	0.298906 	0.683337 	0.0574727 	
1.81	0.0651603 	-0.0937092 	-1.94117 	0.298906 	0.683353 	0.0574643 	
1.815	0.0651725 	-0.0939777 	-1.94091 	0.298906 	0.683368 	0.0574558 	
1.82	0.0654065 	-0.0944835 	-1.94075 	0.299641 	0.684954 	0.0583716 	
1.825	0.0654187 	-0.0947491 	-1.9405 	0.299641 	0.684969 	0.058363 	
1.83	0.0654308 	-0.0950131 	-1.94024 	0.299641 	0.684985 	0.0583544 	
1.835	0.0654429 	-0.0952757 	-1.93999 	0.299641 	0.685 	0.0583458 	
1.84	0.0656734 	-0.09577 	-1.93983 	0.300367 	0.686548 	0.0592454 	
1.845	0.0656854 	-0.0960295 	-1.93958 	0.300367 	0.686563 	0.0592367 	
1.85	0.0656974 	-0.0962875 	-1.93934 	0.300367 	0.686577 	0.059228 	
1.855	0.0657093 	-0.0965439 	-1.93909 	0.300366 	0.686592 	0.0592193 	
1.86	0.0659361 	-0.0970265 	-1.93893 	0.301083 	0.688103 	0.0601019 	
1.865	0.0659479 	-0.0972798 	-1.93869 	0.301083 	0.688117 	0.0600932 	
1.87	0.0659596 	-0.0975315 	-1.93845 	0.301083 	0.68813 	0.0600844 	
1.875	0.0659714 	-0.0977816 	-1.93821 	0.301083 	0.688144 	0.0600756 	
1.88	0.0661942 	-0.0982522 	-1.93806 	0.30179 	0.689616 	0.0609405 	
1.885	0.0662058 	-0.0984991 	-1.93782 	0.301789 	0.689629 	0.0609317 	
1.89	0.0662174 	-0.0987445 	-1.93758 	0.301789 	0.689642 	0.0609229 	
1.895	0.0662289 	-0.0989882 	-1.93735 	0.301788 	0.689655 	0.060914 	
1.9	0.0664476 	-0.0994465 	-1.9372 	0.302485 	0.691088 	0.0617604 	
1.905	0.0664589 	-0.0996869 	-1.93697 	0.302484 	0.691101 	0.0617516 	
1.91	0.0664703 	-0.0999257 	-1.93674 	0.302483 	0.691113 	0.0617427 	
1.915	0.0664816 	-0.100163 	-1.93651 	0.302483 	0.691125 	0.0617339 	
1.92	0.0666958 	-0.100609 	-1.93636 	0.303167 	0.692519 	0.0625611 	
1.925	0.0667069 	-0.100842 	-1.93613 	0.303167 	0.69253 	0.0625522 	
1.93	0.066718 	-0.101075 	-1.93591 	0.303166 	0.692542 	0.0625434 	
1.935	0.0667291 	-0.101305 	-1.93569 	0.303165 	0.692553 	0.0625345 	
1.94	0.0667401 	-0.101534 	-1.93547 	0.303164 	0.692564 	0.0625257 	
1.945	0.0669934 	-0.10201 	-1.93534 	0.303985 	0.694212 	0.0635127 	
1.95	0.0670043 	-0.102235 	-1.93512 	0.303984 	0.694223 	0.0635039 	
1.955	0.0670151 	-0.102459 	-1.9349 	0.303983 	0.694234 	0.0634951 	
1.96	0.0670258 	-0.102681 	-1.93469 	0.303982 	0.694244 	0.0634863 	
1.965	0.0670365 	-0.102901 	-1.93448 	0.303981 	0.694255 	0.0634775 	
1.97	0.0672868 	-0.103364 	-1.93435 	0.304796 	0.69587 	0.0644515 	
1.975	0.0672974 	-0.10358 	-1.93414 	0.304795 	0.69588 	0.0644427 	
1.98	0.0673078 	-0.103795 	-1.93394 	0.304794 	0.69589 	0.064434 	
1.985	0.0673182 	-0.104008 	-1.93373 	0.304793 	0.695899 	0.0644252 	
1.99	0.0673286 	-0.10422 	-1.93353 	0.304792 	0.695909 	0.0644165 	
1.995	0.0675713 	-0.104664 	-1.9334 	0.305585 	0.697462 	0.0653586 	
2	0.0675815 	-0.104872 	-1.9332 	0.305584 	0.697471 	0.0653499 	
2.005	0.0675916 	-0.105078 	-1.933 	0.305583 	0.69748 	0.0653413 	
2.01	0.0676017 	-0.105282 	-1.9328 	0.305582 	0.697489 	0.0653327 	
2.015	0.0676116 	-0.105484 	-1.93261 	0.305581 	0.697498 	0.0653241 	
2.02	0.0678459 	-0.10591 	-1.93249 	0.306348 	0.698984 	0.0662312 	
2.025	0.0678557 	-0.106109 	-1.9323 	0.306347 	0.698993 	0.0662227 	
2.03	0.0678655 	-0.106306 	-1.93211 	0.306346 	0.699001 	0.0662142 	
2.035	0.0678752 	-0.106501 	-1.93192 	0.306345 	0.699009 	0.0662057 	
2.04	0.0678848 	-0.106694 	-1.93173 	0.306344 	0.699017 	0.0661973 	
2.045	0.0681101 	-0.1071 	-1.93162 	0.307085 	0.700436 	0.0670678 	
2.05	0.0681195 	-0.107289 	-1.93143 	0.307084 	0.700444 	0.0670595 	
2.055	0.0681289 	-0.107477 	-1.93125 	0.307083 	0.700451 	0.0670512 	
2.06	0.0681382 	-0.107663 	-1.93107 	0.307082 	0.700459 	0.067043 	
2.065	0.0681474 	-0.107847 	-1.93089 	0.30708 	0.700466 	0.0670347 	
2.07	0.0681565 	-0.108028 	-1.93071 	0.307079 	0.700474 	0.0670266 	
2.075	0.0684084 	-0.108448 	-1.93062 	0.307916 	0.702056 	0.0680053 	
2.08	0.0684173 	-0.108627 	-1.93044 	0.307915 	0.702063 	0.0679972 	
2.085	0.0684262 	-0.108803 	-1.93027 	0.307914 	0.70207 	0.0679892 	
2.09	0.068435 	-0.108977 	-1.9301 	0.307912 	0.702077 	0.0679813 	
2.095	0.0684437 	-0.10915 	-1.92993 	0.307911 	0.702083 	0.0679734 	
2.1	0.0684523 	-0.10932 	-1.92977 	0.30791 	0.70209 	0.0679655 	
2.105	0.0686942 	-0.109717 	-1.92968 	0.308717 	0.703598 	0.0689043 	
2.11	0.0687027 	-0.109884 	-1.92951 	0.308716 	0.703604 	0.0688965 	
2.115	0.068711 	-0.110049 	-1.92935 	0.308715 	0.70361 	0.0688889 	
2.12	0.0687193 	-0.110211 	-1.92919 	0.308713 	0.703616 	0.0688812 	
2.125	0.0687274 	-0.110372 	-1.92904 	0.308712 	0.703622 	0.0688737 	
2.13	0.0687355 	-0.110531 	-1.92888 	0.308711 	0.703628 	0.0688662 	
2.135	0.0689633 	-0.110901 	-1.9288 	0.309473 	0.705036 	0.0697481 	
2.14	0.0689712 	-0.111056 	-1.92864 	0.309472 	0.705042 	0.0697407 	
2.145	0.068979 	-0.111209 	-1.9285 	0.309471 	0.705047 	0.0697334 	
2.15	0.0689867 	-0.11136 	-1.92835 	0.30947 	0.705053 	0.0697262 	
2.155	0.0689943 	-0.111509 	-1.9282 	0.309468 	0.705058 	0.069719 	
2.16	0.0690018 	-0.111656 	-1.92806 	0.309467 	0.705063 	0.0697119 	
2.165	0.0690093 	-0.111801 	-1.92792 	0.309466 	0.705068 	0.0697049 	
2.17	0.0692509 	-0.11217 	-1.92785 	0.310281 	0.706557 	0.0706441 	
2.175	0.0692581 	-0.112311 	-1.92771 	0.31028 	0.706562 	0.0706372 	
2.18	0.0692653 	-0.11245 	-1.92757 	0.310279 	0.706567 	0.0706304 	
2.185	0.0692723 	-0.112587 	-1.92744 	0.310278 	0.706571 	0.0706237 	
2.19	0.0692792 	-0.112722 	-1.92731 	0.310276 	0.706576 	0.070617 	
2.195	0.0692861 	-0.112854 	-1.92718 	0.310275 	0.70658 	0.0706104 	
2.2	0.0692929 	-0.112985 	-1.92705 	0.310274 	0.706585 	0.0706039 	
2.205	0.0695165 	-0.113322 	-1.92699 	0.311032 	0.707953 	0.0714723 	
2.21	0.0695231 	-0.113448 	-1.92686 	0.311031 	0.707957 	0.0714659 	
2.215	0.0695295 	-0.113573 	-1.92674 	0.311029 	0.707961 	0.0714597 	
2.22	0.0695359 	-0.113696 	-1.92662 	0.311028 	0.707965 	0.0714535 	
2.225	0.0695421 	-0.113817 	-1.9265 	0.311027 	0.707969 	0.0714475 	
2.23	0.0695483 	-0.113935 	-1.92638 	0.311026 	0.707973 	0.0714415 	
2.235	0.0695543 	-0.114052 	-1.92627 	0.311025 	0.707976 	0.0714356 	
2.24	0.0695603 	-0.114166 	-1.92616 	0.311024 	0.70798 	0.0714298 	
2.245	0.0697851 	-0.114486 	-1.92611 	0.311791 	0.70935 	0.0723051 	
2.25	0.0697908 	-0.114597 	-1.926 	0.31179 	0.709354 	0.0722994 	
2.255	0.0697965 	-0.114705 	-1.9259 	0.311789 	0.709357 	0.0722939 	
2.26	0.069802 	-0.114811 	-1.92579 	0.311787 	0.70936 	0.0722885 	
2.265	0.0698074 	-0.114915 	-1.92569 	0.311786 	0.709363 	0.0722831 	
2.27	0.0698127 	-0.115017 	-1.92559 	0.311785 	0.709367 	0.0722779 	
2.275	0.069818 	-0.115117 	-1.92549 	0.311784 	0.70937 	0.0722727 	
2.28	0.0698231 	-0.115215 	-1.92539 	0.311783 	0.709373 	0.0722676 	
2.285	0.0698281 	-0.11531 	-1.9253 	0.311782 	0.709375 	0.0722627 	
2.29	0.069833 	-0.115404 	-1.92521 	0.311782 	0.709378 	0.0722578 	
2.295	0.070069 	-0.115713 	-1.92518 	0.312594 	0.710814 	0.0731817 	
2.3	0.0700737 	-0.115803 	-1.92509 	0.312593 	0.710816 	0.0731771 	
2.305	0.0700783 	-0.11589 	-1.92501 	0.312592 	0.710819 	0.0731725 	
2.31	0.0700827 	-0.115975 	-1.92492 	0.312591 	0.710821 	0.073168 	
2.315	0.0700871 	-0.116058 	-1.92484 	0.31259 	0.710824 	0.0731637 	
2.32	0.0700914 	-0.116139 	-1.92476 	0.31259 	0.710826 	0.0731594 	
2.325	0.0700955 	-0.116218 	-1.92469 	0.312589 	0.710828 	0.0731553 	
2.33	0.0700995 	-0.116295 	-1.92461 	0.312588 	0.71083 	0.0731512 	
2.335	0.0701035 	-0.116369 	-1.92454 	0.312587 	0.710833 	0.0731473 	
2.34	0.0701073 	-0.116441 	-1.92447 	0.312586 	0.710835 	0.0731434 	
2.345	0.070111 	-0.116512 	-1.9244 	0.312586 	0.710837 	0.0731397 	
2.35	0.0701146 	-0.11658 	-1.92433 	0.312585 	0.710839 	0.0731361 	
2.355	0.0703358 	-0.11685 	-1.92432 	0.313353 	0.71218 	0.0740057 	
2.36	0.0703392 	-0.116913 	-1.92426 	0.313352 	0.712181 	0.0740023 	
2.365	0.0703425 	-0.116975 	-1.9242 	0.313351 	0.712183 	0.073999 	
2.37	0.0703456 	-0.117035 	-1.92414 	0.31335 	0.712185 	0.0739959 	
2.375	0.0703486 	-0.117092 	-1.92408 	0.31335 	0.712186 	0.0739928 	
2.38	0.0703515 	-0.117147 	-1.92403 	0.313349 	0.712188 	0.0739898 	
2.385	0.0703544 	-0.1172 	-1.92398 	0.313349 	0.712189 	0.073987 	
2.39	0.070357 	-0.117251 	-1.92393 	0.313348 	0.712191 	0.0739842 	
2.395	0.0703596 	-0.1173 	-1.92388 	0.313348 	0.712192 	0.0739816 	
2.4	0.0703621 	-0.117347 	-1.92383 	0.313347 	0.712193 	0.0739791 	
2.405	0.0703645 	-0.117391 	-1.92379 	0.313347 	0.712194 	0.0739767 	
2.41	0.0703667 	-0.117434 	-1.92375 	0.313346 	0.712196 	0.0739744 	
2.415	0.0703688 	-0.117474 	-1.92371 	0.313346 	0.712197 	0.0739723 	
2.42	0.0703707 	-0.117508 	-1.92367 	0.313345 	0.712198 	0.0739704 	
2.425	0.0703727 	-0.117548 	-1.92363 	0.313345 	0.712199 	0.0739683 	
2.43	0.0703744 	-0.117578 	-1.9236 	0.313344 	0.7122 	0.0739666 	
2.435	0.070376 	-0.11761 	-1.92357 	0.313344 	0.7122 	0.0739649 	
2.44	0.0703776 	-0.117639 	-1.92354 	0.313344 	0.712201 	0.0739633 	
2.445	0.0703791 	-0.117667 	-1.92352 	0.313343 	0.712202 	0.0739618 	
2.45	0.0703804 	-0.117692 	-1.92349 	0.313343 	0.712203 	0.0739605 	
2.455	0.0703816 	-0.117715 	-1.92347 	0.313343 	0.712203 	0.0739592 	
2.46	0.0703827 	-0.117736 	-1.92345 	0.313343 	0.712204 	0.0739581 	
2.465	0.0703837 	-0.117755 	-1.92343 	0.313342 	0.712204 	0.073957 	
2.47	0.0703846 	-0.117771 	-1.92341 	0.313342 	0.712205 	0.0739561 	
2.475	0.0706039 	-0.117988 	-1.92346 	0.314115 	0.71354 	0.0748302 	
2.48	0.0706045 	-0.118001 	-1.92345 	0.314115 	0.71354 	0.0748294 	
2.485	0.0706051 	-0.118011 	-1.92344 	0.314115 	0.71354 	0.0748288 	
2.49	0.0706055 	-0.118018 	-1.92343 	0.314115 	0.71354 	0.0748284 	
2.495	0.0706058 	-0.118024 	-1.92342 	0.314115 	0.71354 	0.0748281 	
2.5	0.0706058 	-0.118024 	-1.92342 	0.314115 	0.71354 	0.0748281 	
2.505	0.070606 	-0.118029 	-1.92342 	0.314115 	0.71354 	0.0748279 	
2.51	0.070606 	-0.118029 	-1.92342 	0.314115 	0.71354 	0.0748279 	
2.515	0.070606 	-0.118029 	-1.92342 	0.314115 	0.71354 	0.0748279 	
2.52	0.0706049 	-0.118026 	-1.92341 	0.314113 	0.713532 	0.0748259 	
2.525	0.0706053 	-0.118025 	-1.92341 	0.314111 	0.713525 	0.0748223 	
2.53	0.070606 	-0.118024 	-1.9234 	0.314108 	0.713516 	0.0748175 	
2.535	0.0706068 	-0.118023 	-1.92339 	0.314105 	0.713505 	0.0748117 	
2.54	0.0706079 	-0.118022 	-1.92337 	0.314101 	0.713492 	0.0748048 	
2.545	0.0706091 	-0.11802 	-1.92336 	0.314096 	0.713477 	0.0747968 	
2.55	0.0706206 	-0.118029 	-1.92333 	0.314086 	0.713458 	0.0747742 	
2.555	0.0706232 	-0.118028 	-1.92331 	0.31408 	0.713438 	0.0747627 	
2.56	0.070625 	-0.118026 	-1.92329 	0.314073 	0.713417 	0.0747513 	
2.565	0.0706268 	-0.118024 	-1.92326 	0.314066 	0.713394 	0.074739 	
2.57	0.0706288 	-0.118021 	-1.92324 	0.314058 	0.713368 	0.0747256 	
2.575	0.070631 	-0.118018 	-1.92321 	0.31405 	0.713341 	0.0747111 	
2.58	0.0706333 	-0.118015 	-1.92318 	0.314041 	0.713311 	0.0746956 	
2.585	0.0706358 	-0.118011 	-1.92315 	0.314031 	0.71328 	0.0746789 	
2.59	0.0706385 	-0.118007 	-1.92312 	0.314021 	0.713246 	0.0746612 	
2.595	0.0706416 	-0.118003 	-1.92308 	0.314008 	0.713207 	0.0746406 	
2.6	0.0706446 	-0.117999 	-1.92305 	0.313997 	0.713169 	0.0746206 	
2.605	0.0706478 	-0.117995 	-1.92301 	0.313984 	0.713129 	0.0745996 	
2.61	0.0706511 	-0.11799 	-1.92297 	0.313971 	0.713088 	0.0745775 	
2.615	0.0706427 	-0.117973 	-1.92295 	0.313964 	0.71305 	0.0745716 	
2.62	0.0706454 	-0.117966 	-1.9229 	0.313949 	0.713 	0.074547 	
2.625	0.0706492 	-0.117961 	-1.92285 	0.313934 	0.712952 	0.0745217 	
2.63	0.0706531 	-0.117956 	-1.92281 	0.313919 	0.712902 	0.0744954 	
2.635	0.0706573 	-0.11795 	-1.92276 	0.313903 	0.71285 	0.0744679 	
2.64	0.0706615 	-0.117944 	-1.9227 	0.313886 	0.712796 	0.0744395 	
2.645	0.0706764 	-0.11795 	-1.92263 	0.313864 	0.712738 	0.0743962 	
2.65	0.0706811 	-0.117944 	-1.92258 	0.313846 	0.71268 	0.0743655 	
2.655	0.0706859 	-0.117937 	-1.92252 	0.313828 	0.71262 	0.0743338 	
2.66	0.0706908 	-0.11793 	-1.92246 	0.313809 	0.712558 	0.0743012 	
2.665	0.0706959 	-0.117923 	-1.9224 	0.313789 	0.712494 	0.0742674 	
2.67	0.0707011 	-0.117916 	-1.92233 	0.313769 	0.712428 	0.0742327 	
2.675	0.0707065 	-0.117909 	-1.92227 	0.313748 	0.71236 	0.0741969 	
2.68	0.070712 	-0.117901 	-1.9222 	0.313726 	0.71229 	0.07416 	
2.685	0.0707177 	-0.117894 	-1.92213 	0.313704 	0.712218 	0.0741221 	
2.69	0.0707044 	-0.117865 	-1.92209 	0.313689 	0.712148 	0.0741084 	
2.695	0.0707102 	-0.117856 	-1.92202 	0.313666 	0.712072 	0.0740687 	
2.7	0.0707164 	-0.117848 	-1.92194 	0.313642 	0.711994 	0.0740277 	
2.705	0.0707227 	-0.117839 	-1.92186 	0.313617 	0.711915 	0.0739857 	
2.71	0.0707292 	-0.117831 	-1.92179 	0.313592 	0.711833 	0.0739427 	
2.715	0.0707359 	-0.117822 	-1.9217 	0.313566 	0.711749 	0.0738986 	
2.72	0.0707427 	-0.117812 	-1.92162 	0.31354 	0.711664 	0.0738535 	
2.725	0.0707496 	-0.117803 	-1.92154 	0.313513 	0.711576 	0.0738074 	
2.73	0.0707567 	-0.117793 	-1.92145 	0.313485 	0.711487 	0.0737603 	
2.735	0.0706606 	-0.117473 	-1.92128 	0.313346 	0.709676 	0.0737173 	
2.74	0.070668 	-0.117463 	-1.92119 	0.313318 	0.709582 	0.0736683 	
2.745	0.0706756 	-0.117453 	-1.9211 	0.313288 	0.709487 	0.0736182 	
2.75	0.0706833 	-0.117443 	-1.92101 	0.313259 	0.70939 	0.0735672 	
2.755	0.0706912 	-0.117432 	-1.92091 	0.313228 	0.709291 	0.0735151 	
2.76	0.0706995 	-0.117422 	-1.92081 	0.313197 	0.70919 	0.0734617 	
2.765	0.0707077 	-0.117411 	-1.92071 	0.313166 	0.709087 	0.0734077 	
2.77	0.0707161 	-0.1174 	-1.92061 	0.313134 	0.708982 	0.0733527 	
2.775	0.0707246 	-0.117389 	-1.92051 	0.313101 	0.708876 	0.0732968 	
2.78	0.0707332 	-0.117377 	-1.9204 	0.313068 	0.708767 	0.0732398 	
2.785	0.070742 	-0.117366 	-1.9203 	0.313034 	0.708657 	0.0731819 	
2.79	0.070751 	-0.117354 	-1.92019 	0.313 	0.708545 	0.073123 	
2.795	0.0707601 	-0.117342 	-1.92008 	0.312965 	0.708431 	0.0730632 	
2.8	0.0707693 	-0.11733 	-1.91997 	0.31293 	0.708315 	0.0730024 	
2.805	0.0707787 	-0.117317 	-1.91985 	0.312894 	0.708197 	0.0729406 	
2.81	0.0708068 	-0.117325 	-1.91971 	0.31285 	0.708074 	0.0728535 	
2.815	0.0706999 	-0.117012 	-1.91951 	0.31263 	0.706257 	0.0726988 	
2.82	0.0707097 	-0.117 	-1.91939 	0.312592 	0.706134 	0.0726343 	
2.825	0.0707197 	-0.116987 	-1.91927 	0.312554 	0.706009 	0.0725689 	
2.83	0.0707299 	-0.116973 	-1.91915 	0.312516 	0.705882 	0.0725025 	
2.835	0.0707402 	-0.11696 	-1.91902 	0.312477 	0.705754 	0.0724352 	
2.84	0.0707507 	-0.116947 	-1.9189 	0.312437 	0.705624 	0.072367 	
2.845	0.0707613 	-0.116933 	-1.91877 	0.312397 	0.705491 	0.0722979 	
2.85	0.070772 	-0.116919 	-1.91864 	0.312356 	0.705358 	0.0722279 	
2.855	0.0707829 	-0.116905 	-1.91851 	0.312315 	0.705222 	0.0721569 	
2.86	0.0707939 	-0.116891 	-1.91837 	0.312274 	0.705085 	0.0720851 	
2.865	0.0707989 	-0.11687 	-1.91825 	0.312234 	0.704947 	0.0720204 	
2.87	0.0708101 	-0.116855 	-1.91811 	0.312191 	0.704806 	0.0719469 	
2.875	0.0708216 	-0.116841 	-1.91797 	0.312148 	0.704663 	0.0718723 	
2.88	0.0707141 	-0.116524 	-1.91775 	0.311915 	0.702807 	0.0716971 	
2.885	0.0707259 	-0.116509 	-1.91761 	0.311871 	0.702661 	0.0716209 	
2.89	0.0707378 	-0.116494 	-1.91747 	0.311826 	0.702514 	0.0715439 	
2.895	0.0707385 	-0.116467 	-1.91734 	0.311786 	0.702366 	0.0714808 	
2.9	0.0707506 	-0.116451 	-1.91719 	0.31174 	0.702215 	0.0714021 	
2.905	0.0707629 	-0.116436 	-1.91704 	0.311695 	0.702063 	0.0713225 	
2.91	0.0707754 	-0.11642 	-1.91689 	0.311648 	0.701908 	0.071242 	
2.915	0.070788 	-0.116404 	-1.91674 	0.311601 	0.701752 	0.0711607 	
2.92	0.0708007 	-0.116388 	-1.91659 	0.311554 	0.701595 	0.0710786 	
2.925	0.0708135 	-0.116372 	-1.91643 	0.311506 	0.701435 	0.0709956 	
2.93	0.0708265 	-0.116356 	-1.91628 	0.311458 	0.701275 	0.0709118 	
2.935	0.0707234 	-0.116045 	-1.91604 	0.311225 	0.699436 	0.07073 	
2.94	0.0707367 	-0.116029 	-1.91588 	0.311176 	0.699272 	0.0706447 	
2.945	0.0707501 	-0.116013 	-1.91572 	0.311126 	0.699106 	0.0705586 	
2.95	0.0707636 	-0.115996 	-1.91555 	0.311076 	0.698939 	0.0704716 	
2.955	0.0707833 	-0.115986 	-1.91538 	0.311024 	0.698769 	0.0703761 	
2.96	0.0707972 	-0.115969 	-1.91521 	0.310973 	0.698598 	0.0702875 	
2.965	0.0708111 	-0.115952 	-1.91505 	0.310922 	0.698426 	0.0701982 	
2.97	0.0708252 	-0.115935 	-1.91488 	0.31087 	0.698253 	0.0701081 	
2.975	0.0708394 	-0.115918 	-1.91471 	0.310818 	0.698078 	0.0700172 	
2.98	0.0708537 	-0.115901 	-1.91453 	0.310765 	0.697901 	0.0699256 	
2.985	0.0707517 	-0.115588 	-1.91428 	0.31053 	0.696038 	0.0697371 	
2.99	0.0707663 	-0.115571 	-1.9141 	0.310477 	0.695859 	0.069644 	
2.995	0.0707811 	-0.115553 	-1.91393 	0.310423 	0.695678 	0.0695503 	
3	0.0707995 	-0.115539 	-1.91374 	0.310368 	0.695495 	0.0694512 	
3.005	0.0708145 	-0.115522 	-1.91356 	0.310313 	0.695311 	0.0693559 	
3.01	0.0708296 	-0.115504 	-1.91338 	0.310258 	0.695125 	0.0692599 	
3.015	0.0708449 	-0.115486 	-1.9132 	0.310203 	0.694938 	0.0691633 	
3.02	0.0708602 	-0.115468 	-1.91302 	0.310148 	0.69475 	0.0690659 	
3.025	0.0708757 	-0.115449 	-1.91283 	0.310092 	0.694561 	0.0689678 	
3.03	0.0708913 	-0.115431 	-1.91264 	0.310035 	0.69437 	0.068869 	
3.035	0.0707818 	-0.115096 	-1.91237 	0.309784 	0.692358 	0.0686675 	
3.04	0.0707976 	-0.115077 	-1.91218 	0.309727 	0.692165 	0.0685674 	
3.045	0.0708136 	-0.115059 	-1.91198 	0.30967 	0.691969 	0.0684667 	
3.05	0.0708297 	-0.11504 	-1.91179 	0.309613 	0.691773 	0.0683653 	
3.055	0.0708444 	-0.11502 	-1.9116 	0.309555 	0.691575 	0.0682653 	
3.06	0.0708608 	-0.115001 	-1.91141 	0.309497 	0.691376 	0.0681626 	
3.065	0.0708772 	-0.114982 	-1.91121 	0.309438 	0.691176 	0.0680592 	
3.07	0.0708938 	-0.114963 	-1.91101 	0.309379 	0.690974 	0.0679552 	
3.075	0.0709104 	-0.114944 	-1.91081 	0.30932 	0.690771 	0.0678506 	
3.08	0.0708057 	-0.114618 	-1.91052 	0.309074 	0.688794 	0.0676476 	
3.085	0.0708226 	-0.114599 	-1.91032 	0.309014 	0.688589 	0.0675418 	
3.09	0.0708397 	-0.114579 	-1.91012 	0.308954 	0.688382 	0.0674355 	
3.095	0.0708568 	-0.11456 	-1.90991 	0.308893 	0.688173 	0.0673285 	
3.1	0.0708741 	-0.114541 	-1.90971 	0.308832 	0.687964 	0.0672209 	
3.105	0.0708914 	-0.114522 	-1.9095 	0.308771 	0.687754 	0.0671127 	
3.11	0.0709089 	-0.114502 	-1.90929 	0.30871 	0.687542 	0.067004 	
3.115	0.0709285 	-0.114485 	-1.90908 	0.308647 	0.687328 	0.066892 	
3.12	0.0708323 	-0.114177 	-1.90879 	0.308412 	0.685447 	0.0666916 	
3.125	0.0708501 	-0.114158 	-1.90857 	0.30835 	0.685231 	0.0665812 	
3.13	0.070868 	-0.114138 	-1.90836 	0.308288 	0.685015 	0.0664703 	
3.135	0.070886 	-0.114119 	-1.90815 	0.308225 	0.684797 	0.0663589 	
3.14	0.0709041 	-0.114099 	-1.90793 	0.308162 	0.684579 	0.0662469 	
3.145	0.0709224 	-0.114079 	-1.90772 	0.308099 	0.684359 	0.0661344 	
3.15	0.0709407 	-0.11406 	-1.9075 	0.308036 	0.684138 	0.0660213 	
3.155	0.0709514 	-0.114031 	-1.90729 	0.307975 	0.683917 	0.0659177 	
3.16	0.0708525 	-0.113715 	-1.90698 	0.307734 	0.681971 	0.0657117 	
3.165	0.0708711 	-0.113695 	-1.90676 	0.30767 	0.681747 	0.0655973 	
3.17	0.0708899 	-0.113675 	-1.90654 	0.307606 	0.681522 	0.0654823 	
3.175	0.0709087 	-0.113655 	-1.90632 	0.307541 	0.681296 	0.0653669 	
3.18	0.0709276 	-0.113635 	-1.90609 	0.307476 	0.681068 	0.065251 	
3.185	0.0709466 	-0.113616 	-1.90587 	0.307411 	0.68084 	0.0651346 	
3.19	0.0709639 	-0.113594 	-1.90565 	0.307347 	0.680611 	0.0650202 	
3.195	0.070983 	-0.113574 	-1.90542 	0.307281 	0.680381 	0.0649029 	
3.2	0.0708809 	-0.113247 	-1.9051 	0.307035 	0.678361 	0.0646912 	
3.205	0.0709003 	-0.113227 	-1.90487 	0.306969 	0.678129 	0.0645732 	
3.21	0.0709198 	-0.113207 	-1.90464 	0.306903 	0.677896 	0.0644547 	
3.215	0.0709394 	-0.113187 	-1.90441 	0.306837 	0.677662 	0.0643358 	
3.22	0.070959 	-0.113167 	-1.90417 	0.306771 	0.677428 	0.0642165 	
3.225	0.0709865 	-0.113156 	-1.90393 	0.306701 	0.677191 	0.0640868 	
3.23	0.0710064 	-0.113136 	-1.90369 	0.306635 	0.676954 	0.0639666 	
3.235	0.0710262 	-0.113116 	-1.90346 	0.306568 	0.676717 	0.063846 	
3.24	0.0709212 	-0.11278 	-1.90313 	0.306317 	0.67463 	0.0636298 	
3.245	0.0709413 	-0.11276 	-1.90289 	0.30625 	0.674391 	0.0635087 	
3.25	0.0709615 	-0.11274 	-1.90265 	0.306182 	0.674151 	0.0633872 	
3.255	0.0709817 	-0.11272 	-1.90241 	0.306115 	0.67391 	0.0632653 	
3.26	0.0709952 	-0.112693 	-1.90218 	0.30605 	0.67367 	0.0631518 	
3.265	0.0710155 	-0.112673 	-1.90195 	0.305982 	0.673428 	0.0630293 	
3.27	0.071036 	-0.112653 	-1.9017 	0.305915 	0.673185 	0.0629064 	
3.275	0.070943 	-0.112346 	-1.90137 	0.305681 	0.671256 	0.0626978 	
3.28	0.0709636 	-0.112326 	-1.90113 	0.305613 	0.671012 	0.0625743 	
3.285	0.0709844 	-0.112306 	-1.90089 	0.305545 	0.670767 	0.0624506 	
3.29	0.0710051 	-0.112287 	-1.90064 	0.305477 	0.670521 	0.0623265 	
3.295	0.071026 	-0.112267 	-1.9004 	0.305409 	0.670275 	0.0622022 	
3.3	0.0710514 	-0.112252 	-1.90014 	0.305338 	0.670027 	0.0620718 	
3.305	0.0710724 	-0.112232 	-1.8999 	0.30527 	0.669779 	0.0619468 	
3.31	0.0709792 	-0.111924 	-1.89956 	0.305037 	0.667831 	0.0617368 	
3.315	0.0710004 	-0.111905 	-1.89931 	0.304968 	0.667582 	0.0616115 	
3.32	0.0710215 	-0.111885 	-1.89906 	0.304899 	0.667332 	0.0614859 	
3.325	0.0710428 	-0.111866 	-1.89881 	0.30483 	0.667082 	0.0613601 	
3.33	0.0710641 	-0.111846 	-1.89856 	0.304762 	0.666832 	0.061234 	
3.335	0.0710854 	-0.111827 	-1.89831 	0.304693 	0.666581 	0.0611077 	
3.34	0.0711068 	-0.111807 	-1.89806 	0.304623 	0.666329 	0.0609812 	
3.345	0.0710126 	-0.111496 	-1.89772 	0.304389 	0.664348 	0.0607697 	
3.35	0.0710395 	-0.111482 	-1.89745 	0.304318 	0.664094 	0.0606361 	
3.355	0.0710612 	-0.111463 	-1.8972 	0.304249 	0.663841 	0.060509 	
3.36	0.0710828 	-0.111444 	-1.89695 	0.30418 	0.663588 	0.0603818 	
3.365	0.0711045 	-0.111425 	-1.8967 	0.304111 	0.663334 	0.0602544 	
3.37	0.0711262 	-0.111406 	-1.89644 	0.304041 	0.663079 	0.0601268 	
3.375	0.071148 	-0.111386 	-1.89619 	0.303972 	0.662824 	0.0599991 	
3.38	0.0710529 	-0.111072 	-1.89583 	0.303738 	0.660815 	0.0597867 	
3.385	0.0710748 	-0.111053 	-1.89558 	0.303668 	0.660559 	0.0596588 	
3.39	0.0710968 	-0.111035 	-1.89532 	0.303599 	0.660303 	0.0595308 	
3.395	0.0711188 	-0.111016 	-1.89507 	0.30353 	0.660047 	0.0594026 	
3.4	0.0711408 	-0.110997 	-1.89481 	0.30346 	0.65979 	0.0592743 	
3.405	0.0711628 	-0.110978 	-1.89455 	0.303391 	0.659533 	0.0591458 	
3.41	0.0711849 	-0.110959 	-1.8943 	0.303322 	0.659275 	0.0590173 	
3.415	0.0710871 	-0.110641 	-1.89394 	0.303089 	0.657245 	0.0588074 	
3.42	0.0711093 	-0.110623 	-1.89368 	0.303019 	0.656987 	0.0586788 	
3.425	0.0711316 	-0.110604 	-1.89342 	0.30295 	0.656728 	0.0585502 	
3.43	0.0711538 	-0.110586 	-1.89316 	0.302881 	0.65647 	0.0584214 	
3.435	0.0711761 	-0.110567 	-1.8929 	0.302812 	0.656211 	0.0582926 	
3.44	0.0711984 	-0.110549 	-1.89264 	0.302742 	0.655952 	0.0581637 	
3.445	0.0712208 	-0.110531 	-1.89238 	0.302673 	0.655693 	0.0580347 	
3.45	0.0711248 	-0.110215 	-1.89202 	0.302441 	0.653646 	0.0578226 	
3.455	0.0711472 	-0.110197 	-1.89176 	0.302372 	0.653387 	0.0576937 	
3.46	0.0711697 	-0.110179 	-1.8915 	0.302303 	0.653127 	0.0575648 	
3.465	0.0711921 	-0.110161 	-1.89124 	0.302234 	0.652867 	0.0574358 	
3.47	0.0712146 	-0.110143 	-1.89098 	0.302165 	0.652607 	0.0573069 	
3.475	0.0712371 	-0.110125 	-1.89072 	0.302096 	0.652347 	0.0571779 	
3.48	0.0712597 	-0.110108 	-1.89045 	0.302027 	0.652087 	0.0570489 	
3.485	0.0711637 	-0.109792 	-1.89008 	0.301797 	0.650031 	0.0568379 	
3.49	0.0711863 	-0.109774 	-1.88982 	0.301728 	0.64977 	0.0567091 	
3.495	0.0712089 	-0.109757 	-1.88956 	0.30166 	0.64951 	0.0565803 	
3.5	0.0712315 	-0.10974 	-1.8893 	0.301591 	0.64925 	0.0564516 	
3.505	0.0712599 	-0.109729 	-1.88903 	0.301521 	0.648989 	0.0563156 	
3.51	0.0712826 	-0.109712 	-1.88877 	0.301453 	0.648728 	0.0561869 	
3.515	0.0713052 	-0.109695 	-1.88851 	0.301384 	0.648468 	0.0560583 	
3.52	0.0712095 	-0.10938 	-1.88813 	0.301157 	0.646408 	0.055849 	
3.525	0.0712322 	-0.109363 	-1.88787 	0.301089 	0.646148 	0.0557207 	
3.53	0.0712549 	-0.109347 	-1.88761 	0.301021 	0.645888 	0.0555925 	
3.535	0.0712776 	-0.10933 	-1.88735 	0.300953 	0.645628 	0.0554644 	
3.54	0.0713002 	-0.109313 	-1.88709 	0.300886 	0.645368 	0.0553363 	
3.545	0.0713229 	-0.109297 	-1.88682 	0.300818 	0.645109 	0.0552084 	
3.55	0.0713286 	-0.109261 	-1.88659 	0.300756 	0.644852 	0.055102 	
3.555	0.0712333 	-0.108949 	-1.88622 	0.300533 	0.642795 	0.0548952 	
3.56	0.071256 	-0.108933 	-1.88596 	0.300465 	0.642536 	0.0547678 	
3.565	0.0712787 	-0.108917 	-1.88569 	0.300399 	0.642277 	0.0546405 	
3.57	0.0713014 	-0.108901 	-1.88543 	0.300332 	0.642018 	0.0545134 	
3.575	0.0713241 	-0.108885 	-1.88517 	0.300265 	0.64176 	0.0543864 	
3.58	0.0713467 	-0.108869 	-1.88491 	0.300198 	0.641501 	0.0542596 	
3.585	0.0713694 	-0.108853 	-1.88465 	0.300132 	0.641243 	0.0541329 	
3.59	0.0712967 	-0.108569 	-1.88424 	0.299905 	0.639191 	0.0539016 	
3.595	0.0713196 	-0.108554 	-1.88398 	0.299838 	0.638934 	0.0537752 	
3.6	0.0713422 	-0.108538 	-1.88372 	0.299773 	0.638677 	0.0536492 	
3.605	0.0713648 	-0.108523 	-1.88346 	0.299707 	0.63842 	0.0535234 	
3.61	0.0713874 	-0.108508 	-1.8832 	0.299641 	0.638163 	0.0533978 	
3.615	0.0714099 	-0.108493 	-1.88294 	0.299576 	0.637907 	0.0532725 	
3.62	0.0714325 	-0.108478 	-1.88268 	0.29951 	0.637651 	0.0531473 	
3.625	0.0713393 	-0.108173 	-1.88231 	0.299295 	0.635619 	0.0529469 	
3.63	0.0713618 	-0.108159 	-1.88205 	0.299231 	0.635364 	0.0528223 	
3.635	0.0713843 	-0.108144 	-1.88179 	0.299166 	0.635109 	0.052698 	
3.64	0.0713886 	-0.108109 	-1.88156 	0.299108 	0.634858 	0.0525967 	
3.645	0.0714109 	-0.108094 	-1.88131 	0.299043 	0.634605 	0.0524732 	
3.65	0.0714333 	-0.10808 	-1.88105 	0.298979 	0.634351 	0.0523496 	
3.655	0.0714557 	-0.108066 	-1.88079 	0.298915 	0.634099 	0.0522264 	
3.66	0.0713638 	-0.107766 	-1.88042 	0.298705 	0.632088 	0.0520299 	
3.665	0.0713862 	-0.107752 	-1.88017 	0.298642 	0.631836 	0.0519073 	
3.67	0.0714084 	-0.107738 	-1.87991 	0.298579 	0.631585 	0.0517851 	
3.675	0.0714307 	-0.107725 	-1.87966 	0.298516 	0.631334 	0.0516631 	
3.68	0.0714529 	-0.107711 	-1.8794 	0.298453 	0.631084 	0.0515414 	
3.685	0.071473 	-0.107695 	-1.87915 	0.298391 	0.630835 	0.0514227 	
3.69	0.071495 	-0.107682 	-1.8789 	0.298328 	0.630586 	0.0513017 	
3.695	0.0714048 	-0.107388 	-1.87853 	0.298124 	0.628603 	0.0511098 	
3.7	0.0714269 	-0.107375 	-1.87828 	0.298062 	0.628355 	0.0509896 	
3.705	0.0714489 	-0.107362 	-1.87803 	0.298001 	0.628108 	0.0508697 	
3.71	0.0714709 	-0.107349 	-1.87778 	0.297939 	0.627861 	0.0507502 	
3.715	0.0714928 	-0.107336 	-1.87753 	0.297878 	0.627616 	0.050631 	
3.72	0.0715146 	-0.107323 	-1.87728 	0.297817 	0.62737 	0.0505122 	
3.725	0.0715364 	-0.107311 	-1.87703 	0.297756 	0.627126 	0.0503938 	
3.73	0.0714481 	-0.107024 	-1.87667 	0.297558 	0.625177 	0.0502069 	
3.735	0.0714756 	-0.107018 	-1.87641 	0.297496 	0.624933 	0.0500822 	
3.74	0.0714973 	-0.107006 	-1.87616 	0.297436 	0.624691 	0.049965 	
3.745	0.0715189 	-0.106994 	-1.87592 	0.297377 	0.624449 	0.0498482 	
3.75	0.0715404 	-0.106982 	-1.87567 	0.297317 	0.624208 	0.0497319 	
3.755	0.0715618 	-0.10697 	-1.87543 	0.297258 	0.623969 	0.0496159 	
3.76	0.0715832 	-0.106958 	-1.87518 	0.297199 	0.623729 	0.0495004 	
3.765	0.0714971 	-0.106678 	-1.87482 	0.297008 	0.62182 	0.0493191 	
3.77	0.0715183 	-0.106667 	-1.87458 	0.29695 	0.621583 	0.0492046 	
3.775	0.0715396 	-0.106655 	-1.87434 	0.296892 	0.621346 	0.0490905 	
