0	0.310353 	-0.173757 	0.536987 	0.178716 	-1.4534 	-0.246212 	
0.005	0.310353 	-0.173757 	0.536987 	0.178716 	-1.4534 	-0.246212 	
0.01	0.310353 	-0.173757 	0.536987 	0.178716 	-1.4534 	-0.246212 	
0.015	0.310354 	-0.173757 	0.536987 	0.178716 	-1.4534 	-0.246212 	
0.02	0.310355 	-0.173757 	0.536987 	0.178716 	-1.4534 	-0.246212 	
0.025	0.310357 	-0.173757 	0.536988 	0.178716 	-1.4534 	-0.246212 	
0.03	0.31036 	-0.173757 	0.536988 	0.178716 	-1.4534 	-0.246212 	
0.035	0.310363 	-0.173757 	0.536989 	0.178716 	-1.4534 	-0.246212 	
0.04	0.310366 	-0.173757 	0.536989 	0.178716 	-1.4534 	-0.246212 	
0.045	0.31037 	-0.173757 	0.53699 	0.178716 	-1.4534 	-0.246212 	
0.05	0.310375 	-0.173757 	0.536991 	0.178716 	-1.4534 	-0.246212 	
0.055	0.31038 	-0.173757 	0.536992 	0.178716 	-1.4534 	-0.246212 	
0.06	0.310385 	-0.173757 	0.536993 	0.178716 	-1.4534 	-0.246212 	
0.065	0.310391 	-0.173758 	0.536994 	0.178716 	-1.4534 	-0.246212 	
0.07	0.310398 	-0.173758 	0.536995 	0.178716 	-1.4534 	-0.246212 	
0.075	0.310405 	-0.173758 	0.536996 	0.178716 	-1.4534 	-0.246212 	
0.08	0.310413 	-0.173758 	0.536998 	0.178716 	-1.4534 	-0.246212 	
0.085	0.310421 	-0.173758 	0.536999 	0.178716 	-1.4534 	-0.246212 	
0.09	0.310431 	-0.173758 	0.537001 	0.178716 	-1.4534 	-0.246212 	
0.095	0.31044 	-0.173759 	0.537003 	0.178716 	-1.4534 	-0.246212 	
0.1	0.310451 	-0.173759 	0.537005 	0.178716 	-1.4534 	-0.246212 	
0.105	0.310461 	-0.173759 	0.537007 	0.178716 	-1.4534 	-0.246212 	
0.11	0.310472 	-0.173759 	0.537009 	0.178716 	-1.4534 	-0.246212 	
0.115	0.310484 	-0.173759 	0.537011 	0.178716 	-1.4534 	-0.246212 	
0.12	0.310496 	-0.17376 	0.537013 	0.178716 	-1.4534 	-0.246212 	
0.125	0.310509 	-0.17376 	0.537016 	0.178716 	-1.4534 	-0.246212 	
0.13	0.310522 	-0.17376 	0.537018 	0.178716 	-1.4534 	-0.246212 	
0.135	0.310536 	-0.17376 	0.537021 	0.178716 	-1.4534 	-0.246212 	
0.14	0.31055 	-0.173761 	0.537023 	0.178716 	-1.4534 	-0.246212 	
0.145	0.310565 	-0.173761 	0.537026 	0.178716 	-1.4534 	-0.246212 	
0.15	0.31058 	-0.173761 	0.537029 	0.178716 	-1.4534 	-0.246212 	
0.155	0.310596 	-0.173761 	0.537032 	0.178716 	-1.4534 	-0.246212 	
0.16	0.310612 	-0.173762 	0.537035 	0.178716 	-1.4534 	-0.246212 	
0.165	0.310567 	-0.173747 	0.537019 	0.177103 	-1.45227 	-0.243991 	
0.17	0.310585 	-0.173747 	0.537022 	0.177103 	-1.45227 	-0.243991 	
0.175	0.310603 	-0.173748 	0.537026 	0.177103 	-1.45227 	-0.243991 	
0.18	0.310621 	-0.173748 	0.537029 	0.177103 	-1.45227 	-0.243991 	
0.185	0.31064 	-0.173748 	0.537033 	0.177103 	-1.45227 	-0.243991 	
0.19	0.31066 	-0.173749 	0.537036 	0.177103 	-1.45227 	-0.243991 	
0.195	0.31068 	-0.173749 	0.53704 	0.177103 	-1.45227 	-0.243991 	
0.2	0.3107 	-0.173749 	0.537044 	0.177103 	-1.45227 	-0.243991 	
0.205	0.310722 	-0.17375 	0.537048 	0.177103 	-1.45227 	-0.243991 	
0.21	0.310743 	-0.17375 	0.537052 	0.177103 	-1.45227 	-0.243991 	
0.215	0.310765 	-0.17375 	0.537056 	0.177103 	-1.45227 	-0.243991 	
0.22	0.310788 	-0.173751 	0.53706 	0.177103 	-1.45227 	-0.243991 	
0.225	0.31075 	-0.173737 	0.537046 	0.175514 	-1.45115 	-0.241801 	
0.23	0.310774 	-0.173737 	0.53705 	0.175514 	-1.45115 	-0.241801 	
0.235	0.310798 	-0.173737 	0.537055 	0.175514 	-1.45115 	-0.241801 	
0.24	0.310823 	-0.173738 	0.537059 	0.175514 	-1.45115 	-0.241801 	
0.245	0.310848 	-0.173738 	0.537064 	0.175514 	-1.45115 	-0.241801 	
0.25	0.310874 	-0.173739 	0.537069 	0.175514 	-1.45115 	-0.241801 	
0.255	0.310901 	-0.173739 	0.537074 	0.175514 	-1.45115 	-0.241801 	
0.26	0.310928 	-0.17374 	0.537079 	0.175514 	-1.45115 	-0.241801 	
0.265	0.310955 	-0.17374 	0.537084 	0.175514 	-1.45115 	-0.241801 	
0.27	0.310983 	-0.17374 	0.537089 	0.175514 	-1.45115 	-0.241801 	
0.275	0.310946 	-0.173726 	0.537074 	0.17383 	-1.44997 	-0.239482 	
0.28	0.310975 	-0.173726 	0.53708 	0.17383 	-1.44997 	-0.239482 	
0.285	0.311005 	-0.173727 	0.537085 	0.17383 	-1.44997 	-0.239482 	
0.29	0.311035 	-0.173727 	0.537091 	0.17383 	-1.44997 	-0.239482 	
0.295	0.311065 	-0.173728 	0.537096 	0.17383 	-1.44997 	-0.239482 	
0.3	0.311096 	-0.173728 	0.537102 	0.17383 	-1.44997 	-0.239482 	
0.305	0.311128 	-0.173729 	0.537108 	0.17383 	-1.44997 	-0.239482 	
0.31	0.31116 	-0.173729 	0.537114 	0.17383 	-1.44997 	-0.239482 	
0.315	0.31113 	-0.173715 	0.537101 	0.172227 	-1.44885 	-0.237272 	
0.32	0.311163 	-0.173716 	0.537107 	0.172227 	-1.44885 	-0.237272 	
0.325	0.311197 	-0.173716 	0.537114 	0.172227 	-1.44885 	-0.237272 	
0.33	0.311231 	-0.173717 	0.53712 	0.172227 	-1.44885 	-0.237272 	
0.335	0.311265 	-0.173717 	0.537126 	0.172227 	-1.44885 	-0.237272 	
0.34	0.3113 	-0.173718 	0.537133 	0.172227 	-1.44885 	-0.237272 	
0.345	0.311336 	-0.173718 	0.537139 	0.172227 	-1.44885 	-0.237272 	
0.35	0.311372 	-0.173719 	0.537146 	0.172227 	-1.44885 	-0.237272 	
0.355	0.311339 	-0.173704 	0.537132 	0.170445 	-1.4476 	-0.234817 	
0.36	0.311376 	-0.173704 	0.537139 	0.170445 	-1.4476 	-0.234817 	
0.365	0.311414 	-0.173705 	0.537146 	0.170445 	-1.4476 	-0.234817 	
0.37	0.311451 	-0.173705 	0.537153 	0.170445 	-1.4476 	-0.234817 	
0.375	0.31149 	-0.173706 	0.53716 	0.170445 	-1.4476 	-0.234817 	
0.38	0.311529 	-0.173706 	0.537167 	0.170445 	-1.4476 	-0.234817 	
0.385	0.311568 	-0.173707 	0.537174 	0.170445 	-1.4476 	-0.234817 	
0.39	0.31154 	-0.173692 	0.537161 	0.168696 	-1.44637 	-0.232409 	
0.395	0.311581 	-0.173693 	0.537169 	0.168697 	-1.44637 	-0.232409 	
0.4	0.311622 	-0.173693 	0.537176 	0.168697 	-1.44637 	-0.232409 	
0.405	0.311663 	-0.173694 	0.537184 	0.168697 	-1.44637 	-0.232409 	
0.41	0.311705 	-0.173694 	0.537191 	0.168697 	-1.44637 	-0.232409 	
0.415	0.311747 	-0.173695 	0.537199 	0.168697 	-1.44637 	-0.232409 	
0.42	0.311727 	-0.173682 	0.537188 	0.167067 	-1.44523 	-0.230163 	
0.425	0.31177 	-0.173682 	0.537196 	0.167067 	-1.44523 	-0.230163 	
0.43	0.311814 	-0.173683 	0.537204 	0.167067 	-1.44523 	-0.230163 	
0.435	0.311858 	-0.173683 	0.537212 	0.167067 	-1.44523 	-0.230163 	
0.44	0.311902 	-0.173684 	0.537221 	0.167067 	-1.44523 	-0.230163 	
0.445	0.311947 	-0.173684 	0.537229 	0.167067 	-1.44523 	-0.230163 	
0.45	0.311926 	-0.173671 	0.537218 	0.16535 	-1.44403 	-0.227798 	
0.455	0.311973 	-0.173671 	0.537226 	0.16535 	-1.44403 	-0.227798 	
0.46	0.312019 	-0.173672 	0.537234 	0.16535 	-1.44403 	-0.227798 	
0.465	0.312066 	-0.173672 	0.537243 	0.16535 	-1.44403 	-0.227798 	
0.47	0.312113 	-0.173673 	0.537252 	0.16535 	-1.44403 	-0.227798 	
0.475	0.312161 	-0.173673 	0.53726 	0.16535 	-1.44403 	-0.227798 	
0.48	0.312139 	-0.173659 	0.537249 	0.163528 	-1.44275 	-0.225289 	
0.485	0.312188 	-0.173659 	0.537257 	0.163528 	-1.44275 	-0.225289 	
0.49	0.312237 	-0.17366 	0.537266 	0.163528 	-1.44275 	-0.225289 	
0.495	0.312286 	-0.17366 	0.537276 	0.163528 	-1.44275 	-0.225289 	
0.5	0.312336 	-0.173661 	0.537285 	0.163528 	-1.44275 	-0.225289 	
0.505	0.312324 	-0.173648 	0.537275 	0.161899 	-1.44161 	-0.223043 	
0.51	0.312375 	-0.173649 	0.537285 	0.161899 	-1.44161 	-0.223043 	
0.515	0.312426 	-0.173649 	0.537294 	0.161899 	-1.44161 	-0.223043 	
0.52	0.312478 	-0.173649 	0.537304 	0.161899 	-1.44161 	-0.223043 	
0.525	0.31253 	-0.17365 	0.537313 	0.161899 	-1.44161 	-0.223043 	
0.53	0.312518 	-0.173637 	0.537304 	0.160224 	-1.44043 	-0.220737 	
0.535	0.312571 	-0.173638 	0.537313 	0.160224 	-1.44043 	-0.220737 	
0.54	0.312625 	-0.173638 	0.537323 	0.160224 	-1.44043 	-0.220737 	
0.545	0.312679 	-0.173638 	0.537333 	0.160224 	-1.44043 	-0.220737 	
0.55	0.312733 	-0.173639 	0.537343 	0.160224 	-1.44043 	-0.220737 	
0.555	0.31272 	-0.173626 	0.537333 	0.158483 	-1.43921 	-0.218338 	
0.56	0.312775 	-0.173626 	0.537343 	0.158483 	-1.43921 	-0.218338 	
0.565	0.312831 	-0.173627 	0.537354 	0.158483 	-1.43921 	-0.218338 	
0.57	0.312887 	-0.173627 	0.537364 	0.158483 	-1.43921 	-0.218338 	
0.575	0.312944 	-0.173627 	0.537374 	0.158483 	-1.43921 	-0.218338 	
0.58	0.31293 	-0.173614 	0.537364 	0.156675 	-1.43794 	-0.215846 	
0.585	0.312988 	-0.173615 	0.537374 	0.156675 	-1.43794 	-0.215846 	
0.59	0.313045 	-0.173615 	0.537385 	0.156675 	-1.43794 	-0.215846 	
0.595	0.313104 	-0.173615 	0.537395 	0.156675 	-1.43794 	-0.215846 	
0.6	0.313162 	-0.173615 	0.537406 	0.156675 	-1.43794 	-0.215846 	
0.605	0.313148 	-0.173602 	0.537396 	0.1548 	-1.43663 	-0.213263 	
0.61	0.313207 	-0.173602 	0.537407 	0.1548 	-1.43663 	-0.213263 	
0.615	0.313267 	-0.173603 	0.537417 	0.1548 	-1.43663 	-0.213263 	
0.62	0.313327 	-0.173603 	0.537428 	0.1548 	-1.43663 	-0.213263 	
0.625	0.313326 	-0.173592 	0.537422 	0.153215 	-1.43552 	-0.21108 	
0.63	0.313387 	-0.173592 	0.537433 	0.153215 	-1.43552 	-0.21108 	
0.635	0.313448 	-0.173592 	0.537444 	0.153215 	-1.43552 	-0.21108 	
0.64	0.31351 	-0.173592 	0.537455 	0.153215 	-1.43552 	-0.21108 	
0.645	0.31351 	-0.173582 	0.537448 	0.151623 	-1.4344 	-0.208887 	
0.65	0.313573 	-0.173582 	0.53746 	0.151623 	-1.4344 	-0.208887 	
0.655	0.313635 	-0.173582 	0.537471 	0.151623 	-1.4344 	-0.208887 	
0.66	0.313699 	-0.173582 	0.537483 	0.151623 	-1.4344 	-0.208887 	
0.665	0.313699 	-0.173571 	0.537476 	0.149996 	-1.43326 	-0.206645 	
0.67	0.313763 	-0.173571 	0.537488 	0.149996 	-1.43326 	-0.206645 	
0.675	0.313827 	-0.173571 	0.537499 	0.149996 	-1.43326 	-0.206645 	
0.68	0.313892 	-0.173571 	0.537511 	0.149996 	-1.43326 	-0.206645 	
0.685	0.313892 	-0.17356 	0.537504 	0.148331 	-1.43209 	-0.204351 	
0.69	0.313957 	-0.17356 	0.537516 	0.148331 	-1.43209 	-0.204351 	
0.695	0.314023 	-0.17356 	0.537528 	0.148331 	-1.43209 	-0.204351 	
0.7	0.314089 	-0.17356 	0.53754 	0.148331 	-1.43209 	-0.204351 	
0.705	0.314089 	-0.173549 	0.537533 	0.146629 	-1.4309 	-0.202006 	
0.71	0.314156 	-0.173549 	0.537545 	0.146629 	-1.4309 	-0.202006 	
0.715	0.314223 	-0.173549 	0.537557 	0.146629 	-1.4309 	-0.202006 	
0.72	0.314291 	-0.173549 	0.537569 	0.146629 	-1.4309 	-0.202006 	
0.725	0.31429 	-0.173538 	0.537562 	0.144891 	-1.42968 	-0.199612 	
0.73	0.314359 	-0.173538 	0.537575 	0.144891 	-1.42968 	-0.199612 	
0.735	0.314427 	-0.173537 	0.537587 	0.144891 	-1.42968 	-0.199612 	
0.74	0.314496 	-0.173537 	0.537599 	0.144891 	-1.42968 	-0.199612 	
0.745	0.314496 	-0.173526 	0.537592 	0.143117 	-1.42844 	-0.197169 	
0.75	0.314565 	-0.173526 	0.537605 	0.143117 	-1.42844 	-0.197169 	
0.755	0.314635 	-0.173526 	0.537617 	0.143117 	-1.42844 	-0.197169 	
0.76	0.314706 	-0.173525 	0.53763 	0.143117 	-1.42844 	-0.197169 	
0.765	0.314705 	-0.173515 	0.537623 	0.141311 	-1.42717 	-0.19468 	
0.77	0.314776 	-0.173514 	0.537636 	0.141311 	-1.42717 	-0.19468 	
0.775	0.314847 	-0.173514 	0.537648 	0.141311 	-1.42717 	-0.19468 	
0.78	0.314919 	-0.173513 	0.537661 	0.141311 	-1.42717 	-0.19468 	
0.785	0.314918 	-0.173503 	0.537654 	0.139471 	-1.42588 	-0.192145 	
0.79	0.31499 	-0.173502 	0.537667 	0.139471 	-1.42588 	-0.192145 	
0.795	0.315063 	-0.173502 	0.53768 	0.139471 	-1.42588 	-0.192145 	
0.8	0.315136 	-0.173501 	0.537693 	0.139471 	-1.42588 	-0.192145 	
0.805	0.315135 	-0.17349 	0.537686 	0.1376 	-1.42457 	-0.189568 	
0.81	0.315208 	-0.17349 	0.537699 	0.1376 	-1.42457 	-0.189568 	
0.815	0.315282 	-0.173489 	0.537712 	0.1376 	-1.42457 	-0.189568 	
0.82	0.315356 	-0.173489 	0.537725 	0.1376 	-1.42457 	-0.189568 	
0.825	0.315355 	-0.173478 	0.537718 	0.135699 	-1.42324 	-0.186948 	
0.83	0.31543 	-0.173477 	0.537731 	0.135699 	-1.42324 	-0.186948 	
0.835	0.315504 	-0.173477 	0.537744 	0.135699 	-1.42324 	-0.186948 	
0.84	0.315579 	-0.173476 	0.537758 	0.135699 	-1.42324 	-0.186948 	
0.845	0.315579 	-0.173466 	0.53775 	0.133768 	-1.42188 	-0.184288 	
0.85	0.315654 	-0.173465 	0.537764 	0.133768 	-1.42188 	-0.184288 	
0.855	0.31573 	-0.173464 	0.537777 	0.133768 	-1.42188 	-0.184288 	
0.86	0.315806 	-0.173463 	0.537791 	0.133768 	-1.42188 	-0.184288 	
0.865	0.315805 	-0.173453 	0.537784 	0.131809 	-1.42051 	-0.18159 	
0.87	0.315882 	-0.173452 	0.537797 	0.131809 	-1.42051 	-0.18159 	
0.875	0.315959 	-0.173451 	0.537811 	0.131809 	-1.42051 	-0.18159 	
0.88	0.316036 	-0.17345 	0.537825 	0.131809 	-1.42051 	-0.18159 	
0.885	0.316035 	-0.17344 	0.537817 	0.129824 	-1.41912 	-0.178855 	
0.89	0.316113 	-0.173439 	0.537831 	0.129824 	-1.41912 	-0.178855 	
0.895	0.316191 	-0.173438 	0.537845 	0.129824 	-1.41912 	-0.178855 	
0.9	0.316269 	-0.173437 	0.537859 	0.129824 	-1.41912 	-0.178855 	
0.905	0.316268 	-0.173427 	0.537851 	0.127813 	-1.41771 	-0.176085 	
0.91	0.316347 	-0.173426 	0.537865 	0.127813 	-1.41771 	-0.176085 	
0.915	0.316425 	-0.173424 	0.537879 	0.127813 	-1.41771 	-0.176085 	
0.92	0.316442 	-0.173417 	0.537876 	0.126238 	-1.41661 	-0.173915 	
0.925	0.316522 	-0.173415 	0.53789 	0.126238 	-1.41661 	-0.173915 	
0.93	0.316601 	-0.173414 	0.537904 	0.126238 	-1.41661 	-0.173915 	
0.935	0.316681 	-0.173413 	0.537918 	0.126238 	-1.41661 	-0.173915 	
0.94	0.316682 	-0.173404 	0.537911 	0.124232 	-1.4152 	-0.171151 	
0.945	0.316762 	-0.173402 	0.537926 	0.124232 	-1.4152 	-0.171151 	
0.95	0.316842 	-0.173401 	0.53794 	0.124232 	-1.4152 	-0.171151 	
0.955	0.31686 	-0.173393 	0.537937 	0.12263 	-1.41408 	-0.168945 	
0.96	0.31694 	-0.173392 	0.537951 	0.12263 	-1.41408 	-0.168945 	
0.965	0.317021 	-0.17339 	0.537966 	0.12263 	-1.41408 	-0.168945 	
0.97	0.317041 	-0.173383 	0.537964 	0.12106 	-1.41297 	-0.166781 	
0.975	0.317122 	-0.173382 	0.537978 	0.12106 	-1.41297 	-0.166781 	
0.98	0.317204 	-0.17338 	0.537992 	0.12106 	-1.41297 	-0.166781 	
0.985	0.317223 	-0.173373 	0.53799 	0.119482 	-1.41187 	-0.164607 	
0.99	0.317305 	-0.173371 	0.538005 	0.119482 	-1.41187 	-0.164607 	
0.995	0.317387 	-0.17337 	0.538019 	0.119482 	-1.41187 	-0.164607 	
1	0.317407 	-0.173363 	0.538017 	0.117894 	-1.41076 	-0.16242 	
1.005	0.317489 	-0.173361 	0.538031 	0.117894 	-1.41076 	-0.16242 	
1.01	0.317572 	-0.173359 	0.538046 	0.117894 	-1.41076 	-0.16242 	
1.015	0.317591 	-0.173352 	0.538044 	0.116296 	-1.40964 	-0.160219 	
1.02	0.317674 	-0.17335 	0.538058 	0.116296 	-1.40964 	-0.160219 	
1.025	0.317758 	-0.173348 	0.538073 	0.116296 	-1.40964 	-0.160219 	
1.03	0.317777 	-0.173342 	0.538071 	0.114689 	-1.40851 	-0.158004 	
1.035	0.317861 	-0.17334 	0.538086 	0.114689 	-1.40851 	-0.158004 	
1.04	0.317944 	-0.173338 	0.5381 	0.114689 	-1.40851 	-0.158004 	
1.045	0.317964 	-0.173331 	0.538098 	0.113073 	-1.40737 	-0.155777 	
1.05	0.318048 	-0.173329 	0.538113 	0.113073 	-1.40737 	-0.155777 	
1.055	0.318132 	-0.173327 	0.538128 	0.113073 	-1.40737 	-0.155777 	
1.06	0.318152 	-0.173321 	0.538126 	0.111448 	-1.40624 	-0.153539 	
1.065	0.318236 	-0.173319 	0.53814 	0.111448 	-1.40624 	-0.153539 	
1.07	0.318321 	-0.173316 	0.538155 	0.111448 	-1.40624 	-0.153539 	
1.075	0.318341 	-0.17331 	0.538153 	0.109815 	-1.40509 	-0.15129 	
1.08	0.318425 	-0.173308 	0.538168 	0.109815 	-1.40509 	-0.15129 	
1.085	0.31851 	-0.173306 	0.538183 	0.109815 	-1.40509 	-0.15129 	
1.09	0.31853 	-0.173299 	0.538181 	0.108176 	-1.40394 	-0.149031 	
1.095	0.318615 	-0.173297 	0.538196 	0.108176 	-1.40394 	-0.149031 	
1.1	0.318701 	-0.173295 	0.538211 	0.108176 	-1.40394 	-0.149031 	
1.105	0.318721 	-0.173289 	0.538209 	0.106529 	-1.40279 	-0.146762 	
1.11	0.318806 	-0.173286 	0.538224 	0.106529 	-1.40279 	-0.146762 	
1.115	0.318892 	-0.173284 	0.538238 	0.106529 	-1.40279 	-0.146762 	
1.12	0.318912 	-0.173278 	0.538237 	0.104877 	-1.40163 	-0.144486 	
1.125	0.318997 	-0.173275 	0.538251 	0.104877 	-1.40163 	-0.144486 	
1.13	0.319083 	-0.173273 	0.538266 	0.104877 	-1.40163 	-0.144486 	
1.135	0.319103 	-0.173267 	0.538265 	0.103218 	-1.40047 	-0.142201 	
1.14	0.319189 	-0.173265 	0.538279 	0.103218 	-1.40047 	-0.142201 	
1.145	0.319275 	-0.173262 	0.538294 	0.103218 	-1.40047 	-0.142201 	
1.15	0.319295 	-0.173256 	0.538293 	0.101556 	-1.3993 	-0.13991 	
1.155	0.319382 	-0.173254 	0.538307 	0.101556 	-1.3993 	-0.13991 	
1.16	0.319468 	-0.173251 	0.538322 	0.101556 	-1.3993 	-0.13991 	
1.165	0.319488 	-0.173246 	0.538321 	0.0998882 	-1.39813 	-0.137613 	
1.17	0.319575 	-0.173243 	0.538336 	0.0998882 	-1.39813 	-0.137613 	
1.175	0.319661 	-0.17324 	0.538351 	0.0998882 	-1.39813 	-0.137613 	
1.18	0.319681 	-0.173235 	0.538349 	0.0982172 	-1.39696 	-0.135311 	
1.185	0.319768 	-0.173232 	0.538364 	0.0982172 	-1.39696 	-0.135311 	
1.19	0.319855 	-0.173229 	0.538379 	0.0982172 	-1.39696 	-0.135311 	
1.195	0.319875 	-0.173224 	0.538377 	0.0965431 	-1.39579 	-0.133005 	
1.2	0.319962 	-0.173221 	0.538392 	0.0965431 	-1.39579 	-0.133005 	
1.205	0.320048 	-0.173218 	0.538407 	0.0965431 	-1.39579 	-0.133005 	
1.21	0.320069 	-0.173213 	0.538405 	0.0948664 	-1.39461 	-0.130695 	
1.215	0.320155 	-0.17321 	0.53842 	0.0948664 	-1.39461 	-0.130695 	
1.22	0.320242 	-0.173207 	0.538435 	0.0948664 	-1.39461 	-0.130695 	
1.225	0.320262 	-0.173202 	0.538434 	0.0931878 	-1.39343 	-0.128382 	
1.23	0.320349 	-0.173199 	0.538449 	0.0931878 	-1.39343 	-0.128382 	
1.235	0.320436 	-0.173195 	0.538463 	0.0931878 	-1.39343 	-0.128382 	
1.24	0.320457 	-0.173191 	0.538462 	0.0915078 	-1.39226 	-0.126068 	
1.245	0.320544 	-0.173188 	0.538477 	0.0915078 	-1.39226 	-0.126068 	
1.25	0.320631 	-0.173184 	0.538492 	0.0915078 	-1.39226 	-0.126068 	
1.255	0.320651 	-0.17318 	0.53849 	0.0898271 	-1.39108 	-0.123752 	
1.26	0.320738 	-0.173177 	0.538505 	0.0898271 	-1.39108 	-0.123752 	
1.265	0.320825 	-0.173173 	0.53852 	0.0898271 	-1.39108 	-0.123752 	
1.27	0.320845 	-0.173169 	0.538519 	0.0881462 	-1.3899 	-0.121437 	
1.275	0.320932 	-0.173166 	0.538534 	0.0881462 	-1.3899 	-0.121437 	
1.28	0.321019 	-0.173162 	0.538548 	0.0881462 	-1.3899 	-0.121437 	
1.285	0.321039 	-0.173158 	0.538547 	0.0864657 	-1.38872 	-0.119121 	
1.29	0.321126 	-0.173155 	0.538562 	0.0864657 	-1.38872 	-0.119121 	
1.295	0.321213 	-0.173151 	0.538577 	0.0864657 	-1.38872 	-0.119121 	
1.3	0.321233 	-0.173148 	0.538575 	0.0847862 	-1.38754 	-0.116808 	
1.305	0.32132 	-0.173144 	0.53859 	0.0847862 	-1.38754 	-0.116808 	
1.31	0.321407 	-0.17314 	0.538605 	0.0847862 	-1.38754 	-0.116808 	
1.315	0.321427 	-0.173137 	0.538604 	0.0831084 	-1.38637 	-0.114496 	
1.32	0.321514 	-0.173133 	0.538618 	0.0831084 	-1.38637 	-0.114496 	
1.325	0.321601 	-0.173129 	0.538633 	0.0831084 	-1.38637 	-0.114496 	
1.33	0.32162 	-0.173126 	0.538632 	0.0814328 	-1.38519 	-0.112188 	
1.335	0.321707 	-0.173122 	0.538646 	0.0814328 	-1.38519 	-0.112188 	
1.34	0.321794 	-0.173118 	0.538661 	0.0814328 	-1.38519 	-0.112188 	
1.345	0.321814 	-0.173115 	0.53866 	0.0797599 	-1.38402 	-0.109883 	
1.35	0.3219 	-0.173111 	0.538675 	0.0797599 	-1.38402 	-0.109883 	
1.355	0.321987 	-0.173107 	0.538689 	0.0797599 	-1.38402 	-0.109883 	
1.36	0.322007 	-0.173104 	0.538688 	0.0780905 	-1.38285 	-0.107583 	
1.365	0.322093 	-0.1731 	0.538703 	0.0780905 	-1.38285 	-0.107583 	
1.37	0.322179 	-0.173096 	0.538717 	0.0780905 	-1.38285 	-0.107583 	
1.375	0.322199 	-0.173093 	0.538716 	0.0764251 	-1.38168 	-0.105289 	
1.38	0.322285 	-0.173089 	0.538731 	0.0764251 	-1.38168 	-0.105289 	
1.385	0.322371 	-0.173085 	0.538745 	0.0764251 	-1.38168 	-0.105289 	
1.39	0.322391 	-0.173083 	0.538744 	0.0747642 	-1.38052 	-0.103001 	
1.395	0.322476 	-0.173078 	0.538759 	0.0747642 	-1.38052 	-0.103001 	
1.4	0.322562 	-0.173074 	0.538773 	0.0747642 	-1.38052 	-0.103001 	
1.405	0.322582 	-0.173072 	0.538772 	0.0731085 	-1.37936 	-0.10072 	
1.41	0.322667 	-0.173067 	0.538786 	0.0731085 	-1.37936 	-0.10072 	
1.415	0.322753 	-0.173063 	0.538801 	0.0731085 	-1.37936 	-0.10072 	
1.42	0.322772 	-0.173061 	0.5388 	0.0714585 	-1.3782 	-0.0984464 	
1.425	0.322858 	-0.173057 	0.538814 	0.0714585 	-1.3782 	-0.0984464 	
1.43	0.322943 	-0.173052 	0.538828 	0.0714585 	-1.3782 	-0.0984464 	
1.435	0.322962 	-0.17305 	0.538828 	0.0698149 	-1.37705 	-0.096182 	
1.44	0.323047 	-0.173046 	0.538842 	0.0698149 	-1.37705 	-0.096182 	
1.445	0.323132 	-0.173041 	0.538856 	0.0698149 	-1.37705 	-0.096182 	
1.45	0.323151 	-0.17304 	0.538855 	0.0681782 	-1.3759 	-0.0939272 	
1.455	0.323236 	-0.173035 	0.538869 	0.0681782 	-1.3759 	-0.0939272 	
1.46	0.32332 	-0.17303 	0.538883 	0.0681782 	-1.3759 	-0.0939272 	
1.465	0.323339 	-0.173029 	0.538883 	0.066549 	-1.37476 	-0.0916827 	
1.47	0.323423 	-0.173025 	0.538897 	0.066549 	-1.37476 	-0.0916827 	
1.475	0.323507 	-0.17302 	0.538911 	0.066549 	-1.37476 	-0.0916827 	
1.48	0.323526 	-0.173019 	0.53891 	0.0649278 	-1.37362 	-0.0894492 	
1.485	0.32361 	-0.173014 	0.538924 	0.0649278 	-1.37362 	-0.0894492 	
1.49	0.323693 	-0.173009 	0.538938 	0.0649278 	-1.37362 	-0.0894492 	
1.495	0.323713 	-0.173008 	0.538937 	0.0633153 	-1.37249 	-0.0872277 	
1.5	0.323796 	-0.173003 	0.538951 	0.0633153 	-1.37249 	-0.0872277 	
1.505	0.323879 	-0.172999 	0.538965 	0.0633153 	-1.37249 	-0.0872277 	
1.51	0.323898 	-0.172998 	0.538964 	0.061712 	-1.37137 	-0.0850189 	
1.515	0.32398 	-0.172993 	0.538978 	0.061712 	-1.37137 	-0.0850189 	
1.52	0.324063 	-0.172988 	0.538991 	0.061712 	-1.37137 	-0.0850189 	
1.525	0.324081 	-0.172988 	0.538991 	0.0601185 	-1.37025 	-0.0828236 	
1.53	0.324164 	-0.172983 	0.539004 	0.0601185 	-1.37025 	-0.0828236 	
1.535	0.324246 	-0.172978 	0.539018 	0.0601185 	-1.37025 	-0.0828236 	
1.54	0.324264 	-0.172977 	0.539018 	0.0585354 	-1.36914 	-0.0806425 	
1.545	0.324346 	-0.172972 	0.539031 	0.0585354 	-1.36914 	-0.0806425 	
1.55	0.324427 	-0.172967 	0.539044 	0.0585354 	-1.36914 	-0.0806425 	
1.555	0.324446 	-0.172967 	0.539044 	0.0569631 	-1.36804 	-0.0784765 	
1.56	0.324527 	-0.172962 	0.539057 	0.0569631 	-1.36804 	-0.0784765 	
1.565	0.324607 	-0.172957 	0.539071 	0.0569631 	-1.36804 	-0.0784765 	
1.57	0.324626 	-0.172957 	0.53907 	0.0554023 	-1.36694 	-0.0763262 	
1.575	0.324706 	-0.172952 	0.539084 	0.0554023 	-1.36694 	-0.0763262 	
1.58	0.324786 	-0.172947 	0.539097 	0.0554023 	-1.36694 	-0.0763262 	
1.585	0.324805 	-0.172947 	0.539096 	0.0538536 	-1.36586 	-0.0741925 	
1.59	0.324884 	-0.172942 	0.539109 	0.0538536 	-1.36586 	-0.0741925 	
1.595	0.324964 	-0.172937 	0.539123 	0.0538536 	-1.36586 	-0.0741925 	
1.6	0.324982 	-0.172937 	0.539122 	0.0523174 	-1.36478 	-0.0720762 	
1.605	0.325061 	-0.172932 	0.539135 	0.0523174 	-1.36478 	-0.0720762 	
1.61	0.32514 	-0.172927 	0.539148 	0.0523174 	-1.36478 	-0.0720762 	
1.615	0.325218 	-0.172921 	0.539161 	0.0523174 	-1.36478 	-0.0720762 	
1.62	0.325218 	-0.172924 	0.539157 	0.0503417 	-1.36339 	-0.0693542 	
1.625	0.325296 	-0.172918 	0.53917 	0.0503417 	-1.36339 	-0.0693542 	
1.63	0.325374 	-0.172913 	0.539182 	0.0503417 	-1.36339 	-0.0693542 	
1.635	0.32539 	-0.172914 	0.539182 	0.0487901 	-1.36231 	-0.0672167 	
1.64	0.325467 	-0.172909 	0.539194 	0.0487901 	-1.36231 	-0.0672167 	
1.645	0.325544 	-0.172903 	0.539207 	0.0487901 	-1.36231 	-0.0672167 	
1.65	0.325621 	-0.172898 	0.53922 	0.0487901 	-1.36231 	-0.0672167 	
1.655	0.32562 	-0.172901 	0.539215 	0.0468524 	-1.36095 	-0.0645471 	
1.66	0.325697 	-0.172896 	0.539228 	0.0468524 	-1.36095 	-0.0645471 	
1.665	0.325773 	-0.17289 	0.53924 	0.0468524 	-1.36095 	-0.0645471 	
1.67	0.325848 	-0.172885 	0.539253 	0.0468524 	-1.36095 	-0.0645471 	
1.675	0.325846 	-0.172888 	0.539248 	0.0448993 	-1.35958 	-0.0618563 	
1.68	0.325921 	-0.172883 	0.539261 	0.0448993 	-1.35958 	-0.0618563 	
1.685	0.325996 	-0.172878 	0.539273 	0.0448993 	-1.35958 	-0.0618563 	
1.69	0.326071 	-0.172872 	0.539285 	0.0448993 	-1.35958 	-0.0618563 	
1.695	0.326069 	-0.172876 	0.539281 	0.0429698 	-1.35822 	-0.0591981 	
1.7	0.326143 	-0.17287 	0.539293 	0.0429698 	-1.35822 	-0.0591981 	
1.705	0.326217 	-0.172865 	0.539305 	0.0429698 	-1.35822 	-0.0591981 	
1.71	0.32629 	-0.17286 	0.539317 	0.0429698 	-1.35822 	-0.0591981 	
1.715	0.326288 	-0.172863 	0.539313 	0.0410691 	-1.35689 	-0.0565795 	
1.72	0.326361 	-0.172858 	0.539325 	0.0410691 	-1.35689 	-0.0565795 	
1.725	0.326433 	-0.172853 	0.539336 	0.0410691 	-1.35689 	-0.0565795 	
1.73	0.326506 	-0.172847 	0.539348 	0.0410691 	-1.35689 	-0.0565795 	
1.735	0.326503 	-0.172851 	0.539344 	0.0391986 	-1.35558 	-0.0540027 	
1.74	0.326575 	-0.172846 	0.539356 	0.0391986 	-1.35558 	-0.0540027 	
1.745	0.326646 	-0.172841 	0.539367 	0.0391986 	-1.35558 	-0.0540027 	
1.75	0.326718 	-0.172835 	0.539379 	0.0391986 	-1.35558 	-0.0540027 	
1.755	0.326715 	-0.172839 	0.539375 	0.0373598 	-1.35429 	-0.0514694 	
1.76	0.326786 	-0.172834 	0.539387 	0.0373598 	-1.35429 	-0.0514694 	
1.765	0.326856 	-0.172829 	0.539398 	0.0373598 	-1.35429 	-0.0514694 	
1.77	0.326926 	-0.172823 	0.539409 	0.0373598 	-1.35429 	-0.0514694 	
1.775	0.326923 	-0.172828 	0.539406 	0.0355536 	-1.35302 	-0.0489811 	
1.78	0.326992 	-0.172822 	0.539417 	0.0355536 	-1.35302 	-0.0489811 	
1.785	0.327061 	-0.172817 	0.539428 	0.0355536 	-1.35302 	-0.0489811 	
1.79	0.32713 	-0.172812 	0.539439 	0.0355536 	-1.35302 	-0.0489811 	
1.795	0.327127 	-0.172816 	0.539435 	0.0337813 	-1.35178 	-0.0465394 	
1.8	0.327195 	-0.172811 	0.539446 	0.0337813 	-1.35178 	-0.0465394 	
1.805	0.327263 	-0.172806 	0.539457 	0.0337813 	-1.35178 	-0.0465394 	
1.81	0.32733 	-0.1728 	0.539468 	0.0337813 	-1.35178 	-0.0465394 	
1.815	0.327328 	-0.172805 	0.539464 	0.032044 	-1.35056 	-0.0441459 	
1.82	0.327394 	-0.1728 	0.539475 	0.032044 	-1.35056 	-0.0441459 	
1.825	0.32746 	-0.172794 	0.539486 	0.032044 	-1.35056 	-0.0441459 	
1.83	0.327526 	-0.172789 	0.539496 	0.032044 	-1.35056 	-0.0441459 	
1.835	0.327524 	-0.172794 	0.539493 	0.0303427 	-1.34937 	-0.0418021 	
1.84	0.327588 	-0.172789 	0.539504 	0.0303427 	-1.34937 	-0.0418021 	
1.845	0.327653 	-0.172784 	0.539514 	0.0303427 	-1.34937 	-0.0418021 	
1.85	0.327717 	-0.172778 	0.539524 	0.0303427 	-1.34937 	-0.0418021 	
1.855	0.327715 	-0.172783 	0.539521 	0.0286785 	-1.3482 	-0.0395095 	
1.86	0.327779 	-0.172778 	0.539531 	0.0286785 	-1.3482 	-0.0395095 	
1.865	0.327842 	-0.172773 	0.539541 	0.0286785 	-1.3482 	-0.0395095 	
1.87	0.327904 	-0.172768 	0.539551 	0.0286785 	-1.3482 	-0.0395095 	
1.875	0.327902 	-0.172773 	0.539548 	0.0270525 	-1.34707 	-0.0372694 	
1.88	0.327964 	-0.172768 	0.539558 	0.0270525 	-1.34707 	-0.0372694 	
1.885	0.328026 	-0.172762 	0.539568 	0.0270525 	-1.34707 	-0.0372694 	
1.89	0.328087 	-0.172757 	0.539578 	0.0270525 	-1.34707 	-0.0372694 	
1.895	0.328085 	-0.172763 	0.539575 	0.0254657 	-1.34595 	-0.0350833 	
1.9	0.328145 	-0.172757 	0.539585 	0.0254657 	-1.34595 	-0.0350833 	
1.905	0.328205 	-0.172752 	0.539594 	0.0254657 	-1.34595 	-0.0350833 	
1.91	0.328265 	-0.172747 	0.539604 	0.0254657 	-1.34595 	-0.0350833 	
1.915	0.328263 	-0.172753 	0.539601 	0.0239191 	-1.34487 	-0.0329526 	
1.92	0.328322 	-0.172748 	0.53961 	0.0239191 	-1.34487 	-0.0329526 	
1.925	0.32838 	-0.172743 	0.53962 	0.0239191 	-1.34487 	-0.0329526 	
1.93	0.328438 	-0.172738 	0.539629 	0.0239191 	-1.34487 	-0.0329526 	
1.935	0.328496 	-0.172733 	0.539638 	0.0239191 	-1.34487 	-0.0329526 	
1.94	0.32848 	-0.17274 	0.539633 	0.0220828 	-1.34358 	-0.0304227 	
1.945	0.328537 	-0.172735 	0.539642 	0.0220828 	-1.34358 	-0.0304227 	
1.95	0.328593 	-0.17273 	0.539651 	0.0220828 	-1.34358 	-0.0304227 	
1.955	0.328649 	-0.172726 	0.53966 	0.0220828 	-1.34358 	-0.0304227 	
1.96	0.328705 	-0.172721 	0.539668 	0.0220828 	-1.34358 	-0.0304227 	
1.965	0.328688 	-0.172729 	0.539663 	0.0202764 	-1.34231 	-0.027934 	
1.97	0.328743 	-0.172724 	0.539672 	0.0202764 	-1.34231 	-0.027934 	
1.975	0.328797 	-0.172719 	0.53968 	0.0202764 	-1.34231 	-0.027934 	
1.98	0.328851 	-0.172714 	0.539689 	0.0202764 	-1.34231 	-0.027934 	
1.985	0.328905 	-0.172709 	0.539697 	0.0202764 	-1.34231 	-0.027934 	
1.99	0.328889 	-0.172717 	0.539692 	0.0185341 	-1.34109 	-0.0255338 	
1.995	0.328941 	-0.172713 	0.539701 	0.0185341 	-1.34109 	-0.0255338 	
2	0.328993 	-0.172708 	0.539709 	0.0185341 	-1.34109 	-0.0255338 	
2.005	0.329045 	-0.172703 	0.539717 	0.0185341 	-1.34109 	-0.0255338 	
2.01	0.329096 	-0.172699 	0.539725 	0.0185341 	-1.34109 	-0.0255338 	
2.015	0.329081 	-0.172707 	0.53972 	0.0168611 	-1.33992 	-0.0232289 	
2.02	0.329131 	-0.172702 	0.539728 	0.0168611 	-1.33992 	-0.0232289 	
2.025	0.329181 	-0.172697 	0.539736 	0.0168611 	-1.33992 	-0.0232289 	
2.03	0.32923 	-0.172693 	0.539744 	0.0168611 	-1.33992 	-0.0232289 	
2.035	0.329279 	-0.172689 	0.539752 	0.0168611 	-1.33992 	-0.0232289 	
2.04	0.329264 	-0.172696 	0.539747 	0.0152593 	-1.3388 	-0.0210222 	
2.045	0.329313 	-0.172692 	0.539755 	0.0152593 	-1.3388 	-0.0210222 	
2.05	0.32936 	-0.172688 	0.539762 	0.0152593 	-1.3388 	-0.0210222 	
2.055	0.329407 	-0.172683 	0.53977 	0.0152593 	-1.3388 	-0.0210222 	
2.06	0.329454 	-0.172679 	0.539777 	0.0152593 	-1.3388 	-0.0210222 	
2.065	0.32944 	-0.172686 	0.539773 	0.0137303 	-1.33772 	-0.0189158 	
2.07	0.329486 	-0.172682 	0.53978 	0.0137303 	-1.33772 	-0.0189158 	
2.075	0.329531 	-0.172678 	0.539787 	0.0137303 	-1.33772 	-0.0189158 	
2.08	0.329576 	-0.172674 	0.539794 	0.0137303 	-1.33772 	-0.0189158 	
2.085	0.32962 	-0.17267 	0.539801 	0.0137303 	-1.33772 	-0.0189158 	
2.09	0.329664 	-0.172666 	0.539808 	0.0137303 	-1.33772 	-0.0189158 	
2.095	0.32964 	-0.172675 	0.539802 	0.0120242 	-1.33653 	-0.0165652 	
2.1	0.329683 	-0.172671 	0.539809 	0.0120242 	-1.33653 	-0.0165652 	
2.105	0.329726 	-0.172667 	0.539815 	0.0120242 	-1.33653 	-0.0165652 	
2.11	0.329768 	-0.172663 	0.539822 	0.0120242 	-1.33653 	-0.0165652 	
2.115	0.329809 	-0.172659 	0.539828 	0.0120242 	-1.33653 	-0.0165652 	
2.12	0.32985 	-0.172655 	0.539835 	0.0120242 	-1.33653 	-0.0165652 	
2.125	0.329827 	-0.172665 	0.539829 	0.0103984 	-1.33539 	-0.0143255 	
2.13	0.329867 	-0.172661 	0.539835 	0.0103984 	-1.33539 	-0.0143255 	
2.135	0.329906 	-0.172657 	0.539842 	0.0103984 	-1.33539 	-0.0143255 	
2.14	0.329945 	-0.172653 	0.539848 	0.0103984 	-1.33539 	-0.0143255 	
2.145	0.329984 	-0.17265 	0.539854 	0.0103984 	-1.33539 	-0.0143255 	
2.15	0.330022 	-0.172646 	0.53986 	0.0103984 	-1.33539 	-0.0143255 	
2.155	0.33 	-0.172655 	0.539854 	0.00888146 	-1.33433 	-0.0122356 	
2.16	0.330037 	-0.172651 	0.53986 	0.00888146 	-1.33433 	-0.0122356 	
2.165	0.330074 	-0.172648 	0.539866 	0.00888146 	-1.33433 	-0.0122356 	
2.17	0.33011 	-0.172644 	0.539872 	0.00888146 	-1.33433 	-0.0122356 	
2.175	0.330146 	-0.172641 	0.539877 	0.00888146 	-1.33433 	-0.0122356 	
2.18	0.330181 	-0.172638 	0.539883 	0.00888146 	-1.33433 	-0.0122356 	
2.185	0.330215 	-0.172634 	0.539888 	0.00888146 	-1.33433 	-0.0122356 	
2.19	0.330186 	-0.172644 	0.539882 	0.00728014 	-1.3332 	-0.0100295 	
2.195	0.33022 	-0.172641 	0.539887 	0.00728014 	-1.3332 	-0.0100295 	
2.2	0.330253 	-0.172638 	0.539892 	0.00728014 	-1.3332 	-0.0100295 	
2.205	0.330286 	-0.172635 	0.539897 	0.00728014 	-1.3332 	-0.0100295 	
2.21	0.330318 	-0.172632 	0.539902 	0.00728014 	-1.3332 	-0.0100295 	
2.215	0.33035 	-0.172629 	0.539907 	0.00728014 	-1.3332 	-0.0100295 	
2.22	0.330381 	-0.172626 	0.539912 	0.00728014 	-1.3332 	-0.0100295 	
2.225	0.330412 	-0.172623 	0.539917 	0.00728014 	-1.3332 	-0.0100295 	
2.23	0.330377 	-0.172634 	0.539909 	0.00563794 	-1.33205 	-0.00776706 	
2.235	0.330407 	-0.172631 	0.539914 	0.00563794 	-1.33205 	-0.00776706 	
2.24	0.330436 	-0.172628 	0.539919 	0.00563794 	-1.33205 	-0.00776706 	
2.245	0.330464 	-0.172625 	0.539923 	0.00563794 	-1.33205 	-0.00776706 	
2.25	0.330492 	-0.172622 	0.539927 	0.00563794 	-1.33205 	-0.00776706 	
2.255	0.33052 	-0.17262 	0.539932 	0.00563794 	-1.33205 	-0.00776706 	
2.26	0.330547 	-0.172617 	0.539936 	0.00563794 	-1.33205 	-0.00776706 	
2.265	0.330573 	-0.172614 	0.53994 	0.00563794 	-1.33205 	-0.00776706 	
2.27	0.330599 	-0.172612 	0.539944 	0.00563794 	-1.33205 	-0.00776706 	
2.275	0.330562 	-0.172623 	0.539936 	0.00403345 	-1.33093 	-0.0055566 	
2.28	0.330587 	-0.172621 	0.53994 	0.00403345 	-1.33093 	-0.0055566 	
2.285	0.330611 	-0.172618 	0.539944 	0.00403345 	-1.33093 	-0.0055566 	
2.29	0.330635 	-0.172616 	0.539948 	0.00403345 	-1.33093 	-0.00555659 	
2.295	0.330658 	-0.172614 	0.539951 	0.00403345 	-1.33093 	-0.00555659 	
2.3	0.330681 	-0.172611 	0.539955 	0.00403345 	-1.33093 	-0.00555659 	
2.305	0.330704 	-0.172609 	0.539958 	0.00403345 	-1.33093 	-0.00555659 	
2.31	0.330725 	-0.172607 	0.539962 	0.00403345 	-1.33093 	-0.00555659 	
2.315	0.330747 	-0.172605 	0.539965 	0.00403345 	-1.33093 	-0.00555659 	
2.32	0.330767 	-0.172603 	0.539968 	0.00403345 	-1.33093 	-0.00555659 	
2.325	0.330788 	-0.172601 	0.539972 	0.00403345 	-1.33093 	-0.00555659 	
2.33	0.330745 	-0.172613 	0.539963 	0.0024459 	-1.32981 	-0.00336947 	
2.335	0.330764 	-0.172611 	0.539966 	0.0024459 	-1.32981 	-0.00336947 	
2.34	0.330783 	-0.172609 	0.539969 	0.0024459 	-1.32981 	-0.00336947 	
2.345	0.330801 	-0.172607 	0.539972 	0.0024459 	-1.32981 	-0.00336947 	
2.35	0.330818 	-0.172606 	0.539974 	0.0024459 	-1.32981 	-0.00336947 	
2.355	0.330835 	-0.172604 	0.539977 	0.0024459 	-1.32981 	-0.00336947 	
2.36	0.330852 	-0.172602 	0.53998 	0.0024459 	-1.32981 	-0.00336947 	
2.365	0.330868 	-0.172601 	0.539982 	0.0024459 	-1.32981 	-0.00336947 	
2.37	0.330883 	-0.172599 	0.539985 	0.0024459 	-1.32981 	-0.00336947 	
2.375	0.330898 	-0.172598 	0.539987 	0.0024459 	-1.32981 	-0.00336947 	
2.38	0.330912 	-0.172596 	0.539989 	0.0024459 	-1.32981 	-0.00336947 	
2.385	0.330926 	-0.172595 	0.539991 	0.0024459 	-1.32981 	-0.00336947 	
2.39	0.33094 	-0.172593 	0.539993 	0.0024459 	-1.32981 	-0.00336947 	
2.395	0.330952 	-0.172592 	0.539995 	0.0024459 	-1.32981 	-0.00336947 	
2.4	0.330965 	-0.172591 	0.539997 	0.0024459 	-1.32981 	-0.00336947 	
2.405	0.330976 	-0.17259 	0.539999 	0.0024459 	-1.32981 	-0.00336947 	
2.41	0.330926 	-0.172603 	0.539989 	0.000878258 	-1.32871 	-0.00120978 	
2.415	0.330936 	-0.172602 	0.539991 	0.000878258 	-1.32871 	-0.00120978 	
2.42	0.330946 	-0.172601 	0.539993 	0.000878258 	-1.32871 	-0.00120978 	
2.425	0.330955 	-0.1726 	0.539994 	0.000878258 	-1.32871 	-0.00120978 	
2.43	0.330965 	-0.172599 	0.539995 	0.000878258 	-1.32871 	-0.00120978 	
2.435	0.330972 	-0.172598 	0.539997 	0.000878258 	-1.32871 	-0.00120978 	
2.44	0.33098 	-0.172597 	0.539998 	0.000878258 	-1.32871 	-0.00120978 	
2.445	0.330988 	-0.172597 	0.539999 	0.000878258 	-1.32871 	-0.00120978 	
2.45	0.330995 	-0.172596 	0.54 	0.000878258 	-1.32871 	-0.00120978 	
2.455	0.331001 	-0.172595 	0.540001 	0.000878258 	-1.32871 	-0.00120978 	
2.46	0.331007 	-0.172595 	0.540002 	0.000878258 	-1.32871 	-0.00120978 	
2.465	0.331012 	-0.172594 	0.540003 	0.000878258 	-1.32871 	-0.00120978 	
2.47	0.331017 	-0.172594 	0.540004 	0.000878258 	-1.32871 	-0.00120978 	
2.475	0.331021 	-0.172593 	0.540004 	0.000878258 	-1.32871 	-0.00120978 	
2.48	0.331024 	-0.172593 	0.540005 	0.000878258 	-1.32871 	-0.00120978 	
2.485	0.331027 	-0.172593 	0.540005 	0.000878258 	-1.32871 	-0.00120978 	
2.49	0.33103 	-0.172592 	0.540006 	0.000878258 	-1.32871 	-0.00120978 	
2.495	0.331032 	-0.172592 	0.540006 	0.000878258 	-1.32871 	-0.00120978 	
2.5	0.331033 	-0.172592 	0.540006 	0.000878258 	-1.32871 	-0.00120978 	
2.505	0.331033 	-0.172592 	0.540006 	0.000878258 	-1.32871 	-0.00120978 	
2.51	0.331034 	-0.172592 	0.540006 	0.000878258 	-1.32871 	-0.00120978 	
2.515	0.331037 	-0.17259 	0.540006 	0.000878258 	-1.32871 	-0.00120978 	
2.52	0.331037 	-0.17259 	0.540006 	0.000878258 	-1.32871 	-0.00120978 	
2.525	0.331038 	-0.17259 	0.540004 	0.000878258 	-1.32871 	-0.00120978 	
2.53	0.331039 	-0.17259 	0.540003 	0.000878258 	-1.32871 	-0.00120978 	
2.535	0.33104 	-0.172591 	0.540001 	0.000878258 	-1.32871 	-0.00120978 	
2.54	0.331041 	-0.172591 	0.539998 	0.000878258 	-1.32871 	-0.00120978 	
2.545	0.331043 	-0.172592 	0.539996 	0.000878258 	-1.32871 	-0.00120978 	
2.55	0.331045 	-0.172593 	0.539992 	0.000878259 	-1.32871 	-0.00120978 	
2.555	0.331047 	-0.172594 	0.539988 	0.000878259 	-1.32871 	-0.00120978 	
2.56	0.331049 	-0.172595 	0.539984 	0.000878259 	-1.32871 	-0.00120978 	
2.565	0.331052 	-0.172596 	0.53998 	0.000878259 	-1.32871 	-0.00120978 	
2.57	0.331055 	-0.172598 	0.539974 	0.00087826 	-1.32871 	-0.00120978 	
2.575	0.331058 	-0.172599 	0.539969 	0.00087826 	-1.32871 	-0.00120978 	
2.58	0.331061 	-0.172601 	0.539963 	0.000878261 	-1.32871 	-0.00120978 	
2.585	0.331065 	-0.172602 	0.539956 	0.000878262 	-1.32871 	-0.00120978 	
2.59	0.331069 	-0.172604 	0.539949 	0.000878262 	-1.32871 	-0.00120978 	
2.595	0.331073 	-0.172606 	0.539942 	0.000878263 	-1.32871 	-0.00120978 	
2.6	0.331077 	-0.172608 	0.539933 	0.000878264 	-1.32871 	-0.00120978 	
2.605	0.331082 	-0.17261 	0.539926 	0.000878265 	-1.32871 	-0.00120978 	
2.61	0.331087 	-0.172613 	0.539916 	0.000878267 	-1.32871 	-0.00120978 	
2.615	0.331092 	-0.172615 	0.539907 	0.000878268 	-1.32871 	-0.00120979 	
2.62	0.331097 	-0.172618 	0.539898 	0.000878269 	-1.32871 	-0.00120979 	
2.625	0.331103 	-0.172621 	0.539887 	0.000878271 	-1.32871 	-0.00120979 	
2.63	0.331109 	-0.172623 	0.539877 	0.000878272 	-1.32871 	-0.00120979 	
2.635	0.331115 	-0.172626 	0.539866 	0.000878274 	-1.32871 	-0.00120979 	
2.64	0.331122 	-0.172629 	0.539854 	0.000878276 	-1.32871 	-0.00120979 	
2.645	0.331129 	-0.172632 	0.539843 	0.000878278 	-1.32871 	-0.0012098 	
2.65	0.331135 	-0.172635 	0.53983 	0.00087828 	-1.32871 	-0.0012098 	
2.655	0.331143 	-0.172638 	0.539818 	0.000878282 	-1.32871 	-0.0012098 	
2.66	0.33115 	-0.172642 	0.539804 	0.000878284 	-1.32871 	-0.0012098 	
2.665	0.331157 	-0.172645 	0.539791 	0.000878287 	-1.32871 	-0.00120981 	
2.67	0.331165 	-0.172649 	0.539777 	0.00087829 	-1.32871 	-0.00120981 	
2.675	0.331173 	-0.172653 	0.539762 	0.000878293 	-1.32871 	-0.00120981 	
2.68	0.331182 	-0.172657 	0.539747 	0.000878296 	-1.32871 	-0.00120981 	
2.685	0.33119 	-0.172661 	0.539732 	0.000878299 	-1.32871 	-0.00120982 	
2.69	0.331199 	-0.172665 	0.539716 	0.000878302 	-1.32871 	-0.00120982 	
2.695	0.331208 	-0.172669 	0.5397 	0.000878306 	-1.32871 	-0.00120982 	
2.7	0.331217 	-0.172674 	0.539683 	0.00087831 	-1.32871 	-0.00120983 	
2.705	0.331227 	-0.172678 	0.539666 	0.000878314 	-1.32871 	-0.00120983 	
2.71	0.331237 	-0.172683 	0.539649 	0.000878318 	-1.32871 	-0.00120984 	
2.715	0.331247 	-0.172687 	0.539631 	0.000878323 	-1.32871 	-0.00120984 	
2.72	0.331257 	-0.172692 	0.539612 	0.000878327 	-1.32871 	-0.00120985 	
2.725	0.331267 	-0.172697 	0.539593 	0.000878332 	-1.32871 	-0.00120985 	
2.73	0.331278 	-0.172702 	0.539574 	0.000878338 	-1.32871 	-0.00120986 	
2.735	0.331289 	-0.172707 	0.539555 	0.000878343 	-1.32871 	-0.00120986 	
2.74	0.3313 	-0.172713 	0.539534 	0.000878348 	-1.32871 	-0.00120987 	
2.745	0.331311 	-0.172718 	0.539514 	0.000878354 	-1.32871 	-0.00120987 	
2.75	0.331323 	-0.172723 	0.539493 	0.00087836 	-1.32871 	-0.00120988 	
2.755	0.331335 	-0.172729 	0.539472 	0.000878367 	-1.32871 	-0.00120989 	
2.76	0.331347 	-0.172735 	0.53945 	0.000878373 	-1.32871 	-0.00120989 	
2.765	0.331427 	-0.172748 	0.539439 	8.75471e-05 	-1.32996 	-0.000120494 	
2.77	0.33144 	-0.172754 	0.539417 	8.75543e-05 	-1.32996 	-0.000120501 	
2.775	0.331453 	-0.17276 	0.539394 	8.75616e-05 	-1.32996 	-0.000120509 	
2.78	0.331466 	-0.172766 	0.53937 	8.75693e-05 	-1.32996 	-0.000120517 	
2.785	0.331479 	-0.172772 	0.539346 	8.75772e-05 	-1.32996 	-0.000120525 	
2.79	0.331492 	-0.172779 	0.539322 	8.75854e-05 	-1.32996 	-0.000120533 	
2.795	0.331506 	-0.172785 	0.539298 	8.75938e-05 	-1.32996 	-0.000120542 	
2.8	0.33152 	-0.172792 	0.539272 	8.76026e-05 	-1.32996 	-0.000120551 	
2.805	0.331534 	-0.172798 	0.539247 	8.76116e-05 	-1.32996 	-0.00012056 	
2.81	0.331549 	-0.172805 	0.539221 	8.76209e-05 	-1.32996 	-0.00012057 	
2.815	0.331563 	-0.172812 	0.539195 	8.76305e-05 	-1.32996 	-0.000120579 	
2.82	0.331578 	-0.172819 	0.539168 	8.76404e-05 	-1.32996 	-0.00012059 	
2.825	0.331593 	-0.172826 	0.539141 	8.76505e-05 	-1.32996 	-0.0001206 	
2.83	0.331608 	-0.172833 	0.539114 	8.7661e-05 	-1.32996 	-0.000120611 	
2.835	0.331624 	-0.172841 	0.539086 	8.76718e-05 	-1.32996 	-0.000120622 	
2.84	0.331711 	-0.172849 	0.53907 	9.434e-06 	-1.33127 	-1.28407e-05 	
2.845	0.331727 	-0.172856 	0.539042 	9.44545e-06 	-1.33127 	-1.28524e-05 	
2.85	0.331743 	-0.172864 	0.539013 	9.4572e-06 	-1.33127 	-1.28644e-05 	
2.855	0.33176 	-0.172872 	0.538983 	9.46927e-06 	-1.33127 	-1.28768e-05 	
2.86	0.331776 	-0.172879 	0.538953 	9.48166e-06 	-1.33127 	-1.28894e-05 	
2.865	0.331793 	-0.172887 	0.538923 	9.49436e-06 	-1.33127 	-1.29024e-05 	
2.87	0.33181 	-0.172895 	0.538893 	9.50738e-06 	-1.33127 	-1.29158e-05 	
2.875	0.331827 	-0.172903 	0.538862 	9.52073e-06 	-1.33127 	-1.29294e-05 	
2.88	0.331845 	-0.172912 	0.53883 	9.5344e-06 	-1.33127 	-1.29434e-05 	
2.885	0.331862 	-0.17292 	0.538798 	9.5484e-06 	-1.33127 	-1.29577e-05 	
2.89	0.33188 	-0.172928 	0.538766 	9.56273e-06 	-1.33127 	-1.29724e-05 	
2.895	0.331898 	-0.172937 	0.538734 	9.57739e-06 	-1.33127 	-1.29874e-05 	
2.9	0.331987 	-0.172946 	0.538714 	1.68728e-06 	-1.33255 	-2.16666e-06 	
2.905	0.332005 	-0.172955 	0.53868 	1.70257e-06 	-1.33255 	-2.18229e-06 	
2.91	0.332024 	-0.172963 	0.538647 	1.7183e-06 	-1.33255 	-2.19838e-06 	
2.915	0.332043 	-0.172972 	0.538613 	1.73437e-06 	-1.33255 	-2.21482e-06 	
2.92	0.332062 	-0.172981 	0.538579 	1.75078e-06 	-1.33255 	-2.23161e-06 	
2.925	0.332081 	-0.17299 	0.538544 	1.76753e-06 	-1.33255 	-2.24875e-06 	
2.93	0.3321 	-0.173 	0.538509 	1.78462e-06 	-1.33255 	-2.26624e-06 	
2.935	0.33212 	-0.173009 	0.538473 	1.80207e-06 	-1.33255 	-2.28409e-06 	
2.94	0.33214 	-0.173018 	0.538438 	1.81985e-06 	-1.33255 	-2.30229e-06 	
2.945	0.33216 	-0.173028 	0.538402 	1.83799e-06 	-1.33255 	-2.32084e-06 	
2.95	0.33218 	-0.173037 	0.538365 	1.85647e-06 	-1.33255 	-2.33975e-06 	
2.955	0.332273 	-0.173047 	0.538341 	9.83287e-07 	-1.33387 	-1.18482e-06 	
2.96	0.332294 	-0.173057 	0.538304 	1.00255e-06 	-1.33387 	-1.20454e-06 	
2.965	0.332315 	-0.173066 	0.538267 	1.02217e-06 	-1.33387 	-1.22461e-06 	
2.97	0.332336 	-0.173076 	0.538229 	1.04213e-06 	-1.33387 	-1.24503e-06 	
2.975	0.332357 	-0.173086 	0.538191 	1.06245e-06 	-1.33387 	-1.26582e-06 	
2.98	0.332378 	-0.173096 	0.538152 	1.08313e-06 	-1.33387 	-1.28697e-06 	
2.985	0.3324 	-0.173107 	0.538114 	1.10415e-06 	-1.33387 	-1.30849e-06 	
2.99	0.332422 	-0.173117 	0.538074 	1.12553e-06 	-1.33387 	-1.33036e-06 	
2.995	0.332444 	-0.173127 	0.538035 	1.14727e-06 	-1.33387 	-1.3526e-06 	
3	0.332466 	-0.173138 	0.537995 	1.16936e-06 	-1.33387 	-1.3752e-06 	
3.005	0.332561 	-0.173148 	0.537968 	9.3154e-07 	-1.3352 	-1.10914e-06 	
3.01	0.332584 	-0.173159 	0.537928 	9.54439e-07 	-1.3352 	-1.13257e-06 	
3.015	0.332606 	-0.173169 	0.537887 	9.77689e-07 	-1.3352 	-1.15635e-06 	
3.02	0.332629 	-0.17318 	0.537846 	1.00129e-06 	-1.3352 	-1.1805e-06 	
3.025	0.332652 	-0.173191 	0.537804 	1.02525e-06 	-1.3352 	-1.20502e-06 	
3.03	0.332675 	-0.173202 	0.537763 	1.04956e-06 	-1.3352 	-1.22989e-06 	
3.035	0.332699 	-0.173213 	0.537721 	1.07423e-06 	-1.3352 	-1.25513e-06 	
3.04	0.332722 	-0.173224 	0.537678 	1.09925e-06 	-1.3352 	-1.28072e-06 	
3.045	0.332746 	-0.173235 	0.537636 	1.12462e-06 	-1.3352 	-1.30668e-06 	
3.05	0.332841 	-0.173247 	0.537606 	8.93899e-07 	-1.3365 	-1.06315e-06 	
3.055	0.332865 	-0.173258 	0.537563 	9.20085e-07 	-1.3365 	-1.08994e-06 	
3.06	0.332889 	-0.173269 	0.537519 	9.46617e-07 	-1.3365 	-1.11708e-06 	
3.065	0.332914 	-0.173281 	0.537475 	9.73497e-07 	-1.3365 	-1.14459e-06 	
3.07	0.332938 	-0.173292 	0.537431 	1.00073e-06 	-1.3365 	-1.17244e-06 	
3.075	0.332963 	-0.173304 	0.537387 	1.0283e-06 	-1.3365 	-1.20066e-06 	
3.08	0.332988 	-0.173316 	0.537342 	1.05622e-06 	-1.3365 	-1.22922e-06 	
3.085	0.333013 	-0.173327 	0.537297 	1.08449e-06 	-1.3365 	-1.25814e-06 	
3.09	0.333038 	-0.173339 	0.537252 	1.1131e-06 	-1.3365 	-1.2874e-06 	
3.095	0.333138 	-0.173351 	0.53722 	9.80385e-07 	-1.33787 	-1.16593e-06 	
3.1	0.333164 	-0.173363 	0.537174 	1.00981e-06 	-1.33787 	-1.19604e-06 	
3.105	0.333189 	-0.173375 	0.537128 	1.03957e-06 	-1.33787 	-1.22648e-06 	
3.11	0.333215 	-0.173387 	0.537082 	1.06966e-06 	-1.33787 	-1.25727e-06 	
3.115	0.333241 	-0.1734 	0.537035 	1.10009e-06 	-1.33787 	-1.28839e-06 	
3.12	0.333267 	-0.173412 	0.536988 	1.13085e-06 	-1.33787 	-1.31986e-06 	
3.125	0.333293 	-0.173424 	0.536941 	1.16194e-06 	-1.33787 	-1.35167e-06 	
3.13	0.333319 	-0.173437 	0.536894 	1.19335e-06 	-1.33787 	-1.38381e-06 	
3.135	0.333417 	-0.173449 	0.536859 	9.07959e-07 	-1.33917 	-1.07993e-06 	
3.14	0.333445 	-0.17346 	0.536811 	9.41153e-07 	-1.33917 	-1.11406e-06 	
3.145	0.333472 	-0.173473 	0.536763 	9.73689e-07 	-1.33917 	-1.14734e-06 	
3.15	0.333498 	-0.173486 	0.536715 	1.00653e-06 	-1.33917 	-1.18095e-06 	
3.155	0.333525 	-0.173498 	0.536666 	1.0397e-06 	-1.33917 	-1.21487e-06 	
3.16	0.333553 	-0.173511 	0.536617 	1.07317e-06 	-1.33917 	-1.24912e-06 	
3.165	0.33358 	-0.173524 	0.536568 	1.10696e-06 	-1.33917 	-1.28368e-06 	
3.17	0.333607 	-0.173537 	0.536519 	1.14105e-06 	-1.33917 	-1.31856e-06 	
3.175	0.333708 	-0.17355 	0.536483 	9.54715e-07 	-1.34051 	-1.1356e-06 	
3.18	0.333736 	-0.173563 	0.536433 	9.89578e-07 	-1.34051 	-1.17127e-06 	
3.185	0.333764 	-0.173576 	0.536383 	1.02474e-06 	-1.34051 	-1.20724e-06 	
3.19	0.333791 	-0.173589 	0.536333 	1.06019e-06 	-1.34051 	-1.24351e-06 	
3.195	0.333819 	-0.173602 	0.536283 	1.09594e-06 	-1.34051 	-1.28008e-06 	
3.2	0.333848 	-0.173616 	0.536232 	1.13198e-06 	-1.34051 	-1.31695e-06 	
3.205	0.333876 	-0.173629 	0.536181 	1.1683e-06 	-1.34051 	-1.35411e-06 	
3.21	0.333904 	-0.173642 	0.53613 	1.20491e-06 	-1.34051 	-1.39155e-06 	
3.215	0.334009 	-0.173656 	0.536093 	1.02214e-06 	-1.3419 	-1.21588e-06 	
3.22	0.334037 	-0.173669 	0.536041 	1.05948e-06 	-1.3419 	-1.25408e-06 	
3.225	0.334066 	-0.173683 	0.53599 	1.09709e-06 	-1.3419 	-1.29256e-06 	
3.23	0.334095 	-0.173696 	0.535938 	1.13497e-06 	-1.3419 	-1.33131e-06 	
3.235	0.334124 	-0.17371 	0.535886 	1.17312e-06 	-1.3419 	-1.37033e-06 	
3.24	0.334153 	-0.173724 	0.535833 	1.21153e-06 	-1.3419 	-1.40962e-06 	
3.245	0.334182 	-0.173737 	0.535781 	1.2502e-06 	-1.3419 	-1.44918e-06 	
3.25	0.334211 	-0.173751 	0.535728 	1.28912e-06 	-1.3419 	-1.48899e-06 	
3.255	0.334319 	-0.173765 	0.53569 	1.08771e-06 	-1.34333 	-1.29396e-06 	
3.26	0.334348 	-0.173779 	0.535637 	1.12732e-06 	-1.34333 	-1.33448e-06 	
3.265	0.334378 	-0.173793 	0.535584 	1.16717e-06 	-1.34333 	-1.37525e-06 	
3.27	0.334407 	-0.173807 	0.535531 	1.20726e-06 	-1.34333 	-1.41625e-06 	
3.275	0.334437 	-0.173821 	0.535477 	1.24758e-06 	-1.34333 	-1.4575e-06 	
3.28	0.334467 	-0.173835 	0.535424 	1.28813e-06 	-1.34333 	-1.49898e-06 	
3.285	0.334497 	-0.173849 	0.53537 	1.3289e-06 	-1.34333 	-1.54069e-06 	
3.29	0.334598 	-0.173863 	0.53533 	9.40804e-07 	-1.34463 	-1.11927e-06 	
3.295	0.334628 	-0.173877 	0.535275 	9.82203e-07 	-1.34463 	-1.16162e-06 	
3.3	0.334658 	-0.173891 	0.535221 	1.02381e-06 	-1.34463 	-1.20418e-06 	
3.305	0.334689 	-0.173906 	0.535167 	1.06562e-06 	-1.34463 	-1.24695e-06 	
3.31	0.334719 	-0.17392 	0.535112 	1.10763e-06 	-1.34463 	-1.28993e-06 	
3.315	0.334749 	-0.173934 	0.535057 	1.14985e-06 	-1.34463 	-1.3331e-06 	
3.32	0.33478 	-0.173949 	0.535003 	1.19225e-06 	-1.34463 	-1.37648e-06 	
3.325	0.334882 	-0.173963 	0.534962 	9.40213e-07 	-1.34595 	-1.1186e-06 	
3.33	0.334913 	-0.173977 	0.534906 	9.83186e-07 	-1.34595 	-1.16256e-06 	
3.335	0.334943 	-0.173992 	0.534851 	1.02633e-06 	-1.34595 	-1.2067e-06 	
3.34	0.334974 	-0.174006 	0.534796 	1.06965e-06 	-1.34595 	-1.25101e-06 	
3.345	0.335005 	-0.174021 	0.53474 	1.11314e-06 	-1.34595 	-1.29549e-06 	
3.35	0.335036 	-0.174035 	0.534685 	1.15679e-06 	-1.34595 	-1.34014e-06 	
3.355	0.335067 	-0.17405 	0.534629 	1.20059e-06 	-1.34595 	-1.38495e-06 	
3.36	0.33517 	-0.174064 	0.534587 	9.65526e-07 	-1.34728 	-1.14879e-06 	
3.365	0.335202 	-0.174079 	0.534531 	1.00984e-06 	-1.34728 	-1.19412e-06 	
3.37	0.335233 	-0.174094 	0.534475 	1.0543e-06 	-1.34728 	-1.23959e-06 	
3.375	0.335264 	-0.174108 	0.534419 	1.09889e-06 	-1.34728 	-1.28521e-06 	
3.38	0.335295 	-0.174123 	0.534363 	1.14361e-06 	-1.34728 	-1.33095e-06 	
3.385	0.335326 	-0.174138 	0.534307 	1.18846e-06 	-1.34728 	-1.37682e-06 	
3.39	0.335357 	-0.174153 	0.53425 	1.23343e-06 	-1.34728 	-1.42282e-06 	
3.395	0.335463 	-0.174167 	0.534208 	9.90069e-07 	-1.34863 	-1.17806e-06 	
3.4	0.335492 	-0.174184 	0.534152 	1.03335e-06 	-1.34863 	-1.222e-06 	
3.405	0.335523 	-0.174199 	0.534095 	1.07885e-06 	-1.34863 	-1.26853e-06 	
3.41	0.335555 	-0.174214 	0.534039 	1.12446e-06 	-1.34863 	-1.31518e-06 	
3.415	0.335586 	-0.174229 	0.533982 	1.17017e-06 	-1.34863 	-1.36193e-06 	
3.42	0.335618 	-0.174244 	0.533925 	1.21596e-06 	-1.34863 	-1.40877e-06 	
3.425	0.335649 	-0.174259 	0.533868 	1.26184e-06 	-1.34863 	-1.4557e-06 	
3.43	0.335755 	-0.174274 	0.533826 	1.00932e-06 	-1.35 	-1.20104e-06 	
3.435	0.335787 	-0.174288 	0.533769 	1.05557e-06 	-1.35 	-1.24835e-06 	
3.44	0.335819 	-0.174303 	0.533712 	1.10188e-06 	-1.35 	-1.29572e-06 	
3.445	0.33585 	-0.174318 	0.533655 	1.14826e-06 	-1.35 	-1.34315e-06 	
3.45	0.335882 	-0.174333 	0.533597 	1.19468e-06 	-1.35 	-1.39064e-06 	
3.455	0.335914 	-0.174348 	0.53354 	1.24116e-06 	-1.35 	-1.43817e-06 	
3.46	0.335945 	-0.174363 	0.533483 	1.28768e-06 	-1.35 	-1.48575e-06 	
3.465	0.336052 	-0.174378 	0.533441 	1.023e-06 	-1.35137 	-1.21739e-06 	
3.47	0.336084 	-0.174393 	0.533383 	1.06982e-06 	-1.35137 	-1.26528e-06 	
3.475	0.336116 	-0.174408 	0.533326 	1.11666e-06 	-1.35137 	-1.31319e-06 	
3.48	0.336148 	-0.174423 	0.533269 	1.16352e-06 	-1.35137 	-1.36112e-06 	
3.485	0.33618 	-0.174438 	0.533211 	1.21039e-06 	-1.35137 	-1.40906e-06 	
3.49	0.336211 	-0.174453 	0.533154 	1.25727e-06 	-1.35137 	-1.457e-06 	
3.495	0.336243 	-0.174468 	0.533097 	1.30416e-06 	-1.35137 	-1.50495e-06 	
3.5	0.336351 	-0.174483 	0.533054 	1.03037e-06 	-1.35275 	-1.22622e-06 	
3.505	0.336382 	-0.174498 	0.532997 	1.07748e-06 	-1.35275 	-1.27441e-06 	
3.51	0.336414 	-0.174513 	0.532939 	1.12457e-06 	-1.35275 	-1.32257e-06 	
3.515	0.336446 	-0.174528 	0.532882 	1.17163e-06 	-1.35275 	-1.3707e-06 	
3.52	0.336478 	-0.174543 	0.532825 	1.21867e-06 	-1.35275 	-1.41881e-06 	
3.525	0.33651 	-0.174558 	0.532767 	1.26567e-06 	-1.35275 	-1.46688e-06 	
3.53	0.336542 	-0.174573 	0.53271 	1.31264e-06 	-1.35275 	-1.51492e-06 	
3.535	0.336649 	-0.174588 	0.532667 	1.03149e-06 	-1.35413 	-1.22762e-06 	
3.54	0.336681 	-0.174603 	0.53261 	1.07861e-06 	-1.35413 	-1.27581e-06 	
3.545	0.336712 	-0.174618 	0.532553 	1.12566e-06 	-1.35413 	-1.32393e-06 	
3.55	0.336744 	-0.174633 	0.532496 	1.17264e-06 	-1.35413 	-1.37198e-06 	
3.555	0.336776 	-0.174648 	0.532438 	1.21956e-06 	-1.35413 	-1.41997e-06 	
3.56	0.336808 	-0.174663 	0.532381 	1.26641e-06 	-1.35413 	-1.46788e-06 	
3.565	0.336839 	-0.174678 	0.532324 	1.31318e-06 	-1.35413 	-1.5157e-06 	
3.57	0.336946 	-0.174693 	0.532282 	1.02638e-06 	-1.35551 	-1.22159e-06 	
3.575	0.336978 	-0.174708 	0.532225 	1.07321e-06 	-1.35551 	-1.26949e-06 	
3.58	0.33701 	-0.174722 	0.532168 	1.11994e-06 	-1.35551 	-1.31728e-06 	
3.585	0.337041 	-0.174737 	0.532111 	1.16657e-06 	-1.35551 	-1.36496e-06 	
3.59	0.337073 	-0.174752 	0.532054 	1.21309e-06 	-1.35551 	-1.41254e-06 	
3.595	0.337104 	-0.174767 	0.531997 	1.25949e-06 	-1.35551 	-1.45999e-06 	
3.6	0.337136 	-0.174782 	0.53194 	1.30578e-06 	-1.35551 	-1.50733e-06 	
3.605	0.337242 	-0.174797 	0.531898 	1.0151e-06 	-1.35688 	-1.20822e-06 	
3.61	0.337274 	-0.174811 	0.531842 	1.06137e-06 	-1.35688 	-1.25554e-06 	
3.615	0.337305 	-0.174826 	0.531785 	1.1075e-06 	-1.35688 	-1.30271e-06 	
3.62	0.337336 	-0.174841 	0.531728 	1.15349e-06 	-1.35688 	-1.34974e-06 	
3.625	0.337368 	-0.174856 	0.531672 	1.19933e-06 	-1.35688 	-1.39662e-06 	
3.63	0.337399 	-0.17487 	0.531616 	1.24501e-06 	-1.35688 	-1.44333e-06 	
3.635	0.33743 	-0.174885 	0.531559 	1.29054e-06 	-1.35688 	-1.48989e-06 	
3.64	0.337535 	-0.1749 	0.531518 	9.97801e-07 	-1.35824 	-1.18767e-06 	
3.645	0.337567 	-0.174915 	0.531462 	1.04323e-06 	-1.35824 	-1.23413e-06 	
3.65	0.337598 	-0.174929 	0.531406 	1.08848e-06 	-1.35824 	-1.2804e-06 	
3.655	0.337629 	-0.174944 	0.53135 	1.13355e-06 	-1.35824 	-1.32649e-06 	
3.66	0.33766 	-0.174958 	0.531294 	1.17844e-06 	-1.35824 	-1.37239e-06 	
3.665	0.33769 	-0.174973 	0.531239 	1.22313e-06 	-1.35824 	-1.4181e-06 	
3.67	0.337721 	-0.174987 	0.531183 	1.26763e-06 	-1.35824 	-1.4636e-06 	
3.675	0.337825 	-0.175002 	0.531143 	9.74688e-07 	-1.35958 	-1.1602e-06 	
3.68	0.337856 	-0.175016 	0.531087 	1.01901e-06 	-1.35958 	-1.20552e-06 	
3.685	0.337887 	-0.175031 	0.531032 	1.06312e-06 	-1.35958 	-1.25063e-06 	
3.69	0.337917 	-0.175045 	0.530977 	1.10701e-06 	-1.35958 	-1.29551e-06 	
3.695	0.337948 	-0.175059 	0.530922 	1.15068e-06 	-1.35958 	-1.34016e-06 	
3.7	0.337978 	-0.175074 	0.530867 	1.19413e-06 	-1.35958 	-1.38459e-06 	
3.705	0.338008 	-0.175088 	0.530812 	1.23734e-06 	-1.35958 	-1.42878e-06 	
3.71	0.338111 	-0.175102 	0.530773 	9.46047e-07 	-1.3609 	-1.12614e-06 	
3.715	0.338141 	-0.175116 	0.530718 	9.89009e-07 	-1.3609 	-1.17007e-06 	
3.72	0.33817 	-0.175132 	0.530664 	1.03043e-06 	-1.3609 	-1.21223e-06 	
3.725	0.338199 	-0.175146 	0.53061 	1.07288e-06 	-1.3609 	-1.25563e-06 	
3.73	0.338229 	-0.17516 	0.530556 	1.11508e-06 	-1.3609 	-1.29879e-06 	
3.735	0.338259 	-0.175174 	0.530502 	1.15703e-06 	-1.3609 	-1.34168e-06 	
3.74	0.338289 	-0.175188 	0.530448 	1.19872e-06 	-1.3609 	-1.3843e-06 	
