0	0.310397 	-0.173757 	0.536997 	0.179623 	-1.45404 	-0.247463 	
0.005	0.310397 	-0.173757 	0.536997 	0.179623 	-1.45404 	-0.247463 	
0.01	0.310397 	-0.173757 	0.536997 	0.179623 	-1.45404 	-0.247463 	
0.015	0.310398 	-0.173757 	0.536997 	0.179623 	-1.45404 	-0.247463 	
0.02	0.3104 	-0.173757 	0.536997 	0.179623 	-1.45404 	-0.247463 	
0.025	0.310401 	-0.173757 	0.536998 	0.179623 	-1.45404 	-0.247463 	
0.03	0.310404 	-0.173757 	0.536998 	0.179623 	-1.45404 	-0.247463 	
0.035	0.310407 	-0.173757 	0.536999 	0.179623 	-1.45404 	-0.247463 	
0.04	0.31041 	-0.173757 	0.536999 	0.179623 	-1.45404 	-0.247463 	
0.045	0.310414 	-0.173757 	0.537 	0.179623 	-1.45404 	-0.247463 	
0.05	0.310419 	-0.173757 	0.537001 	0.179623 	-1.45404 	-0.247463 	
0.055	0.310424 	-0.173757 	0.537002 	0.179623 	-1.45404 	-0.247463 	
0.06	0.310429 	-0.173757 	0.537003 	0.179623 	-1.45404 	-0.247463 	
0.065	0.310436 	-0.173757 	0.537004 	0.179623 	-1.45404 	-0.247463 	
0.07	0.310442 	-0.173758 	0.537005 	0.179623 	-1.45404 	-0.247463 	
0.075	0.310449 	-0.173758 	0.537006 	0.179623 	-1.45404 	-0.247463 	
0.08	0.310457 	-0.173758 	0.537008 	0.179623 	-1.45404 	-0.247463 	
0.085	0.310466 	-0.173758 	0.537009 	0.179623 	-1.45404 	-0.247463 	
0.09	0.310475 	-0.173758 	0.537011 	0.179623 	-1.45404 	-0.247463 	
0.095	0.310484 	-0.173758 	0.537013 	0.179623 	-1.45404 	-0.247463 	
0.1	0.310495 	-0.173759 	0.537015 	0.179623 	-1.45404 	-0.247463 	
0.105	0.310505 	-0.173759 	0.537017 	0.179623 	-1.45404 	-0.247463 	
0.11	0.310516 	-0.173759 	0.537019 	0.179623 	-1.45404 	-0.247463 	
0.115	0.310528 	-0.173759 	0.537021 	0.179623 	-1.45404 	-0.247463 	
0.12	0.31054 	-0.17376 	0.537023 	0.179623 	-1.45404 	-0.247463 	
0.125	0.310553 	-0.17376 	0.537026 	0.179623 	-1.45404 	-0.247463 	
0.13	0.310566 	-0.17376 	0.537028 	0.179623 	-1.45404 	-0.247463 	
0.135	0.31058 	-0.17376 	0.537031 	0.179623 	-1.45404 	-0.247463 	
0.14	0.310594 	-0.173761 	0.537033 	0.179623 	-1.45404 	-0.247463 	
0.145	0.310609 	-0.173761 	0.537036 	0.179623 	-1.45404 	-0.247463 	
0.15	0.310624 	-0.173761 	0.537039 	0.179623 	-1.45404 	-0.247463 	
0.155	0.31064 	-0.173761 	0.537042 	0.179623 	-1.45404 	-0.247463 	
0.16	0.310656 	-0.173762 	0.537045 	0.179623 	-1.45404 	-0.247463 	
0.165	0.310611 	-0.173747 	0.537029 	0.178002 	-1.4529 	-0.24523 	
0.17	0.310628 	-0.173747 	0.537032 	0.178002 	-1.4529 	-0.24523 	
0.175	0.310646 	-0.173747 	0.537036 	0.178002 	-1.4529 	-0.24523 	
0.18	0.310665 	-0.173748 	0.537039 	0.178002 	-1.4529 	-0.24523 	
0.185	0.310684 	-0.173748 	0.537043 	0.178002 	-1.4529 	-0.24523 	
0.19	0.310703 	-0.173749 	0.537046 	0.178002 	-1.4529 	-0.24523 	
0.195	0.310723 	-0.173749 	0.53705 	0.178002 	-1.4529 	-0.24523 	
0.2	0.310744 	-0.173749 	0.537054 	0.178002 	-1.4529 	-0.24523 	
0.205	0.310765 	-0.17375 	0.537058 	0.178002 	-1.4529 	-0.24523 	
0.21	0.310787 	-0.17375 	0.537062 	0.178002 	-1.4529 	-0.24523 	
0.215	0.310809 	-0.17375 	0.537066 	0.178002 	-1.4529 	-0.24523 	
0.22	0.310832 	-0.173751 	0.53707 	0.178002 	-1.4529 	-0.24523 	
0.225	0.310794 	-0.173736 	0.537056 	0.176405 	-1.45178 	-0.24303 	
0.23	0.310817 	-0.173737 	0.53706 	0.176405 	-1.45178 	-0.24303 	
0.235	0.310842 	-0.173737 	0.537065 	0.176405 	-1.45178 	-0.24303 	
0.24	0.310866 	-0.173738 	0.537069 	0.176405 	-1.45178 	-0.24303 	
0.245	0.310892 	-0.173738 	0.537074 	0.176405 	-1.45178 	-0.24303 	
0.25	0.310918 	-0.173739 	0.537079 	0.176405 	-1.45178 	-0.24303 	
0.255	0.310944 	-0.173739 	0.537083 	0.176405 	-1.45178 	-0.24303 	
0.26	0.310971 	-0.17374 	0.537088 	0.176405 	-1.45178 	-0.24303 	
0.265	0.310998 	-0.17374 	0.537093 	0.176405 	-1.45178 	-0.24303 	
0.27	0.311026 	-0.173741 	0.537099 	0.176405 	-1.45178 	-0.24303 	
0.275	0.310989 	-0.173726 	0.537084 	0.174713 	-1.45059 	-0.240698 	
0.28	0.311018 	-0.173726 	0.53709 	0.174713 	-1.45059 	-0.240698 	
0.285	0.311048 	-0.173727 	0.537095 	0.174713 	-1.45059 	-0.240698 	
0.29	0.311078 	-0.173727 	0.537101 	0.174713 	-1.45059 	-0.240698 	
0.295	0.311108 	-0.173728 	0.537106 	0.174713 	-1.45059 	-0.240698 	
0.3	0.311139 	-0.173728 	0.537112 	0.174713 	-1.45059 	-0.240698 	
0.305	0.31117 	-0.173729 	0.537118 	0.174713 	-1.45059 	-0.240698 	
0.31	0.311202 	-0.173729 	0.537124 	0.174713 	-1.45059 	-0.240698 	
0.315	0.311173 	-0.173715 	0.537111 	0.173101 	-1.44946 	-0.238478 	
0.32	0.311206 	-0.173716 	0.537117 	0.173101 	-1.44946 	-0.238478 	
0.325	0.311239 	-0.173716 	0.537123 	0.173101 	-1.44946 	-0.238478 	
0.33	0.311273 	-0.173717 	0.537129 	0.173101 	-1.44946 	-0.238478 	
0.335	0.311308 	-0.173717 	0.537136 	0.173101 	-1.44946 	-0.238478 	
0.34	0.311343 	-0.173718 	0.537142 	0.173101 	-1.44946 	-0.238478 	
0.345	0.311378 	-0.173718 	0.537149 	0.173101 	-1.44946 	-0.238478 	
0.35	0.311353 	-0.173705 	0.537137 	0.171523 	-1.44836 	-0.236304 	
0.355	0.311389 	-0.173705 	0.537144 	0.171523 	-1.44836 	-0.236304 	
0.36	0.311426 	-0.173706 	0.537151 	0.171523 	-1.44836 	-0.236304 	
0.365	0.311464 	-0.173707 	0.537158 	0.171523 	-1.44836 	-0.236304 	
0.37	0.311502 	-0.173707 	0.537165 	0.171523 	-1.44836 	-0.236304 	
0.375	0.31154 	-0.173708 	0.537172 	0.171523 	-1.44836 	-0.236304 	
0.38	0.311579 	-0.173708 	0.537179 	0.171523 	-1.44836 	-0.236304 	
0.385	0.311552 	-0.173694 	0.537166 	0.169808 	-1.44716 	-0.233941 	
0.39	0.311592 	-0.173694 	0.537174 	0.169808 	-1.44716 	-0.233941 	
0.395	0.311632 	-0.173695 	0.537181 	0.169808 	-1.44716 	-0.233941 	
0.4	0.311673 	-0.173695 	0.537188 	0.169808 	-1.44716 	-0.233941 	
0.405	0.311714 	-0.173696 	0.537196 	0.169808 	-1.44716 	-0.233941 	
0.41	0.311756 	-0.173697 	0.537204 	0.169808 	-1.44716 	-0.233941 	
0.415	0.311736 	-0.173683 	0.537193 	0.168191 	-1.44602 	-0.231713 	
0.42	0.311779 	-0.173684 	0.537201 	0.168191 	-1.44602 	-0.231713 	
0.425	0.311822 	-0.173684 	0.537209 	0.168191 	-1.44602 	-0.231713 	
0.43	0.311865 	-0.173685 	0.537217 	0.168191 	-1.44602 	-0.231713 	
0.435	0.31191 	-0.173686 	0.537225 	0.168191 	-1.44602 	-0.231713 	
0.44	0.311954 	-0.173686 	0.537233 	0.168191 	-1.44602 	-0.231713 	
0.445	0.311933 	-0.173672 	0.537222 	0.166484 	-1.44483 	-0.229361 	
0.45	0.311979 	-0.173673 	0.53723 	0.166484 	-1.44483 	-0.229361 	
0.455	0.312025 	-0.173673 	0.537239 	0.166484 	-1.44483 	-0.229361 	
0.46	0.312071 	-0.173674 	0.537247 	0.166484 	-1.44483 	-0.229361 	
0.465	0.312118 	-0.173674 	0.537256 	0.166484 	-1.44483 	-0.229361 	
0.47	0.312165 	-0.173675 	0.537264 	0.166484 	-1.44483 	-0.229361 	
0.475	0.312143 	-0.173661 	0.537252 	0.164671 	-1.44355 	-0.226864 	
0.48	0.312191 	-0.173661 	0.537261 	0.164671 	-1.44355 	-0.226864 	
0.485	0.31224 	-0.173662 	0.53727 	0.164671 	-1.44355 	-0.226864 	
0.49	0.312289 	-0.173662 	0.537279 	0.164671 	-1.44355 	-0.226864 	
0.495	0.312339 	-0.173663 	0.537288 	0.164671 	-1.44355 	-0.226864 	
0.5	0.312326 	-0.17365 	0.537279 	0.163048 	-1.44242 	-0.224627 	
0.505	0.312376 	-0.173651 	0.537288 	0.163048 	-1.44242 	-0.224627 	
0.51	0.312427 	-0.173651 	0.537297 	0.163048 	-1.44242 	-0.224627 	
0.515	0.312479 	-0.173652 	0.537307 	0.163048 	-1.44242 	-0.224627 	
0.52	0.312531 	-0.173652 	0.537316 	0.163048 	-1.44242 	-0.224627 	
0.525	0.312518 	-0.173639 	0.537307 	0.161379 	-1.44125 	-0.222329 	
0.53	0.312571 	-0.17364 	0.537317 	0.161379 	-1.44125 	-0.222329 	
0.535	0.312624 	-0.17364 	0.537326 	0.161379 	-1.44125 	-0.222329 	
0.54	0.312677 	-0.173641 	0.537336 	0.161379 	-1.44125 	-0.222329 	
0.545	0.312731 	-0.173641 	0.537346 	0.161379 	-1.44125 	-0.222329 	
0.55	0.312718 	-0.173628 	0.537336 	0.159643 	-1.44003 	-0.219937 	
0.555	0.312773 	-0.173629 	0.537346 	0.159643 	-1.44003 	-0.219937 	
0.56	0.312828 	-0.173629 	0.537356 	0.159643 	-1.44003 	-0.219937 	
0.565	0.312884 	-0.173629 	0.537366 	0.159643 	-1.44003 	-0.219937 	
0.57	0.31294 	-0.17363 	0.537377 	0.159643 	-1.44003 	-0.219937 	
0.575	0.312926 	-0.173617 	0.537367 	0.157839 	-1.43876 	-0.217451 	
0.58	0.312983 	-0.173617 	0.537377 	0.157839 	-1.43876 	-0.217451 	
0.585	0.313041 	-0.173617 	0.537387 	0.157839 	-1.43876 	-0.217451 	
0.59	0.313098 	-0.173617 	0.537398 	0.157839 	-1.43876 	-0.217451 	
0.595	0.313157 	-0.173618 	0.537408 	0.157839 	-1.43876 	-0.217451 	
0.6	0.313142 	-0.173604 	0.537398 	0.155967 	-1.43745 	-0.214873 	
0.605	0.313201 	-0.173605 	0.537409 	0.155967 	-1.43745 	-0.214873 	
0.61	0.31326 	-0.173605 	0.53742 	0.155967 	-1.43745 	-0.214873 	
0.615	0.31332 	-0.173605 	0.53743 	0.155967 	-1.43745 	-0.214873 	
0.62	0.313319 	-0.173594 	0.537424 	0.154385 	-1.43634 	-0.212693 	
0.625	0.313379 	-0.173594 	0.537435 	0.154385 	-1.43634 	-0.212693 	
0.63	0.31344 	-0.173595 	0.537446 	0.154385 	-1.43634 	-0.212693 	
0.635	0.313501 	-0.173595 	0.537457 	0.154385 	-1.43634 	-0.212693 	
0.64	0.313501 	-0.173584 	0.53745 	0.152795 	-1.43523 	-0.210503 	
0.645	0.313563 	-0.173584 	0.537461 	0.152795 	-1.43523 	-0.210503 	
0.65	0.313626 	-0.173584 	0.537473 	0.152795 	-1.43523 	-0.210503 	
0.655	0.313689 	-0.173584 	0.537484 	0.152795 	-1.43523 	-0.210503 	
0.66	0.313688 	-0.173573 	0.537477 	0.15117 	-1.43409 	-0.208263 	
0.665	0.313752 	-0.173574 	0.537489 	0.15117 	-1.43409 	-0.208263 	
0.67	0.313816 	-0.173574 	0.537501 	0.15117 	-1.43409 	-0.208263 	
0.675	0.31388 	-0.173574 	0.537512 	0.15117 	-1.43409 	-0.208263 	
0.68	0.31388 	-0.173563 	0.537505 	0.149506 	-1.43292 	-0.205971 	
0.685	0.313945 	-0.173563 	0.537517 	0.149506 	-1.43292 	-0.205971 	
0.69	0.31401 	-0.173563 	0.537529 	0.149506 	-1.43292 	-0.205971 	
0.695	0.314076 	-0.173563 	0.537541 	0.149506 	-1.43292 	-0.205971 	
0.7	0.314076 	-0.173552 	0.537534 	0.147804 	-1.43173 	-0.203627 	
0.705	0.314142 	-0.173552 	0.537546 	0.147804 	-1.43173 	-0.203627 	
0.71	0.314209 	-0.173552 	0.537558 	0.147804 	-1.43173 	-0.203627 	
0.715	0.314276 	-0.173551 	0.53757 	0.147804 	-1.43173 	-0.203627 	
0.72	0.314276 	-0.173541 	0.537563 	0.146066 	-1.43051 	-0.201232 	
0.725	0.314343 	-0.17354 	0.537575 	0.146066 	-1.43051 	-0.201232 	
0.73	0.314412 	-0.17354 	0.537588 	0.146066 	-1.43051 	-0.201232 	
0.735	0.31448 	-0.17354 	0.5376 	0.146066 	-1.43051 	-0.201232 	
0.74	0.31448 	-0.173529 	0.537593 	0.144293 	-1.42927 	-0.198789 	
0.745	0.314549 	-0.173529 	0.537605 	0.144293 	-1.42927 	-0.198789 	
0.75	0.314618 	-0.173529 	0.537618 	0.144293 	-1.42927 	-0.198789 	
0.755	0.314688 	-0.173528 	0.53763 	0.144293 	-1.42927 	-0.198789 	
0.76	0.314687 	-0.173517 	0.537623 	0.142485 	-1.428 	-0.196298 	
0.765	0.314758 	-0.173517 	0.537636 	0.142485 	-1.428 	-0.196298 	
0.77	0.314829 	-0.173517 	0.537649 	0.142485 	-1.428 	-0.196298 	
0.775	0.3149 	-0.173516 	0.537661 	0.142485 	-1.428 	-0.196299 	
0.78	0.314899 	-0.173505 	0.537654 	0.140644 	-1.42671 	-0.193762 	
0.785	0.314971 	-0.173505 	0.537667 	0.140644 	-1.42671 	-0.193762 	
0.79	0.315043 	-0.173505 	0.53768 	0.140644 	-1.42671 	-0.193762 	
0.795	0.315115 	-0.173504 	0.537693 	0.140644 	-1.42671 	-0.193762 	
0.8	0.315115 	-0.173493 	0.537685 	0.138771 	-1.42539 	-0.191182 	
0.805	0.315188 	-0.173493 	0.537699 	0.138771 	-1.42539 	-0.191182 	
0.81	0.315261 	-0.173492 	0.537712 	0.138771 	-1.42539 	-0.191182 	
0.815	0.315334 	-0.173492 	0.537725 	0.138771 	-1.42539 	-0.191182 	
0.82	0.315333 	-0.173481 	0.537717 	0.136868 	-1.42406 	-0.18856 	
0.825	0.315408 	-0.17348 	0.537731 	0.136868 	-1.42406 	-0.18856 	
0.83	0.315482 	-0.17348 	0.537744 	0.136868 	-1.42406 	-0.18856 	
0.835	0.315557 	-0.173479 	0.537757 	0.136868 	-1.42406 	-0.18856 	
0.84	0.315556 	-0.173469 	0.53775 	0.134935 	-1.4227 	-0.185896 	
0.845	0.315631 	-0.173468 	0.537763 	0.134935 	-1.4227 	-0.185896 	
0.85	0.315706 	-0.173467 	0.537777 	0.134935 	-1.4227 	-0.185896 	
0.855	0.315782 	-0.173466 	0.53779 	0.134935 	-1.4227 	-0.185896 	
0.86	0.315781 	-0.173456 	0.537783 	0.132973 	-1.42133 	-0.183194 	
0.865	0.315857 	-0.173455 	0.537796 	0.132973 	-1.42133 	-0.183194 	
0.87	0.315934 	-0.173454 	0.53781 	0.132973 	-1.42133 	-0.183194 	
0.875	0.316011 	-0.173453 	0.537824 	0.132973 	-1.42133 	-0.183194 	
0.88	0.31601 	-0.173443 	0.537816 	0.130984 	-1.41993 	-0.180454 	
0.885	0.316087 	-0.173442 	0.53783 	0.130984 	-1.41993 	-0.180454 	
0.89	0.316165 	-0.173441 	0.537843 	0.130984 	-1.41993 	-0.180454 	
0.895	0.316243 	-0.17344 	0.537857 	0.130984 	-1.41993 	-0.180454 	
0.9	0.316241 	-0.17343 	0.53785 	0.12897 	-1.41852 	-0.177679 	
0.905	0.31632 	-0.173429 	0.537864 	0.12897 	-1.41852 	-0.177679 	
0.91	0.316398 	-0.173428 	0.537878 	0.12897 	-1.41852 	-0.177679 	
0.915	0.316415 	-0.17342 	0.537875 	0.127391 	-1.41742 	-0.175504 	
0.92	0.316494 	-0.173419 	0.537889 	0.127391 	-1.41742 	-0.175504 	
0.925	0.316573 	-0.173418 	0.537903 	0.127391 	-1.41742 	-0.175504 	
0.93	0.316653 	-0.173416 	0.537917 	0.127391 	-1.41742 	-0.175504 	
0.935	0.316653 	-0.173407 	0.53791 	0.12538 	-1.41601 	-0.172734 	
0.94	0.316733 	-0.173406 	0.537924 	0.12538 	-1.41601 	-0.172734 	
0.945	0.316813 	-0.173404 	0.537938 	0.12538 	-1.41601 	-0.172734 	
0.95	0.31683 	-0.173397 	0.537935 	0.123775 	-1.41488 	-0.170522 	
0.955	0.316911 	-0.173395 	0.53795 	0.123775 	-1.41488 	-0.170522 	
0.96	0.316991 	-0.173394 	0.537964 	0.123775 	-1.41488 	-0.170522 	
0.965	0.31701 	-0.173386 	0.537962 	0.1222 	-1.41378 	-0.168353 	
0.97	0.317091 	-0.173385 	0.537976 	0.1222 	-1.41378 	-0.168353 	
0.975	0.317173 	-0.173383 	0.53799 	0.1222 	-1.41378 	-0.168353 	
0.98	0.317192 	-0.173376 	0.537988 	0.120618 	-1.41267 	-0.166173 	
0.985	0.317273 	-0.173375 	0.538002 	0.120618 	-1.41267 	-0.166173 	
0.99	0.317355 	-0.173373 	0.538017 	0.120618 	-1.41267 	-0.166173 	
0.995	0.317374 	-0.173366 	0.538015 	0.119026 	-1.41155 	-0.163979 	
1	0.317457 	-0.173364 	0.538029 	0.119026 	-1.41155 	-0.163979 	
1.005	0.317539 	-0.173363 	0.538044 	0.119026 	-1.41155 	-0.163979 	
1.01	0.317558 	-0.173356 	0.538041 	0.117423 	-1.41043 	-0.161771 	
1.015	0.317641 	-0.173354 	0.538056 	0.117423 	-1.41043 	-0.161771 	
1.02	0.317724 	-0.173352 	0.538071 	0.117423 	-1.41043 	-0.161771 	
1.025	0.317744 	-0.173345 	0.538068 	0.115811 	-1.4093 	-0.15955 	
1.03	0.317827 	-0.173343 	0.538083 	0.115811 	-1.4093 	-0.15955 	
1.035	0.31791 	-0.173341 	0.538098 	0.115811 	-1.4093 	-0.15955 	
1.04	0.31793 	-0.173335 	0.538096 	0.114189 	-1.40816 	-0.157316 	
1.045	0.318014 	-0.173333 	0.53811 	0.114189 	-1.40816 	-0.157316 	
1.05	0.318097 	-0.173331 	0.538125 	0.114189 	-1.40816 	-0.157316 	
1.055	0.318117 	-0.173324 	0.538123 	0.112559 	-1.40702 	-0.15507 	
1.06	0.318201 	-0.173322 	0.538138 	0.112559 	-1.40702 	-0.15507 	
1.065	0.318285 	-0.17332 	0.538152 	0.112559 	-1.40702 	-0.15507 	
1.07	0.318305 	-0.173314 	0.53815 	0.110921 	-1.40587 	-0.152813 	
1.075	0.31839 	-0.173311 	0.538165 	0.110921 	-1.40587 	-0.152813 	
1.08	0.318474 	-0.173309 	0.53818 	0.110921 	-1.40587 	-0.152813 	
1.085	0.318494 	-0.173303 	0.538178 	0.109275 	-1.40471 	-0.150546 	
1.09	0.318579 	-0.173301 	0.538193 	0.109275 	-1.40471 	-0.150546 	
1.095	0.318664 	-0.173298 	0.538207 	0.109275 	-1.40471 	-0.150546 	
1.1	0.318683 	-0.173292 	0.538205 	0.107622 	-1.40356 	-0.148269 	
1.105	0.318769 	-0.17329 	0.53822 	0.107622 	-1.40356 	-0.148269 	
1.11	0.318854 	-0.173287 	0.538235 	0.107622 	-1.40356 	-0.148269 	
1.115	0.318874 	-0.173282 	0.538233 	0.105963 	-1.40239 	-0.145983 	
1.12	0.31896 	-0.173279 	0.538248 	0.105963 	-1.40239 	-0.145983 	
1.125	0.319045 	-0.173276 	0.538263 	0.105963 	-1.40239 	-0.145983 	
1.13	0.319065 	-0.173271 	0.538261 	0.104298 	-1.40122 	-0.14369 	
1.135	0.319151 	-0.173268 	0.538276 	0.104298 	-1.40122 	-0.14369 	
1.14	0.319237 	-0.173266 	0.538291 	0.104298 	-1.40122 	-0.14369 	
1.145	0.319257 	-0.17326 	0.538289 	0.102629 	-1.40005 	-0.141389 	
1.15	0.319343 	-0.173257 	0.538304 	0.102629 	-1.40005 	-0.141389 	
1.155	0.319429 	-0.173255 	0.538319 	0.102629 	-1.40005 	-0.141389 	
1.16	0.319449 	-0.173249 	0.538317 	0.100954 	-1.39888 	-0.139083 	
1.165	0.319535 	-0.173246 	0.538332 	0.100954 	-1.39888 	-0.139083 	
1.17	0.319621 	-0.173243 	0.538347 	0.100954 	-1.39888 	-0.139083 	
1.175	0.319641 	-0.173238 	0.538345 	0.099276 	-1.3977 	-0.13677 	
1.18	0.319728 	-0.173235 	0.53836 	0.099276 	-1.3977 	-0.13677 	
1.185	0.319814 	-0.173232 	0.538375 	0.099276 	-1.3977 	-0.13677 	
1.19	0.319834 	-0.173227 	0.538373 	0.0975943 	-1.39652 	-0.134454 	
1.195	0.319921 	-0.173224 	0.538388 	0.0975943 	-1.39652 	-0.134454 	
1.2	0.320008 	-0.173221 	0.538403 	0.0975943 	-1.39652 	-0.134454 	
1.205	0.320027 	-0.173217 	0.538401 	0.0959099 	-1.39534 	-0.132133 	
1.21	0.320114 	-0.173213 	0.538416 	0.0959099 	-1.39534 	-0.132133 	
1.215	0.320201 	-0.17321 	0.538431 	0.0959099 	-1.39534 	-0.132133 	
1.22	0.320221 	-0.173206 	0.538429 	0.0942234 	-1.39416 	-0.129809 	
1.225	0.320308 	-0.173202 	0.538444 	0.0942234 	-1.39416 	-0.129809 	
1.23	0.320395 	-0.173199 	0.538459 	0.0942234 	-1.39416 	-0.129809 	
1.235	0.320415 	-0.173195 	0.538458 	0.0925352 	-1.39298 	-0.127484 	
1.24	0.320502 	-0.173191 	0.538473 	0.0925352 	-1.39298 	-0.127484 	
1.245	0.320589 	-0.173188 	0.538487 	0.0925352 	-1.39298 	-0.127484 	
1.25	0.320608 	-0.173184 	0.538486 	0.0908462 	-1.39179 	-0.125157 	
1.255	0.320695 	-0.17318 	0.538501 	0.0908462 	-1.39179 	-0.125157 	
1.26	0.320782 	-0.173177 	0.538516 	0.0908462 	-1.39179 	-0.125157 	
1.265	0.320802 	-0.173173 	0.538514 	0.0891567 	-1.39061 	-0.122829 	
1.27	0.320889 	-0.173169 	0.538529 	0.0891567 	-1.39061 	-0.122829 	
1.275	0.320976 	-0.173166 	0.538544 	0.0891567 	-1.39061 	-0.122829 	
1.28	0.320996 	-0.173162 	0.538542 	0.0874675 	-1.38942 	-0.120502 	
1.285	0.321083 	-0.173158 	0.538557 	0.0874675 	-1.38942 	-0.120502 	
1.29	0.32117 	-0.173155 	0.538572 	0.0874675 	-1.38942 	-0.120502 	
1.295	0.32119 	-0.173151 	0.538571 	0.0857791 	-1.38824 	-0.118176 	
1.3	0.321276 	-0.173147 	0.538585 	0.0857791 	-1.38824 	-0.118176 	
1.305	0.321363 	-0.173144 	0.5386 	0.0857791 	-1.38824 	-0.118176 	
1.31	0.321383 	-0.17314 	0.538599 	0.0840921 	-1.38706 	-0.115852 	
1.315	0.32147 	-0.173136 	0.538614 	0.0840921 	-1.38706 	-0.115852 	
1.32	0.321557 	-0.173133 	0.538628 	0.0840921 	-1.38706 	-0.115852 	
1.325	0.321576 	-0.173129 	0.538627 	0.0824072 	-1.38588 	-0.113531 	
1.33	0.321663 	-0.173125 	0.538642 	0.0824072 	-1.38588 	-0.113531 	
1.335	0.32175 	-0.173121 	0.538656 	0.0824072 	-1.38588 	-0.113531 	
1.34	0.321769 	-0.173119 	0.538655 	0.0807249 	-1.3847 	-0.111213 	
1.345	0.321856 	-0.173114 	0.53867 	0.0807249 	-1.3847 	-0.111213 	
1.35	0.321942 	-0.17311 	0.538684 	0.0807249 	-1.3847 	-0.111213 	
1.355	0.321962 	-0.173108 	0.538683 	0.0790457 	-1.38352 	-0.1089 	
1.36	0.322048 	-0.173104 	0.538698 	0.0790457 	-1.38352 	-0.1089 	
1.365	0.322134 	-0.173099 	0.538712 	0.0790457 	-1.38352 	-0.1089 	
1.37	0.322154 	-0.173097 	0.538711 	0.0773704 	-1.38234 	-0.106592 	
1.375	0.32224 	-0.173093 	0.538726 	0.0773704 	-1.38234 	-0.106592 	
1.38	0.322326 	-0.173088 	0.53874 	0.0773704 	-1.38234 	-0.106592 	
1.385	0.322345 	-0.173086 	0.538739 	0.0756995 	-1.38117 	-0.10429 	
1.39	0.322431 	-0.173082 	0.538754 	0.0756995 	-1.38117 	-0.10429 	
1.395	0.322517 	-0.173077 	0.538768 	0.0756995 	-1.38117 	-0.10429 	
1.4	0.322536 	-0.173075 	0.538767 	0.0740336 	-1.38001 	-0.101995 	
1.405	0.322622 	-0.173071 	0.538781 	0.0740336 	-1.38001 	-0.101995 	
1.41	0.322707 	-0.173067 	0.538796 	0.0740336 	-1.38001 	-0.101995 	
1.415	0.322727 	-0.173065 	0.538795 	0.0723733 	-1.37884 	-0.0997071 	
1.42	0.322812 	-0.17306 	0.538809 	0.0723733 	-1.37884 	-0.0997071 	
1.425	0.322897 	-0.173056 	0.538823 	0.0723733 	-1.37884 	-0.0997071 	
1.43	0.322916 	-0.173054 	0.538822 	0.0707192 	-1.37768 	-0.0974282 	
1.435	0.323001 	-0.173049 	0.538836 	0.0707192 	-1.37768 	-0.0974282 	
1.44	0.323086 	-0.173045 	0.538851 	0.0707192 	-1.37768 	-0.0974282 	
1.445	0.323105 	-0.173043 	0.53885 	0.0690718 	-1.37653 	-0.0951586 	
1.45	0.32319 	-0.173039 	0.538864 	0.0690718 	-1.37653 	-0.0951586 	
1.455	0.323274 	-0.173034 	0.538878 	0.0690718 	-1.37653 	-0.0951586 	
1.46	0.323293 	-0.173033 	0.538877 	0.0674317 	-1.37538 	-0.0928992 	
1.465	0.323377 	-0.173028 	0.538891 	0.0674317 	-1.37538 	-0.0928992 	
1.47	0.323461 	-0.173023 	0.538905 	0.0674317 	-1.37538 	-0.0928992 	
1.475	0.32348 	-0.173022 	0.538904 	0.0657996 	-1.37423 	-0.0906506 	
1.48	0.323564 	-0.173017 	0.538918 	0.0657996 	-1.37423 	-0.0906506 	
1.485	0.323648 	-0.173013 	0.538932 	0.0657996 	-1.37423 	-0.0906506 	
1.49	0.323666 	-0.173012 	0.538932 	0.0641759 	-1.37309 	-0.0884137 	
1.495	0.32375 	-0.173007 	0.538945 	0.0641759 	-1.37309 	-0.0884137 	
1.5	0.323833 	-0.173002 	0.538959 	0.0641759 	-1.37309 	-0.0884137 	
1.505	0.323851 	-0.173001 	0.538959 	0.0625613 	-1.37196 	-0.0861894 	
1.51	0.323934 	-0.172996 	0.538972 	0.0625613 	-1.37196 	-0.0861894 	
1.515	0.324017 	-0.172991 	0.538986 	0.0625613 	-1.37196 	-0.0861894 	
1.52	0.324035 	-0.172991 	0.538985 	0.0609564 	-1.37084 	-0.0839783 	
1.525	0.324118 	-0.172986 	0.538999 	0.0609564 	-1.37084 	-0.0839783 	
1.53	0.3242 	-0.172981 	0.539013 	0.0609564 	-1.37084 	-0.0839783 	
1.535	0.324218 	-0.172981 	0.539012 	0.0593617 	-1.36972 	-0.0817813 	
1.54	0.3243 	-0.172976 	0.539025 	0.0593617 	-1.36972 	-0.0817813 	
1.545	0.324381 	-0.172971 	0.539039 	0.0593617 	-1.36972 	-0.0817813 	
1.55	0.3244 	-0.17297 	0.539038 	0.0577777 	-1.36861 	-0.0795991 	
1.555	0.324481 	-0.172965 	0.539052 	0.0577777 	-1.36861 	-0.0795991 	
1.56	0.324562 	-0.17296 	0.539065 	0.0577777 	-1.36861 	-0.0795991 	
1.565	0.32458 	-0.17296 	0.539065 	0.0562051 	-1.36751 	-0.0774326 	
1.57	0.32466 	-0.172955 	0.539078 	0.0562051 	-1.36751 	-0.0774326 	
1.575	0.324741 	-0.17295 	0.539091 	0.0562051 	-1.36751 	-0.0774326 	
1.58	0.324759 	-0.17295 	0.539091 	0.0546444 	-1.36641 	-0.0752824 	
1.585	0.324838 	-0.172945 	0.539104 	0.0546444 	-1.36641 	-0.0752824 	
1.59	0.324918 	-0.17294 	0.539117 	0.0546444 	-1.36641 	-0.0752824 	
1.595	0.324936 	-0.17294 	0.539117 	0.0530961 	-1.36533 	-0.0731494 	
1.6	0.325015 	-0.172935 	0.53913 	0.0530961 	-1.36533 	-0.0731494 	
1.605	0.325094 	-0.17293 	0.539143 	0.0530961 	-1.36533 	-0.0731494 	
1.61	0.325112 	-0.17293 	0.539142 	0.0515608 	-1.36425 	-0.0710342 	
1.615	0.32519 	-0.172925 	0.539155 	0.0515608 	-1.36425 	-0.0710342 	
1.62	0.325269 	-0.17292 	0.539168 	0.0515608 	-1.36425 	-0.0710342 	
1.625	0.325347 	-0.172915 	0.539181 	0.0515608 	-1.36425 	-0.0710342 	
1.63	0.325346 	-0.172917 	0.539176 	0.0495871 	-1.36286 	-0.0683149 	
1.635	0.325423 	-0.172912 	0.539189 	0.0495871 	-1.36286 	-0.0683149 	
1.64	0.325501 	-0.172906 	0.539202 	0.0495871 	-1.36286 	-0.0683149 	
1.645	0.325516 	-0.172908 	0.539201 	0.0480374 	-1.36178 	-0.06618 	
1.65	0.325593 	-0.172902 	0.539214 	0.0480374 	-1.36178 	-0.06618 	
1.655	0.32567 	-0.172897 	0.539226 	0.0480374 	-1.36178 	-0.06618 	
1.66	0.325746 	-0.172892 	0.539239 	0.0480374 	-1.36178 	-0.06618 	
1.665	0.325745 	-0.172895 	0.539235 	0.0461029 	-1.36042 	-0.0635148 	
1.67	0.325821 	-0.172889 	0.539247 	0.0461029 	-1.36042 	-0.0635148 	
1.675	0.325896 	-0.172884 	0.539259 	0.0461029 	-1.36042 	-0.0635148 	
1.68	0.325971 	-0.172879 	0.539271 	0.0461029 	-1.36042 	-0.0635148 	
1.685	0.325969 	-0.172882 	0.539267 	0.0441537 	-1.35905 	-0.0608294 	
1.69	0.326043 	-0.172877 	0.539279 	0.0441537 	-1.35905 	-0.0608294 	
1.695	0.326118 	-0.172871 	0.539291 	0.0441537 	-1.35905 	-0.0608294 	
1.7	0.326192 	-0.172866 	0.539303 	0.0441537 	-1.35905 	-0.0608294 	
1.705	0.326189 	-0.17287 	0.539299 	0.0422289 	-1.35771 	-0.0581777 	
1.71	0.326263 	-0.172864 	0.539311 	0.0422289 	-1.35771 	-0.0581777 	
1.715	0.326336 	-0.172859 	0.539323 	0.0422289 	-1.35771 	-0.0581777 	
1.72	0.326409 	-0.172853 	0.539335 	0.0422289 	-1.35771 	-0.0581777 	
1.725	0.326406 	-0.172857 	0.539331 	0.0403337 	-1.35638 	-0.0555666 	
1.73	0.326478 	-0.172852 	0.539343 	0.0403337 	-1.35638 	-0.0555666 	
1.735	0.32655 	-0.172847 	0.539354 	0.0403337 	-1.35638 	-0.0555666 	
1.74	0.326622 	-0.172841 	0.539366 	0.0403337 	-1.35638 	-0.0555666 	
1.745	0.326619 	-0.172845 	0.539362 	0.0384695 	-1.35507 	-0.0529984 	
1.75	0.32669 	-0.17284 	0.539373 	0.0384695 	-1.35507 	-0.0529984 	
1.755	0.326761 	-0.172835 	0.539385 	0.0384695 	-1.35507 	-0.0529984 	
1.76	0.326831 	-0.172829 	0.539396 	0.0384695 	-1.35507 	-0.0529984 	
1.765	0.326829 	-0.172834 	0.539392 	0.0366376 	-1.35379 	-0.0504746 	
1.77	0.326899 	-0.172828 	0.539404 	0.0366376 	-1.35379 	-0.0504746 	
1.775	0.326968 	-0.172823 	0.539415 	0.0366376 	-1.35379 	-0.0504746 	
1.78	0.327037 	-0.172817 	0.539426 	0.0366376 	-1.35379 	-0.0504746 	
1.785	0.327034 	-0.172822 	0.539422 	0.0348391 	-1.35252 	-0.0479969 	
1.79	0.327103 	-0.172817 	0.539433 	0.0348391 	-1.35252 	-0.0479969 	
1.795	0.327171 	-0.172811 	0.539444 	0.0348391 	-1.35252 	-0.0479969 	
1.8	0.327239 	-0.172806 	0.539455 	0.0348391 	-1.35252 	-0.0479969 	
1.805	0.327236 	-0.172811 	0.539452 	0.0330752 	-1.35129 	-0.0455669 	
1.81	0.327303 	-0.172805 	0.539463 	0.0330752 	-1.35129 	-0.0455669 	
1.815	0.32737 	-0.1728 	0.539473 	0.0330752 	-1.35129 	-0.0455669 	
1.82	0.327436 	-0.172795 	0.539484 	0.0330752 	-1.35129 	-0.0455669 	
1.825	0.327434 	-0.172799 	0.539481 	0.031347 	-1.35008 	-0.043186 	
1.83	0.327499 	-0.172794 	0.539491 	0.031347 	-1.35008 	-0.043186 	
1.835	0.327565 	-0.172789 	0.539502 	0.031347 	-1.35008 	-0.043186 	
1.84	0.32763 	-0.172784 	0.539512 	0.031347 	-1.35008 	-0.043186 	
1.845	0.327627 	-0.172789 	0.539509 	0.0296556 	-1.34889 	-0.0408558 	
1.85	0.327691 	-0.172783 	0.539519 	0.0296556 	-1.34889 	-0.0408558 	
1.855	0.327755 	-0.172778 	0.539529 	0.0296556 	-1.34889 	-0.0408558 	
1.86	0.327819 	-0.172773 	0.539539 	0.0296556 	-1.34889 	-0.0408558 	
1.865	0.327816 	-0.172778 	0.539536 	0.0280021 	-1.34773 	-0.0385777 	
1.87	0.327879 	-0.172773 	0.539546 	0.0280021 	-1.34773 	-0.0385777 	
1.875	0.327941 	-0.172768 	0.539556 	0.0280021 	-1.34773 	-0.0385777 	
1.88	0.328003 	-0.172762 	0.539566 	0.0280021 	-1.34773 	-0.0385777 	
1.885	0.328001 	-0.172768 	0.539563 	0.0263874 	-1.3466 	-0.0363533 	
1.89	0.328062 	-0.172762 	0.539573 	0.0263874 	-1.3466 	-0.0363533 	
1.895	0.328123 	-0.172757 	0.539583 	0.0263874 	-1.3466 	-0.0363533 	
1.9	0.328183 	-0.172752 	0.539592 	0.0263874 	-1.3466 	-0.0363533 	
1.905	0.328181 	-0.172758 	0.539589 	0.0248126 	-1.3455 	-0.0341837 	
1.91	0.32824 	-0.172752 	0.539599 	0.0248126 	-1.3455 	-0.0341837 	
1.915	0.328299 	-0.172747 	0.539608 	0.0248126 	-1.3455 	-0.0341837 	
1.92	0.328358 	-0.172742 	0.539618 	0.0248126 	-1.3455 	-0.0341837 	
1.925	0.328356 	-0.172748 	0.539615 	0.0232788 	-1.34442 	-0.0320705 	
1.93	0.328414 	-0.172743 	0.539624 	0.0232788 	-1.34442 	-0.0320705 	
1.935	0.328471 	-0.172738 	0.539633 	0.0232788 	-1.34442 	-0.0320705 	
1.94	0.328529 	-0.172733 	0.539642 	0.0232788 	-1.34442 	-0.0320705 	
1.945	0.328585 	-0.172728 	0.539651 	0.0232788 	-1.34442 	-0.0320705 	
1.95	0.32857 	-0.172735 	0.539646 	0.021459 	-1.34314 	-0.0295634 	
1.955	0.328626 	-0.172731 	0.539655 	0.021459 	-1.34314 	-0.0295634 	
1.96	0.328681 	-0.172726 	0.539664 	0.021459 	-1.34314 	-0.0295634 	
1.965	0.328736 	-0.172721 	0.539673 	0.021459 	-1.34314 	-0.0295634 	
1.97	0.328791 	-0.172716 	0.539681 	0.021459 	-1.34314 	-0.0295634 	
1.975	0.328774 	-0.172724 	0.539676 	0.0196704 	-1.34189 	-0.0270993 	
1.98	0.328828 	-0.172719 	0.539684 	0.0196704 	-1.34189 	-0.0270993 	
1.985	0.328881 	-0.172714 	0.539693 	0.0196704 	-1.34189 	-0.0270993 	
1.99	0.328934 	-0.17271 	0.539701 	0.0196704 	-1.34189 	-0.0270993 	
1.995	0.328987 	-0.172705 	0.53971 	0.0196704 	-1.34189 	-0.0270993 	
2	0.328971 	-0.172713 	0.539705 	0.0179471 	-1.34068 	-0.0247251 	
2.005	0.329022 	-0.172708 	0.539713 	0.0179471 	-1.34068 	-0.0247251 	
2.01	0.329074 	-0.172704 	0.539721 	0.0179471 	-1.34068 	-0.0247251 	
2.015	0.329124 	-0.172699 	0.539729 	0.0179471 	-1.34068 	-0.0247251 	
2.02	0.329175 	-0.172695 	0.539737 	0.0179471 	-1.34068 	-0.0247251 	
2.025	0.329159 	-0.172702 	0.539732 	0.016294 	-1.33952 	-0.0224478 	
2.03	0.329209 	-0.172698 	0.53974 	0.016294 	-1.33952 	-0.0224478 	
2.035	0.329258 	-0.172693 	0.539748 	0.016294 	-1.33952 	-0.0224478 	
2.04	0.329306 	-0.172689 	0.539755 	0.016294 	-1.33952 	-0.0224478 	
2.045	0.329354 	-0.172685 	0.539763 	0.016294 	-1.33952 	-0.0224478 	
2.05	0.329339 	-0.172692 	0.539758 	0.0147132 	-1.33841 	-0.0202699 	
2.055	0.329386 	-0.172688 	0.539766 	0.0147132 	-1.33841 	-0.0202699 	
2.06	0.329433 	-0.172684 	0.539773 	0.0147132 	-1.33841 	-0.0202699 	
2.065	0.329479 	-0.172679 	0.53978 	0.0147132 	-1.33841 	-0.0202699 	
2.07	0.329525 	-0.172675 	0.539788 	0.0147132 	-1.33841 	-0.0202699 	
2.075	0.32957 	-0.172671 	0.539795 	0.0147132 	-1.33841 	-0.0202699 	
2.08	0.329545 	-0.172681 	0.539788 	0.0129452 	-1.33717 	-0.0178342 	
2.085	0.32959 	-0.172676 	0.539795 	0.0129452 	-1.33717 	-0.0178342 	
2.09	0.329634 	-0.172672 	0.539802 	0.0129452 	-1.33717 	-0.0178342 	
2.095	0.329677 	-0.172668 	0.539809 	0.0129452 	-1.33717 	-0.0178342 	
2.1	0.32972 	-0.172664 	0.539816 	0.0129452 	-1.33717 	-0.0178342 	
2.105	0.329762 	-0.17266 	0.539822 	0.0129452 	-1.33717 	-0.0178342 	
2.11	0.329738 	-0.17267 	0.539816 	0.011256 	-1.33599 	-0.015507 	
2.115	0.329779 	-0.172666 	0.539823 	0.011256 	-1.33599 	-0.015507 	
2.12	0.32982 	-0.172662 	0.539829 	0.011256 	-1.33599 	-0.015507 	
2.125	0.329861 	-0.172658 	0.539836 	0.011256 	-1.33599 	-0.015507 	
2.13	0.329901 	-0.172654 	0.539842 	0.011256 	-1.33599 	-0.015507 	
2.135	0.329941 	-0.172651 	0.539848 	0.011256 	-1.33599 	-0.015507 	
2.14	0.329917 	-0.17266 	0.539842 	0.00967487 	-1.33488 	-0.0133287 	
2.145	0.329956 	-0.172656 	0.539849 	0.00967487 	-1.33488 	-0.0133287 	
2.15	0.329994 	-0.172652 	0.539855 	0.00967487 	-1.33488 	-0.0133287 	
2.155	0.330032 	-0.172649 	0.53986 	0.00967487 	-1.33488 	-0.0133287 	
2.16	0.330069 	-0.172645 	0.539866 	0.00967487 	-1.33488 	-0.0133287 	
2.165	0.330105 	-0.172642 	0.539872 	0.00967487 	-1.33488 	-0.0133287 	
2.17	0.330142 	-0.172638 	0.539878 	0.00967487 	-1.33488 	-0.0133287 	
2.175	0.330111 	-0.172649 	0.539871 	0.00799923 	-1.33371 	-0.0110202 	
2.18	0.330146 	-0.172645 	0.539876 	0.00799923 	-1.33371 	-0.0110202 	
2.185	0.330181 	-0.172642 	0.539882 	0.00799923 	-1.33371 	-0.0110202 	
2.19	0.330215 	-0.172639 	0.539887 	0.00799923 	-1.33371 	-0.0110202 	
2.195	0.330249 	-0.172635 	0.539892 	0.00799923 	-1.33371 	-0.0110202 	
2.2	0.330282 	-0.172632 	0.539897 	0.00799923 	-1.33371 	-0.0110202 	
2.205	0.330315 	-0.172629 	0.539903 	0.00799923 	-1.33371 	-0.0110202 	
2.21	0.330286 	-0.172639 	0.539896 	0.0064557 	-1.33262 	-0.00889373 	
2.215	0.330318 	-0.172636 	0.539901 	0.0064557 	-1.33262 	-0.00889373 	
2.22	0.330349 	-0.172633 	0.539906 	0.0064557 	-1.33262 	-0.00889373 	
2.225	0.330379 	-0.17263 	0.539911 	0.0064557 	-1.33262 	-0.00889373 	
2.23	0.330409 	-0.172627 	0.539915 	0.0064557 	-1.33262 	-0.00889373 	
2.235	0.330439 	-0.172624 	0.53992 	0.0064557 	-1.33262 	-0.00889373 	
2.24	0.330468 	-0.172621 	0.539925 	0.0064557 	-1.33262 	-0.00889373 	
2.245	0.330497 	-0.172618 	0.539929 	0.0064557 	-1.33262 	-0.00889373 	
2.25	0.330464 	-0.172629 	0.539922 	0.00490671 	-1.33154 	-0.00675971 	
2.255	0.330491 	-0.172626 	0.539926 	0.00490671 	-1.33154 	-0.00675971 	
2.26	0.330518 	-0.172624 	0.539931 	0.00490671 	-1.33154 	-0.00675971 	
2.265	0.330545 	-0.172621 	0.539935 	0.00490671 	-1.33154 	-0.00675971 	
2.27	0.330571 	-0.172618 	0.539939 	0.00490671 	-1.33154 	-0.00675971 	
2.275	0.330596 	-0.172616 	0.539943 	0.00490671 	-1.33154 	-0.00675971 	
2.28	0.330621 	-0.172613 	0.539947 	0.00490671 	-1.33154 	-0.00675971 	
2.285	0.330646 	-0.172611 	0.53995 	0.00490671 	-1.33154 	-0.00675971 	
2.29	0.33067 	-0.172609 	0.539954 	0.00490671 	-1.33154 	-0.00675971 	
2.295	0.330693 	-0.172606 	0.539958 	0.00490671 	-1.33154 	-0.00675971 	
2.3	0.330652 	-0.172618 	0.53995 	0.00327998 	-1.3304 	-0.00451858 	
2.305	0.330674 	-0.172616 	0.539953 	0.00327998 	-1.3304 	-0.00451858 	
2.31	0.330696 	-0.172614 	0.539956 	0.00327998 	-1.3304 	-0.00451858 	
2.315	0.330717 	-0.172612 	0.53996 	0.00327998 	-1.3304 	-0.00451858 	
2.32	0.330738 	-0.17261 	0.539963 	0.00327998 	-1.3304 	-0.00451858 	
2.325	0.330758 	-0.172608 	0.539966 	0.00327998 	-1.3304 	-0.00451858 	
2.33	0.330778 	-0.172606 	0.539969 	0.00327998 	-1.3304 	-0.00451858 	
2.335	0.330797 	-0.172604 	0.539972 	0.00327998 	-1.3304 	-0.00451858 	
2.34	0.330816 	-0.172602 	0.539975 	0.00327998 	-1.3304 	-0.00451858 	
2.345	0.330834 	-0.1726 	0.539978 	0.00327998 	-1.3304 	-0.00451858 	
2.35	0.330851 	-0.172598 	0.539981 	0.00327998 	-1.3304 	-0.00451858 	
2.355	0.330868 	-0.172597 	0.539983 	0.00327998 	-1.3304 	-0.00451858 	
2.36	0.330825 	-0.172609 	0.539975 	0.00175596 	-1.32933 	-0.00241898 	
2.365	0.330841 	-0.172607 	0.539977 	0.00175596 	-1.32933 	-0.00241898 	
2.37	0.330856 	-0.172605 	0.53998 	0.00175596 	-1.32933 	-0.00241898 	
2.375	0.330871 	-0.172604 	0.539982 	0.00175596 	-1.32933 	-0.00241898 	
2.38	0.330885 	-0.172603 	0.539984 	0.00175596 	-1.32933 	-0.00241898 	
2.385	0.330899 	-0.172601 	0.539986 	0.00175596 	-1.32933 	-0.00241898 	
2.39	0.330912 	-0.1726 	0.539988 	0.00175596 	-1.32933 	-0.00241898 	
2.395	0.330925 	-0.172598 	0.53999 	0.00175596 	-1.32933 	-0.00241898 	
2.4	0.330937 	-0.172597 	0.539992 	0.00175596 	-1.32933 	-0.00241898 	
2.405	0.330949 	-0.172596 	0.539994 	0.00175596 	-1.32933 	-0.00241898 	
2.41	0.33096 	-0.172595 	0.539996 	0.00175596 	-1.32933 	-0.00241898 	
2.415	0.330971 	-0.172594 	0.539997 	0.00175596 	-1.32933 	-0.00241898 	
2.42	0.330981 	-0.172593 	0.539999 	0.00175596 	-1.32933 	-0.00241898 	
2.425	0.330989 	-0.172592 	0.54 	0.00175596 	-1.32933 	-0.00241898 	
2.43	0.330999 	-0.172591 	0.540002 	0.00175596 	-1.32933 	-0.00241898 	
2.435	0.331007 	-0.17259 	0.540003 	0.00175596 	-1.32933 	-0.00241898 	
2.44	0.331015 	-0.172589 	0.540004 	0.00175596 	-1.32933 	-0.00241898 	
2.445	0.331022 	-0.172589 	0.540005 	0.00175596 	-1.32933 	-0.00241898 	
2.45	0.331029 	-0.172588 	0.540006 	0.00175596 	-1.32933 	-0.00241898 	
2.455	0.331035 	-0.172587 	0.540007 	0.00175596 	-1.32933 	-0.00241898 	
2.46	0.331041 	-0.172587 	0.540008 	0.00175596 	-1.32933 	-0.00241898 	
2.465	0.331046 	-0.172586 	0.540009 	0.00175596 	-1.32933 	-0.00241898 	
2.47	0.331051 	-0.172586 	0.54001 	0.00175596 	-1.32933 	-0.00241898 	
2.475	0.331055 	-0.172585 	0.540011 	0.00175596 	-1.32933 	-0.00241898 	
2.48	0.330999 	-0.172599 	0.54 	0.000234724 	-1.32826 	-0.000323205 	
2.485	0.331002 	-0.172599 	0.540001 	0.000234724 	-1.32826 	-0.000323205 	
2.49	0.331005 	-0.172598 	0.540001 	0.000234724 	-1.32826 	-0.000323205 	
2.495	0.331006 	-0.172598 	0.540001 	0.000234724 	-1.32826 	-0.000323205 	
2.5	0.331008 	-0.172598 	0.540001 	0.000234724 	-1.32826 	-0.000323205 	
2.505	0.331008 	-0.172598 	0.540001 	0.000234724 	-1.32826 	-0.000323205 	
2.51	0.33101 	-0.172597 	0.540002 	0.000234724 	-1.32826 	-0.000323205 	
2.515	0.33101 	-0.172597 	0.540002 	0.000234724 	-1.32826 	-0.000323205 	
2.52	0.33101 	-0.172597 	0.540002 	0.000234724 	-1.32826 	-0.000323205 	
2.525	0.33101 	-0.172598 	0.54 	0.000234724 	-1.32826 	-0.000323205 	
2.53	0.33101 	-0.172599 	0.539999 	0.000234724 	-1.32826 	-0.000323205 	
2.535	0.331011 	-0.172601 	0.539998 	0.000234724 	-1.32826 	-0.000323205 	
2.54	0.331011 	-0.172602 	0.539996 	0.000234724 	-1.32826 	-0.000323205 	
2.545	0.331011 	-0.172604 	0.539995 	0.000234724 	-1.32826 	-0.000323205 	
2.55	0.331012 	-0.172606 	0.539992 	0.000234724 	-1.32826 	-0.000323205 	
2.555	0.331012 	-0.172609 	0.53999 	0.000234724 	-1.32826 	-0.000323205 	
2.56	0.331013 	-0.172611 	0.539987 	0.000234724 	-1.32826 	-0.000323205 	
2.565	0.331013 	-0.172615 	0.539984 	0.000234724 	-1.32826 	-0.000323205 	
2.57	0.331014 	-0.172618 	0.53998 	0.000234724 	-1.32826 	-0.000323205 	
2.575	0.331015 	-0.172622 	0.539977 	0.000234724 	-1.32826 	-0.000323205 	
2.58	0.331015 	-0.172626 	0.539973 	0.000234724 	-1.32826 	-0.000323205 	
2.585	0.331016 	-0.17263 	0.539968 	0.000234724 	-1.32826 	-0.000323205 	
2.59	0.331017 	-0.172634 	0.539964 	0.000234724 	-1.32826 	-0.000323205 	
2.595	0.331018 	-0.172639 	0.539959 	0.000234724 	-1.32826 	-0.000323205 	
2.6	0.331021 	-0.172617 	0.539955 	0.00132145 	-1.32834 	-3.20518e-05 	
2.605	0.331022 	-0.172623 	0.53995 	0.00132145 	-1.32834 	-3.20518e-05 	
2.61	0.331023 	-0.172628 	0.539944 	0.00132145 	-1.32834 	-3.20518e-05 	
2.615	0.331024 	-0.172634 	0.539938 	0.00132145 	-1.32834 	-3.20518e-05 	
2.62	0.331025 	-0.172641 	0.539931 	0.00132145 	-1.32834 	-3.20518e-05 	
2.625	0.331027 	-0.172647 	0.539925 	0.00132145 	-1.32834 	-3.20518e-05 	
2.63	0.331028 	-0.172655 	0.539917 	0.00132145 	-1.32834 	-3.20518e-05 	
2.635	0.331039 	-0.172632 	0.539912 	0.00263188 	-1.32856 	-2.53551e-06 	
2.64	0.33104 	-0.17264 	0.539905 	0.00263188 	-1.32856 	-2.5355e-06 	
2.645	0.331042 	-0.172648 	0.539897 	0.00263188 	-1.32856 	-2.5355e-06 	
2.65	0.331043 	-0.172656 	0.539889 	0.00263188 	-1.32856 	-2.5355e-06 	
2.655	0.331045 	-0.172664 	0.53988 	0.00263188 	-1.32856 	-2.53549e-06 	
2.66	0.331046 	-0.172673 	0.539872 	0.00263188 	-1.32856 	-2.53549e-06 	
2.665	0.331059 	-0.172649 	0.539866 	0.00410024 	-1.32882 	6.06496e-07 	
2.67	0.331061 	-0.172658 	0.539856 	0.00410024 	-1.32882 	6.06499e-07 	
2.675	0.331063 	-0.172668 	0.539847 	0.00410024 	-1.32882 	6.06502e-07 	
2.68	0.331065 	-0.172678 	0.539837 	0.00410024 	-1.32882 	6.06504e-07 	
2.685	0.331067 	-0.172688 	0.539827 	0.00410024 	-1.32882 	6.06507e-07 	
2.69	0.33108 	-0.172665 	0.539819 	0.00557593 	-1.32907 	9.34615e-07 	
2.695	0.331082 	-0.172676 	0.539808 	0.00557593 	-1.32907 	9.34616e-07 	
2.7	0.331084 	-0.172687 	0.539797 	0.00557593 	-1.32907 	9.34617e-07 	
2.705	0.331086 	-0.172698 	0.539786 	0.00557593 	-1.32907 	9.34617e-07 	
2.71	0.331102 	-0.172675 	0.539777 	0.00692552 	-1.32931 	8.15485e-07 	
2.715	0.331105 	-0.172687 	0.539765 	0.00692552 	-1.32931 	8.15473e-07 	
2.72	0.331107 	-0.172699 	0.539753 	0.00692552 	-1.32931 	8.15471e-07 	
2.725	0.33111 	-0.172711 	0.539741 	0.00692552 	-1.32931 	8.15468e-07 	
2.73	0.331123 	-0.172691 	0.539731 	0.0083843 	-1.32956 	9.43083e-07 	
2.735	0.331125 	-0.172704 	0.539718 	0.0083843 	-1.32956 	9.43077e-07 	
2.74	0.331128 	-0.172718 	0.539705 	0.0083843 	-1.32956 	9.43071e-07 	
2.745	0.331131 	-0.172731 	0.539691 	0.0083843 	-1.32956 	9.43064e-07 	
2.75	0.331145 	-0.172709 	0.539681 	0.00997473 	-1.32984 	1.11948e-06 	
2.755	0.331148 	-0.172723 	0.539666 	0.00997474 	-1.32984 	1.11947e-06 	
2.76	0.331151 	-0.172737 	0.539652 	0.00997474 	-1.32984 	1.11946e-06 	
2.765	0.331164 	-0.172722 	0.53964 	0.011296 	-1.33007 	8.26284e-07 	
2.77	0.331166 	-0.172737 	0.539625 	0.011296 	-1.33007 	8.26267e-07 	
2.775	0.331169 	-0.172752 	0.53961 	0.011296 	-1.33007 	8.26249e-07 	
2.78	0.331183 	-0.172737 	0.539597 	0.0126565 	-1.33031 	8.41906e-07 	
2.785	0.331186 	-0.172753 	0.539581 	0.0126565 	-1.33031 	8.41882e-07 	
2.79	0.331189 	-0.172769 	0.539565 	0.0126565 	-1.33031 	8.41857e-07 	
2.795	0.331203 	-0.172753 	0.539552 	0.0140866 	-1.33056 	9.24174e-07 	
2.8	0.331206 	-0.172769 	0.539535 	0.0140866 	-1.33056 	9.24142e-07 	
2.805	0.331209 	-0.172786 	0.539518 	0.0140866 	-1.33056 	9.24108e-07 	
2.81	0.331224 	-0.172769 	0.539504 	0.0155888 	-1.33082 	1.02006e-06 	
2.815	0.331227 	-0.172787 	0.539487 	0.0155888 	-1.33082 	1.02002e-06 	
2.82	0.331231 	-0.172804 	0.539469 	0.0155888 	-1.33082 	1.01997e-06 	
2.825	0.331246 	-0.172787 	0.539455 	0.0171624 	-1.3311 	1.1211e-06 	
2.83	0.331249 	-0.172805 	0.539436 	0.0171624 	-1.3311 	1.12105e-06 	
2.835	0.331253 	-0.172823 	0.539418 	0.0171624 	-1.3311 	1.12099e-06 	
2.84	0.331269 	-0.172805 	0.539403 	0.0188067 	-1.33138 	1.22597e-06 	
2.845	0.331273 	-0.172824 	0.539384 	0.0188067 	-1.33138 	1.2259e-06 	
2.85	0.331276 	-0.172843 	0.539364 	0.0188067 	-1.33138 	1.22583e-06 	
2.855	0.331293 	-0.172824 	0.539349 	0.0205206 	-1.33168 	1.33431e-06 	
2.86	0.331297 	-0.172843 	0.539329 	0.0205206 	-1.33168 	1.33422e-06 	
2.865	0.331301 	-0.172863 	0.539309 	0.0205206 	-1.33168 	1.33414e-06 	
2.87	0.331318 	-0.172843 	0.539292 	0.0223034 	-1.332 	1.44588e-06 	
2.875	0.331322 	-0.172864 	0.539272 	0.0223034 	-1.332 	1.44578e-06 	
2.88	0.331335 	-0.172855 	0.539254 	0.0235905 	-1.33222 	8.4098e-07 	
2.885	0.33134 	-0.172876 	0.539233 	0.0235905 	-1.33222 	8.40866e-07 	
2.89	0.331353 	-0.172869 	0.539214 	0.0248541 	-1.33244 	7.58345e-07 	
2.895	0.331357 	-0.17289 	0.539193 	0.0248541 	-1.33244 	7.58217e-07 	
2.9	0.331371 	-0.172883 	0.539174 	0.026142 	-1.33267 	7.76975e-07 	
2.905	0.331375 	-0.172905 	0.539151 	0.026142 	-1.33267 	7.76831e-07 	
2.91	0.331389 	-0.172897 	0.539132 	0.0274584 	-1.3329 	8.11031e-07 	
2.915	0.331394 	-0.17292 	0.539109 	0.0274584 	-1.3329 	8.10871e-07 	
2.92	0.3314 	-0.17292 	0.53909 	0.0288036 	-1.33313 	8.81408e-07 	
2.925	0.331404 	-0.172943 	0.539067 	0.0288036 	-1.33313 	8.81275e-07 	
2.93	0.331419 	-0.172936 	0.539046 	0.0301773 	-1.33337 	8.88126e-07 	
2.935	0.331424 	-0.172959 	0.539023 	0.0301773 	-1.33337 	8.87929e-07 	
2.94	0.331438 	-0.172951 	0.539002 	0.0315791 	-1.33362 	9.22707e-07 	
2.945	0.331443 	-0.172975 	0.538978 	0.0315791 	-1.33362 	9.2249e-07 	
2.95	0.331458 	-0.172966 	0.538957 	0.0330088 	-1.33386 	9.60411e-07 	
2.955	0.331463 	-0.172991 	0.538933 	0.0330088 	-1.33386 	9.60173e-07 	
2.96	0.331479 	-0.172982 	0.538911 	0.0344659 	-1.33412 	9.98726e-07 	
2.965	0.331484 	-0.173007 	0.538886 	0.0344659 	-1.33412 	9.98465e-07 	
2.97	0.331499 	-0.172998 	0.538865 	0.0359501 	-1.33438 	1.03737e-06 	
2.975	0.331505 	-0.173023 	0.538839 	0.0359501 	-1.33438 	1.03709e-06 	
2.98	0.331521 	-0.173015 	0.538817 	0.037461 	-1.33464 	1.07629e-06 	
2.985	0.331526 	-0.17304 	0.538791 	0.037461 	-1.33464 	1.07598e-06 	
2.99	0.331542 	-0.173032 	0.538769 	0.0389983 	-1.33491 	1.11544e-06 	
2.995	0.331548 	-0.173058 	0.538742 	0.0389983 	-1.33491 	1.1151e-06 	
3	0.331564 	-0.173049 	0.538719 	0.0405615 	-1.33518 	1.15478e-06 	
3.005	0.33157 	-0.173075 	0.538692 	0.0405615 	-1.33518 	1.15442e-06 	
3.01	0.331586 	-0.173066 	0.538669 	0.0421502 	-1.33546 	1.19429e-06 	
3.015	0.331592 	-0.173093 	0.538642 	0.0421502 	-1.33546 	1.1939e-06 	
3.02	0.331609 	-0.173083 	0.538618 	0.0437642 	-1.33574 	1.23392e-06 	
3.025	0.331615 	-0.173111 	0.538591 	0.0437642 	-1.33574 	1.2335e-06 	
3.03	0.331632 	-0.173101 	0.538567 	0.0454029 	-1.33603 	1.27365e-06 	
3.035	0.331638 	-0.173129 	0.538539 	0.0454029 	-1.33603 	1.27319e-06 	
3.04	0.331655 	-0.173119 	0.538514 	0.047066 	-1.33632 	1.31342e-06 	
3.045	0.331661 	-0.173147 	0.538486 	0.047066 	-1.33632 	1.31293e-06 	
3.05	0.331679 	-0.173138 	0.538461 	0.048753 	-1.33661 	1.35322e-06 	
3.055	0.331685 	-0.173166 	0.538432 	0.048753 	-1.33661 	1.35269e-06 	
3.06	0.331703 	-0.173156 	0.538407 	0.0504635 	-1.33691 	1.39299e-06 	
3.065	0.331709 	-0.173185 	0.538378 	0.0504635 	-1.33691 	1.39243e-06 	
3.07	0.331727 	-0.173175 	0.538353 	0.0521972 	-1.33722 	1.43271e-06 	
3.075	0.331733 	-0.173204 	0.538323 	0.0521972 	-1.33722 	1.43211e-06 	
3.08	0.331751 	-0.173194 	0.538298 	0.0539535 	-1.33752 	1.47234e-06 	
3.085	0.331758 	-0.173224 	0.538267 	0.0539535 	-1.33752 	1.4717e-06 	
3.09	0.331776 	-0.173214 	0.538242 	0.055732 	-1.33783 	1.51184e-06 	
3.095	0.331783 	-0.173243 	0.538211 	0.055732 	-1.33783 	1.51115e-06 	
3.1	0.331801 	-0.173233 	0.538185 	0.0575323 	-1.33815 	1.55117e-06 	
3.105	0.331808 	-0.173263 	0.538154 	0.0575323 	-1.33815 	1.55044e-06 	
3.11	0.331827 	-0.173253 	0.538128 	0.059354 	-1.33847 	1.5903e-06 	
3.115	0.331834 	-0.173284 	0.538096 	0.059354 	-1.33847 	1.58952e-06 	
3.12	0.331853 	-0.173273 	0.53807 	0.0611965 	-1.33879 	1.62918e-06 	
3.125	0.33186 	-0.173304 	0.538038 	0.0611965 	-1.33879 	1.62837e-06 	
3.13	0.331879 	-0.173293 	0.538011 	0.0630595 	-1.33911 	1.6678e-06 	
3.135	0.331886 	-0.173324 	0.537979 	0.0630595 	-1.33911 	1.66693e-06 	
3.14	0.331905 	-0.173314 	0.537952 	0.0649424 	-1.33944 	1.7061e-06 	
3.145	0.331919 	-0.173339 	0.537919 	0.0649424 	-1.33944 	1.70053e-06 	
3.15	0.331938 	-0.173328 	0.537892 	0.0668448 	-1.33977 	1.74324e-06 	
3.155	0.331946 	-0.17336 	0.537859 	0.0668448 	-1.33977 	1.74227e-06 	
3.16	0.331965 	-0.173349 	0.537831 	0.0687663 	-1.34011 	1.78156e-06 	
3.165	0.331973 	-0.173381 	0.537798 	0.0687663 	-1.34011 	1.78054e-06 	
3.17	0.331992 	-0.17337 	0.53777 	0.0707063 	-1.34045 	1.81878e-06 	
3.175	0.332 	-0.173402 	0.537737 	0.0707063 	-1.34045 	1.81772e-06 	
3.18	0.332019 	-0.173391 	0.537709 	0.0726643 	-1.34079 	1.85548e-06 	
3.185	0.332027 	-0.173424 	0.537675 	0.0726643 	-1.34079 	1.85436e-06 	
3.19	0.332047 	-0.173413 	0.537646 	0.0746399 	-1.34114 	1.89169e-06 	
3.195	0.332055 	-0.173446 	0.537613 	0.0746399 	-1.34114 	1.89051e-06 	
3.2	0.332075 	-0.173434 	0.537584 	0.0766325 	-1.34148 	1.92736e-06 	
3.205	0.332083 	-0.173467 	0.53755 	0.0766326 	-1.34148 	1.92613e-06 	
3.21	0.332103 	-0.173456 	0.537521 	0.0786418 	-1.34183 	1.96248e-06 	
3.215	0.332111 	-0.17349 	0.537486 	0.0786418 	-1.34183 	1.9612e-06 	
3.22	0.332131 	-0.173478 	0.537457 	0.0806671 	-1.34219 	1.99701e-06 	
3.225	0.33214 	-0.173512 	0.537422 	0.0806671 	-1.34219 	1.99566e-06 	
3.23	0.33216 	-0.1735 	0.537393 	0.082708 	-1.34254 	2.0309e-06 	
3.235	0.332168 	-0.173534 	0.537358 	0.082708 	-1.34254 	2.0295e-06 	
3.24	0.332189 	-0.173522 	0.537328 	0.084764 	-1.3429 	2.06414e-06 	
3.245	0.332197 	-0.173557 	0.537293 	0.084764 	-1.3429 	2.06267e-06 	
3.25	0.332218 	-0.173545 	0.537263 	0.0868345 	-1.34327 	2.09668e-06 	
3.255	0.332226 	-0.173579 	0.537227 	0.0868345 	-1.34327 	2.09515e-06 	
3.26	0.332247 	-0.173568 	0.537197 	0.088919 	-1.34363 	2.12849e-06 	
3.265	0.332256 	-0.173602 	0.537161 	0.088919 	-1.34363 	2.1269e-06 	
3.27	0.332276 	-0.17359 	0.537131 	0.0910171 	-1.344 	2.15955e-06 	
3.275	0.332285 	-0.173625 	0.537095 	0.0910171 	-1.344 	2.1579e-06 	
3.28	0.332306 	-0.173613 	0.537065 	0.0931282 	-1.34436 	2.18982e-06 	
3.285	0.332315 	-0.173648 	0.537029 	0.0931282 	-1.34436 	2.1881e-06 	
3.29	0.332335 	-0.173636 	0.536998 	0.0952517 	-1.34474 	2.21926e-06 	
3.295	0.332344 	-0.173672 	0.536962 	0.0952517 	-1.34474 	2.21749e-06 	
3.3	0.332365 	-0.173659 	0.536931 	0.0973871 	-1.34511 	2.24786e-06 	
3.305	0.332374 	-0.173695 	0.536894 	0.0973871 	-1.34511 	2.24602e-06 	
3.31	0.332395 	-0.173683 	0.536863 	0.099534 	-1.34548 	2.27558e-06 	
3.315	0.332404 	-0.173718 	0.536826 	0.099534 	-1.34548 	2.27367e-06 	
3.32	0.332425 	-0.173706 	0.536795 	0.101692 	-1.34586 	2.3024e-06 	
3.325	0.332435 	-0.173742 	0.536758 	0.101692 	-1.34586 	2.30042e-06 	
3.33	0.332456 	-0.17373 	0.536727 	0.10386 	-1.34624 	2.32828e-06 	
3.335	0.332465 	-0.173766 	0.53669 	0.10386 	-1.34624 	2.32624e-06 	
3.34	0.332486 	-0.173753 	0.536659 	0.106038 	-1.34662 	2.35319e-06 	
3.345	0.332496 	-0.173789 	0.536621 	0.106038 	-1.34662 	2.35109e-06 	
3.35	0.332517 	-0.173777 	0.53659 	0.108225 	-1.347 	2.37712e-06 	
3.355	0.332526 	-0.173813 	0.536552 	0.108225 	-1.347 	2.37495e-06 	
3.36	0.332547 	-0.173801 	0.536521 	0.110421 	-1.34738 	2.40004e-06 	
3.365	0.332557 	-0.173837 	0.536483 	0.110421 	-1.34738 	2.3978e-06 	
3.37	0.332578 	-0.173825 	0.536452 	0.112625 	-1.34777 	2.42192e-06 	
3.375	0.332588 	-0.173861 	0.536414 	0.112625 	-1.34777 	2.41961e-06 	
3.38	0.332604 	-0.173854 	0.536382 	0.114836 	-1.34816 	2.4762e-06 	
3.385	0.332614 	-0.17389 	0.536344 	0.114836 	-1.34816 	2.47387e-06 	
3.39	0.332635 	-0.173878 	0.536312 	0.117055 	-1.34854 	2.46581e-06 	
3.395	0.332645 	-0.173914 	0.536274 	0.117055 	-1.34854 	2.46337e-06 	
3.4	0.332666 	-0.173902 	0.536242 	0.11928 	-1.34893 	2.48142e-06 	
3.405	0.332676 	-0.173938 	0.536204 	0.11928 	-1.34893 	2.47891e-06 	
3.41	0.332697 	-0.173926 	0.536172 	0.121511 	-1.34932 	2.49863e-06 	
3.415	0.332708 	-0.173963 	0.536134 	0.121511 	-1.34932 	2.49605e-06 	
3.42	0.332729 	-0.17395 	0.536102 	0.123747 	-1.34971 	2.51495e-06 	
3.425	0.332739 	-0.173987 	0.536063 	0.123747 	-1.34971 	2.51231e-06 	
3.43	0.33276 	-0.173974 	0.536031 	0.125989 	-1.3501 	2.53014e-06 	
3.435	0.33277 	-0.174011 	0.535993 	0.125989 	-1.3501 	2.52744e-06 	
3.44	0.332791 	-0.173999 	0.535961 	0.128234 	-1.3505 	2.54415e-06 	
3.445	0.332802 	-0.174036 	0.535922 	0.128234 	-1.3505 	2.54139e-06 	
3.45	0.332823 	-0.174023 	0.53589 	0.130484 	-1.35089 	2.55697e-06 	
3.455	0.332833 	-0.17406 	0.535851 	0.130484 	-1.35089 	2.55413e-06 	
3.46	0.332854 	-0.174048 	0.535819 	0.132736 	-1.35128 	2.56856e-06 	
3.465	0.332865 	-0.174085 	0.53578 	0.132736 	-1.35128 	2.56567e-06 	
3.47	0.332886 	-0.174072 	0.535748 	0.134991 	-1.35168 	2.57893e-06 	
3.475	0.332896 	-0.174109 	0.535709 	0.134991 	-1.35168 	2.57598e-06 	
3.48	0.332917 	-0.174096 	0.535677 	0.137248 	-1.35207 	2.58806e-06 	
3.485	0.332928 	-0.174133 	0.535638 	0.137248 	-1.35207 	2.58505e-06 	
3.49	0.332949 	-0.174121 	0.535606 	0.139507 	-1.35246 	2.59594e-06 	
3.495	0.33296 	-0.174158 	0.535567 	0.139507 	-1.35246 	2.59286e-06 	
3.5	0.332981 	-0.174145 	0.535535 	0.141766 	-1.35286 	2.60254e-06 	
3.505	0.332991 	-0.174182 	0.535496 	0.141766 	-1.35286 	2.59941e-06 	
3.51	0.333012 	-0.17417 	0.535464 	0.144026 	-1.35325 	2.60788e-06 	
3.515	0.333023 	-0.174207 	0.535425 	0.144026 	-1.35325 	2.60469e-06 	
3.52	0.333044 	-0.174194 	0.535393 	0.146286 	-1.35365 	2.61193e-06 	
3.525	0.333055 	-0.174231 	0.535354 	0.146286 	-1.35365 	2.60868e-06 	
3.53	0.333075 	-0.174219 	0.535322 	0.148545 	-1.35404 	2.61469e-06 	
3.535	0.333086 	-0.174256 	0.535283 	0.148545 	-1.35404 	2.61139e-06 	
3.54	0.333107 	-0.174243 	0.535251 	0.150802 	-1.35444 	2.61615e-06 	
3.545	0.333118 	-0.17428 	0.535212 	0.150802 	-1.35444 	2.6128e-06 	
3.55	0.333138 	-0.174268 	0.53518 	0.153058 	-1.35483 	2.61632e-06 	
3.555	0.333149 	-0.174304 	0.535141 	0.153058 	-1.35483 	2.61292e-06 	
3.56	0.33317 	-0.174292 	0.535109 	0.155311 	-1.35522 	2.61518e-06 	
3.565	0.333181 	-0.174329 	0.535071 	0.155311 	-1.35522 	2.61173e-06 	
3.57	0.333201 	-0.174316 	0.535039 	0.157561 	-1.35562 	2.61273e-06 	
3.575	0.333212 	-0.174353 	0.535 	0.157561 	-1.35562 	2.60923e-06 	
3.58	0.333233 	-0.174341 	0.534968 	0.159807 	-1.35601 	2.60897e-06 	
3.585	0.333244 	-0.174377 	0.534929 	0.159807 	-1.35601 	2.60543e-06 	
3.59	0.333268 	-0.174361 	0.534898 	0.16205 	-1.3564 	2.5738e-06 	
3.595	0.33328 	-0.174397 	0.534859 	0.16205 	-1.3564 	2.57018e-06 	
3.6	0.3333 	-0.174385 	0.534827 	0.164287 	-1.35679 	2.59454e-06 	
3.605	0.333311 	-0.174421 	0.534789 	0.164287 	-1.35679 	2.59092e-06 	
3.61	0.333331 	-0.174409 	0.534757 	0.16652 	-1.35718 	2.58958e-06 	
3.615	0.333342 	-0.174445 	0.534719 	0.16652 	-1.35718 	2.58592e-06 	
3.62	0.333362 	-0.174433 	0.534687 	0.168746 	-1.35757 	2.58088e-06 	
3.625	0.333373 	-0.174469 	0.534649 	0.168746 	-1.35757 	2.57719e-06 	
3.63	0.333393 	-0.174457 	0.534617 	0.170966 	-1.35796 	2.57065e-06 	
3.635	0.333404 	-0.174493 	0.534579 	0.170966 	-1.35796 	2.56692e-06 	
3.64	0.333424 	-0.174481 	0.534548 	0.17318 	-1.35834 	2.5591e-06 	
3.645	0.333435 	-0.174517 	0.53451 	0.17318 	-1.35834 	2.55535e-06 	
3.65	0.333455 	-0.174505 	0.534479 	0.175385 	-1.35873 	2.54628e-06 	
3.655	0.333466 	-0.174541 	0.534441 	0.175385 	-1.35873 	2.54249e-06 	
3.66	0.333485 	-0.174529 	0.534409 	0.177583 	-1.35911 	2.53218e-06 	
3.665	0.333497 	-0.174564 	0.534372 	0.177583 	-1.35911 	2.52838e-06 	
3.67	0.333516 	-0.174552 	0.534341 	0.179772 	-1.3595 	2.51684e-06 	
3.675	0.333527 	-0.174588 	0.534303 	0.179772 	-1.3595 	2.51301e-06 	
3.68	0.333546 	-0.174576 	0.534272 	0.181952 	-1.35988 	2.50024e-06 	
3.685	0.333558 	-0.174611 	0.534235 	0.181952 	-1.35988 	2.49639e-06 	
3.69	0.333577 	-0.174599 	0.534204 	0.184123 	-1.36026 	2.48242e-06 	
3.695	0.333588 	-0.174634 	0.534167 	0.184123 	-1.36026 	2.47856e-06 	
3.7	0.333607 	-0.174623 	0.534136 	0.186283 	-1.36063 	2.46338e-06 	
3.705	0.333618 	-0.174658 	0.534099 	0.186283 	-1.36063 	2.45951e-06 	
