0	2.05383 	-0.0926678 	-1.55954 	0.000247443 	-0.0987864 	0.00450331 	
0.005	2.05383 	-0.0926684 	-1.55954 	0.000247412 	-0.0987864 	0.00450329 	
0.01	2.05383 	-0.0926689 	-1.55954 	0.000247384 	-0.0987864 	0.00450328 	
0.015	2.05383 	-0.0926694 	-1.55954 	0.000247358 	-0.0987864 	0.00450326 	
0.02	2.05383 	-0.0926698 	-1.55954 	0.000247334 	-0.0987864 	0.00450325 	
0.025	2.05383 	-0.0926702 	-1.55954 	0.00024731 	-0.0987864 	0.00450323 	
0.03	2.05383 	-0.0926705 	-1.55954 	0.000247287 	-0.0987865 	0.00450322 	
0.035	2.05383 	-0.0926707 	-1.55954 	0.000247265 	-0.0987865 	0.0045032 	
0.04	2.05383 	-0.0926709 	-1.55954 	0.000247242 	-0.0987866 	0.00450318 	
0.045	2.05383 	-0.092671 	-1.55954 	0.000247219 	-0.0987868 	0.00450316 	
0.05	2.05383 	-0.0926711 	-1.55953 	0.000247194 	-0.098787 	0.00450314 	
0.055	2.05384 	-0.0926711 	-1.55953 	0.000247169 	-0.0987872 	0.00450311 	
0.06	2.05384 	-0.092671 	-1.55952 	0.000247143 	-0.0987875 	0.00450308 	
0.065	2.05384 	-0.0926708 	-1.55951 	0.000247114 	-0.0987879 	0.00450305 	
0.07	2.05385 	-0.0926705 	-1.55951 	0.000247084 	-0.0987883 	0.00450301 	
0.075	2.05385 	-0.0926702 	-1.5595 	0.000247052 	-0.0987888 	0.00450297 	
0.08	2.05386 	-0.0926698 	-1.55949 	0.000247017 	-0.0987893 	0.00450292 	
0.085	2.05387 	-0.0926693 	-1.55947 	0.00024698 	-0.0987899 	0.00450287 	
0.09	2.05387 	-0.0926687 	-1.55946 	0.00024694 	-0.0987906 	0.00450282 	
0.095	2.05388 	-0.092668 	-1.55945 	0.000246897 	-0.0987914 	0.00450276 	
0.1	2.05389 	-0.0926673 	-1.55943 	0.000246851 	-0.0987922 	0.00450269 	
0.105	2.0539 	-0.0926664 	-1.55941 	0.000246802 	-0.0987931 	0.00450262 	
0.11	2.05391 	-0.0926655 	-1.55939 	0.000246749 	-0.0987941 	0.00450254 	
0.115	2.05392 	-0.0926644 	-1.55937 	0.000246693 	-0.0987952 	0.00450245 	
0.12	2.05394 	-0.0926633 	-1.55935 	0.000246634 	-0.0987964 	0.00450237 	
0.125	2.05395 	-0.0926621 	-1.55932 	0.000246571 	-0.0987976 	0.00450227 	
0.13	2.05396 	-0.0926608 	-1.5593 	0.000246504 	-0.098799 	0.00450217 	
0.135	2.05398 	-0.0926594 	-1.55927 	0.000246434 	-0.0988004 	0.00450206 	
0.14	2.054 	-0.0926579 	-1.55924 	0.000246359 	-0.0988019 	0.00450195 	
0.145	2.05402 	-0.0926563 	-1.55921 	0.000246281 	-0.0988035 	0.00450182 	
0.15	2.05403 	-0.0926546 	-1.55918 	0.0002462 	-0.0988052 	0.0045017 	
0.155	2.05405 	-0.0926528 	-1.55914 	0.000246114 	-0.098807 	0.00450156 	
0.16	2.05407 	-0.0926509 	-1.55911 	0.000246024 	-0.0988089 	0.00450142 	
0.165	2.05245 	-0.0912477 	-1.56147 	0.00031164 	-0.0988143 	0.00449175 	
0.17	2.05279 	-0.0913151 	-1.56159 	0.000308009 	-0.0988288 	0.00449065 	
0.175	2.05305 	-0.091391 	-1.56162 	0.000303779 	-0.0988416 	0.00448913 	
0.18	2.05321 	-0.0914531 	-1.56159 	0.000300182 	-0.0988509 	0.00448768 	
0.185	2.05336 	-0.0915104 	-1.56156 	0.000296836 	-0.0988598 	0.00448631 	
0.19	2.0535 	-0.0915633 	-1.56152 	0.000293722 	-0.0988683 	0.00448502 	
0.195	2.05364 	-0.091612 	-1.56148 	0.000290824 	-0.0988765 	0.00448381 	
0.2	2.05377 	-0.0916569 	-1.56144 	0.000288125 	-0.0988844 	0.00448266 	
0.205	2.05389 	-0.0916981 	-1.56139 	0.00028561 	-0.0988919 	0.00448158 	
0.21	2.05401 	-0.0917361 	-1.56135 	0.000283266 	-0.0988993 	0.00448056 	
0.215	2.05412 	-0.091771 	-1.5613 	0.00028108 	-0.0989063 	0.00447958 	
0.22	2.05423 	-0.0918029 	-1.56124 	0.00027904 	-0.0989132 	0.00447866 	
0.225	2.05271 	-0.0904581 	-1.56356 	0.000341924 	-0.0989232 	0.00446879 	
0.23	2.05312 	-0.0905536 	-1.56366 	0.000336644 	-0.0989421 	0.004467 	
0.235	2.05345 	-0.0906552 	-1.56367 	0.000330891 	-0.0989589 	0.00446485 	
0.24	2.05367 	-0.0907412 	-1.56362 	0.000325877 	-0.0989721 	0.00446279 	
0.245	2.05389 	-0.0908205 	-1.56357 	0.000321215 	-0.0989847 	0.00446085 	
0.25	2.05409 	-0.0908937 	-1.56351 	0.000316878 	-0.0989968 	0.00445903 	
0.255	2.05428 	-0.0909611 	-1.56346 	0.000312842 	-0.0990083 	0.00445732 	
0.26	2.05446 	-0.0910232 	-1.56339 	0.000309085 	-0.0990193 	0.0044557 	
0.265	2.05464 	-0.0910804 	-1.56333 	0.000305586 	-0.0990299 	0.00445418 	
0.27	2.0548 	-0.091133 	-1.56326 	0.000302327 	-0.0990402 	0.00445274 	
0.275	2.05323 	-0.0897318 	-1.56571 	0.000367996 	-0.0990536 	0.00444226 	
0.28	2.05372 	-0.0898498 	-1.56581 	0.000361411 	-0.0990765 	0.00443995 	
0.285	2.05411 	-0.0899727 	-1.56581 	0.000354405 	-0.099097 	0.00443727 	
0.29	2.05439 	-0.0900775 	-1.56575 	0.000348261 	-0.0991133 	0.00443471 	
0.295	2.05492 	-0.0905071 	-1.56605 	0.000368568 	-0.0991622 	0.0043958 	
0.3	2.05516 	-0.0905963 	-1.56597 	0.000363255 	-0.099177 	0.00439354 	
0.305	2.0554 	-0.0906785 	-1.5659 	0.000358312 	-0.0991912 	0.00439141 	
0.31	2.05562 	-0.0907542 	-1.56582 	0.000353712 	-0.0992048 	0.00438941 	
0.315	2.05419 	-0.0894492 	-1.56813 	0.00041491 	-0.0992211 	0.0043792 	
0.32	2.0547 	-0.0895832 	-1.56821 	0.000407345 	-0.0992462 	0.00437645 	
0.325	2.05513 	-0.0897205 	-1.5682 	0.000399458 	-0.0992689 	0.00437335 	
0.33	2.05545 	-0.0898391 	-1.56812 	0.000392475 	-0.0992876 	0.0043704 	
0.335	2.05575 	-0.0899485 	-1.56804 	0.000385983 	-0.0993054 	0.00436763 	
0.34	2.05603 	-0.0900493 	-1.56796 	0.000379945 	-0.0993223 	0.00436503 	
0.345	2.0563 	-0.0901423 	-1.56787 	0.000374329 	-0.0993385 	0.00436258 	
0.35	2.05656 	-0.090228 	-1.56778 	0.000369104 	-0.0993541 	0.00436028 	
0.355	2.05497 	-0.0887854 	-1.57035 	0.00043711 	-0.0993728 	0.00434932 	
0.36	2.05557 	-0.0889371 	-1.57044 	0.000428538 	-0.0994017 	0.00434619 	
0.365	2.05605 	-0.0890915 	-1.57043 	0.000419643 	-0.0994275 	0.00434266 	
0.37	2.05641 	-0.0892244 	-1.57034 	0.000411784 	-0.0994485 	0.0043393 	
0.375	2.05675 	-0.0893471 	-1.57025 	0.000404478 	-0.0994684 	0.00433614 	
0.38	2.05706 	-0.0894602 	-1.57015 	0.000397685 	-0.0994875 	0.00433317 	
0.385	2.05736 	-0.0895644 	-1.57005 	0.000391368 	-0.0995057 	0.00433039 	
0.39	2.05585 	-0.0881752 	-1.57256 	0.000457047 	-0.0995268 	0.00431962 	
0.395	2.05648 	-0.0883412 	-1.57264 	0.000447599 	-0.0995578 	0.00431608 	
0.4	2.057 	-0.0885088 	-1.57262 	0.000437896 	-0.0995857 	0.00431216 	
0.405	2.05739 	-0.0886541 	-1.57252 	0.000429281 	-0.0996087 	0.00430843 	
0.41	2.05776 	-0.0887881 	-1.57241 	0.000421274 	-0.0996305 	0.00430493 	
0.415	2.0581 	-0.0889117 	-1.5723 	0.000413829 	-0.0996514 	0.00430164 	
0.42	2.05675 	-0.0876469 	-1.57463 	0.000473709 	-0.0996747 	0.00429138 	
0.425	2.05739 	-0.0878237 	-1.57468 	0.000463566 	-0.0997068 	0.00428746 	
0.43	2.05792 	-0.0880008 	-1.57464 	0.00045326 	-0.099736 	0.00428322 	
0.435	2.05834 	-0.0881556 	-1.57453 	0.000444051 	-0.0997606 	0.00427919 	
0.44	2.05874 	-0.0882985 	-1.57442 	0.000435492 	-0.099784 	0.00427541 	
0.445	2.05911 	-0.0884302 	-1.5743 	0.000427536 	-0.0998064 	0.00427186 	
0.45	2.05768 	-0.0871057 	-1.57675 	0.000490584 	-0.0998313 	0.00426141 	
0.455	2.05837 	-0.087294 	-1.57681 	0.000479761 	-0.0998657 	0.00425721 	
0.46	2.05894 	-0.0874821 	-1.57677 	0.000468786 	-0.0998969 	0.00425265 	
0.465	2.05939 	-0.0876464 	-1.57665 	0.000458985 	-0.099923 	0.00424831 	
0.47	2.05981 	-0.087798 	-1.57653 	0.000449878 	-0.099948 	0.00424424 	
0.475	2.0602 	-0.0879377 	-1.5764 	0.000441413 	-0.0999717 	0.00424042 	
0.48	2.05869 	-0.0865392 	-1.57901 	0.000508401 	-0.0999982 	0.00422979 	
0.485	2.05943 	-0.0867398 	-1.57907 	0.00049685 	-0.100035 	0.00422528 	
0.49	2.06004 	-0.0869399 	-1.57903 	0.000485152 	-0.100068 	0.00422037 	
0.495	2.06051 	-0.0871144 	-1.5789 	0.000474719 	-0.100096 	0.0042157 	
0.5	2.06095 	-0.0872754 	-1.57877 	0.000465025 	-0.100123 	0.00421132 	
0.505	2.05968 	-0.0860637 	-1.58108 	0.00052307 	-0.100151 	0.00420135 	
0.51	2.0604 	-0.0862729 	-1.58111 	0.000510931 	-0.100188 	0.00419646 	
0.515	2.06102 	-0.0864801 	-1.58105 	0.000498758 	-0.100222 	0.00419125 	
0.52	2.06151 	-0.0866626 	-1.58091 	0.000487825 	-0.100251 	0.00418631 	
0.525	2.06198 	-0.0868309 	-1.58077 	0.000477668 	-0.100279 	0.00418168 	
0.53	2.06067 	-0.0855947 	-1.58314 	0.000537208 	-0.100309 	0.00417175 	
0.535	2.06143 	-0.0858126 	-1.58318 	0.000524538 	-0.100347 	0.0041666 	
0.54	2.06207 	-0.0860281 	-1.58311 	0.000511849 	-0.100383 	0.00416112 	
0.545	2.06258 	-0.0862178 	-1.58297 	0.000500454 	-0.100413 	0.00415592 	
0.55	2.06307 	-0.0863927 	-1.58282 	0.000489868 	-0.100442 	0.00415105 	
0.555	2.06171 	-0.0851136 	-1.58529 	0.000551863 	-0.100473 	0.00414114 	
0.56	2.0625 	-0.0853408 	-1.58533 	0.000538633 	-0.100513 	0.00413573 	
0.565	2.06317 	-0.0855651 	-1.58526 	0.000525391 	-0.10055 	0.00412996 	
0.57	2.06371 	-0.0857626 	-1.58511 	0.000513507 	-0.100582 	0.00412449 	
0.575	2.06421 	-0.0859446 	-1.58496 	0.000502469 	-0.100612 	0.00411935 	
0.58	2.0628 	-0.0846231 	-1.58753 	0.000566938 	-0.100644 	0.0041095 	
0.585	2.06363 	-0.0848599 	-1.58757 	0.000553122 	-0.100686 	0.00410382 	
0.59	2.06433 	-0.0850936 	-1.5875 	0.000539303 	-0.100725 	0.00409775 	
0.595	2.06488 	-0.085299 	-1.58735 	0.00052691 	-0.100757 	0.00409198 	
0.6	2.0654 	-0.0854884 	-1.58719 	0.0005154 	-0.100788 	0.00408657 	
0.605	2.06393 	-0.084127 	-1.58985 	0.000582273 	-0.100822 	0.00407684 	
0.61	2.0648 	-0.0843737 	-1.5899 	0.000567855 	-0.100866 	0.00407087 	
0.615	2.06553 	-0.0846169 	-1.58983 	0.000553444 	-0.100906 	0.00406449 	
0.62	2.06585 	-0.0845055 	-1.5893 	0.000515219 	-0.100907 	0.00409463 	
0.625	2.06472 	-0.0834105 	-1.59152 	0.000568901 	-0.100943 	0.00408546 	
0.63	2.06555 	-0.0836633 	-1.59151 	0.000554011 	-0.100986 	0.00407907 	
0.635	2.06627 	-0.0839108 	-1.59142 	0.000539279 	-0.101026 	0.00407242 	
0.64	2.06686 	-0.0841305 	-1.59125 	0.000525971 	-0.101061 	0.00406611 	
0.645	2.06574 	-0.0830409 	-1.59348 	0.000579659 	-0.101097 	0.00405711 	
0.65	2.06658 	-0.0832995 	-1.59347 	0.000564398 	-0.101141 	0.0040505 	
0.655	2.06732 	-0.0835522 	-1.59337 	0.000549314 	-0.101182 	0.00404363 	
0.66	2.06792 	-0.0837768 	-1.5932 	0.000535684 	-0.101218 	0.00403712 	
0.665	2.06677 	-0.0826684 	-1.59548 	0.000590647 	-0.101255 	0.00402828 	
0.67	2.06764 	-0.082933 	-1.59548 	0.000575 	-0.1013 	0.00402147 	
0.675	2.06839 	-0.0831917 	-1.59538 	0.000559536 	-0.101342 	0.00401438 	
0.68	2.06901 	-0.0834213 	-1.5952 	0.000545568 	-0.101378 	0.00400765 	
0.685	2.06783 	-0.0822931 	-1.59754 	0.000601881 	-0.101416 	0.00399899 	
0.69	2.06872 	-0.0825641 	-1.59753 	0.000585826 	-0.101463 	0.00399196 	
0.695	2.06949 	-0.082829 	-1.59743 	0.000569962 	-0.101505 	0.00398463 	
0.7	2.07013 	-0.083064 	-1.59725 	0.000555638 	-0.101543 	0.00397767 	
0.705	2.06892 	-0.0819174 	-1.59964 	0.000613258 	-0.101581 	0.00396922 	
0.71	2.06984 	-0.082195 	-1.59964 	0.000596782 	-0.101629 	0.00396196 	
0.715	2.07062 	-0.0824662 	-1.59954 	0.000580504 	-0.101673 	0.00395438 	
0.72	2.07127 	-0.0827069 	-1.59935 	0.000565811 	-0.101711 	0.00394718 	
0.725	2.07004 	-0.0815432 	-1.60179 	0.000624692 	-0.10175 	0.00393896 	
0.73	2.07097 	-0.0818276 	-1.60179 	0.000607783 	-0.101799 	0.00393146 	
0.735	2.07178 	-0.0821053 	-1.60169 	0.000591083 	-0.101844 	0.00392363 	
0.74	2.07244 	-0.0823516 	-1.6015 	0.000576013 	-0.101882 	0.00391619 	
0.745	2.07118 	-0.0811723 	-1.60399 	0.000636108 	-0.101923 	0.00390822 	
0.75	2.07214 	-0.0814635 	-1.60399 	0.000618762 	-0.101973 	0.00390048 	
0.755	2.07296 	-0.0817479 	-1.60389 	0.000601634 	-0.102018 	0.00389238 	
0.76	2.07363 	-0.0819999 	-1.60369 	0.000586183 	-0.102058 	0.00388469 	
0.765	2.07235 	-0.0808063 	-1.60624 	0.000647448 	-0.102099 	0.00387701 	
0.77	2.07333 	-0.0811044 	-1.60624 	0.000629663 	-0.10215 	0.00386902 	
0.775	2.07417 	-0.0813953 	-1.60613 	0.000612105 	-0.102197 	0.00386066 	
0.78	2.07485 	-0.0816531 	-1.60593 	0.00059627 	-0.102237 	0.0038527 	
0.785	2.07354 	-0.0804466 	-1.60852 	0.000658663 	-0.102279 	0.00384534 	
0.79	2.07455 	-0.0807514 	-1.60853 	0.000640437 	-0.102331 	0.0038371 	
0.795	2.07541 	-0.0810488 	-1.60842 	0.00062245 	-0.102378 	0.00382847 	
0.8	2.0761 	-0.0813124 	-1.60821 	0.000606232 	-0.102419 	0.00382025 	
0.805	2.07476 	-0.0800942 	-1.61085 	0.00066971 	-0.102462 	0.00381323 	
0.81	2.07579 	-0.0804058 	-1.61086 	0.000651047 	-0.102515 	0.00380474 	
0.815	2.07666 	-0.0807097 	-1.61075 	0.000632632 	-0.102563 	0.00379583 	
0.82	2.07737 	-0.0809789 	-1.61054 	0.000616031 	-0.102605 	0.00378736 	
0.825	2.07601 	-0.0797504 	-1.61322 	0.000680555 	-0.102648 	0.0037807 	
0.83	2.07705 	-0.0800686 	-1.61323 	0.000661457 	-0.102703 	0.00377196 	
0.835	2.07794 	-0.0803789 	-1.61311 	0.000642617 	-0.102752 	0.00376278 	
0.84	2.07866 	-0.0806537 	-1.6129 	0.000625637 	-0.102794 	0.00375404 	
0.845	2.07728 	-0.079416 	-1.61562 	0.000691164 	-0.102838 	0.00374779 	
0.85	2.07834 	-0.0797408 	-1.61563 	0.000671635 	-0.102893 	0.00373879 	
0.855	2.07925 	-0.0800573 	-1.61552 	0.000652376 	-0.102943 	0.00372933 	
0.86	2.07998 	-0.0803377 	-1.6153 	0.000635019 	-0.102986 	0.00372033 	
0.865	2.07857 	-0.0790921 	-1.61806 	0.00070151 	-0.103031 	0.0037145 	
0.87	2.07965 	-0.0794233 	-1.61808 	0.000681555 	-0.103087 	0.00370525 	
0.875	2.08057 	-0.079746 	-1.61796 	0.00066188 	-0.103138 	0.00369552 	
0.88	2.08131 	-0.0800317 	-1.61774 	0.000644151 	-0.103181 	0.00368625 	
0.885	2.07988 	-0.0787796 	-1.62054 	0.000711564 	-0.103226 	0.00368088 	
0.89	2.08098 	-0.079117 	-1.62055 	0.000691189 	-0.103283 	0.00367137 	
0.895	2.08191 	-0.0794457 	-1.62044 	0.000671104 	-0.103335 	0.00366136 	
0.9	2.08266 	-0.0797368 	-1.62021 	0.000653009 	-0.103379 	0.00365183 	
0.905	2.08121 	-0.0784792 	-1.62305 	0.000721302 	-0.103424 	0.00364694 	
0.91	2.08233 	-0.0788227 	-1.62307 	0.000700514 	-0.103483 	0.00363718 	
0.915	2.08328 	-0.0791573 	-1.62294 	0.000680026 	-0.103535 	0.0036269 	
0.92	2.08233 	-0.078265 	-1.62511 	0.00072832 	-0.103582 	0.00362072 	
0.925	2.08336 	-0.0786118 	-1.62505 	0.000707175 	-0.103637 	0.00361035 	
0.93	2.08428 	-0.0789469 	-1.62489 	0.00068656 	-0.103688 	0.00359979 	
0.935	2.08505 	-0.0792469 	-1.62466 	0.00066784 	-0.103733 	0.0035898 	
0.94	2.08361 	-0.078017 	-1.62749 	0.000735635 	-0.10378 	0.00358572 	
0.945	2.08474 	-0.0783684 	-1.62751 	0.000714276 	-0.103839 	0.00357555 	
0.95	2.08571 	-0.0787104 	-1.62738 	0.000693243 	-0.103892 	0.00356485 	
0.955	2.08474 	-0.0778183 	-1.62959 	0.000742351 	-0.10394 	0.00355934 	
0.96	2.0858 	-0.0781731 	-1.62953 	0.00072063 	-0.103996 	0.00354857 	
0.965	2.08673 	-0.0785158 	-1.62937 	0.000699458 	-0.104048 	0.00353759 	
0.97	2.08551 	-0.077278 	-1.6311 	0.00071794 	-0.104059 	0.00357542 	
0.975	2.08657 	-0.077635 	-1.63103 	0.000696039 	-0.104116 	0.00356447 	
0.98	2.0875 	-0.0779795 	-1.63087 	0.000674709 	-0.104168 	0.00355335 	
0.985	2.08657 	-0.0771219 	-1.63304 	0.000722611 	-0.104216 	0.00354833 	
0.99	2.08763 	-0.0774811 	-1.63298 	0.000700531 	-0.104273 	0.00353726 	
0.995	2.08857 	-0.0778277 	-1.63282 	0.000679028 	-0.104326 	0.00352598 	
1	2.08764 	-0.0769702 	-1.63501 	0.000727301 	-0.104375 	0.00352131 	
1.005	2.08871 	-0.0773319 	-1.63494 	0.000705031 	-0.104432 	0.00351009 	
1.01	2.08965 	-0.0776809 	-1.63478 	0.000683339 	-0.104485 	0.00349867 	
1.015	2.08871 	-0.076824 	-1.63699 	0.000731967 	-0.104534 	0.00349434 	
1.02	2.08979 	-0.0771882 	-1.63692 	0.000709494 	-0.104592 	0.00348297 	
1.025	2.09074 	-0.0775398 	-1.63676 	0.000687605 	-0.104645 	0.00347139 	
1.03	2.08979 	-0.0766841 	-1.63898 	0.000736558 	-0.104694 	0.0034674 	
1.035	2.09087 	-0.0770511 	-1.63892 	0.000713875 	-0.104752 	0.00345587 	
1.04	2.09183 	-0.0774053 	-1.63876 	0.00069178 	-0.104805 	0.00344413 	
1.045	2.09087 	-0.0765514 	-1.64099 	0.000741029 	-0.104855 	0.00344049 	
1.05	2.09197 	-0.0769212 	-1.64093 	0.000718131 	-0.104913 	0.0034288 	
1.055	2.09293 	-0.0772781 	-1.64077 	0.000695826 	-0.104967 	0.00341688 	
1.06	2.09196 	-0.0764267 	-1.64301 	0.000745345 	-0.105017 	0.00341359 	
1.065	2.09306 	-0.0767993 	-1.64295 	0.000722229 	-0.105075 	0.00340174 	
1.07	2.09403 	-0.077159 	-1.64279 	0.000699712 	-0.105129 	0.00338966 	
1.075	2.09306 	-0.0763106 	-1.64504 	0.000749475 	-0.105179 	0.00338672 	
1.08	2.09416 	-0.076686 	-1.64498 	0.000726141 	-0.105238 	0.00337471 	
1.085	2.09513 	-0.0770484 	-1.64482 	0.000703411 	-0.105292 	0.00336245 	
1.09	2.09416 	-0.0762035 	-1.64709 	0.000753395 	-0.105343 	0.00335987 	
1.095	2.09526 	-0.0765817 	-1.64703 	0.000729843 	-0.105402 	0.00334769 	
1.1	2.09624 	-0.0769468 	-1.64686 	0.000706901 	-0.105456 	0.00333527 	
1.105	2.09526 	-0.0761059 	-1.64914 	0.000757083 	-0.105506 	0.00333305 	
1.11	2.09637 	-0.0764869 	-1.64908 	0.000733315 	-0.105566 	0.0033207 	
1.115	2.09736 	-0.0768546 	-1.64892 	0.000710163 	-0.10562 	0.0033081 	
1.12	2.09636 	-0.0760182 	-1.6512 	0.000760521 	-0.105671 	0.00330626 	
1.125	2.09748 	-0.0764019 	-1.65114 	0.000736539 	-0.105731 	0.00329374 	
1.13	2.09847 	-0.0767722 	-1.65098 	0.000713181 	-0.105785 	0.00328098 	
1.135	2.09747 	-0.0759407 	-1.65327 	0.000763693 	-0.105836 	0.0032795 	
1.14	2.0986 	-0.0763271 	-1.65321 	0.000739502 	-0.105896 	0.00326682 	
1.145	2.09959 	-0.0766999 	-1.65305 	0.000715941 	-0.105951 	0.00325389 	
1.15	2.09859 	-0.0758737 	-1.65535 	0.000766587 	-0.106002 	0.00325279 	
1.155	2.09971 	-0.0762626 	-1.65529 	0.000742191 	-0.106062 	0.00323995 	
1.16	2.10071 	-0.0766379 	-1.65512 	0.000718431 	-0.106116 	0.00322685 	
1.165	2.0997 	-0.0758175 	-1.65743 	0.000769191 	-0.106168 	0.00322613 	
1.17	2.10083 	-0.0762088 	-1.65737 	0.000744595 	-0.106228 	0.00321313 	
1.175	2.10183 	-0.0765865 	-1.6572 	0.000720641 	-0.106283 	0.00319986 	
1.18	2.10082 	-0.0757722 	-1.65952 	0.000771495 	-0.106334 	0.00319953 	
1.185	2.10195 	-0.0761659 	-1.65946 	0.000746704 	-0.106394 	0.00318638 	
1.19	2.10295 	-0.0765458 	-1.65929 	0.000722561 	-0.106449 	0.00317295 	
1.195	2.10194 	-0.075738 	-1.66161 	0.000773489 	-0.106501 	0.003173 	
1.2	2.10307 	-0.076134 	-1.66155 	0.00074851 	-0.106561 	0.0031597 	
1.205	2.10407 	-0.076516 	-1.66138 	0.000724184 	-0.106616 	0.00314611 	
1.21	2.10305 	-0.0757151 	-1.6637 	0.000775167 	-0.106667 	0.00314655 	
1.215	2.10419 	-0.0761132 	-1.66364 	0.000750006 	-0.106728 	0.0031331 	
1.22	2.10519 	-0.0764973 	-1.66347 	0.000725503 	-0.106783 	0.00311936 	
1.225	2.10417 	-0.0757036 	-1.6658 	0.000776521 	-0.106835 	0.0031202 	
1.23	2.10531 	-0.0761037 	-1.66573 	0.000751184 	-0.106895 	0.00310659 	
1.235	2.10632 	-0.0764897 	-1.66556 	0.000726512 	-0.10695 	0.0030927 	
1.24	2.10529 	-0.0757036 	-1.66789 	0.000777546 	-0.107002 	0.00309394 	
1.245	2.10643 	-0.0761056 	-1.66783 	0.00075204 	-0.107062 	0.00308019 	
1.25	2.10744 	-0.0764935 	-1.66766 	0.000727204 	-0.107118 	0.00306615 	
1.255	2.10641 	-0.0757152 	-1.66999 	0.000778235 	-0.107169 	0.00306779 	
1.26	2.10755 	-0.076119 	-1.66993 	0.000752568 	-0.10723 	0.0030539 	
1.265	2.10856 	-0.0765086 	-1.66975 	0.000727576 	-0.107285 	0.00303972 	
1.27	2.1077 	-0.0759686 	-1.67235 	0.000796149 	-0.107359 	0.00301487 	
1.275	2.10885 	-0.0763741 	-1.67229 	0.000770329 	-0.10742 	0.00300085 	
1.28	2.10985 	-0.0767652 	-1.67212 	0.000745188 	-0.107475 	0.00298653 	
1.285	2.10882 	-0.0760036 	-1.67445 	0.000796137 	-0.107526 	0.00298895 	
1.29	2.10996 	-0.0764105 	-1.67438 	0.000770171 	-0.107587 	0.0029748 	
1.295	2.11097 	-0.0768031 	-1.67421 	0.000744889 	-0.107642 	0.00296034 	
1.3	2.10994 	-0.0760503 	-1.67654 	0.000795777 	-0.107694 	0.00296316 	
1.305	2.11108 	-0.0764586 	-1.67648 	0.000769673 	-0.107754 	0.00294888 	
1.31	2.11208 	-0.0768525 	-1.6763 	0.000744258 	-0.107809 	0.00293431 	
1.315	2.11105 	-0.0761087 	-1.67863 	0.000795067 	-0.10786 	0.00293752 	
1.32	2.11219 	-0.0765183 	-1.67857 	0.000768833 	-0.107921 	0.00292312 	
1.325	2.11319 	-0.0769134 	-1.67839 	0.000743292 	-0.107976 	0.00290842 	
1.33	2.11216 	-0.076179 	-1.68072 	0.000794003 	-0.108027 	0.00291204 	
1.335	2.1133 	-0.0765897 	-1.68065 	0.000767648 	-0.108087 	0.00289752 	
1.34	2.1143 	-0.0769858 	-1.68048 	0.00074199 	-0.108142 	0.00288271 	
1.345	2.11326 	-0.0762609 	-1.6828 	0.000792584 	-0.108193 	0.00288672 	
1.35	2.1144 	-0.0766726 	-1.68273 	0.000766117 	-0.108254 	0.00287209 	
1.355	2.1154 	-0.0770696 	-1.68256 	0.000740349 	-0.108308 	0.00285716 	
1.36	2.11437 	-0.0763546 	-1.68487 	0.000790807 	-0.108359 	0.00286157 	
1.365	2.1155 	-0.0767671 	-1.68481 	0.000764236 	-0.108419 	0.00284684 	
1.37	2.1165 	-0.0771649 	-1.68463 	0.000738368 	-0.108474 	0.0028318 	
1.375	2.11547 	-0.07646 	-1.68694 	0.000788672 	-0.108525 	0.0028366 	
1.38	2.1166 	-0.0768731 	-1.68687 	0.000762006 	-0.108585 	0.00282177 	
1.385	2.11759 	-0.0772716 	-1.6867 	0.000736047 	-0.108639 	0.00280664 	
1.39	2.11656 	-0.0765769 	-1.689 	0.000786177 	-0.10869 	0.00281183 	
1.395	2.11769 	-0.0769906 	-1.68894 	0.000759426 	-0.108749 	0.0027969 	
1.4	2.11868 	-0.0773896 	-1.68876 	0.000733385 	-0.108804 	0.00278167 	
1.405	2.11765 	-0.0767053 	-1.69106 	0.000783323 	-0.108854 	0.00278725 	
1.41	2.11878 	-0.0771194 	-1.69099 	0.000756496 	-0.108914 	0.00277223 	
1.415	2.11977 	-0.0775187 	-1.69081 	0.000730381 	-0.108968 	0.00275691 	
1.42	2.11874 	-0.0768451 	-1.6931 	0.000780109 	-0.109018 	0.00276287 	
1.425	2.11986 	-0.0772595 	-1.69303 	0.000753216 	-0.109077 	0.00274777 	
1.43	2.12084 	-0.077659 	-1.69286 	0.000727036 	-0.109131 	0.00273237 	
1.435	2.11982 	-0.0769963 	-1.69514 	0.000776535 	-0.109181 	0.0027387 	
1.44	2.12093 	-0.0774107 	-1.69507 	0.000749585 	-0.10924 	0.00272353 	
1.445	2.12191 	-0.0778103 	-1.69489 	0.000723351 	-0.109294 	0.00270805 	
1.45	2.12089 	-0.0771585 	-1.69716 	0.000772604 	-0.109343 	0.00271475 	
1.455	2.122 	-0.0775729 	-1.69709 	0.000745607 	-0.109402 	0.00269951 	
1.46	2.12298 	-0.0779725 	-1.69692 	0.000719327 	-0.109456 	0.00268396 	
1.465	2.12196 	-0.0773319 	-1.69917 	0.000768315 	-0.109505 	0.00269103 	
1.47	2.12306 	-0.077746 	-1.6991 	0.000741281 	-0.109563 	0.00267572 	
1.475	2.12404 	-0.0781454 	-1.69893 	0.000714966 	-0.109617 	0.00266011 	
1.48	2.12302 	-0.077516 	-1.70117 	0.00076367 	-0.109666 	0.00266753 	
1.485	2.12412 	-0.0779298 	-1.7011 	0.00073661 	-0.109724 	0.00265216 	
1.49	2.12509 	-0.0783288 	-1.70093 	0.00071027 	-0.109777 	0.0026365 	
1.495	2.12408 	-0.0777109 	-1.70316 	0.000758672 	-0.109826 	0.00264428 	
1.5	2.12517 	-0.0781242 	-1.70309 	0.000731596 	-0.109883 	0.00262886 	
1.505	2.12613 	-0.0785227 	-1.70292 	0.00070524 	-0.109936 	0.00261315 	
1.51	2.12512 	-0.0779163 	-1.70514 	0.000753324 	-0.109984 	0.00262126 	
1.515	2.12621 	-0.0783289 	-1.70506 	0.000726242 	-0.110042 	0.0026058 	
1.52	2.12716 	-0.0787267 	-1.70489 	0.000699881 	-0.110094 	0.00259005 	
1.525	2.12616 	-0.0781319 	-1.7071 	0.000747627 	-0.110142 	0.00259849 	
1.53	2.12724 	-0.0785437 	-1.70702 	0.00072055 	-0.110199 	0.00258299 	
1.535	2.12819 	-0.0789407 	-1.70685 	0.000694194 	-0.110251 	0.00256721 	
1.54	2.12719 	-0.0783577 	-1.70904 	0.000741586 	-0.110299 	0.00257598 	
1.545	2.12826 	-0.0787685 	-1.70897 	0.000714525 	-0.110356 	0.00256044 	
1.55	2.12921 	-0.0791645 	-1.7088 	0.000688185 	-0.110407 	0.00254464 	
1.555	2.12822 	-0.0785933 	-1.71097 	0.000735204 	-0.110455 	0.00255372 	
1.56	2.12928 	-0.0790029 	-1.7109 	0.00070817 	-0.110511 	0.00253816 	
1.565	2.13022 	-0.0793979 	-1.71072 	0.000681856 	-0.110562 	0.00252233 	
1.57	2.12923 	-0.0788385 	-1.71288 	0.000728486 	-0.110609 	0.00253172 	
1.575	2.13029 	-0.0792468 	-1.71281 	0.000701489 	-0.110665 	0.00251615 	
1.58	2.13122 	-0.0796405 	-1.71264 	0.000675212 	-0.110716 	0.00250031 	
1.585	2.13024 	-0.0790931 	-1.71478 	0.000721435 	-0.110763 	0.00250999 	
1.59	2.13128 	-0.0795 	-1.7147 	0.000694487 	-0.110818 	0.0024944 	
1.595	2.13221 	-0.0798923 	-1.71453 	0.000668258 	-0.110868 	0.00247856 	
1.6	2.13124 	-0.0793568 	-1.71665 	0.000714058 	-0.110915 	0.00248852 	
1.605	2.13255 	-0.080136 	-1.71702 	0.000715274 	-0.111007 	0.00242843 	
1.61	2.13347 	-0.0805268 	-1.71685 	0.000689104 	-0.111056 	0.0024126 	
1.615	2.13425 	-0.0808762 	-1.7166 	0.000665366 	-0.1111 	0.00239769 	
1.62	2.13274 	-0.0800657 	-1.71941 	0.00073306 	-0.111145 	0.00241658 	
1.625	2.13385 	-0.0804697 	-1.71942 	0.000706362 	-0.111203 	0.00240172 	
1.63	2.1348 	-0.0808631 	-1.71929 	0.000680042 	-0.111254 	0.00238599 	
1.635	2.13379 	-0.0803302 	-1.72143 	0.000726817 	-0.111299 	0.00239726 	
1.64	2.13481 	-0.0807344 	-1.72136 	0.000699903 	-0.111353 	0.0023816 	
1.645	2.13571 	-0.0811245 	-1.72119 	0.000673683 	-0.111402 	0.00236567 	
1.65	2.13648 	-0.0814732 	-1.72094 	0.000649911 	-0.111445 	0.00235067 	
1.655	2.13499 	-0.0807009 	-1.7237 	0.000716147 	-0.111489 	0.00237022 	
1.66	2.13608 	-0.0811027 	-1.7237 	0.000689488 	-0.111546 	0.00235526 	
1.665	2.13701 	-0.081494 	-1.72356 	0.000663213 	-0.111596 	0.00233948 	
1.67	2.13776 	-0.0818404 	-1.72332 	0.00063954 	-0.111638 	0.00232449 	
1.675	2.13624 	-0.0810672 	-1.72609 	0.000706724 	-0.111681 	0.00234511 	
1.68	2.13732 	-0.0814685 	-1.7261 	0.000680059 	-0.111737 	0.00233013 	
1.685	2.13824 	-0.0818594 	-1.72596 	0.000653757 	-0.111787 	0.0023143 	
1.69	2.13899 	-0.0822054 	-1.72571 	0.000630069 	-0.111828 	0.00229925 	
1.695	2.13748 	-0.0814546 	-1.72845 	0.000696325 	-0.111871 	0.00232018 	
1.7	2.13854 	-0.0818545 	-1.72845 	0.000669695 	-0.111926 	0.00230515 	
1.705	2.13945 	-0.082244 	-1.72832 	0.000643432 	-0.111975 	0.00228929 	
1.71	2.14019 	-0.0825889 	-1.72807 	0.000619774 	-0.112016 	0.00227424 	
1.715	2.13871 	-0.0818622 	-1.73076 	0.000684907 	-0.112059 	0.00229538 	
1.72	2.13975 	-0.0822598 	-1.73076 	0.000658371 	-0.112113 	0.00228034 	
1.725	2.14065 	-0.0826471 	-1.73063 	0.000632204 	-0.112161 	0.00226449 	
1.73	2.14137 	-0.0829901 	-1.73038 	0.000608627 	-0.112201 	0.00224945 	
1.735	2.13992 	-0.0822873 	-1.73303 	0.000672605 	-0.112243 	0.00227078 	
1.74	2.14094 	-0.0826819 	-1.73303 	0.000646212 	-0.112296 	0.00225576 	
1.745	2.14182 	-0.0830663 	-1.73289 	0.00062019 	-0.112344 	0.00223996 	
1.75	2.14254 	-0.0834068 	-1.73265 	0.000596739 	-0.112384 	0.00222499 	
1.755	2.1411 	-0.0827275 	-1.73525 	0.00065954 	-0.112425 	0.00224648 	
1.76	2.14211 	-0.0831185 	-1.73524 	0.000633334 	-0.112477 	0.00223151 	
1.765	2.14297 	-0.0834993 	-1.7351 	0.000607498 	-0.112523 	0.00221578 	
1.77	2.14368 	-0.0838368 	-1.73486 	0.000584211 	-0.112563 	0.00220089 	
1.775	2.14227 	-0.0831807 	-1.73741 	0.000645809 	-0.112603 	0.00222252 	
1.78	2.14326 	-0.0835675 	-1.7374 	0.000619828 	-0.112654 	0.00220762 	
1.785	2.14411 	-0.0839442 	-1.73727 	0.000594216 	-0.1127 	0.002192 	
1.79	2.14481 	-0.0842782 	-1.73703 	0.000571125 	-0.112739 	0.00217722 	
1.795	2.14342 	-0.0836451 	-1.73953 	0.000631492 	-0.112778 	0.00219894 	
1.8	2.14439 	-0.0840272 	-1.73952 	0.00060577 	-0.112828 	0.00218415 	
1.805	2.14522 	-0.0843994 	-1.73939 	0.000580413 	-0.112873 	0.00216865 	
1.81	2.14591 	-0.0847295 	-1.73916 	0.000557549 	-0.112911 	0.002154 	
1.815	2.14455 	-0.0841191 	-1.7416 	0.000616652 	-0.11295 	0.00217578 	
1.82	2.1455 	-0.0844961 	-1.74159 	0.00059122 	-0.112999 	0.00216111 	
1.825	2.14632 	-0.0848634 	-1.74146 	0.000566149 	-0.113043 	0.00214576 	
1.83	2.14699 	-0.0851893 	-1.74123 	0.000543539 	-0.113081 	0.00213126 	
1.835	2.14566 	-0.0846013 	-1.74362 	0.000601345 	-0.113119 	0.00215306 	
1.84	2.14658 	-0.0849728 	-1.7436 	0.000576231 	-0.113167 	0.00213852 	
1.845	2.14739 	-0.0853348 	-1.74347 	0.000551474 	-0.11321 	0.00212334 	
1.85	2.14805 	-0.0856561 	-1.74325 	0.000529143 	-0.113246 	0.00210901 	
1.855	2.14675 	-0.0850904 	-1.74559 	0.000585618 	-0.113284 	0.00213079 	
1.86	2.14765 	-0.085456 	-1.74557 	0.000560849 	-0.113331 	0.00211641 	
1.865	2.14844 	-0.0858123 	-1.74544 	0.000536432 	-0.113373 	0.00210141 	
1.87	2.14909 	-0.0861287 	-1.74522 	0.000514403 	-0.113409 	0.00208726 	
1.875	2.14782 	-0.0855851 	-1.74751 	0.000569513 	-0.113445 	0.00210898 	
1.88	2.1487 	-0.0859445 	-1.74748 	0.000545114 	-0.113491 	0.00209477 	
1.885	2.14946 	-0.0862948 	-1.74736 	0.000521062 	-0.113532 	0.00207997 	
1.89	2.1501 	-0.086606 	-1.74714 	0.000499359 	-0.113567 	0.00206603 	
1.895	2.14886 	-0.0860842 	-1.74937 	0.000553068 	-0.113603 	0.00208764 	
1.9	2.14972 	-0.0864371 	-1.74935 	0.000529064 	-0.113647 	0.00207361 	
1.905	2.15047 	-0.0867811 	-1.74922 	0.000505401 	-0.113687 	0.00205904 	
1.91	2.15109 	-0.0870868 	-1.74901 	0.000484044 	-0.113722 	0.00204532 	
1.915	2.14989 	-0.0865866 	-1.75118 	0.000536319 	-0.113757 	0.00206677 	
1.92	2.15072 	-0.0869326 	-1.75115 	0.000512734 	-0.1138 	0.00205295 	
1.925	2.15145 	-0.0872701 	-1.75103 	0.000489483 	-0.113839 	0.00203861 	
1.93	2.15206 	-0.0875701 	-1.75083 	0.000468494 	-0.113873 	0.00202512 	
1.935	2.15263 	-0.087845 	-1.75062 	0.00044914 	-0.113905 	0.0020126 	
1.94	2.15105 	-0.0871783 	-1.75325 	0.000516884 	-0.113938 	0.0020423 	
1.945	2.15192 	-0.0875171 	-1.75328 	0.000493891 	-0.113982 	0.0020293 	
1.95	2.15265 	-0.0878505 	-1.75319 	0.000470944 	-0.114021 	0.00201531 	
1.955	2.15325 	-0.0881443 	-1.75299 	0.000450352 	-0.114054 	0.00200206 	
1.96	2.1538 	-0.0884135 	-1.75279 	0.000431365 	-0.114085 	0.00198975 	
1.965	2.15224 	-0.0877652 	-1.75537 	0.0004982 	-0.114117 	0.00201968 	
1.97	2.15308 	-0.0880976 	-1.7554 	0.000475597 	-0.11416 	0.00200687 	
1.975	2.15379 	-0.0884252 	-1.75531 	0.000453022 	-0.114198 	0.00199308 	
1.98	2.15437 	-0.0887137 	-1.75511 	0.000432764 	-0.11423 	0.00198003 	
1.985	2.15491 	-0.0889783 	-1.75492 	0.000414085 	-0.11426 	0.00196791 	
1.99	2.1534 	-0.0883653 	-1.7574 	0.000478351 	-0.114291 	0.00199721 	
1.995	2.15421 	-0.0886901 	-1.75743 	0.000456219 	-0.114332 	0.00198458 	
2	2.1549 	-0.0890101 	-1.75733 	0.000434121 	-0.114369 	0.00197105 	
2.005	2.15546 	-0.0892924 	-1.75715 	0.000414279 	-0.114399 	0.00195826 	
2.01	2.15598 	-0.0895528 	-1.75696 	0.000396101 	-0.114429 	0.00194619 	
2.015	2.15454 	-0.0889758 	-1.75934 	0.000457618 	-0.114459 	0.00197472 	
2.02	2.15531 	-0.0892916 	-1.75936 	0.000436043 	-0.114498 	0.00196233 	
2.025	2.15597 	-0.089603 	-1.75927 	0.000414507 	-0.114534 	0.00194912 	
2.03	2.15651 	-0.0898778 	-1.75909 	0.000395158 	-0.114563 	0.00193664 	
2.035	2.15702 	-0.0901299 	-1.7589 	0.000377318 	-0.114591 	0.00192507 	
2.04	2.15564 	-0.089588 	-1.76118 	0.000436041 	-0.11462 	0.00195274 	
2.045	2.15638 	-0.089894 	-1.76119 	0.000415095 	-0.114658 	0.00194065 	
2.05	2.15702 	-0.0901956 	-1.7611 	0.00039419 	-0.114692 	0.00192779 	
2.055	2.15754 	-0.0904622 	-1.76093 	0.000375398 	-0.114721 	0.00191568 	
2.06	2.15803 	-0.0907067 	-1.76076 	0.00035807 	-0.114748 	0.00190445 	
2.065	2.15671 	-0.0901992 	-1.76293 	0.000413963 	-0.114775 	0.0019312 	
2.07	2.15741 	-0.0904944 	-1.76293 	0.000393703 	-0.114812 	0.00191944 	
2.075	2.15802 	-0.0907856 	-1.76284 	0.000373486 	-0.114844 	0.00190699 	
2.08	2.15853 	-0.0910433 	-1.76268 	0.000355302 	-0.114871 	0.00189528 	
2.085	2.159 	-0.0912796 	-1.76251 	0.000338535 	-0.114897 	0.00188441 	
2.09	2.15944 	-0.091496 	-1.76234 	0.00032308 	-0.114922 	0.00187433 	
2.095	2.15788 	-0.0908851 	-1.7648 	0.000389157 	-0.114948 	0.00190712 	
2.1	2.15858 	-0.0911684 	-1.76485 	0.000369782 	-0.114984 	0.00189619 	
2.105	2.15918 	-0.0914505 	-1.76478 	0.00035022 	-0.115015 	0.00188426 	
2.11	2.15966 	-0.0916983 	-1.76462 	0.000332714 	-0.115041 	0.00187298 	
2.115	2.16011 	-0.0919255 	-1.76447 	0.000316571 	-0.115066 	0.00186252 	
2.12	2.16053 	-0.0921338 	-1.76431 	0.000301691 	-0.115089 	0.0018528 	
2.125	2.15904 	-0.0915603 	-1.76664 	0.000364639 	-0.115114 	0.00188454 	
2.13	2.1597 	-0.0918319 	-1.76668 	0.00034603 	-0.115148 	0.00187397 	
2.135	2.16027 	-0.0921025 	-1.76662 	0.000327235 	-0.115178 	0.00186249 	
2.14	2.16073 	-0.0923406 	-1.76647 	0.000310405 	-0.115203 	0.00185165 	
2.145	2.16115 	-0.0925589 	-1.76632 	0.000294884 	-0.115226 	0.0018416 	
2.15	2.16155 	-0.0927591 	-1.76617 	0.000280576 	-0.115248 	0.00183227 	
2.155	2.16017 	-0.0922354 	-1.76835 	0.000339037 	-0.115271 	0.00186215 	
2.16	2.16078 	-0.0924934 	-1.76837 	0.000321307 	-0.115303 	0.00185198 	
2.165	2.16132 	-0.0927507 	-1.76831 	0.000303408 	-0.115331 	0.00184101 	
2.17	2.16175 	-0.0929775 	-1.76817 	0.000287362 	-0.115354 	0.00183069 	
2.175	2.16215 	-0.0931856 	-1.76804 	0.000272564 	-0.115376 	0.00182112 	
2.18	2.16253 	-0.0933764 	-1.7679 	0.00025892 	-0.115397 	0.00181223 	
2.185	2.16289 	-0.0935511 	-1.76776 	0.000246347 	-0.115417 	0.00180399 	
2.19	2.16136 	-0.0929711 	-1.77007 	0.000310511 	-0.115438 	0.00183761 	
2.195	2.16196 	-0.0932135 	-1.77013 	0.000293899 	-0.115468 	0.00182828 	
2.2	2.16247 	-0.0934574 	-1.77008 	0.00027695 	-0.115495 	0.00181798 	
2.205	2.16287 	-0.0936712 	-1.76996 	0.000261814 	-0.115517 	0.00180825 	
2.21	2.16325 	-0.0938675 	-1.76983 	0.000247853 	-0.115537 	0.00179923 	
2.215	2.1636 	-0.0940475 	-1.7697 	0.00023498 	-0.115557 	0.00179086 	
2.22	2.16393 	-0.0942124 	-1.76957 	0.000223114 	-0.115575 	0.0017831 	
2.225	2.16424 	-0.0943634 	-1.76944 	0.000212181 	-0.115592 	0.00177589 	
2.23	2.16263 	-0.0937495 	-1.77183 	0.000279916 	-0.115611 	0.00181213 	
2.235	2.16319 	-0.093975 	-1.77191 	0.000264506 	-0.11564 	0.00180365 	
2.24	2.16367 	-0.094204 	-1.77188 	0.000248619 	-0.115665 	0.00179406 	
2.245	2.16404 	-0.0944038 	-1.77177 	0.00023448 	-0.115685 	0.00178498 	
2.25	2.16439 	-0.0945873 	-1.77165 	0.000221436 	-0.115703 	0.00177657 	
2.255	2.16471 	-0.0947557 	-1.77154 	0.000209405 	-0.115721 	0.00176876 	
2.26	2.16502 	-0.0949101 	-1.77142 	0.000198312 	-0.115738 	0.00176152 	
2.265	2.1653 	-0.0950515 	-1.77131 	0.000188088 	-0.115754 	0.0017548 	
2.27	2.16557 	-0.0951811 	-1.77119 	0.000178668 	-0.115768 	0.00174857 	
2.275	2.16396 	-0.0945713 	-1.77354 	0.000246135 	-0.115785 	0.00178532 	
2.28	2.16447 	-0.0947766 	-1.77362 	0.000232125 	-0.115811 	0.00177768 	
2.285	2.16491 	-0.0949869 	-1.7736 	0.000217552 	-0.115834 	0.00176892 	
2.29	2.16524 	-0.09517 	-1.7735 	0.000204609 	-0.115851 	0.00176063 	
2.295	2.16555 	-0.0953383 	-1.77341 	0.000192665 	-0.115868 	0.00175295 	
2.3	2.16584 	-0.0954929 	-1.77331 	0.000181644 	-0.115884 	0.00174582 	
2.305	2.16612 	-0.0956347 	-1.77321 	0.000171478 	-0.115899 	0.00173921 	
2.31	2.16637 	-0.0957649 	-1.77311 	0.000162104 	-0.115913 	0.00173308 	
2.315	2.16656 	-0.0958124 	-1.77293 	0.000148213 	-0.115919 	0.00173607 	
2.32	2.16679 	-0.0959217 	-1.77283 	0.000140249 	-0.115932 	0.0017308 	
2.325	2.167 	-0.0960217 	-1.77273 	0.000132912 	-0.115944 	0.00172591 	
2.33	2.16535 	-0.0953988 	-1.77507 	0.000201624 	-0.115957 	0.00176404 	
2.335	2.16581 	-0.0955785 	-1.77516 	0.000189418 	-0.11598 	0.00175754 	
2.34	2.1662 	-0.0957653 	-1.77516 	0.000176512 	-0.116 	0.00174986 	
2.345	2.16648 	-0.0959273 	-1.77509 	0.000165099 	-0.116015 	0.00174259 	
2.35	2.16675 	-0.0960763 	-1.77501 	0.00015456 	-0.11603 	0.00173584 	
2.355	2.167 	-0.0962134 	-1.77494 	0.00014483 	-0.116043 	0.00172959 	
2.36	2.16724 	-0.0963393 	-1.77486 	0.000135849 	-0.116056 	0.00172379 	
2.365	2.16746 	-0.0964551 	-1.77478 	0.000127561 	-0.116068 	0.00171841 	
2.37	2.16766 	-0.0965614 	-1.77471 	0.000119913 	-0.116079 	0.00171343 	
2.375	2.16786 	-0.096659 	-1.77463 	0.000112859 	-0.11609 	0.0017088 	
2.38	2.16804 	-0.0967485 	-1.77456 	0.000106353 	-0.1161 	0.00170451 	
2.385	2.16821 	-0.0968306 	-1.77448 	0.000100355 	-0.116109 	0.00170054 	
2.39	2.16836 	-0.0969058 	-1.77441 	9.48248e-05 	-0.116118 	0.00169685 	
2.395	2.16851 	-0.0969748 	-1.77434 	8.97284e-05 	-0.116126 	0.00169343 	
2.4	2.16865 	-0.0970379 	-1.77426 	8.50326e-05 	-0.116134 	0.00169026 	
2.405	2.16879 	-0.0970956 	-1.77419 	8.07069e-05 	-0.116142 	0.00168732 	
2.41	2.16709 	-0.0964487 	-1.77653 	0.000151369 	-0.116151 	0.00172731 	
2.415	2.16747 	-0.0965919 	-1.77664 	0.000141764 	-0.11617 	0.00172247 	
2.42	2.16778 	-0.0967454 	-1.77667 	0.000131259 	-0.116185 	0.00171635 	
2.425	2.168 	-0.0968773 	-1.77663 	0.000122049 	-0.116197 	0.00171055 	
2.43	2.16821 	-0.096999 	-1.77658 	0.000113532 	-0.116208 	0.00170517 	
2.435	2.1684 	-0.0971113 	-1.77654 	0.000105658 	-0.116219 	0.00170018 	
2.44	2.16858 	-0.0972148 	-1.77649 	9.83786e-05 	-0.116228 	0.00169556 	
2.445	2.16875 	-0.0973103 	-1.77645 	9.16483e-05 	-0.116237 	0.00169127 	
2.45	2.1689 	-0.0973983 	-1.77641 	8.54268e-05 	-0.116246 	0.0016873 	
2.455	2.16905 	-0.0974795 	-1.77637 	7.96754e-05 	-0.116253 	0.00168361 	
2.46	2.16918 	-0.0975543 	-1.77633 	7.43587e-05 	-0.116261 	0.0016802 	
2.465	2.16931 	-0.0976233 	-1.77629 	6.94435e-05 	-0.116268 	0.00167703 	
2.47	2.16943 	-0.097687 	-1.77625 	6.48994e-05 	-0.116274 	0.0016741 	
2.475	2.16954 	-0.0977457 	-1.77621 	6.0698e-05 	-0.11628 	0.00167138 	
2.48	2.16964 	-0.0977998 	-1.77618 	5.68129e-05 	-0.116286 	0.00166885 	
2.485	2.16974 	-0.0978498 	-1.77614 	5.32199e-05 	-0.116291 	0.00166652 	
2.49	2.16983 	-0.0978959 	-1.77611 	4.98964e-05 	-0.116296 	0.00166435 	
2.495	2.16991 	-0.0979385 	-1.77608 	4.68215e-05 	-0.1163 	0.00166234 	
2.5	2.16999 	-0.0979779 	-1.77605 	4.39757e-05 	-0.116305 	0.00166048 	
2.505	2.17006 	-0.0980143 	-1.77602 	4.13408e-05 	-0.116308 	0.00165875 	
2.51	2.17013 	-0.0980481 	-1.77599 	3.88995e-05 	-0.116312 	0.00165715 	
2.515	2.17019 	-0.0980795 	-1.77597 	3.66286e-05 	-0.116316 	0.00165566 	
2.52	2.17024 	-0.0981091 	-1.77595 	3.44913e-05 	-0.116319 	0.00165427 	
2.525	2.1703 	-0.0981369 	-1.77593 	3.24969e-05 	-0.116322 	0.00165298 	
2.53	2.17035 	-0.0981625 	-1.77591 	3.06486e-05 	-0.116324 	0.00165177 	
2.535	2.1704 	-0.0981863 	-1.77589 	2.89349e-05 	-0.116327 	0.00165065 	
2.54	2.17044 	-0.0982083 	-1.77587 	2.73487e-05 	-0.116329 	0.00164962 	
2.545	2.17049 	-0.0982286 	-1.77586 	2.58805e-05 	-0.116332 	0.00164866 	
2.55	2.17053 	-0.0982473 	-1.77584 	2.45223e-05 	-0.116334 	0.00164776 	
2.555	2.17058 	-0.0982645 	-1.77583 	2.32665e-05 	-0.116336 	0.00164693 	
2.56	2.17062 	-0.0982804 	-1.77582 	2.21062e-05 	-0.116339 	0.00164616 	
2.565	2.17067 	-0.0982949 	-1.7758 	2.10348e-05 	-0.116341 	0.00164544 	
2.57	2.17071 	-0.0983083 	-1.77579 	2.00465e-05 	-0.116343 	0.00164477 	
2.575	2.17076 	-0.0983205 	-1.77578 	1.91357e-05 	-0.116345 	0.00164415 	
2.58	2.1708 	-0.0983316 	-1.77577 	1.82973e-05 	-0.116347 	0.00164356 	
2.585	2.17085 	-0.0983417 	-1.77576 	1.75265e-05 	-0.116349 	0.00164302 	
2.59	2.1709 	-0.0983508 	-1.77575 	1.68186e-05 	-0.116352 	0.00164252 	
2.595	2.17096 	-0.0983591 	-1.77573 	1.61698e-05 	-0.116354 	0.00164204 	
2.6	2.17101 	-0.0983664 	-1.77572 	1.55772e-05 	-0.116356 	0.0016416 	
2.605	2.17107 	-0.098373 	-1.77571 	1.50358e-05 	-0.116359 	0.00164118 	
2.61	2.17113 	-0.0983788 	-1.7757 	1.45433e-05 	-0.116361 	0.00164079 	
2.615	2.17119 	-0.0983839 	-1.77569 	1.40968e-05 	-0.116364 	0.00164043 	
2.62	2.17126 	-0.0983883 	-1.77568 	1.36931e-05 	-0.116367 	0.00164008 	
2.625	2.17133 	-0.098392 	-1.77567 	1.33296e-05 	-0.11637 	0.00163976 	
2.63	2.17101 	-0.097863 	-1.77502 	-2.588e-05 	-0.116319 	0.00170387 	
2.635	2.17109 	-0.097865 	-1.775 	-2.61422e-05 	-0.116322 	0.0017036 	
2.64	2.17116 	-0.0948888 	-1.77518 	0.00012719 	-0.116327 	0.00169523 	
2.645	2.17128 	-0.0950609 	-1.77519 	0.0001167 	-0.116335 	0.00169065 	
2.65	2.17138 	-0.0952738 	-1.77519 	0.000103966 	-0.116341 	0.001685 	
2.655	2.17147 	-0.0954576 	-1.77518 	9.30604e-05 	-0.116346 	0.00168009 	
2.66	2.17156 	-0.0956274 	-1.77516 	8.2967e-05 	-0.116351 	0.00167554 	
2.665	2.17165 	-0.0957844 	-1.77515 	7.36271e-05 	-0.116356 	0.0016713 	
2.67	2.17175 	-0.0959294 	-1.77514 	6.49861e-05 	-0.116362 	0.00166737 	
2.675	2.17185 	-0.0960633 	-1.77512 	5.69934e-05 	-0.116367 	0.00166372 	
2.68	2.17196 	-0.0961869 	-1.77511 	4.96021e-05 	-0.116372 	0.00166033 	
2.685	2.17207 	-0.0963009 	-1.77509 	4.27686e-05 	-0.116377 	0.00165718 	
2.69	2.17219 	-0.096406 	-1.77508 	3.64526e-05 	-0.116383 	0.00165425 	
2.695	2.17325 	-0.0935348 	-1.77407 	0.000163923 	-0.116389 	0.00162042 	
2.7	2.17336 	-0.0937775 	-1.77406 	0.000149897 	-0.116395 	0.00161452 	
2.705	2.17342 	-0.0940459 	-1.77403 	0.000134399 	-0.1164 	0.00160812 	
2.71	2.17347 	-0.0942808 	-1.77399 	0.000120805 	-0.116404 	0.00160247 	
2.715	2.17354 	-0.0944979 	-1.77396 	0.000108227 	-0.116409 	0.00159722 	
2.72	2.17362 	-0.0946984 	-1.77393 	9.65884e-05 	-0.116413 	0.00159234 	
2.725	2.17371 	-0.0948837 	-1.7739 	8.58228e-05 	-0.116418 	0.00158781 	
2.73	2.17381 	-0.0950547 	-1.77386 	7.58663e-05 	-0.116423 	0.0015836 	
2.735	2.17391 	-0.0952125 	-1.77383 	6.66601e-05 	-0.116429 	0.00157969 	
2.74	2.17513 	-0.0922033 	-1.77262 	0.000197772 	-0.116435 	0.00154057 	
2.745	2.17523 	-0.0924995 	-1.7726 	0.000180893 	-0.116441 	0.00153373 	
2.75	2.17528 	-0.0928186 	-1.77255 	0.000162662 	-0.116446 	0.00152643 	
2.755	2.17533 	-0.0930992 	-1.7725 	0.000146585 	-0.11645 	0.00151996 	
2.76	2.17539 	-0.0933585 	-1.77245 	0.000131708 	-0.116455 	0.00151394 	
2.765	2.17547 	-0.093598 	-1.77241 	0.000117945 	-0.116459 	0.00150835 	
2.77	2.17556 	-0.0938193 	-1.77236 	0.000105213 	-0.116464 	0.00150315 	
2.775	2.1767 	-0.0910758 	-1.7712 	0.000223769 	-0.11647 	0.00146503 	
2.78	2.17679 	-0.0914154 	-1.77116 	0.000204472 	-0.116477 	0.00145733 	
2.785	2.17684 	-0.0917717 	-1.7711 	0.000184179 	-0.116481 	0.00144928 	
2.79	2.17689 	-0.0920877 	-1.77104 	0.000166144 	-0.116486 	0.00144209 	
2.795	2.17695 	-0.0923796 	-1.77099 	0.000149456 	-0.116491 	0.0014354 	
2.8	2.17704 	-0.0926493 	-1.77093 	0.000134016 	-0.116496 	0.00142919 	
2.805	2.17713 	-0.0928984 	-1.77088 	0.000119733 	-0.116501 	0.00142341 	
2.81	2.1784 	-0.0898523 	-1.76958 	0.000251452 	-0.116508 	0.00138111 	
2.815	2.17851 	-0.0902333 	-1.76954 	0.000229873 	-0.116515 	0.00137252 	
2.82	2.17856 	-0.0906322 	-1.76948 	0.000207206 	-0.11652 	0.00136357 	
2.825	2.17862 	-0.0909857 	-1.76941 	0.000187065 	-0.116525 	0.00135556 	
2.83	2.17869 	-0.0913124 	-1.76934 	0.000168427 	-0.11653 	0.00134812 	
2.835	2.17878 	-0.0916143 	-1.76928 	0.000151183 	-0.116536 	0.00134121 	
2.84	2.18 	-0.0887384 	-1.76801 	0.000274855 	-0.116543 	0.00129929 	
2.845	2.1801 	-0.0891583 	-1.76796 	0.000251079 	-0.11655 	0.00128986 	
2.85	2.18016 	-0.0895916 	-1.76789 	0.000226479 	-0.116556 	0.00128014 	
2.855	2.18022 	-0.0899774 	-1.76781 	0.000204521 	-0.116561 	0.00127141 	
2.86	2.1803 	-0.090334 	-1.76774 	0.000184201 	-0.116567 	0.0012633 	
2.865	2.1804 	-0.0906634 	-1.76767 	0.000165399 	-0.116573 	0.00125576 	
2.87	2.18171 	-0.0875815 	-1.76631 	0.000297982 	-0.11658 	0.00121075 	
2.875	2.18183 	-0.0880375 	-1.76626 	0.000272194 	-0.116589 	0.0012005 	
2.88	2.1819 	-0.0885073 	-1.76618 	0.000245547 	-0.116595 	0.00118995 	
2.885	2.18197 	-0.0889255 	-1.7661 	0.00022176 	-0.1166 	0.00118049 	
2.89	2.18206 	-0.0893121 	-1.76602 	0.000199746 	-0.116607 	0.00117169 	
2.895	2.18325 	-0.0865899 	-1.76477 	0.00031583 	-0.116614 	0.00112904 	
2.9	2.18335 	-0.0870787 	-1.7647 	0.000288166 	-0.116622 	0.00111804 	
2.905	2.18342 	-0.0875747 	-1.76462 	0.000260032 	-0.116628 	0.00110689 	
2.91	2.1835 	-0.0880188 	-1.76453 	0.000234788 	-0.116635 	0.00109682 	
2.915	2.1836 	-0.0884293 	-1.76445 	0.000211426 	-0.116641 	0.00108746 	
2.92	2.18484 	-0.0855995 	-1.76314 	0.000332101 	-0.116649 	0.00104293 	
2.925	2.18496 	-0.0861159 	-1.76308 	0.000302899 	-0.116658 	0.00103129 	
2.93	2.18504 	-0.0866391 	-1.76299 	0.000273237 	-0.116665 	0.0010195 	
2.935	2.18512 	-0.0871076 	-1.7629 	0.000246617 	-0.116671 	0.00100886 	
2.94	2.18523 	-0.0875406 	-1.76281 	0.00022198 	-0.116679 	0.000998965 	
2.945	2.18655 	-0.0845626 	-1.76143 	0.000349069 	-0.116687 	0.000952138 	
2.95	2.18668 	-0.0851074 	-1.76137 	0.000318278 	-0.116696 	0.000939822 	
2.955	2.18677 	-0.0856592 	-1.76128 	0.00028701 	-0.116704 	0.000927361 	
2.96	2.18686 	-0.0861532 	-1.76118 	0.000258952 	-0.116711 	0.000916113 	
2.965	2.18697 	-0.0866098 	-1.76109 	0.000232983 	-0.116718 	0.000905656 	
2.97	2.18835 	-0.0834853 	-1.75965 	0.000366413 	-0.116727 	0.000856527 	
2.975	2.18868 	-0.0843021 	-1.75988 	0.000352465 	-0.116762 	0.000813755 	
2.98	2.18878 	-0.0848835 	-1.75979 	0.000319535 	-0.11677 	0.000800594 	
2.985	2.18887 	-0.0854047 	-1.75969 	0.00028994 	-0.116777 	0.000788695 	
2.99	2.19005 	-0.0828588 	-1.75843 	0.000397069 	-0.116785 	0.00074407 	
2.995	2.19018 	-0.0834611 	-1.75835 	0.000363014 	-0.116795 	0.000730408 	
3	2.19027 	-0.0840614 	-1.75825 	0.000329008 	-0.116803 	0.000716787 	
3.005	2.19037 	-0.084602 	-1.75815 	0.000298322 	-0.11681 	0.000704419 	
3.01	2.19157 	-0.0820347 	-1.75688 	0.000406284 	-0.116819 	0.000659016 	
3.015	2.19171 	-0.0826557 	-1.7568 	0.000371186 	-0.116829 	0.000644894 	
3.02	2.19181 	-0.0832737 	-1.7567 	0.000336184 	-0.116837 	0.000630834 	
3.025	2.19192 	-0.0838306 	-1.7566 	0.000304587 	-0.116846 	0.000618062 	
3.03	2.19315 	-0.0811859 	-1.75528 	0.000415898 	-0.116855 	0.000571339 	
3.035	2.1933 	-0.0818258 	-1.7552 	0.000379746 	-0.116865 	0.000556748 	
3.04	2.19341 	-0.0824626 	-1.7551 	0.000343693 	-0.116874 	0.000542225 	
3.045	2.19353 	-0.0830363 	-1.755 	0.000311151 	-0.116883 	0.000529033 	
3.05	2.1948 	-0.0803123 	-1.75365 	0.0004259 	-0.116892 	0.000480953 	
3.055	2.19496 	-0.0809717 	-1.75357 	0.000388655 	-0.116903 	0.000465875 	
3.06	2.19508 	-0.081628 	-1.75347 	0.000351515 	-0.116912 	0.000450871 	
3.065	2.1952 	-0.0822192 	-1.75336 	0.000317992 	-0.116921 	0.000437244 	
3.07	2.19652 	-0.0794189 	-1.75197 	0.000436038 	-0.116931 	0.000387827 	
3.075	2.19668 	-0.0800984 	-1.7519 	0.000397679 	-0.116942 	0.000372251 	
3.08	2.1968 	-0.0807745 	-1.75179 	0.000359432 	-0.116952 	0.000356757 	
3.085	2.19694 	-0.0813835 	-1.75168 	0.000324911 	-0.116961 	0.000342686 	
3.09	2.19829 	-0.0785105 	-1.75026 	0.000446103 	-0.116971 	0.000291966 	
3.095	2.19846 	-0.0792102 	-1.75018 	0.000406622 	-0.116983 	0.000275885 	
3.1	2.19859 	-0.0799061 	-1.75008 	0.000367265 	-0.116993 	0.000259897 	
3.105	2.19873 	-0.080533 	-1.74997 	0.000331742 	-0.117002 	0.000245378 	
3.11	2.20011 	-0.0775908 	-1.74851 	0.000455933 	-0.117013 	0.000193395 	
3.115	2.20029 	-0.0783105 	-1.74843 	0.000415337 	-0.117025 	0.000176809 	
3.12	2.20043 	-0.0790262 	-1.74833 	0.000374878 	-0.117035 	0.000160326 	
3.125	2.20057 	-0.0796708 	-1.74822 	0.000338358 	-0.117045 	0.000145359 	
3.13	2.20198 	-0.0766628 	-1.74673 	0.000465408 	-0.117056 	9.21575e-05 	
3.135	2.20218 	-0.0774023 	-1.74665 	0.000423711 	-0.117069 	7.50687e-05 	
3.14	2.20232 	-0.0781375 	-1.74655 	0.000382166 	-0.117079 	5.80955e-05 	
3.145	2.20246 	-0.0787997 	-1.74644 	0.000344664 	-0.117089 	4.26832e-05 	
3.15	2.20391 	-0.0757291 	-1.74491 	0.000474437 	-0.1171 	-1.16891e-05 	
3.155	2.20411 	-0.076488 	-1.74484 	0.00043166 	-0.117113 	-2.92748e-05 	
3.16	2.20425 	-0.0772423 	-1.74473 	0.000389052 	-0.117124 	-4.67322e-05 	
3.165	2.20441 	-0.0779217 	-1.74462 	0.000350588 	-0.117135 	-6.2584e-05 	
3.17	2.20588 	-0.0747918 	-1.74307 	0.000482949 	-0.117146 	-0.000118077 	
3.175	2.20608 	-0.0755697 	-1.74299 	0.00043912 	-0.117159 	-0.000136152 	
3.18	2.20624 	-0.0763426 	-1.74289 	0.000395477 	-0.11717 	-0.000154085 	
3.185	2.2074 	-0.074078 	-1.74163 	0.000488473 	-0.117181 	-0.000202382 	
3.19	2.20757 	-0.0748762 	-1.74154 	0.000443454 	-0.117193 	-0.00022092 	
3.195	2.20772 	-0.0756573 	-1.74143 	0.000399346 	-0.117204 	-0.000239077 	
3.2	2.20788 	-0.0763652 	-1.74131 	0.000359291 	-0.117214 	-0.000255673 	
3.205	2.20937 	-0.0732245 	-1.73974 	0.000492075 	-0.117226 	-0.000312052 	
3.21	2.20959 	-0.0740292 	-1.73967 	0.000446759 	-0.11724 	-0.000330849 	
3.215	2.20975 	-0.0748276 	-1.73957 	0.000401707 	-0.117252 	-0.000349466 	
3.22	2.21096 	-0.072504 	-1.73828 	0.000497262 	-0.117263 	-0.000399121 	
3.225	2.21114 	-0.0733285 	-1.73819 	0.000450797 	-0.117275 	-0.000418367 	
3.23	2.2113 	-0.0741349 	-1.73808 	0.000405281 	-0.117287 	-0.00043721 	
3.235	2.21249 	-0.0718674 	-1.73681 	0.000498296 	-0.117298 	-0.000486613 	
3.24	2.21267 	-0.0727003 	-1.73672 	0.000451363 	-0.117311 	-0.000506103 	
3.245	2.21284 	-0.0735141 	-1.73661 	0.000405446 	-0.117322 	-0.000525163 	
3.25	2.21404 	-0.0712282 	-1.73533 	0.000499288 	-0.117334 	-0.000574974 	
3.255	2.21424 	-0.072069 	-1.73524 	0.000451922 	-0.117347 	-0.000594699 	
3.26	2.2144 	-0.0728905 	-1.73513 	0.000405583 	-0.117359 	-0.000613986 	
3.265	2.21562 	-0.0705809 	-1.73384 	0.000500498 	-0.11737 	-0.000664264 	
3.27	2.21561 	-0.071166 	-1.73343 	0.000431271 	-0.117357 	-0.000651205 	
3.275	2.21579 	-0.0719953 	-1.73332 	0.000384504 	-0.117369 	-0.00067072 	
3.28	2.21702 	-0.0696626 	-1.73202 	0.000480443 	-0.117381 	-0.000721436 	
3.285	2.21723 	-0.0705187 	-1.73193 	0.000432239 	-0.117395 	-0.000741617 	
3.29	2.21741 	-0.0713553 	-1.73183 	0.000385073 	-0.117407 	-0.000761351 	
3.295	2.21866 	-0.0690018 	-1.73052 	0.000481946 	-0.117419 	-0.000812517 	
3.3	2.21887 	-0.0698667 	-1.73044 	0.000433261 	-0.117433 	-0.000832957 	
3.305	2.21906 	-0.0707119 	-1.73034 	0.000385624 	-0.117446 	-0.000852939 	
3.31	2.22032 	-0.0683398 	-1.72901 	0.000483338 	-0.117458 	-0.000904539 	
3.315	2.22054 	-0.0692134 	-1.72893 	0.000434175 	-0.117472 	-0.000925233 	
3.32	2.22073 	-0.070067 	-1.72884 	0.000386073 	-0.117485 	-0.000945461 	
3.325	2.222 	-0.067678 	-1.7275 	0.000484556 	-0.117497 	-0.000997473 	
3.33	2.22222 	-0.0685601 	-1.72743 	0.000434924 	-0.117511 	-0.00101842 	
3.335	2.22241 	-0.0694221 	-1.72733 	0.000386367 	-0.117524 	-0.00103889 	
3.34	2.22369 	-0.0670176 	-1.72599 	0.00048555 	-0.117537 	-0.00109129 	
3.345	2.22392 	-0.0679081 	-1.72592 	0.000435462 	-0.117551 	-0.00111248 	
3.35	2.22412 	-0.0687781 	-1.72582 	0.000386463 	-0.117564 	-0.00113319 	
3.355	2.22541 	-0.0663599 	-1.72447 	0.00048628 	-0.117577 	-0.00118596 	
3.36	2.22564 	-0.0672584 	-1.7244 	0.000435752 	-0.117592 	-0.00120739 	
3.365	2.22584 	-0.0681362 	-1.72431 	0.000386327 	-0.117605 	-0.00122833 	
3.37	2.22714 	-0.0657057 	-1.72296 	0.000486714 	-0.117617 	-0.00128143 	
3.375	2.22738 	-0.066612 	-1.72289 	0.000435766 	-0.117632 	-0.0013031 	
3.38	2.22758 	-0.0674973 	-1.7228 	0.000385932 	-0.117646 	-0.00132426 	
3.385	2.22889 	-0.0650559 	-1.72144 	0.000486827 	-0.117658 	-0.00137768 	
3.39	2.22913 	-0.0659695 	-1.72137 	0.000435478 	-0.117673 	-0.00139957 	
3.395	2.22934 	-0.0668619 	-1.72128 	0.000385257 	-0.117687 	-0.00142095 	
3.4	2.23065 	-0.0644113 	-1.71992 	0.000486598 	-0.117699 	-0.00147465 	
3.405	2.23089 	-0.0653319 	-1.71985 	0.00043487 	-0.117715 	-0.00149676 	
3.41	2.23111 	-0.066231 	-1.71977 	0.000384283 	-0.117728 	-0.00151835 	
3.415	2.23242 	-0.0637724 	-1.7184 	0.00048601 	-0.117741 	-0.00157231 	
3.42	2.23267 	-0.0646996 	-1.71834 	0.000433927 	-0.117756 	-0.00159463 	
3.425	2.23289 	-0.065605 	-1.71825 	0.000382998 	-0.11777 	-0.00161641 	
3.43	2.23421 	-0.0631401 	-1.71688 	0.000485051 	-0.117783 	-0.0016706 	
3.435	2.23446 	-0.0640733 	-1.71682 	0.000432637 	-0.117798 	-0.00169312 	
3.44	2.23468 	-0.0649846 	-1.71674 	0.00038139 	-0.117812 	-0.00171509 	
3.445	2.236 	-0.0625147 	-1.71536 	0.000483708 	-0.117825 	-0.00176948 	
3.45	2.23626 	-0.0634535 	-1.71531 	0.00043099 	-0.117841 	-0.00179218 	
3.455	2.23648 	-0.0643703 	-1.71523 	0.00037945 	-0.117855 	-0.00181434 	
3.46	2.23781 	-0.0618968 	-1.71385 	0.000481974 	-0.117868 	-0.0018689 	
3.465	2.23807 	-0.0628409 	-1.7138 	0.000428978 	-0.117883 	-0.00189178 	
3.47	2.23829 	-0.0637626 	-1.71372 	0.000377171 	-0.117897 	-0.0019141 	
3.475	2.23962 	-0.0612869 	-1.71234 	0.000479843 	-0.11791 	-0.0019688 	
3.48	2.23988 	-0.0622357 	-1.71229 	0.000426596 	-0.117926 	-0.00199185 	
3.485	2.24011 	-0.063162 	-1.71222 	0.000374548 	-0.11794 	-0.00201433 	
3.49	2.24144 	-0.0606855 	-1.71084 	0.000477308 	-0.117953 	-0.00206915 	
3.495	2.2417 	-0.0616385 	-1.71079 	0.000423838 	-0.117969 	-0.00209234 	
3.5	2.24193 	-0.0625688 	-1.71072 	0.000371577 	-0.117983 	-0.00211497 	
3.505	2.24327 	-0.060093 	-1.70934 	0.000474366 	-0.117996 	-0.00216987 	
3.51	2.24353 	-0.0610497 	-1.70929 	0.000420701 	-0.118012 	-0.0021932 	
3.515	2.24376 	-0.0619835 	-1.70922 	0.000368255 	-0.118026 	-0.00221596 	
3.52	2.2451 	-0.0595098 	-1.70785 	0.000471014 	-0.118039 	-0.00227092 	
3.525	2.24537 	-0.0604696 	-1.7078 	0.000417182 	-0.118055 	-0.00229439 	
3.53	2.2456 	-0.0614065 	-1.70774 	0.000364578 	-0.118069 	-0.00231727 	
3.535	2.24694 	-0.0589363 	-1.70636 	0.000467249 	-0.118083 	-0.00237225 	
3.54	2.24721 	-0.0598988 	-1.70632 	0.00041328 	-0.118098 	-0.00239583 	
3.545	2.24744 	-0.0608381 	-1.70626 	0.000360547 	-0.118113 	-0.00241883 	
3.55	2.24878 	-0.0583728 	-1.70489 	0.00046307 	-0.118126 	-0.0024738 	
3.555	2.24905 	-0.0593374 	-1.70485 	0.000408993 	-0.118142 	-0.00249749 	
3.56	2.24929 	-0.0602788 	-1.70479 	0.000356159 	-0.118156 	-0.00252058 	
3.565	2.25062 	-0.0578198 	-1.70342 	0.000458476 	-0.118169 	-0.00257552 	
3.57	2.25089 	-0.058786 	-1.70339 	0.00040432 	-0.118185 	-0.0025993 	
3.575	2.25113 	-0.0597289 	-1.70333 	0.000351414 	-0.1182 	-0.00262248 	
3.58	2.25246 	-0.0572775 	-1.70196 	0.000453467 	-0.118213 	-0.00267735 	
3.585	2.25274 	-0.0582447 	-1.70193 	0.000399262 	-0.118229 	-0.00270121 	
3.59	2.25298 	-0.0591886 	-1.70188 	0.000346313 	-0.118243 	-0.00272446 	
3.595	2.25456 	-0.0570383 	-1.70089 	0.000473794 	-0.118285 	-0.00281681 	
3.6	2.25484 	-0.0580064 	-1.70086 	0.000419556 	-0.118301 	-0.00284074 	
3.605	2.25508 	-0.0589518 	-1.70081 	0.000366529 	-0.118316 	-0.00286408 	
3.61	2.2564 	-0.056521 	-1.69946 	0.000467849 	-0.118329 	-0.00291877 	
3.615	2.25668 	-0.0574901 	-1.69943 	0.00041356 	-0.118345 	-0.00294277 	
3.62	2.25692 	-0.0584357 	-1.69939 	0.000360541 	-0.118359 	-0.00296615 	
3.625	2.25824 	-0.0560163 	-1.69804 	0.000461443 	-0.118372 	-0.00302068 	
3.63	2.25852 	-0.0569846 	-1.69802 	0.00040721 	-0.118388 	-0.00304471 	
3.635	2.25877 	-0.0579292 	-1.69797 	0.000354251 	-0.118402 	-0.00306812 	
3.64	2.26008 	-0.0555227 	-1.69663 	0.000454668 	-0.118415 	-0.00312246 	
3.645	2.26036 	-0.0564897 	-1.69661 	0.000400519 	-0.118431 	-0.00314651 	
3.65	2.2606 	-0.057433 	-1.69657 	0.000347645 	-0.118446 	-0.00316994 	
3.655	2.26191 	-0.0550409 	-1.69524 	0.000447516 	-0.118459 	-0.00322405 	
3.66	2.26219 	-0.056006 	-1.69522 	0.000393479 	-0.118475 	-0.00324811 	
3.665	2.26244 	-0.0569475 	-1.69518 	0.000340718 	-0.118489 	-0.00327154 	
3.67	2.26374 	-0.054571 	-1.69386 	0.000439983 	-0.118502 	-0.00332541 	
3.675	2.26402 	-0.0555338 	-1.69384 	0.000386086 	-0.118518 	-0.00334945 	
3.68	2.26427 	-0.056473 	-1.69381 	0.000333467 	-0.118532 	-0.00337287 	
3.685	2.26556 	-0.0541135 	-1.6925 	0.000432067 	-0.118545 	-0.00342647 	
3.69	2.26584 	-0.0550735 	-1.69248 	0.000378338 	-0.118561 	-0.00345049 	
3.695	2.26609 	-0.0560098 	-1.69245 	0.000325887 	-0.118575 	-0.00347389 	
3.7	2.26738 	-0.0536687 	-1.69115 	0.000423763 	-0.118588 	-0.00352718 	
3.705	2.26766 	-0.0546253 	-1.69114 	0.000370233 	-0.118603 	-0.00355116 	
3.71	2.26791 	-0.0555583 	-1.69111 	0.00031798 	-0.118617 	-0.00357452 	
3.715	1.94304 	0.155473 	-0.988727 	-0.021977 	-0.0818106 	-0.00512106 	
3.72	0.889702 	0.831231 	1.27752 	-0.0943314 	0.0372185 	-0.010163 	
3.725	0.457351 	1.16074 	2.21678 	-0.12266 	0.0864774 	-0.0170494 	
3.73	-0.165722 	1.70328 	3.55003 	-0.160296 	0.155936 	-0.0345032 	
3.735	-0.779987 	2.03676 	4.38842 	-0.178174 	0.203977 	-0.054111 	
3.74	-2.54954 	2.90782 	6.90609 	-0.238865 	0.347434 	-0.0965074 	
3.745	-2.24959 	2.74734 	6.35806 	-0.222688 	0.317331 	-0.0940648 	
3.75	-2.05959 	2.72841 	6.01719 	-0.209311 	0.298394 	-0.100496 	
3.755	-1.78461 	2.59463 	5.5491 	-0.195528 	0.272696 	-0.097832 	
3.76	-1.91976 	2.78936 	5.95903 	-0.207391 	0.293331 	-0.104129 	
3.765	-2.57632 	3.20203 	7.48056 	-0.258425 	0.374536 	-0.101643 	
3.77	-2.65021 	3.26868 	7.67923 	-0.265015 	0.385349 	-0.102177 	
3.775	-3.44646 	3.83566 	9.31826 	-0.314295 	0.473606 	-0.115507 	
3.78	-3.02739 	3.55023 	8.51296 	-0.291315 	0.430235 	-0.10737 	
3.785	-2.95706 	3.50636 	8.45622 	-0.291531 	0.426389 	-0.102683 	
3.79	-3.53789 	3.90063 	9.78189 	-0.335273 	0.495162 	-0.1041 	
3.795	-3.45729 	3.83798 	9.68464 	-0.334219 	0.489534 	-0.0989865 	
3.8	-4.07711 	4.23757 	11.0867 	-0.380424 	0.563406 	-0.0986462 	
