0	0.0491151 	0.0216875 	-2.01106 	0.262395 	0.531407 	-0.0109025 	
0.005	0.0491151 	0.0216875 	-2.01106 	0.262395 	0.531407 	-0.0109025 	
0.01	0.0491151 	0.0216833 	-2.01105 	0.262395 	0.531408 	-0.0109023 	
0.015	0.0491151 	0.0216777 	-2.01105 	0.262395 	0.531409 	-0.0109019 	
0.02	0.0491151 	0.0216698 	-2.01104 	0.262395 	0.53141 	-0.0109014 	
0.025	0.0491152 	0.0216596 	-2.01103 	0.262395 	0.531412 	-0.0109007 	
0.03	0.0491152 	0.0216471 	-2.01102 	0.262396 	0.531415 	-0.0108999 	
0.035	0.0491152 	0.0216323 	-2.01101 	0.262396 	0.531418 	-0.010899 	
0.04	0.0491152 	0.0216152 	-2.011 	0.262397 	0.531422 	-0.0108979 	
0.045	0.0491152 	0.0215957 	-2.01098 	0.262398 	0.531426 	-0.0108967 	
0.05	0.0491153 	0.021574 	-2.01097 	0.262398 	0.53143 	-0.0108953 	
0.055	0.0491153 	0.0215499 	-2.01095 	0.262399 	0.531435 	-0.0108937 	
0.06	0.0491153 	0.0215235 	-2.01093 	0.2624 	0.531441 	-0.0108921 	
0.065	0.0491154 	0.0214948 	-2.0109 	0.262401 	0.531447 	-0.0108902 	
0.07	0.0491154 	0.0214638 	-2.01088 	0.262402 	0.531453 	-0.0108883 	
0.075	0.0491154 	0.0214304 	-2.01085 	0.262403 	0.53146 	-0.0108861 	
0.08	0.0491155 	0.0213948 	-2.01083 	0.262404 	0.531468 	-0.0108839 	
0.085	0.0491155 	0.0213531 	-2.01079 	0.262406 	0.531476 	-0.0108812 	
0.09	0.0491156 	0.0213162 	-2.01076 	0.262407 	0.531484 	-0.0108789 	
0.095	0.0491156 	0.0212698 	-2.01073 	0.262408 	0.531494 	-0.0108759 	
0.1	0.0491157 	0.0212247 	-2.01069 	0.26241 	0.531503 	-0.0108731 	
0.105	0.0491158 	0.0211773 	-2.01066 	0.262411 	0.531513 	-0.0108701 	
0.11	0.0491158 	0.0211276 	-2.01062 	0.262413 	0.531523 	-0.0108669 	
0.115	0.0491159 	0.0210756 	-2.01058 	0.262415 	0.531534 	-0.0108636 	
0.12	0.049116 	0.0210214 	-2.01053 	0.262416 	0.531546 	-0.0108602 	
0.125	0.0491161 	0.0209648 	-2.01049 	0.262418 	0.531557 	-0.0108566 	
0.13	0.0491162 	0.0209059 	-2.01044 	0.26242 	0.53157 	-0.0108529 	
0.135	0.0491163 	0.0208448 	-2.01039 	0.262422 	0.531582 	-0.010849 	
0.14	0.0491164 	0.0207814 	-2.01034 	0.262424 	0.531596 	-0.0108451 	
0.145	0.0491165 	0.0207157 	-2.01029 	0.262426 	0.531609 	-0.0108409 	
0.15	0.0491166 	0.0206477 	-2.01024 	0.262429 	0.531623 	-0.0108366 	
0.155	0.0491167 	0.0205774 	-2.01018 	0.262431 	0.531638 	-0.0108322 	
0.16	0.0492197 	0.0202812 	-2.01031 	0.262535 	0.533227 	-0.0101911 	
0.165	0.0492199 	0.0202063 	-2.01025 	0.262537 	0.533243 	-0.0101864 	
0.17	0.04922 	0.0201293 	-2.01019 	0.26254 	0.533259 	-0.0101816 	
0.175	0.0492201 	0.0200499 	-2.01012 	0.262542 	0.533275 	-0.0101766 	
0.18	0.0492203 	0.0199683 	-2.01006 	0.262545 	0.533292 	-0.0101715 	
0.185	0.0492205 	0.0198845 	-2.00999 	0.262548 	0.53331 	-0.0101663 	
0.19	0.0492206 	0.0197984 	-2.00993 	0.26255 	0.533327 	-0.0101609 	
0.195	0.0492208 	0.01971 	-2.00986 	0.262553 	0.533346 	-0.0101554 	
0.2	0.049221 	0.0196194 	-2.00979 	0.262556 	0.533364 	-0.0101498 	
0.205	0.0492212 	0.0195266 	-2.00971 	0.262559 	0.533383 	-0.010144 	
0.21	0.0492214 	0.0194315 	-2.00964 	0.262562 	0.533403 	-0.0101381 	
0.215	0.0492216 	0.0193342 	-2.00956 	0.262565 	0.533423 	-0.0101321 	
0.22	0.0493242 	0.019014 	-2.00966 	0.262675 	0.534995 	-0.00949706 	
0.225	0.0493244 	0.0189122 	-2.00958 	0.262678 	0.535015 	-0.00949078 	
0.23	0.0493247 	0.0188082 	-2.0095 	0.262681 	0.535037 	-0.00948437 	
0.235	0.0493249 	0.018702 	-2.00941 	0.262685 	0.535059 	-0.00947783 	
0.24	0.0493252 	0.0185936 	-2.00933 	0.262688 	0.535081 	-0.00947117 	
0.245	0.0493255 	0.0184829 	-2.00924 	0.262692 	0.535104 	-0.00946439 	
0.25	0.0493258 	0.0183701 	-2.00915 	0.262695 	0.535127 	-0.00945749 	
0.255	0.0493261 	0.0182551 	-2.00906 	0.262699 	0.53515 	-0.00945046 	
0.26	0.0493264 	0.0181378 	-2.00897 	0.262703 	0.535174 	-0.00944332 	
0.265	0.0493268 	0.0180184 	-2.00887 	0.262707 	0.535199 	-0.00943606 	
0.27	0.0494366 	0.0176627 	-2.00896 	0.262829 	0.536867 	-0.00876047 	
0.275	0.0494369 	0.0175389 	-2.00886 	0.262833 	0.536892 	-0.00875296 	
0.28	0.0494373 	0.017413 	-2.00876 	0.262837 	0.536918 	-0.00874534 	
0.285	0.0494377 	0.0172848 	-2.00866 	0.262842 	0.536944 	-0.0087376 	
0.29	0.0494381 	0.0171545 	-2.00856 	0.262846 	0.53697 	-0.00872974 	
0.295	0.0494385 	0.0170221 	-2.00846 	0.26285 	0.536997 	-0.00872178 	
0.3	0.049439 	0.0168875 	-2.00835 	0.262854 	0.537024 	-0.0087137 	
0.305	0.0494394 	0.0167507 	-2.00824 	0.262859 	0.537052 	-0.00870551 	
0.31	0.0495452 	0.0163887 	-2.00831 	0.262982 	0.538645 	-0.0080591 	
0.315	0.0495456 	0.0162476 	-2.00819 	0.262987 	0.538673 	-0.00805069 	
0.32	0.0495461 	0.0161045 	-2.00808 	0.262991 	0.538702 	-0.00804216 	
0.325	0.0495467 	0.0159592 	-2.00797 	0.262996 	0.538732 	-0.00803354 	
0.33	0.0495472 	0.0158118 	-2.00785 	0.263001 	0.538761 	-0.00802481 	
0.335	0.0495478 	0.0156623 	-2.00773 	0.263005 	0.538791 	-0.00801598 	
0.34	0.0495484 	0.0155107 	-2.00761 	0.26301 	0.538822 	-0.00800704 	
0.345	0.049549 	0.015357 	-2.00749 	0.263015 	0.538853 	-0.00799801 	
0.35	0.0496678 	0.0149527 	-2.00756 	0.263159 	0.540624 	-0.00727737 	
0.355	0.0496684 	0.0147948 	-2.00743 	0.263164 	0.540655 	-0.00726812 	
0.36	0.0496691 	0.0146348 	-2.00731 	0.263169 	0.540687 	-0.00725878 	
0.365	0.0496698 	0.0144728 	-2.00718 	0.263175 	0.54072 	-0.00724935 	
0.37	0.0496705 	0.0143087 	-2.00705 	0.26318 	0.540752 	-0.00723983 	
0.375	0.0496712 	0.0141425 	-2.00692 	0.263185 	0.540786 	-0.00723021 	
0.38	0.049672 	0.0139743 	-2.00678 	0.26319 	0.540819 	-0.0072205 	
0.385	0.0497899 	0.0135601 	-2.00684 	0.26334 	0.542559 	-0.00651071 	
0.39	0.0497906 	0.0133877 	-2.0067 	0.263345 	0.542593 	-0.00650081 	
0.395	0.0497915 	0.0132134 	-2.00656 	0.26335 	0.542628 	-0.00649083 	
0.4	0.0497923 	0.013037 	-2.00642 	0.263356 	0.542663 	-0.00648076 	
0.405	0.0497932 	0.0128587 	-2.00628 	0.263362 	0.542698 	-0.00647061 	
0.41	0.0497941 	0.0126783 	-2.00613 	0.263367 	0.542734 	-0.00646038 	
0.415	0.0499053 	0.0122682 	-2.00616 	0.263513 	0.54436 	-0.00579547 	
0.42	0.0499063 	0.0120838 	-2.00602 	0.263519 	0.544396 	-0.00578506 	
0.425	0.0499073 	0.0118974 	-2.00587 	0.263525 	0.544433 	-0.00577458 	
0.43	0.0499083 	0.0117091 	-2.00572 	0.263531 	0.54447 	-0.00576402 	
0.435	0.0499093 	0.0115188 	-2.00557 	0.263537 	0.544507 	-0.00575339 	
0.44	0.0499104 	0.0113265 	-2.00541 	0.263543 	0.544545 	-0.00574269 	
0.445	0.0500288 	0.0108921 	-2.00544 	0.263704 	0.546258 	-0.00504037 	
0.45	0.0500299 	0.0106959 	-2.00528 	0.26371 	0.546296 	-0.00502951 	
0.455	0.0500311 	0.0104978 	-2.00513 	0.263716 	0.546334 	-0.00501858 	
0.46	0.0500323 	0.0102978 	-2.00497 	0.263722 	0.546373 	-0.00500759 	
0.465	0.0500335 	0.0100958 	-2.0048 	0.263728 	0.546413 	-0.00499653 	
0.47	0.0500348 	0.00989193 	-2.00464 	0.263735 	0.546452 	-0.00498542 	
0.475	0.0501618 	0.00943094 	-2.00467 	0.263913 	0.548269 	-0.00423793 	
0.48	0.0501631 	0.00922323 	-2.0045 	0.263919 	0.54831 	-0.00422667 	
0.485	0.0501645 	0.00901368 	-2.00434 	0.263925 	0.54835 	-0.00421536 	
0.49	0.0501659 	0.00880224 	-2.00417 	0.263932 	0.548391 	-0.00420399 	
0.495	0.0501673 	0.00858894 	-2.00399 	0.263938 	0.548432 	-0.00419256 	
0.5	0.0502823 	0.00814525 	-2.00399 	0.264105 	0.550063 	-0.00352041 	
0.505	0.0502838 	0.00792821 	-2.00382 	0.264112 	0.550104 	-0.00350886 	
0.51	0.0502854 	0.00770935 	-2.00364 	0.264119 	0.550146 	-0.00349726 	
0.515	0.050287 	0.00748866 	-2.00347 	0.264125 	0.550189 	-0.00348562 	
0.52	0.0502886 	0.00726614 	-2.00329 	0.264132 	0.550231 	-0.00347393 	
0.525	0.050408 	0.00680675 	-2.00328 	0.26431 	0.551907 	-0.00278136 	
0.53	0.0504097 	0.00658058 	-2.0031 	0.264317 	0.55195 	-0.00276956 	
0.535	0.0504114 	0.00635265 	-2.00292 	0.264324 	0.551993 	-0.00275772 	
0.54	0.0504132 	0.00612293 	-2.00273 	0.264331 	0.552036 	-0.00274585 	
0.545	0.050415 	0.00589144 	-2.00255 	0.264338 	0.55208 	-0.00273394 	
0.55	0.0505406 	0.00541343 	-2.00254 	0.264529 	0.553822 	-0.00201167 	
0.555	0.0505425 	0.00517838 	-2.00235 	0.264536 	0.553866 	-0.00199967 	
0.56	0.0505444 	0.00494161 	-2.00216 	0.264544 	0.553911 	-0.00198764 	
0.565	0.0505464 	0.00470311 	-2.00197 	0.264551 	0.553956 	-0.00197558 	
0.57	0.0505484 	0.00446288 	-2.00177 	0.264558 	0.554001 	-0.00196349 	
0.575	0.0506803 	0.00396639 	-2.00176 	0.264765 	0.555809 	-0.001211 	
0.58	0.0506824 	0.0037227 	-2.00157 	0.264772 	0.555855 	-0.00119883 	
0.585	0.0506845 	0.00347734 	-2.00137 	0.264779 	0.555901 	-0.00118664 	
0.59	0.0506868 	0.0032303 	-2.00117 	0.264787 	0.555947 	-0.00117443 	
0.595	0.050689 	0.00298158 	-2.00097 	0.264794 	0.555993 	-0.00116221 	
0.6	0.0508272 	0.00246705 	-2.00096 	0.265016 	0.557867 	-0.000379866 	
0.605	0.0508295 	0.00221497 	-2.00075 	0.265024 	0.557913 	-0.000367578 	
0.61	0.0508319 	0.00196129 	-2.00055 	0.265031 	0.55796 	-0.000355276 	
0.615	0.0508344 	0.00170597 	-2.00034 	0.265039 	0.558007 	-0.000342963 	
0.62	0.0509528 	0.00122559 	-2.00029 	0.265235 	0.559598 	0.000322331 	
0.625	0.0509554 	0.000967002 	-2.00008 	0.265242 	0.559645 	0.000334687 	
0.63	0.050958 	0.000706839 	-1.99987 	0.26525 	0.559693 	0.00034705 	
0.635	0.0509606 	0.000445085 	-1.99966 	0.265257 	0.559741 	0.000359416 	
0.64	0.0510808 	-4.28799e-05 	-1.99961 	0.26546 	0.561339 	0.00102953 	
0.645	0.0510835 	-0.000307814 	-1.99939 	0.265468 	0.561387 	0.00104193 	
0.65	0.0510863 	-0.00057428 	-1.99917 	0.265476 	0.561435 	0.00105432 	
0.655	0.0510892 	-0.000842293 	-1.99896 	0.265483 	0.561484 	0.00106671 	
0.66	0.0512133 	-0.00134174 	-1.9989 	0.265697 	0.563118 	0.00175371 	
0.665	0.0512162 	-0.00161284 	-1.99868 	0.265704 	0.563166 	0.00176612 	
0.67	0.0512192 	-0.00188544 	-1.99846 	0.265712 	0.563215 	0.00177852 	
0.675	0.0512223 	-0.00215953 	-1.99823 	0.26572 	0.563264 	0.00179091 	
0.68	0.0513505 	-0.00267056 	-1.99818 	0.265945 	0.564935 	0.00249575 	
0.685	0.0513537 	-0.00294765 	-1.99795 	0.265953 	0.564984 	0.00250814 	
0.69	0.0513569 	-0.00322619 	-1.99772 	0.265961 	0.565034 	0.00252052 	
0.695	0.0513602 	-0.00350618 	-1.99749 	0.265969 	0.565084 	0.00253288 	
0.7	0.0514927 	-0.00402851 	-1.99743 	0.266205 	0.56679 	0.00325539 	
0.705	0.051496 	-0.00431142 	-1.9972 	0.266213 	0.56684 	0.00326774 	
0.71	0.0514995 	-0.00459571 	-1.99697 	0.266221 	0.56689 	0.00328007 	
0.715	0.051503 	-0.00488142 	-1.99673 	0.266229 	0.566941 	0.00329237 	
0.72	0.0516396 	-0.00541472 	-1.99667 	0.266478 	0.568682 	0.00403227 	
0.725	0.0516433 	-0.00570324 	-1.99643 	0.266486 	0.568733 	0.00404455 	
0.73	0.051647 	-0.0059931 	-1.99619 	0.266494 	0.568783 	0.0040568 	
0.735	0.0516507 	-0.00628433 	-1.99595 	0.266502 	0.568834 	0.00406902 	
0.74	0.0517915 	-0.00682826 	-1.99589 	0.266763 	0.570609 	0.00482598 	
0.745	0.0517954 	-0.00712221 	-1.99565 	0.266771 	0.57066 	0.00483817 	
0.75	0.0517993 	-0.00741746 	-1.9954 	0.266779 	0.570711 	0.00485031 	
0.755	0.0518033 	-0.00771401 	-1.99516 	0.266787 	0.570762 	0.00486242 	
0.76	0.0519483 	-0.00826823 	-1.99509 	0.267061 	0.57257 	0.00563614 	
0.765	0.0519524 	-0.00856741 	-1.99484 	0.267069 	0.572622 	0.0056482 	
0.77	0.0519566 	-0.00886784 	-1.99459 	0.267077 	0.572673 	0.00566021 	
0.775	0.0519609 	-0.00916952 	-1.99434 	0.267086 	0.572724 	0.00567219 	
0.78	0.0521101 	-0.00973366 	-1.99427 	0.267372 	0.574564 	0.00646231 	
0.785	0.0521144 	-0.0100379 	-1.99402 	0.26738 	0.574615 	0.00647422 	
0.79	0.0521189 	-0.0103433 	-1.99377 	0.267388 	0.574667 	0.00648609 	
0.795	0.0521234 	-0.0106499 	-1.99351 	0.267397 	0.574719 	0.0064979 	
0.8	0.0522768 	-0.0112236 	-1.99344 	0.267696 	0.576588 	0.0073041 	
0.805	0.0522814 	-0.0115327 	-1.99318 	0.267704 	0.57664 	0.00731583 	
0.81	0.0522861 	-0.0118428 	-1.99293 	0.267713 	0.576692 	0.00732751 	
0.815	0.0522908 	-0.0121542 	-1.99267 	0.267721 	0.576744 	0.00733913 	
0.82	0.0524484 	-0.0127371 	-1.99259 	0.268034 	0.578642 	0.00816105 	
0.825	0.0524533 	-0.0130508 	-1.99233 	0.268042 	0.578694 	0.00817259 	
0.83	0.0524583 	-0.0133655 	-1.99207 	0.268051 	0.578746 	0.00818406 	
0.835	0.0524633 	-0.0136814 	-1.9918 	0.268059 	0.578798 	0.00819547 	
0.84	0.052625 	-0.0142731 	-1.99172 	0.268385 	0.580724 	0.00903274 	
0.845	0.0526302 	-0.0145912 	-1.99146 	0.268394 	0.580776 	0.00904406 	
0.85	0.0526354 	-0.0149103 	-1.99119 	0.268402 	0.580828 	0.0090553 	
0.855	0.0526407 	-0.0152305 	-1.99092 	0.26841 	0.58088 	0.00906647 	
0.86	0.0528066 	-0.0158306 	-1.99084 	0.26875 	0.582832 	0.00991873 	
0.865	0.052812 	-0.016153 	-1.99057 	0.268759 	0.582884 	0.00992979 	
0.87	0.0528175 	-0.0164762 	-1.9903 	0.268767 	0.582936 	0.00994078 	
0.875	0.0528231 	-0.0168005 	-1.99003 	0.268776 	0.582988 	0.00995169 	
0.88	0.0529931 	-0.0174087 	-1.98994 	0.26913 	0.584965 	0.0108185 	
0.885	0.0529988 	-0.017735 	-1.98967 	0.269138 	0.585017 	0.0108293 	
0.89	0.0530046 	-0.0180622 	-1.98939 	0.269146 	0.585069 	0.01084 	
0.895	0.0530104 	-0.0183904 	-1.98912 	0.269155 	0.585121 	0.0108507 	
0.9	0.0531846 	-0.0190062 	-1.98903 	0.269523 	0.587121 	0.0117317 	
0.905	0.0531905 	-0.0193363 	-1.98875 	0.269531 	0.587173 	0.0117422 	
0.91	0.0531966 	-0.0196673 	-1.98847 	0.26954 	0.587225 	0.0117526 	
0.915	0.0533357 	-0.0202237 	-1.98834 	0.269837 	0.588802 	0.0124473 	
0.92	0.0533419 	-0.0205565 	-1.98806 	0.269845 	0.588854 	0.0124576 	
0.925	0.0533481 	-0.0208901 	-1.98778 	0.269854 	0.588906 	0.0124678 	
0.93	0.0533544 	-0.0212246 	-1.98749 	0.269862 	0.588957 	0.0124778 	
0.935	0.0535318 	-0.0218463 	-1.9874 	0.270247 	0.590951 	0.0133628 	
0.94	0.0535383 	-0.0221825 	-1.98711 	0.270255 	0.591003 	0.0133727 	
0.945	0.0535448 	-0.0225194 	-1.98683 	0.270263 	0.591055 	0.0133826 	
0.95	0.0536891 	-0.0230857 	-1.98669 	0.270579 	0.592655 	0.0140931 	
0.955	0.0536958 	-0.0234243 	-1.9864 	0.270588 	0.592706 	0.0141028 	
0.96	0.0537025 	-0.0237636 	-1.98611 	0.270596 	0.592758 	0.0141124 	
0.965	0.0538455 	-0.024328 	-1.98597 	0.270912 	0.594327 	0.0148116 	
0.97	0.0538524 	-0.0246689 	-1.98568 	0.27092 	0.594379 	0.014821 	
0.975	0.0538593 	-0.0250104 	-1.98539 	0.270928 	0.59443 	0.0148303 	
0.98	0.0540042 	-0.0255781 	-1.98524 	0.271252 	0.596005 	0.0155345 	
0.985	0.0540113 	-0.0259211 	-1.98495 	0.27126 	0.596056 	0.0155437 	
0.99	0.0540184 	-0.0262648 	-1.98465 	0.271268 	0.596107 	0.0155527 	
0.995	0.0541655 	-0.0268361 	-1.9845 	0.2716 	0.597692 	0.0162634 	
1	0.0541728 	-0.0271811 	-1.98421 	0.271608 	0.597742 	0.0162722 	
1.005	0.0541802 	-0.0275268 	-1.98391 	0.271616 	0.597793 	0.016281 	
1.01	0.0543295 	-0.0281015 	-1.98376 	0.271956 	0.599386 	0.0169982 	
1.015	0.054337 	-0.0284484 	-1.98346 	0.271964 	0.599436 	0.0170067 	
1.02	0.0543446 	-0.028796 	-1.98316 	0.271972 	0.599487 	0.0170151 	
1.025	0.0544961 	-0.0293739 	-1.98301 	0.27232 	0.601088 	0.0177387 	
1.03	0.0545038 	-0.0297227 	-1.98271 	0.272328 	0.601138 	0.0177469 	
1.035	0.0545116 	-0.0300719 	-1.98241 	0.272336 	0.601188 	0.017755 	
1.04	0.0546653 	-0.0306529 	-1.98225 	0.272692 	0.602796 	0.0184847 	
1.045	0.0546732 	-0.0310033 	-1.98195 	0.2727 	0.602846 	0.0184926 	
1.05	0.0546812 	-0.0313541 	-1.98165 	0.272708 	0.602895 	0.0185003 	
1.055	0.0548371 	-0.0319379 	-1.98149 	0.273072 	0.60451 	0.0192359 	
1.06	0.0548452 	-0.0322898 	-1.98119 	0.27308 	0.60456 	0.0192435 	
1.065	0.0548534 	-0.0326422 	-1.98088 	0.273088 	0.604609 	0.0192509 	
1.07	0.0550113 	-0.0332285 	-1.98072 	0.273461 	0.60623 	0.0199921 	
1.075	0.0550197 	-0.0335818 	-1.98042 	0.273468 	0.606279 	0.0199994 	
1.08	0.0550281 	-0.0339355 	-1.98011 	0.273476 	0.606328 	0.0200065 	
1.085	0.0551881 	-0.0345242 	-1.97995 	0.273857 	0.607954 	0.0207532 	
1.09	0.0551966 	-0.0348788 	-1.97964 	0.273865 	0.608002 	0.0207601 	
1.095	0.0552052 	-0.0352337 	-1.97933 	0.273872 	0.608051 	0.0207668 	
1.1	0.0553673 	-0.0358246 	-1.97916 	0.274261 	0.609682 	0.0215188 	
1.105	0.055376 	-0.0361803 	-1.97886 	0.274269 	0.60973 	0.0215253 	
1.11	0.0553848 	-0.0365363 	-1.97855 	0.274276 	0.609778 	0.0215317 	
1.115	0.0555488 	-0.0371291 	-1.97838 	0.274674 	0.611413 	0.0222887 	
1.12	0.0555578 	-0.0374858 	-1.97807 	0.274681 	0.611461 	0.0222949 	
1.125	0.0555668 	-0.0378428 	-1.97776 	0.274688 	0.611509 	0.0223009 	
1.13	0.0557328 	-0.0384372 	-1.97759 	0.275094 	0.613147 	0.0230627 	
1.135	0.055742 	-0.0387948 	-1.97728 	0.275101 	0.613195 	0.0230685 	
1.14	0.0557512 	-0.0391527 	-1.97697 	0.275108 	0.613242 	0.0230742 	
1.145	0.0559191 	-0.0397486 	-1.97679 	0.275522 	0.614883 	0.0238406 	
1.15	0.0559284 	-0.040107 	-1.97648 	0.275529 	0.61493 	0.023846 	
1.155	0.0559379 	-0.0404655 	-1.97617 	0.275536 	0.614977 	0.0238513 	
1.16	0.0561076 	-0.0410627 	-1.97599 	0.275957 	0.616621 	0.024622 	
1.165	0.0561171 	-0.0414217 	-1.97568 	0.275964 	0.616667 	0.0246271 	
1.17	0.0561268 	-0.0417808 	-1.97536 	0.275971 	0.616713 	0.024632 	
1.175	0.0562983 	-0.0423791 	-1.97519 	0.2764 	0.618359 	0.0254068 	
1.18	0.056308 	-0.0427385 	-1.97487 	0.276407 	0.618404 	0.0254115 	
1.185	0.0563179 	-0.0430981 	-1.97456 	0.276414 	0.61845 	0.025416 	
1.19	0.0564912 	-0.0436971 	-1.97438 	0.27685 	0.620096 	0.0261947 	
1.195	0.0565011 	-0.0440569 	-1.97406 	0.276857 	0.620141 	0.026199 	
1.2	0.0565111 	-0.0444168 	-1.97375 	0.276864 	0.620186 	0.0262032 	
1.205	0.0566862 	-0.0450165 	-1.97356 	0.277308 	0.621833 	0.0269855 	
1.21	0.0566963 	-0.0453765 	-1.97325 	0.277315 	0.621878 	0.0269894 	
1.215	0.0567065 	-0.0457366 	-1.97293 	0.277321 	0.621922 	0.0269932 	
1.22	0.0568832 	-0.0463366 	-1.97275 	0.277773 	0.623569 	0.0277789 	
1.225	0.0568935 	-0.0466968 	-1.97243 	0.27778 	0.623613 	0.0277824 	
1.23	0.0569038 	-0.0470569 	-1.97211 	0.277786 	0.623657 	0.0277857 	
1.235	0.0570821 	-0.0476571 	-1.97193 	0.278245 	0.625303 	0.0285745 	
1.24	0.0570926 	-0.0480172 	-1.97161 	0.278251 	0.625346 	0.0285777 	
1.245	0.0571031 	-0.0483772 	-1.97129 	0.278258 	0.625389 	0.0285806 	
1.25	0.057283 	-0.0489774 	-1.97111 	0.278724 	0.627034 	0.0293723 	
1.255	0.0572936 	-0.0493373 	-1.97079 	0.27873 	0.627076 	0.029375 	
1.26	0.0573044 	-0.0496972 	-1.97047 	0.278736 	0.627119 	0.0293776 	
1.265	0.0574857 	-0.050297 	-1.97028 	0.27921 	0.628761 	0.0301719 	
1.27	0.0574965 	-0.0506567 	-1.96996 	0.279216 	0.628803 	0.0301742 	
1.275	0.0575074 	-0.0510162 	-1.96964 	0.279222 	0.628845 	0.0301764 	
1.28	0.0576902 	-0.0516155 	-1.96945 	0.279702 	0.630485 	0.030973 	
1.285	0.0577011 	-0.0519748 	-1.96913 	0.279708 	0.630526 	0.030975 	
1.29	0.0577122 	-0.0523338 	-1.96881 	0.279714 	0.630567 	0.0309768 	
1.295	0.0578963 	-0.0529324 	-1.96862 	0.280201 	0.632204 	0.0317754 	
1.3	0.0579074 	-0.0532911 	-1.9683 	0.280206 	0.632245 	0.031777 	
1.305	0.0579186 	-0.0536496 	-1.96798 	0.280212 	0.632285 	0.0317784 	
1.31	0.0581041 	-0.0542472 	-1.96779 	0.280705 	0.633918 	0.0325789 	
1.315	0.0581153 	-0.0546053 	-1.96747 	0.280711 	0.633958 	0.03258 	
1.32	0.0581267 	-0.054963 	-1.96715 	0.280717 	0.633997 	0.032581 	
1.325	0.0583133 	-0.0555595 	-1.96696 	0.281216 	0.635626 	0.033383 	
1.33	0.0583248 	-0.0559167 	-1.96664 	0.281222 	0.635665 	0.0333838 	
1.335	0.0583363 	-0.0562737 	-1.96632 	0.281227 	0.635704 	0.0333844 	
1.34	0.0585241 	-0.0568687 	-1.96612 	0.281733 	0.637327 	0.0341876 	
1.345	0.0585356 	-0.0572251 	-1.9658 	0.281738 	0.637366 	0.034188 	
1.35	0.0585473 	-0.057581 	-1.96548 	0.281744 	0.637404 	0.0341882 	
1.355	0.0587362 	-0.0581745 	-1.96529 	0.282255 	0.639022 	0.0349925 	
1.36	0.0587479 	-0.0585298 	-1.96497 	0.282261 	0.639059 	0.0349924 	
1.365	0.0587596 	-0.0588846 	-1.96465 	0.282266 	0.639097 	0.0349923 	
1.37	0.0589495 	-0.0594763 	-1.96445 	0.282783 	0.640709 	0.0357972 	
1.375	0.0589614 	-0.0598304 	-1.96413 	0.282788 	0.640745 	0.0357968 	
1.38	0.0589733 	-0.060184 	-1.96381 	0.282793 	0.640782 	0.0357962 	
1.385	0.0591641 	-0.0607736 	-1.96361 	0.283316 	0.642387 	0.0366015 	
1.39	0.059176 	-0.0611264 	-1.9633 	0.283321 	0.642423 	0.0366007 	
1.395	0.0591881 	-0.0614787 	-1.96298 	0.283326 	0.642459 	0.0365998 	
1.4	0.0593798 	-0.0620661 	-1.96278 	0.283854 	0.644057 	0.0374052 	
1.405	0.0593918 	-0.0624174 	-1.96246 	0.283859 	0.644092 	0.037404 	
1.41	0.0594039 	-0.0627683 	-1.96214 	0.283863 	0.644127 	0.0374027 	
1.415	0.0595964 	-0.0633532 	-1.96194 	0.284397 	0.645717 	0.0382079 	
1.42	0.0596086 	-0.063703 	-1.96163 	0.284401 	0.645751 	0.0382064 	
1.425	0.0596208 	-0.0640523 	-1.96131 	0.284405 	0.645786 	0.0382047 	
1.43	0.059814 	-0.0646344 	-1.96111 	0.284943 	0.647367 	0.0390094 	
1.435	0.0598262 	-0.0649826 	-1.96079 	0.284948 	0.647401 	0.0390075 	
1.44	0.0598386 	-0.0653302 	-1.96048 	0.284952 	0.647435 	0.0390054 	
1.445	0.0600323 	-0.0659095 	-1.96027 	0.285495 	0.649006 	0.0398094 	
1.45	0.0600447 	-0.0662558 	-1.95996 	0.285499 	0.64904 	0.0398071 	
1.455	0.0600571 	-0.0666016 	-1.95964 	0.285503 	0.649073 	0.0398047 	
1.46	0.0602514 	-0.0671778 	-1.95944 	0.28605 	0.650635 	0.0406075 	
1.465	0.0602639 	-0.0675222 	-1.95913 	0.286053 	0.650667 	0.0406049 	
1.47	0.0602764 	-0.067866 	-1.95881 	0.286057 	0.6507 	0.0406021 	
1.475	0.0604711 	-0.0684389 	-1.95861 	0.286608 	0.652252 	0.0414036 	
1.48	0.0604836 	-0.0687814 	-1.9583 	0.286612 	0.652283 	0.0414006 	
1.485	0.0604962 	-0.0691231 	-1.95799 	0.286615 	0.652315 	0.0413974 	
1.49	0.0606913 	-0.0696924 	-1.95778 	0.28717 	0.653856 	0.0421972 	
1.495	0.0607039 	-0.0700327 	-1.95747 	0.287173 	0.653887 	0.0421938 	
1.5	0.0607165 	-0.0703723 	-1.95716 	0.287177 	0.653918 	0.0421904 	
1.505	0.0609118 	-0.0709379 	-1.95696 	0.287735 	0.655448 	0.0429881 	
1.51	0.0609245 	-0.071276 	-1.95665 	0.287738 	0.655478 	0.0429844 	
1.515	0.0609372 	-0.0716132 	-1.95634 	0.287741 	0.655508 	0.0429806 	
1.52	0.0611327 	-0.0721749 	-1.95613 	0.288302 	0.657026 	0.0437761 	
1.525	0.0611454 	-0.0725106 	-1.95582 	0.288306 	0.657056 	0.043772 	
1.53	0.0611582 	-0.0728454 	-1.95552 	0.288309 	0.657085 	0.0437679 	
1.535	0.0613537 	-0.073403 	-1.95531 	0.288872 	0.658591 	0.0445607 	
1.54	0.0613665 	-0.0737362 	-1.955 	0.288875 	0.658619 	0.0445563 	
1.545	0.0613793 	-0.0740685 	-1.9547 	0.288878 	0.658648 	0.0445519 	
1.55	0.0615748 	-0.0746218 	-1.95449 	0.289444 	0.660141 	0.0453417 	
1.555	0.0615876 	-0.0749523 	-1.95419 	0.289447 	0.660169 	0.0453371 	
1.56	0.0616005 	-0.075282 	-1.95388 	0.28945 	0.660197 	0.0453323 	
1.565	0.0617959 	-0.0758308 	-1.95368 	0.290018 	0.661677 	0.0461188 	
1.57	0.0618087 	-0.0761586 	-1.95338 	0.290021 	0.661704 	0.0461139 	
1.575	0.0618216 	-0.0764855 	-1.95307 	0.290023 	0.661731 	0.0461088 	
1.58	0.0620168 	-0.0770296 	-1.95287 	0.290593 	0.663197 	0.0468918 	
1.585	0.0620296 	-0.0773546 	-1.95257 	0.290596 	0.663223 	0.0468865 	
1.59	0.0620425 	-0.0776786 	-1.95227 	0.290598 	0.663249 	0.0468811 	
1.595	0.0622374 	-0.0782178 	-1.95207 	0.29117 	0.664701 	0.0476602 	
1.6	0.0622503 	-0.0785399 	-1.95177 	0.291172 	0.664727 	0.0476546 	
1.605	0.0622631 	-0.0788609 	-1.95147 	0.291174 	0.664752 	0.047649 	
1.61	0.0622761 	-0.0791809 	-1.95117 	0.291176 	0.664777 	0.0476432 	
1.615	0.0625247 	-0.0797778 	-1.951 	0.291919 	0.666635 	0.0486506 	
1.62	0.0625376 	-0.0800958 	-1.9507 	0.291922 	0.666659 	0.0486447 	
1.625	0.0625505 	-0.0804127 	-1.95041 	0.291924 	0.666684 	0.0486387 	
1.63	0.0627498 	-0.0809462 	-1.95021 	0.292515 	0.668143 	0.0494312 	
1.635	0.0627627 	-0.0812609 	-1.94991 	0.292516 	0.668167 	0.049425 	
1.64	0.0627755 	-0.0815746 	-1.94962 	0.292518 	0.66819 	0.0494188 	
1.645	0.0627884 	-0.0818871 	-1.94933 	0.29252 	0.668214 	0.0494124 	
1.65	0.0630358 	-0.0824704 	-1.94915 	0.293266 	0.670029 	0.0504077 	
1.655	0.0630487 	-0.0827808 	-1.94886 	0.293268 	0.670052 	0.0504012 	
1.66	0.0630616 	-0.08309 	-1.94857 	0.29327 	0.670074 	0.0503946 	
1.665	0.0630744 	-0.083398 	-1.94829 	0.293271 	0.670097 	0.0503879 	
1.67	0.0633254 	-0.0839784 	-1.94811 	0.294033 	0.671921 	0.0513953 	
1.675	0.0633383 	-0.0842841 	-1.94783 	0.294035 	0.671943 	0.0513885 	
1.68	0.0633511 	-0.0845886 	-1.94754 	0.294036 	0.671965 	0.0513816 	
1.685	0.0633639 	-0.0848919 	-1.94726 	0.294037 	0.671986 	0.0513746 	
1.69	0.0636138 	-0.0854638 	-1.94709 	0.2948 	0.673784 	0.0523738 	
1.695	0.0636266 	-0.0857648 	-1.94681 	0.294801 	0.673805 	0.0523667 	
1.7	0.0636393 	-0.0860644 	-1.94652 	0.294802 	0.673826 	0.0523595 	
1.705	0.0636521 	-0.0863629 	-1.94624 	0.294804 	0.673847 	0.0523523 	
1.71	0.0639002 	-0.0869254 	-1.94607 	0.295564 	0.675614 	0.0533407 	
1.715	0.0639129 	-0.0872214 	-1.94579 	0.295565 	0.675634 	0.0533333 	
1.72	0.0639256 	-0.087516 	-1.94552 	0.295566 	0.675654 	0.0533258 	
1.725	0.0639383 	-0.0878094 	-1.94524 	0.295567 	0.675674 	0.0533183 	
1.73	0.0641842 	-0.0883622 	-1.94507 	0.296325 	0.67741 	0.0542948 	
1.735	0.0641968 	-0.088653 	-1.9448 	0.296325 	0.677429 	0.0542872 	
1.74	0.0642094 	-0.0889425 	-1.94452 	0.296326 	0.677448 	0.0542795 	
1.745	0.064222 	-0.0892306 	-1.94425 	0.296327 	0.677467 	0.0542717 	
1.75	0.0644656 	-0.0897734 	-1.94408 	0.297081 	0.67917 	0.0552356 	
1.755	0.0644781 	-0.0900588 	-1.94381 	0.297081 	0.679188 	0.0552277 	
1.76	0.0644906 	-0.0903429 	-1.94354 	0.297082 	0.679206 	0.0552198 	
1.765	0.0645031 	-0.0906256 	-1.94328 	0.297082 	0.679224 	0.0552119 	
1.77	0.0647441 	-0.091158 	-1.94311 	0.297831 	0.680893 	0.0561622 	
1.775	0.0647565 	-0.091438 	-1.94285 	0.297832 	0.68091 	0.0561542 	
1.78	0.0647689 	-0.0917165 	-1.94258 	0.297832 	0.680928 	0.0561461 	
1.785	0.0647813 	-0.0919937 	-1.94232 	0.297832 	0.680945 	0.0561379 	
1.79	0.0650194 	-0.0925153 	-1.94215 	0.298575 	0.682579 	0.0570741 	
1.795	0.0650316 	-0.0927897 	-1.94189 	0.298576 	0.682596 	0.0570659 	
1.8	0.0650439 	-0.0930625 	-1.94163 	0.298576 	0.682612 	0.0570576 	
1.805	0.0650561 	-0.0933339 	-1.94138 	0.298576 	0.682629 	0.0570493 	
1.81	0.0652911 	-0.0938446 	-1.94121 	0.299312 	0.684228 	0.0579704 	
1.815	0.0653033 	-0.0941131 	-1.94096 	0.299313 	0.684243 	0.057962 	
1.82	0.0653154 	-0.0943801 	-1.9407 	0.299313 	0.684259 	0.0579536 	
1.825	0.0653274 	-0.0946456 	-1.94045 	0.299313 	0.684274 	0.0579452 	
1.83	0.0655591 	-0.0951449 	-1.94029 	0.300041 	0.685837 	0.0588505 	
1.835	0.0655711 	-0.0954075 	-1.94004 	0.300041 	0.685852 	0.058842 	
1.84	0.065583 	-0.0956685 	-1.93979 	0.300041 	0.685867 	0.0588335 	
1.845	0.0655949 	-0.0959279 	-1.93954 	0.300041 	0.685881 	0.0588249 	
1.85	0.065823 	-0.0964157 	-1.93938 	0.300761 	0.687407 	0.0597137 	
1.855	0.0658348 	-0.0966721 	-1.93913 	0.300761 	0.687421 	0.0597051 	
1.86	0.0658466 	-0.0969269 	-1.93889 	0.300761 	0.687435 	0.0596965 	
1.865	0.0658583 	-0.0971802 	-1.93865 	0.300761 	0.687449 	0.0596879 	
1.87	0.0660825 	-0.097656 	-1.93849 	0.301471 	0.688936 	0.0605593 	
1.875	0.0660941 	-0.0979062 	-1.93825 	0.301471 	0.68895 	0.0605507 	
1.88	0.0661057 	-0.0981547 	-1.93801 	0.30147 	0.688963 	0.060542 	
1.885	0.0661172 	-0.0984016 	-1.93778 	0.30147 	0.688976 	0.0605333 	
1.89	0.0663374 	-0.0988653 	-1.93762 	0.30217 	0.690425 	0.0613867 	
1.895	0.0663488 	-0.099109 	-1.93739 	0.30217 	0.690438 	0.0613779 	
1.9	0.0663602 	-0.0993511 	-1.93716 	0.302169 	0.69045 	0.0613692 	
1.905	0.0663715 	-0.0995915 	-1.93693 	0.302169 	0.690463 	0.0613605 	
1.91	0.0665873 	-0.100043 	-1.93677 	0.302857 	0.691872 	0.0621951 	
1.915	0.0665985 	-0.10028 	-1.93655 	0.302857 	0.691884 	0.0621863 	
1.92	0.0666096 	-0.100515 	-1.93632 	0.302856 	0.691896 	0.0621776 	
1.925	0.0666207 	-0.100749 	-1.93609 	0.302856 	0.691907 	0.0621689 	
1.93	0.0666318 	-0.100981 	-1.93587 	0.302855 	0.691919 	0.0621601 	
1.935	0.0668872 	-0.101464 	-1.93574 	0.303681 	0.693587 	0.0631568 	
1.94	0.0668981 	-0.101693 	-1.93552 	0.30368 	0.693598 	0.063148 	
1.945	0.066909 	-0.10192 	-1.9353 	0.30368 	0.693609 	0.0631393 	
1.95	0.0669197 	-0.102145 	-1.93508 	0.303679 	0.69362 	0.0631306 	
1.955	0.0669305 	-0.102369 	-1.93487 	0.303678 	0.693631 	0.0631218 	
1.96	0.0671832 	-0.102838 	-1.93474 	0.304499 	0.695267 	0.0641063 	
1.965	0.0671938 	-0.103058 	-1.93453 	0.304498 	0.695277 	0.0640976 	
1.97	0.0672043 	-0.103276 	-1.93432 	0.304498 	0.695288 	0.0640889 	
1.975	0.0672148 	-0.103493 	-1.93411 	0.304497 	0.695298 	0.0640803 	
1.98	0.0672252 	-0.103708 	-1.9339 	0.304496 	0.695307 	0.0640716 	
1.985	0.0674705 	-0.104159 	-1.93378 	0.305296 	0.696882 	0.0650248 	
1.99	0.0674807 	-0.10437 	-1.93357 	0.305295 	0.696892 	0.0650161 	
1.995	0.0674909 	-0.10458 	-1.93337 	0.305294 	0.696901 	0.0650076 	
2	0.067501 	-0.104788 	-1.93317 	0.305293 	0.69691 	0.064999 	
2.005	0.0675111 	-0.104994 	-1.93297 	0.305292 	0.696919 	0.0649905 	
2.01	0.0677481 	-0.105426 	-1.93285 	0.306068 	0.698428 	0.0659092 	
2.015	0.067758 	-0.105628 	-1.93265 	0.306067 	0.698437 	0.0659007 	
2.02	0.0677678 	-0.105829 	-1.93246 	0.306066 	0.698445 	0.0658923 	
2.025	0.0677776 	-0.106028 	-1.93227 	0.306065 	0.698454 	0.0658839 	
2.03	0.0677873 	-0.106225 	-1.93208 	0.306064 	0.698462 	0.0658755 	
2.035	0.0680155 	-0.106638 	-1.93196 	0.306814 	0.699904 	0.0667582 	
2.04	0.0680251 	-0.106831 	-1.93177 	0.306813 	0.699912 	0.0667499 	
2.045	0.0680345 	-0.107022 	-1.93159 	0.306812 	0.69992 	0.0667417 	
2.05	0.0680439 	-0.107212 	-1.9314 	0.306811 	0.699928 	0.0667334 	
2.055	0.0680532 	-0.107399 	-1.93122 	0.306809 	0.699935 	0.0667252 	
2.06	0.0682723 	-0.107793 	-1.93111 	0.307531 	0.701309 	0.0675708 	
2.065	0.0682814 	-0.107977 	-1.93093 	0.30753 	0.701316 	0.0675627 	
2.07	0.0682904 	-0.108159 	-1.93075 	0.307529 	0.701323 	0.0675546 	
2.075	0.0682994 	-0.108339 	-1.93058 	0.307528 	0.70133 	0.0675466 	
2.08	0.0683083 	-0.108517 	-1.9304 	0.307527 	0.701337 	0.0675386 	
2.085	0.0683171 	-0.108693 	-1.93023 	0.307526 	0.701344 	0.0675307 	
2.09	0.0685615 	-0.109099 	-1.93014 	0.308339 	0.702873 	0.0684791 	
2.095	0.0685701 	-0.109271 	-1.92997 	0.308338 	0.702879 	0.0684713 	
2.1	0.0685786 	-0.109442 	-1.9298 	0.308337 	0.702886 	0.0684635 	
2.105	0.0685871 	-0.109611 	-1.92964 	0.308335 	0.702892 	0.0684558 	
2.11	0.0685954 	-0.109777 	-1.92948 	0.308334 	0.702899 	0.0684482 	
2.115	0.0686037 	-0.109942 	-1.92932 	0.308333 	0.702905 	0.0684406 	
2.12	0.0688378 	-0.110325 	-1.92923 	0.309115 	0.704358 	0.0693477 	
2.125	0.0688459 	-0.110486 	-1.92907 	0.309114 	0.704363 	0.0693403 	
2.13	0.0688539 	-0.110644 	-1.92892 	0.309113 	0.704369 	0.0693329 	
2.135	0.0688618 	-0.110801 	-1.92876 	0.309112 	0.704375 	0.0693255 	
2.14	0.0688697 	-0.110956 	-1.92861 	0.30911 	0.704381 	0.0693182 	
2.145	0.0688774 	-0.111109 	-1.92846 	0.309109 	0.704386 	0.069311 	
2.15	0.069097 	-0.111465 	-1.92838 	0.309845 	0.705739 	0.0701604 	
2.155	0.0691045 	-0.111614 	-1.92823 	0.309844 	0.705744 	0.0701533 	
2.16	0.069112 	-0.111761 	-1.92809 	0.309843 	0.705749 	0.0701463 	
2.165	0.0691193 	-0.111906 	-1.92795 	0.309842 	0.705754 	0.0701394 	
2.17	0.0691266 	-0.112049 	-1.92781 	0.309841 	0.705759 	0.0701325 	
2.175	0.0691338 	-0.11219 	-1.92767 	0.309839 	0.705764 	0.0701257 	
2.18	0.0691409 	-0.112329 	-1.92753 	0.309838 	0.705769 	0.070119 	
2.185	0.0693729 	-0.112682 	-1.92747 	0.310622 	0.707193 	0.0710199 	
2.19	0.0693797 	-0.112817 	-1.92733 	0.310621 	0.707198 	0.0710133 	
2.195	0.0693865 	-0.11295 	-1.9272 	0.31062 	0.707202 	0.0710068 	
2.2	0.0693932 	-0.11308 	-1.92708 	0.310619 	0.707207 	0.0710004 	
2.205	0.0693998 	-0.113209 	-1.92695 	0.310618 	0.707211 	0.0709941 	
2.21	0.0694064 	-0.113336 	-1.92683 	0.310616 	0.707215 	0.0709878 	
2.215	0.0694128 	-0.113461 	-1.9267 	0.310615 	0.707219 	0.0709816 	
2.22	0.0694191 	-0.113583 	-1.92658 	0.310614 	0.707223 	0.0709755 	
2.225	0.0696573 	-0.113925 	-1.92653 	0.311425 	0.70868 	0.0719038 	
2.23	0.0696634 	-0.114044 	-1.92642 	0.311424 	0.708684 	0.0718979 	
2.235	0.0696694 	-0.11416 	-1.9263 	0.311423 	0.708688 	0.071892 	
2.24	0.0696753 	-0.114275 	-1.92619 	0.311422 	0.708691 	0.0718863 	
2.245	0.0696811 	-0.114387 	-1.92608 	0.311421 	0.708695 	0.0718806 	
2.25	0.0696868 	-0.114497 	-1.92597 	0.31142 	0.708698 	0.071875 	
2.255	0.0696924 	-0.114605 	-1.92586 	0.311419 	0.708702 	0.0718696 	
2.26	0.0696979 	-0.114712 	-1.92576 	0.311418 	0.708705 	0.0718642 	
2.265	0.0697033 	-0.114816 	-1.92566 	0.311417 	0.708708 	0.0718589 	
2.27	0.0699365 	-0.115133 	-1.92562 	0.312217 	0.710128 	0.0727699 	
2.275	0.0699417 	-0.115233 	-1.92552 	0.312216 	0.710131 	0.0727648 	
2.28	0.0699467 	-0.115331 	-1.92543 	0.312215 	0.710134 	0.0727598 	
2.285	0.0699517 	-0.115427 	-1.92533 	0.312214 	0.710137 	0.0727549 	
2.29	0.0699566 	-0.11552 	-1.92524 	0.312213 	0.71014 	0.0727501 	
2.295	0.0699613 	-0.115612 	-1.92515 	0.312212 	0.710143 	0.0727454 	
2.3	0.069966 	-0.115701 	-1.92506 	0.312211 	0.710145 	0.0727408 	
2.305	0.0699705 	-0.115788 	-1.92498 	0.31221 	0.710148 	0.0727362 	
2.31	0.069975 	-0.115873 	-1.92489 	0.312209 	0.710151 	0.0727318 	
2.315	0.0699793 	-0.115956 	-1.92481 	0.312208 	0.710153 	0.0727275 	
2.32	0.0699835 	-0.116037 	-1.92473 	0.312207 	0.710155 	0.0727233 	
2.325	0.0702144 	-0.116329 	-1.92472 	0.313006 	0.711557 	0.0736291 	
2.33	0.0702184 	-0.116406 	-1.92464 	0.313005 	0.711559 	0.0736251 	
2.335	0.0702223 	-0.11648 	-1.92457 	0.313004 	0.711561 	0.0736212 	
2.34	0.0702261 	-0.116552 	-1.9245 	0.313003 	0.711563 	0.0736174 	
2.345	0.0702297 	-0.116623 	-1.92443 	0.313003 	0.711565 	0.0736137 	
2.35	0.0702333 	-0.116691 	-1.92436 	0.313002 	0.711567 	0.0736101 	
2.355	0.0702368 	-0.116757 	-1.9243 	0.313001 	0.711569 	0.0736067 	
2.36	0.0702401 	-0.116821 	-1.92423 	0.313 	0.711571 	0.0736033 	
2.365	0.0702433 	-0.116882 	-1.92417 	0.313 	0.711573 	0.0736 	
2.37	0.0702465 	-0.116942 	-1.92411 	0.312999 	0.711574 	0.0735969 	
2.375	0.0702495 	-0.116999 	-1.92406 	0.312999 	0.711576 	0.0735938 	
2.38	0.0702524 	-0.117055 	-1.924 	0.312998 	0.711577 	0.0735909 	
2.385	0.0702552 	-0.117108 	-1.92395 	0.312997 	0.711579 	0.0735881 	
2.39	0.0702578 	-0.117159 	-1.9239 	0.312997 	0.71158 	0.0735854 	
2.395	0.0702604 	-0.117207 	-1.92385 	0.312996 	0.711582 	0.0735828 	
2.4	0.0702629 	-0.117254 	-1.92381 	0.312996 	0.711583 	0.0735803 	
2.405	0.0704903 	-0.117508 	-1.92382 	0.313791 	0.712963 	0.0744797 	
2.41	0.0704926 	-0.117551 	-1.92378 	0.31379 	0.712964 	0.0744775 	
2.415	0.0704947 	-0.117591 	-1.92374 	0.31379 	0.712965 	0.0744753 	
2.42	0.0704965 	-0.117625 	-1.92371 	0.31379 	0.712966 	0.0744735 	
2.425	0.0704985 	-0.117665 	-1.92367 	0.313789 	0.712967 	0.0744714 	
2.43	0.0705002 	-0.117695 	-1.92364 	0.313789 	0.712968 	0.0744697 	
2.435	0.0705018 	-0.117727 	-1.92361 	0.313788 	0.712969 	0.074468 	
2.44	0.0705034 	-0.117756 	-1.92358 	0.313788 	0.71297 	0.0744665 	
2.445	0.0705048 	-0.117784 	-1.92355 	0.313788 	0.712971 	0.074465 	
2.45	0.0705061 	-0.117809 	-1.92353 	0.313788 	0.712971 	0.0744636 	
2.455	0.0705073 	-0.117832 	-1.9235 	0.313787 	0.712972 	0.0744624 	
2.46	0.0705084 	-0.117853 	-1.92348 	0.313787 	0.712972 	0.0744613 	
2.465	0.0705094 	-0.117871 	-1.92346 	0.313787 	0.712973 	0.0744603 	
2.47	0.0705103 	-0.117888 	-1.92345 	0.313787 	0.712973 	0.0744594 	
2.475	0.0705111 	-0.117902 	-1.92343 	0.313787 	0.712974 	0.0744586 	
2.48	0.0705117 	-0.117915 	-1.92342 	0.313786 	0.712974 	0.074458 	
2.485	0.0705122 	-0.117925 	-1.92341 	0.313786 	0.712974 	0.0744574 	
2.49	0.0705126 	-0.117932 	-1.9234 	0.313786 	0.712975 	0.074457 	
2.495	0.0705129 	-0.117938 	-1.9234 	0.313786 	0.712975 	0.0744567 	
2.5	0.0705129 	-0.117938 	-1.9234 	0.313786 	0.712975 	0.0744567 	
2.505	0.0705132 	-0.117943 	-1.92339 	0.313786 	0.712975 	0.0744564 	
2.51	0.070519 	-0.117949 	-1.92338 	0.313784 	0.712973 	0.0744485 	
2.515	0.070519 	-0.117949 	-1.92338 	0.313784 	0.712973 	0.0744485 	
2.52	0.0705192 	-0.117949 	-1.92338 	0.313782 	0.712968 	0.0744461 	
2.525	0.0705189 	-0.117948 	-1.92338 	0.313781 	0.712964 	0.0744445 	
2.53	0.0705185 	-0.117947 	-1.92337 	0.313779 	0.712958 	0.0744426 	
2.535	0.0705179 	-0.117945 	-1.92336 	0.313778 	0.712951 	0.0744402 	
2.54	0.0705173 	-0.117943 	-1.92336 	0.313775 	0.712942 	0.0744374 	
2.545	0.0705135 	-0.117938 	-1.92335 	0.313774 	0.712933 	0.0744381 	
2.55	0.0705124 	-0.117935 	-1.92335 	0.313772 	0.712922 	0.0744349 	
2.555	0.0705114 	-0.117932 	-1.92334 	0.313768 	0.71291 	0.0744308 	
2.56	0.0705103 	-0.117929 	-1.92333 	0.313765 	0.712896 	0.0744263 	
2.565	0.0705091 	-0.117926 	-1.92331 	0.313761 	0.712881 	0.0744213 	
2.57	0.0705078 	-0.117922 	-1.9233 	0.313757 	0.712865 	0.0744159 	
2.575	0.0705064 	-0.117918 	-1.92329 	0.313753 	0.712847 	0.07441 	
2.58	0.0705049 	-0.117914 	-1.92327 	0.313748 	0.712828 	0.0744038 	
2.585	0.0705034 	-0.117909 	-1.92325 	0.313743 	0.712808 	0.0743971 	
2.59	0.0705017 	-0.117904 	-1.92324 	0.313737 	0.712786 	0.0743899 	
2.595	0.0704884 	-0.117886 	-1.92324 	0.313736 	0.712766 	0.0743975 	
2.6	0.0704853 	-0.11788 	-1.92322 	0.313731 	0.712742 	0.074391 	
2.605	0.0704832 	-0.117874 	-1.9232 	0.313724 	0.712716 	0.0743827 	
2.61	0.0704811 	-0.117868 	-1.92318 	0.313717 	0.71269 	0.0743738 	
2.615	0.0704789 	-0.117861 	-1.92316 	0.31371 	0.712662 	0.0743645 	
2.62	0.0704933 	-0.117873 	-1.9231 	0.313695 	0.712626 	0.0743316 	
2.625	0.0704912 	-0.117866 	-1.92308 	0.313688 	0.712598 	0.0743221 	
2.63	0.0704887 	-0.117859 	-1.92305 	0.31368 	0.712566 	0.0743116 	
2.635	0.0704861 	-0.117852 	-1.92303 	0.313672 	0.712533 	0.0743006 	
2.64	0.0704834 	-0.117844 	-1.923 	0.313663 	0.712499 	0.0742891 	
2.645	0.0704806 	-0.117836 	-1.92297 	0.313654 	0.712463 	0.0742772 	
2.65	0.0704777 	-0.117828 	-1.92294 	0.313645 	0.712426 	0.0742649 	
2.655	0.0704744 	-0.117818 	-1.92291 	0.313634 	0.712383 	0.074251 	
2.66	0.0704751 	-0.117813 	-1.92287 	0.313623 	0.712343 	0.0742327 	
2.665	0.0704722 	-0.117805 	-1.92284 	0.313613 	0.712306 	0.0742203 	
2.67	0.0704686 	-0.117794 	-1.9228 	0.313601 	0.71226 	0.074205 	
2.675	0.0704652 	-0.117785 	-1.92277 	0.31359 	0.712216 	0.0741905 	
2.68	0.0704616 	-0.117775 	-1.92273 	0.313579 	0.712171 	0.0741757 	
2.685	0.070458 	-0.117764 	-1.92269 	0.313568 	0.712125 	0.0741604 	
2.69	0.0704543 	-0.117753 	-1.92266 	0.313556 	0.712077 	0.0741446 	
2.695	0.0704505 	-0.117742 	-1.92262 	0.313543 	0.712029 	0.0741285 	
2.7	0.0704466 	-0.117731 	-1.92258 	0.313531 	0.711979 	0.074112 	
2.705	0.0704425 	-0.11772 	-1.92254 	0.313518 	0.711927 	0.074095 	
2.71	0.0704384 	-0.117708 	-1.92249 	0.313505 	0.711875 	0.0740776 	
2.715	0.0704342 	-0.117696 	-1.92245 	0.313491 	0.711821 	0.0740599 	
2.72	0.0704299 	-0.117683 	-1.92241 	0.313477 	0.711766 	0.0740417 	
2.725	0.0704093 	-0.117653 	-1.92239 	0.31347 	0.711713 	0.0740443 	
2.73	0.0704046 	-0.11764 	-1.92234 	0.313455 	0.711656 	0.0740255 	
2.735	0.0704 	-0.117626 	-1.92229 	0.313441 	0.711597 	0.0740061 	
2.74	0.0703888 	-0.117606 	-1.92226 	0.313428 	0.711538 	0.0739949 	
2.745	0.0703839 	-0.117592 	-1.92221 	0.313413 	0.711477 	0.0739748 	
2.75	0.070379 	-0.117578 	-1.92216 	0.313397 	0.711415 	0.0739541 	
2.755	0.0703741 	-0.117564 	-1.92211 	0.313381 	0.711351 	0.0739331 	
2.76	0.0703185 	-0.117239 	-1.92198 	0.313499 	0.709645 	0.0742239 	
2.765	0.0703133 	-0.117225 	-1.92193 	0.313482 	0.709579 	0.0742021 	
2.77	0.0703212 	-0.117224 	-1.92185 	0.31346 	0.70951 	0.0741627 	
2.775	0.0703159 	-0.117209 	-1.9218 	0.313443 	0.709441 	0.0741399 	
2.78	0.0703105 	-0.117193 	-1.92174 	0.313426 	0.709371 	0.0741169 	
2.785	0.0703049 	-0.117177 	-1.92168 	0.313408 	0.709301 	0.0740935 	
2.79	0.0702993 	-0.117161 	-1.92162 	0.31339 	0.709229 	0.0740697 	
2.795	0.0702936 	-0.117145 	-1.92157 	0.313372 	0.709155 	0.0740455 	
2.8	0.0702877 	-0.117128 	-1.92151 	0.313353 	0.709081 	0.0740209 	
2.805	0.0702818 	-0.117111 	-1.92145 	0.313334 	0.709005 	0.0739959 	
2.81	0.0702758 	-0.117094 	-1.92138 	0.313315 	0.708929 	0.0739706 	
2.815	0.0702697 	-0.117077 	-1.92132 	0.313295 	0.708851 	0.0739449 	
2.82	0.070264 	-0.117059 	-1.92126 	0.313275 	0.708771 	0.0739181 	
2.825	0.0702577 	-0.117042 	-1.92119 	0.313255 	0.708691 	0.0738917 	
2.83	0.0702513 	-0.117023 	-1.92113 	0.313235 	0.70861 	0.0738648 	
2.835	0.0701316 	-0.116701 	-1.92098 	0.313051 	0.706824 	0.0737751 	
2.84	0.0701251 	-0.116683 	-1.92091 	0.313031 	0.70674 	0.0737475 	
2.845	0.0701185 	-0.116664 	-1.92085 	0.31301 	0.706655 	0.0737196 	
2.85	0.0701117 	-0.116645 	-1.92078 	0.312988 	0.706569 	0.0736913 	
2.855	0.0701049 	-0.116625 	-1.92071 	0.312966 	0.706482 	0.0736626 	
2.86	0.0700981 	-0.116606 	-1.92063 	0.312944 	0.706394 	0.0736336 	
2.865	0.0700957 	-0.116591 	-1.92056 	0.31292 	0.706304 	0.0735981 	
2.87	0.0700887 	-0.116571 	-1.92048 	0.312898 	0.706213 	0.0735683 	
2.875	0.0700816 	-0.116551 	-1.92041 	0.312875 	0.706121 	0.0735381 	
2.88	0.0700743 	-0.11653 	-1.92033 	0.312852 	0.706029 	0.0735077 	
2.885	0.070067 	-0.116509 	-1.92026 	0.312829 	0.705935 	0.0734768 	
2.89	0.0700596 	-0.116488 	-1.92018 	0.312805 	0.70584 	0.0734456 	
2.895	0.0699365 	-0.116174 	-1.92003 	0.312597 	0.704085 	0.0733187 	
2.9	0.0699289 	-0.116152 	-1.91995 	0.312573 	0.703988 	0.0732868 	
2.905	0.0699213 	-0.116131 	-1.91987 	0.312548 	0.70389 	0.0732546 	
2.91	0.0699136 	-0.116109 	-1.91979 	0.312524 	0.703791 	0.0732221 	
2.915	0.0699058 	-0.116086 	-1.91971 	0.312499 	0.703691 	0.0731892 	
2.92	0.0698823 	-0.116047 	-1.91965 	0.31248 	0.703592 	0.0731764 	
2.925	0.0698742 	-0.116024 	-1.91957 	0.312455 	0.70349 	0.073143 	
2.93	0.0698662 	-0.116001 	-1.91949 	0.312429 	0.703386 	0.0731091 	
2.935	0.0698581 	-0.115978 	-1.9194 	0.312404 	0.703282 	0.0730749 	
2.94	0.0698499 	-0.115955 	-1.91932 	0.312378 	0.703177 	0.0730403 	
2.945	0.0698416 	-0.115931 	-1.91923 	0.312351 	0.70307 	0.0730054 	
2.95	0.0697311 	-0.115625 	-1.91903 	0.312125 	0.70124 	0.0728449 	
2.955	0.0697229 	-0.115602 	-1.91894 	0.312098 	0.701132 	0.0728091 	
2.96	0.0697144 	-0.115578 	-1.91886 	0.312071 	0.701022 	0.0727733 	
2.965	0.0697058 	-0.115553 	-1.91877 	0.312044 	0.700912 	0.0727372 	
2.97	0.0696972 	-0.115529 	-1.91868 	0.312016 	0.7008 	0.0727008 	
2.975	0.0696885 	-0.115504 	-1.91859 	0.311989 	0.700688 	0.072664 	
2.98	0.0696797 	-0.115479 	-1.91849 	0.311961 	0.700574 	0.072627 	
2.985	0.0696564 	-0.115438 	-1.91842 	0.311939 	0.700463 	0.0726085 	
2.99	0.0696473 	-0.115413 	-1.91833 	0.31191 	0.700347 	0.072571 	
2.995	0.0696383 	-0.115387 	-1.91824 	0.311882 	0.700231 	0.072533 	
3	0.0695083 	-0.115058 	-1.91806 	0.31166 	0.698383 	0.0723932 	
3.005	0.0694991 	-0.115032 	-1.91796 	0.311631 	0.698265 	0.0723546 	
3.01	0.0694899 	-0.115006 	-1.91787 	0.311602 	0.698146 	0.0723158 	
3.015	0.0694806 	-0.11498 	-1.91777 	0.311573 	0.698026 	0.0722767 	
3.02	0.0694713 	-0.114954 	-1.91767 	0.311544 	0.697905 	0.0722373 	
3.025	0.0694553 	-0.11492 	-1.91758 	0.311516 	0.697784 	0.0722062 	
3.03	0.0694458 	-0.114893 	-1.91748 	0.311486 	0.697661 	0.0721663 	
3.035	0.0694363 	-0.114866 	-1.91738 	0.311456 	0.697537 	0.072126 	
3.04	0.0694266 	-0.114839 	-1.91728 	0.311426 	0.697413 	0.0720855 	
3.045	0.0692992 	-0.114517 	-1.9171 	0.311209 	0.6956 	0.0719466 	
3.05	0.0692895 	-0.114489 	-1.91699 	0.311178 	0.695474 	0.0719056 	
3.055	0.0692797 	-0.114462 	-1.91689 	0.311147 	0.695347 	0.0718643 	
3.06	0.0692699 	-0.114434 	-1.91679 	0.311116 	0.695219 	0.0718227 	
3.065	0.0692599 	-0.114406 	-1.91668 	0.311085 	0.69509 	0.0717809 	
3.07	0.06925 	-0.114378 	-1.91658 	0.311054 	0.69496 	0.0717388 	
3.075	0.0692399 	-0.11435 	-1.91647 	0.311022 	0.69483 	0.0716964 	
3.08	0.0692449 	-0.114338 	-1.91634 	0.310984 	0.694695 	0.0716342 	
3.085	0.0692349 	-0.114309 	-1.91623 	0.310952 	0.694563 	0.0715912 	
3.09	0.0691006 	-0.11397 	-1.91604 	0.310725 	0.69265 	0.0714457 	
3.095	0.0690904 	-0.113942 	-1.91593 	0.310692 	0.692516 	0.0714024 	
3.1	0.06908 	-0.113913 	-1.91582 	0.31066 	0.692382 	0.0713588 	
3.105	0.0690696 	-0.113883 	-1.91571 	0.310627 	0.692246 	0.071315 	
3.11	0.0690481 	-0.113842 	-1.91561 	0.310599 	0.692112 	0.0712854 	
3.115	0.0690375 	-0.113812 	-1.9155 	0.310566 	0.691975 	0.0712413 	
3.12	0.0690269 	-0.113783 	-1.91539 	0.310533 	0.691837 	0.0711968 	
3.125	0.0690163 	-0.113753 	-1.91528 	0.3105 	0.691699 	0.0711521 	
3.13	0.0688884 	-0.11343 	-1.91508 	0.310283 	0.689874 	0.0710112 	
3.135	0.0688777 	-0.1134 	-1.91497 	0.310249 	0.689734 	0.0709661 	
3.14	0.0688669 	-0.11337 	-1.91485 	0.310216 	0.689593 	0.0709207 	
3.145	0.0688619 	-0.113346 	-1.91473 	0.31018 	0.689451 	0.0708676 	
3.15	0.0688511 	-0.113316 	-1.91461 	0.310146 	0.689309 	0.0708218 	
3.155	0.0688402 	-0.113286 	-1.91449 	0.310112 	0.689166 	0.0707758 	
3.16	0.0688293 	-0.113255 	-1.91438 	0.310077 	0.689022 	0.0707296 	
3.165	0.0688183 	-0.113224 	-1.91426 	0.310043 	0.688878 	0.0706832 	
3.17	0.0686863 	-0.112892 	-1.91405 	0.30982 	0.686992 	0.0705385 	
3.175	0.0686752 	-0.112861 	-1.91393 	0.309785 	0.686847 	0.0704917 	
3.18	0.068664 	-0.11283 	-1.91381 	0.309751 	0.686701 	0.0704448 	
3.185	0.0686529 	-0.112799 	-1.9137 	0.309716 	0.686554 	0.0703977 	
3.19	0.0686416 	-0.112767 	-1.91357 	0.309681 	0.686406 	0.0703503 	
3.195	0.0686304 	-0.112736 	-1.91345 	0.309646 	0.686258 	0.0703028 	
3.2	0.0686191 	-0.112705 	-1.91333 	0.309611 	0.68611 	0.0702551 	
3.205	0.0686077 	-0.112673 	-1.91321 	0.309575 	0.68596 	0.0702073 	
3.21	0.0684676 	-0.112326 	-1.913 	0.309347 	0.684006 	0.0700631 	
3.215	0.0684561 	-0.112294 	-1.91288 	0.309312 	0.683855 	0.070015 	
3.22	0.0684447 	-0.112262 	-1.91275 	0.309276 	0.683704 	0.0699667 	
3.225	0.0684332 	-0.11223 	-1.91263 	0.309241 	0.683553 	0.0699182 	
3.23	0.0684216 	-0.112198 	-1.9125 	0.309205 	0.6834 	0.0698695 	
3.235	0.06841 	-0.112166 	-1.91238 	0.309169 	0.683248 	0.0698207 	
3.24	0.0684015 	-0.112137 	-1.91225 	0.309132 	0.683094 	0.0697677 	
3.245	0.0683899 	-0.112105 	-1.91212 	0.309096 	0.68294 	0.0697185 	
3.25	0.0682491 	-0.111752 	-1.9119 	0.308861 	0.680922 	0.0695665 	
3.255	0.0682374 	-0.11172 	-1.91177 	0.308825 	0.680767 	0.0695171 	
3.26	0.0682257 	-0.111687 	-1.91164 	0.308788 	0.680612 	0.0694676 	
3.265	0.0682139 	-0.111655 	-1.91152 	0.308752 	0.680456 	0.0694179 	
3.27	0.0682021 	-0.111622 	-1.91139 	0.308715 	0.6803 	0.0693681 	
3.275	0.0682032 	-0.111603 	-1.91124 	0.308674 	0.680141 	0.0693015 	
3.28	0.0681915 	-0.111571 	-1.91111 	0.308637 	0.679983 	0.0692512 	
3.285	0.0680623 	-0.111247 	-1.91089 	0.308421 	0.678129 	0.0691085 	
3.29	0.0680504 	-0.111214 	-1.91076 	0.308384 	0.677971 	0.0690583 	
3.295	0.0680384 	-0.111181 	-1.91063 	0.308348 	0.677812 	0.0690079 	
3.3	0.0680264 	-0.111148 	-1.9105 	0.308311 	0.677653 	0.0689574 	
3.305	0.0680144 	-0.111115 	-1.91037 	0.308274 	0.677494 	0.0689068 	
3.31	0.0680024 	-0.111082 	-1.91024 	0.308237 	0.677334 	0.068856 	
3.315	0.0679903 	-0.111049 	-1.91011 	0.3082 	0.677174 	0.0688052 	
3.32	0.0678549 	-0.110718 	-1.90989 	0.307985 	0.675304 	0.0686686 	
3.325	0.0678428 	-0.110685 	-1.90976 	0.307948 	0.675143 	0.0686177 	
3.33	0.0678306 	-0.110651 	-1.90962 	0.307911 	0.674981 	0.0685666 	
3.335	0.0678185 	-0.110618 	-1.90949 	0.307873 	0.67482 	0.0685154 	
3.34	0.0678063 	-0.110584 	-1.90936 	0.307836 	0.674658 	0.0684641 	
3.345	0.0677941 	-0.110551 	-1.90923 	0.307799 	0.674495 	0.0684128 	
3.35	0.0677819 	-0.110517 	-1.90909 	0.307761 	0.674332 	0.0683613 	
3.355	0.06765 	-0.110188 	-1.90886 	0.307543 	0.672432 	0.0682169 	
3.36	0.0676377 	-0.110155 	-1.90873 	0.307505 	0.672269 	0.0681654 	
3.365	0.0676325 	-0.110129 	-1.90858 	0.307465 	0.672104 	0.0681048 	
3.37	0.0676203 	-0.110096 	-1.90845 	0.307428 	0.67194 	0.068053 	
3.375	0.067608 	-0.110062 	-1.90831 	0.30739 	0.671776 	0.0680012 	
3.38	0.0675957 	-0.110028 	-1.90818 	0.307353 	0.671611 	0.0679494 	
3.385	0.0675833 	-0.109995 	-1.90804 	0.307315 	0.671447 	0.0678975 	
3.39	0.0674498 	-0.109662 	-1.9078 	0.307096 	0.669521 	0.0677524 	
3.395	0.0674378 	-0.109629 	-1.90767 	0.307058 	0.669356 	0.0677001 	
3.4	0.0674254 	-0.109595 	-1.90753 	0.30702 	0.66919 	0.0676481 	
3.405	0.0674131 	-0.109562 	-1.90739 	0.306983 	0.669025 	0.067596 	
3.41	0.0674007 	-0.109528 	-1.90726 	0.306945 	0.668859 	0.0675439 	
3.415	0.0673883 	-0.109494 	-1.90712 	0.306907 	0.668693 	0.0674917 	
