0	0.0493346 	0.0211643 	-2.01158 	0.262671 	0.535422 	-0.00923031 	
0.005	0.0493346 	0.0211643 	-2.01158 	0.262671 	0.535422 	-0.00923031 	
0.01	0.0493347 	0.0211601 	-2.01157 	0.262671 	0.535423 	-0.00923005 	
0.015	0.0493347 	0.0211545 	-2.01157 	0.262671 	0.535424 	-0.0092297 	
0.02	0.0493347 	0.0211466 	-2.01156 	0.262671 	0.535426 	-0.00922922 	
0.025	0.0493347 	0.0211364 	-2.01156 	0.262672 	0.535428 	-0.0092286 	
0.03	0.0493348 	0.0211239 	-2.01155 	0.262672 	0.535431 	-0.00922783 	
0.035	0.0493348 	0.0211091 	-2.01153 	0.262673 	0.535434 	-0.00922692 	
0.04	0.0493349 	0.021092 	-2.01152 	0.262673 	0.535437 	-0.00922587 	
0.045	0.0493349 	0.0210725 	-2.01151 	0.262674 	0.535441 	-0.00922467 	
0.05	0.049335 	0.0210507 	-2.01149 	0.262674 	0.535446 	-0.00922334 	
0.055	0.0493351 	0.0210266 	-2.01147 	0.262675 	0.535451 	-0.00922186 	
0.06	0.0493352 	0.0210002 	-2.01145 	0.262676 	0.535456 	-0.00922024 	
0.065	0.0493353 	0.0209715 	-2.01143 	0.262677 	0.535462 	-0.00921848 	
0.07	0.0493354 	0.0209405 	-2.0114 	0.262678 	0.535469 	-0.00921658 	
0.075	0.0493355 	0.0209072 	-2.01138 	0.262679 	0.535476 	-0.00921454 	
0.08	0.0493356 	0.0208715 	-2.01135 	0.26268 	0.535483 	-0.00921236 	
0.085	0.0493357 	0.0208298 	-2.01131 	0.262682 	0.535492 	-0.0092098 	
0.09	0.0493358 	0.020793 	-2.01129 	0.262683 	0.535499 	-0.00920755 	
0.095	0.049336 	0.0207465 	-2.01125 	0.262684 	0.535509 	-0.00920472 	
0.1	0.0493362 	0.0207014 	-2.01121 	0.262686 	0.535518 	-0.00920196 	
0.105	0.0493363 	0.020654 	-2.01118 	0.262687 	0.535528 	-0.00919907 	
0.11	0.0493365 	0.0206043 	-2.01114 	0.262689 	0.535538 	-0.00919604 	
0.115	0.0493367 	0.0205523 	-2.0111 	0.262691 	0.535549 	-0.00919288 	
0.12	0.0493369 	0.020498 	-2.01105 	0.262692 	0.53556 	-0.00918958 	
0.125	0.0493371 	0.0204414 	-2.01101 	0.262694 	0.535572 	-0.00918614 	
0.13	0.0493373 	0.0203826 	-2.01096 	0.262696 	0.535584 	-0.00918256 	
0.135	0.0493375 	0.0203214 	-2.01091 	0.262698 	0.535597 	-0.00917885 	
0.14	0.0493377 	0.020258 	-2.01086 	0.2627 	0.53561 	-0.00917501 	
0.145	0.049338 	0.0201923 	-2.01081 	0.262702 	0.535624 	-0.00917103 	
0.15	0.0493382 	0.0201243 	-2.01076 	0.262705 	0.535638 	-0.00916692 	
0.155	0.0493385 	0.020054 	-2.0107 	0.262707 	0.535652 	-0.00916268 	
0.16	0.049442 	0.0197622 	-2.01082 	0.262823 	0.537206 	-0.00853211 	
0.165	0.0494422 	0.0196873 	-2.01076 	0.262825 	0.537222 	-0.00852759 	
0.17	0.0494425 	0.0196103 	-2.0107 	0.262828 	0.537238 	-0.00852294 	
0.175	0.0494428 	0.0195309 	-2.01064 	0.26283 	0.537254 	-0.00851817 	
0.18	0.0494431 	0.0194493 	-2.01057 	0.262833 	0.537271 	-0.00851326 	
0.185	0.0494435 	0.0193654 	-2.01051 	0.262836 	0.537288 	-0.00850823 	
0.19	0.0494438 	0.0192793 	-2.01044 	0.262839 	0.537306 	-0.00850306 	
0.195	0.0494442 	0.0191909 	-2.01037 	0.262841 	0.537324 	-0.00849777 	
0.2	0.0494445 	0.0191003 	-2.0103 	0.262844 	0.537342 	-0.00849236 	
0.205	0.0494449 	0.0190074 	-2.01023 	0.262847 	0.537361 	-0.00848681 	
0.21	0.0494453 	0.0189123 	-2.01015 	0.26285 	0.537381 	-0.00848115 	
0.215	0.0494457 	0.018815 	-2.01007 	0.262854 	0.537401 	-0.00847536 	
0.22	0.0494462 	0.0187154 	-2.00999 	0.262857 	0.537421 	-0.00846944 	
0.225	0.0495582 	0.0183785 	-2.0101 	0.262988 	0.53909 	-0.00779067 	
0.23	0.0495587 	0.0182745 	-2.01002 	0.262992 	0.539112 	-0.0077845 	
0.235	0.0495591 	0.0181683 	-2.00993 	0.262995 	0.539133 	-0.00777821 	
0.24	0.0495596 	0.0180598 	-2.00985 	0.262999 	0.539155 	-0.0077718 	
0.245	0.0495601 	0.0179492 	-2.00976 	0.263002 	0.539178 	-0.00776528 	
0.25	0.0495606 	0.0178363 	-2.00967 	0.263006 	0.539201 	-0.00775863 	
0.255	0.0495612 	0.0177212 	-2.00958 	0.26301 	0.539224 	-0.00775187 	
0.26	0.0495617 	0.017604 	-2.00949 	0.263013 	0.539248 	-0.007745 	
0.265	0.0495623 	0.0174845 	-2.00939 	0.263017 	0.539272 	-0.00773801 	
0.27	0.0495629 	0.0173629 	-2.0093 	0.263021 	0.539297 	-0.00773091 	
0.275	0.0496762 	0.0170037 	-2.00938 	0.26316 	0.54097 	-0.00704905 	
0.28	0.0496768 	0.0168777 	-2.00928 	0.263164 	0.540996 	-0.00704171 	
0.285	0.0496774 	0.0167496 	-2.00918 	0.263168 	0.541021 	-0.00703426 	
0.29	0.0496781 	0.0166192 	-2.00908 	0.263172 	0.541048 	-0.0070267 	
0.295	0.0496787 	0.0164868 	-2.00897 	0.263176 	0.541075 	-0.00701904 	
0.3	0.0496794 	0.0163521 	-2.00887 	0.263181 	0.541102 	-0.00701126 	
0.305	0.0496802 	0.0162154 	-2.00876 	0.263185 	0.541129 	-0.00700339 	
0.31	0.0496809 	0.0160765 	-2.00865 	0.26319 	0.541157 	-0.0069954 	
0.315	0.0497891 	0.0157129 	-2.00871 	0.263328 	0.542741 	-0.00634847 	
0.32	0.0497899 	0.0155697 	-2.00859 	0.263332 	0.54277 	-0.00634027 	
0.325	0.0497907 	0.0154244 	-2.00848 	0.263337 	0.542799 	-0.00633197 	
0.33	0.0497915 	0.015277 	-2.00836 	0.263341 	0.542829 	-0.00632356 	
0.335	0.0497923 	0.0151274 	-2.00824 	0.263346 	0.542859 	-0.00631507 	
0.34	0.0497932 	0.0149758 	-2.00812 	0.263351 	0.542889 	-0.00630647 	
0.345	0.0497941 	0.014822 	-2.008 	0.263356 	0.54292 	-0.00629778 	
0.35	0.049795 	0.0146662 	-2.00788 	0.263361 	0.542951 	-0.00628899 	
0.355	0.0499162 	0.0142613 	-2.00794 	0.263521 	0.544707 	-0.00556982 	
0.36	0.0499171 	0.0141013 	-2.00781 	0.263526 	0.544739 	-0.00556083 	
0.365	0.0499181 	0.0139392 	-2.00768 	0.263531 	0.544771 	-0.00555175 	
0.37	0.0499191 	0.0137751 	-2.00755 	0.263536 	0.544804 	-0.00554258 	
0.375	0.0499202 	0.0136089 	-2.00742 	0.263541 	0.544837 	-0.00553333 	
0.38	0.0499212 	0.0134406 	-2.00729 	0.263546 	0.54487 	-0.00552399 	
0.385	0.0499223 	0.0132704 	-2.00715 	0.263552 	0.544904 	-0.00551456 	
0.39	0.0500424 	0.0128559 	-2.0072 	0.263716 	0.546626 	-0.00480744 	
0.395	0.0500435 	0.0126815 	-2.00706 	0.263721 	0.54666 	-0.00479783 	
0.4	0.0500447 	0.0125052 	-2.00692 	0.263727 	0.546695 	-0.00478814 	
0.405	0.0500459 	0.0123268 	-2.00678 	0.263732 	0.54673 	-0.00477837 	
0.41	0.0500471 	0.0121463 	-2.00663 	0.263738 	0.546766 	-0.00476852 	
0.415	0.0500484 	0.0119639 	-2.00649 	0.263744 	0.546802 	-0.0047586 	
0.42	0.0501615 	0.0115539 	-2.00651 	0.263904 	0.548409 	-0.00409703 	
0.425	0.0501628 	0.0113674 	-2.00636 	0.263909 	0.548446 	-0.00408694 	
0.43	0.0501641 	0.0111791 	-2.00621 	0.263915 	0.548483 	-0.00407677 	
0.435	0.0501655 	0.0109887 	-2.00606 	0.263921 	0.54852 	-0.00406654 	
0.44	0.0501669 	0.0107964 	-2.00591 	0.263927 	0.548557 	-0.00405624 	
0.445	0.0501684 	0.0106022 	-2.00575 	0.263933 	0.548595 	-0.00404588 	
0.45	0.0502886 	0.0101682 	-2.00577 	0.264108 	0.550287 	-0.00334776 	
0.455	0.0502901 	0.00997005 	-2.00561 	0.264114 	0.550325 	-0.00333725 	
0.46	0.0502916 	0.00976998 	-2.00545 	0.26412 	0.550364 	-0.00332667 	
0.465	0.0502932 	0.00956799 	-2.00529 	0.264126 	0.550403 	-0.00331602 	
0.47	0.0502948 	0.00936409 	-2.00513 	0.264133 	0.550442 	-0.00330532 	
0.475	0.0502965 	0.00915828 	-2.00496 	0.264139 	0.550482 	-0.00329457 	
0.48	0.0504254 	0.00869817 	-2.00499 	0.264331 	0.552275 	-0.00255219 	
0.485	0.0504271 	0.00848855 	-2.00482 	0.264338 	0.552316 	-0.00254129 	
0.49	0.0504288 	0.00827708 	-2.00465 	0.264344 	0.552356 	-0.00253035 	
0.495	0.0504306 	0.00806374 	-2.00448 	0.264351 	0.552397 	-0.00251935 	
0.5	0.0504325 	0.00784855 	-2.0043 	0.264357 	0.552438 	-0.00250831 	
0.505	0.0505491 	0.00740567 	-2.0043 	0.264537 	0.554046 	-0.00184123 	
0.51	0.050551 	0.00718675 	-2.00412 	0.264544 	0.554088 	-0.00183007 	
0.515	0.0505529 	0.00696602 	-2.00394 	0.26455 	0.55413 	-0.00181886 	
0.52	0.0505549 	0.00674347 	-2.00376 	0.264557 	0.554172 	-0.00180761 	
0.525	0.050557 	0.00651911 	-2.00358 	0.264564 	0.554215 	-0.00179632 	
0.53	0.0506779 	0.0060608 	-2.00357 	0.264754 	0.555866 	-0.00110939 	
0.535	0.05068 	0.0058328 	-2.00339 	0.264761 	0.555909 	-0.00109799 	
0.54	0.0506822 	0.00560305 	-2.0032 	0.264768 	0.555953 	-0.00108656 	
0.545	0.0506844 	0.00537153 	-2.00302 	0.264775 	0.555996 	-0.0010751 	
0.55	0.0506866 	0.00513823 	-2.00283 	0.264782 	0.55604 	-0.0010636 	
0.555	0.0508137 	0.00466162 	-2.00281 	0.264987 	0.557756 	-0.000347599 	
0.56	0.050816 	0.00442479 	-2.00262 	0.264994 	0.5578 	-0.000336015 	
0.565	0.0508183 	0.00418625 	-2.00243 	0.265001 	0.557845 	-0.000324403 	
0.57	0.0508208 	0.00394599 	-2.00224 	0.265008 	0.557889 	-0.000312765 	
0.575	0.0508232 	0.00370401 	-2.00204 	0.265016 	0.557934 	-0.000301103 	
0.58	0.0509565 	0.00320924 	-2.00202 	0.265236 	0.559715 	0.000444498 	
0.585	0.0509591 	0.00296381 	-2.00183 	0.265243 	0.55976 	0.000456232 	
0.59	0.0509617 	0.00271674 	-2.00163 	0.26525 	0.559806 	0.000467985 	
0.595	0.0509643 	0.00246798 	-2.00142 	0.265258 	0.559852 	0.000479756 	
0.6	0.050967 	0.00221757 	-2.00122 	0.265265 	0.559898 	0.000491543 	
0.605	0.0511066 	0.00170508 	-2.0012 	0.265501 	0.561742 	0.00126637 	
0.61	0.0511094 	0.00145132 	-2.001 	0.265508 	0.561789 	0.00127821 	
0.615	0.0511122 	0.00119597 	-2.00079 	0.265516 	0.561835 	0.00129007 	
0.62	0.0511151 	0.000938984 	-2.00058 	0.265523 	0.561882 	0.00130193 	
0.625	0.051118 	0.000680391 	-2.00037 	0.265531 	0.561929 	0.0013138 	
0.63	0.051264 	0.000150688 	-2.00035 	0.265783 	0.563835 	0.00211738 	
0.635	0.051267 	-0.000111141 	-2.00014 	0.265791 	0.563882 	0.00212929 	
0.64	0.0512701 	-0.000374513 	-1.99992 	0.265798 	0.56393 	0.0021412 	
0.645	0.0512732 	-0.000639455 	-1.99971 	0.265806 	0.563977 	0.00215312 	
0.65	0.0513981 	-0.0011334 	-1.99965 	0.266027 	0.565592 	0.00283494 	
0.655	0.0514014 	-0.00140148 	-1.99943 	0.266034 	0.56564 	0.00284688 	
0.66	0.0514047 	-0.00167106 	-1.99921 	0.266042 	0.565688 	0.00285881 	
0.665	0.051408 	-0.00194218 	-1.99899 	0.26605 	0.565737 	0.00287074 	
0.67	0.0515345 	-0.002443 	-1.99893 	0.266277 	0.567355 	0.00355623 	
0.675	0.0515379 	-0.00271716 	-1.99871 	0.266285 	0.567404 	0.00356817 	
0.68	0.0515414 	-0.00299279 	-1.99848 	0.266293 	0.567453 	0.00358009 	
0.685	0.051545 	-0.00326989 	-1.99825 	0.266301 	0.567502 	0.003592 	
0.69	0.0516754 	-0.00378158 	-1.99819 	0.26654 	0.569152 	0.00429357 	
0.695	0.051679 	-0.00406163 	-1.99796 	0.266548 	0.569202 	0.00430548 	
0.7	0.0516827 	-0.00434311 	-1.99773 	0.266556 	0.569251 	0.00431737 	
0.705	0.0516865 	-0.00462602 	-1.99749 	0.266563 	0.569301 	0.00432924 	
0.71	0.051821 	-0.00514866 	-1.99743 	0.266814 	0.570986 	0.00504788 	
0.715	0.0518249 	-0.00543444 	-1.99719 	0.266822 	0.571036 	0.00505974 	
0.72	0.0518288 	-0.00572158 	-1.99696 	0.26683 	0.571086 	0.00507157 	
0.725	0.0518328 	-0.00601011 	-1.99672 	0.266838 	0.571136 	0.00508337 	
0.73	0.0519714 	-0.00654342 	-1.99665 	0.2671 	0.572855 	0.0058189 	
0.735	0.0519755 	-0.00683471 	-1.99641 	0.267108 	0.572905 	0.00583068 	
0.74	0.0519797 	-0.00712733 	-1.99617 	0.267116 	0.572956 	0.00584242 	
0.745	0.051984 	-0.00742129 	-1.99592 	0.267124 	0.573006 	0.00585413 	
0.75	0.0521267 	-0.00796492 	-1.99585 	0.267399 	0.574758 	0.00660625 	
0.755	0.0521311 	-0.00826155 	-1.99561 	0.267407 	0.574808 	0.00661792 	
0.76	0.0521355 	-0.00855945 	-1.99536 	0.267415 	0.574859 	0.00662955 	
0.765	0.05214 	-0.00885864 	-1.99511 	0.267424 	0.57491 	0.00664114 	
0.77	0.0522868 	-0.00941225 	-1.99504 	0.267711 	0.576692 	0.00740953 	
0.775	0.0522914 	-0.00971401 	-1.99479 	0.267719 	0.576743 	0.00742107 	
0.78	0.0522961 	-0.010017 	-1.99454 	0.267727 	0.576795 	0.00743256 	
0.785	0.0523008 	-0.0103212 	-1.99428 	0.267735 	0.576846 	0.00744401 	
0.79	0.0524518 	-0.0108844 	-1.9942 	0.268035 	0.578658 	0.00822833 	
0.795	0.0524567 	-0.0111911 	-1.99395 	0.268044 	0.578709 	0.00823971 	
0.8	0.0524616 	-0.011499 	-1.99369 	0.268052 	0.578761 	0.00825105 	
0.805	0.0524666 	-0.0118081 	-1.99344 	0.26806 	0.578812 	0.00826232 	
0.81	0.0526217 	-0.0123806 	-1.99335 	0.268373 	0.580653 	0.00906224 	
0.815	0.0526268 	-0.012692 	-1.9931 	0.268381 	0.580705 	0.00907344 	
0.82	0.0526319 	-0.0130045 	-1.99284 	0.26839 	0.580756 	0.00908458 	
0.825	0.0526372 	-0.0133182 	-1.99257 	0.268398 	0.580808 	0.00909567 	
0.83	0.0527964 	-0.0138996 	-1.99249 	0.268724 	0.582676 	0.00991081 	
0.835	0.0528017 	-0.0142155 	-1.99223 	0.268733 	0.582728 	0.00992181 	
0.84	0.0528071 	-0.0145326 	-1.99196 	0.268741 	0.58278 	0.00993275 	
0.845	0.0528127 	-0.0148507 	-1.99169 	0.268749 	0.582831 	0.00994361 	
0.85	0.0529759 	-0.0154405 	-1.99161 	0.269089 	0.584726 	0.0107736 	
0.855	0.0529815 	-0.0157608 	-1.99134 	0.269097 	0.584778 	0.0107844 	
0.86	0.0529872 	-0.0160821 	-1.99107 	0.269105 	0.58483 	0.0107951 	
0.865	0.052993 	-0.0164044 	-1.9908 	0.269114 	0.584881 	0.0108057 	
0.87	0.0531603 	-0.0170024 	-1.99071 	0.269467 	0.586801 	0.0116502 	
0.875	0.0531662 	-0.0173268 	-1.99044 	0.269475 	0.586853 	0.0116608 	
0.88	0.0531721 	-0.0176521 	-1.99016 	0.269484 	0.586904 	0.0116712 	
0.885	0.0531782 	-0.0179784 	-1.98989 	0.269492 	0.586956 	0.0116816 	
0.89	0.0533495 	-0.0185842 	-1.9898 	0.269859 	0.588899 	0.0125402 	
0.895	0.0533557 	-0.0189124 	-1.98952 	0.269867 	0.588951 	0.0125504 	
0.9	0.0533619 	-0.0192416 	-1.98924 	0.269875 	0.589002 	0.0125606 	
0.905	0.0533682 	-0.0195717 	-1.98896 	0.269884 	0.589054 	0.0125707 	
0.91	0.0535435 	-0.0201848 	-1.98887 	0.270265 	0.591019 	0.013443 	
0.915	0.0535499 	-0.0205167 	-1.98859 	0.270273 	0.591071 	0.013453 	
0.92	0.0535564 	-0.0208495 	-1.98831 	0.270281 	0.591122 	0.0134628 	
0.925	0.053563 	-0.0211832 	-1.98802 	0.270289 	0.591174 	0.0134726 	
0.93	0.0537423 	-0.0218032 	-1.98792 	0.270684 	0.59316 	0.0143583 	
0.935	0.053749 	-0.0221386 	-1.98764 	0.270693 	0.593211 	0.0143679 	
0.94	0.0537557 	-0.0224748 	-1.98736 	0.270701 	0.593263 	0.0143774 	
0.945	0.0538989 	-0.0230352 	-1.98721 	0.271019 	0.594826 	0.0150749 	
0.95	0.0539058 	-0.023373 	-1.98693 	0.271027 	0.594878 	0.0150843 	
0.955	0.0539127 	-0.0237116 	-1.98664 	0.271035 	0.594929 	0.0150936 	
0.96	0.0539198 	-0.024051 	-1.98635 	0.271043 	0.59498 	0.0151028 	
0.965	0.0541019 	-0.0246757 	-1.98624 	0.271454 	0.596956 	0.0159906 	
0.97	0.0541091 	-0.0250166 	-1.98595 	0.271462 	0.597007 	0.0159997 	
0.975	0.0541163 	-0.0253582 	-1.98566 	0.27147 	0.597058 	0.0160086 	
0.98	0.0542644 	-0.0259274 	-1.98551 	0.271806 	0.598641 	0.0167206 	
0.985	0.0542718 	-0.0262704 	-1.98522 	0.271814 	0.598692 	0.0167294 	
0.99	0.0542792 	-0.0266142 	-1.98492 	0.271822 	0.598742 	0.0167381 	
0.995	0.0544258 	-0.027181 	-1.98477 	0.272157 	0.600295 	0.0174382 	
1	0.0544334 	-0.0275261 	-1.98447 	0.272165 	0.600345 	0.0174467 	
1.005	0.054441 	-0.0278719 	-1.98418 	0.272173 	0.600395 	0.017455 	
1.01	0.0545894 	-0.0284415 	-1.98402 	0.272516 	0.601952 	0.0181596 	
1.015	0.0545971 	-0.0287885 	-1.98372 	0.272524 	0.602002 	0.0181678 	
1.02	0.054605 	-0.0291361 	-1.98343 	0.272532 	0.602052 	0.0181759 	
1.025	0.0547555 	-0.0297089 	-1.98326 	0.272882 	0.603616 	0.0188864 	
1.03	0.0547634 	-0.0300577 	-1.98297 	0.27289 	0.603666 	0.0188943 	
1.035	0.0547714 	-0.030407 	-1.98267 	0.272898 	0.603716 	0.0189021 	
1.04	0.054924 	-0.0309827 	-1.9825 	0.273257 	0.605287 	0.0196186 	
1.045	0.0549322 	-0.0313332 	-1.9822 	0.273264 	0.605336 	0.0196262 	
1.05	0.0549404 	-0.0316842 	-1.9819 	0.273272 	0.605386 	0.0196337 	
1.055	0.0550951 	-0.0322626 	-1.98173 	0.273639 	0.606963 	0.0203559 	
1.06	0.0551034 	-0.0326146 	-1.98143 	0.273646 	0.607012 	0.0203632 	
1.065	0.0551118 	-0.0329671 	-1.98113 	0.273654 	0.607061 	0.0203703 	
1.07	0.0552685 	-0.0335481 	-1.98096 	0.274028 	0.608644 	0.0210981 	
1.075	0.0552771 	-0.0339015 	-1.98066 	0.274036 	0.608693 	0.0211051 	
1.08	0.0552857 	-0.0342553 	-1.98035 	0.274044 	0.608742 	0.0211119 	
1.085	0.0554444 	-0.0348386 	-1.98018 	0.274426 	0.61033 	0.021845 	
1.09	0.0554531 	-0.0351933 	-1.97987 	0.274433 	0.610379 	0.0218516 	
1.095	0.0554619 	-0.0355483 	-1.97957 	0.274441 	0.610427 	0.0218581 	
1.1	0.0556226 	-0.0361338 	-1.97939 	0.274831 	0.61202 	0.0225964 	
1.105	0.0556315 	-0.0364896 	-1.97909 	0.274838 	0.612068 	0.0226026 	
1.11	0.0556405 	-0.0368457 	-1.97878 	0.274846 	0.612116 	0.0226088 	
1.115	0.0558031 	-0.0374331 	-1.9786 	0.275244 	0.613713 	0.0233519 	
1.12	0.0558122 	-0.0377898 	-1.97829 	0.275251 	0.613761 	0.0233579 	
1.125	0.0558214 	-0.0381469 	-1.97798 	0.275258 	0.613808 	0.0233637 	
1.13	0.0559859 	-0.038736 	-1.97781 	0.275664 	0.615409 	0.0241115 	
1.135	0.0559952 	-0.0390937 	-1.97749 	0.275671 	0.615456 	0.0241171 	
1.14	0.0560046 	-0.0394516 	-1.97718 	0.275679 	0.615503 	0.0241225 	
1.145	0.0561709 	-0.0400421 	-1.977 	0.276092 	0.617106 	0.0248748 	
1.15	0.0561804 	-0.0404005 	-1.97669 	0.276099 	0.617153 	0.02488 	
1.155	0.05619 	-0.0407591 	-1.97638 	0.276106 	0.617199 	0.0248851 	
1.16	0.0563581 	-0.0413509 	-1.9762 	0.276527 	0.618805 	0.0256416 	
1.165	0.0563678 	-0.04171 	-1.97588 	0.276534 	0.618851 	0.0256465 	
1.17	0.0563775 	-0.0420692 	-1.97557 	0.276541 	0.618896 	0.0256512 	
1.175	0.0565474 	-0.042662 	-1.97539 	0.276969 	0.620504 	0.0264117 	
1.18	0.0565572 	-0.0430215 	-1.97507 	0.276976 	0.620549 	0.0264162 	
1.185	0.0565672 	-0.0433811 	-1.97476 	0.276983 	0.620594 	0.0264206 	
1.19	0.0567387 	-0.0439747 	-1.97457 	0.277419 	0.622203 	0.0271848 	
1.195	0.0567487 	-0.0443346 	-1.97426 	0.277426 	0.622248 	0.027189 	
1.2	0.0567589 	-0.0446946 	-1.97394 	0.277433 	0.622292 	0.027193 	
1.205	0.056932 	-0.0452888 	-1.97376 	0.277876 	0.623901 	0.0279607 	
1.21	0.0569423 	-0.0456489 	-1.97344 	0.277882 	0.623945 	0.0279645 	
1.215	0.0569525 	-0.0460091 	-1.97312 	0.277889 	0.623989 	0.0279681 	
1.22	0.0571273 	-0.0466036 	-1.97293 	0.278339 	0.625598 	0.0287391 	
1.225	0.0571377 	-0.0469638 	-1.97262 	0.278346 	0.625642 	0.0287425 	
1.23	0.0571482 	-0.0473241 	-1.9723 	0.278352 	0.625685 	0.0287457 	
1.235	0.0573245 	-0.0479187 	-1.97211 	0.278809 	0.627293 	0.0295197 	
1.24	0.057335 	-0.048279 	-1.97179 	0.278816 	0.627336 	0.0295227 	
1.245	0.0573456 	-0.0486391 	-1.97147 	0.278822 	0.627379 	0.0295256 	
1.25	0.0575234 	-0.0492337 	-1.97128 	0.279286 	0.628985 	0.0303024 	
1.255	0.0575341 	-0.0495938 	-1.97096 	0.279292 	0.629027 	0.030305 	
1.26	0.0575449 	-0.0499537 	-1.97064 	0.279298 	0.62907 	0.0303075 	
1.265	0.0577241 	-0.050548 	-1.97045 	0.279769 	0.630674 	0.0310868 	
1.27	0.057735 	-0.0509078 	-1.97013 	0.279775 	0.630716 	0.0310891 	
1.275	0.0577459 	-0.0512674 	-1.96981 	0.279781 	0.630757 	0.0310912 	
1.28	0.0579265 	-0.0518612 	-1.96962 	0.280259 	0.632359 	0.0318727 	
1.285	0.0579375 	-0.0522206 	-1.9693 	0.280265 	0.6324 	0.0318746 	
1.29	0.0579486 	-0.0525798 	-1.96898 	0.280271 	0.632441 	0.0318763 	
1.295	0.0581304 	-0.0531729 	-1.96878 	0.280755 	0.634039 	0.0326598 	
1.3	0.0581416 	-0.0535317 	-1.96846 	0.28076 	0.63408 	0.0326613 	
1.305	0.0581528 	-0.0538903 	-1.96814 	0.280766 	0.63412 	0.0326627 	
1.31	0.0583359 	-0.0544824 	-1.96795 	0.281256 	0.635715 	0.0334479 	
1.315	0.0583472 	-0.0548406 	-1.96763 	0.281262 	0.635754 	0.033449 	
1.32	0.0583586 	-0.0551984 	-1.96731 	0.281267 	0.635794 	0.03345 	
1.325	0.0585428 	-0.0557894 	-1.96711 	0.281764 	0.637384 	0.0342367 	
1.33	0.0585543 	-0.0561468 	-1.96679 	0.281769 	0.637423 	0.0342374 	
1.335	0.0585657 	-0.0565038 	-1.96647 	0.281774 	0.637462 	0.034238 	
1.34	0.0587511 	-0.0570934 	-1.96627 	0.282277 	0.639047 	0.0350259 	
1.345	0.0587627 	-0.0574498 	-1.96595 	0.282282 	0.639086 	0.0350262 	
1.35	0.0587743 	-0.0578059 	-1.96563 	0.282287 	0.639124 	0.0350264 	
1.355	0.0589606 	-0.0583939 	-1.96543 	0.282795 	0.640704 	0.0358152 	
1.36	0.0589723 	-0.0587493 	-1.96511 	0.2828 	0.640741 	0.0358152 	
1.365	0.0589841 	-0.0591043 	-1.96479 	0.282805 	0.640779 	0.035815 	
1.37	0.0591714 	-0.0596905 	-1.96459 	0.283318 	0.642353 	0.0366044 	
1.375	0.0591832 	-0.0600447 	-1.96427 	0.283323 	0.642389 	0.036604 	
1.38	0.059195 	-0.0603985 	-1.96395 	0.283328 	0.642426 	0.0366035 	
1.385	0.0593832 	-0.0609826 	-1.96375 	0.283846 	0.643993 	0.0373932 	
1.39	0.0593951 	-0.0613356 	-1.96343 	0.283851 	0.644029 	0.0373925 	
1.395	0.0594071 	-0.061688 	-1.96311 	0.283856 	0.644065 	0.0373916 	
1.4	0.0595961 	-0.0622699 	-1.96291 	0.284379 	0.645625 	0.0381813 	
1.405	0.0596081 	-0.0626214 	-1.96259 	0.284384 	0.645661 	0.0381802 	
1.41	0.0596201 	-0.0629724 	-1.96227 	0.284388 	0.645696 	0.0381789 	
1.415	0.0598098 	-0.0635519 	-1.96207 	0.284916 	0.647248 	0.0389685 	
1.42	0.0598219 	-0.0639019 	-1.96175 	0.284921 	0.647283 	0.038967 	
1.425	0.0598341 	-0.0642513 	-1.96144 	0.284925 	0.647317 	0.0389654 	
1.43	0.0600244 	-0.0648281 	-1.96123 	0.285458 	0.648861 	0.0397544 	
1.435	0.0600366 	-0.0651764 	-1.96091 	0.285462 	0.648895 	0.0397525 	
1.44	0.0600489 	-0.0655241 	-1.9606 	0.285466 	0.648928 	0.0397506 	
1.445	0.0602397 	-0.0660981 	-1.96039 	0.286003 	0.650463 	0.0405387 	
1.45	0.060252 	-0.0664446 	-1.96008 	0.286007 	0.650497 	0.0405365 	
1.455	0.0602644 	-0.0667905 	-1.95976 	0.286011 	0.650529 	0.0405342 	
1.46	0.0604557 	-0.0673613 	-1.95956 	0.286552 	0.652055 	0.0413213 	
1.465	0.0604681 	-0.067706 	-1.95924 	0.286556 	0.652087 	0.0413187 	
1.47	0.0604805 	-0.0680499 	-1.95893 	0.28656 	0.65212 	0.0413161 	
1.475	0.0606722 	-0.0686175 	-1.95872 	0.287104 	0.653635 	0.0421017 	
1.48	0.0606846 	-0.0689601 	-1.95841 	0.287108 	0.653667 	0.0420988 	
1.485	0.0606971 	-0.069302 	-1.9581 	0.287111 	0.653698 	0.0420958 	
1.49	0.0608891 	-0.0698661 	-1.95789 	0.287659 	0.655204 	0.0428798 	
1.495	0.0609016 	-0.0702066 	-1.95758 	0.287663 	0.655234 	0.0428765 	
1.5	0.0609141 	-0.0705463 	-1.95727 	0.287666 	0.655265 	0.0428732 	
1.505	0.0611063 	-0.0711067 	-1.95706 	0.288217 	0.656759 	0.0436551 	
1.51	0.0611189 	-0.0714449 	-1.95675 	0.288221 	0.656789 	0.0436516 	
1.515	0.0611315 	-0.0717823 	-1.95644 	0.288224 	0.656819 	0.0436479 	
1.52	0.0613238 	-0.0723389 	-1.95623 	0.288778 	0.658302 	0.0444275 	
1.525	0.0613364 	-0.0726747 	-1.95592 	0.288781 	0.658331 	0.0444236 	
1.53	0.061349 	-0.0730097 	-1.95561 	0.288784 	0.658361 	0.0444196 	
1.535	0.0615414 	-0.0735622 	-1.95541 	0.28934 	0.659831 	0.0451966 	
1.54	0.061554 	-0.0738955 	-1.9551 	0.289343 	0.65986 	0.0451924 	
1.545	0.0615667 	-0.074228 	-1.95479 	0.289346 	0.659888 	0.0451881 	
1.55	0.0617589 	-0.0747762 	-1.95459 	0.289905 	0.661347 	0.0459621 	
1.555	0.0617716 	-0.0751069 	-1.95428 	0.289908 	0.661374 	0.0459576 	
1.56	0.0617843 	-0.0754367 	-1.95398 	0.289911 	0.661402 	0.045953 	
1.565	0.061797 	-0.0757656 	-1.95367 	0.289913 	0.661429 	0.0459483 	
1.57	0.0620428 	-0.0763725 	-1.95349 	0.290641 	0.663297 	0.0469504 	
1.575	0.0620555 	-0.0766996 	-1.95319 	0.290643 	0.663324 	0.0469455 	
1.58	0.0620682 	-0.0770258 	-1.95289 	0.290646 	0.663351 	0.0469405 	
1.585	0.0622654 	-0.0775697 	-1.95269 	0.291226 	0.66482 	0.0477301 	
1.59	0.0622781 	-0.0778939 	-1.95238 	0.291228 	0.664846 	0.047725 	
1.595	0.0622908 	-0.0782171 	-1.95209 	0.29123 	0.664872 	0.0477197 	
1.6	0.0623036 	-0.0785393 	-1.95179 	0.291233 	0.664898 	0.0477143 	
1.605	0.0625489 	-0.0791343 	-1.95161 	0.291966 	0.666728 	0.0487073 	
1.61	0.0625616 	-0.0794545 	-1.95131 	0.291968 	0.666753 	0.0487018 	
1.615	0.0625743 	-0.0797737 	-1.95101 	0.29197 	0.666778 	0.0486962 	
1.62	0.062587 	-0.0800918 	-1.95072 	0.291972 	0.666803 	0.0486905 	
1.625	0.0628364 	-0.0806847 	-1.95054 	0.292722 	0.668646 	0.0496972 	
1.63	0.0628491 	-0.0810008 	-1.95025 	0.292724 	0.66867 	0.0496913 	
1.635	0.0628618 	-0.0813157 	-1.94995 	0.292726 	0.668694 	0.0496854 	
1.64	0.0628745 	-0.0816296 	-1.94966 	0.292728 	0.668718 	0.0496793 	
1.645	0.0631232 	-0.0822149 	-1.94949 	0.29348 	0.670538 	0.0506798 	
1.65	0.0631358 	-0.0825266 	-1.9492 	0.293482 	0.670561 	0.0506736 	
1.655	0.0631485 	-0.0828371 	-1.94891 	0.293484 	0.670584 	0.0506673 	
1.66	0.0631612 	-0.0831465 	-1.94862 	0.293486 	0.670607 	0.050661 	
1.665	0.0634086 	-0.0837233 	-1.94844 	0.294238 	0.672399 	0.0516524 	
1.67	0.0634212 	-0.0840304 	-1.94815 	0.294239 	0.672421 	0.0516459 	
1.675	0.0634338 	-0.0843363 	-1.94787 	0.294241 	0.672443 	0.0516393 	
1.68	0.0634465 	-0.0846411 	-1.94758 	0.294242 	0.672465 	0.0516327 	
1.685	0.0636923 	-0.0852091 	-1.94741 	0.294993 	0.674229 	0.0526141 	
1.69	0.0637048 	-0.0855114 	-1.94712 	0.294994 	0.67425 	0.0526073 	
1.695	0.0637174 	-0.0858125 	-1.94684 	0.294996 	0.674271 	0.0526005 	
1.7	0.06373 	-0.0861124 	-1.94656 	0.294997 	0.674292 	0.0525936 	
1.705	0.0639739 	-0.0866712 	-1.94639 	0.295745 	0.676026 	0.0535643 	
1.71	0.0639864 	-0.0869687 	-1.94611 	0.295746 	0.676046 	0.0535572 	
1.715	0.0639989 	-0.0872648 	-1.94583 	0.295748 	0.676066 	0.0535501 	
1.72	0.0640114 	-0.0875596 	-1.94555 	0.295749 	0.676086 	0.0535429 	
1.725	0.0642532 	-0.0881089 	-1.94538 	0.296494 	0.677789 	0.0545021 	
1.73	0.0642657 	-0.0884012 	-1.9451 	0.296495 	0.677809 	0.0544948 	
1.735	0.0642781 	-0.0886922 	-1.94483 	0.296496 	0.677828 	0.0544875 	
1.74	0.0642905 	-0.0889819 	-1.94455 	0.296497 	0.677847 	0.05448 	
1.745	0.06453 	-0.0895213 	-1.94438 	0.297239 	0.679518 	0.0554269 	
1.75	0.0645423 	-0.0898083 	-1.94411 	0.297239 	0.679537 	0.0554194 	
1.755	0.0645546 	-0.090094 	-1.94384 	0.29724 	0.679555 	0.0554118 	
1.76	0.0645669 	-0.0903783 	-1.94357 	0.297241 	0.679573 	0.0554042 	
1.765	0.0648039 	-0.0909075 	-1.9434 	0.297978 	0.681212 	0.056338 	
1.77	0.0648161 	-0.0911891 	-1.94314 	0.297978 	0.68123 	0.0563303 	
1.775	0.0648283 	-0.0914693 	-1.94287 	0.297979 	0.681247 	0.0563226 	
1.78	0.0648405 	-0.091748 	-1.94261 	0.297979 	0.681264 	0.0563148 	
1.785	0.0650747 	-0.0922667 	-1.94244 	0.298711 	0.682869 	0.0572347 	
1.79	0.0650867 	-0.0925427 	-1.94218 	0.298711 	0.682886 	0.0572268 	
1.795	0.0650988 	-0.0928172 	-1.94192 	0.298712 	0.682903 	0.0572189 	
1.8	0.0651108 	-0.0930903 	-1.94166 	0.298712 	0.682919 	0.057211 	
1.805	0.065342 	-0.0935982 	-1.94149 	0.299436 	0.68449 	0.0581163 	
1.81	0.0653539 	-0.0938684 	-1.94123 	0.299437 	0.684506 	0.0581083 	
1.815	0.0653658 	-0.0941371 	-1.94098 	0.299437 	0.684522 	0.0581002 	
1.82	0.0653777 	-0.0944043 	-1.94072 	0.299437 	0.684537 	0.0580921 	
1.825	0.0656056 	-0.0949011 	-1.94056 	0.300154 	0.686072 	0.0589822 	
1.83	0.0656173 	-0.0951654 	-1.94031 	0.300154 	0.686088 	0.058974 	
1.835	0.0656291 	-0.0954281 	-1.94006 	0.300154 	0.686103 	0.0589659 	
1.84	0.0656408 	-0.0956893 	-1.93981 	0.300155 	0.686117 	0.0589576 	
1.845	0.0658652 	-0.0961747 	-1.93964 	0.300863 	0.687617 	0.0598316 	
1.85	0.0658768 	-0.0964329 	-1.9394 	0.300863 	0.687631 	0.0598233 	
1.855	0.0658883 	-0.0966895 	-1.93915 	0.300863 	0.687645 	0.0598151 	
1.86	0.0658999 	-0.0969445 	-1.93891 	0.300863 	0.687659 	0.0598068 	
1.865	0.0661205 	-0.0974183 	-1.93875 	0.301562 	0.689122 	0.0606639 	
1.87	0.0661319 	-0.0976702 	-1.93851 	0.301562 	0.689135 	0.0606556 	
1.875	0.0661433 	-0.0979205 	-1.93827 	0.301562 	0.689149 	0.0606472 	
1.88	0.0661546 	-0.0981693 	-1.93803 	0.301562 	0.689162 	0.0606388 	
1.885	0.0663713 	-0.0986311 	-1.93787 	0.302251 	0.690587 	0.0614784 	
1.89	0.0663825 	-0.0988766 	-1.93764 	0.302251 	0.6906 	0.06147 	
1.895	0.0663937 	-0.0991205 	-1.9374 	0.30225 	0.690612 	0.0614616 	
1.9	0.0664048 	-0.0993628 	-1.93717 	0.30225 	0.690625 	0.0614532 	
1.905	0.0666173 	-0.0998124 	-1.93701 	0.302928 	0.692011 	0.0622745 	
1.91	0.0666283 	-0.100051 	-1.93679 	0.302928 	0.692024 	0.0622661 	
1.915	0.0666392 	-0.100289 	-1.93656 	0.302927 	0.692036 	0.0622577 	
1.92	0.0666501 	-0.100524 	-1.93633 	0.302927 	0.692048 	0.0622493 	
1.925	0.066661 	-0.100758 	-1.93611 	0.302926 	0.692059 	0.0622408 	
1.93	0.0669125 	-0.101239 	-1.93597 	0.30374 	0.693701 	0.0632219 	
1.935	0.0669232 	-0.101469 	-1.93575 	0.303739 	0.693712 	0.0632135 	
1.94	0.0669339 	-0.101698 	-1.93553 	0.303739 	0.693723 	0.0632051 	
1.945	0.0669445 	-0.101926 	-1.93531 	0.303738 	0.693734 	0.0631966 	
1.95	0.066955 	-0.102151 	-1.93509 	0.303737 	0.693745 	0.0631882 	
1.955	0.067204 	-0.102618 	-1.93496 	0.304546 	0.695356 	0.0641576 	
1.96	0.0672144 	-0.10284 	-1.93475 	0.304546 	0.695367 	0.0641492 	
1.965	0.0672247 	-0.103061 	-1.93454 	0.304545 	0.695377 	0.0641409 	
1.97	0.067235 	-0.103279 	-1.93433 	0.304544 	0.695387 	0.0641325 	
1.975	0.0672452 	-0.103496 	-1.93412 	0.304543 	0.695397 	0.0641242 	
1.98	0.0674869 	-0.103946 	-1.93399 	0.305332 	0.696948 	0.0650631 	
1.985	0.067497 	-0.104159 	-1.93378 	0.305331 	0.696958 	0.0650548 	
1.99	0.067507 	-0.104371 	-1.93358 	0.30533 	0.696968 	0.0650466 	
1.995	0.0675169 	-0.10458 	-1.93338 	0.30533 	0.696977 	0.0650383 	
2	0.0675268 	-0.104788 	-1.93318 	0.305329 	0.696986 	0.06503 	
2.005	0.0677605 	-0.105219 	-1.93305 	0.306094 	0.698473 	0.0659355 	
2.01	0.0677702 	-0.105424 	-1.93285 	0.306093 	0.698482 	0.0659273 	
2.015	0.0677798 	-0.105626 	-1.93266 	0.306092 	0.698491 	0.0659192 	
2.02	0.0677894 	-0.105827 	-1.93246 	0.306091 	0.6985 	0.065911 	
2.025	0.067799 	-0.106026 	-1.93227 	0.30609 	0.698508 	0.0659029 	
2.03	0.0680241 	-0.106438 	-1.93215 	0.306829 	0.69993 	0.0667734 	
2.035	0.0680334 	-0.106633 	-1.93196 	0.306828 	0.699938 	0.0667654 	
2.04	0.0680427 	-0.106827 	-1.93178 	0.306827 	0.699946 	0.0667574 	
2.045	0.0680519 	-0.107018 	-1.93159 	0.306826 	0.699954 	0.0667494 	
2.05	0.0680611 	-0.107208 	-1.93141 	0.306825 	0.699962 	0.0667415 	
2.055	0.0680702 	-0.107396 	-1.93122 	0.306824 	0.69997 	0.0667336 	
2.06	0.0683224 	-0.107822 	-1.93112 	0.307661 	0.701559 	0.0677144 	
2.065	0.0683312 	-0.108006 	-1.93094 	0.30766 	0.701566 	0.0677065 	
2.07	0.0683401 	-0.108188 	-1.93077 	0.307659 	0.701573 	0.0676988 	
2.075	0.0683488 	-0.108369 	-1.93059 	0.307658 	0.701581 	0.0676911 	
2.08	0.0683575 	-0.108547 	-1.93042 	0.307657 	0.701588 	0.0676834 	
2.085	0.0683661 	-0.108723 	-1.93025 	0.307656 	0.701595 	0.0676758 	
2.09	0.0686089 	-0.109128 	-1.93015 	0.308465 	0.703112 	0.0686189 	
2.095	0.0686173 	-0.1093 	-1.92998 	0.308464 	0.703119 	0.0686113 	
2.1	0.0686257 	-0.109471 	-1.92982 	0.308463 	0.703126 	0.0686039 	
2.105	0.0686339 	-0.10964 	-1.92965 	0.308462 	0.703132 	0.0685965 	
2.11	0.0686421 	-0.109807 	-1.92949 	0.308461 	0.703139 	0.0685891 	
2.115	0.0686502 	-0.109971 	-1.92933 	0.30846 	0.703145 	0.0685818 	
2.12	0.0688794 	-0.11035 	-1.92924 	0.309227 	0.704566 	0.0694703 	
2.125	0.0688873 	-0.110511 	-1.92908 	0.309226 	0.704572 	0.0694631 	
2.13	0.0688951 	-0.11067 	-1.92893 	0.309224 	0.704578 	0.069456 	
2.135	0.0689029 	-0.110827 	-1.92877 	0.309223 	0.704584 	0.0694489 	
2.14	0.0689105 	-0.110982 	-1.92862 	0.309222 	0.70459 	0.0694419 	
2.145	0.0689181 	-0.111135 	-1.92847 	0.309221 	0.704595 	0.0694349 	
2.15	0.0689255 	-0.111286 	-1.92833 	0.30922 	0.704601 	0.069428 	
2.155	0.0691697 	-0.111664 	-1.92825 	0.310043 	0.706109 	0.0703779 	
2.16	0.069177 	-0.111811 	-1.92811 	0.310042 	0.706115 	0.0703711 	
2.165	0.0691841 	-0.111956 	-1.92797 	0.310041 	0.70612 	0.0703644 	
2.17	0.0691912 	-0.112099 	-1.92783 	0.31004 	0.706125 	0.0703578 	
2.175	0.0691982 	-0.11224 	-1.92769 	0.310039 	0.70613 	0.0703512 	
2.18	0.0692051 	-0.112379 	-1.92755 	0.310038 	0.706134 	0.0703448 	
2.185	0.069212 	-0.112517 	-1.92742 	0.310037 	0.706139 	0.0703383 	
2.19	0.069439 	-0.112863 	-1.92735 	0.310805 	0.707532 	0.0712206 	
2.195	0.0694456 	-0.112996 	-1.92722 	0.310804 	0.707536 	0.0712143 	
2.2	0.0694522 	-0.113127 	-1.92709 	0.310803 	0.707541 	0.0712081 	
2.205	0.0694586 	-0.113256 	-1.92697 	0.310802 	0.707545 	0.071202 	
2.21	0.0694649 	-0.113383 	-1.92684 	0.310801 	0.707549 	0.071196 	
2.215	0.0694712 	-0.113508 	-1.92672 	0.3108 	0.707553 	0.07119 	
2.22	0.0694773 	-0.11363 	-1.9266 	0.310799 	0.707557 	0.0711842 	
2.225	0.0694834 	-0.113751 	-1.92648 	0.310798 	0.707561 	0.0711784 	
2.23	0.0697131 	-0.114083 	-1.92643 	0.311581 	0.708964 	0.0720733 	
2.235	0.0697189 	-0.114199 	-1.92632 	0.31158 	0.708968 	0.0720676 	
2.24	0.0697246 	-0.114314 	-1.9262 	0.311579 	0.708972 	0.0720621 	
2.245	0.0697303 	-0.114426 	-1.92609 	0.311578 	0.708975 	0.0720567 	
2.25	0.0697358 	-0.114537 	-1.92598 	0.311577 	0.708979 	0.0720513 	
2.255	0.0697413 	-0.114645 	-1.92588 	0.311576 	0.708982 	0.072046 	
2.26	0.0697466 	-0.114751 	-1.92577 	0.311575 	0.708985 	0.0720408 	
2.265	0.0697519 	-0.114856 	-1.92567 	0.311574 	0.708989 	0.0720358 	
2.27	0.069757 	-0.114958 	-1.92557 	0.311573 	0.708992 	0.0720307 	
2.275	0.0699809 	-0.115264 	-1.92553 	0.312341 	0.710354 	0.0729053 	
2.28	0.0699859 	-0.115362 	-1.92544 	0.31234 	0.710357 	0.0729004 	
2.285	0.0699907 	-0.115458 	-1.92534 	0.312339 	0.71036 	0.0728957 	
2.29	0.0699954 	-0.115552 	-1.92525 	0.312338 	0.710362 	0.0728911 	
2.295	0.0700001 	-0.115643 	-1.92516 	0.312338 	0.710365 	0.0728865 	
2.3	0.0700046 	-0.115733 	-1.92507 	0.312337 	0.710368 	0.0728821 	
2.305	0.070009 	-0.11582 	-1.92499 	0.312336 	0.71037 	0.0728777 	
2.31	0.0700133 	-0.115905 	-1.9249 	0.312335 	0.710373 	0.0728735 	
2.315	0.0700176 	-0.115988 	-1.92482 	0.312334 	0.710375 	0.0728693 	
2.32	0.0700217 	-0.116069 	-1.92474 	0.312333 	0.710378 	0.0728653 	
2.325	0.0700257 	-0.116148 	-1.92467 	0.312333 	0.71038 	0.0728613 	
2.33	0.0702462 	-0.116428 	-1.92465 	0.313096 	0.711718 	0.0737265 	
2.335	0.07025 	-0.116503 	-1.92458 	0.313095 	0.71172 	0.0737227 	
2.34	0.0702537 	-0.116575 	-1.9245 	0.313094 	0.711722 	0.073719 	
2.345	0.0702572 	-0.116646 	-1.92444 	0.313093 	0.711724 	0.0737155 	
2.35	0.0702607 	-0.116714 	-1.92437 	0.313093 	0.711726 	0.073712 	
2.355	0.0702641 	-0.11678 	-1.9243 	0.313092 	0.711728 	0.0737087 	
2.36	0.0702673 	-0.116844 	-1.92424 	0.313091 	0.71173 	0.0737055 	
2.365	0.0702705 	-0.116906 	-1.92418 	0.313091 	0.711731 	0.0737023 	
2.37	0.0702735 	-0.116965 	-1.92412 	0.31309 	0.711733 	0.0736993 	
2.375	0.0702764 	-0.117023 	-1.92406 	0.31309 	0.711735 	0.0736964 	
2.38	0.0702793 	-0.117078 	-1.92401 	0.313089 	0.711736 	0.0736935 	
2.385	0.070282 	-0.117131 	-1.92396 	0.313088 	0.711738 	0.0736908 	
2.39	0.0702846 	-0.117182 	-1.92391 	0.313088 	0.711739 	0.0736882 	
2.395	0.0702871 	-0.117231 	-1.92386 	0.313087 	0.711741 	0.0736857 	
2.4	0.0702895 	-0.117278 	-1.92381 	0.313087 	0.711742 	0.0736833 	
2.405	0.0702917 	-0.117322 	-1.92377 	0.313086 	0.711743 	0.073681 	
2.41	0.0702939 	-0.117365 	-1.92373 	0.313086 	0.711744 	0.0736788 	
2.415	0.0705167 	-0.11761 	-1.92375 	0.313866 	0.713097 	0.074561 	
2.42	0.0705185 	-0.117645 	-1.92371 	0.313866 	0.713098 	0.0745592 	
2.425	0.0705205 	-0.117684 	-1.92367 	0.313865 	0.713099 	0.0745571 	
2.43	0.0705221 	-0.117715 	-1.92364 	0.313865 	0.7131 	0.0745556 	
2.435	0.0705237 	-0.117746 	-1.92361 	0.313865 	0.7131 	0.0745539 	
2.44	0.0705252 	-0.117776 	-1.92358 	0.313864 	0.713101 	0.0745524 	
2.445	0.0705266 	-0.117803 	-1.92356 	0.313864 	0.713102 	0.074551 	
2.45	0.0705279 	-0.117829 	-1.92353 	0.313864 	0.713103 	0.0745497 	
2.455	0.0705291 	-0.117852 	-1.92351 	0.313864 	0.713103 	0.0745485 	
2.46	0.0705302 	-0.117873 	-1.92349 	0.313863 	0.713104 	0.0745474 	
2.465	0.0705311 	-0.117891 	-1.92347 	0.313863 	0.713104 	0.0745465 	
2.47	0.070532 	-0.117908 	-1.92345 	0.313863 	0.713105 	0.0745456 	
2.475	0.0705327 	-0.117922 	-1.92344 	0.313863 	0.713105 	0.0745449 	
2.48	0.0705333 	-0.117935 	-1.92343 	0.313863 	0.713106 	0.0745442 	
2.485	0.0705338 	-0.117945 	-1.92342 	0.313863 	0.713106 	0.0745437 	
2.49	0.0705342 	-0.117952 	-1.92341 	0.313863 	0.713106 	0.0745433 	
2.495	0.0705345 	-0.117958 	-1.9234 	0.313862 	0.713106 	0.074543 	
2.5	0.0705345 	-0.117958 	-1.9234 	0.313862 	0.713106 	0.074543 	
2.505	0.0705348 	-0.117963 	-1.9234 	0.313862 	0.713106 	0.0745428 	
2.51	0.0705238 	-0.117951 	-1.92342 	0.313867 	0.713108 	0.074557 	
2.515	0.0705238 	-0.117951 	-1.92342 	0.313867 	0.713108 	0.074557 	
2.52	0.0705209 	-0.117949 	-1.92341 	0.313866 	0.713103 	0.0745586 	
2.525	0.070519 	-0.117949 	-1.92341 	0.313866 	0.713098 	0.0745589 	
2.53	0.0705168 	-0.117948 	-1.9234 	0.313865 	0.713093 	0.0745591 	
2.535	0.0705141 	-0.117947 	-1.9234 	0.313864 	0.713085 	0.0745593 	
2.54	0.070511 	-0.117946 	-1.92339 	0.313863 	0.713077 	0.0745596 	
2.545	0.0705073 	-0.117945 	-1.92338 	0.313861 	0.713067 	0.0745599 	
2.55	0.0705032 	-0.117944 	-1.92337 	0.31386 	0.713056 	0.0745602 	
2.555	0.0704985 	-0.117942 	-1.92336 	0.313858 	0.713043 	0.0745606 	
2.56	0.0704934 	-0.117941 	-1.92335 	0.313856 	0.713029 	0.0745611 	
2.565	0.0704877 	-0.117939 	-1.92334 	0.313853 	0.713014 	0.0745615 	
2.57	0.0704816 	-0.117937 	-1.92333 	0.313851 	0.712998 	0.0745621 	
2.575	0.0704749 	-0.117935 	-1.92331 	0.313848 	0.71298 	0.0745626 	
2.58	0.0704678 	-0.117933 	-1.9233 	0.313845 	0.712961 	0.0745632 	
2.585	0.0704602 	-0.11793 	-1.92328 	0.313842 	0.71294 	0.0745639 	
2.59	0.0704521 	-0.117928 	-1.92326 	0.313839 	0.712918 	0.0745646 	
2.595	0.0704435 	-0.117925 	-1.92324 	0.313836 	0.712895 	0.0745653 	
2.6	0.0704344 	-0.117922 	-1.92322 	0.313832 	0.712871 	0.0745661 	
2.605	0.0704248 	-0.117919 	-1.9232 	0.313828 	0.712845 	0.0745669 	
2.61	0.0704147 	-0.117916 	-1.92318 	0.313824 	0.712818 	0.0745677 	
2.615	0.0704042 	-0.117913 	-1.92315 	0.31382 	0.71279 	0.0745686 	
2.62	0.0703926 	-0.117909 	-1.92313 	0.313816 	0.71276 	0.0745703 	
2.625	0.070381 	-0.117905 	-1.9231 	0.313811 	0.712729 	0.0745714 	
2.63	0.0703689 	-0.117902 	-1.92308 	0.313807 	0.712697 	0.0745724 	
2.635	0.0703564 	-0.117898 	-1.92305 	0.313802 	0.712663 	0.0745735 	
2.64	0.0703434 	-0.117894 	-1.92302 	0.313797 	0.712628 	0.0745746 	
2.645	0.0703299 	-0.11789 	-1.92299 	0.313791 	0.712592 	0.0745758 	
2.65	0.070316 	-0.117885 	-1.92296 	0.313786 	0.712554 	0.074577 	
2.655	0.0703015 	-0.117881 	-1.92293 	0.31378 	0.712515 	0.0745782 	
2.66	0.0702851 	-0.117876 	-1.92289 	0.313773 	0.712471 	0.0745796 	
2.665	0.070271 	-0.117871 	-1.92286 	0.313768 	0.712433 	0.0745808 	
2.67	0.0702537 	-0.117866 	-1.92282 	0.313761 	0.712387 	0.0745823 	
2.675	0.0702373 	-0.117861 	-1.92278 	0.313754 	0.712343 	0.0745837 	
2.68	0.0702204 	-0.117856 	-1.92275 	0.313748 	0.712297 	0.0745851 	
2.685	0.070203 	-0.11785 	-1.92271 	0.313741 	0.71225 	0.0745866 	
2.69	0.0701851 	-0.117845 	-1.92267 	0.313734 	0.712202 	0.0745881 	
2.695	0.0701668 	-0.117839 	-1.92263 	0.313726 	0.712153 	0.0745897 	
2.7	0.070148 	-0.117833 	-1.92259 	0.313719 	0.712102 	0.0745913 	
2.705	0.0701287 	-0.117827 	-1.92254 	0.313711 	0.712051 	0.0745929 	
2.71	0.070109 	-0.117821 	-1.9225 	0.313703 	0.711998 	0.0745946 	
2.715	0.0700888 	-0.117815 	-1.92245 	0.313695 	0.711943 	0.0745964 	
2.72	0.0700681 	-0.117809 	-1.92241 	0.313687 	0.711887 	0.0745981 	
2.725	0.0700469 	-0.117802 	-1.92236 	0.313679 	0.711831 	0.0746 	
2.73	0.0700253 	-0.117796 	-1.92231 	0.31367 	0.711772 	0.0746018 	
2.735	0.0700032 	-0.117789 	-1.92226 	0.313662 	0.711713 	0.0746037 	
2.74	0.0699807 	-0.117782 	-1.92221 	0.313653 	0.711652 	0.0746056 	
2.745	0.0699577 	-0.117775 	-1.92216 	0.313644 	0.71159 	0.0746076 	
2.75	0.0699342 	-0.117768 	-1.92211 	0.313634 	0.711527 	0.0746096 	
2.755	0.0698465 	-0.117449 	-1.92198 	0.3137 	0.709793 	0.0748513 	
2.76	0.0698221 	-0.117441 	-1.92192 	0.31369 	0.709727 	0.0748534 	
2.765	0.0697973 	-0.117433 	-1.92187 	0.31368 	0.709661 	0.0748555 	
2.77	0.069772 	-0.117426 	-1.92181 	0.31367 	0.709592 	0.0748577 	
2.775	0.0697694 	-0.117443 	-1.92172 	0.313651 	0.709519 	0.0748295 	
2.78	0.0697434 	-0.117436 	-1.92166 	0.31364 	0.709448 	0.0748315 	
2.785	0.0697167 	-0.117428 	-1.9216 	0.31363 	0.709377 	0.0748338 	
2.79	0.0696896 	-0.117419 	-1.92154 	0.313619 	0.709304 	0.0748361 	
2.795	0.0696621 	-0.117411 	-1.92148 	0.313608 	0.70923 	0.0748385 	
2.8	0.0696341 	-0.117402 	-1.92142 	0.313597 	0.709154 	0.0748409 	
2.805	0.0696057 	-0.117394 	-1.92135 	0.313586 	0.709078 	0.0748433 	
2.81	0.0695768 	-0.117385 	-1.92129 	0.313574 	0.709 	0.0748458 	
2.815	0.0695475 	-0.117376 	-1.92122 	0.313563 	0.708921 	0.0748484 	
2.82	0.0695178 	-0.117367 	-1.92116 	0.313551 	0.708841 	0.0748509 	
2.825	0.0694876 	-0.117358 	-1.92109 	0.313539 	0.70876 	0.0748535 	
2.83	0.0693437 	-0.117049 	-1.92094 	0.31336 	0.706996 	0.0747873 	
2.835	0.0693127 	-0.11704 	-1.92087 	0.313347 	0.706912 	0.07479 	
2.84	0.0692812 	-0.11703 	-1.9208 	0.313335 	0.706827 	0.0747928 	
2.845	0.0692493 	-0.117021 	-1.92073 	0.313322 	0.706742 	0.0747956 	
2.85	0.069217 	-0.117011 	-1.92066 	0.31331 	0.706655 	0.0747984 	
2.855	0.0691842 	-0.117001 	-1.92058 	0.313297 	0.706566 	0.0748012 	
2.86	0.0691511 	-0.116991 	-1.92051 	0.313284 	0.706477 	0.0748041 	
2.865	0.0691175 	-0.116981 	-1.92044 	0.313271 	0.706387 	0.0748071 	
2.87	0.0690835 	-0.116971 	-1.92036 	0.313257 	0.706295 	0.0748101 	
2.875	0.069049 	-0.11696 	-1.92028 	0.313244 	0.706202 	0.0748131 	
2.88	0.0690142 	-0.11695 	-1.9202 	0.31323 	0.706109 	0.0748161 	
2.885	0.068979 	-0.116939 	-1.92012 	0.313216 	0.706014 	0.0748192 	
2.89	0.0689433 	-0.116929 	-1.92005 	0.313202 	0.705918 	0.0748224 	
2.895	0.0687831 	-0.116605 	-1.91988 	0.312987 	0.70405 	0.0747215 	
2.9	0.0687466 	-0.116594 	-1.9198 	0.312973 	0.703952 	0.0747248 	
2.905	0.0687097 	-0.116583 	-1.91972 	0.312959 	0.703853 	0.074728 	
2.91	0.0686725 	-0.116572 	-1.91963 	0.312944 	0.703752 	0.0747314 	
2.915	0.0686348 	-0.116561 	-1.91955 	0.312929 	0.703651 	0.0747347 	
2.92	0.0685967 	-0.11655 	-1.91946 	0.312915 	0.703548 	0.0747381 	
2.925	0.0685583 	-0.116538 	-1.91938 	0.3129 	0.703445 	0.0747415 	
2.93	0.0685195 	-0.116527 	-1.91929 	0.312884 	0.70334 	0.074745 	
2.935	0.0684802 	-0.116515 	-1.9192 	0.312869 	0.703235 	0.0747484 	
2.94	0.0684406 	-0.116503 	-1.91911 	0.312854 	0.703128 	0.074752 	
2.945	0.0683905 	-0.11648 	-1.91904 	0.312842 	0.703022 	0.0747688 	
2.95	0.0682283 	-0.116164 	-1.91887 	0.312629 	0.701183 	0.0746688 	
2.955	0.0681875 	-0.116152 	-1.91877 	0.312613 	0.701073 	0.0746724 	
2.96	0.0681464 	-0.11614 	-1.91868 	0.312597 	0.700963 	0.0746761 	
2.965	0.0681049 	-0.116128 	-1.91859 	0.312581 	0.700851 	0.0746799 	
2.97	0.0680631 	-0.116116 	-1.91849 	0.312564 	0.700738 	0.0746837 	
2.975	0.0680208 	-0.116103 	-1.9184 	0.312548 	0.700624 	0.0746875 	
2.98	0.0679782 	-0.116091 	-1.9183 	0.312531 	0.700509 	0.0746913 	
2.985	0.0679353 	-0.116078 	-1.91821 	0.312515 	0.700394 	0.0746952 	
2.99	0.067892 	-0.116065 	-1.91811 	0.312498 	0.700277 	0.0746991 	
2.995	0.0678483 	-0.116053 	-1.91801 	0.312481 	0.700159 	0.0747031 	
3	0.0676825 	-0.115736 	-1.91783 	0.312267 	0.698309 	0.0746037 	
3.005	0.0676381 	-0.115723 	-1.91773 	0.31225 	0.69819 	0.0746077 	
3.01	0.0675934 	-0.11571 	-1.91763 	0.312232 	0.698069 	0.0746118 	
3.015	0.0675483 	-0.115697 	-1.91753 	0.312215 	0.697948 	0.0746159 	
3.02	0.0675029 	-0.115684 	-1.91742 	0.312197 	0.697825 	0.0746201 	
3.025	0.0674572 	-0.115671 	-1.91732 	0.312179 	0.697702 	0.0746243 	
3.03	0.0674111 	-0.115657 	-1.91722 	0.312162 	0.697578 	0.0746285 	
3.035	0.0673647 	-0.115644 	-1.91711 	0.312144 	0.697453 	0.0746328 	
3.04	0.067318 	-0.115631 	-1.91701 	0.312126 	0.697327 	0.074637 	
3.045	0.0671522 	-0.115322 	-1.91682 	0.311916 	0.695513 	0.0745413 	
3.05	0.0671048 	-0.115309 	-1.91671 	0.311898 	0.695385 	0.0745457 	
3.055	0.0670571 	-0.115295 	-1.9166 	0.31188 	0.695257 	0.0745502 	
3.06	0.0670091 	-0.115281 	-1.9165 	0.311861 	0.695127 	0.0745546 	
3.065	0.0669607 	-0.115267 	-1.91639 	0.311842 	0.694997 	0.0745591 	
3.07	0.0669121 	-0.115253 	-1.91628 	0.311824 	0.694865 	0.0745636 	
3.075	0.0668631 	-0.115239 	-1.91617 	0.311805 	0.694733 	0.0745682 	
3.08	0.0668139 	-0.115225 	-1.91605 	0.311786 	0.6946 	0.0745728 	
3.085	0.0667643 	-0.115211 	-1.91594 	0.311767 	0.694467 	0.0745774 	
3.09	0.0665892 	-0.114887 	-1.91574 	0.311547 	0.692552 	0.0744772 	
3.095	0.0665391 	-0.114873 	-1.91563 	0.311527 	0.692417 	0.0744819 	
3.1	0.0664886 	-0.114859 	-1.91551 	0.311508 	0.692281 	0.0744867 	
3.105	0.0664402 	-0.114847 	-1.91539 	0.311488 	0.692143 	0.0744884 	
3.11	0.0663892 	-0.114833 	-1.91528 	0.311468 	0.692006 	0.0744931 	
3.115	0.0663379 	-0.114818 	-1.91516 	0.311448 	0.691867 	0.074498 	
3.12	0.0662863 	-0.114803 	-1.91505 	0.311429 	0.691728 	0.0745028 	
3.125	0.0662344 	-0.114789 	-1.91493 	0.311409 	0.691588 	0.0745077 	
3.13	0.0660638 	-0.114482 	-1.91472 	0.311199 	0.689762 	0.0744142 	
3.135	0.0660113 	-0.114467 	-1.91461 	0.311179 	0.68962 	0.0744192 	
3.14	0.0659587 	-0.114452 	-1.91449 	0.311159 	0.689478 	0.0744242 	
3.145	0.0659057 	-0.114438 	-1.91437 	0.311139 	0.689335 	0.0744292 	
3.15	0.0658525 	-0.114423 	-1.91424 	0.311119 	0.689191 	0.0744343 	
3.155	0.065799 	-0.114408 	-1.91412 	0.311098 	0.689047 	0.0744394 	
3.16	0.0657453 	-0.114393 	-1.914 	0.311078 	0.688902 	0.0744446 	
3.165	0.0656913 	-0.114378 	-1.91388 	0.311057 	0.688756 	0.0744497 	
3.17	0.0655147 	-0.114062 	-1.91367 	0.310841 	0.686869 	0.0743539 	
3.175	0.0654603 	-0.114047 	-1.91354 	0.310821 	0.686722 	0.0743592 	
3.18	0.0654056 	-0.114032 	-1.91342 	0.3108 	0.686574 	0.0743644 	
3.185	0.0653506 	-0.114017 	-1.91329 	0.310779 	0.686426 	0.0743698 	
3.19	0.0652955 	-0.114001 	-1.91317 	0.310758 	0.686277 	0.0743751 	
3.195	0.0652401 	-0.113986 	-1.91304 	0.310737 	0.686127 	0.0743805 	
3.2	0.0651844 	-0.113971 	-1.91292 	0.310716 	0.685977 	0.0743859 	
3.205	0.0651286 	-0.113956 	-1.91279 	0.310695 	0.685826 	0.0743913 	
3.21	0.0649457 	-0.113629 	-1.91257 	0.310472 	0.68387 	0.0742927 	
3.215	0.0648894 	-0.113614 	-1.91244 	0.310451 	0.683718 	0.0742983 	
3.22	0.0648329 	-0.113599 	-1.91231 	0.31043 	0.683565 	0.0743038 	
3.225	0.0647762 	-0.113583 	-1.91218 	0.310408 	0.683412 	0.0743094 	
3.23	0.0647193 	-0.113568 	-1.91205 	0.310387 	0.683258 	0.074315 	
3.235	0.0646621 	-0.113552 	-1.91192 	0.310365 	0.683103 	0.0743206 	
3.24	0.0646048 	-0.113537 	-1.91179 	0.310344 	0.682948 	0.0743262 	
3.245	0.0645473 	-0.113521 	-1.91166 	0.310322 	0.682793 	0.0743319 	
3.25	0.0643587 	-0.113186 	-1.91143 	0.310093 	0.680774 	0.074231 	
3.255	0.0643008 	-0.113171 	-1.9113 	0.310071 	0.680617 	0.0742368 	
3.26	0.0642428 	-0.113155 	-1.91116 	0.31005 	0.68046 	0.0742425 	
3.265	0.0641774 	-0.113132 	-1.91104 	0.31003 	0.680304 	0.0742575 	
3.27	0.0641189 	-0.113116 	-1.91091 	0.310008 	0.680146 	0.0742634 	
3.275	0.0640603 	-0.1131 	-1.91077 	0.309986 	0.679987 	0.0742693 	
3.28	0.0640015 	-0.113084 	-1.91064 	0.309964 	0.679828 	0.0742752 	
3.285	0.0638235 	-0.112779 	-1.91041 	0.309755 	0.677973 	0.0741848 	
3.29	0.0637643 	-0.112763 	-1.91028 	0.309733 	0.677813 	0.0741907 	
3.295	0.0637051 	-0.112748 	-1.91014 	0.30971 	0.677653 	0.0741967 	
3.3	0.0636457 	-0.112732 	-1.91001 	0.309688 	0.677492 	0.0742027 	
3.305	0.0635861 	-0.112716 	-1.90987 	0.309666 	0.677331 	0.0742087 	
3.31	0.0635264 	-0.1127 	-1.90973 	0.309644 	0.677169 	0.0742147 	
3.315	0.0634666 	-0.112685 	-1.9096 	0.309621 	0.677007 	0.0742208 	
3.32	0.0632866 	-0.112378 	-1.90937 	0.30941 	0.675136 	0.0741305 	
3.325	0.0632264 	-0.112362 	-1.90923 	0.309388 	0.674973 	0.0741366 	
3.33	0.0631662 	-0.112346 	-1.90909 	0.309366 	0.67481 	0.0741428 	
3.335	0.0631058 	-0.11233 	-1.90895 	0.309343 	0.674647 	0.0741489 	
3.34	0.0630453 	-0.112315 	-1.90881 	0.309321 	0.674483 	0.0741551 	
3.345	0.0629847 	-0.112299 	-1.90867 	0.309298 	0.674319 	0.0741613 	
3.35	0.0629239 	-0.112283 	-1.90853 	0.309276 	0.674154 	0.0741675 	
3.355	0.0627412 	-0.111973 	-1.9083 	0.309062 	0.672253 	0.0740766 	
3.36	0.0626802 	-0.111957 	-1.90816 	0.30904 	0.672088 	0.0740828 	
3.365	0.0626192 	-0.111941 	-1.90802 	0.309017 	0.671923 	0.0740891 	
3.37	0.062558 	-0.111926 	-1.90788 	0.308994 	0.671757 	0.0740955 	
3.375	0.0624967 	-0.11191 	-1.90774 	0.308972 	0.671591 	0.0741018 	
3.38	0.0624354 	-0.111894 	-1.90759 	0.308949 	0.671425 	0.0741082 	
3.385	0.0623739 	-0.111878 	-1.90745 	0.308926 	0.671258 	0.0741145 	
3.39	0.0621889 	-0.111565 	-1.90721 	0.308711 	0.669332 	0.0740231 	
3.395	0.0621273 	-0.11155 	-1.90707 	0.308688 	0.669165 	0.0740296 	
3.4	0.0620656 	-0.111534 	-1.90693 	0.308666 	0.668998 	0.074036 	
3.405	0.0620038 	-0.111518 	-1.90679 	0.308643 	0.668831 	0.0740425 	
3.41	0.0619394 	-0.1115 	-1.90665 	0.308621 	0.668664 	0.0740522 	
3.415	0.0618774 	-0.111484 	-1.9065 	0.308598 	0.668496 	0.0740587 	
3.42	0.0618155 	-0.111468 	-1.90636 	0.308576 	0.668328 	0.0740652 	
