0	0.0496344 	0.0205159 	-2.01205 	0.262998 	0.539843 	-0.00744407 	
0.005	0.0496344 	0.0205159 	-2.01205 	0.262998 	0.539843 	-0.00744407 	
0.01	0.0496344 	0.0205117 	-2.01205 	0.262998 	0.539844 	-0.00744382 	
0.015	0.0496345 	0.020506 	-2.01204 	0.262998 	0.539845 	-0.00744348 	
0.02	0.0496345 	0.0204982 	-2.01204 	0.262998 	0.539847 	-0.00744302 	
0.025	0.0496345 	0.020488 	-2.01203 	0.262999 	0.539849 	-0.00744241 	
0.03	0.0496346 	0.0204755 	-2.01202 	0.262999 	0.539851 	-0.00744167 	
0.035	0.0496347 	0.0204607 	-2.01201 	0.262999 	0.539854 	-0.00744079 	
0.04	0.0496348 	0.0204436 	-2.01199 	0.263 	0.539858 	-0.00743977 	
0.045	0.0496348 	0.0204241 	-2.01198 	0.263001 	0.539862 	-0.00743862 	
0.05	0.049635 	0.0204024 	-2.01196 	0.263001 	0.539866 	-0.00743733 	
0.055	0.0496351 	0.0203783 	-2.01194 	0.263002 	0.539871 	-0.0074359 	
0.06	0.0496352 	0.0203519 	-2.01192 	0.263003 	0.539877 	-0.00743433 	
0.065	0.0496353 	0.0203232 	-2.0119 	0.263004 	0.539883 	-0.00743263 	
0.07	0.0496355 	0.0202922 	-2.01187 	0.263005 	0.539889 	-0.0074308 	
0.075	0.0496357 	0.0202589 	-2.01185 	0.263006 	0.539896 	-0.00742882 	
0.08	0.0496358 	0.0202232 	-2.01182 	0.263007 	0.539903 	-0.00742671 	
0.085	0.049636 	0.0201815 	-2.01179 	0.263009 	0.539912 	-0.00742425 	
0.09	0.0496362 	0.0201447 	-2.01176 	0.26301 	0.539919 	-0.00742207 	
0.095	0.0496365 	0.0200983 	-2.01172 	0.263011 	0.539929 	-0.00741933 	
0.1	0.0496367 	0.0200531 	-2.01168 	0.263013 	0.539938 	-0.00741667 	
0.105	0.0496369 	0.0200058 	-2.01165 	0.263014 	0.539948 	-0.00741387 	
0.11	0.0496372 	0.0199561 	-2.01161 	0.263016 	0.539958 	-0.00741095 	
0.115	0.0496375 	0.0199041 	-2.01157 	0.263018 	0.539969 	-0.00740789 	
0.12	0.0496377 	0.0198499 	-2.01152 	0.263019 	0.53998 	-0.00740469 	
0.125	0.049638 	0.0197933 	-2.01148 	0.263021 	0.539992 	-0.00740137 	
0.13	0.0496383 	0.0197345 	-2.01143 	0.263023 	0.540004 	-0.00739791 	
0.135	0.0496387 	0.0196733 	-2.01139 	0.263025 	0.540016 	-0.00739433 	
0.14	0.049639 	0.0196099 	-2.01134 	0.263027 	0.540029 	-0.00739061 	
0.145	0.0496393 	0.0195442 	-2.01128 	0.263029 	0.540043 	-0.00738677 	
0.15	0.0496397 	0.0194762 	-2.01123 	0.263031 	0.540057 	-0.00738279 	
0.155	0.0496401 	0.019406 	-2.01117 	0.263034 	0.540071 	-0.00737869 	
0.16	0.0496405 	0.0193335 	-2.01112 	0.263036 	0.540086 	-0.00737446 	
0.165	0.0497509 	0.0190309 	-2.01124 	0.263173 	0.541696 	-0.00671656 	
0.17	0.0497513 	0.0189538 	-2.01117 	0.263176 	0.541712 	-0.00671207 	
0.175	0.0497518 	0.0188745 	-2.01111 	0.263178 	0.541728 	-0.00670745 	
0.18	0.0497522 	0.0187929 	-2.01105 	0.263181 	0.541745 	-0.00670271 	
0.185	0.0497527 	0.0187091 	-2.01098 	0.263183 	0.541762 	-0.00669784 	
0.19	0.0497532 	0.018623 	-2.01091 	0.263186 	0.541779 	-0.00669285 	
0.195	0.0497537 	0.0185346 	-2.01084 	0.263189 	0.541797 	-0.00668773 	
0.2	0.0497542 	0.0184441 	-2.01077 	0.263192 	0.541816 	-0.00668249 	
0.205	0.0497547 	0.0183512 	-2.0107 	0.263195 	0.541835 	-0.00667713 	
0.21	0.0497553 	0.0182562 	-2.01062 	0.263198 	0.541854 	-0.00667166 	
0.215	0.0497558 	0.0181589 	-2.01055 	0.263201 	0.541874 	-0.00666606 	
0.22	0.0497564 	0.0180593 	-2.01047 	0.263204 	0.541894 	-0.00666034 	
0.225	0.049757 	0.0179576 	-2.01039 	0.263208 	0.541915 	-0.0066545 	
0.23	0.0498728 	0.0176172 	-2.01049 	0.263357 	0.543589 	-0.00596896 	
0.235	0.0498734 	0.017511 	-2.0104 	0.263361 	0.54361 	-0.00596288 	
0.24	0.0498741 	0.0174026 	-2.01032 	0.263364 	0.543632 	-0.00595668 	
0.245	0.0498748 	0.017292 	-2.01023 	0.263368 	0.543654 	-0.00595037 	
0.25	0.0498754 	0.0171792 	-2.01014 	0.263371 	0.543677 	-0.00594395 	
0.255	0.0498762 	0.0170642 	-2.01005 	0.263375 	0.543701 	-0.00593741 	
0.26	0.0498769 	0.0169469 	-2.00996 	0.263379 	0.543724 	-0.00593076 	
0.265	0.0498777 	0.0168275 	-2.00986 	0.263383 	0.543748 	-0.005924 	
0.27	0.0498784 	0.016706 	-2.00977 	0.263386 	0.543773 	-0.00591713 	
0.275	0.0498792 	0.0165822 	-2.00967 	0.26339 	0.543798 	-0.00591015 	
0.28	0.0499953 	0.0162216 	-2.00975 	0.263546 	0.545461 	-0.00522729 	
0.285	0.0499962 	0.0160935 	-2.00965 	0.26355 	0.545487 	-0.00522008 	
0.29	0.049997 	0.0159632 	-2.00954 	0.263554 	0.545513 	-0.00521277 	
0.295	0.0499979 	0.0158308 	-2.00944 	0.263559 	0.54554 	-0.00520535 	
0.3	0.0499988 	0.0156963 	-2.00933 	0.263563 	0.545567 	-0.00519784 	
0.305	0.0499997 	0.0155595 	-2.00922 	0.263567 	0.545594 	-0.00519021 	
0.31	0.0500007 	0.0154207 	-2.00911 	0.263572 	0.545622 	-0.00518249 	
0.315	0.0500016 	0.0152797 	-2.009 	0.263576 	0.54565 	-0.00517467 	
0.32	0.0501121 	0.0149156 	-2.00906 	0.263729 	0.54722 	-0.00452913 	
0.325	0.0501131 	0.0147703 	-2.00894 	0.263734 	0.547249 	-0.0045211 	
0.33	0.0501142 	0.0146229 	-2.00882 	0.263739 	0.547278 	-0.00451297 	
0.335	0.0501152 	0.0144735 	-2.0087 	0.263743 	0.547308 	-0.00450474 	
0.34	0.0501163 	0.0143219 	-2.00858 	0.263748 	0.547338 	-0.00449643 	
0.345	0.0501174 	0.0141682 	-2.00846 	0.263753 	0.547368 	-0.00448802 	
0.35	0.0501186 	0.0140124 	-2.00834 	0.263758 	0.547399 	-0.00447951 	
0.355	0.0501198 	0.0138546 	-2.00821 	0.263763 	0.547431 	-0.00447092 	
0.36	0.0502432 	0.01345 	-2.00827 	0.263939 	0.549166 	-0.00375494 	
0.365	0.0502444 	0.0132879 	-2.00814 	0.263944 	0.549198 	-0.00374615 	
0.37	0.0502456 	0.0131238 	-2.00801 	0.263949 	0.549231 	-0.00373728 	
0.375	0.0502469 	0.0129577 	-2.00788 	0.263955 	0.549263 	-0.00372832 	
0.38	0.0502482 	0.0127895 	-2.00774 	0.26396 	0.549296 	-0.00371928 	
0.385	0.0502496 	0.0126193 	-2.00761 	0.263965 	0.54933 	-0.00371016 	
0.39	0.0502509 	0.0124471 	-2.00747 	0.26397 	0.549364 	-0.00370095 	
0.395	0.050373 	0.0120333 	-2.00751 	0.26415 	0.551063 	-0.00299811 	
0.4	0.0503744 	0.011857 	-2.00737 	0.264156 	0.551098 	-0.00298873 	
0.405	0.0503758 	0.0116787 	-2.00723 	0.264161 	0.551133 	-0.00297927 	
0.41	0.0503773 	0.0114983 	-2.00708 	0.264167 	0.551168 	-0.00296974 	
0.415	0.0503788 	0.011316 	-2.00694 	0.264173 	0.551203 	-0.00296014 	
0.42	0.0503804 	0.0111317 	-2.00679 	0.264178 	0.551239 	-0.00295046 	
0.425	0.0504952 	0.0107224 	-2.00681 	0.264352 	0.552824 	-0.00229369 	
0.43	0.0504968 	0.0105341 	-2.00666 	0.264358 	0.552861 	-0.00228385 	
0.435	0.0504985 	0.0103438 	-2.0065 	0.264364 	0.552898 	-0.00227394 	
0.44	0.0505002 	0.0101516 	-2.00635 	0.26437 	0.552935 	-0.00226397 	
0.445	0.0505019 	0.00995745 	-2.00619 	0.264376 	0.552972 	-0.00225393 	
0.45	0.0505036 	0.00976133 	-2.00604 	0.264382 	0.55301 	-0.00224383 	
0.455	0.0506255 	0.00932868 	-2.00605 	0.264571 	0.554676 	-0.00155145 	
0.46	0.0506273 	0.00912866 	-2.00589 	0.264577 	0.554714 	-0.00154121 	
0.465	0.0506292 	0.00892676 	-2.00573 	0.264584 	0.554753 	-0.0015309 	
0.47	0.0506311 	0.00872294 	-2.00557 	0.26459 	0.554792 	-0.00152054 	
0.475	0.050633 	0.00851722 	-2.0054 	0.264596 	0.554832 	-0.00151012 	
0.48	0.050635 	0.00830961 	-2.00523 	0.264603 	0.554872 	-0.00149964 	
0.485	0.0507654 	0.00785128 	-2.00525 	0.26481 	0.556636 	-0.000763976 	
0.49	0.0507675 	0.00763987 	-2.00508 	0.264817 	0.556676 	-0.000753374 	
0.495	0.0507696 	0.00742662 	-2.00491 	0.264823 	0.556716 	-0.00074272 	
0.5	0.0507717 	0.00721151 	-2.00473 	0.26483 	0.556757 	-0.000732019 	
0.505	0.0507738 	0.00699456 	-2.00456 	0.264836 	0.556799 	-0.000721271 	
0.51	0.0508919 	0.0065533 	-2.00455 	0.265029 	0.55838 	-6.06932e-05 	
0.515	0.0508941 	0.00633264 	-2.00437 	0.265036 	0.558421 	-4.98336e-05 	
0.52	0.0508964 	0.00611019 	-2.00419 	0.265042 	0.558463 	-3.89315e-05 	
0.525	0.0508987 	0.00588592 	-2.00401 	0.265049 	0.558505 	-2.79891e-05 	
0.53	0.050901 	0.00565985 	-2.00383 	0.265056 	0.558548 	-1.70083e-05 	
0.535	0.0510233 	0.00520346 	-2.00381 	0.26526 	0.56017 	0.000662829 	
0.54	0.0510258 	0.00497378 	-2.00362 	0.265267 	0.560213 	0.000673907 	
0.545	0.0510283 	0.00474235 	-2.00343 	0.265274 	0.560257 	0.000685019 	
0.55	0.0510308 	0.00450916 	-2.00325 	0.265281 	0.5603 	0.000696164 	
0.555	0.0510334 	0.00427421 	-2.00306 	0.265288 	0.560344 	0.000707339 	
0.56	0.0511617 	0.00379987 	-2.00304 	0.265506 	0.562029 	0.00141558 	
0.565	0.0511643 	0.0035614 	-2.00284 	0.265513 	0.562073 	0.00142683 	
0.57	0.051167 	0.00332124 	-2.00265 	0.26552 	0.562117 	0.00143812 	
0.575	0.0511698 	0.00307936 	-2.00245 	0.265527 	0.562162 	0.00144943 	
0.58	0.0511726 	0.00283578 	-2.00225 	0.265535 	0.562207 	0.00146076 	
0.585	0.0513071 	0.00234363 	-2.00223 	0.265768 	0.563955 	0.00219791 	
0.59	0.05131 	0.00209663 	-2.00203 	0.265776 	0.564 	0.00220931 	
0.595	0.0513129 	0.00184798 	-2.00183 	0.265783 	0.564046 	0.00222073 	
0.6	0.0513159 	0.00159767 	-2.00163 	0.26579 	0.564091 	0.00223216 	
0.605	0.0513189 	0.00134571 	-2.00142 	0.265798 	0.564137 	0.00224361 	
0.61	0.0514597 	0.00083619 	-2.0014 	0.266047 	0.565946 	0.00300931 	
0.615	0.0514628 	0.000580911 	-2.00119 	0.266055 	0.565993 	0.00302081 	
0.62	0.051466 	0.000324041 	-2.00098 	0.266062 	0.566039 	0.00303232 	
0.625	0.0514692 	6.55592e-05 	-2.00077 	0.26607 	0.566086 	0.00304384 	
0.63	0.0514725 	-0.000194523 	-2.00056 	0.266077 	0.566133 	0.00305536 	
0.635	0.0516195 	-0.000720903 	-2.00053 	0.266343 	0.568001 	0.00384914 	
0.64	0.0516228 	-0.000984196 	-2.00032 	0.266351 	0.568048 	0.0038607 	
0.645	0.0516263 	-0.00124902 	-2.0001 	0.266359 	0.568096 	0.00387226 	
0.65	0.0516297 	-0.00151541 	-1.99988 	0.266366 	0.568144 	0.00388382 	
0.655	0.0517556 	-0.00200663 	-1.99982 	0.266598 	0.569726 	0.00455706 	
0.66	0.0517591 	-0.00227612 	-1.9996 	0.266606 	0.569774 	0.00456865 	
0.665	0.0517627 	-0.00254712 	-1.99938 	0.266614 	0.569822 	0.00458023 	
0.67	0.0517664 	-0.00281963 	-1.99915 	0.266622 	0.56987 	0.0045918 	
0.675	0.0518937 	-0.00331758 	-1.99909 	0.26686 	0.571456 	0.00526843 	
0.68	0.0518975 	-0.00359311 	-1.99886 	0.266868 	0.571504 	0.00528001 	
0.685	0.0519013 	-0.0038701 	-1.99863 	0.266876 	0.571553 	0.00529158 	
0.69	0.0519052 	-0.00414854 	-1.9984 	0.266884 	0.571602 	0.00530313 	
0.695	0.0520363 	-0.00465713 	-1.99833 	0.267133 	0.573219 	0.00599543 	
0.7	0.0520403 	-0.00493851 	-1.9981 	0.267141 	0.573268 	0.00600698 	
0.705	0.0520444 	-0.0052213 	-1.99787 	0.267149 	0.573318 	0.00601851 	
0.71	0.0520485 	-0.00550551 	-1.99763 	0.267157 	0.573367 	0.00603002 	
0.715	0.0521836 	-0.00602482 	-1.99756 	0.267419 	0.575017 	0.00673895 	
0.72	0.0521879 	-0.00631187 	-1.99732 	0.267427 	0.575067 	0.00675045 	
0.725	0.0521921 	-0.00660027 	-1.99709 	0.267435 	0.575117 	0.00676192 	
0.73	0.0521965 	-0.00689004 	-1.99685 	0.267443 	0.575167 	0.00677336 	
0.735	0.0523357 	-0.00741979 	-1.99677 	0.267716 	0.576849 	0.00749876 	
0.74	0.0523401 	-0.00771231 	-1.99653 	0.267724 	0.576899 	0.00751018 	
0.745	0.0523446 	-0.00800614 	-1.99629 	0.267732 	0.57695 	0.00752156 	
0.75	0.0523492 	-0.00830129 	-1.99604 	0.26774 	0.577 	0.00753291 	
0.755	0.0524925 	-0.00884113 	-1.99596 	0.268026 	0.578714 	0.00827447 	
0.76	0.0524971 	-0.00913893 	-1.99571 	0.268034 	0.578764 	0.00828578 	
0.765	0.0525019 	-0.00943799 	-1.99547 	0.268042 	0.578815 	0.00829706 	
0.77	0.0525067 	-0.00973832 	-1.99522 	0.26805 	0.578865 	0.00830829 	
0.775	0.052654 	-0.0102879 	-1.99513 	0.268348 	0.580609 	0.00906569 	
0.78	0.0526589 	-0.0105908 	-1.99488 	0.268356 	0.58066 	0.00907687 	
0.785	0.0526639 	-0.0108949 	-1.99463 	0.268364 	0.580711 	0.00908801 	
0.79	0.0526689 	-0.0112002 	-1.99438 	0.268372 	0.580762 	0.0090991 	
0.795	0.0528203 	-0.0117592 	-1.99429 	0.268683 	0.582534 	0.00987201 	
0.8	0.0528254 	-0.0120669 	-1.99404 	0.268691 	0.582585 	0.00988304 	
0.805	0.0528306 	-0.0123759 	-1.99378 	0.268699 	0.582636 	0.00989402 	
0.81	0.0528359 	-0.012686 	-1.99352 	0.268707 	0.582688 	0.00990495 	
0.815	0.0529913 	-0.013254 	-1.99343 	0.269031 	0.584488 	0.010693 	
0.82	0.0529967 	-0.0135664 	-1.99317 	0.269039 	0.584539 	0.0107039 	
0.825	0.0530022 	-0.01388 	-1.99291 	0.269047 	0.58459 	0.0107147 	
0.83	0.0530077 	-0.0141946 	-1.99265 	0.269055 	0.584642 	0.0107254 	
0.835	0.0531671 	-0.0147713 	-1.99255 	0.269392 	0.586468 	0.0115283 	
0.84	0.0531727 	-0.0150882 	-1.99229 	0.2694 	0.586519 	0.0115389 	
0.845	0.0531784 	-0.0154062 	-1.99202 	0.269408 	0.586571 	0.0115495 	
0.85	0.0531842 	-0.0157252 	-1.99176 	0.269417 	0.586622 	0.0115601 	
0.855	0.0533475 	-0.0163102 	-1.99166 	0.269766 	0.588474 	0.0123774 	
0.86	0.0533534 	-0.0166314 	-1.99139 	0.269774 	0.588525 	0.0123878 	
0.865	0.0533594 	-0.0169535 	-1.99112 	0.269782 	0.588577 	0.0123982 	
0.87	0.0533654 	-0.0172767 	-1.99085 	0.269791 	0.588628 	0.0124085 	
0.875	0.0535327 	-0.0178696 	-1.99075 	0.270153 	0.590504 	0.0132399 	
0.88	0.0535389 	-0.0181948 	-1.99048 	0.270162 	0.590555 	0.0132501 	
0.885	0.0535451 	-0.018521 	-1.9902 	0.27017 	0.590606 	0.0132602 	
0.89	0.0535514 	-0.0188481 	-1.98993 	0.270178 	0.590658 	0.0132702 	
0.895	0.0537226 	-0.0194485 	-1.98983 	0.270554 	0.592556 	0.0141153 	
0.9	0.053729 	-0.0197776 	-1.98955 	0.270563 	0.592607 	0.0141253 	
0.905	0.0537354 	-0.0201076 	-1.98927 	0.270571 	0.592658 	0.0141351 	
0.91	0.053742 	-0.0204384 	-1.98899 	0.270579 	0.59271 	0.0141449 	
0.915	0.0539171 	-0.0210459 	-1.98889 	0.270969 	0.594629 	0.0150032 	
0.92	0.0539237 	-0.0213786 	-1.98861 	0.270977 	0.59468 	0.0150129 	
0.925	0.0539305 	-0.0217121 	-1.98832 	0.270985 	0.594731 	0.0150225 	
0.93	0.0539373 	-0.0220465 	-1.98804 	0.270993 	0.594783 	0.0150319 	
0.935	0.0541162 	-0.0226607 	-1.98793 	0.271397 	0.596722 	0.0159032 	
0.94	0.0541231 	-0.0229968 	-1.98765 	0.271405 	0.596773 	0.0159125 	
0.945	0.0541301 	-0.0233337 	-1.98736 	0.271413 	0.596824 	0.0159218 	
0.95	0.0541372 	-0.0236714 	-1.98708 	0.271421 	0.596875 	0.015931 	
0.955	0.0543199 	-0.0242919 	-1.98697 	0.271838 	0.598832 	0.0168147 	
0.96	0.054327 	-0.0246312 	-1.98668 	0.271846 	0.598883 	0.0168237 	
0.965	0.0543343 	-0.0249712 	-1.98639 	0.271855 	0.598934 	0.0168326 	
0.97	0.0543416 	-0.025312 	-1.9861 	0.271863 	0.598985 	0.0168415 	
0.975	0.0545281 	-0.0259384 	-1.98598 	0.272293 	0.60096 	0.0177373 	
0.98	0.0545355 	-0.0262806 	-1.98569 	0.272302 	0.60101 	0.0177459 	
0.985	0.054543 	-0.0266235 	-1.9854 	0.27231 	0.601061 	0.0177545 	
0.99	0.0546917 	-0.0271898 	-1.98524 	0.272655 	0.602613 	0.0184588 	
0.995	0.0546993 	-0.0275341 	-1.98495 	0.272663 	0.602663 	0.0184672 	
1	0.054707 	-0.027879 	-1.98466 	0.272671 	0.602714 	0.0184755 	
1.005	0.0547148 	-0.0282246 	-1.98436 	0.272679 	0.602764 	0.0184837 	
1.01	0.0549036 	-0.028854 	-1.98424 	0.273124 	0.604722 	0.0193792 	
1.015	0.0549114 	-0.0292009 	-1.98394 	0.273132 	0.604772 	0.0193872 	
1.02	0.0549194 	-0.0295483 	-1.98364 	0.27314 	0.604822 	0.0193952 	
1.025	0.0550727 	-0.0301217 	-1.98348 	0.273503 	0.606389 	0.0201122 	
1.03	0.0550807 	-0.0304704 	-1.98318 	0.273511 	0.606439 	0.02012 	
1.035	0.0550889 	-0.0308196 	-1.98288 	0.273518 	0.606488 	0.0201277 	
1.04	0.0550971 	-0.0311693 	-1.98258 	0.273526 	0.606538 	0.0201352 	
1.045	0.0552919 	-0.0318065 	-1.98245 	0.273995 	0.608518 	0.0210486 	
1.05	0.0553002 	-0.0321574 	-1.98215 	0.274002 	0.608567 	0.021056 	
1.055	0.0553086 	-0.0325087 	-1.98185 	0.27401 	0.608616 	0.0210632 	
1.06	0.0554667 	-0.0330887 	-1.98168 	0.274392 	0.610199 	0.021794 	
1.065	0.0554752 	-0.033441 	-1.98138 	0.274399 	0.610248 	0.021801 	
1.07	0.0554838 	-0.0337938 	-1.98107 	0.274407 	0.610296 	0.021808 	
1.075	0.0556399 	-0.0343702 	-1.9809 	0.274786 	0.611844 	0.0225249 	
1.08	0.0556486 	-0.0347239 	-1.98059 	0.274794 	0.611893 	0.0225317 	
1.085	0.0556573 	-0.035078 	-1.98029 	0.274801 	0.611941 	0.0225383 	
1.09	0.055815 	-0.035656 	-1.98011 	0.275187 	0.61349 	0.0232584 	
1.095	0.0558239 	-0.0360109 	-1.9798 	0.275195 	0.613538 	0.0232648 	
1.1	0.0558328 	-0.0363662 	-1.9795 	0.275202 	0.613586 	0.0232711 	
1.105	0.0559923 	-0.0369462 	-1.97932 	0.275595 	0.615139 	0.023996 	
1.11	0.0560014 	-0.0373022 	-1.97901 	0.275603 	0.615186 	0.0240021 	
1.115	0.0560105 	-0.0376585 	-1.9787 	0.27561 	0.615234 	0.024008 	
1.12	0.0561718 	-0.0382403 	-1.97852 	0.276011 	0.61679 	0.0247375 	
1.125	0.056181 	-0.0385973 	-1.97821 	0.276018 	0.616837 	0.0247433 	
1.13	0.0561903 	-0.0389546 	-1.9779 	0.276026 	0.616884 	0.024749 	
1.135	0.0563534 	-0.0395379 	-1.97772 	0.276434 	0.618444 	0.0254829 	
1.14	0.0563628 	-0.0398958 	-1.97741 	0.276441 	0.618491 	0.0254884 	
1.145	0.0563723 	-0.0402538 	-1.97709 	0.276448 	0.618537 	0.0254937 	
1.15	0.0565372 	-0.0408386 	-1.97691 	0.276864 	0.620099 	0.0262319 	
1.155	0.0565467 	-0.0411971 	-1.9766 	0.276871 	0.620145 	0.026237 	
1.16	0.0565564 	-0.0415558 	-1.97628 	0.276878 	0.620191 	0.0262419 	
1.165	0.056723 	-0.0421417 	-1.9761 	0.2773 	0.621756 	0.0269841 	
1.17	0.0567327 	-0.0425008 	-1.97578 	0.277307 	0.621801 	0.0269889 	
1.175	0.0567425 	-0.04286 	-1.97547 	0.277314 	0.621847 	0.0269935 	
1.18	0.0569107 	-0.0434469 	-1.97528 	0.277744 	0.623412 	0.0277395 	
1.185	0.0569206 	-0.0438064 	-1.97497 	0.277751 	0.623457 	0.0277439 	
1.19	0.0569306 	-0.0441661 	-1.97465 	0.277758 	0.623502 	0.0277482 	
1.195	0.0571005 	-0.0447536 	-1.97446 	0.278195 	0.625068 	0.0284977 	
1.2	0.0571105 	-0.0451135 	-1.97414 	0.278201 	0.625113 	0.0285017 	
1.205	0.0571207 	-0.0454734 	-1.97383 	0.278208 	0.625157 	0.0285056 	
1.21	0.0572921 	-0.0460615 	-1.97364 	0.278652 	0.626723 	0.0292585 	
1.215	0.0573023 	-0.0464215 	-1.97332 	0.278659 	0.626767 	0.0292622 	
1.22	0.0573126 	-0.0467816 	-1.973 	0.278665 	0.626811 	0.0292657 	
1.225	0.0574855 	-0.0473699 	-1.97281 	0.279116 	0.628377 	0.0300216 	
1.23	0.0574958 	-0.0477301 	-1.97249 	0.279122 	0.62842 	0.030025 	
1.235	0.0575063 	-0.0480902 	-1.97217 	0.279129 	0.628463 	0.0300282 	
1.24	0.0576806 	-0.0486786 	-1.97198 	0.279586 	0.630028 	0.0307869 	
1.245	0.0576911 	-0.0490386 	-1.97166 	0.279592 	0.630071 	0.0307899 	
1.25	0.0577017 	-0.0493986 	-1.97134 	0.279598 	0.630114 	0.0307927 	
1.255	0.0578775 	-0.0499869 	-1.97115 	0.280062 	0.631677 	0.031554 	
1.26	0.0578881 	-0.0503468 	-1.97083 	0.280068 	0.631719 	0.0315566 	
1.265	0.0578989 	-0.0507065 	-1.97051 	0.280075 	0.631761 	0.0315591 	
1.27	0.0580759 	-0.0512944 	-1.97031 	0.280545 	0.633322 	0.0323227 	
1.275	0.0580867 	-0.0516539 	-1.96999 	0.280551 	0.633363 	0.0323249 	
1.28	0.0580976 	-0.0520133 	-1.96967 	0.280557 	0.633405 	0.032327 	
1.285	0.0582759 	-0.0526006 	-1.96947 	0.281033 	0.634963 	0.0330927 	
1.29	0.0582869 	-0.0529597 	-1.96915 	0.281039 	0.635004 	0.0330946 	
1.295	0.0582979 	-0.0533186 	-1.96883 	0.281045 	0.635044 	0.0330963 	
1.3	0.0584774 	-0.0539051 	-1.96863 	0.281527 	0.6366 	0.0338638 	
1.305	0.0584885 	-0.0542636 	-1.96831 	0.281533 	0.63664 	0.0338653 	
1.31	0.0584996 	-0.0546219 	-1.96799 	0.281539 	0.63668 	0.0338667 	
1.315	0.0586803 	-0.0552074 	-1.96779 	0.282027 	0.638231 	0.0346357 	
1.32	0.0586915 	-0.0555652 	-1.96747 	0.282032 	0.63827 	0.0346369 	
1.325	0.0587028 	-0.0559228 	-1.96715 	0.282038 	0.638309 	0.0346379 	
1.33	0.0588845 	-0.056507 	-1.96695 	0.282532 	0.639856 	0.0354082 	
1.335	0.0588958 	-0.056864 	-1.96663 	0.282537 	0.639895 	0.035409 	
1.34	0.0589072 	-0.0572207 	-1.96631 	0.282543 	0.639933 	0.0354096 	
1.345	0.0590899 	-0.0578034 	-1.96611 	0.283042 	0.641475 	0.036181 	
1.35	0.0591014 	-0.0581595 	-1.96579 	0.283047 	0.641513 	0.0361814 	
1.355	0.0591129 	-0.0585152 	-1.96547 	0.283052 	0.641551 	0.0361817 	
1.36	0.0592965 	-0.0590963 	-1.96526 	0.283557 	0.643087 	0.0369537 	
1.365	0.0593081 	-0.0594513 	-1.96494 	0.283562 	0.643125 	0.0369538 	
1.37	0.0593197 	-0.0598058 	-1.96462 	0.283567 	0.643162 	0.0369537 	
1.375	0.0595042 	-0.0603851 	-1.96442 	0.284077 	0.644692 	0.0377262 	
1.38	0.0595158 	-0.0607388 	-1.9641 	0.284082 	0.644728 	0.0377259 	
1.385	0.0595275 	-0.0610922 	-1.96378 	0.284087 	0.644765 	0.0377255 	
1.39	0.0597128 	-0.0616693 	-1.96357 	0.284601 	0.646288 	0.0384982 	
1.395	0.0597246 	-0.0620218 	-1.96326 	0.284606 	0.646324 	0.0384975 	
1.4	0.0597364 	-0.0623737 	-1.96294 	0.284611 	0.64636 	0.0384968 	
1.405	0.0599224 	-0.0629486 	-1.96273 	0.28513 	0.647876 	0.0392694 	
1.41	0.0599342 	-0.0632996 	-1.96241 	0.285134 	0.647911 	0.0392684 	
1.415	0.0599461 	-0.06365 	-1.96209 	0.285139 	0.647946 	0.0392672 	
1.42	0.0601327 	-0.0642224 	-1.96189 	0.285662 	0.649454 	0.0400395 	
1.425	0.0601446 	-0.0645718 	-1.96157 	0.285667 	0.649489 	0.0400381 	
1.43	0.0601566 	-0.0649207 	-1.96125 	0.285671 	0.649523 	0.0400366 	
1.435	0.0603438 	-0.0654904 	-1.96104 	0.286199 	0.651023 	0.0408082 	
1.44	0.0603558 	-0.0658381 	-1.96073 	0.286203 	0.651057 	0.0408065 	
1.445	0.0603678 	-0.0661852 	-1.96041 	0.286207 	0.65109 	0.0408047 	
1.45	0.0605554 	-0.066752 	-1.9602 	0.286739 	0.652581 	0.0415753 	
1.455	0.0605675 	-0.0670979 	-1.95989 	0.286743 	0.652614 	0.0415733 	
1.46	0.0605796 	-0.0674431 	-1.95957 	0.286747 	0.652647 	0.0415711 	
1.465	0.0607676 	-0.0680068 	-1.95936 	0.287282 	0.654129 	0.0423405 	
1.47	0.0607798 	-0.0683508 	-1.95905 	0.287286 	0.654161 	0.0423381 	
1.475	0.0607919 	-0.068694 	-1.95874 	0.287289 	0.654193 	0.0423356 	
1.48	0.0609802 	-0.0692544 	-1.95853 	0.287828 	0.655665 	0.0431034 	
1.485	0.0609924 	-0.0695963 	-1.95821 	0.287831 	0.655697 	0.0431008 	
1.49	0.0610047 	-0.0699375 	-1.9579 	0.287835 	0.655728 	0.043098 	
1.495	0.0611932 	-0.0704944 	-1.95769 	0.288376 	0.65719 	0.0438639 	
1.5	0.0612054 	-0.0708341 	-1.95738 	0.28838 	0.65722 	0.0438609 	
1.505	0.0612177 	-0.071173 	-1.95707 	0.288384 	0.657251 	0.0438578 	
1.51	0.06123 	-0.0715112 	-1.95676 	0.288387 	0.657281 	0.0438546 	
1.515	0.0614715 	-0.0721278 	-1.95658 	0.289093 	0.659156 	0.0448475 	
1.52	0.0614838 	-0.0724644 	-1.95627 	0.289097 	0.659185 	0.044844 	
1.525	0.0614961 	-0.0728003 	-1.95596 	0.2891 	0.659215 	0.0448405 	
1.53	0.0616901 	-0.0733546 	-1.95575 	0.289664 	0.660693 	0.0456245 	
1.535	0.0617025 	-0.0736888 	-1.95545 	0.289667 	0.660722 	0.0456208 	
1.54	0.0617148 	-0.0740221 	-1.95514 	0.28967 	0.660751 	0.0456169 	
1.545	0.0617272 	-0.0743546 	-1.95483 	0.289673 	0.660779 	0.045613 	
1.55	0.0619691 	-0.0749612 	-1.95465 	0.290388 	0.662623 	0.0466003 	
1.555	0.0619814 	-0.075292 	-1.95435 	0.290391 	0.662651 	0.0465962 	
1.56	0.0619938 	-0.0756218 	-1.95404 	0.290394 	0.662679 	0.046592 	
1.565	0.0621876 	-0.0761662 	-1.95383 	0.290962 	0.664128 	0.047369 	
1.57	0.0622 	-0.0764942 	-1.95353 	0.290965 	0.664155 	0.0473646 	
1.575	0.0622124 	-0.0768213 	-1.95323 	0.290968 	0.664182 	0.0473601 	
1.58	0.0622248 	-0.0771474 	-1.95293 	0.290971 	0.664209 	0.0473555 	
1.585	0.0624659 	-0.0777422 	-1.95274 	0.29169 	0.666014 	0.0483327 	
1.59	0.0624783 	-0.0780665 	-1.95244 	0.291693 	0.66604 	0.0483279 	
1.595	0.0624907 	-0.0783897 	-1.95214 	0.291695 	0.666066 	0.0483231 	
1.6	0.0625031 	-0.0787119 	-1.95185 	0.291698 	0.666092 	0.0483181 	
1.605	0.0627483 	-0.0793052 	-1.95167 	0.292434 	0.667911 	0.0493095 	
1.61	0.0627607 	-0.0796254 	-1.95137 	0.292436 	0.667936 	0.0493044 	
1.615	0.0627731 	-0.0799446 	-1.95107 	0.292439 	0.667961 	0.0492992 	
1.62	0.0627855 	-0.0802628 	-1.95078 	0.292441 	0.667986 	0.0492939 	
1.625	0.0630302 	-0.0808489 	-1.9506 	0.29318 	0.669784 	0.0502798 	
1.63	0.0630426 	-0.0811649 	-1.9503 	0.293182 	0.669808 	0.0502743 	
1.635	0.063055 	-0.0814799 	-1.95001 	0.293184 	0.669832 	0.0502688 	
1.64	0.0630674 	-0.0817938 	-1.94972 	0.293186 	0.669856 	0.0502632 	
1.645	0.063311 	-0.0823719 	-1.94954 	0.293925 	0.671628 	0.0512409 	
1.65	0.0633233 	-0.0826836 	-1.94925 	0.293927 	0.671651 	0.0512352 	
1.655	0.0633356 	-0.0829941 	-1.94896 	0.293929 	0.671674 	0.0512293 	
1.66	0.063348 	-0.0833035 	-1.94867 	0.293931 	0.671697 	0.0512234 	
1.665	0.0635902 	-0.0838732 	-1.94849 	0.294669 	0.673442 	0.052192 	
1.67	0.0636025 	-0.0841804 	-1.9482 	0.294671 	0.673464 	0.052186 	
1.675	0.0636147 	-0.0844863 	-1.94792 	0.294673 	0.673487 	0.0521799 	
1.68	0.063627 	-0.0847911 	-1.94763 	0.294674 	0.673509 	0.0521737 	
1.685	0.0638676 	-0.085352 	-1.94745 	0.295411 	0.675225 	0.0531324 	
1.69	0.0638798 	-0.0856544 	-1.94717 	0.295413 	0.675247 	0.0531261 	
1.695	0.063892 	-0.0859556 	-1.94689 	0.295414 	0.675268 	0.0531197 	
1.7	0.0639043 	-0.0862555 	-1.94661 	0.295415 	0.675289 	0.0531132 	
1.705	0.064143 	-0.0868074 	-1.94643 	0.29615 	0.676977 	0.0540614 	
1.71	0.0641551 	-0.0871049 	-1.94615 	0.296151 	0.676997 	0.0540548 	
1.715	0.0641673 	-0.0874011 	-1.94587 	0.296153 	0.677018 	0.0540482 	
1.72	0.0641794 	-0.087696 	-1.94559 	0.296154 	0.677038 	0.0540415 	
1.725	0.064416 	-0.0882384 	-1.94542 	0.296885 	0.678696 	0.0549783 	
1.73	0.064428 	-0.0885308 	-1.94514 	0.296886 	0.678715 	0.0549714 	
1.735	0.0644401 	-0.0888218 	-1.94487 	0.296887 	0.678734 	0.0549646 	
1.74	0.0644521 	-0.0891116 	-1.94459 	0.296888 	0.678754 	0.0549576 	
1.745	0.0646864 	-0.0896443 	-1.94442 	0.297616 	0.680381 	0.0558823 	
1.75	0.0646984 	-0.0899314 	-1.94415 	0.297616 	0.680399 	0.0558753 	
1.755	0.0647103 	-0.0902171 	-1.94388 	0.297617 	0.680418 	0.0558682 	
1.76	0.0647222 	-0.0905015 	-1.94361 	0.297618 	0.680436 	0.0558611 	
1.765	0.064954 	-0.0910241 	-1.94344 	0.298341 	0.682031 	0.0567729 	
1.77	0.0649658 	-0.0913058 	-1.94317 	0.298341 	0.682049 	0.0567657 	
1.775	0.0649776 	-0.091586 	-1.94291 	0.298342 	0.682067 	0.0567585 	
1.78	0.0649894 	-0.0918649 	-1.94264 	0.298343 	0.682084 	0.0567511 	
1.785	0.0652184 	-0.0923772 	-1.94247 	0.299059 	0.683647 	0.0576494 	
1.79	0.0652301 	-0.0926532 	-1.94221 	0.29906 	0.683664 	0.057642 	
1.795	0.0652418 	-0.0929278 	-1.94195 	0.29906 	0.68368 	0.0576346 	
1.8	0.0652534 	-0.093201 	-1.94169 	0.299061 	0.683697 	0.0576271 	
1.805	0.0654794 	-0.0937026 	-1.94152 	0.299771 	0.685226 	0.0585111 	
1.81	0.0654909 	-0.0939729 	-1.94126 	0.299771 	0.685242 	0.0585035 	
1.815	0.0655025 	-0.0942416 	-1.94101 	0.299771 	0.685258 	0.0584959 	
1.82	0.065514 	-0.0945089 	-1.94075 	0.299772 	0.685274 	0.0584883 	
1.825	0.0657367 	-0.0949996 	-1.94058 	0.300474 	0.686769 	0.0593572 	
1.83	0.0657481 	-0.095264 	-1.94033 	0.300474 	0.686784 	0.0593496 	
1.835	0.0657594 	-0.0955268 	-1.94008 	0.300475 	0.686799 	0.0593419 	
1.84	0.0657708 	-0.0957881 	-1.93983 	0.300475 	0.686814 	0.0593341 	
1.845	0.06599 	-0.0962675 	-1.93967 	0.301169 	0.688274 	0.0601873 	
1.85	0.0660012 	-0.0965258 	-1.93942 	0.301169 	0.688288 	0.0601795 	
1.855	0.0660124 	-0.0967825 	-1.93918 	0.301169 	0.688303 	0.0601717 	
1.86	0.0660236 	-0.0970376 	-1.93893 	0.301169 	0.688317 	0.0601639 	
1.865	0.0662391 	-0.0975056 	-1.93877 	0.301853 	0.689741 	0.0610005 	
1.87	0.0662502 	-0.0977576 	-1.93853 	0.301853 	0.689754 	0.0609927 	
1.875	0.0662612 	-0.098008 	-1.93829 	0.301853 	0.689768 	0.0609848 	
1.88	0.0662721 	-0.0982568 	-1.93805 	0.301853 	0.689781 	0.0609769 	
1.885	0.0664837 	-0.098713 	-1.93789 	0.302528 	0.691169 	0.0617964 	
1.89	0.0664946 	-0.0989586 	-1.93766 	0.302527 	0.691182 	0.0617885 	
1.895	0.0665054 	-0.0992026 	-1.93742 	0.302527 	0.691195 	0.0617806 	
1.9	0.0665162 	-0.0994449 	-1.93719 	0.302527 	0.691207 	0.0617726 	
1.905	0.0665269 	-0.0996857 	-1.93696 	0.302527 	0.69122 	0.0617647 	
1.91	0.0667778 	-0.100173 	-1.93682 	0.303337 	0.692865 	0.0627449 	
1.915	0.0667884 	-0.100411 	-1.93659 	0.303337 	0.692877 	0.0627369 	
1.92	0.0667989 	-0.100646 	-1.93637 	0.303336 	0.692889 	0.062729 	
1.925	0.0668094 	-0.10088 	-1.93614 	0.303336 	0.692901 	0.062721 	
1.93	0.0668198 	-0.101113 	-1.93592 	0.303336 	0.692912 	0.0627131 	
1.935	0.0670685 	-0.101588 	-1.93578 	0.304143 	0.694529 	0.0636832 	
1.94	0.0670788 	-0.101817 	-1.93556 	0.304142 	0.694541 	0.0636753 	
1.945	0.0670891 	-0.102044 	-1.93535 	0.304142 	0.694552 	0.0636674 	
1.95	0.0670993 	-0.10227 	-1.93513 	0.304141 	0.694563 	0.0636594 	
1.955	0.0671094 	-0.102494 	-1.93491 	0.304141 	0.694574 	0.0636515 	
1.96	0.0673514 	-0.102951 	-1.93478 	0.304929 	0.696133 	0.064593 	
1.965	0.0673613 	-0.103172 	-1.93457 	0.304928 	0.696144 	0.0645851 	
1.97	0.0673713 	-0.103391 	-1.93436 	0.304928 	0.696154 	0.0645772 	
1.975	0.0673812 	-0.103607 	-1.93415 	0.304927 	0.696164 	0.0645693 	
1.98	0.067391 	-0.103823 	-1.93394 	0.304927 	0.696174 	0.0645615 	
1.985	0.0676253 	-0.104262 	-1.93381 	0.305693 	0.697672 	0.0654712 	
1.99	0.067635 	-0.104474 	-1.93361 	0.305692 	0.697682 	0.0654634 	
1.995	0.0676446 	-0.104684 	-1.93341 	0.305691 	0.697691 	0.0654556 	
2	0.0676541 	-0.104892 	-1.93321 	0.305691 	0.697701 	0.0654478 	
2.005	0.0676636 	-0.105098 	-1.93301 	0.30569 	0.69771 	0.0654401 	
2.01	0.0678899 	-0.10552 	-1.93288 	0.306432 	0.699146 	0.0663166 	
2.015	0.0678993 	-0.105722 	-1.93269 	0.306432 	0.699154 	0.0663089 	
2.02	0.0679085 	-0.105923 	-1.93249 	0.306431 	0.699163 	0.0663012 	
2.025	0.0679177 	-0.106122 	-1.9323 	0.30643 	0.699172 	0.0662936 	
2.03	0.0679268 	-0.106319 	-1.93211 	0.306429 	0.699181 	0.0662859 	
2.035	0.0681447 	-0.106722 	-1.93199 	0.307146 	0.700552 	0.067128 	
2.04	0.0681537 	-0.106916 	-1.9318 	0.307146 	0.70056 	0.0671205 	
2.045	0.0681626 	-0.107107 	-1.93162 	0.307145 	0.700568 	0.0671129 	
2.05	0.0681714 	-0.107297 	-1.93143 	0.307144 	0.700576 	0.0671054 	
2.055	0.0681802 	-0.107485 	-1.93125 	0.307143 	0.700584 	0.067098 	
2.06	0.0681888 	-0.107671 	-1.93107 	0.307142 	0.700592 	0.0670906 	
2.065	0.0684327 	-0.108087 	-1.93097 	0.307953 	0.702124 	0.0680385 	
2.07	0.0684412 	-0.108269 	-1.93079 	0.307952 	0.702131 	0.0680312 	
2.075	0.0684496 	-0.108449 	-1.93061 	0.307951 	0.702139 	0.0680239 	
2.08	0.068458 	-0.108628 	-1.93044 	0.30795 	0.702146 	0.0680166 	
2.085	0.0684663 	-0.108804 	-1.93027 	0.307949 	0.702153 	0.0680094 	
2.09	0.0684745 	-0.108979 	-1.9301 	0.307948 	0.70216 	0.0680022 	
2.095	0.0687091 	-0.109373 	-1.93 	0.308731 	0.703622 	0.0689129 	
2.1	0.0687171 	-0.109544 	-1.92984 	0.30873 	0.703629 	0.0689058 	
2.105	0.0687251 	-0.109713 	-1.92967 	0.308729 	0.703635 	0.0688988 	
2.11	0.068733 	-0.10988 	-1.92951 	0.308728 	0.703642 	0.0688919 	
2.115	0.0687408 	-0.110045 	-1.92935 	0.308727 	0.703648 	0.0688849 	
2.12	0.0687485 	-0.110208 	-1.92919 	0.308726 	0.703654 	0.0688781 	
2.125	0.0689697 	-0.110576 	-1.9291 	0.309467 	0.705023 	0.0697352 	
2.13	0.0689772 	-0.110735 	-1.92895 	0.309466 	0.705029 	0.0697284 	
2.135	0.0689847 	-0.110892 	-1.92879 	0.309465 	0.705035 	0.0697217 	
2.14	0.068992 	-0.111047 	-1.92864 	0.309464 	0.70504 	0.0697151 	
2.145	0.0689993 	-0.111201 	-1.92849 	0.309463 	0.705046 	0.0697085 	
2.15	0.0690065 	-0.111352 	-1.92834 	0.309462 	0.705052 	0.069702 	
2.155	0.0690136 	-0.111501 	-1.9282 	0.309461 	0.705057 	0.0696955 	
2.16	0.0692488 	-0.111868 	-1.92812 	0.310256 	0.706507 	0.0706104 	
2.165	0.0692558 	-0.112013 	-1.92798 	0.310255 	0.706513 	0.0706041 	
2.17	0.0692626 	-0.112156 	-1.92784 	0.310254 	0.706518 	0.0705978 	
2.175	0.0692693 	-0.112298 	-1.9277 	0.310253 	0.706523 	0.0705916 	
2.18	0.069276 	-0.112437 	-1.92757 	0.310252 	0.706528 	0.0705855 	
2.185	0.0692826 	-0.112574 	-1.92743 	0.310251 	0.706532 	0.0705794 	
2.19	0.0692891 	-0.112709 	-1.9273 	0.31025 	0.706537 	0.0705734 	
2.195	0.0692955 	-0.112842 	-1.92717 	0.310249 	0.706542 	0.0705675 	
2.2	0.0695392 	-0.1132 	-1.92711 	0.311078 	0.708038 	0.0715185 	
2.205	0.0695454 	-0.113329 	-1.92699 	0.311077 	0.708043 	0.0715127 	
2.21	0.0695515 	-0.113456 	-1.92686 	0.311076 	0.708047 	0.071507 	
2.215	0.0695575 	-0.113581 	-1.92674 	0.311075 	0.708051 	0.0715014 	
2.22	0.0695634 	-0.113704 	-1.92662 	0.311074 	0.708055 	0.0714959 	
2.225	0.0695693 	-0.113825 	-1.9265 	0.311073 	0.708059 	0.0714904 	
2.23	0.069575 	-0.113944 	-1.92639 	0.311072 	0.708063 	0.071485 	
2.235	0.0695807 	-0.114061 	-1.92627 	0.311071 	0.708067 	0.0714797 	
2.24	0.0698005 	-0.114378 	-1.92622 	0.311822 	0.709407 	0.0723365 	
2.245	0.0698059 	-0.114491 	-1.92611 	0.311821 	0.709411 	0.0723313 	
2.25	0.0698113 	-0.114601 	-1.926 	0.31182 	0.709414 	0.0723262 	
2.255	0.0698165 	-0.11471 	-1.9259 	0.31182 	0.709418 	0.0723212 	
2.26	0.0698217 	-0.114816 	-1.92579 	0.311819 	0.709421 	0.0723163 	
2.265	0.0698267 	-0.11492 	-1.92569 	0.311818 	0.709425 	0.0723115 	
2.27	0.0698317 	-0.115023 	-1.92559 	0.311817 	0.709428 	0.0723068 	
2.275	0.0698366 	-0.115123 	-1.92549 	0.311816 	0.709431 	0.0723021 	
2.28	0.0698413 	-0.115221 	-1.9254 	0.311815 	0.709434 	0.0722975 	
2.285	0.069846 	-0.115317 	-1.9253 	0.311815 	0.709437 	0.072293 	
2.29	0.0700748 	-0.115621 	-1.92527 	0.312603 	0.710829 	0.0731892 	
2.295	0.0700793 	-0.115713 	-1.92518 	0.312602 	0.710831 	0.0731848 	
2.3	0.0700836 	-0.115803 	-1.92509 	0.312601 	0.710834 	0.0731806 	
2.305	0.0700879 	-0.11589 	-1.92501 	0.3126 	0.710837 	0.0731765 	
2.31	0.070092 	-0.115975 	-1.92492 	0.3126 	0.710839 	0.0731725 	
2.315	0.0700961 	-0.116059 	-1.92484 	0.312599 	0.710842 	0.0731686 	
2.32	0.0701 	-0.11614 	-1.92476 	0.312598 	0.710844 	0.0731647 	
2.325	0.0701039 	-0.116218 	-1.92469 	0.312597 	0.710847 	0.073161 	
2.33	0.0701076 	-0.116295 	-1.92461 	0.312597 	0.710849 	0.0731573 	
2.335	0.0701113 	-0.11637 	-1.92454 	0.312596 	0.710851 	0.0731537 	
2.34	0.0701149 	-0.116442 	-1.92447 	0.312595 	0.710854 	0.0731503 	
2.345	0.0701183 	-0.116513 	-1.9244 	0.312595 	0.710856 	0.0731469 	
2.35	0.0701217 	-0.116581 	-1.92433 	0.312594 	0.710858 	0.0731436 	
2.355	0.0703502 	-0.116858 	-1.92433 	0.313389 	0.712244 	0.0740436 	
2.36	0.0703533 	-0.116922 	-1.92426 	0.313388 	0.712246 	0.0740405 	
2.365	0.0703563 	-0.116984 	-1.9242 	0.313387 	0.712248 	0.0740376 	
2.37	0.0703593 	-0.117043 	-1.92414 	0.313387 	0.71225 	0.0740347 	
2.375	0.0703621 	-0.117101 	-1.92409 	0.313386 	0.712251 	0.0740319 	
2.38	0.0703648 	-0.117156 	-1.92403 	0.313386 	0.712253 	0.0740292 	
2.385	0.0703674 	-0.117209 	-1.92398 	0.313385 	0.712255 	0.0740267 	
2.39	0.0703699 	-0.11726 	-1.92393 	0.313385 	0.712256 	0.0740242 	
2.395	0.0703723 	-0.117309 	-1.92388 	0.313384 	0.712257 	0.0740218 	
2.4	0.0703746 	-0.117356 	-1.92384 	0.313384 	0.712259 	0.0740196 	
2.405	0.0703768 	-0.117401 	-1.92379 	0.313384 	0.71226 	0.0740174 	
2.41	0.0703789 	-0.117443 	-1.92375 	0.313383 	0.712261 	0.0740153 	
2.415	0.0703809 	-0.117483 	-1.92371 	0.313383 	0.712262 	0.0740134 	
2.42	0.0703826 	-0.117518 	-1.92368 	0.313382 	0.712263 	0.0740117 	
2.425	0.0703845 	-0.117557 	-1.92364 	0.313382 	0.712265 	0.0740098 	
2.43	0.070386 	-0.117588 	-1.92361 	0.313382 	0.712265 	0.0740083 	
2.435	0.0703876 	-0.117619 	-1.92358 	0.313381 	0.712266 	0.0740067 	
2.44	0.070389 	-0.117649 	-1.92355 	0.313381 	0.712267 	0.0740053 	
2.445	0.0703904 	-0.117676 	-1.92352 	0.313381 	0.712268 	0.0740039 	
2.45	0.0703916 	-0.117702 	-1.9235 	0.313381 	0.712269 	0.0740027 	
2.455	0.0703928 	-0.117725 	-1.92347 	0.31338 	0.712269 	0.0740016 	
2.46	0.0703938 	-0.117746 	-1.92345 	0.31338 	0.71227 	0.0740006 	
2.465	0.0703947 	-0.117765 	-1.92343 	0.31338 	0.71227 	0.0739996 	
2.47	0.0703955 	-0.117781 	-1.92342 	0.31338 	0.712271 	0.0739988 	
2.475	0.0703962 	-0.117795 	-1.9234 	0.31338 	0.712271 	0.0739981 	
2.48	0.0703969 	-0.117808 	-1.92339 	0.31338 	0.712272 	0.0739975 	
2.485	0.0703973 	-0.117818 	-1.92338 	0.31338 	0.712272 	0.073997 	
2.49	0.0703977 	-0.117826 	-1.92337 	0.313379 	0.712272 	0.0739966 	
2.495	0.070398 	-0.117831 	-1.92337 	0.313379 	0.712272 	0.0739964 	
2.5	0.070615 	-0.118036 	-1.92342 	0.314147 	0.713596 	0.0748645 	
2.505	0.070615 	-0.118036 	-1.92342 	0.314147 	0.713596 	0.0748645 	
2.51	0.070609 	-0.118031 	-1.92343 	0.314149 	0.713596 	0.0748721 	
2.515	0.070609 	-0.118031 	-1.92343 	0.314149 	0.713596 	0.0748721 	
2.52	0.0706068 	-0.118034 	-1.92342 	0.314149 	0.713591 	0.0748725 	
2.525	0.0706244 	-0.118059 	-1.92338 	0.31414 	0.713582 	0.0748466 	
2.53	0.0706228 	-0.118063 	-1.92337 	0.314139 	0.713575 	0.074846 	
2.535	0.0706205 	-0.118068 	-1.92336 	0.314137 	0.713567 	0.0748454 	
2.54	0.0706177 	-0.118073 	-1.92334 	0.314136 	0.713558 	0.0748448 	
2.545	0.0706144 	-0.11808 	-1.92333 	0.314134 	0.713547 	0.0748441 	
2.55	0.0706108 	-0.118088 	-1.92331 	0.314131 	0.713534 	0.0748432 	
2.555	0.0706067 	-0.118096 	-1.92328 	0.314129 	0.71352 	0.0748423 	
2.56	0.0706021 	-0.118106 	-1.92326 	0.314126 	0.713505 	0.0748412 	
2.565	0.0705971 	-0.118116 	-1.92323 	0.314123 	0.713488 	0.0748401 	
2.57	0.0705917 	-0.118127 	-1.9232 	0.31412 	0.713469 	0.0748389 	
2.575	0.0705859 	-0.118139 	-1.92317 	0.314116 	0.713449 	0.0748375 	
2.58	0.0705796 	-0.118152 	-1.92314 	0.314113 	0.713428 	0.0748361 	
2.585	0.0705729 	-0.118166 	-1.9231 	0.314108 	0.713405 	0.0748345 	
2.59	0.0705657 	-0.118181 	-1.92306 	0.314104 	0.71338 	0.0748329 	
2.595	0.0705581 	-0.118197 	-1.92302 	0.3141 	0.713354 	0.0748311 	
2.6	0.0705501 	-0.118213 	-1.92298 	0.314095 	0.713327 	0.0748293 	
2.605	0.0705416 	-0.118231 	-1.92294 	0.31409 	0.713298 	0.0748274 	
2.61	0.0705328 	-0.118249 	-1.92289 	0.314084 	0.713268 	0.0748253 	
2.615	0.0705225 	-0.118271 	-1.92283 	0.314078 	0.713233 	0.074823 	
2.62	0.0705136 	-0.118289 	-1.92278 	0.314073 	0.713202 	0.0748209 	
2.625	0.0705025 	-0.118312 	-1.92272 	0.314066 	0.713164 	0.0748184 	
2.63	0.0704918 	-0.118334 	-1.92267 	0.31406 	0.713128 	0.0748159 	
2.635	0.0704808 	-0.118357 	-1.92261 	0.314053 	0.71309 	0.0748134 	
2.64	0.0704692 	-0.118381 	-1.92255 	0.314046 	0.71305 	0.0748107 	
2.645	0.0704573 	-0.118406 	-1.92248 	0.314039 	0.71301 	0.074808 	
2.65	0.0704449 	-0.118431 	-1.92241 	0.314031 	0.712967 	0.0748052 	
2.655	0.0704322 	-0.118458 	-1.92235 	0.314024 	0.712923 	0.0748022 	
2.66	0.070419 	-0.118485 	-1.92227 	0.314016 	0.712878 	0.0747992 	
2.665	0.0704053 	-0.118514 	-1.9222 	0.314007 	0.712832 	0.074796 	
2.67	0.0703913 	-0.118543 	-1.92213 	0.313999 	0.712783 	0.0747928 	
2.675	0.0703768 	-0.118573 	-1.92205 	0.31399 	0.712734 	0.0747895 	
2.68	0.0703619 	-0.118604 	-1.92197 	0.313981 	0.712683 	0.0747861 	
2.685	0.0703466 	-0.118636 	-1.92189 	0.313972 	0.71263 	0.0747825 	
2.69	0.0703308 	-0.118668 	-1.9218 	0.313962 	0.712577 	0.0747789 	
2.695	0.0703147 	-0.118702 	-1.92171 	0.313953 	0.712521 	0.0747752 	
2.7	0.0702981 	-0.118736 	-1.92162 	0.313943 	0.712465 	0.0747714 	
2.705	0.0702811 	-0.118772 	-1.92153 	0.313932 	0.712406 	0.0747675 	
2.71	0.0702637 	-0.118808 	-1.92144 	0.313922 	0.712347 	0.0747635 	
2.715	0.0702459 	-0.118845 	-1.92134 	0.313911 	0.712286 	0.0747594 	
2.72	0.0702277 	-0.118883 	-1.92124 	0.3139 	0.712223 	0.0747552 	
2.725	0.070209 	-0.118921 	-1.92114 	0.313889 	0.712159 	0.0747509 	
2.73	0.0700721 	-0.118644 	-1.92098 	0.31375 	0.710408 	0.0747383 	
2.735	0.0700525 	-0.118685 	-1.92088 	0.313738 	0.710342 	0.074734 	
2.74	0.0700326 	-0.118726 	-1.92077 	0.313726 	0.710273 	0.0747294 	
2.745	0.0700124 	-0.118768 	-1.92066 	0.313714 	0.710204 	0.0747248 	
2.75	0.0699917 	-0.118811 	-1.92055 	0.313702 	0.710133 	0.07472 	
2.755	0.0699707 	-0.118855 	-1.92044 	0.313689 	0.710061 	0.0747152 	
2.76	0.0699492 	-0.1189 	-1.92032 	0.313676 	0.709987 	0.0747102 	
2.765	0.0699273 	-0.118945 	-1.9202 	0.313663 	0.709912 	0.0747052 	
2.77	0.0699051 	-0.118992 	-1.92008 	0.31365 	0.709836 	0.0747001 	
2.775	0.0698824 	-0.119039 	-1.91996 	0.313636 	0.709758 	0.0746948 	
2.78	0.0698594 	-0.119087 	-1.91984 	0.313622 	0.709679 	0.0746895 	
2.785	0.0698359 	-0.119136 	-1.91971 	0.313608 	0.709599 	0.0746841 	
2.79	0.0698121 	-0.119186 	-1.91958 	0.313594 	0.709517 	0.0746786 	
2.795	0.0697878 	-0.119236 	-1.91945 	0.313579 	0.709434 	0.0746731 	
2.8	0.0697632 	-0.119287 	-1.91932 	0.313564 	0.709349 	0.0746674 	
2.805	0.0697382 	-0.11934 	-1.91918 	0.313549 	0.709263 	0.0746616 	
2.81	0.069597 	-0.119097 	-1.91897 	0.313349 	0.707511 	0.074562 	
2.815	0.0695713 	-0.119151 	-1.91883 	0.313333 	0.707423 	0.0745561 	
2.82	0.0695451 	-0.119206 	-1.91869 	0.313318 	0.707333 	0.0745501 	
2.825	0.0695186 	-0.119261 	-1.91854 	0.313302 	0.707242 	0.074544 	
2.83	0.0694917 	-0.119318 	-1.9184 	0.313286 	0.707149 	0.0745378 	
2.835	0.0694645 	-0.119375 	-1.91825 	0.313269 	0.707055 	0.0745315 	
2.84	0.0694368 	-0.119432 	-1.9181 	0.313253 	0.70696 	0.0745252 	
2.845	0.0694088 	-0.119491 	-1.91795 	0.313236 	0.706864 	0.0745187 	
2.85	0.0693804 	-0.119551 	-1.9178 	0.313219 	0.706766 	0.0745122 	
2.855	0.0693516 	-0.119611 	-1.91764 	0.313202 	0.706667 	0.0745055 	
2.86	0.0693225 	-0.119672 	-1.91748 	0.313184 	0.706567 	0.0744988 	
2.865	0.069293 	-0.119734 	-1.91732 	0.313166 	0.706466 	0.074492 	
2.87	0.0692632 	-0.119796 	-1.91716 	0.313149 	0.706363 	0.0744851 	
2.875	0.0691147 	-0.119561 	-1.91692 	0.312938 	0.704572 	0.0743768 	
2.88	0.0690841 	-0.119626 	-1.91675 	0.31292 	0.704467 	0.0743698 	
2.885	0.0690532 	-0.119691 	-1.91658 	0.312901 	0.70436 	0.0743627 	
2.89	0.069022 	-0.119756 	-1.91641 	0.312883 	0.704253 	0.0743555 	
2.895	0.0689903 	-0.119823 	-1.91624 	0.312864 	0.704144 	0.0743482 	
2.9	0.0689584 	-0.11989 	-1.91607 	0.312845 	0.704033 	0.0743408 	
2.905	0.0689261 	-0.119958 	-1.91589 	0.312825 	0.703922 	0.0743334 	
2.91	0.0688934 	-0.120027 	-1.91572 	0.312806 	0.703809 	0.0743259 	
2.915	0.0688604 	-0.120096 	-1.91554 	0.312786 	0.703696 	0.0743182 	
2.92	0.0688271 	-0.120166 	-1.91535 	0.312766 	0.703581 	0.0743105 	
2.925	0.0687818 	-0.120224 	-1.91519 	0.312751 	0.703467 	0.0743179 	
2.93	0.0686316 	-0.120004 	-1.91493 	0.312542 	0.701693 	0.0742109 	
2.935	0.0685973 	-0.120077 	-1.91474 	0.312521 	0.701575 	0.074203 	
2.94	0.0685626 	-0.12015 	-1.91455 	0.312501 	0.701455 	0.074195 	
2.945	0.0685276 	-0.120224 	-1.91436 	0.31248 	0.701334 	0.0741869 	
2.95	0.0684923 	-0.120298 	-1.91417 	0.312459 	0.701212 	0.0741788 	
2.955	0.0684566 	-0.120373 	-1.91397 	0.312438 	0.701089 	0.0741706 	
2.96	0.0684207 	-0.120449 	-1.91378 	0.312416 	0.700964 	0.0741623 	
2.965	0.0683844 	-0.120526 	-1.91358 	0.312395 	0.700839 	0.0741539 	
2.97	0.0683478 	-0.120603 	-1.91338 	0.312373 	0.700712 	0.0741454 	
2.975	0.0683109 	-0.120681 	-1.91318 	0.312351 	0.700585 	0.0741369 	
2.98	0.0681569 	-0.120468 	-1.9129 	0.31214 	0.698788 	0.0740289 	
2.985	0.0681194 	-0.120547 	-1.91269 	0.312117 	0.698658 	0.0740203 	
2.99	0.0680816 	-0.120627 	-1.91248 	0.312095 	0.698527 	0.0740116 	
2.995	0.0680434 	-0.120708 	-1.91228 	0.312072 	0.698395 	0.0740028 	
3	0.068005 	-0.12079 	-1.91207 	0.312049 	0.698262 	0.0739939 	
3.005	0.0679662 	-0.120872 	-1.91185 	0.312026 	0.698128 	0.073985 	
3.01	0.0679272 	-0.120955 	-1.91164 	0.312003 	0.697993 	0.073976 	
3.015	0.0678879 	-0.121038 	-1.91142 	0.31198 	0.697856 	0.0739669 	
3.02	0.0678482 	-0.121122 	-1.91121 	0.311956 	0.697719 	0.0739577 	
3.025	0.0678083 	-0.121207 	-1.91099 	0.311933 	0.697581 	0.0739485 	
3.03	0.0676422 	-0.120977 	-1.91068 	0.311706 	0.695639 	0.0738327 	
3.035	0.0676018 	-0.121063 	-1.91046 	0.311682 	0.695499 	0.0738234 	
3.04	0.067561 	-0.12115 	-1.91024 	0.311658 	0.695358 	0.073814 	
3.045	0.06752 	-0.121237 	-1.91001 	0.311633 	0.695215 	0.0738045 	
3.05	0.0674787 	-0.121325 	-1.90978 	0.311609 	0.695072 	0.073795 	
3.055	0.06744 	-0.121417 	-1.90955 	0.311583 	0.694927 	0.0737817 	
3.06	0.0673982 	-0.121506 	-1.90932 	0.311558 	0.694781 	0.0737719 	
3.065	0.067356 	-0.121596 	-1.90909 	0.311533 	0.694635 	0.0737622 	
3.07	0.0673137 	-0.121687 	-1.90886 	0.311508 	0.694488 	0.0737524 	
3.075	0.0671485 	-0.121471 	-1.90854 	0.311286 	0.692582 	0.0736396 	
3.08	0.0671056 	-0.121563 	-1.9083 	0.311261 	0.692433 	0.0736297 	
3.085	0.0670625 	-0.121655 	-1.90806 	0.311236 	0.692283 	0.0736198 	
3.09	0.0670191 	-0.121748 	-1.90783 	0.31121 	0.692132 	0.0736098 	
3.095	0.0669754 	-0.121841 	-1.90759 	0.311184 	0.69198 	0.0735997 	
3.1	0.0669316 	-0.121935 	-1.90734 	0.311158 	0.691827 	0.0735895 	
3.105	0.0668874 	-0.12203 	-1.9071 	0.311132 	0.691674 	0.0735793 	
3.11	0.0668431 	-0.122125 	-1.90686 	0.311106 	0.691519 	0.0735691 	
3.115	0.0666832 	-0.121933 	-1.90653 	0.310895 	0.689709 	0.0734626 	
3.12	0.0666384 	-0.122029 	-1.90628 	0.310869 	0.689553 	0.0734523 	
3.125	0.0665933 	-0.122126 	-1.90603 	0.310842 	0.689395 	0.0734419 	
3.13	0.0665481 	-0.122223 	-1.90578 	0.310816 	0.689237 	0.0734314 	
3.135	0.0665025 	-0.122321 	-1.90553 	0.310789 	0.689079 	0.0734209 	
3.14	0.0664568 	-0.12242 	-1.90528 	0.310762 	0.688919 	0.0734103 	
3.145	0.0664109 	-0.122518 	-1.90502 	0.310735 	0.688759 	0.0733997 	
3.15	0.0663647 	-0.122618 	-1.90477 	0.310708 	0.688597 	0.073389 	
3.155	0.0661993 	-0.122422 	-1.90443 	0.310491 	0.686724 	0.0732796 	
3.16	0.0661527 	-0.122522 	-1.90417 	0.310464 	0.686561 	0.0732689 	
3.165	0.0661059 	-0.122623 	-1.90391 	0.310436 	0.686398 	0.073258 	
3.17	0.066059 	-0.122724 	-1.90365 	0.310409 	0.686233 	0.0732472 	
3.175	0.0660118 	-0.122826 	-1.90339 	0.310381 	0.686068 	0.0732363 	
3.18	0.0659644 	-0.122928 	-1.90312 	0.310353 	0.685903 	0.0732253 	
3.185	0.0659168 	-0.123031 	-1.90286 	0.310325 	0.685736 	0.0732143 	
3.19	0.065869 	-0.123134 	-1.90259 	0.310297 	0.685569 	0.0732032 	
3.195	0.0656976 	-0.122932 	-1.90224 	0.310073 	0.683623 	0.0730905 	
3.2	0.0656495 	-0.123036 	-1.90197 	0.310045 	0.683455 	0.0730794 	
3.205	0.0656012 	-0.123141 	-1.9017 	0.310017 	0.683285 	0.0730682 	
3.21	0.0655527 	-0.123246 	-1.90143 	0.309988 	0.683115 	0.073057 	
3.215	0.065504 	-0.123351 	-1.90116 	0.30996 	0.682945 	0.0730457 	
3.22	0.0654552 	-0.123457 	-1.90089 	0.309931 	0.682773 	0.0730344 	
3.225	0.0654062 	-0.123564 	-1.90062 	0.309903 	0.682601 	0.073023 	
3.23	0.065357 	-0.123671 	-1.90034 	0.309874 	0.682429 	0.0730116 	
3.235	0.0651802 	-0.123462 	-1.89997 	0.309644 	0.680418 	0.072896 	
3.24	0.0651307 	-0.12357 	-1.8997 	0.309615 	0.680244 	0.0728845 	
3.245	0.0650811 	-0.123678 	-1.89942 	0.309586 	0.680069 	0.072873 	
3.25	0.0650497 	-0.123807 	-1.89911 	0.30955 	0.679891 	0.0728376 	
3.255	0.065 	-0.123916 	-1.89883 	0.309521 	0.679715 	0.0728258 	
3.26	0.0649499 	-0.124025 	-1.89855 	0.309492 	0.679539 	0.0728142 	
3.265	0.0648996 	-0.124135 	-1.89827 	0.309462 	0.679362 	0.0728025 	
3.27	0.0647333 	-0.123958 	-1.8979 	0.30925 	0.677509 	0.0726967 	
3.275	0.0646828 	-0.124068 	-1.89762 	0.309221 	0.677331 	0.0726851 	
3.28	0.0646321 	-0.124179 	-1.89734 	0.309192 	0.677153 	0.0726733 	
3.285	0.0645814 	-0.12429 	-1.89705 	0.309162 	0.676974 	0.0726615 	
3.29	0.0645305 	-0.124401 	-1.89677 	0.309133 	0.676794 	0.0726497 	
3.295	0.0644795 	-0.124513 	-1.89648 	0.309103 	0.676614 	0.0726379 	
3.3	0.0644283 	-0.124625 	-1.8962 	0.309073 	0.676434 	0.072626 	
3.305	0.0642601 	-0.124449 	-1.89582 	0.30886 	0.674562 	0.0725199 	
3.31	0.0642088 	-0.124562 	-1.89553 	0.30883 	0.674381 	0.072508 	
3.315	0.0641573 	-0.124675 	-1.89524 	0.308801 	0.674199 	0.072496 	
3.32	0.0641057 	-0.124788 	-1.89495 	0.308771 	0.674017 	0.072484 	
3.325	0.0640541 	-0.124901 	-1.89466 	0.308741 	0.673834 	0.072472 	
3.33	0.0640023 	-0.125015 	-1.89437 	0.308711 	0.673651 	0.07246 	
3.335	0.0639504 	-0.125129 	-1.89408 	0.308681 	0.673468 	0.0724479 	
3.34	0.0637797 	-0.124952 	-1.8937 	0.308465 	0.671564 	0.0723408 	
3.345	0.0637276 	-0.125066 	-1.8934 	0.308435 	0.67138 	0.0723287 	
3.35	0.0636755 	-0.125181 	-1.89311 	0.308405 	0.671195 	0.0723166 	
3.355	0.0636233 	-0.125297 	-1.89281 	0.308375 	0.67101 	0.0723045 	
3.36	0.063571 	-0.125412 	-1.89252 	0.308345 	0.670825 	0.0722923 	
3.365	0.0635186 	-0.125528 	-1.89222 	0.308314 	0.670639 	0.0722801 	
3.37	0.0634661 	-0.125644 	-1.89193 	0.308284 	0.670453 	0.0722679 	
3.375	0.0632933 	-0.125464 	-1.89154 	0.308067 	0.668522 	0.07216 	
3.38	0.0632407 	-0.125581 	-1.89124 	0.308036 	0.668336 	0.0721478 	
3.385	0.0631881 	-0.125697 	-1.89094 	0.308006 	0.668149 	0.0721356 	
3.39	0.0631354 	-0.125814 	-1.89064 	0.307976 	0.667962 	0.0721233 	
3.395	0.0630826 	-0.125931 	-1.89035 	0.307945 	0.667774 	0.072111 	
3.4	0.0630298 	-0.126048 	-1.89005 	0.307915 	0.667587 	0.0720987 	
3.405	0.0629769 	-0.126166 	-1.88975 	0.307885 	0.667399 	0.0720864 	
3.41	0.0627997 	-0.125982 	-1.88936 	0.307667 	0.665446 	0.0719818 	
3.415	0.0627467 	-0.1261 	-1.88906 	0.307636 	0.665258 	0.0719695 	
3.42	0.0626938 	-0.126218 	-1.88876 	0.307606 	0.665069 	0.0719571 	
3.425	0.0626407 	-0.126336 	-1.88845 	0.307576 	0.66488 	0.0719448 	
3.43	0.0625877 	-0.126454 	-1.88815 	0.307545 	0.664692 	0.0719324 	
3.435	0.0625346 	-0.126572 	-1.88785 	0.307515 	0.664502 	0.07192 	
3.44	0.0624815 	-0.126691 	-1.88755 	0.307484 	0.664313 	0.0719076 	
3.445	0.062306 	-0.12651 	-1.88715 	0.307265 	0.662344 	0.0717993 	
3.45	0.0622529 	-0.126629 	-1.88685 	0.307234 	0.662154 	0.0717869 	
3.455	0.0621997 	-0.126748 	-1.88654 	0.307204 	0.661965 	0.0717746 	
3.46	0.0621465 	-0.126867 	-1.88624 	0.307174 	0.661775 	0.0717621 	
3.465	0.0620933 	-0.126986 	-1.88594 	0.307143 	0.661585 	0.0717497 	
3.47	0.0620401 	-0.127105 	-1.88564 	0.307113 	0.661395 	0.0717373 	
3.475	0.0619869 	-0.127224 	-1.88533 	0.307082 	0.661205 	0.0717249 	
3.48	0.0618109 	-0.127044 	-1.88493 	0.306863 	0.659226 	0.0716169 	
3.485	0.0617577 	-0.127163 	-1.88462 	0.306833 	0.659036 	0.0716044 	
3.49	0.0617046 	-0.127282 	-1.88432 	0.306802 	0.658845 	0.071592 	
3.495	0.0616514 	-0.127402 	-1.88402 	0.306772 	0.658655 	0.0715796 	
3.5	0.0615982 	-0.127521 	-1.88371 	0.306742 	0.658465 	0.0715672 	
3.505	0.0615451 	-0.127641 	-1.88341 	0.306712 	0.658275 	0.0715548 	
3.51	0.061492 	-0.12776 	-1.88311 	0.306681 	0.658084 	0.0715423 	
3.515	0.061316 	-0.127581 	-1.8827 	0.306463 	0.656101 	0.0714349 	
3.52	0.0612629 	-0.1277 	-1.8824 	0.306433 	0.655911 	0.0714225 	
3.525	0.0612099 	-0.12782 	-1.88209 	0.306403 	0.655721 	0.0714101 	
3.53	0.0611569 	-0.12794 	-1.88179 	0.306372 	0.655531 	0.0713977 	
3.535	0.0611039 	-0.128059 	-1.88148 	0.306342 	0.655341 	0.0713853 	
3.54	0.061051 	-0.128179 	-1.88118 	0.306312 	0.655151 	0.0713729 	
3.545	0.0609981 	-0.128298 	-1.88088 	0.306282 	0.654961 	0.0713605 	
3.55	0.0608227 	-0.12812 	-1.88047 	0.306065 	0.65298 	0.0712541 	
3.555	0.0607699 	-0.12824 	-1.88017 	0.306035 	0.65279 	0.0712418 	
3.56	0.0607172 	-0.128359 	-1.87986 	0.306005 	0.6526 	0.0712294 	
3.565	0.0606645 	-0.128478 	-1.87956 	0.305976 	0.652411 	0.0712171 	
3.57	0.0606119 	-0.128598 	-1.87926 	0.305946 	0.652222 	0.0712048 	
3.575	0.0605594 	-0.128717 	-1.87896 	0.305916 	0.652033 	0.0711924 	
3.58	0.0605069 	-0.128836 	-1.87865 	0.305886 	0.651844 	0.0711801 	
3.585	0.0603325 	-0.12866 	-1.87825 	0.305671 	0.649871 	0.0710749 	
3.59	0.0602802 	-0.128779 	-1.87795 	0.305642 	0.649682 	0.0710627 	
3.595	0.060228 	-0.128898 	-1.87765 	0.305612 	0.649494 	0.0710504 	
3.6	0.0601758 	-0.129017 	-1.87734 	0.305583 	0.649306 	0.0710382 	
3.605	0.0601073 	-0.129117 	-1.87707 	0.305559 	0.649121 	0.0710467 	
3.61	0.0600551 	-0.129236 	-1.87677 	0.30553 	0.648933 	0.0710347 	
3.615	0.0600032 	-0.129354 	-1.87647 	0.305501 	0.648746 	0.0710225 	
3.62	0.0598305 	-0.12918 	-1.87607 	0.305288 	0.646787 	0.0709189 	
3.625	0.0597787 	-0.129298 	-1.87577 	0.305259 	0.6466 	0.0709067 	
3.63	0.0597271 	-0.129416 	-1.87547 	0.30523 	0.646413 	0.0708946 	
3.635	0.0596756 	-0.129534 	-1.87517 	0.305201 	0.646227 	0.0708825 	
3.64	0.0596241 	-0.129652 	-1.87487 	0.305172 	0.646041 	0.0708704 	
3.645	0.0595728 	-0.129769 	-1.87457 	0.305144 	0.645856 	0.0708583 	
3.65	0.0595216 	-0.129887 	-1.87428 	0.305115 	0.64567 	0.0708462 	
3.655	0.059351 	-0.129716 	-1.87388 	0.304906 	0.643731 	0.0707444 	
3.66	0.0593 	-0.129833 	-1.87358 	0.304877 	0.643547 	0.0707325 	
3.665	0.0592491 	-0.12995 	-1.87328 	0.304849 	0.643363 	0.0707205 	
3.67	0.0591984 	-0.130066 	-1.87299 	0.30482 	0.643179 	0.0707086 	
3.675	0.0591478 	-0.130182 	-1.8727 	0.304792 	0.642995 	0.0706966 	
3.68	0.0590973 	-0.130298 	-1.8724 	0.304764 	0.642812 	0.0706847 	
3.685	0.0590469 	-0.130414 	-1.87211 	0.304735 	0.64263 	0.0706729 	
3.69	0.0588789 	-0.130247 	-1.87171 	0.30453 	0.640717 	0.0705732 	
3.695	0.0588289 	-0.130362 	-1.87142 	0.304502 	0.640535 	0.0705614 	
3.7	0.0587789 	-0.130477 	-1.87113 	0.304474 	0.640354 	0.0705496 	
3.705	0.0587292 	-0.130592 	-1.87084 	0.304446 	0.640173 	0.0705379 	
3.71	0.0586795 	-0.130707 	-1.87055 	0.304419 	0.639992 	0.0705262 	
3.715	0.05863 	-0.130821 	-1.87026 	0.304391 	0.639812 	0.0705145 	
3.72	0.0585807 	-0.130935 	-1.86997 	0.304364 	0.639633 	0.0705028 	
3.725	0.0584158 	-0.130771 	-1.86958 	0.304163 	0.637752 	0.0704056 	
3.73	0.0583668 	-0.130885 	-1.8693 	0.304136 	0.637574 	0.070394 	
3.735	0.0583179 	-0.130998 	-1.86901 	0.304108 	0.637396 	0.0703825 	
3.74	0.0582692 	-0.131111 	-1.86873 	0.304081 	0.637219 	0.070371 	
3.745	0.0582207 	-0.131223 	-1.86844 	0.304054 	0.637042 	0.0703595 	
3.75	0.0581723 	-0.131335 	-1.86816 	0.304027 	0.636866 	0.0703481 	
3.755	0.0581241 	-0.131447 	-1.86788 	0.304 	0.63669 	0.0703367 	
3.76	0.0579629 	-0.131288 	-1.86749 	0.303805 	0.634847 	0.070242 	
3.765	0.057915 	-0.131399 	-1.86721 	0.303778 	0.634672 	0.0702307 	
3.77	0.0578674 	-0.13151 	-1.86693 	0.303752 	0.634498 	0.0702195 	
3.775	0.0578199 	-0.13162 	-1.86665 	0.303725 	0.634325 	0.0702082 	
3.78	0.0577775 	-0.131735 	-1.86637 	0.303698 	0.634151 	0.0701909 	
3.785	0.0577305 	-0.131845 	-1.86609 	0.303671 	0.633979 	0.0701797 	
3.79	0.0576836 	-0.131954 	-1.86582 	0.303645 	0.633808 	0.0701685 	
3.795	0.0576369 	-0.132063 	-1.86554 	0.30362 	0.633637 	0.0701575 	
3.8	0.057466 	-0.131875 	-1.86516 	0.303409 	0.631632 	0.0700556 	
3.805	0.0574197 	-0.131983 	-1.86488 	0.303383 	0.631463 	0.0700446 	
3.81	0.0573736 	-0.13209 	-1.86461 	0.303358 	0.631294 	0.0700337 	
3.815	0.0573277 	-0.132198 	-1.86434 	0.303332 	0.631126 	0.0700228 	
3.82	0.057282 	-0.132304 	-1.86407 	0.303307 	0.630959 	0.070012 	
3.825	0.0572366 	-0.132411 	-1.86381 	0.303282 	0.630793 	0.0700012 	
3.83	0.0571913 	-0.132517 	-1.86354 	0.303257 	0.630627 	0.0699905 	
3.835	0.0571463 	-0.132622 	-1.86327 	0.303232 	0.630462 	0.0699798 	
3.84	0.0569797 	-0.132437 	-1.8629 	0.303027 	0.628499 	0.0698809 	
3.845	0.0569351 	-0.132542 	-1.86263 	0.303002 	0.628335 	0.0698703 	
3.85	0.0568907 	-0.132646 	-1.86237 	0.302978 	0.628173 	0.0698598 	
3.855	0.0568466 	-0.13275 	-1.86211 	0.302954 	0.628011 	0.0698493 	
3.86	0.0568027 	-0.132853 	-1.86185 	0.302929 	0.62785 	0.0698389 	
3.865	0.056759 	-0.132955 	-1.86159 	0.302905 	0.627689 	0.0698285 	
3.87	0.0567156 	-0.133057 	-1.86134 	0.302881 	0.62753 	0.0698181 	
3.875	0.0566724 	-0.133159 	-1.86108 	0.302858 	0.627371 	0.0698079 	
3.88	0.0565121 	-0.132982 	-1.86071 	0.302661 	0.625477 	0.0697132 	
3.885	0.0564693 	-0.133082 	-1.86046 	0.302637 	0.62532 	0.0697031 	
3.89	0.0564269 	-0.133182 	-1.86021 	0.302614 	0.625164 	0.069693 	
3.895	0.0563846 	-0.133282 	-1.85996 	0.302591 	0.625009 	0.0696829 	
3.9	0.0563427 	-0.133381 	-1.85971 	0.302568 	0.624855 	0.0696729 	
3.905	0.0563009 	-0.133479 	-1.85946 	0.302545 	0.624701 	0.069663 	
3.91	0.0562595 	-0.133577 	-1.85922 	0.302522 	0.624548 	0.0696531 	
3.915	0.0562182 	-0.133674 	-1.85897 	0.3025 	0.624397 	0.0696433 	
3.92	0.056065 	-0.133505 	-1.85862 	0.302312 	0.622582 	0.0695533 	
3.925	0.0560243 	-0.133601 	-1.85838 	0.30229 	0.622432 	0.0695436 	
3.93	0.0559839 	-0.133697 	-1.85814 	0.302268 	0.622283 	0.069534 	
3.935	0.0559437 	-0.133792 	-1.8579 	0.302246 	0.622135 	0.0695244 	
3.94	0.0559038 	-0.133886 	-1.85767 	0.302224 	0.621988 	0.0695149 	
3.945	0.0558642 	-0.13398 	-1.85743 	0.302202 	0.621842 	0.0695054 	
3.95	0.0558249 	-0.134073 	-1.8572 	0.302181 	0.621697 	0.0694961 	
3.955	0.0557856 	-0.134166 	-1.85696 	0.302159 	0.621553 	0.069487 	
3.96	0.0557468 	-0.134258 	-1.85673 	0.302138 	0.621409 	0.0694777 	
3.965	0.0555898 	-0.13407 	-1.85639 	0.301944 	0.61951 	0.0693844 	
3.97	0.0555516 	-0.13416 	-1.85616 	0.301923 	0.619369 	0.0693753 	
3.975	0.0555136 	-0.13425 	-1.85594 	0.301902 	0.619229 	0.0693663 	
3.98	0.055476 	-0.13434 	-1.85571 	0.301881 	0.61909 	0.0693573 	
3.985	0.0554386 	-0.134429 	-1.85549 	0.301861 	0.618952 	0.0693484 	
3.99	0.0554015 	-0.134517 	-1.85527 	0.301841 	0.618815 	0.0693395 	
3.995	0.0553647 	-0.134604 	-1.85505 	0.301821 	0.618679 	0.0693307 	
4	0.0553282 	-0.134691 	-1.85483 	0.301801 	0.618544 	0.069322 	
4.005	0.055292 	-0.134777 	-1.85461 	0.301781 	0.61841 	0.0693133 	
4.01	0.0551439 	-0.134599 	-1.85429 	0.301598 	0.616609 	0.0692256 	
4.015	0.0551083 	-0.134683 	-1.85408 	0.301578 	0.616478 	0.0692171 	
4.02	0.055073 	-0.134768 	-1.85387 	0.301559 	0.616347 	0.0692087 	
4.025	0.055038 	-0.134851 	-1.85366 	0.30154 	0.616217 	0.0692003 	
4.03	0.0550034 	-0.134934 	-1.85345 	0.301521 	0.616089 	0.069192 	
4.035	0.054969 	-0.135016 	-1.85324 	0.301503 	0.615962 	0.0691838 	
4.04	0.0549349 	-0.135097 	-1.85304 	0.301484 	0.615835 	0.0691756 	
4.045	0.0549012 	-0.135178 	-1.85284 	0.301466 	0.61571 	0.0691676 	
4.05	0.0548678 	-0.135258 	-1.85264 	0.301448 	0.615586 	0.0691595 	
4.055	0.0548346 	-0.135337 	-1.85244 	0.30143 	0.615463 	0.0691516 	
4.06	0.0546876 	-0.135147 	-1.85213 	0.301246 	0.613642 	0.0690637 	
4.065	0.0546551 	-0.135225 	-1.85193 	0.301228 	0.613522 	0.069056 	
4.07	0.054623 	-0.135302 	-1.85174 	0.301211 	0.613403 	0.0690483 	
4.075	0.0545912 	-0.135378 	-1.85155 	0.301193 	0.613284 	0.0690406 	
4.08	0.0545597 	-0.135453 	-1.85136 	0.301176 	0.613168 	0.0690331 	
4.085	0.0545285 	-0.135528 	-1.85117 	0.301159 	0.613052 	0.0690256 	
4.09	0.0544977 	-0.135602 	-1.85099 	0.301143 	0.612937 	0.0690182 	
4.095	0.0544672 	-0.135675 	-1.85081 	0.301126 	0.612824 	0.0690109 	
4.1	0.0544399 	-0.135751 	-1.85062 	0.301109 	0.612711 	0.0690001 	
4.105	0.05441 	-0.135822 	-1.85044 	0.301093 	0.6126 	0.0689929 	
4.11	0.0543805 	-0.135893 	-1.85026 	0.301077 	0.61249 	0.0689858 	
4.115	0.0542377 	-0.135697 	-1.84997 	0.300896 	0.610689 	0.0688997 	
4.12	0.0542089 	-0.135766 	-1.8498 	0.300881 	0.610582 	0.0688928 	
4.125	0.0541804 	-0.135835 	-1.84963 	0.300865 	0.610476 	0.068886 	
4.13	0.0541522 	-0.135902 	-1.84946 	0.30085 	0.610371 	0.0688792 	
4.135	0.0541244 	-0.135969 	-1.84929 	0.300835 	0.610268 	0.0688726 	
4.14	0.054097 	-0.136035 	-1.84913 	0.30082 	0.610166 	0.068866 	
4.145	0.0540699 	-0.136101 	-1.84896 	0.300806 	0.610065 	0.0688594 	
4.15	0.0540431 	-0.136165 	-1.8488 	0.300791 	0.609965 	0.068853 	
4.155	0.0540167 	-0.136229 	-1.84864 	0.300777 	0.609867 	0.0688467 	
4.16	0.0539907 	-0.136291 	-1.84849 	0.300763 	0.60977 	0.0688404 	
4.165	0.053965 	-0.136353 	-1.84833 	0.300749 	0.609674 	0.0688342 	
4.17	0.0539396 	-0.136414 	-1.84818 	0.300735 	0.609579 	0.0688281 	
4.175	0.0539147 	-0.136475 	-1.84803 	0.300722 	0.609486 	0.0688221 	
4.18	0.0537737 	-0.136262 	-1.84776 	0.300541 	0.607661 	0.0687359 	
4.185	0.0537495 	-0.136321 	-1.84762 	0.300528 	0.60757 	0.06873 	
4.19	0.0537256 	-0.136379 	-1.84747 	0.300515 	0.607481 	0.0687243 	
4.195	0.053702 	-0.136436 	-1.84733 	0.300502 	0.607393 	0.0687186 	
4.2	0.0536788 	-0.136492 	-1.84719 	0.300489 	0.607307 	0.0687131 	
4.205	0.053656 	-0.136547 	-1.84705 	0.300477 	0.607221 	0.0687076 	
4.21	0.0536336 	-0.136601 	-1.84692 	0.300465 	0.607138 	0.0687022 	
4.215	0.0536115 	-0.136654 	-1.84678 	0.300453 	0.607055 	0.0686969 	
4.22	0.0535898 	-0.136707 	-1.84665 	0.300442 	0.606974 	0.0686916 	
4.225	0.0535684 	-0.136758 	-1.84652 	0.30043 	0.606894 	0.0686865 	
4.23	0.0535475 	-0.136809 	-1.8464 	0.300419 	0.606816 	0.0686814 	
4.235	0.0535268 	-0.136859 	-1.84627 	0.300408 	0.606739 	0.0686765 	
4.24	0.0535066 	-0.136908 	-1.84615 	0.300397 	0.606663 	0.0686716 	
4.245	0.0534868 	-0.136956 	-1.84603 	0.300386 	0.606589 	0.0686668 	
4.25	0.0534673 	-0.137003 	-1.84591 	0.300376 	0.606516 	0.0686621 	
4.255	0.0534482 	-0.137049 	-1.8458 	0.300365 	0.606445 	0.0686575 	
4.26	0.0533138 	-0.136826 	-1.84556 	0.300189 	0.604649 	0.0685737 	
4.265	0.0532954 	-0.13687 	-1.84545 	0.300179 	0.60458 	0.0685692 	
4.27	0.0532775 	-0.136914 	-1.84534 	0.300169 	0.604513 	0.0685649 	
4.275	0.0532599 	-0.136956 	-1.84524 	0.30016 	0.604447 	0.0685607 	
4.28	0.0532423 	-0.136998 	-1.84513 	0.300151 	0.604383 	0.068557 	
4.285	0.0532255 	-0.137038 	-1.84503 	0.300142 	0.60432 	0.0685529 	
4.29	0.053209 	-0.137078 	-1.84493 	0.300133 	0.604258 	0.068549 	
4.295	0.053193 	-0.137117 	-1.84484 	0.300124 	0.604198 	0.0685451 	
4.3	0.0531773 	-0.137155 	-1.84474 	0.300116 	0.60414 	0.0685413 	
4.305	0.053162 	-0.137192 	-1.84465 	0.300108 	0.604082 	0.0685376 	
4.31	0.0531471 	-0.137229 	-1.84456 	0.3001 	0.604027 	0.068534 	
4.315	0.0531326 	-0.137264 	-1.84447 	0.300092 	0.603972 	0.0685305 	
4.32	0.0531185 	-0.137298 	-1.84438 	0.300084 	0.603919 	0.0685271 	
4.325	0.0531047 	-0.137332 	-1.8443 	0.300077 	0.603868 	0.0685238 	
4.33	0.0530914 	-0.137364 	-1.84422 	0.30007 	0.603818 	0.0685206 	
4.335	0.0530784 	-0.137395 	-1.84414 	0.300063 	0.60377 	0.0685175 	
4.34	0.0530659 	-0.137426 	-1.84406 	0.300056 	0.603722 	0.0685144 	
4.345	0.0530537 	-0.137456 	-1.84399 	0.30005 	0.603677 	0.0685115 	
4.35	0.0530419 	-0.137484 	-1.84392 	0.300043 	0.603633 	0.0685086 	
4.355	0.0530305 	-0.137512 	-1.84385 	0.300037 	0.60359 	0.0685059 	
4.36	0.0530195 	-0.137539 	-1.84378 	0.300031 	0.603549 	0.0685032 	
4.365	0.0530089 	-0.137564 	-1.84372 	0.300026 	0.603509 	0.0685006 	
4.37	0.0529987 	-0.137589 	-1.84366 	0.30002 	0.603471 	0.0684982 	
4.375	0.0529889 	-0.137613 	-1.8436 	0.300015 	0.603434 	0.0684958 	
4.38	0.0528669 	-0.137375 	-1.84342 	0.299849 	0.601717 	0.0684169 	
4.385	0.0528587 	-0.137395 	-1.84337 	0.299844 	0.601686 	0.0684149 	
4.39	0.0528493 	-0.137418 	-1.84332 	0.299839 	0.601651 	0.0684127 	
4.395	0.0528418 	-0.137436 	-1.84327 	0.299835 	0.601623 	0.0684109 	
4.4	0.052834 	-0.137455 	-1.84322 	0.299831 	0.601594 	0.068409 	
4.405	0.0528266 	-0.137473 	-1.84318 	0.299827 	0.601566 	0.0684072 	
4.41	0.0528195 	-0.13749 	-1.84314 	0.299823 	0.601539 	0.0684055 	
4.415	0.0528128 	-0.137506 	-1.8431 	0.29982 	0.601514 	0.0684039 	
4.42	0.0528066 	-0.137522 	-1.84306 	0.299816 	0.601491 	0.0684023 	
4.425	0.0528007 	-0.137536 	-1.84302 	0.299813 	0.601469 	0.0684009 	
4.43	0.0527952 	-0.137549 	-1.84299 	0.29981 	0.601448 	0.0683996 	
4.435	0.0527902 	-0.137562 	-1.84296 	0.299808 	0.601429 	0.0683984 	
4.44	0.0527855 	-0.137573 	-1.84293 	0.299805 	0.601412 	0.0683973 	
4.445	0.0527812 	-0.137583 	-1.8429 	0.299803 	0.601396 	0.0683962 	
4.45	0.0527774 	-0.137593 	-1.84288 	0.299801 	0.601381 	0.0683953 	
4.455	0.0527739 	-0.137601 	-1.84286 	0.299799 	0.601368 	0.0683945 	
4.46	0.0527666 	-0.137604 	-1.84285 	0.299799 	0.601358 	0.068399 	
4.465	0.0527635 	-0.13761 	-1.84283 	0.299797 	0.601348 	0.0683989 	
4.47	0.0527612 	-0.137615 	-1.84282 	0.299796 	0.601339 	0.0683984 	
4.475	0.0527593 	-0.13762 	-1.84281 	0.299795 	0.601332 	0.068398 	
4.48	0.0527579 	-0.137623 	-1.8428 	0.299794 	0.601327 	0.0683976 	
4.485	0.0527568 	-0.137626 	-1.84279 	0.299794 	0.601323 	0.0683974 	
4.49	0.0527568 	-0.137626 	-1.84279 	0.299794 	0.601323 	0.0683974 	
4.495	0.052756 	-0.137628 	-1.84279 	0.299793 	0.60132 	0.0683972 	
