0	0.310429 	-0.173769 	0.537008 	0.180534 	-1.45468 	-0.24872 	
0.005	0.310429 	-0.173769 	0.537008 	0.180534 	-1.45468 	-0.24872 	
0.01	0.310429 	-0.173769 	0.537008 	0.180534 	-1.45468 	-0.24872 	
0.015	0.31043 	-0.173769 	0.537008 	0.180534 	-1.45468 	-0.24872 	
0.02	0.310431 	-0.173769 	0.537008 	0.180534 	-1.45468 	-0.24872 	
0.025	0.310433 	-0.173769 	0.537009 	0.180534 	-1.45468 	-0.24872 	
0.03	0.310435 	-0.173769 	0.537009 	0.180534 	-1.45468 	-0.24872 	
0.035	0.310438 	-0.173769 	0.53701 	0.180534 	-1.45468 	-0.24872 	
0.04	0.310441 	-0.173769 	0.53701 	0.180534 	-1.45468 	-0.24872 	
0.045	0.310445 	-0.173769 	0.537011 	0.180534 	-1.45468 	-0.24872 	
0.05	0.31045 	-0.173769 	0.537012 	0.180534 	-1.45468 	-0.24872 	
0.055	0.310455 	-0.17377 	0.537013 	0.180534 	-1.45468 	-0.24872 	
0.06	0.310461 	-0.17377 	0.537014 	0.180534 	-1.45468 	-0.24872 	
0.065	0.310467 	-0.17377 	0.537015 	0.180534 	-1.45468 	-0.24872 	
0.07	0.310473 	-0.17377 	0.537016 	0.180534 	-1.45468 	-0.24872 	
0.075	0.310481 	-0.17377 	0.537018 	0.180534 	-1.45468 	-0.24872 	
0.08	0.310488 	-0.17377 	0.537019 	0.180534 	-1.45468 	-0.24872 	
0.085	0.310497 	-0.17377 	0.537021 	0.180534 	-1.45468 	-0.24872 	
0.09	0.310505 	-0.173771 	0.537022 	0.180534 	-1.45468 	-0.24872 	
0.095	0.310516 	-0.173771 	0.537024 	0.180534 	-1.45468 	-0.24872 	
0.1	0.310526 	-0.173771 	0.537026 	0.180534 	-1.45468 	-0.24872 	
0.105	0.310536 	-0.173771 	0.537028 	0.180534 	-1.45468 	-0.24872 	
0.11	0.310547 	-0.173771 	0.53703 	0.180534 	-1.45468 	-0.24872 	
0.115	0.310559 	-0.173772 	0.537032 	0.180534 	-1.45468 	-0.24872 	
0.12	0.310571 	-0.173772 	0.537034 	0.180534 	-1.45468 	-0.24872 	
0.125	0.310583 	-0.173772 	0.537037 	0.180534 	-1.45468 	-0.24872 	
0.13	0.310597 	-0.173772 	0.537039 	0.180534 	-1.45468 	-0.24872 	
0.135	0.31061 	-0.173773 	0.537042 	0.180534 	-1.45468 	-0.24872 	
0.14	0.310624 	-0.173773 	0.537044 	0.180534 	-1.45468 	-0.24872 	
0.145	0.310639 	-0.173773 	0.537047 	0.180534 	-1.45468 	-0.24872 	
0.15	0.310654 	-0.173774 	0.53705 	0.180534 	-1.45468 	-0.24872 	
0.155	0.31067 	-0.173774 	0.537053 	0.180534 	-1.45468 	-0.24872 	
0.16	0.310687 	-0.173774 	0.537056 	0.180534 	-1.45468 	-0.24872 	
0.165	0.310641 	-0.173759 	0.53704 	0.178912 	-1.45354 	-0.246485 	
0.17	0.310658 	-0.173759 	0.537043 	0.178912 	-1.45354 	-0.246485 	
0.175	0.310676 	-0.17376 	0.537047 	0.178912 	-1.45354 	-0.246485 	
0.18	0.310695 	-0.17376 	0.53705 	0.178912 	-1.45354 	-0.246485 	
0.185	0.310714 	-0.17376 	0.537054 	0.178912 	-1.45354 	-0.246485 	
0.19	0.310733 	-0.173761 	0.537057 	0.178912 	-1.45354 	-0.246485 	
0.195	0.310753 	-0.173761 	0.537061 	0.178912 	-1.45354 	-0.246485 	
0.2	0.310774 	-0.173762 	0.537065 	0.178912 	-1.45354 	-0.246485 	
0.205	0.310795 	-0.173762 	0.537069 	0.178912 	-1.45354 	-0.246485 	
0.21	0.310816 	-0.173762 	0.537073 	0.178912 	-1.45354 	-0.246485 	
0.215	0.310839 	-0.173763 	0.537077 	0.178912 	-1.45354 	-0.246485 	
0.22	0.310861 	-0.173763 	0.537081 	0.178912 	-1.45354 	-0.246485 	
0.225	0.310823 	-0.173749 	0.537066 	0.177313 	-1.45242 	-0.244282 	
0.23	0.310846 	-0.173749 	0.537071 	0.177313 	-1.45242 	-0.244282 	
0.235	0.310871 	-0.173749 	0.537075 	0.177313 	-1.45242 	-0.244282 	
0.24	0.310895 	-0.17375 	0.53708 	0.177313 	-1.45242 	-0.244282 	
0.245	0.310921 	-0.17375 	0.537085 	0.177313 	-1.45242 	-0.244282 	
0.25	0.310946 	-0.173751 	0.537089 	0.177313 	-1.45242 	-0.244282 	
0.255	0.310973 	-0.173751 	0.537094 	0.177313 	-1.45242 	-0.244282 	
0.26	0.310999 	-0.173752 	0.537099 	0.177313 	-1.45242 	-0.244282 	
0.265	0.311027 	-0.173752 	0.537104 	0.177313 	-1.45242 	-0.244282 	
0.27	0.311054 	-0.173753 	0.537109 	0.177313 	-1.45242 	-0.244282 	
0.275	0.311017 	-0.173738 	0.537095 	0.175618 	-1.45123 	-0.241947 	
0.28	0.311046 	-0.173738 	0.5371 	0.175618 	-1.45123 	-0.241947 	
0.285	0.311076 	-0.173739 	0.537106 	0.175618 	-1.45123 	-0.241947 	
0.29	0.311105 	-0.173739 	0.537111 	0.175618 	-1.45123 	-0.241947 	
0.295	0.311136 	-0.17374 	0.537117 	0.175618 	-1.45123 	-0.241947 	
0.3	0.311167 	-0.17374 	0.537122 	0.175618 	-1.45123 	-0.241947 	
0.305	0.311198 	-0.173741 	0.537128 	0.175618 	-1.45123 	-0.241947 	
0.31	0.31123 	-0.173741 	0.537134 	0.175618 	-1.45123 	-0.241947 	
0.315	0.3112 	-0.173727 	0.537121 	0.174005 	-1.4501 	-0.239725 	
0.32	0.311233 	-0.173728 	0.537127 	0.174005 	-1.4501 	-0.239725 	
0.325	0.311266 	-0.173728 	0.537134 	0.174005 	-1.4501 	-0.239725 	
0.33	0.3113 	-0.173729 	0.53714 	0.174005 	-1.4501 	-0.239725 	
0.335	0.311334 	-0.173729 	0.537146 	0.174005 	-1.4501 	-0.239725 	
0.34	0.311369 	-0.17373 	0.537153 	0.174005 	-1.4501 	-0.239725 	
0.345	0.311404 	-0.17373 	0.537159 	0.174005 	-1.4501 	-0.239725 	
0.35	0.311379 	-0.173717 	0.537147 	0.172425 	-1.44899 	-0.237548 	
0.355	0.311416 	-0.173717 	0.537154 	0.172425 	-1.44899 	-0.237548 	
0.36	0.311452 	-0.173718 	0.537161 	0.172425 	-1.44899 	-0.237548 	
0.365	0.31149 	-0.173719 	0.537168 	0.172425 	-1.44899 	-0.237548 	
0.37	0.311527 	-0.173719 	0.537175 	0.172425 	-1.44899 	-0.237548 	
0.375	0.311566 	-0.17372 	0.537182 	0.172425 	-1.44899 	-0.237548 	
0.38	0.311604 	-0.17372 	0.537189 	0.172425 	-1.44899 	-0.237548 	
0.385	0.311577 	-0.173706 	0.537176 	0.170708 	-1.44779 	-0.235182 	
0.39	0.311617 	-0.173706 	0.537184 	0.170708 	-1.44779 	-0.235182 	
0.395	0.311657 	-0.173707 	0.537191 	0.170708 	-1.44779 	-0.235182 	
0.4	0.311698 	-0.173707 	0.537198 	0.170708 	-1.44779 	-0.235182 	
0.405	0.311739 	-0.173708 	0.537206 	0.170708 	-1.44779 	-0.235182 	
0.41	0.311781 	-0.173708 	0.537214 	0.170708 	-1.44779 	-0.235182 	
0.415	0.31176 	-0.173695 	0.537203 	0.169088 	-1.44665 	-0.232951 	
0.42	0.311803 	-0.173696 	0.537211 	0.169088 	-1.44665 	-0.232951 	
0.425	0.311846 	-0.173696 	0.537218 	0.169089 	-1.44665 	-0.232951 	
0.43	0.311889 	-0.173697 	0.537226 	0.169089 	-1.44665 	-0.232951 	
0.435	0.311933 	-0.173697 	0.537235 	0.169089 	-1.44665 	-0.232951 	
0.44	0.311978 	-0.173698 	0.537243 	0.169089 	-1.44665 	-0.232951 	
0.445	0.311956 	-0.173684 	0.537231 	0.16738 	-1.44546 	-0.230597 	
0.45	0.312002 	-0.173685 	0.53724 	0.16738 	-1.44546 	-0.230597 	
0.455	0.312047 	-0.173685 	0.537248 	0.16738 	-1.44546 	-0.230597 	
0.46	0.312094 	-0.173686 	0.537257 	0.16738 	-1.44546 	-0.230597 	
0.465	0.312141 	-0.173686 	0.537265 	0.16738 	-1.44546 	-0.230597 	
0.47	0.312188 	-0.173687 	0.537274 	0.16738 	-1.44546 	-0.230597 	
0.475	0.312165 	-0.173672 	0.537262 	0.165564 	-1.44418 	-0.228096 	
0.48	0.312213 	-0.173673 	0.537271 	0.165564 	-1.44418 	-0.228096 	
0.485	0.312262 	-0.173673 	0.537279 	0.165564 	-1.44418 	-0.228096 	
0.49	0.312311 	-0.173674 	0.537288 	0.165564 	-1.44418 	-0.228096 	
0.495	0.31236 	-0.173674 	0.537297 	0.165564 	-1.44418 	-0.228096 	
0.5	0.312347 	-0.173662 	0.537288 	0.163939 	-1.44304 	-0.225857 	
0.505	0.312397 	-0.173662 	0.537297 	0.163939 	-1.44304 	-0.225857 	
0.51	0.312448 	-0.173663 	0.537307 	0.163939 	-1.44304 	-0.225857 	
0.515	0.312499 	-0.173663 	0.537316 	0.163939 	-1.44304 	-0.225857 	
0.52	0.312551 	-0.173664 	0.537325 	0.163939 	-1.44304 	-0.225857 	
0.525	0.312538 	-0.173651 	0.537316 	0.162268 	-1.44187 	-0.223555 	
0.53	0.312591 	-0.173651 	0.537325 	0.162268 	-1.44187 	-0.223555 	
0.535	0.312643 	-0.173652 	0.537335 	0.162268 	-1.44187 	-0.223555 	
0.54	0.312697 	-0.173652 	0.537345 	0.162268 	-1.44187 	-0.223555 	
0.545	0.312751 	-0.173653 	0.537355 	0.162268 	-1.44187 	-0.223555 	
0.55	0.312737 	-0.17364 	0.537345 	0.16053 	-1.44065 	-0.22116 	
0.555	0.312792 	-0.17364 	0.537355 	0.16053 	-1.44065 	-0.22116 	
0.56	0.312847 	-0.17364 	0.537365 	0.16053 	-1.44065 	-0.22116 	
0.565	0.312902 	-0.173641 	0.537375 	0.16053 	-1.44065 	-0.22116 	
0.57	0.312958 	-0.173641 	0.537385 	0.16053 	-1.44065 	-0.22116 	
0.575	0.312944 	-0.173628 	0.537375 	0.158723 	-1.43939 	-0.21867 	
0.58	0.313001 	-0.173628 	0.537385 	0.158723 	-1.43939 	-0.21867 	
0.585	0.313058 	-0.173629 	0.537396 	0.158723 	-1.43939 	-0.21867 	
0.59	0.313116 	-0.173629 	0.537406 	0.158723 	-1.43939 	-0.21867 	
0.595	0.313174 	-0.173629 	0.537417 	0.158723 	-1.43939 	-0.21867 	
0.6	0.313159 	-0.173616 	0.537406 	0.156849 	-1.43807 	-0.216089 	
0.605	0.313218 	-0.173616 	0.537417 	0.156849 	-1.43807 	-0.216089 	
0.61	0.313277 	-0.173616 	0.537428 	0.156849 	-1.43807 	-0.216089 	
0.615	0.313336 	-0.173617 	0.537439 	0.156849 	-1.43807 	-0.216089 	
0.62	0.313335 	-0.173605 	0.537432 	0.155264 	-1.43696 	-0.213905 	
0.625	0.313395 	-0.173606 	0.537443 	0.155264 	-1.43696 	-0.213905 	
0.63	0.313456 	-0.173606 	0.537454 	0.155264 	-1.43696 	-0.213905 	
0.635	0.313517 	-0.173606 	0.537465 	0.155264 	-1.43696 	-0.213905 	
0.64	0.313516 	-0.173595 	0.537458 	0.153672 	-1.43585 	-0.211712 	
0.645	0.313578 	-0.173595 	0.537469 	0.153672 	-1.43585 	-0.211712 	
0.65	0.31364 	-0.173595 	0.537481 	0.153672 	-1.43585 	-0.211712 	
0.655	0.313703 	-0.173596 	0.537492 	0.153672 	-1.43585 	-0.211712 	
0.66	0.313702 	-0.173585 	0.537485 	0.152044 	-1.4347 	-0.209469 	
0.665	0.313766 	-0.173585 	0.537497 	0.152044 	-1.4347 	-0.209469 	
0.67	0.313829 	-0.173585 	0.537508 	0.152044 	-1.4347 	-0.209469 	
0.675	0.313893 	-0.173585 	0.53752 	0.152044 	-1.4347 	-0.209469 	
0.68	0.313893 	-0.173574 	0.537513 	0.150377 	-1.43353 	-0.207173 	
0.685	0.313958 	-0.173574 	0.537525 	0.150377 	-1.43353 	-0.207173 	
0.69	0.314023 	-0.173574 	0.537536 	0.150377 	-1.43353 	-0.207173 	
0.695	0.314088 	-0.173574 	0.537548 	0.150377 	-1.43353 	-0.207173 	
0.7	0.314088 	-0.173563 	0.537541 	0.148673 	-1.43234 	-0.204825 	
0.705	0.314154 	-0.173563 	0.537553 	0.148673 	-1.43234 	-0.204825 	
0.71	0.314221 	-0.173562 	0.537565 	0.148673 	-1.43234 	-0.204825 	
0.715	0.314288 	-0.173562 	0.537577 	0.148673 	-1.43234 	-0.204825 	
0.72	0.314287 	-0.173551 	0.53757 	0.146932 	-1.43112 	-0.202427 	
0.725	0.314354 	-0.173551 	0.537582 	0.146932 	-1.43112 	-0.202427 	
0.73	0.314422 	-0.173551 	0.537595 	0.146932 	-1.43112 	-0.202427 	
0.735	0.314491 	-0.173551 	0.537607 	0.146932 	-1.43112 	-0.202427 	
0.74	0.31449 	-0.17354 	0.5376 	0.145156 	-1.42987 	-0.199979 	
0.745	0.314559 	-0.17354 	0.537612 	0.145156 	-1.42987 	-0.199979 	
0.75	0.314628 	-0.173539 	0.537625 	0.145156 	-1.42987 	-0.199979 	
0.755	0.314698 	-0.173539 	0.537637 	0.145156 	-1.42987 	-0.199979 	
0.76	0.314697 	-0.173528 	0.53763 	0.143345 	-1.4286 	-0.197485 	
0.765	0.314767 	-0.173528 	0.537642 	0.143345 	-1.4286 	-0.197485 	
0.77	0.314837 	-0.173527 	0.537655 	0.143345 	-1.4286 	-0.197485 	
0.775	0.314908 	-0.173527 	0.537668 	0.143345 	-1.4286 	-0.197485 	
0.78	0.314907 	-0.173516 	0.53766 	0.141501 	-1.42731 	-0.194944 	
0.785	0.314979 	-0.173516 	0.537673 	0.141501 	-1.42731 	-0.194944 	
0.79	0.315051 	-0.173515 	0.537686 	0.141501 	-1.42731 	-0.194944 	
0.795	0.315123 	-0.173515 	0.537699 	0.141501 	-1.42731 	-0.194944 	
0.8	0.315122 	-0.173504 	0.537692 	0.139625 	-1.426 	-0.19236 	
0.805	0.315194 	-0.173503 	0.537705 	0.139625 	-1.426 	-0.19236 	
0.81	0.315267 	-0.173503 	0.537718 	0.139625 	-1.426 	-0.19236 	
0.815	0.315341 	-0.173502 	0.537731 	0.139625 	-1.426 	-0.19236 	
0.82	0.315339 	-0.173491 	0.537723 	0.137718 	-1.42466 	-0.189732 	
0.825	0.315413 	-0.173491 	0.537737 	0.137718 	-1.42466 	-0.189732 	
0.83	0.315488 	-0.17349 	0.53775 	0.137718 	-1.42466 	-0.189732 	
0.835	0.315562 	-0.17349 	0.537763 	0.137718 	-1.42466 	-0.189732 	
0.84	0.315561 	-0.173479 	0.537756 	0.135781 	-1.4233 	-0.187064 	
0.845	0.315636 	-0.173478 	0.537769 	0.135781 	-1.4233 	-0.187064 	
0.85	0.315711 	-0.173477 	0.537782 	0.135781 	-1.4233 	-0.187064 	
0.855	0.315787 	-0.173477 	0.537796 	0.135781 	-1.4233 	-0.187064 	
0.86	0.315785 	-0.173466 	0.537788 	0.133816 	-1.42192 	-0.184357 	
0.865	0.315861 	-0.173465 	0.537802 	0.133816 	-1.42192 	-0.184357 	
0.87	0.315938 	-0.173464 	0.537815 	0.133816 	-1.42192 	-0.184357 	
0.875	0.316014 	-0.173464 	0.537829 	0.133816 	-1.42192 	-0.184357 	
0.88	0.316013 	-0.173453 	0.537821 	0.131824 	-1.42053 	-0.181612 	
0.885	0.31609 	-0.173452 	0.537835 	0.131824 	-1.42053 	-0.181612 	
0.89	0.316167 	-0.173451 	0.537849 	0.131824 	-1.42053 	-0.181612 	
0.895	0.316183 	-0.173443 	0.537846 	0.130261 	-1.41943 	-0.179459 	
0.9	0.316261 	-0.173442 	0.53786 	0.130261 	-1.41943 	-0.179459 	
0.905	0.316339 	-0.173441 	0.537873 	0.130261 	-1.41943 	-0.179459 	
0.91	0.316418 	-0.17344 	0.537887 	0.130261 	-1.41943 	-0.179459 	
0.915	0.316418 	-0.17343 	0.53788 	0.12827 	-1.41803 	-0.176715 	
0.92	0.316496 	-0.173429 	0.537894 	0.12827 	-1.41803 	-0.176715 	
0.925	0.316575 	-0.173428 	0.537908 	0.12827 	-1.41803 	-0.176715 	
0.93	0.316592 	-0.17342 	0.537905 	0.126678 	-1.41692 	-0.174523 	
0.935	0.316671 	-0.173419 	0.537919 	0.126678 	-1.41692 	-0.174523 	
0.94	0.316751 	-0.173417 	0.537933 	0.126678 	-1.41692 	-0.174523 	
0.945	0.316769 	-0.17341 	0.537931 	0.125116 	-1.41582 	-0.172371 	
0.95	0.316849 	-0.173408 	0.537945 	0.125116 	-1.41582 	-0.172371 	
0.955	0.31693 	-0.173407 	0.537959 	0.125116 	-1.41582 	-0.172371 	
0.96	0.316948 	-0.173399 	0.537957 	0.123547 	-1.41472 	-0.170209 	
0.965	0.317029 	-0.173398 	0.537971 	0.123547 	-1.41472 	-0.170209 	
0.97	0.31711 	-0.173397 	0.537986 	0.123547 	-1.41472 	-0.170209 	
0.975	0.317129 	-0.173389 	0.537983 	0.121966 	-1.41361 	-0.168031 	
0.98	0.31721 	-0.173388 	0.537998 	0.121966 	-1.41361 	-0.168031 	
0.985	0.317292 	-0.173386 	0.538012 	0.121966 	-1.41361 	-0.168031 	
0.99	0.31731 	-0.173379 	0.53801 	0.120373 	-1.4125 	-0.165837 	
0.995	0.317392 	-0.173377 	0.538024 	0.120373 	-1.4125 	-0.165837 	
1	0.317474 	-0.173376 	0.538039 	0.120373 	-1.4125 	-0.165837 	
1.005	0.317493 	-0.173368 	0.538036 	0.118771 	-1.41137 	-0.163629 	
1.01	0.317576 	-0.173367 	0.538051 	0.118771 	-1.41137 	-0.163629 	
1.015	0.317658 	-0.173365 	0.538065 	0.118771 	-1.41137 	-0.163629 	
1.02	0.317677 	-0.173358 	0.538063 	0.117158 	-1.41024 	-0.161407 	
1.025	0.31776 	-0.173356 	0.538078 	0.117158 	-1.41024 	-0.161407 	
1.03	0.317843 	-0.173354 	0.538092 	0.117158 	-1.41024 	-0.161407 	
1.035	0.317862 	-0.173347 	0.53809 	0.115535 	-1.40911 	-0.159172 	
1.04	0.317946 	-0.173346 	0.538105 	0.115535 	-1.40911 	-0.159172 	
1.045	0.318029 	-0.173344 	0.538119 	0.115535 	-1.40911 	-0.159172 	
1.05	0.318048 	-0.173337 	0.538117 	0.113904 	-1.40796 	-0.156924 	
1.055	0.318132 	-0.173335 	0.538132 	0.113904 	-1.40796 	-0.156924 	
1.06	0.318216 	-0.173333 	0.538146 	0.113904 	-1.40796 	-0.156924 	
1.065	0.318235 	-0.173326 	0.538144 	0.112264 	-1.40681 	-0.154665 	
1.07	0.318319 	-0.173324 	0.538159 	0.112264 	-1.40681 	-0.154665 	
1.075	0.318404 	-0.173322 	0.538174 	0.112264 	-1.40681 	-0.154665 	
1.08	0.318423 	-0.173316 	0.538172 	0.110617 	-1.40566 	-0.152396 	
1.085	0.318508 	-0.173313 	0.538186 	0.110617 	-1.40566 	-0.152396 	
1.09	0.318592 	-0.173311 	0.538201 	0.110617 	-1.40566 	-0.152396 	
1.095	0.318612 	-0.173305 	0.538199 	0.108963 	-1.4045 	-0.150116 	
1.1	0.318697 	-0.173302 	0.538214 	0.108963 	-1.4045 	-0.150116 	
1.105	0.318782 	-0.1733 	0.538229 	0.108963 	-1.4045 	-0.150116 	
1.11	0.318801 	-0.173294 	0.538227 	0.107301 	-1.40333 	-0.147828 	
1.115	0.318886 	-0.173292 	0.538241 	0.107301 	-1.40333 	-0.147828 	
1.12	0.318972 	-0.173289 	0.538256 	0.107301 	-1.40333 	-0.147828 	
1.125	0.318991 	-0.173283 	0.538254 	0.105634 	-1.40216 	-0.145531 	
1.13	0.319077 	-0.173281 	0.538269 	0.105634 	-1.40216 	-0.145531 	
1.135	0.319162 	-0.173278 	0.538284 	0.105634 	-1.40216 	-0.145531 	
1.14	0.319182 	-0.173272 	0.538282 	0.103962 	-1.40099 	-0.143227 	
1.145	0.319268 	-0.17327 	0.538297 	0.103962 	-1.40099 	-0.143227 	
1.15	0.319354 	-0.173267 	0.538312 	0.103962 	-1.40099 	-0.143227 	
1.155	0.319373 	-0.173261 	0.53831 	0.102284 	-1.39981 	-0.140916 	
1.16	0.319459 	-0.173259 	0.538325 	0.102284 	-1.39981 	-0.140916 	
1.165	0.319545 	-0.173256 	0.538339 	0.102284 	-1.39981 	-0.140916 	
1.17	0.319565 	-0.17325 	0.538338 	0.100603 	-1.39864 	-0.138599 	
1.175	0.319651 	-0.173248 	0.538352 	0.100603 	-1.39864 	-0.138599 	
1.18	0.319737 	-0.173245 	0.538367 	0.100603 	-1.39864 	-0.138599 	
1.185	0.319757 	-0.17324 	0.538366 	0.0989176 	-1.39745 	-0.136278 	
1.19	0.319843 	-0.173237 	0.53838 	0.0989176 	-1.39745 	-0.136278 	
1.195	0.31993 	-0.173234 	0.538395 	0.0989176 	-1.39745 	-0.136278 	
1.2	0.319949 	-0.173229 	0.538393 	0.0972293 	-1.39627 	-0.133952 	
1.205	0.320036 	-0.173225 	0.538408 	0.0972293 	-1.39627 	-0.133952 	
1.21	0.320122 	-0.173222 	0.538423 	0.0972293 	-1.39627 	-0.133952 	
1.215	0.320142 	-0.173218 	0.538422 	0.0955386 	-1.39508 	-0.131622 	
1.22	0.320229 	-0.173214 	0.538436 	0.0955386 	-1.39508 	-0.131622 	
1.225	0.320315 	-0.173211 	0.538451 	0.0955386 	-1.39508 	-0.131622 	
1.23	0.320335 	-0.173207 	0.53845 	0.093846 	-1.3939 	-0.12929 	
1.235	0.320422 	-0.173203 	0.538464 	0.093846 	-1.3939 	-0.12929 	
1.24	0.320508 	-0.1732 	0.538479 	0.093846 	-1.3939 	-0.12929 	
1.245	0.320528 	-0.173196 	0.538478 	0.0921521 	-1.39271 	-0.126957 	
1.25	0.320615 	-0.173192 	0.538492 	0.0921521 	-1.39271 	-0.126957 	
1.255	0.320702 	-0.173189 	0.538507 	0.0921521 	-1.39271 	-0.126957 	
1.26	0.320721 	-0.173185 	0.538506 	0.0904576 	-1.39152 	-0.124622 	
1.265	0.320808 	-0.173181 	0.538521 	0.0904576 	-1.39152 	-0.124622 	
1.27	0.320895 	-0.173178 	0.538535 	0.0904576 	-1.39152 	-0.124622 	
1.275	0.320914 	-0.173174 	0.538534 	0.088763 	-1.39033 	-0.122288 	
1.28	0.321001 	-0.17317 	0.538549 	0.088763 	-1.39033 	-0.122288 	
1.285	0.321088 	-0.173166 	0.538563 	0.088763 	-1.39033 	-0.122288 	
1.29	0.321107 	-0.173163 	0.538562 	0.0870689 	-1.38915 	-0.119954 	
1.295	0.321194 	-0.173159 	0.538577 	0.0870689 	-1.38915 	-0.119954 	
1.3	0.321281 	-0.173155 	0.538591 	0.0870689 	-1.38915 	-0.119954 	
1.305	0.3213 	-0.173152 	0.53859 	0.085376 	-1.38796 	-0.117621 	
1.31	0.321387 	-0.173148 	0.538605 	0.085376 	-1.38796 	-0.117621 	
1.315	0.321473 	-0.173144 	0.538619 	0.085376 	-1.38796 	-0.117621 	
1.32	0.321493 	-0.173141 	0.538618 	0.0836848 	-1.38677 	-0.115291 	
1.325	0.321579 	-0.173137 	0.538633 	0.0836848 	-1.38677 	-0.115291 	
1.33	0.321666 	-0.173133 	0.538647 	0.0836848 	-1.38677 	-0.115291 	
1.335	0.321685 	-0.17313 	0.538646 	0.0819959 	-1.38559 	-0.112965 	
1.34	0.321772 	-0.173126 	0.538661 	0.0819959 	-1.38559 	-0.112965 	
1.345	0.321858 	-0.173122 	0.538675 	0.0819959 	-1.38559 	-0.112965 	
1.35	0.321877 	-0.173119 	0.538674 	0.0803099 	-1.38441 	-0.110642 	
1.355	0.321963 	-0.173115 	0.538688 	0.0803099 	-1.38441 	-0.110642 	
1.36	0.32205 	-0.17311 	0.538703 	0.0803099 	-1.38441 	-0.110642 	
1.365	0.322069 	-0.173108 	0.538702 	0.0786274 	-1.38323 	-0.108324 	
1.37	0.322155 	-0.173104 	0.538716 	0.0786274 	-1.38323 	-0.108324 	
1.375	0.322241 	-0.173099 	0.538731 	0.0786274 	-1.38323 	-0.108324 	
1.38	0.32226 	-0.173097 	0.538729 	0.076949 	-1.38205 	-0.106012 	
1.385	0.322346 	-0.173093 	0.538744 	0.076949 	-1.38205 	-0.106012 	
1.39	0.322432 	-0.173088 	0.538758 	0.076949 	-1.38205 	-0.106012 	
1.395	0.322451 	-0.173086 	0.538757 	0.0752753 	-1.38088 	-0.103706 	
1.4	0.322536 	-0.173082 	0.538772 	0.0752753 	-1.38088 	-0.103706 	
1.405	0.322622 	-0.173077 	0.538786 	0.0752753 	-1.38088 	-0.103706 	
1.41	0.322641 	-0.173075 	0.538785 	0.0736069 	-1.37971 	-0.101407 	
1.415	0.322726 	-0.173071 	0.538799 	0.0736069 	-1.37971 	-0.101407 	
1.42	0.322811 	-0.173066 	0.538813 	0.0736069 	-1.37971 	-0.101407 	
1.425	0.32283 	-0.173064 	0.538812 	0.0719444 	-1.37854 	-0.0991169 	
1.43	0.322915 	-0.17306 	0.538827 	0.0719444 	-1.37854 	-0.0991169 	
1.435	0.323 	-0.173055 	0.538841 	0.0719444 	-1.37854 	-0.0991169 	
1.44	0.323019 	-0.173054 	0.53884 	0.0702883 	-1.37738 	-0.0968353 	
1.445	0.323103 	-0.173049 	0.538854 	0.0702883 	-1.37738 	-0.0968353 	
1.45	0.323188 	-0.173044 	0.538868 	0.0702883 	-1.37738 	-0.0968353 	
1.455	0.323206 	-0.173043 	0.538867 	0.0686393 	-1.37622 	-0.0945635 	
1.46	0.323291 	-0.173038 	0.538881 	0.0686393 	-1.37622 	-0.0945635 	
1.465	0.323375 	-0.173034 	0.538895 	0.0686393 	-1.37622 	-0.0945635 	
1.47	0.323393 	-0.173032 	0.538894 	0.0669979 	-1.37507 	-0.0923021 	
1.475	0.323477 	-0.173028 	0.538908 	0.0669979 	-1.37507 	-0.0923021 	
1.48	0.323561 	-0.173023 	0.538922 	0.0669979 	-1.37507 	-0.0923021 	
1.485	0.323579 	-0.173022 	0.538921 	0.0653647 	-1.37393 	-0.0900521 	
1.49	0.323663 	-0.173017 	0.538935 	0.0653647 	-1.37393 	-0.0900521 	
1.495	0.323746 	-0.173012 	0.538949 	0.0653647 	-1.37393 	-0.0900521 	
1.5	0.323764 	-0.173011 	0.538948 	0.0637403 	-1.37279 	-0.0878141 	
1.505	0.323847 	-0.173006 	0.538962 	0.0637403 	-1.37279 	-0.0878141 	
1.51	0.32393 	-0.173001 	0.538976 	0.0637403 	-1.37279 	-0.0878141 	
1.515	0.323948 	-0.173001 	0.538975 	0.0621252 	-1.37166 	-0.085589 	
1.52	0.32403 	-0.172996 	0.538989 	0.0621252 	-1.37166 	-0.085589 	
1.525	0.324113 	-0.172991 	0.539002 	0.0621252 	-1.37166 	-0.085589 	
1.53	0.324131 	-0.17299 	0.539001 	0.06052 	-1.37053 	-0.0833776 	
1.535	0.324213 	-0.172985 	0.539015 	0.06052 	-1.37053 	-0.0833776 	
1.54	0.324294 	-0.17298 	0.539029 	0.06052 	-1.37053 	-0.0833776 	
1.545	0.324312 	-0.17298 	0.539028 	0.0589253 	-1.36941 	-0.0811806 	
1.55	0.324394 	-0.172975 	0.539041 	0.0589253 	-1.36941 	-0.0811806 	
1.555	0.324475 	-0.17297 	0.539055 	0.0589253 	-1.36941 	-0.0811806 	
1.56	0.324493 	-0.17297 	0.539054 	0.0573417 	-1.3683 	-0.0789989 	
1.565	0.324573 	-0.172965 	0.539067 	0.0573417 	-1.3683 	-0.0789989 	
1.57	0.324654 	-0.172959 	0.539081 	0.0573417 	-1.3683 	-0.0789989 	
1.575	0.324671 	-0.172959 	0.53908 	0.0557697 	-1.3672 	-0.0768331 	
1.58	0.324752 	-0.172954 	0.539093 	0.0557697 	-1.3672 	-0.0768331 	
1.585	0.324832 	-0.172949 	0.539106 	0.0557697 	-1.3672 	-0.0768331 	
1.59	0.324849 	-0.172949 	0.539106 	0.0542098 	-1.36611 	-0.0746841 	
1.595	0.324929 	-0.172944 	0.539119 	0.0542098 	-1.36611 	-0.0746841 	
1.6	0.325008 	-0.172939 	0.539132 	0.0542098 	-1.36611 	-0.0746841 	
1.605	0.325025 	-0.172939 	0.539131 	0.0526626 	-1.36502 	-0.0725526 	
1.61	0.325104 	-0.172934 	0.539144 	0.0526626 	-1.36502 	-0.0725526 	
1.615	0.325182 	-0.172929 	0.539157 	0.0526626 	-1.36502 	-0.0725526 	
1.62	0.3252 	-0.172929 	0.539157 	0.0511287 	-1.36395 	-0.0704394 	
1.625	0.325278 	-0.172924 	0.53917 	0.0511287 	-1.36395 	-0.0704394 	
1.63	0.325356 	-0.172919 	0.539182 	0.0511287 	-1.36395 	-0.0704394 	
1.635	0.325433 	-0.172914 	0.539195 	0.0511287 	-1.36395 	-0.0704394 	
1.64	0.325432 	-0.172916 	0.539191 	0.0491571 	-1.36256 	-0.067723 	
1.645	0.325509 	-0.172911 	0.539203 	0.0491571 	-1.36256 	-0.067723 	
1.65	0.325586 	-0.172905 	0.539216 	0.0491571 	-1.36256 	-0.067723 	
1.655	0.325601 	-0.172906 	0.539215 	0.0476095 	-1.36148 	-0.0655909 	
1.66	0.325677 	-0.172901 	0.539228 	0.0476095 	-1.36148 	-0.0655909 	
1.665	0.325753 	-0.172896 	0.53924 	0.0476095 	-1.36148 	-0.0655909 	
1.67	0.325829 	-0.17289 	0.539252 	0.0476095 	-1.36148 	-0.0655909 	
1.675	0.325828 	-0.172893 	0.539248 	0.0456779 	-1.36012 	-0.0629297 	
1.68	0.325903 	-0.172888 	0.539261 	0.0456779 	-1.36012 	-0.0629297 	
1.685	0.325978 	-0.172883 	0.539273 	0.0456779 	-1.36012 	-0.0629297 	
1.69	0.326053 	-0.172877 	0.539285 	0.0456779 	-1.36012 	-0.0629297 	
1.695	0.32605 	-0.172881 	0.539281 	0.0437322 	-1.35876 	-0.0602491 	
1.7	0.326124 	-0.172875 	0.539293 	0.0437322 	-1.35876 	-0.0602491 	
1.705	0.326198 	-0.17287 	0.539305 	0.0437322 	-1.35876 	-0.0602491 	
1.71	0.326271 	-0.172865 	0.539317 	0.0437322 	-1.35876 	-0.0602491 	
1.715	0.326268 	-0.172868 	0.539312 	0.0418113 	-1.35741 	-0.0576027 	
1.72	0.326341 	-0.172863 	0.539324 	0.0418113 	-1.35741 	-0.0576027 	
1.725	0.326414 	-0.172858 	0.539336 	0.0418113 	-1.35741 	-0.0576027 	
1.73	0.326486 	-0.172852 	0.539348 	0.0418113 	-1.35741 	-0.0576027 	
1.735	0.326483 	-0.172856 	0.539344 	0.0399204 	-1.35609 	-0.0549976 	
1.74	0.326555 	-0.172851 	0.539355 	0.0399204 	-1.35609 	-0.0549976 	
1.745	0.326626 	-0.172845 	0.539367 	0.0399204 	-1.35609 	-0.0549976 	
1.75	0.326698 	-0.17284 	0.539378 	0.0399204 	-1.35609 	-0.0549976 	
1.755	0.326694 	-0.172844 	0.539374 	0.0380609 	-1.35478 	-0.0524358 	
1.76	0.326765 	-0.172839 	0.539386 	0.0380609 	-1.35478 	-0.0524358 	
1.765	0.326835 	-0.172833 	0.539397 	0.0380609 	-1.35478 	-0.0524358 	
1.77	0.326905 	-0.172828 	0.539408 	0.0380609 	-1.35478 	-0.0524358 	
1.775	0.326902 	-0.172832 	0.539404 	0.0362341 	-1.3535 	-0.0499191 	
1.78	0.326971 	-0.172827 	0.539416 	0.0362341 	-1.3535 	-0.0499191 	
1.785	0.32704 	-0.172821 	0.539427 	0.0362341 	-1.3535 	-0.0499191 	
1.79	0.327109 	-0.172816 	0.539438 	0.0362341 	-1.3535 	-0.0499191 	
1.795	0.327106 	-0.172821 	0.539434 	0.0344412 	-1.35225 	-0.0474491 	
1.8	0.327174 	-0.172815 	0.539445 	0.0344412 	-1.35225 	-0.0474491 	
1.805	0.327241 	-0.17281 	0.539456 	0.0344412 	-1.35225 	-0.0474491 	
1.81	0.327308 	-0.172805 	0.539467 	0.0344412 	-1.35225 	-0.0474491 	
1.815	0.327305 	-0.172809 	0.539463 	0.0326833 	-1.35101 	-0.0450272 	
1.82	0.327372 	-0.172804 	0.539474 	0.0326833 	-1.35101 	-0.0450272 	
1.825	0.327438 	-0.172799 	0.539484 	0.0326833 	-1.35101 	-0.0450272 	
1.83	0.327504 	-0.172793 	0.539495 	0.0326833 	-1.35101 	-0.0450272 	
1.835	0.327501 	-0.172798 	0.539492 	0.0309615 	-1.34981 	-0.0426551 	
1.84	0.327566 	-0.172793 	0.539502 	0.0309615 	-1.34981 	-0.0426551 	
1.845	0.327631 	-0.172788 	0.539512 	0.0309615 	-1.34981 	-0.0426551 	
1.85	0.327695 	-0.172782 	0.539523 	0.0309615 	-1.34981 	-0.0426551 	
1.855	0.327692 	-0.172787 	0.539519 	0.0292768 	-1.34863 	-0.0403341 	
1.86	0.327756 	-0.172782 	0.53953 	0.0292768 	-1.34863 	-0.0403341 	
1.865	0.327819 	-0.172777 	0.53954 	0.0292768 	-1.34863 	-0.0403341 	
1.87	0.327882 	-0.172771 	0.53955 	0.0292768 	-1.34863 	-0.0403341 	
1.875	0.327879 	-0.172777 	0.539547 	0.0276303 	-1.34747 	-0.0380658 	
1.88	0.327941 	-0.172771 	0.539556 	0.0276303 	-1.34747 	-0.0380658 	
1.885	0.328003 	-0.172766 	0.539566 	0.0276303 	-1.34747 	-0.0380658 	
1.89	0.328065 	-0.172761 	0.539576 	0.0276303 	-1.34747 	-0.0380658 	
1.895	0.328062 	-0.172766 	0.539573 	0.0260231 	-1.34634 	-0.0358516 	
1.9	0.328122 	-0.172761 	0.539583 	0.0260231 	-1.34634 	-0.0358516 	
1.905	0.328183 	-0.172756 	0.539592 	0.0260231 	-1.34634 	-0.0358516 	
1.91	0.328242 	-0.172751 	0.539602 	0.0260231 	-1.34634 	-0.0358516 	
1.915	0.32824 	-0.172756 	0.539599 	0.0244562 	-1.34525 	-0.0336928 	
1.92	0.328299 	-0.172751 	0.539608 	0.0244562 	-1.34525 	-0.0336928 	
1.925	0.328357 	-0.172746 	0.539618 	0.0244562 	-1.34525 	-0.0336928 	
1.93	0.328415 	-0.172741 	0.539627 	0.0244562 	-1.34525 	-0.0336928 	
1.935	0.328413 	-0.172746 	0.539624 	0.0229304 	-1.34418 	-0.0315909 	
1.94	0.32847 	-0.172741 	0.539633 	0.0229304 	-1.34418 	-0.0315909 	
1.945	0.328527 	-0.172736 	0.539642 	0.0229304 	-1.34418 	-0.0315909 	
1.95	0.328584 	-0.172731 	0.539651 	0.0229304 	-1.34418 	-0.0315909 	
1.955	0.32864 	-0.172726 	0.53966 	0.0229304 	-1.34418 	-0.0315909 	
1.96	0.328624 	-0.172734 	0.539655 	0.0211211 	-1.34291 	-0.0290981 	
1.965	0.328679 	-0.172729 	0.539664 	0.0211211 	-1.34291 	-0.0290981 	
1.97	0.328734 	-0.172724 	0.539672 	0.0211211 	-1.34291 	-0.0290981 	
1.975	0.328789 	-0.172719 	0.539681 	0.0211211 	-1.34291 	-0.0290981 	
1.98	0.328843 	-0.172715 	0.53969 	0.0211211 	-1.34291 	-0.0290981 	
1.985	0.328826 	-0.172723 	0.539684 	0.0193437 	-1.34166 	-0.0266494 	
1.99	0.328879 	-0.172718 	0.539693 	0.0193437 	-1.34166 	-0.0266494 	
1.995	0.328932 	-0.172713 	0.539701 	0.0193437 	-1.34166 	-0.0266494 	
2	0.328984 	-0.172708 	0.539709 	0.0193437 	-1.34166 	-0.0266494 	
2.005	0.329036 	-0.172704 	0.539717 	0.0193437 	-1.34166 	-0.0266494 	
2.01	0.32902 	-0.172712 	0.539712 	0.017632 	-1.34046 	-0.0242913 	
2.015	0.329071 	-0.172707 	0.53972 	0.017632 	-1.34046 	-0.0242913 	
2.02	0.329121 	-0.172702 	0.539728 	0.017632 	-1.34046 	-0.0242913 	
2.025	0.329172 	-0.172698 	0.539736 	0.017632 	-1.34046 	-0.0242913 	
2.03	0.329221 	-0.172693 	0.539744 	0.017632 	-1.34046 	-0.0242913 	
2.035	0.329206 	-0.172701 	0.539739 	0.0159911 	-1.33931 	-0.0220306 	
2.04	0.329254 	-0.172697 	0.539747 	0.0159911 	-1.33931 	-0.0220306 	
2.045	0.329303 	-0.172692 	0.539755 	0.0159911 	-1.33931 	-0.0220306 	
2.05	0.329351 	-0.172688 	0.539762 	0.0159911 	-1.33931 	-0.0220306 	
2.055	0.329398 	-0.172683 	0.53977 	0.0159911 	-1.33931 	-0.0220306 	
2.06	0.329383 	-0.172691 	0.539765 	0.0144229 	-1.33821 	-0.0198701 	
2.065	0.32943 	-0.172687 	0.539772 	0.0144229 	-1.33821 	-0.0198701 	
2.07	0.329476 	-0.172682 	0.53978 	0.0144229 	-1.33821 	-0.0198701 	
2.075	0.329521 	-0.172678 	0.539787 	0.0144229 	-1.33821 	-0.0198701 	
2.08	0.329566 	-0.172674 	0.539794 	0.0144229 	-1.33821 	-0.0198701 	
2.085	0.329611 	-0.17267 	0.539801 	0.0144229 	-1.33821 	-0.0198701 	
2.09	0.329586 	-0.172679 	0.539795 	0.0126703 	-1.33698 	-0.0174556 	
2.095	0.32963 	-0.172675 	0.539802 	0.0126703 	-1.33698 	-0.0174556 	
2.1	0.329673 	-0.172671 	0.539808 	0.0126703 	-1.33698 	-0.0174556 	
2.105	0.329716 	-0.172667 	0.539815 	0.0126703 	-1.33698 	-0.0174556 	
2.11	0.329758 	-0.172663 	0.539822 	0.0126703 	-1.33698 	-0.0174556 	
2.115	0.3298 	-0.172659 	0.539828 	0.0126703 	-1.33698 	-0.0174556 	
2.12	0.329775 	-0.172668 	0.539822 	0.0109973 	-1.33581 	-0.0151507 	
2.125	0.329816 	-0.172665 	0.539829 	0.0109973 	-1.33581 	-0.0151507 	
2.13	0.329857 	-0.172661 	0.539835 	0.0109973 	-1.33581 	-0.0151507 	
2.135	0.329897 	-0.172657 	0.539841 	0.0109973 	-1.33581 	-0.0151507 	
2.14	0.329936 	-0.172653 	0.539847 	0.0109973 	-1.33581 	-0.0151507 	
2.145	0.329975 	-0.172649 	0.539854 	0.0109973 	-1.33581 	-0.0151507 	
2.15	0.329952 	-0.172659 	0.539848 	0.00943304 	-1.33471 	-0.0129956 	
2.155	0.32999 	-0.172655 	0.539854 	0.00943304 	-1.33471 	-0.0129956 	
2.16	0.330027 	-0.172651 	0.53986 	0.00943304 	-1.33471 	-0.0129956 	
2.165	0.330064 	-0.172648 	0.539865 	0.00943304 	-1.33471 	-0.0129956 	
2.17	0.330101 	-0.172644 	0.539871 	0.00943304 	-1.33471 	-0.0129956 	
2.175	0.330137 	-0.172641 	0.539877 	0.00943304 	-1.33471 	-0.0129956 	
2.18	0.330172 	-0.172637 	0.539882 	0.00943304 	-1.33471 	-0.0129956 	
2.185	0.330142 	-0.172648 	0.539876 	0.00777741 	-1.33355 	-0.0107147 	
2.19	0.330176 	-0.172644 	0.539881 	0.00777741 	-1.33355 	-0.0107147 	
2.195	0.33021 	-0.172641 	0.539886 	0.00777741 	-1.33355 	-0.0107147 	
2.2	0.330244 	-0.172638 	0.539891 	0.00777741 	-1.33355 	-0.0107147 	
2.205	0.330277 	-0.172634 	0.539897 	0.00777741 	-1.33355 	-0.0107147 	
2.21	0.33031 	-0.172631 	0.539902 	0.00777741 	-1.33355 	-0.0107147 	
2.215	0.330342 	-0.172628 	0.539907 	0.00777741 	-1.33355 	-0.0107147 	
2.22	0.330313 	-0.172638 	0.5399 	0.00625483 	-1.33248 	-0.00861705 	
2.225	0.330344 	-0.172635 	0.539905 	0.00625483 	-1.33248 	-0.00861705 	
2.23	0.330375 	-0.172632 	0.53991 	0.00625483 	-1.33248 	-0.00861705 	
2.235	0.330405 	-0.172629 	0.539915 	0.00625483 	-1.33248 	-0.00861705 	
2.24	0.330434 	-0.172626 	0.539919 	0.00625483 	-1.33248 	-0.00861705 	
2.245	0.330463 	-0.172623 	0.539924 	0.00625483 	-1.33248 	-0.00861705 	
2.25	0.330492 	-0.17262 	0.539928 	0.00625483 	-1.33248 	-0.00861705 	
2.255	0.33052 	-0.172617 	0.539933 	0.00625483 	-1.33248 	-0.00861705 	
2.26	0.330487 	-0.172628 	0.539926 	0.00473024 	-1.33141 	-0.00651664 	
2.265	0.330514 	-0.172625 	0.53993 	0.00473024 	-1.33141 	-0.00651664 	
2.27	0.33054 	-0.172623 	0.539934 	0.00473024 	-1.33141 	-0.00651664 	
2.275	0.330566 	-0.17262 	0.539938 	0.00473024 	-1.33141 	-0.00651664 	
2.28	0.330592 	-0.172618 	0.539942 	0.00473024 	-1.33141 	-0.00651664 	
2.285	0.330616 	-0.172615 	0.539946 	0.00473024 	-1.33141 	-0.00651664 	
2.29	0.330641 	-0.172613 	0.53995 	0.00473024 	-1.33141 	-0.00651664 	
2.295	0.330665 	-0.17261 	0.539953 	0.00473024 	-1.33141 	-0.00651664 	
2.3	0.330688 	-0.172608 	0.539957 	0.00473024 	-1.33141 	-0.00651664 	
2.305	0.330711 	-0.172606 	0.53996 	0.00473024 	-1.33141 	-0.00651664 	
2.31	0.33067 	-0.172618 	0.539952 	0.00313474 	-1.3303 	-0.00431852 	
2.315	0.330692 	-0.172615 	0.539956 	0.00313474 	-1.3303 	-0.00431852 	
2.32	0.330713 	-0.172613 	0.539959 	0.00313474 	-1.3303 	-0.00431852 	
2.325	0.330734 	-0.172611 	0.539962 	0.00313474 	-1.3303 	-0.00431852 	
2.33	0.330754 	-0.172609 	0.539965 	0.00313474 	-1.3303 	-0.00431852 	
2.335	0.330773 	-0.172607 	0.539968 	0.00313474 	-1.3303 	-0.00431852 	
2.34	0.330792 	-0.172605 	0.539971 	0.00313474 	-1.3303 	-0.00431852 	
2.345	0.330811 	-0.172603 	0.539974 	0.00313474 	-1.3303 	-0.00431852 	
2.35	0.330829 	-0.172601 	0.539977 	0.00313474 	-1.3303 	-0.00431852 	
2.355	0.330847 	-0.1726 	0.53998 	0.00313474 	-1.3303 	-0.00431852 	
2.36	0.330864 	-0.172598 	0.539982 	0.00313474 	-1.3303 	-0.00431852 	
2.365	0.33088 	-0.172596 	0.539985 	0.00313474 	-1.3303 	-0.00431852 	
2.37	0.330896 	-0.172595 	0.539987 	0.00313474 	-1.3303 	-0.00431852 	
2.375	0.330849 	-0.172607 	0.539978 	0.00155958 	-1.32919 	-0.00214844 	
2.38	0.330864 	-0.172606 	0.539981 	0.00155958 	-1.32919 	-0.00214844 	
2.385	0.330878 	-0.172604 	0.539983 	0.00155958 	-1.32919 	-0.00214844 	
2.39	0.330892 	-0.172603 	0.539985 	0.00155958 	-1.32919 	-0.00214844 	
2.395	0.330905 	-0.172602 	0.539987 	0.00155958 	-1.32919 	-0.00214844 	
2.4	0.330918 	-0.1726 	0.539989 	0.00155958 	-1.32919 	-0.00214844 	
2.405	0.33093 	-0.172599 	0.539991 	0.00155958 	-1.32919 	-0.00214844 	
2.41	0.330942 	-0.172598 	0.539993 	0.00155958 	-1.32919 	-0.00214844 	
2.415	0.330953 	-0.172597 	0.539994 	0.00155958 	-1.32919 	-0.00214844 	
2.42	0.330963 	-0.172596 	0.539996 	0.00155958 	-1.32919 	-0.00214844 	
2.425	0.330973 	-0.172595 	0.539998 	0.00155958 	-1.32919 	-0.00214844 	
2.43	0.330982 	-0.172594 	0.539999 	0.00155958 	-1.32919 	-0.00214844 	
2.435	0.330992 	-0.172593 	0.54 	0.00155958 	-1.32919 	-0.00214844 	
2.44	0.330999 	-0.172592 	0.540002 	0.00155958 	-1.32919 	-0.00214844 	
2.445	0.331007 	-0.172591 	0.540003 	0.00155958 	-1.32919 	-0.00214844 	
2.45	0.331015 	-0.17259 	0.540004 	0.00155958 	-1.32919 	-0.00214844 	
2.455	0.331021 	-0.17259 	0.540005 	0.00155958 	-1.32919 	-0.00214844 	
2.46	0.331028 	-0.172589 	0.540006 	0.00155958 	-1.32919 	-0.00214844 	
2.465	0.331034 	-0.172588 	0.540007 	0.00155958 	-1.32919 	-0.00214844 	
2.47	0.331039 	-0.172588 	0.540008 	0.00155958 	-1.32919 	-0.00214844 	
2.475	0.331043 	-0.172587 	0.540008 	0.00155958 	-1.32919 	-0.00214844 	
2.48	0.331048 	-0.172587 	0.540009 	0.00155958 	-1.32919 	-0.00214844 	
2.485	0.331051 	-0.172587 	0.54001 	0.00155958 	-1.32919 	-0.00214844 	
2.49	0.331054 	-0.172586 	0.54001 	0.00155958 	-1.32919 	-0.00214844 	
2.495	0.331057 	-0.172586 	0.540011 	0.00155958 	-1.32919 	-0.00214844 	
2.5	0.331059 	-0.172586 	0.540011 	0.00155958 	-1.32919 	-0.00214844 	
2.505	0.33106 	-0.172586 	0.540011 	0.00155958 	-1.32919 	-0.00214844 	
2.51	0.33106 	-0.172586 	0.540011 	0.00155958 	-1.32919 	-0.00214844 	
2.515	0.331057 	-0.172589 	0.540011 	0.00155958 	-1.32919 	-0.00214844 	
2.52	0.331057 	-0.172589 	0.540011 	0.00155958 	-1.32919 	-0.00214844 	
2.525	0.331057 	-0.17259 	0.540011 	0.00155958 	-1.32919 	-0.00214844 	
2.53	0.331057 	-0.17259 	0.540011 	0.00155958 	-1.32919 	-0.00214844 	
2.535	0.331057 	-0.172591 	0.540009 	0.00155958 	-1.32919 	-0.00214844 	
2.54	0.331058 	-0.172592 	0.540008 	0.00155958 	-1.32919 	-0.00214844 	
2.545	0.331058 	-0.172593 	0.540006 	0.00155958 	-1.32919 	-0.00214844 	
2.55	0.331058 	-0.172594 	0.540004 	0.00155958 	-1.32919 	-0.00214844 	
2.555	0.331059 	-0.172596 	0.540002 	0.00155958 	-1.32919 	-0.00214844 	
2.56	0.331007 	-0.172603 	0.53999 	0.00047584 	-1.32827 	-0.000217491 	
2.565	0.331007 	-0.172605 	0.539987 	0.00047584 	-1.32827 	-0.000217491 	
2.57	0.331008 	-0.172607 	0.539984 	0.00047584 	-1.32827 	-0.000217491 	
2.575	0.331008 	-0.172609 	0.539981 	0.00047584 	-1.32827 	-0.000217491 	
2.58	0.331009 	-0.172612 	0.539977 	0.00047584 	-1.32827 	-0.000217491 	
2.585	0.33101 	-0.172614 	0.539973 	0.00047584 	-1.32827 	-0.000217491 	
2.59	0.331011 	-0.172617 	0.539969 	0.000475841 	-1.32827 	-0.000217491 	
2.595	0.331012 	-0.17262 	0.539964 	0.000475841 	-1.32827 	-0.000217491 	
2.6	0.331012 	-0.172624 	0.539959 	0.000475841 	-1.32827 	-0.000217492 	
2.605	0.331013 	-0.172627 	0.539954 	0.000475841 	-1.32827 	-0.000217492 	
2.61	0.331014 	-0.172631 	0.539948 	0.000475842 	-1.32827 	-0.000217492 	
2.615	0.33102 	-0.172607 	0.539944 	0.0016135 	-1.3284 	-2.134e-05 	
2.62	0.331021 	-0.172611 	0.539938 	0.0016135 	-1.3284 	-2.13403e-05 	
2.625	0.331022 	-0.172615 	0.539932 	0.0016135 	-1.3284 	-2.13406e-05 	
2.63	0.331024 	-0.172619 	0.539925 	0.0016135 	-1.3284 	-2.1341e-05 	
2.635	0.331025 	-0.172624 	0.539918 	0.0016135 	-1.3284 	-2.13414e-05 	
2.64	0.331026 	-0.172629 	0.539911 	0.0016135 	-1.3284 	-2.13418e-05 	
2.645	0.331028 	-0.172634 	0.539903 	0.0016135 	-1.3284 	-2.13422e-05 	
2.65	0.33104 	-0.172607 	0.539899 	0.00301031 	-1.32864 	-1.35839e-06 	
2.655	0.331041 	-0.172613 	0.53989 	0.00301031 	-1.32864 	-1.3589e-06 	
2.66	0.331043 	-0.172619 	0.539881 	0.00301031 	-1.32864 	-1.35937e-06 	
2.665	0.331045 	-0.172624 	0.539873 	0.00301031 	-1.32864 	-1.35987e-06 	
2.67	0.331046 	-0.17263 	0.539863 	0.00301031 	-1.32864 	-1.3604e-06 	
2.675	0.331058 	-0.172607 	0.539857 	0.00429714 	-1.32887 	5.31366e-07 	
2.68	0.33106 	-0.172614 	0.539847 	0.00429714 	-1.32887 	5.30762e-07 	
2.685	0.331062 	-0.17262 	0.539837 	0.00429715 	-1.32887 	5.30121e-07 	
2.69	0.331064 	-0.172627 	0.539827 	0.00429715 	-1.32887 	5.29442e-07 	
2.695	0.331066 	-0.172634 	0.539817 	0.00429715 	-1.32887 	5.28724e-07 	
2.7	0.331079 	-0.172608 	0.539809 	0.00576262 	-1.32913 	9.20822e-07 	
2.705	0.331081 	-0.172615 	0.539798 	0.00576262 	-1.32913 	9.20021e-07 	
2.71	0.331084 	-0.172622 	0.539787 	0.00576262 	-1.32913 	9.19179e-07 	
2.715	0.331086 	-0.17263 	0.539775 	0.00576262 	-1.32913 	9.18293e-07 	
2.72	0.331098 	-0.172607 	0.539766 	0.00711426 	-1.32937 	8.3239e-07 	
2.725	0.331101 	-0.172615 	0.539754 	0.00711426 	-1.32937 	8.31413e-07 	
2.73	0.331103 	-0.172624 	0.539741 	0.00711426 	-1.32937 	8.3039e-07 	
2.735	0.331106 	-0.172632 	0.539729 	0.00711426 	-1.32937 	8.2932e-07 	
2.74	0.331119 	-0.172608 	0.539719 	0.0085733 	-1.32963 	9.47268e-07 	
2.745	0.331122 	-0.172616 	0.539705 	0.0085733 	-1.32963 	9.46099e-07 	
2.75	0.331125 	-0.172625 	0.539692 	0.0085733 	-1.32963 	9.4488e-07 	
2.755	0.331127 	-0.172634 	0.539678 	0.00857331 	-1.32963 	9.43609e-07 	
2.76	0.331142 	-0.172608 	0.539667 	0.0101608 	-1.32992 	1.11878e-06 	
2.765	0.331145 	-0.172618 	0.539653 	0.0101608 	-1.32992 	1.11741e-06 	
2.77	0.331148 	-0.172627 	0.539638 	0.0101608 	-1.32992 	1.11597e-06 	
2.775	0.331161 	-0.172607 	0.539626 	0.0114775 	-1.33015 	8.19256e-07 	
2.78	0.331164 	-0.172617 	0.539611 	0.0114775 	-1.33015 	8.17713e-07 	
2.785	0.331167 	-0.172628 	0.539595 	0.0114775 	-1.33015 	8.16112e-07 	
2.79	0.33118 	-0.172607 	0.539582 	0.0128316 	-1.33039 	8.31425e-07 	
2.795	0.331183 	-0.172618 	0.539566 	0.0128316 	-1.33039 	8.29707e-07 	
2.8	0.331187 	-0.172629 	0.53955 	0.0128316 	-1.33039 	8.27929e-07 	
2.805	0.331201 	-0.172608 	0.539536 	0.0142534 	-1.33065 	9.10509e-07 	
2.81	0.331204 	-0.172619 	0.539519 	0.0142534 	-1.33065 	9.08608e-07 	
2.815	0.331207 	-0.17263 	0.539502 	0.0142534 	-1.33065 	9.06645e-07 	
2.82	0.331222 	-0.172608 	0.539488 	0.0157454 	-1.33091 	1.00303e-06 	
2.825	0.331225 	-0.172619 	0.53947 	0.0157454 	-1.33091 	1.00094e-06 	
2.83	0.331229 	-0.172631 	0.539452 	0.0157454 	-1.33091 	9.98787e-07 	
2.835	0.331244 	-0.172608 	0.539438 	0.017307 	-1.33119 	1.10049e-06 	
2.84	0.331248 	-0.17262 	0.539419 	0.017307 	-1.33119 	1.0982e-06 	
2.845	0.331252 	-0.172632 	0.5394 	0.017307 	-1.33119 	1.09585e-06 	
2.85	0.331268 	-0.172608 	0.539385 	0.0189373 	-1.33148 	1.20155e-06 	
2.855	0.331272 	-0.172621 	0.539366 	0.0189373 	-1.33148 	1.19906e-06 	
2.86	0.331275 	-0.172634 	0.539346 	0.0189373 	-1.33148 	1.19649e-06 	
2.865	0.331293 	-0.172608 	0.53933 	0.0206355 	-1.33179 	1.30331e-06 	
2.87	0.331297 	-0.172621 	0.53931 	0.0206355 	-1.33179 	1.3006e-06 	
2.875	0.331301 	-0.172634 	0.53929 	0.0206355 	-1.33179 	1.29782e-06 	
2.88	0.331318 	-0.172608 	0.539273 	0.0224006 	-1.3321 	1.41294e-06 	
2.885	0.331322 	-0.172622 	0.539252 	0.0224006 	-1.3321 	1.41002e-06 	
2.89	0.331336 	-0.172607 	0.539234 	0.0236742 	-1.33233 	8.135e-07 	
2.895	0.33134 	-0.172621 	0.539213 	0.0236742 	-1.33233 	8.10423e-07 	
2.9	0.331344 	-0.172635 	0.539191 	0.0236742 	-1.33233 	8.07273e-07 	
2.905	0.331362 	-0.172608 	0.539173 	0.0254945 	-1.33265 	1.44996e-06 	
2.91	0.331367 	-0.172622 	0.539151 	0.0254945 	-1.33265 	1.44665e-06 	
2.915	0.331381 	-0.172607 	0.539132 	0.0268382 	-1.33289 	8.95128e-07 	
2.92	0.331386 	-0.172622 	0.539109 	0.0268382 	-1.33289 	8.91666e-07 	
2.925	0.3314 	-0.172607 	0.53909 	0.0281591 	-1.33313 	8.16148e-07 	
2.93	0.331405 	-0.172622 	0.539067 	0.0281591 	-1.33313 	8.12527e-07 	
2.935	0.331419 	-0.172607 	0.539046 	0.0295027 	-1.33337 	8.34361e-07 	
2.94	0.331424 	-0.172622 	0.539023 	0.0295027 	-1.33337 	8.30579e-07 	
2.945	0.331439 	-0.172607 	0.539002 	0.0308732 	-1.33362 	8.67552e-07 	
2.95	0.331444 	-0.172623 	0.538978 	0.0308732 	-1.33362 	8.63607e-07 	
2.955	0.331459 	-0.172607 	0.538957 	0.0322709 	-1.33386 	9.03056e-07 	
2.96	0.331464 	-0.172623 	0.538933 	0.032271 	-1.33386 	8.98945e-07 	
2.965	0.331479 	-0.172607 	0.538911 	0.0336955 	-1.33412 	9.39127e-07 	
2.97	0.331484 	-0.172623 	0.538886 	0.0336955 	-1.33412 	9.34849e-07 	
2.975	0.3315 	-0.172607 	0.538865 	0.0351465 	-1.33438 	9.75517e-07 	
2.98	0.331505 	-0.172624 	0.538839 	0.0351465 	-1.33438 	9.7107e-07 	
2.985	0.331521 	-0.172607 	0.538817 	0.0366236 	-1.33464 	1.01217e-06 	
2.99	0.331526 	-0.172624 	0.538791 	0.0366236 	-1.33464 	1.00755e-06 	
2.995	0.331542 	-0.172607 	0.538769 	0.0381265 	-1.33491 	1.04904e-06 	
3	0.331548 	-0.172624 	0.538742 	0.0381265 	-1.33491 	1.04425e-06 	
3.005	0.331564 	-0.172607 	0.538719 	0.0396548 	-1.33518 	1.0861e-06 	
3.01	0.33157 	-0.172625 	0.538692 	0.0396548 	-1.33518 	1.08114e-06 	
3.015	0.331586 	-0.172607 	0.538669 	0.041208 	-1.33546 	1.12332e-06 	
3.02	0.331592 	-0.172625 	0.538642 	0.041208 	-1.33546 	1.11818e-06 	
3.025	0.331609 	-0.172607 	0.538618 	0.0427859 	-1.33574 	1.16067e-06 	
3.03	0.331615 	-0.172625 	0.538591 	0.0427859 	-1.33574 	1.15535e-06 	
3.035	0.331632 	-0.172607 	0.538567 	0.044388 	-1.33603 	1.1981e-06 	
3.04	0.331638 	-0.172626 	0.538539 	0.044388 	-1.33603 	1.1926e-06 	
3.045	0.331655 	-0.172608 	0.538514 	0.0460139 	-1.33632 	1.23559e-06 	
3.05	0.331661 	-0.172626 	0.538486 	0.0460139 	-1.33632 	1.22991e-06 	
3.055	0.331679 	-0.172608 	0.538461 	0.0476632 	-1.33661 	1.27309e-06 	
3.06	0.331685 	-0.172626 	0.538432 	0.0476632 	-1.33661 	1.26724e-06 	
3.065	0.331703 	-0.172608 	0.538407 	0.0493355 	-1.33691 	1.31059e-06 	
3.07	0.331709 	-0.172627 	0.538378 	0.0493355 	-1.33691 	1.30456e-06 	
3.075	0.331727 	-0.172608 	0.538353 	0.0510304 	-1.33722 	1.34804e-06 	
3.08	0.331733 	-0.172627 	0.538323 	0.0510304 	-1.33722 	1.34182e-06 	
3.085	0.331752 	-0.172608 	0.538298 	0.0527474 	-1.33752 	1.3854e-06 	
3.09	0.331758 	-0.172627 	0.538267 	0.0527474 	-1.33752 	1.37901e-06 	
3.095	0.331776 	-0.172608 	0.538242 	0.0544862 	-1.33783 	1.42265e-06 	
3.1	0.331783 	-0.172627 	0.538211 	0.0544862 	-1.33783 	1.41608e-06 	
3.105	0.331802 	-0.172608 	0.538185 	0.0562463 	-1.33815 	1.45975e-06 	
3.11	0.331808 	-0.172628 	0.538154 	0.0562463 	-1.33815 	1.45299e-06 	
3.115	0.331827 	-0.172608 	0.538128 	0.0580272 	-1.33847 	1.49666e-06 	
3.12	0.331834 	-0.172628 	0.538096 	0.0580272 	-1.33847 	1.48972e-06 	
3.125	0.331853 	-0.172608 	0.53807 	0.0598286 	-1.33879 	1.53335e-06 	
3.13	0.33186 	-0.172628 	0.538038 	0.0598286 	-1.33879 	1.52623e-06 	
3.135	0.331879 	-0.172608 	0.538011 	0.0616499 	-1.33911 	1.56979e-06 	
3.14	0.331886 	-0.172628 	0.537979 	0.0616499 	-1.33911 	1.56249e-06 	
3.145	0.331905 	-0.172608 	0.537952 	0.0634907 	-1.33944 	1.60594e-06 	
3.15	0.331913 	-0.172629 	0.537919 	0.0634908 	-1.33944 	1.59846e-06 	
3.155	0.331932 	-0.172608 	0.537892 	0.0653506 	-1.33977 	1.64176e-06 	
3.16	0.331939 	-0.172629 	0.537859 	0.0653507 	-1.33977 	1.6341e-06 	
3.165	0.331959 	-0.172608 	0.537831 	0.0672291 	-1.34011 	1.67723e-06 	
3.17	0.331966 	-0.172629 	0.537798 	0.0672291 	-1.34011 	1.6694e-06 	
3.175	0.331986 	-0.172608 	0.53777 	0.0691257 	-1.34045 	1.71231e-06 	
3.18	0.331993 	-0.172629 	0.537737 	0.0691257 	-1.34045 	1.7043e-06 	
3.185	0.332013 	-0.172608 	0.537709 	0.07104 	-1.34079 	1.74696e-06 	
3.19	0.332021 	-0.17263 	0.537675 	0.07104 	-1.34079 	1.73878e-06 	
3.195	0.332041 	-0.172608 	0.537646 	0.0729714 	-1.34114 	1.78116e-06 	
3.2	0.332049 	-0.17263 	0.537613 	0.0729714 	-1.34114 	1.7728e-06 	
3.205	0.332069 	-0.172608 	0.537584 	0.0749196 	-1.34148 	1.81487e-06 	
3.21	0.332077 	-0.17263 	0.53755 	0.0749196 	-1.34148 	1.80633e-06 	
3.215	0.332097 	-0.172608 	0.537521 	0.0768839 	-1.34183 	1.84806e-06 	
3.22	0.332105 	-0.17263 	0.537486 	0.0768839 	-1.34183 	1.83935e-06 	
3.225	0.332125 	-0.172608 	0.537457 	0.0788639 	-1.34219 	1.88069e-06 	
3.23	0.332133 	-0.172631 	0.537422 	0.078864 	-1.34219 	1.87181e-06 	
3.235	0.332154 	-0.172608 	0.537393 	0.0808592 	-1.34254 	1.91273e-06 	
3.24	0.332162 	-0.172631 	0.537358 	0.0808592 	-1.34254 	1.90368e-06 	
3.245	0.332182 	-0.172608 	0.537328 	0.0828692 	-1.3429 	1.94416e-06 	
3.25	0.332191 	-0.172631 	0.537293 	0.0828692 	-1.3429 	1.93494e-06 	
3.255	0.332211 	-0.172608 	0.537263 	0.0848934 	-1.34327 	1.97493e-06 	
3.26	0.33222 	-0.172631 	0.537227 	0.0848935 	-1.34327 	1.96556e-06 	
3.265	0.332241 	-0.172608 	0.537197 	0.0869314 	-1.34363 	2.00503e-06 	
3.27	0.332249 	-0.172631 	0.537161 	0.0869314 	-1.34363 	1.99549e-06 	
3.275	0.33227 	-0.172609 	0.537131 	0.0889826 	-1.344 	2.03442e-06 	
3.28	0.332279 	-0.172631 	0.537095 	0.0889826 	-1.344 	2.02472e-06 	
3.285	0.332299 	-0.172609 	0.537065 	0.0910464 	-1.34436 	2.06306e-06 	
3.29	0.332308 	-0.172632 	0.537029 	0.0910464 	-1.34436 	2.05322e-06 	
3.295	0.332329 	-0.172609 	0.536998 	0.0931225 	-1.34474 	2.09095e-06 	
3.3	0.332338 	-0.172632 	0.536962 	0.0931225 	-1.34474 	2.08095e-06 	
3.305	0.332359 	-0.172609 	0.536931 	0.0952102 	-1.34511 	2.11803e-06 	
3.31	0.332368 	-0.172632 	0.536894 	0.0952102 	-1.34511 	2.10788e-06 	
3.315	0.332389 	-0.172609 	0.536863 	0.0973091 	-1.34548 	2.14429e-06 	
3.32	0.332398 	-0.172632 	0.536826 	0.0973091 	-1.34548 	2.134e-06 	
3.325	0.332419 	-0.172609 	0.536795 	0.0994186 	-1.34586 	2.1697e-06 	
3.33	0.332428 	-0.172632 	0.536758 	0.0994186 	-1.34586 	2.15926e-06 	
3.335	0.332449 	-0.172609 	0.536727 	0.101538 	-1.34624 	2.19423e-06 	
3.34	0.332459 	-0.172632 	0.53669 	0.101538 	-1.34624 	2.18366e-06 	
3.345	0.33248 	-0.172609 	0.536659 	0.103667 	-1.34662 	2.21786e-06 	
3.35	0.332489 	-0.172632 	0.536621 	0.103667 	-1.34662 	2.20715e-06 	
3.355	0.33251 	-0.172609 	0.53659 	0.105806 	-1.347 	2.24056e-06 	
3.36	0.332525 	-0.172628 	0.536552 	0.105806 	-1.347 	2.22597e-06 	
3.365	0.332546 	-0.172604 	0.536521 	0.107952 	-1.34738 	2.26163e-06 	
3.37	0.332556 	-0.172628 	0.536483 	0.107952 	-1.34738 	2.25066e-06 	
3.375	0.332577 	-0.172604 	0.536452 	0.110107 	-1.34777 	2.28304e-06 	
3.38	0.332587 	-0.172628 	0.536414 	0.110107 	-1.34777 	2.27195e-06 	
3.385	0.332608 	-0.172604 	0.536382 	0.112269 	-1.34816 	2.30288e-06 	
3.39	0.332618 	-0.172628 	0.536344 	0.112269 	-1.34816 	2.29167e-06 	
3.395	0.332639 	-0.172604 	0.536312 	0.114438 	-1.34854 	2.32165e-06 	
3.4	0.332649 	-0.172628 	0.536274 	0.114438 	-1.34854 	2.31033e-06 	
3.405	0.33267 	-0.172604 	0.536242 	0.116614 	-1.34893 	2.33937e-06 	
3.41	0.33268 	-0.172628 	0.536204 	0.116614 	-1.34893 	2.32794e-06 	
3.415	0.332701 	-0.172604 	0.536172 	0.118795 	-1.34932 	2.35603e-06 	
3.42	0.332711 	-0.172628 	0.536134 	0.118795 	-1.34932 	2.3445e-06 	
3.425	0.332732 	-0.172604 	0.536102 	0.120981 	-1.34971 	2.37161e-06 	
3.43	0.332742 	-0.172628 	0.536063 	0.120981 	-1.34971 	2.35998e-06 	
3.435	0.332764 	-0.172604 	0.536031 	0.123173 	-1.3501 	2.3861e-06 	
3.44	0.332774 	-0.172628 	0.535993 	0.123173 	-1.3501 	2.37437e-06 	
3.445	0.332795 	-0.172604 	0.535961 	0.125368 	-1.3505 	2.39947e-06 	
3.45	0.332805 	-0.172628 	0.535922 	0.125368 	-1.3505 	2.38766e-06 	
3.455	0.332827 	-0.172604 	0.53589 	0.127567 	-1.35089 	2.41171e-06 	
3.46	0.332837 	-0.172628 	0.535851 	0.127567 	-1.35089 	2.39982e-06 	
3.465	0.332858 	-0.172604 	0.535819 	0.129769 	-1.35128 	2.42282e-06 	
3.47	0.332868 	-0.172628 	0.53578 	0.129769 	-1.35128 	2.41084e-06 	
3.475	0.33289 	-0.172604 	0.535748 	0.131974 	-1.35168 	2.43276e-06 	
3.48	0.3329 	-0.172628 	0.535709 	0.131974 	-1.35168 	2.42071e-06 	
3.485	0.332921 	-0.172604 	0.535677 	0.13418 	-1.35207 	2.44153e-06 	
3.49	0.332932 	-0.172628 	0.535638 	0.13418 	-1.35207 	2.42942e-06 	
3.495	0.332953 	-0.172604 	0.535606 	0.136388 	-1.35246 	2.44912e-06 	
3.5	0.332963 	-0.172628 	0.535567 	0.136388 	-1.35246 	2.43695e-06 	
3.505	0.332984 	-0.172604 	0.535535 	0.138597 	-1.35286 	2.45552e-06 	
3.51	0.332995 	-0.172628 	0.535496 	0.138597 	-1.35286 	2.44329e-06 	
3.515	0.333016 	-0.172604 	0.535464 	0.140807 	-1.35325 	2.46072e-06 	
3.52	0.333026 	-0.172628 	0.535425 	0.140807 	-1.35325 	2.44844e-06 	
3.525	0.333047 	-0.172604 	0.535393 	0.143016 	-1.35365 	2.4647e-06 	
3.53	0.333058 	-0.172628 	0.535354 	0.143016 	-1.35365 	2.45238e-06 	
3.535	0.333079 	-0.172604 	0.535322 	0.145224 	-1.35404 	2.46747e-06 	
3.54	0.33309 	-0.172628 	0.535283 	0.145224 	-1.35404 	2.45511e-06 	
3.545	0.333111 	-0.172604 	0.535251 	0.147431 	-1.35444 	2.46901e-06 	
3.55	0.333121 	-0.172628 	0.535212 	0.147431 	-1.35444 	2.45662e-06 	
3.555	0.333142 	-0.172604 	0.53518 	0.149636 	-1.35483 	2.46933e-06 	
3.56	0.333153 	-0.172628 	0.535141 	0.149636 	-1.35483 	2.45692e-06 	
3.565	0.333174 	-0.172604 	0.535109 	0.151839 	-1.35522 	2.46841e-06 	
3.57	0.333184 	-0.172628 	0.535071 	0.151839 	-1.35522 	2.45598e-06 	
3.575	0.333205 	-0.172604 	0.535039 	0.154039 	-1.35562 	2.46626e-06 	
3.58	0.333216 	-0.172628 	0.535 	0.154039 	-1.35562 	2.45382e-06 	
3.585	0.333236 	-0.172604 	0.534968 	0.156235 	-1.35601 	2.46288e-06 	
3.59	0.333247 	-0.172628 	0.534929 	0.156235 	-1.35601 	2.45043e-06 	
3.595	0.333268 	-0.172604 	0.534898 	0.158427 	-1.3564 	2.45826e-06 	
3.6	0.333274 	-0.172632 	0.534859 	0.158427 	-1.3564 	2.44936e-06 	
3.605	0.333295 	-0.172608 	0.534827 	0.160615 	-1.35679 	2.45305e-06 	
3.61	0.333306 	-0.172632 	0.534789 	0.160615 	-1.35679 	2.44061e-06 	
3.615	0.333326 	-0.172608 	0.534757 	0.162797 	-1.35718 	2.44537e-06 	
3.62	0.333337 	-0.172632 	0.534719 	0.162797 	-1.35718 	2.43294e-06 	
3.625	0.333357 	-0.172608 	0.534687 	0.164974 	-1.35757 	2.437e-06 	
3.63	0.333368 	-0.172632 	0.534649 	0.164974 	-1.35757 	2.42459e-06 	
3.635	0.333388 	-0.172608 	0.534617 	0.167145 	-1.35796 	2.42746e-06 	
3.64	0.333399 	-0.172632 	0.534579 	0.167145 	-1.35796 	2.41508e-06 	
3.645	0.333419 	-0.172608 	0.534548 	0.169308 	-1.35834 	2.4167e-06 	
3.65	0.33343 	-0.172632 	0.53451 	0.169308 	-1.35834 	2.40436e-06 	
3.655	0.33345 	-0.172608 	0.534479 	0.171465 	-1.35873 	2.40475e-06 	
3.66	0.333461 	-0.172632 	0.534441 	0.171465 	-1.35873 	2.39244e-06 	
3.665	0.33348 	-0.172608 	0.534409 	0.173613 	-1.35911 	2.39159e-06 	
3.67	0.333491 	-0.172631 	0.534372 	0.173613 	-1.35911 	2.37933e-06 	
3.675	0.333511 	-0.172608 	0.534341 	0.175754 	-1.3595 	2.37724e-06 	
3.68	0.333522 	-0.172631 	0.534303 	0.175754 	-1.3595 	2.36503e-06 	
3.685	0.333541 	-0.172608 	0.534272 	0.177885 	-1.35988 	2.36172e-06 	
3.69	0.333552 	-0.172631 	0.534235 	0.177885 	-1.35988 	2.34957e-06 	
3.695	0.333572 	-0.172608 	0.534204 	0.180007 	-1.36026 	2.34503e-06 	
3.7	0.333583 	-0.172631 	0.534167 	0.180007 	-1.36026 	2.33295e-06 	
3.705	0.333602 	-0.172608 	0.534136 	0.182119 	-1.36063 	2.32719e-06 	
3.71	0.333613 	-0.172631 	0.534099 	0.182119 	-1.36063 	2.31518e-06 	
3.715	0.333632 	-0.172608 	0.534069 	0.18422 	-1.36101 	2.30821e-06 	
3.72	0.333643 	-0.172631 	0.534032 	0.18422 	-1.36101 	2.29628e-06 	
3.725	0.333662 	-0.172608 	0.534001 	0.18631 	-1.36138 	2.28812e-06 	
3.73	0.333673 	-0.172631 	0.533965 	0.18631 	-1.36138 	2.27628e-06 	
3.735	0.333691 	-0.172608 	0.533935 	0.188389 	-1.36175 	2.26692e-06 	
3.74	0.333703 	-0.172629 	0.533898 	0.188389 	-1.36175 	2.25446e-06 	
3.745	0.333722 	-0.172607 	0.533868 	0.190456 	-1.36212 	2.24451e-06 	
3.75	0.333733 	-0.172629 	0.533832 	0.190456 	-1.36212 	2.23286e-06 	
3.755	0.333751 	-0.172607 	0.533802 	0.19251 	-1.36249 	2.2213e-06 	
3.76	0.333762 	-0.172629 	0.533766 	0.19251 	-1.36249 	2.20975e-06 	
3.765	0.33378 	-0.172607 	0.533737 	0.194551 	-1.36285 	2.19693e-06 	
3.77	0.333791 	-0.172629 	0.533701 	0.194551 	-1.36285 	2.18549e-06 	
3.775	0.333809 	-0.172607 	0.533671 	0.196578 	-1.36322 	2.17154e-06 	
3.78	0.33382 	-0.172629 	0.533636 	0.196578 	-1.36322 	2.16022e-06 	
3.785	0.333838 	-0.172607 	0.533607 	0.198591 	-1.36358 	2.14515e-06 	
3.79	0.333849 	-0.172628 	0.533571 	0.198591 	-1.36358 	2.13395e-06 	
3.795	0.333867 	-0.172607 	0.533543 	0.20059 	-1.36393 	2.11779e-06 	
3.8	0.333878 	-0.172628 	0.533507 	0.20059 	-1.36393 	2.10672e-06 	
3.805	0.333895 	-0.172607 	0.533479 	0.202574 	-1.36429 	2.08949e-06 	
3.81	0.333906 	-0.172628 	0.533444 	0.202574 	-1.36429 	2.07855e-06 	
3.815	0.333923 	-0.172607 	0.533416 	0.204541 	-1.36464 	2.06027e-06 	
3.82	0.333934 	-0.172628 	0.533381 	0.204541 	-1.36464 	2.04947e-06 	
3.825	0.333951 	-0.172607 	0.533353 	0.206493 	-1.36499 	2.03017e-06 	
3.83	0.333962 	-0.172628 	0.533319 	0.206493 	-1.36499 	2.01951e-06 	
3.835	0.333979 	-0.172607 	0.533291 	0.208429 	-1.36533 	1.99921e-06 	
3.84	0.333989 	-0.172627 	0.533257 	0.208429 	-1.36533 	1.9887e-06 	
3.845	0.334006 	-0.172607 	0.533229 	0.210347 	-1.36568 	1.96742e-06 	
3.85	0.334017 	-0.172627 	0.533195 	0.210347 	-1.36568 	1.95707e-06 	
3.855	0.334033 	-0.172607 	0.533168 	0.212247 	-1.36602 	1.93942e-06 	
3.86	0.334043 	-0.172628 	0.533135 	0.212247 	-1.36602 	1.92924e-06 	
3.865	0.334059 	-0.172607 	0.533108 	0.21413 	-1.36635 	1.90195e-06 	
3.87	0.33407 	-0.172627 	0.533075 	0.21413 	-1.36635 	1.89192e-06 	
3.875	0.334086 	-0.172607 	0.533048 	0.215994 	-1.36668 	1.86746e-06 	
3.88	0.334096 	-0.172627 	0.533015 	0.215994 	-1.36668 	1.85761e-06 	
3.885	0.334112 	-0.172607 	0.532989 	0.217839 	-1.36701 	1.83265e-06 	
3.89	0.334123 	-0.172627 	0.532956 	0.217839 	-1.36701 	1.82297e-06 	
3.895	0.334139 	-0.172607 	0.53293 	0.219665 	-1.36734 	1.79722e-06 	
3.9	0.334149 	-0.172627 	0.532898 	0.219665 	-1.36734 	1.78771e-06 	
3.905	0.334164 	-0.172607 	0.532872 	0.221471 	-1.36766 	1.76116e-06 	
3.91	0.334174 	-0.172626 	0.53284 	0.221471 	-1.36766 	1.75184e-06 	
3.915	0.33419 	-0.172607 	0.532815 	0.223257 	-1.36798 	1.72452e-06 	
3.92	0.3342 	-0.172626 	0.532783 	0.223257 	-1.36798 	1.71539e-06 	
3.925	0.334215 	-0.172607 	0.532758 	0.225021 	-1.3683 	1.68733e-06 	
3.93	0.334225 	-0.172626 	0.532727 	0.225021 	-1.3683 	1.67839e-06 	
3.935	0.33424 	-0.172607 	0.532702 	0.226765 	-1.36861 	1.64964e-06 	
3.94	0.33425 	-0.172625 	0.532671 	0.226765 	-1.36861 	1.64088e-06 	
3.945	0.334264 	-0.172607 	0.532647 	0.228487 	-1.36892 	1.61169e-06 	
3.95	0.334274 	-0.172625 	0.532616 	0.228487 	-1.36892 	1.60314e-06 	
3.955	0.334289 	-0.172607 	0.532592 	0.230187 	-1.36922 	1.57289e-06 	
3.96	0.334298 	-0.172625 	0.532562 	0.230187 	-1.36922 	1.56453e-06 	
3.965	0.334313 	-0.172607 	0.532538 	0.231864 	-1.36952 	1.53388e-06 	
3.97	0.334322 	-0.172625 	0.532509 	0.231864 	-1.36952 	1.52572e-06 	
3.975	0.334336 	-0.172607 	0.532485 	0.233519 	-1.36981 	1.49454e-06 	
3.98	0.334346 	-0.172624 	0.532456 	0.233519 	-1.36981 	1.48659e-06 	
3.985	0.33436 	-0.172607 	0.532433 	0.23515 	-1.37011 	1.4549e-06 	
3.99	0.334369 	-0.172624 	0.532404 	0.23515 	-1.37011 	1.44715e-06 	
3.995	0.334383 	-0.172607 	0.532381 	0.236758 	-1.37039 	1.41498e-06 	
4	0.334392 	-0.172624 	0.532353 	0.236758 	-1.37039 	1.40745e-06 	
4.005	0.334405 	-0.172607 	0.53233 	0.238341 	-1.37068 	1.37555e-06 	
4.01	0.334414 	-0.172623 	0.532303 	0.238341 	-1.37068 	1.36822e-06 	
4.015	0.334427 	-0.172607 	0.53228 	0.2399 	-1.37095 	1.33461e-06 	
4.02	0.334436 	-0.172623 	0.532253 	0.2399 	-1.37095 	1.32749e-06 	
4.025	0.334449 	-0.172607 	0.532231 	0.241434 	-1.37123 	1.2941e-06 	
4.03	0.334458 	-0.172623 	0.532204 	0.241434 	-1.37123 	1.2872e-06 	
4.035	0.334471 	-0.172606 	0.532183 	0.242942 	-1.3715 	1.25355e-06 	
4.04	0.334479 	-0.172622 	0.532156 	0.242942 	-1.3715 	1.24687e-06 	
4.045	0.334492 	-0.172606 	0.532135 	0.244425 	-1.37176 	1.21297e-06 	
4.05	0.334501 	-0.172622 	0.532109 	0.244425 	-1.37176 	1.20649e-06 	
4.055	0.334513 	-0.172606 	0.532088 	0.245882 	-1.37202 	1.17238e-06 	
4.06	0.334521 	-0.172622 	0.532063 	0.245882 	-1.37202 	1.16612e-06 	
4.065	0.334533 	-0.172606 	0.532042 	0.247313 	-1.37228 	1.13183e-06 	
4.07	0.334541 	-0.172621 	0.532017 	0.247313 	-1.37228 	1.12578e-06 	
4.075	0.334553 	-0.172606 	0.531997 	0.248717 	-1.37253 	1.09136e-06 	
4.08	0.334561 	-0.172621 	0.531973 	0.248717 	-1.37253 	1.08554e-06 	
4.085	0.334573 	-0.172606 	0.531953 	0.250093 	-1.37278 	1.05103e-06 	
4.09	0.33458 	-0.172622 	0.531929 	0.250093 	-1.37278 	1.046e-06 	
4.095	0.334591 	-0.172607 	0.53191 	0.251442 	-1.37302 	1.01098e-06 	
4.1	0.334599 	-0.172621 	0.531886 	0.251442 	-1.37302 	1.00559e-06 	
4.105	0.33461 	-0.172607 	0.531868 	0.252764 	-1.37325 	9.70942e-07 	
4.11	0.334617 	-0.172621 	0.531844 	0.252764 	-1.37325 	9.65759e-07 	
4.115	0.334628 	-0.172607 	0.531826 	0.254057 	-1.37348 	9.31256e-07 	
4.12	0.334636 	-0.172621 	0.531803 	0.254057 	-1.37348 	9.26286e-07 	
4.125	0.334646 	-0.172607 	0.531785 	0.255322 	-1.37371 	8.91886e-07 	
4.13	0.334654 	-0.17262 	0.531763 	0.255322 	-1.37371 	8.87129e-07 	
4.135	0.334661 	-0.172633 	0.531742 	0.255322 	-1.37371 	8.8248e-07 	
4.14	0.334672 	-0.172608 	0.531726 	0.257102 	-1.37403 	1.66761e-06 	
4.145	0.33468 	-0.172621 	0.531705 	0.257102 	-1.37403 	1.66317e-06 	
4.15	0.334687 	-0.172634 	0.531684 	0.257102 	-1.37403 	1.65883e-06 	
4.155	0.334698 	-0.172608 	0.531669 	0.258876 	-1.37434 	1.73359e-06 	
4.16	0.334705 	-0.172621 	0.531649 	0.258876 	-1.37434 	1.72946e-06 	
4.165	0.334712 	-0.172633 	0.531628 	0.258876 	-1.37434 	1.72543e-06 	
4.17	0.334722 	-0.172608 	0.531614 	0.260588 	-1.37465 	1.63662e-06 	
4.175	0.334729 	-0.17262 	0.531595 	0.260588 	-1.37465 	1.63279e-06 	
4.18	0.334743 	-0.172624 	0.531575 	0.260588 	-1.37465 	1.62632e-06 	
4.185	0.334753 	-0.172601 	0.531562 	0.262234 	-1.37494 	1.51587e-06 	
4.19	0.334759 	-0.172612 	0.531543 	0.262234 	-1.37494 	1.51234e-06 	
4.195	0.334766 	-0.172623 	0.531524 	0.262234 	-1.37494 	1.50891e-06 	
4.2	0.334775 	-0.172601 	0.531511 	0.263811 	-1.37523 	1.39589e-06 	
