0	0.0493943 	0.0210795 	-2.01153 	0.262669 	0.535623 	-0.00921105 	
0.005	0.0493943 	0.0210795 	-2.01153 	0.262669 	0.535623 	-0.00921105 	
0.01	0.0493943 	0.0210753 	-2.01152 	0.262669 	0.535624 	-0.00921079 	
0.015	0.0493943 	0.0210696 	-2.01152 	0.262669 	0.535625 	-0.00921044 	
0.02	0.0493943 	0.0210618 	-2.01151 	0.262669 	0.535627 	-0.00920996 	
0.025	0.0493943 	0.0210516 	-2.01151 	0.26267 	0.535629 	-0.00920933 	
0.03	0.0493944 	0.0210391 	-2.0115 	0.26267 	0.535632 	-0.00920856 	
0.035	0.0493944 	0.0210243 	-2.01148 	0.262671 	0.535635 	-0.00920764 	
0.04	0.0493945 	0.0210072 	-2.01147 	0.262671 	0.535638 	-0.00920658 	
0.045	0.0493945 	0.0209877 	-2.01146 	0.262672 	0.535642 	-0.00920538 	
0.05	0.0493946 	0.020966 	-2.01144 	0.262673 	0.535647 	-0.00920403 	
0.055	0.0493946 	0.0209419 	-2.01142 	0.262673 	0.535652 	-0.00920255 	
0.06	0.0493947 	0.0209155 	-2.0114 	0.262674 	0.535657 	-0.00920092 	
0.065	0.0493948 	0.0208868 	-2.01138 	0.262675 	0.535663 	-0.00919915 	
0.07	0.0493949 	0.0208558 	-2.01135 	0.262676 	0.53567 	-0.00919724 	
0.075	0.049395 	0.0208225 	-2.01133 	0.262677 	0.535677 	-0.00919518 	
0.08	0.0493951 	0.0207869 	-2.0113 	0.262678 	0.535684 	-0.00919299 	
0.085	0.0493952 	0.0207451 	-2.01126 	0.26268 	0.535693 	-0.00919042 	
0.09	0.0493953 	0.0207083 	-2.01124 	0.262681 	0.5357 	-0.00918815 	
0.095	0.0493955 	0.0206619 	-2.0112 	0.262683 	0.53571 	-0.0091853 	
0.1	0.0493956 	0.0206168 	-2.01116 	0.262684 	0.535719 	-0.00918252 	
0.105	0.0493957 	0.0205694 	-2.01113 	0.262686 	0.535729 	-0.00917962 	
0.11	0.0493959 	0.0205197 	-2.01109 	0.262687 	0.535739 	-0.00917657 	
0.115	0.049396 	0.0204678 	-2.01105 	0.262689 	0.53575 	-0.00917338 	
0.12	0.0493962 	0.0204135 	-2.011 	0.262691 	0.535761 	-0.00917006 	
0.125	0.0493964 	0.020357 	-2.01096 	0.262692 	0.535773 	-0.0091666 	
0.13	0.0493966 	0.0202981 	-2.01091 	0.262694 	0.535785 	-0.009163 	
0.135	0.0493968 	0.020237 	-2.01086 	0.262696 	0.535798 	-0.00915927 	
0.14	0.049397 	0.0201736 	-2.01081 	0.262698 	0.535811 	-0.0091554 	
0.145	0.0493972 	0.0201079 	-2.01076 	0.262701 	0.535824 	-0.00915139 	
0.15	0.0493974 	0.0200399 	-2.01071 	0.262703 	0.535838 	-0.00914726 	
0.155	0.0493977 	0.0199697 	-2.01065 	0.262705 	0.535853 	-0.00914298 	
0.16	0.0495011 	0.0196782 	-2.01077 	0.262822 	0.537405 	-0.00851288 	
0.165	0.0495014 	0.0196034 	-2.01071 	0.262824 	0.53742 	-0.00850833 	
0.17	0.0495016 	0.0195263 	-2.01065 	0.262827 	0.537436 	-0.00850366 	
0.175	0.0495019 	0.019447 	-2.01059 	0.262829 	0.537453 	-0.00849885 	
0.18	0.0495022 	0.0193654 	-2.01052 	0.262832 	0.537469 	-0.00849391 	
0.185	0.0495025 	0.0192816 	-2.01046 	0.262835 	0.537487 	-0.00848884 	
0.19	0.0495028 	0.0191955 	-2.01039 	0.262837 	0.537504 	-0.00848365 	
0.195	0.0495031 	0.0191072 	-2.01032 	0.26284 	0.537522 	-0.00847832 	
0.2	0.0495034 	0.0190166 	-2.01025 	0.262843 	0.537541 	-0.00847287 	
0.205	0.0495038 	0.0189238 	-2.01018 	0.262846 	0.53756 	-0.00846729 	
0.21	0.0495042 	0.0188287 	-2.0101 	0.262849 	0.53758 	-0.00846159 	
0.215	0.0495045 	0.0187315 	-2.01002 	0.262852 	0.537599 	-0.00845576 	
0.22	0.0495049 	0.0186319 	-2.00995 	0.262856 	0.53762 	-0.0084498 	
0.225	0.0496169 	0.0182953 	-2.01005 	0.262988 	0.539287 	-0.00777152 	
0.23	0.0496173 	0.0181913 	-2.00997 	0.262991 	0.539308 	-0.00776531 	
0.235	0.0496178 	0.0180851 	-2.00988 	0.262995 	0.53933 	-0.00775898 	
0.24	0.0496182 	0.0179768 	-2.0098 	0.262998 	0.539352 	-0.00775253 	
0.245	0.0496187 	0.0178662 	-2.00971 	0.263002 	0.539375 	-0.00774596 	
0.25	0.0496191 	0.0177533 	-2.00962 	0.263005 	0.539398 	-0.00773927 	
0.255	0.0496196 	0.0176383 	-2.00953 	0.263009 	0.539421 	-0.00773247 	
0.26	0.0496201 	0.0175211 	-2.00944 	0.263013 	0.539445 	-0.00772554 	
0.265	0.0496206 	0.0174018 	-2.00934 	0.263017 	0.539469 	-0.00771851 	
0.27	0.0496212 	0.0172802 	-2.00925 	0.26302 	0.539494 	-0.00771136 	
0.275	0.0497345 	0.0169213 	-2.00933 	0.26316 	0.541165 	-0.00702998 	
0.28	0.049735 	0.0167954 	-2.00923 	0.263164 	0.54119 	-0.00702259 	
0.285	0.0497356 	0.0166673 	-2.00913 	0.263168 	0.541216 	-0.00701509 	
0.29	0.0497362 	0.016537 	-2.00903 	0.263172 	0.541242 	-0.00700748 	
0.295	0.0497368 	0.0164046 	-2.00892 	0.263176 	0.541269 	-0.00699976 	
0.3	0.0497375 	0.0162701 	-2.00882 	0.263181 	0.541296 	-0.00699194 	
0.305	0.0497381 	0.0161333 	-2.00871 	0.263185 	0.541324 	-0.00698401 	
0.31	0.0497388 	0.0159945 	-2.0086 	0.26319 	0.541352 	-0.00697597 	
0.315	0.049847 	0.0156313 	-2.00866 	0.263328 	0.542934 	-0.00632948 	
0.32	0.0498477 	0.0154881 	-2.00854 	0.263333 	0.542963 	-0.00632122 	
0.325	0.0498484 	0.0153429 	-2.00843 	0.263337 	0.542992 	-0.00631286 	
0.33	0.0498492 	0.0151955 	-2.00831 	0.263342 	0.543022 	-0.0063044 	
0.335	0.04985 	0.0150461 	-2.00819 	0.263347 	0.543052 	-0.00629584 	
0.34	0.0498508 	0.0148945 	-2.00807 	0.263352 	0.543082 	-0.00628719 	
0.345	0.0498516 	0.0147408 	-2.00795 	0.263356 	0.543113 	-0.00627843 	
0.35	0.0498525 	0.0145851 	-2.00783 	0.263361 	0.543144 	-0.00626959 	
0.355	0.0499736 	0.0141805 	-2.00789 	0.263522 	0.544898 	-0.00555091 	
0.36	0.0499745 	0.0140206 	-2.00776 	0.263527 	0.544929 	-0.00554186 	
0.365	0.0499754 	0.0138586 	-2.00764 	0.263532 	0.544962 	-0.00553271 	
0.37	0.0499763 	0.0136945 	-2.00751 	0.263537 	0.544994 	-0.00552348 	
0.375	0.0499773 	0.0135284 	-2.00737 	0.263542 	0.545027 	-0.00551416 	
0.38	0.0499783 	0.0133602 	-2.00724 	0.263548 	0.545061 	-0.00550475 	
0.385	0.0499793 	0.01319 	-2.0071 	0.263553 	0.545094 	-0.00549526 	
0.39	0.0500993 	0.012776 	-2.00715 	0.263718 	0.546814 	-0.00478862 	
0.395	0.0501004 	0.0126016 	-2.00701 	0.263723 	0.546849 	-0.00477894 	
0.4	0.0501015 	0.0124253 	-2.00687 	0.263729 	0.546884 	-0.00476918 	
0.405	0.0501026 	0.012247 	-2.00673 	0.263734 	0.546919 	-0.00475933 	
0.41	0.0501038 	0.0120667 	-2.00659 	0.26374 	0.546954 	-0.00474942 	
0.415	0.050105 	0.0118844 	-2.00644 	0.263746 	0.54699 	-0.00473942 	
0.42	0.050218 	0.0114746 	-2.00646 	0.263906 	0.548596 	-0.00407829 	
0.425	0.0502192 	0.0112883 	-2.00631 	0.263912 	0.548632 	-0.00406812 	
0.43	0.0502205 	0.0111 	-2.00616 	0.263918 	0.548669 	-0.00405789 	
0.435	0.0502218 	0.0109098 	-2.00601 	0.263924 	0.548706 	-0.00404758 	
0.44	0.0502231 	0.0107176 	-2.00586 	0.263929 	0.548744 	-0.0040372 	
0.445	0.0502245 	0.0105234 	-2.0057 	0.263936 	0.548781 	-0.00402675 	
0.45	0.0503446 	0.0100898 	-2.00573 	0.264111 	0.550471 	-0.00332911 	
0.455	0.0503461 	0.00989175 	-2.00557 	0.264117 	0.55051 	-0.00331851 	
0.46	0.0503475 	0.00969178 	-2.00541 	0.264123 	0.550548 	-0.00330785 	
0.465	0.050349 	0.00948988 	-2.00524 	0.264129 	0.550587 	-0.00329712 	
0.47	0.0503506 	0.00928608 	-2.00508 	0.264136 	0.550627 	-0.00328634 	
0.475	0.0503522 	0.00908038 	-2.00492 	0.264142 	0.550666 	-0.0032755 	
0.48	0.0504809 	0.00862064 	-2.00494 	0.264335 	0.552458 	-0.00253362 	
0.485	0.0504825 	0.00841112 	-2.00477 	0.264341 	0.552498 	-0.00252264 	
0.49	0.0504842 	0.00819976 	-2.0046 	0.264348 	0.552538 	-0.00251161 	
0.495	0.0504859 	0.00798652 	-2.00443 	0.264354 	0.552579 	-0.00250052 	
0.5	0.0504877 	0.00777143 	-2.00426 	0.264361 	0.55262 	-0.00248939 	
0.505	0.0506042 	0.0073289 	-2.00425 	0.264541 	0.554227 	-0.00182275 	
0.51	0.050606 	0.00711009 	-2.00407 	0.264548 	0.554268 	-0.00181149 	
0.515	0.0506079 	0.00688947 	-2.0039 	0.264554 	0.55431 	-0.0018002 	
0.52	0.0506098 	0.00666703 	-2.00372 	0.264561 	0.554353 	-0.00178885 	
0.525	0.0506117 	0.00644278 	-2.00354 	0.264568 	0.554395 	-0.00177747 	
0.53	0.0507326 	0.00598483 	-2.00352 	0.264759 	0.556044 	-0.00109099 	
0.535	0.0507346 	0.00575695 	-2.00334 	0.264766 	0.556087 	-0.0010795 	
0.54	0.0507367 	0.00552731 	-2.00316 	0.264773 	0.556131 	-0.00106797 	
0.545	0.0507388 	0.00529589 	-2.00297 	0.26478 	0.556174 	-0.00105641 	
0.55	0.0507409 	0.00506271 	-2.00278 	0.264787 	0.556218 	-0.00104482 	
0.555	0.0508679 	0.00458649 	-2.00277 	0.264992 	0.557932 	-0.000329284 	
0.56	0.0508701 	0.00434977 	-2.00258 	0.264999 	0.557976 	-0.000317602 	
0.565	0.0508724 	0.00411135 	-2.00238 	0.265006 	0.558021 	-0.000305891 	
0.57	0.0508747 	0.0038712 	-2.00219 	0.265014 	0.558065 	-0.000294154 	
0.575	0.0508771 	0.00362933 	-2.00199 	0.265021 	0.55811 	-0.000282391 	
0.58	0.0510102 	0.00313496 	-2.00198 	0.265241 	0.559889 	0.000462723 	
0.585	0.0510127 	0.00288966 	-2.00178 	0.265249 	0.559934 	0.000474558 	
0.59	0.0510152 	0.0026427 	-2.00158 	0.265256 	0.55998 	0.000486415 	
0.595	0.0510177 	0.00239407 	-2.00138 	0.265263 	0.560026 	0.00049829 	
0.6	0.0510203 	0.00214377 	-2.00117 	0.265271 	0.560072 	0.00051018 	
0.605	0.0511598 	0.0016317 	-2.00116 	0.265507 	0.561914 	0.0012845 	
0.61	0.0511625 	0.00137807 	-2.00095 	0.265514 	0.56196 	0.00129645 	
0.615	0.0511652 	0.00112283 	-2.00074 	0.265522 	0.562007 	0.00130841 	
0.62	0.051168 	0.000865977 	-2.00053 	0.265529 	0.562054 	0.00132038 	
0.625	0.0511708 	0.000607509 	-2.00032 	0.265537 	0.562101 	0.00133236 	
0.63	0.0513166 	7.82369e-05 	-2.00031 	0.26579 	0.564004 	0.00213541 	
0.635	0.0513196 	-0.000183465 	-2.00009 	0.265797 	0.564051 	0.00214743 	
0.64	0.0513225 	-0.00044671 	-1.99988 	0.265805 	0.564099 	0.00215945 	
0.645	0.0513256 	-0.000711524 	-1.99966 	0.265813 	0.564147 	0.00217148 	
0.65	0.0514504 	-0.00120508 	-1.99961 	0.266034 	0.565759 	0.00285288 	
0.655	0.0514535 	-0.00147303 	-1.99939 	0.266042 	0.565807 	0.00286493 	
0.66	0.0514567 	-0.00174248 	-1.99917 	0.266049 	0.565855 	0.00287698 	
0.665	0.0514599 	-0.00201347 	-1.99895 	0.266057 	0.565904 	0.00288902 	
0.67	0.0515863 	-0.0025139 	-1.99888 	0.266285 	0.56752 	0.00357408 	
0.675	0.0515896 	-0.00278793 	-1.99866 	0.266293 	0.567569 	0.00358613 	
0.68	0.051593 	-0.00306342 	-1.99843 	0.266301 	0.567618 	0.00359817 	
0.685	0.0515964 	-0.00334039 	-1.99821 	0.266309 	0.567667 	0.0036102 	
0.69	0.0517266 	-0.00385167 	-1.99814 	0.266548 	0.569316 	0.00431134 	
0.695	0.0517302 	-0.00413159 	-1.99791 	0.266556 	0.569365 	0.00432336 	
0.7	0.0517338 	-0.00441293 	-1.99768 	0.266564 	0.569415 	0.00433537 	
0.705	0.0517375 	-0.00469571 	-1.99745 	0.266572 	0.569464 	0.00434736 	
0.71	0.0518718 	-0.00521794 	-1.99738 	0.266822 	0.571147 	0.00506555 	
0.715	0.0518756 	-0.00550357 	-1.99715 	0.26683 	0.571197 	0.00507753 	
0.72	0.0518794 	-0.00579058 	-1.99691 	0.266838 	0.571247 	0.00508948 	
0.725	0.0518833 	-0.00607896 	-1.99667 	0.266846 	0.571298 	0.0051014 	
0.73	0.0520217 	-0.00661185 	-1.9966 	0.267109 	0.573014 	0.00583648 	
0.735	0.0520258 	-0.00690301 	-1.99636 	0.267117 	0.573065 	0.00584837 	
0.74	0.0520298 	-0.00719548 	-1.99612 	0.267125 	0.573115 	0.00586024 	
0.745	0.052034 	-0.0074893 	-1.99588 	0.267133 	0.573166 	0.00587208 	
0.75	0.0521765 	-0.0080325 	-1.99581 	0.267408 	0.574915 	0.00662373 	
0.755	0.0521808 	-0.00832899 	-1.99556 	0.267417 	0.574965 	0.00663552 	
0.76	0.0521851 	-0.00862674 	-1.99532 	0.267425 	0.575016 	0.00664728 	
0.765	0.0521894 	-0.00892578 	-1.99507 	0.267433 	0.575067 	0.006659 	
0.77	0.0523361 	-0.00947896 	-1.99499 	0.26772 	0.576847 	0.00742691 	
0.775	0.0523406 	-0.00978058 	-1.99474 	0.267729 	0.576898 	0.00743857 	
0.78	0.0523452 	-0.0100834 	-1.99449 	0.267737 	0.576949 	0.0074502 	
0.785	0.0523498 	-0.0103875 	-1.99424 	0.267745 	0.577001 	0.00746178 	
0.79	0.0525006 	-0.0109503 	-1.99416 	0.268046 	0.578811 	0.0082456 	
0.795	0.0525053 	-0.0112568 	-1.99391 	0.268054 	0.578862 	0.00825712 	
0.8	0.0525101 	-0.0115645 	-1.99365 	0.268062 	0.578913 	0.00826858 	
0.805	0.052515 	-0.0118734 	-1.99339 	0.26807 	0.578965 	0.00828 	
0.81	0.0526699 	-0.0124455 	-1.99331 	0.268384 	0.580804 	0.0090794 	
0.815	0.0526749 	-0.0127567 	-1.99305 	0.268392 	0.580855 	0.00909074 	
0.82	0.0526799 	-0.0130691 	-1.99279 	0.2684 	0.580907 	0.00910202 	
0.825	0.052685 	-0.0133827 	-1.99253 	0.268409 	0.580958 	0.00911324 	
0.83	0.052844 	-0.0139636 	-1.99245 	0.268735 	0.582825 	0.00992786 	
0.835	0.0528493 	-0.0142794 	-1.99218 	0.268744 	0.582876 	0.009939 	
0.84	0.0528546 	-0.0145962 	-1.99192 	0.268752 	0.582928 	0.00995007 	
0.845	0.05286 	-0.0149142 	-1.99165 	0.26876 	0.58298 	0.00996108 	
0.85	0.053023 	-0.0155036 	-1.99156 	0.2691 	0.584872 	0.0107906 	
0.855	0.0530285 	-0.0158237 	-1.9913 	0.269109 	0.584924 	0.0108015 	
0.86	0.0530341 	-0.0161448 	-1.99103 	0.269117 	0.584975 	0.0108123 	
0.865	0.0530397 	-0.016467 	-1.99076 	0.269125 	0.585027 	0.0108231 	
0.87	0.0532068 	-0.0170645 	-1.99067 	0.269479 	0.586944 	0.0116671 	
0.875	0.0532126 	-0.0173887 	-1.99039 	0.269487 	0.586996 	0.0116777 	
0.88	0.0532184 	-0.0177139 	-1.99012 	0.269495 	0.587048 	0.0116883 	
0.885	0.0532243 	-0.0180401 	-1.98985 	0.269504 	0.587099 	0.0116988 	
0.89	0.0533955 	-0.0186453 	-1.98975 	0.269871 	0.58904 	0.0125569 	
0.895	0.0534015 	-0.0189734 	-1.98948 	0.269879 	0.589092 	0.0125673 	
0.9	0.0534076 	-0.0193024 	-1.9892 	0.269888 	0.589143 	0.0125776 	
0.905	0.0534137 	-0.0196324 	-1.98892 	0.269896 	0.589195 	0.0125878 	
0.91	0.0535889 	-0.0202449 	-1.98883 	0.270277 	0.591158 	0.0134596 	
0.915	0.0535952 	-0.0205767 	-1.98855 	0.270285 	0.591209 	0.0134697 	
0.92	0.0536015 	-0.0209094 	-1.98827 	0.270294 	0.591261 	0.0134797 	
0.925	0.0536079 	-0.0212429 	-1.98798 	0.270302 	0.591313 	0.0134896 	
0.93	0.053787 	-0.0218623 	-1.98788 	0.270697 	0.593296 	0.0143747 	
0.935	0.0537936 	-0.0221976 	-1.9876 	0.270705 	0.593348 	0.0143845 	
0.94	0.0538002 	-0.0225336 	-1.98732 	0.270714 	0.593399 	0.0143942 	
0.945	0.0539432 	-0.0230936 	-1.98717 	0.271032 	0.594961 	0.0150912 	
0.95	0.0539499 	-0.0234313 	-1.98689 	0.27104 	0.595012 	0.0151007 	
0.955	0.0539568 	-0.0237697 	-1.9866 	0.271048 	0.595063 	0.0151102 	
0.96	0.0539637 	-0.0241089 	-1.98631 	0.271056 	0.595114 	0.0151196 	
0.965	0.0541456 	-0.0247331 	-1.9862 	0.271467 	0.597088 	0.0160068 	
0.97	0.0541526 	-0.0250739 	-1.98591 	0.271475 	0.597139 	0.016016 	
0.975	0.0541597 	-0.0254154 	-1.98562 	0.271483 	0.59719 	0.0160251 	
0.98	0.0543076 	-0.025984 	-1.98547 	0.27182 	0.598771 	0.0167367 	
0.985	0.0543148 	-0.026327 	-1.98518 	0.271828 	0.598822 	0.0167456 	
0.99	0.0543221 	-0.0266705 	-1.98489 	0.271836 	0.598872 	0.0167545 	
0.995	0.0544685 	-0.0272369 	-1.98473 	0.272171 	0.600423 	0.0174541 	
1	0.0544759 	-0.0275819 	-1.98444 	0.272179 	0.600473 	0.0174628 	
1.005	0.0544834 	-0.0279274 	-1.98414 	0.272187 	0.600524 	0.0174713 	
1.01	0.0546316 	-0.0284966 	-1.98398 	0.27253 	0.602078 	0.0181754 	
1.015	0.0546392 	-0.0288435 	-1.98368 	0.272538 	0.602128 	0.0181838 	
1.02	0.0546469 	-0.0291909 	-1.98339 	0.272546 	0.602179 	0.0181921 	
1.025	0.0547972 	-0.0297632 	-1.98323 	0.272897 	0.60374 	0.0189022 	
1.03	0.054805 	-0.0301119 	-1.98293 	0.272905 	0.60379 	0.0189102 	
1.035	0.0548129 	-0.030461 	-1.98263 	0.272912 	0.60384 	0.0189182 	
1.04	0.0549652 	-0.0310363 	-1.98246 	0.273271 	0.605409 	0.0196342 	
1.045	0.0549733 	-0.0313866 	-1.98216 	0.273279 	0.605459 	0.019642 	
1.05	0.0549813 	-0.0317374 	-1.98186 	0.273287 	0.605508 	0.0196496 	
1.055	0.0551358 	-0.0323154 	-1.9817 	0.273653 	0.607084 	0.0203714 	
1.06	0.055144 	-0.0326672 	-1.98139 	0.273661 	0.607133 	0.0203788 	
1.065	0.0551523 	-0.0330195 	-1.98109 	0.273669 	0.607182 	0.0203861 	
1.07	0.0553087 	-0.0336001 	-1.98092 	0.274043 	0.608763 	0.0211135 	
1.075	0.0553171 	-0.0339533 	-1.98062 	0.274051 	0.608812 	0.0211206 	
1.08	0.0553256 	-0.0343069 	-1.98031 	0.274058 	0.608861 	0.0211276 	
1.085	0.0554841 	-0.0348898 	-1.98014 	0.274441 	0.610447 	0.0218603 	
1.09	0.0554927 	-0.0352443 	-1.97984 	0.274448 	0.610496 	0.021867 	
1.095	0.0555014 	-0.0355991 	-1.97953 	0.274456 	0.610544 	0.0218737 	
1.1	0.0556618 	-0.0361842 	-1.97936 	0.274846 	0.612135 	0.0226115 	
1.105	0.0556706 	-0.0365398 	-1.97905 	0.274854 	0.612183 	0.0226179 	
1.11	0.0556794 	-0.0368957 	-1.97874 	0.274861 	0.612231 	0.0226243 	
1.115	0.0558418 	-0.0374827 	-1.97857 	0.275259 	0.613826 	0.0233669 	
1.12	0.0558508 	-0.0378393 	-1.97826 	0.275267 	0.613874 	0.023373 	
1.125	0.0558598 	-0.0381962 	-1.97795 	0.275274 	0.613921 	0.023379 	
1.13	0.056024 	-0.0387848 	-1.97777 	0.27568 	0.61552 	0.0241264 	
1.135	0.0560332 	-0.0391423 	-1.97746 	0.275687 	0.615567 	0.0241321 	
1.14	0.0560425 	-0.0395 	-1.97715 	0.275694 	0.615614 	0.0241377 	
1.145	0.0562085 	-0.0400901 	-1.97697 	0.276107 	0.617215 	0.0248895 	
1.15	0.0562179 	-0.0404483 	-1.97666 	0.276115 	0.617262 	0.0248949 	
1.155	0.0562273 	-0.0408068 	-1.97634 	0.276122 	0.617308 	0.0249002 	
1.16	0.0563951 	-0.0413981 	-1.97616 	0.276543 	0.618912 	0.0256562 	
1.165	0.0564047 	-0.041757 	-1.97585 	0.27655 	0.618958 	0.0256613 	
1.17	0.0564143 	-0.042116 	-1.97554 	0.276557 	0.619004 	0.0256662 	
1.175	0.0565839 	-0.0427083 	-1.97535 	0.276985 	0.620609 	0.0264262 	
1.18	0.0565936 	-0.0430677 	-1.97504 	0.276992 	0.620654 	0.0264308 	
1.185	0.0566034 	-0.0434272 	-1.97472 	0.276999 	0.6207 	0.0264354 	
1.19	0.0567747 	-0.0440203 	-1.97454 	0.277435 	0.622306 	0.0271991 	
1.195	0.0567846 	-0.04438 	-1.97422 	0.277442 	0.622351 	0.0272034 	
1.2	0.0567946 	-0.0447398 	-1.97391 	0.277448 	0.622396 	0.0272076 	
1.205	0.0569675 	-0.0453335 	-1.97372 	0.277892 	0.624002 	0.0279749 	
1.21	0.0569776 	-0.0456935 	-1.97341 	0.277898 	0.624047 	0.0279788 	
1.215	0.0569877 	-0.0460535 	-1.97309 	0.277905 	0.624091 	0.0279826 	
1.22	0.0571622 	-0.0466476 	-1.9729 	0.278355 	0.625697 	0.0287531 	
1.225	0.0571725 	-0.0470076 	-1.97258 	0.278362 	0.625741 	0.0287567 	
1.23	0.0571828 	-0.0473677 	-1.97227 	0.278368 	0.625784 	0.0287601 	
1.235	0.0573588 	-0.0479619 	-1.97208 	0.278825 	0.62739 	0.0295336 	
1.24	0.0573692 	-0.0483219 	-1.97176 	0.278832 	0.627433 	0.0295368 	
1.245	0.0573797 	-0.0486819 	-1.97144 	0.278838 	0.627476 	0.0295398 	
1.25	0.0575572 	-0.049276 	-1.97125 	0.279302 	0.62908 	0.0303161 	
1.255	0.0575678 	-0.0496359 	-1.97093 	0.279308 	0.629123 	0.0303189 	
1.26	0.0575784 	-0.0499957 	-1.97061 	0.279315 	0.629165 	0.0303216 	
1.265	0.0577574 	-0.0505896 	-1.97042 	0.279786 	0.630767 	0.0311004 	
1.27	0.0577681 	-0.0509492 	-1.9701 	0.279792 	0.630809 	0.0311028 	
1.275	0.0577789 	-0.0513086 	-1.96978 	0.279798 	0.630851 	0.0311051 	
1.28	0.0579592 	-0.0519019 	-1.96959 	0.280275 	0.63245 	0.0318861 	
1.285	0.05797 	-0.0522611 	-1.96927 	0.280281 	0.632492 	0.0318881 	
1.29	0.057981 	-0.0526201 	-1.96895 	0.280287 	0.632532 	0.03189 	
1.295	0.0581625 	-0.0532127 	-1.96875 	0.280771 	0.634129 	0.032673 	
1.3	0.0581736 	-0.0535714 	-1.96843 	0.280777 	0.634169 	0.0326747 	
1.305	0.0581846 	-0.0539298 	-1.96811 	0.280782 	0.63421 	0.0326762 	
1.31	0.0583675 	-0.0545215 	-1.96792 	0.281272 	0.635802 	0.033461 	
1.315	0.0583786 	-0.0548795 	-1.9676 	0.281278 	0.635842 	0.0334622 	
1.32	0.0583898 	-0.0552372 	-1.96728 	0.281284 	0.635882 	0.0334634 	
1.325	0.0585738 	-0.0558277 	-1.96708 	0.28178 	0.63747 	0.0342496 	
1.33	0.0585851 	-0.0561849 	-1.96676 	0.281785 	0.637509 	0.0342505 	
1.335	0.0585964 	-0.0565417 	-1.96644 	0.281791 	0.637548 	0.0342512 	
1.34	0.0587815 	-0.0571308 	-1.96624 	0.282293 	0.639131 	0.0350386 	
1.345	0.0587929 	-0.0574871 	-1.96592 	0.282298 	0.63917 	0.0350391 	
1.35	0.0588044 	-0.057843 	-1.9656 	0.282303 	0.639208 	0.0350395 	
1.355	0.0589905 	-0.0584305 	-1.9654 	0.282811 	0.640786 	0.0358277 	
1.36	0.059002 	-0.0587858 	-1.96508 	0.282816 	0.640823 	0.0358279 	
1.365	0.0590136 	-0.0591406 	-1.96476 	0.282821 	0.640861 	0.0358279 	
1.37	0.0592006 	-0.0597263 	-1.96456 	0.283334 	0.642433 	0.0366168 	
1.375	0.0592123 	-0.0600804 	-1.96424 	0.283339 	0.64247 	0.0366165 	
1.38	0.059224 	-0.060434 	-1.96393 	0.283344 	0.642506 	0.0366162 	
1.385	0.0594119 	-0.0610177 	-1.96372 	0.283862 	0.644072 	0.0374054 	
1.39	0.0594237 	-0.0613704 	-1.9634 	0.283867 	0.644108 	0.0374048 	
1.395	0.0594355 	-0.0617227 	-1.96309 	0.283872 	0.644144 	0.0374041 	
1.4	0.0596242 	-0.0623042 	-1.96288 	0.284395 	0.645702 	0.0381933 	
1.405	0.0596361 	-0.0626555 	-1.96257 	0.2844 	0.645737 	0.0381924 	
1.41	0.059648 	-0.0630064 	-1.96225 	0.284404 	0.645772 	0.0381913 	
1.415	0.0598374 	-0.0635854 	-1.96204 	0.284932 	0.647323 	0.0389803 	
1.42	0.0598493 	-0.0639352 	-1.96173 	0.284937 	0.647357 	0.038979 	
1.425	0.0598614 	-0.0642844 	-1.96141 	0.284941 	0.647392 	0.0389775 	
1.43	0.0600514 	-0.0648608 	-1.9612 	0.285473 	0.648934 	0.039766 	
1.435	0.0600635 	-0.0652089 	-1.96089 	0.285478 	0.648968 	0.0397643 	
1.44	0.0600756 	-0.0655565 	-1.96057 	0.285482 	0.649001 	0.0397625 	
1.445	0.0602661 	-0.0661299 	-1.96037 	0.286018 	0.650534 	0.0405502 	
1.45	0.0602783 	-0.0664763 	-1.96005 	0.286023 	0.650568 	0.0405481 	
1.455	0.0602905 	-0.066822 	-1.95974 	0.286027 	0.650601 	0.040546 	
1.46	0.0604815 	-0.0673924 	-1.95953 	0.286567 	0.652124 	0.0413325 	
1.465	0.0604937 	-0.0677369 	-1.95922 	0.286571 	0.652157 	0.0413302 	
1.47	0.060506 	-0.0680807 	-1.9589 	0.286575 	0.652189 	0.0413277 	
1.475	0.0606974 	-0.0686478 	-1.9587 	0.287119 	0.653703 	0.0421128 	
1.48	0.0607097 	-0.0689903 	-1.95838 	0.287123 	0.653734 	0.0421101 	
1.485	0.060722 	-0.069332 	-1.95807 	0.287127 	0.653766 	0.0421072 	
1.49	0.0609138 	-0.0698957 	-1.95786 	0.287674 	0.655269 	0.0428906 	
1.495	0.0609261 	-0.070236 	-1.95755 	0.287678 	0.6553 	0.0428876 	
1.5	0.0609385 	-0.0705755 	-1.95724 	0.287682 	0.655331 	0.0428844 	
1.505	0.0611304 	-0.0711355 	-1.95703 	0.288232 	0.656823 	0.0436658 	
1.51	0.0611428 	-0.0714735 	-1.95672 	0.288236 	0.656853 	0.0436624 	
1.515	0.0611553 	-0.0718108 	-1.95642 	0.288239 	0.656883 	0.0436589 	
1.52	0.0613473 	-0.0723669 	-1.95621 	0.288793 	0.658364 	0.0444379 	
1.525	0.0613598 	-0.0727026 	-1.9559 	0.288796 	0.658393 	0.0444342 	
1.53	0.0613723 	-0.0730374 	-1.95559 	0.288799 	0.658423 	0.0444304 	
1.535	0.0615643 	-0.0735894 	-1.95538 	0.289355 	0.659892 	0.0452068 	
1.54	0.0615768 	-0.0739226 	-1.95508 	0.289358 	0.65992 	0.0452028 	
1.545	0.0615893 	-0.0742549 	-1.95477 	0.289361 	0.659949 	0.0451987 	
1.55	0.0617813 	-0.0748027 	-1.95456 	0.289919 	0.661405 	0.0459721 	
1.555	0.0617939 	-0.0751333 	-1.95426 	0.289922 	0.661433 	0.0459678 	
1.56	0.0618064 	-0.0754629 	-1.95395 	0.289925 	0.661461 	0.0459634 	
1.565	0.061819 	-0.0757917 	-1.95365 	0.289928 	0.661488 	0.0459589 	
1.57	0.0620644 	-0.0763981 	-1.95347 	0.290655 	0.663353 	0.0469601 	
1.575	0.062077 	-0.076725 	-1.95317 	0.290658 	0.66338 	0.0469554 	
1.58	0.0620895 	-0.077051 	-1.95287 	0.29066 	0.663407 	0.0469506 	
1.585	0.0622865 	-0.0775945 	-1.95266 	0.291239 	0.664875 	0.0477397 	
1.59	0.062299 	-0.0779185 	-1.95236 	0.291242 	0.664901 	0.0477347 	
1.595	0.0623116 	-0.0782416 	-1.95207 	0.291244 	0.664927 	0.0477296 	
1.6	0.0623242 	-0.0785637 	-1.95177 	0.291247 	0.664953 	0.0477244 	
1.605	0.0625692 	-0.0791581 	-1.95159 	0.291979 	0.666781 	0.0487166 	
1.61	0.0625817 	-0.0794782 	-1.95129 	0.291982 	0.666806 	0.0487113 	
1.615	0.0625943 	-0.0797972 	-1.95099 	0.291984 	0.666831 	0.0487058 	
1.62	0.0626069 	-0.0801152 	-1.9507 	0.291986 	0.666856 	0.0487003 	
1.625	0.0628559 	-0.0807076 	-1.95052 	0.292736 	0.668696 	0.0497062 	
1.63	0.0628685 	-0.0810235 	-1.95023 	0.292738 	0.668721 	0.0497005 	
1.635	0.0628811 	-0.0813383 	-1.94994 	0.29274 	0.668745 	0.0496947 	
1.64	0.0628936 	-0.081652 	-1.94964 	0.292742 	0.668768 	0.0496888 	
1.645	0.063142 	-0.0822368 	-1.94947 	0.293493 	0.670586 	0.0506885 	
1.65	0.0631545 	-0.0825483 	-1.94918 	0.293495 	0.670609 	0.0506825 	
1.655	0.0631671 	-0.0828587 	-1.94889 	0.293497 	0.670632 	0.0506764 	
1.66	0.0631796 	-0.0831679 	-1.9486 	0.293499 	0.670655 	0.0506702 	
1.665	0.0634267 	-0.0837443 	-1.94842 	0.29425 	0.672445 	0.0516608 	
1.67	0.0634392 	-0.0840513 	-1.94814 	0.294252 	0.672468 	0.0516545 	
1.675	0.0634517 	-0.084357 	-1.94785 	0.294253 	0.67249 	0.0516481 	
1.68	0.0634642 	-0.0846616 	-1.94757 	0.294255 	0.672512 	0.0516416 	
1.685	0.0637096 	-0.0852292 	-1.94739 	0.295005 	0.674273 	0.0526223 	
1.69	0.0637221 	-0.0855314 	-1.94711 	0.295007 	0.674294 	0.0526156 	
1.695	0.0637345 	-0.0858323 	-1.94682 	0.295008 	0.674315 	0.052609 	
1.7	0.0637469 	-0.0861321 	-1.94654 	0.295009 	0.674336 	0.0526022 	
1.705	0.0639905 	-0.0866904 	-1.94637 	0.295757 	0.676068 	0.0535721 	
1.71	0.0640029 	-0.0869877 	-1.94609 	0.295758 	0.676088 	0.0535652 	
1.715	0.0640153 	-0.0872837 	-1.94581 	0.29576 	0.676109 	0.0535583 	
1.72	0.0640276 	-0.0875784 	-1.94553 	0.295761 	0.676129 	0.0535513 	
1.725	0.0642692 	-0.0881272 	-1.94536 	0.296506 	0.677829 	0.0545096 	
1.73	0.0642815 	-0.0884194 	-1.94509 	0.296507 	0.677849 	0.0545025 	
1.735	0.0642937 	-0.0887102 	-1.94481 	0.296508 	0.677868 	0.0544953 	
1.74	0.064306 	-0.0889998 	-1.94454 	0.296509 	0.677887 	0.0544881 	
1.745	0.0645452 	-0.0895387 	-1.94437 	0.29725 	0.679556 	0.0554342 	
1.75	0.0645574 	-0.0898256 	-1.9441 	0.297251 	0.679575 	0.0554268 	
1.755	0.0645696 	-0.0901111 	-1.94383 	0.297252 	0.679593 	0.0554194 	
1.76	0.0645818 	-0.0903953 	-1.94356 	0.297252 	0.679612 	0.055412 	
1.765	0.0648184 	-0.0909241 	-1.94339 	0.297989 	0.681248 	0.056345 	
1.77	0.0648305 	-0.0912055 	-1.94312 	0.297989 	0.681266 	0.0563374 	
1.775	0.0648426 	-0.0914855 	-1.94286 	0.29799 	0.681283 	0.0563298 	
1.78	0.0648546 	-0.0917642 	-1.94259 	0.29799 	0.681301 	0.0563222 	
1.785	0.0650885 	-0.0922825 	-1.94242 	0.298721 	0.682904 	0.0572414 	
1.79	0.0651004 	-0.0925583 	-1.94216 	0.298722 	0.68292 	0.0572337 	
1.795	0.0651124 	-0.0928327 	-1.9419 	0.298722 	0.682937 	0.0572259 	
1.8	0.0651243 	-0.0931056 	-1.94164 	0.298722 	0.682954 	0.0572181 	
1.805	0.0653551 	-0.0936131 	-1.94148 	0.299446 	0.684522 	0.0581227 	
1.81	0.0653669 	-0.0938832 	-1.94122 	0.299447 	0.684538 	0.0581148 	
1.815	0.0653787 	-0.0941517 	-1.94096 	0.299447 	0.684554 	0.0581069 	
1.82	0.0653905 	-0.0944188 	-1.94071 	0.299447 	0.68457 	0.058099 	
1.825	0.0656181 	-0.0949152 	-1.94055 	0.300164 	0.686103 	0.0589883 	
1.83	0.0656297 	-0.0951794 	-1.94029 	0.300164 	0.686118 	0.0589803 	
1.835	0.0656413 	-0.0954419 	-1.94004 	0.300164 	0.686133 	0.0589722 	
1.84	0.0656529 	-0.095703 	-1.9398 	0.300164 	0.686148 	0.0589642 	
1.845	0.065877 	-0.0961881 	-1.93963 	0.300872 	0.687646 	0.0598374 	
1.85	0.0658885 	-0.0964461 	-1.93939 	0.300872 	0.68766 	0.0598293 	
1.855	0.0658999 	-0.0967026 	-1.93914 	0.300872 	0.687674 	0.0598212 	
1.86	0.0659114 	-0.0969575 	-1.9389 	0.300872 	0.687688 	0.059813 	
1.865	0.0661317 	-0.0974309 	-1.93874 	0.301571 	0.689149 	0.0606694 	
1.87	0.066143 	-0.0976827 	-1.9385 	0.301571 	0.689163 	0.0606612 	
1.875	0.0661543 	-0.0979329 	-1.93826 	0.301571 	0.689176 	0.060653 	
1.88	0.0661655 	-0.0981815 	-1.93802 	0.301571 	0.689189 	0.0606448 	
1.885	0.0663819 	-0.0986429 	-1.93786 	0.302259 	0.690612 	0.0614836 	
1.89	0.066393 	-0.0988883 	-1.93763 	0.302259 	0.690625 	0.0614754 	
1.895	0.066404 	-0.0991321 	-1.93739 	0.302259 	0.690638 	0.0614672 	
1.9	0.066415 	-0.0993743 	-1.93716 	0.302259 	0.690651 	0.0614589 	
1.905	0.0666272 	-0.0998235 	-1.93701 	0.302936 	0.692036 	0.0622795 	
1.91	0.0666381 	-0.100062 	-1.93678 	0.302936 	0.692048 	0.0622712 	
1.915	0.066649 	-0.1003 	-1.93655 	0.302935 	0.69206 	0.0622629 	
1.92	0.0666598 	-0.100535 	-1.93632 	0.302935 	0.692072 	0.0622546 	
1.925	0.0666705 	-0.100769 	-1.9361 	0.302934 	0.692084 	0.0622463 	
1.93	0.0669217 	-0.101249 	-1.93596 	0.303747 	0.693723 	0.0632265 	
1.935	0.0669323 	-0.10148 	-1.93574 	0.303747 	0.693734 	0.0632182 	
1.94	0.0669429 	-0.101708 	-1.93552 	0.303746 	0.693746 	0.06321 	
1.945	0.0669534 	-0.101935 	-1.9353 	0.303746 	0.693757 	0.0632017 	
1.95	0.0669638 	-0.102161 	-1.93509 	0.303745 	0.693768 	0.0631934 	
1.955	0.0672124 	-0.102628 	-1.93495 	0.304553 	0.695377 	0.0641619 	
1.96	0.0672227 	-0.10285 	-1.93474 	0.304553 	0.695387 	0.0641536 	
1.965	0.067233 	-0.10307 	-1.93453 	0.304552 	0.695397 	0.0641454 	
1.97	0.0672432 	-0.103288 	-1.93432 	0.304551 	0.695408 	0.0641372 	
1.975	0.0672533 	-0.103505 	-1.93411 	0.304551 	0.695418 	0.064129 	
1.98	0.0674947 	-0.103954 	-1.93398 	0.305338 	0.696967 	0.0650671 	
1.985	0.0675047 	-0.104168 	-1.93378 	0.305338 	0.696977 	0.0650589 	
1.99	0.0675146 	-0.104379 	-1.93357 	0.305337 	0.696986 	0.0650508 	
1.995	0.0675244 	-0.104589 	-1.93337 	0.305336 	0.696996 	0.0650426 	
2	0.0675342 	-0.104797 	-1.93317 	0.305335 	0.697005 	0.0650345 	
2.005	0.0677675 	-0.105227 	-1.93305 	0.306099 	0.69849 	0.0659391 	
2.01	0.0677772 	-0.105431 	-1.93285 	0.306099 	0.698499 	0.0659311 	
2.015	0.0677867 	-0.105634 	-1.93265 	0.306098 	0.698508 	0.065923 	
2.02	0.0677963 	-0.105834 	-1.93246 	0.306097 	0.698517 	0.065915 	
2.025	0.0678057 	-0.106033 	-1.93227 	0.306096 	0.698525 	0.065907 	
2.03	0.0680305 	-0.106445 	-1.93215 	0.306835 	0.699945 	0.0667767 	
2.035	0.0680398 	-0.10664 	-1.93196 	0.306834 	0.699953 	0.0667688 	
2.04	0.068049 	-0.106833 	-1.93177 	0.306833 	0.699961 	0.0667609 	
2.045	0.0680581 	-0.107025 	-1.93158 	0.306832 	0.699969 	0.0667531 	
2.05	0.0680672 	-0.107214 	-1.9314 	0.306831 	0.699977 	0.0667453 	
2.055	0.0680762 	-0.107402 	-1.93122 	0.30683 	0.699985 	0.0667375 	
2.06	0.068328 	-0.107828 	-1.93112 	0.307666 	0.701572 	0.0677173 	
2.065	0.0683368 	-0.108012 	-1.93094 	0.307665 	0.70158 	0.0677096 	
2.07	0.0683456 	-0.108194 	-1.93076 	0.307664 	0.701587 	0.067702 	
2.075	0.0683543 	-0.108374 	-1.93059 	0.307663 	0.701594 	0.0676944 	
2.08	0.0683628 	-0.108553 	-1.93041 	0.307662 	0.701601 	0.0676868 	
2.085	0.0683714 	-0.108729 	-1.93024 	0.307661 	0.701608 	0.0676793 	
2.09	0.0686139 	-0.109133 	-1.93015 	0.30847 	0.703124 	0.0686215 	
2.095	0.0686222 	-0.109306 	-1.92998 	0.308469 	0.703131 	0.0686141 	
2.1	0.0686305 	-0.109476 	-1.92981 	0.308468 	0.703138 	0.0686067 	
2.105	0.0686387 	-0.109645 	-1.92965 	0.308467 	0.703144 	0.0685994 	
2.11	0.0686468 	-0.109812 	-1.92949 	0.308466 	0.70315 	0.0685921 	
2.115	0.0686548 	-0.109976 	-1.92933 	0.308464 	0.703157 	0.0685849 	
2.12	0.0688837 	-0.110354 	-1.92924 	0.30923 	0.704577 	0.0694726 	
2.125	0.0688916 	-0.110515 	-1.92908 	0.309229 	0.704583 	0.0694655 	
2.13	0.0688993 	-0.110674 	-1.92892 	0.309228 	0.704588 	0.0694585 	
2.135	0.068907 	-0.110831 	-1.92877 	0.309227 	0.704594 	0.0694515 	
2.14	0.0689145 	-0.110986 	-1.92862 	0.309226 	0.7046 	0.0694446 	
2.145	0.068922 	-0.111139 	-1.92847 	0.309225 	0.704606 	0.0694377 	
2.15	0.0689294 	-0.11129 	-1.92832 	0.309224 	0.704611 	0.0694309 	
2.155	0.0691733 	-0.111668 	-1.92825 	0.310046 	0.706118 	0.0703798 	
2.16	0.0691805 	-0.111815 	-1.9281 	0.310045 	0.706123 	0.0703731 	
2.165	0.0691876 	-0.11196 	-1.92796 	0.310044 	0.706128 	0.0703665 	
2.17	0.0691946 	-0.112103 	-1.92782 	0.310043 	0.706133 	0.07036 	
2.175	0.0692016 	-0.112244 	-1.92769 	0.310042 	0.706138 	0.0703535 	
2.18	0.0692084 	-0.112383 	-1.92755 	0.310041 	0.706143 	0.0703471 	
2.185	0.0692152 	-0.11252 	-1.92742 	0.31004 	0.706148 	0.0703408 	
2.19	0.0694419 	-0.112866 	-1.92735 	0.310808 	0.707539 	0.0712222 	
2.195	0.0694485 	-0.112999 	-1.92722 	0.310807 	0.707543 	0.071216 	
2.2	0.069455 	-0.11313 	-1.92709 	0.310806 	0.707547 	0.0712099 	
2.205	0.0694613 	-0.113259 	-1.92696 	0.310805 	0.707552 	0.0712039 	
2.21	0.0694676 	-0.113386 	-1.92684 	0.310804 	0.707556 	0.0711979 	
2.215	0.0694738 	-0.11351 	-1.92672 	0.310803 	0.70756 	0.071192 	
2.22	0.0694799 	-0.113633 	-1.9266 	0.310802 	0.707564 	0.0711862 	
2.225	0.0694859 	-0.113754 	-1.92648 	0.310801 	0.707568 	0.0711805 	
2.23	0.0697153 	-0.114085 	-1.92643 	0.311583 	0.708969 	0.0720745 	
2.235	0.0697211 	-0.114202 	-1.92631 	0.311582 	0.708973 	0.072069 	
2.24	0.0697268 	-0.114316 	-1.9262 	0.311581 	0.708977 	0.0720635 	
2.245	0.0697324 	-0.114429 	-1.92609 	0.31158 	0.708981 	0.0720581 	
2.25	0.0697379 	-0.114539 	-1.92598 	0.311579 	0.708984 	0.0720528 	
2.255	0.0697433 	-0.114647 	-1.92588 	0.311578 	0.708987 	0.0720476 	
2.26	0.0697486 	-0.114753 	-1.92577 	0.311577 	0.708991 	0.0720425 	
2.265	0.0697538 	-0.114858 	-1.92567 	0.311576 	0.708994 	0.0720375 	
2.27	0.0697589 	-0.11496 	-1.92557 	0.311575 	0.708997 	0.0720325 	
2.275	0.0699825 	-0.115266 	-1.92553 	0.312343 	0.710357 	0.0729062 	
2.28	0.0699874 	-0.115364 	-1.92544 	0.312342 	0.71036 	0.0729014 	
2.285	0.0699922 	-0.11546 	-1.92534 	0.312341 	0.710363 	0.0728967 	
2.29	0.0699969 	-0.115553 	-1.92525 	0.31234 	0.710366 	0.0728922 	
2.295	0.0700015 	-0.115645 	-1.92516 	0.312339 	0.710369 	0.0728877 	
2.3	0.070006 	-0.115734 	-1.92507 	0.312338 	0.710372 	0.0728833 	
2.305	0.0700104 	-0.115822 	-1.92499 	0.312337 	0.710374 	0.072879 	
2.31	0.0700146 	-0.115907 	-1.9249 	0.312337 	0.710377 	0.0728748 	
2.315	0.0700188 	-0.11599 	-1.92482 	0.312336 	0.710379 	0.0728707 	
2.32	0.0700229 	-0.116071 	-1.92474 	0.312335 	0.710382 	0.0728667 	
2.325	0.0700269 	-0.11615 	-1.92466 	0.312334 	0.710384 	0.0728628 	
2.33	0.0702471 	-0.116429 	-1.92465 	0.313096 	0.71172 	0.073727 	
2.335	0.0702509 	-0.116504 	-1.92458 	0.313096 	0.711722 	0.0737233 	
2.34	0.0702545 	-0.116576 	-1.9245 	0.313095 	0.711724 	0.0737197 	
2.345	0.0702581 	-0.116646 	-1.92443 	0.313094 	0.711726 	0.0737162 	
2.35	0.0702615 	-0.116715 	-1.92437 	0.313094 	0.711728 	0.0737128 	
2.355	0.0702648 	-0.116781 	-1.9243 	0.313093 	0.71173 	0.0737095 	
2.36	0.0702681 	-0.116845 	-1.92424 	0.313092 	0.711732 	0.0737063 	
2.365	0.0702712 	-0.116906 	-1.92418 	0.313092 	0.711734 	0.0737032 	
2.37	0.0702742 	-0.116966 	-1.92412 	0.313091 	0.711735 	0.0737002 	
2.375	0.0702771 	-0.117023 	-1.92406 	0.313091 	0.711737 	0.0736973 	
2.38	0.0702799 	-0.117079 	-1.92401 	0.31309 	0.711739 	0.0736945 	
2.385	0.0702826 	-0.117132 	-1.92396 	0.31309 	0.71174 	0.0736918 	
2.39	0.0702852 	-0.117183 	-1.92391 	0.313089 	0.711742 	0.0736892 	
2.395	0.0702877 	-0.117232 	-1.92386 	0.313088 	0.711743 	0.0736868 	
2.4	0.07029 	-0.117278 	-1.92381 	0.313088 	0.711744 	0.0736844 	
2.405	0.0702923 	-0.117323 	-1.92377 	0.313088 	0.711746 	0.0736821 	
2.41	0.0702944 	-0.117365 	-1.92373 	0.313087 	0.711747 	0.07368 	
2.415	0.070517 	-0.117611 	-1.92375 	0.313866 	0.713097 	0.0745612 	
2.42	0.0705188 	-0.117645 	-1.92371 	0.313866 	0.713098 	0.0745594 	
2.425	0.0705208 	-0.117685 	-1.92367 	0.313866 	0.7131 	0.0745574 	
2.43	0.0705223 	-0.117715 	-1.92364 	0.313865 	0.7131 	0.0745559 	
2.435	0.0705239 	-0.117747 	-1.92361 	0.313865 	0.713101 	0.0745543 	
2.44	0.0705254 	-0.117776 	-1.92358 	0.313865 	0.713102 	0.0745528 	
2.445	0.0705268 	-0.117804 	-1.92356 	0.313864 	0.713103 	0.0745514 	
2.45	0.0705281 	-0.117829 	-1.92353 	0.313864 	0.713103 	0.0745501 	
2.455	0.0705292 	-0.117852 	-1.92351 	0.313864 	0.713104 	0.0745489 	
2.46	0.0705303 	-0.117873 	-1.92349 	0.313864 	0.713105 	0.0745478 	
2.465	0.0705313 	-0.117892 	-1.92347 	0.313864 	0.713105 	0.0745469 	
2.47	0.0705321 	-0.117908 	-1.92345 	0.313863 	0.713106 	0.074546 	
2.475	0.0705328 	-0.117922 	-1.92344 	0.313863 	0.713106 	0.0745453 	
2.48	0.0705334 	-0.117935 	-1.92343 	0.313863 	0.713106 	0.0745447 	
2.485	0.070534 	-0.117945 	-1.92342 	0.313863 	0.713107 	0.0745441 	
2.49	0.0705344 	-0.117953 	-1.92341 	0.313863 	0.713107 	0.0745437 	
2.495	0.0705346 	-0.117958 	-1.9234 	0.313863 	0.713107 	0.0745435 	
2.5	0.0705346 	-0.117958 	-1.9234 	0.313863 	0.713107 	0.0745435 	
2.505	0.0705269 	-0.117954 	-1.92341 	0.313866 	0.713109 	0.0745537 	
2.51	0.0705269 	-0.117954 	-1.92341 	0.313866 	0.713109 	0.0745537 	
2.515	0.0705239 	-0.117954 	-1.92341 	0.313866 	0.713106 	0.0745565 	
2.52	0.0705207 	-0.117954 	-1.92341 	0.313867 	0.713103 	0.0745589 	
2.525	0.0705164 	-0.117955 	-1.9234 	0.313867 	0.713098 	0.0745622 	
2.53	0.0705108 	-0.117956 	-1.9234 	0.313867 	0.713092 	0.0745665 	
2.535	0.070504 	-0.117957 	-1.92339 	0.313867 	0.713084 	0.0745717 	
2.54	0.0704959 	-0.117959 	-1.92338 	0.313868 	0.713075 	0.0745778 	
2.545	0.0704865 	-0.11796 	-1.92337 	0.313868 	0.713065 	0.074585 	
2.55	0.0704759 	-0.117962 	-1.92336 	0.313869 	0.713053 	0.0745931 	
2.555	0.070464 	-0.117964 	-1.92335 	0.313869 	0.71304 	0.0746022 	
2.56	0.0704508 	-0.117967 	-1.92333 	0.31387 	0.713025 	0.0746122 	
2.565	0.0704363 	-0.117969 	-1.92332 	0.31387 	0.713009 	0.0746232 	
2.57	0.0705041 	-0.118032 	-1.92332 	0.314187 	0.713411 	0.0760547 	
2.575	0.0704871 	-0.118035 	-1.9233 	0.314188 	0.713393 	0.0760676 	
2.58	0.0704689 	-0.118038 	-1.92328 	0.314189 	0.713372 	0.0760815 	
2.585	0.0704494 	-0.118041 	-1.92326 	0.31419 	0.713351 	0.0760963 	
2.59	0.0704287 	-0.118045 	-1.92324 	0.314191 	0.713328 	0.0761121 	
2.595	0.0704067 	-0.118049 	-1.92322 	0.314192 	0.713303 	0.0761289 	
2.6	0.0703796 	-0.118028 	-1.92319 	0.314205 	0.713145 	0.0774707 	
2.605	0.070355 	-0.118032 	-1.92316 	0.314206 	0.713118 	0.0774893 	
2.61	0.0703293 	-0.118037 	-1.92313 	0.314207 	0.713089 	0.0775089 	
2.615	0.0702995 	-0.118042 	-1.9231 	0.314208 	0.713056 	0.0775316 	
2.62	0.0702737 	-0.118047 	-1.92307 	0.314209 	0.713027 	0.0775512 	
2.625	0.0702274 	-0.118015 	-1.92303 	0.31419 	0.712783 	0.0790288 	
2.63	0.0701964 	-0.118021 	-1.923 	0.314191 	0.712749 	0.0790523 	
2.635	0.0701643 	-0.118027 	-1.92296 	0.314192 	0.712713 	0.0790768 	
2.64	0.0701309 	-0.118033 	-1.92293 	0.314194 	0.712676 	0.0791022 	
2.645	0.0700816 	-0.118002 	-1.92288 	0.314171 	0.712429 	0.0805486 	
2.65	0.0700457 	-0.118008 	-1.92284 	0.314173 	0.712389 	0.0805759 	
2.655	0.0700086 	-0.118015 	-1.92281 	0.314175 	0.712348 	0.0806041 	
2.66	0.0699703 	-0.118022 	-1.92276 	0.314176 	0.712305 	0.0806333 	
2.665	0.069914 	-0.117987 	-1.92271 	0.31415 	0.712024 	0.0822729 	
2.67	0.0698732 	-0.117994 	-1.92267 	0.314152 	0.711978 	0.0823039 	
2.675	0.0698311 	-0.118002 	-1.92262 	0.314154 	0.711932 	0.0823359 	
2.68	0.0697734 	-0.117973 	-1.92257 	0.314132 	0.711679 	0.0837559 	
2.685	0.0697289 	-0.117981 	-1.92252 	0.314134 	0.711629 	0.0837897 	
2.69	0.0696832 	-0.11799 	-1.92247 	0.314136 	0.711579 	0.0838244 	
2.695	0.069621 	-0.11796 	-1.92241 	0.314113 	0.711309 	0.0853319 	
2.7	0.0695839 	-0.117981 	-1.92234 	0.314111 	0.711254 	0.0853539 	
2.705	0.0695347 	-0.11799 	-1.92229 	0.314113 	0.711199 	0.0853912 	
2.71	0.0694676 	-0.117958 	-1.92223 	0.314088 	0.710909 	0.0870161 	
2.715	0.0694158 	-0.117968 	-1.92217 	0.31409 	0.710851 	0.0870554 	
2.72	0.0693629 	-0.117978 	-1.92211 	0.314092 	0.710792 	0.0870956 	
2.725	0.069291 	-0.117943 	-1.92205 	0.314065 	0.71048 	0.0888399 	
2.73	0.0692356 	-0.117954 	-1.92199 	0.314068 	0.710419 	0.0888819 	
2.735	0.069166 	-0.117932 	-1.92192 	0.314048 	0.71017 	0.0901829 	
2.74	0.0691082 	-0.117942 	-1.92185 	0.314051 	0.710106 	0.0902267 	
2.745	0.0690362 	-0.117921 	-1.92178 	0.314032 	0.709854 	0.0915311 	
2.75	0.0689761 	-0.117932 	-1.92172 	0.314034 	0.709787 	0.0915767 	
2.755	0.0689012 	-0.11791 	-1.92164 	0.314014 	0.709526 	0.092929 	
2.76	0.0688387 	-0.117922 	-1.92158 	0.314017 	0.709456 	0.0929764 	
2.765	0.0687609 	-0.117899 	-1.9215 	0.313996 	0.709186 	0.0943806 	
2.77	0.0686961 	-0.117911 	-1.92143 	0.313999 	0.709113 	0.0944297 	
2.775	0.0686155 	-0.117887 	-1.92135 	0.313978 	0.708832 	0.095886 	
2.78	0.0685484 	-0.1179 	-1.92128 	0.31398 	0.708757 	0.0959368 	
2.785	0.0684649 	-0.117876 	-1.92119 	0.313958 	0.708466 	0.0974448 	
2.79	0.0683955 	-0.11789 	-1.92112 	0.313961 	0.708389 	0.0974973 	
2.795	0.0683092 	-0.117864 	-1.92103 	0.313938 	0.708088 	0.0990567 	
2.8	0.0682375 	-0.117878 	-1.92095 	0.313941 	0.708007 	0.099111 	
2.805	0.0681484 	-0.117852 	-1.92086 	0.313917 	0.707697 	0.100721 	
2.81	0.0680744 	-0.117867 	-1.92078 	0.31392 	0.707614 	0.100777 	
2.815	0.0679826 	-0.11784 	-1.92069 	0.313896 	0.707293 	0.102438 	
2.82	0.0679064 	-0.117856 	-1.92061 	0.313899 	0.707208 	0.102496 	
2.825	0.0678118 	-0.117828 	-1.92051 	0.313873 	0.706878 	0.104207 	
2.83	0.0677333 	-0.117844 	-1.92042 	0.313876 	0.70679 	0.104266 	
2.835	0.0676359 	-0.117816 	-1.92033 	0.31385 	0.70645 	0.106027 	
2.84	0.0675553 	-0.117833 	-1.92024 	0.313854 	0.706359 	0.106088 	
2.845	0.0674552 	-0.117804 	-1.92014 	0.313827 	0.70601 	0.107898 	
2.85	0.0673723 	-0.117821 	-1.92005 	0.31383 	0.705917 	0.10796 	
2.855	0.0672696 	-0.117792 	-1.91994 	0.313802 	0.705558 	0.109819 	
2.86	0.0671846 	-0.11781 	-1.91985 	0.313806 	0.705463 	0.109883 	
2.865	0.0670792 	-0.11778 	-1.91974 	0.313777 	0.705094 	0.11179 	
2.87	0.066992 	-0.117799 	-1.91964 	0.313781 	0.704997 	0.111856 	
2.875	0.066884 	-0.117768 	-1.91953 	0.313751 	0.704619 	0.113811 	
2.88	0.0667946 	-0.117787 	-1.91943 	0.313755 	0.704519 	0.113878 	
2.885	0.066684 	-0.117756 	-1.91932 	0.313725 	0.704132 	0.115881 	
2.89	0.0665926 	-0.117776 	-1.91922 	0.313728 	0.704029 	0.11595 	
2.895	0.0664794 	-0.117745 	-1.9191 	0.313698 	0.703633 	0.117999 	
2.9	0.0663859 	-0.117765 	-1.919 	0.313701 	0.703528 	0.118069 	
2.905	0.0662701 	-0.117733 	-1.91888 	0.31367 	0.703123 	0.120165 	
2.91	0.0661745 	-0.117754 	-1.91877 	0.313673 	0.703015 	0.120237 	
2.915	0.0660563 	-0.117722 	-1.91865 	0.313641 	0.702602 	0.122378 	
2.92	0.0659586 	-0.117743 	-1.91854 	0.313645 	0.702492 	0.122452 	
2.925	0.0658379 	-0.11771 	-1.91842 	0.313612 	0.702069 	0.124639 	
2.93	0.0657382 	-0.117733 	-1.91831 	0.313615 	0.701957 	0.124713 	
2.935	0.065615 	-0.117699 	-1.91818 	0.313582 	0.701525 	0.126945 	
2.94	0.0655134 	-0.117722 	-1.91806 	0.313585 	0.701411 	0.127021 	
2.945	0.0653877 	-0.117689 	-1.91793 	0.313551 	0.700971 	0.129297 	
2.95	0.0652842 	-0.117712 	-1.91782 	0.313555 	0.700854 	0.129375 	
2.955	0.0651561 	-0.117678 	-1.91768 	0.31352 	0.700405 	0.131694 	
2.96	0.0650506 	-0.117703 	-1.91756 	0.313523 	0.700286 	0.131773 	
2.965	0.0649202 	-0.117668 	-1.91743 	0.313487 	0.699829 	0.134136 	
2.97	0.0647994 	-0.117661 	-1.9173 	0.313469 	0.69952 	0.135487 	
2.975	0.064691 	-0.117686 	-1.91717 	0.313473 	0.699398 	0.135569 	
2.98	0.0645582 	-0.117654 	-1.91703 	0.313438 	0.698944 	0.137891 	
2.985	0.0644343 	-0.117647 	-1.9169 	0.313419 	0.698628 	0.139268 	
2.99	0.0643232 	-0.117673 	-1.91677 	0.313423 	0.698502 	0.139351 	
2.995	0.064187 	-0.117641 	-1.91663 	0.313387 	0.698036 	0.141733 	
3	0.06406 	-0.117634 	-1.91649 	0.313367 	0.697713 	0.143144 	
3.005	0.0639462 	-0.117661 	-1.91636 	0.313371 	0.697583 	0.143229 	
3.01	0.0638067 	-0.117628 	-1.91621 	0.313334 	0.697106 	0.145668 	
3.015	0.0636767 	-0.117622 	-1.91607 	0.313314 	0.696775 	0.147113 	
3.02	0.0635468 	-0.117618 	-1.91593 	0.313296 	0.696455 	0.148467 	
3.025	0.0634161 	-0.117614 	-1.91578 	0.313277 	0.696135 	0.149822 	
3.03	0.0632844 	-0.117611 	-1.91564 	0.313259 	0.695813 	0.151186 	
3.035	0.0631517 	-0.117607 	-1.91549 	0.313241 	0.695488 	0.152559 	
3.04	0.0630181 	-0.117604 	-1.91534 	0.313222 	0.695161 	0.153942 	
3.045	0.0628836 	-0.117601 	-1.91519 	0.313203 	0.694831 	0.155335 	
3.05	0.0627482 	-0.117598 	-1.91504 	0.313184 	0.694499 	0.156738 	
3.055	0.0626118 	-0.117596 	-1.91489 	0.313165 	0.694165 	0.15815 	
3.06	0.0624745 	-0.117593 	-1.91474 	0.313145 	0.693828 	0.159571 	
3.065	0.0623363 	-0.117591 	-1.91458 	0.313126 	0.693489 	0.161002 	
3.07	0.0621971 	-0.117589 	-1.91443 	0.313106 	0.693148 	0.162442 	
3.075	0.0620572 	-0.117587 	-1.91427 	0.313086 	0.692805 	0.163892 	
3.08	0.0619163 	-0.117585 	-1.91411 	0.313066 	0.692459 	0.16535 	
3.085	0.0617745 	-0.117584 	-1.91395 	0.313046 	0.692111 	0.166817 	
3.09	0.0616319 	-0.117582 	-1.91379 	0.313025 	0.691761 	0.168294 	
3.095	0.0614885 	-0.117581 	-1.91363 	0.313005 	0.691409 	0.169779 	
3.1	0.0613442 	-0.11758 	-1.91346 	0.312984 	0.691055 	0.171273 	
3.105	0.0611991 	-0.117579 	-1.9133 	0.312963 	0.690699 	0.172775 	
3.11	0.0610531 	-0.117578 	-1.91313 	0.312942 	0.69034 	0.174286 	
3.115	0.0609064 	-0.117578 	-1.91297 	0.312921 	0.68998 	0.175805 	
3.12	0.0607588 	-0.117578 	-1.9128 	0.312899 	0.689617 	0.177333 	
3.125	0.0606105 	-0.117578 	-1.91263 	0.312878 	0.689252 	0.178869 	
3.13	0.0604613 	-0.117578 	-1.91246 	0.312856 	0.688885 	0.180413 	
3.135	0.0603114 	-0.117578 	-1.91229 	0.312834 	0.688517 	0.181965 	
3.14	0.0601607 	-0.117579 	-1.91211 	0.312812 	0.688146 	0.183525 	
3.145	0.0600093 	-0.11758 	-1.91194 	0.31279 	0.687774 	0.185093 	
3.15	0.0598571 	-0.117581 	-1.91177 	0.312768 	0.687399 	0.186669 	
3.155	0.0597042 	-0.117582 	-1.91159 	0.312745 	0.687023 	0.188252 	
3.16	0.0595506 	-0.117584 	-1.91141 	0.312723 	0.686644 	0.189843 	
3.165	0.0593962 	-0.117586 	-1.91123 	0.3127 	0.686264 	0.191441 	
3.17	0.0592411 	-0.117588 	-1.91105 	0.312677 	0.685882 	0.193047 	
3.175	0.0590854 	-0.11759 	-1.91087 	0.312654 	0.685498 	0.19466 	
3.18	0.0589289 	-0.117593 	-1.91069 	0.312631 	0.685113 	0.19628 	
3.185	0.0587718 	-0.117596 	-1.91051 	0.312607 	0.684725 	0.197907 	
3.19	0.0586141 	-0.117599 	-1.91032 	0.312584 	0.684336 	0.199541 	
3.195	0.0584556 	-0.117602 	-1.91014 	0.31256 	0.683945 	0.201182 	
3.2	0.0582965 	-0.117606 	-1.90995 	0.312536 	0.683553 	0.202829 	
3.205	0.0581368 	-0.117609 	-1.90976 	0.312512 	0.683159 	0.204484 	
3.21	0.0579765 	-0.117613 	-1.90957 	0.312488 	0.682763 	0.206144 	
3.215	0.0578156 	-0.117618 	-1.90939 	0.312464 	0.682365 	0.207812 	
3.22	0.057654 	-0.117623 	-1.90919 	0.312439 	0.681966 	0.209485 	
3.225	0.0574919 	-0.117627 	-1.909 	0.312415 	0.681566 	0.211165 	
3.23	0.0573292 	-0.117633 	-1.90881 	0.31239 	0.681164 	0.212851 	
3.235	0.0571659 	-0.117638 	-1.90862 	0.312365 	0.68076 	0.214543 	
3.24	0.0570021 	-0.117644 	-1.90842 	0.31234 	0.680355 	0.21624 	
3.245	0.0568377 	-0.11765 	-1.90822 	0.312315 	0.679948 	0.217944 	
3.25	0.0566727 	-0.117656 	-1.90803 	0.31229 	0.67954 	0.219653 	
3.255	0.0565073 	-0.117663 	-1.90783 	0.312265 	0.67913 	0.221368 	
3.26	0.0563413 	-0.11767 	-1.90763 	0.312239 	0.678719 	0.223088 	
3.265	0.0561749 	-0.117677 	-1.90743 	0.312213 	0.678307 	0.224814 	
3.27	0.0560079 	-0.117684 	-1.90723 	0.312187 	0.677893 	0.226544 	
3.275	0.0558405 	-0.117692 	-1.90703 	0.312162 	0.677478 	0.22828 	
3.28	0.0556725 	-0.1177 	-1.90683 	0.312135 	0.677062 	0.230021 	
3.285	0.0555042 	-0.117708 	-1.90662 	0.312109 	0.676644 	0.231767 	
3.29	0.0553353 	-0.117717 	-1.90642 	0.312083 	0.676225 	0.233518 	
3.295	0.0551661 	-0.117726 	-1.90621 	0.312056 	0.675805 	0.235274 	
3.3	0.0549964 	-0.117735 	-1.906 	0.31203 	0.675384 	0.237034 	
3.305	0.0548263 	-0.117745 	-1.9058 	0.312003 	0.674962 	0.238798 	
3.31	0.0546558 	-0.117755 	-1.90559 	0.311976 	0.674538 	0.240567 	
3.315	0.0544849 	-0.117765 	-1.90538 	0.311949 	0.674113 	0.24234 	
3.32	0.0543136 	-0.117775 	-1.90517 	0.311922 	0.673687 	0.244117 	
3.325	0.0541419 	-0.117786 	-1.90496 	0.311895 	0.673261 	0.245899 	
3.33	0.0539699 	-0.117797 	-1.90475 	0.311868 	0.672833 	0.247684 	
3.335	0.0537976 	-0.117809 	-1.90453 	0.31184 	0.672404 	0.249473 	
3.34	0.0536249 	-0.11782 	-1.90432 	0.311813 	0.671974 	0.251266 	
3.345	0.0534519 	-0.117832 	-1.90411 	0.311785 	0.671543 	0.253062 	
3.35	0.0532785 	-0.117845 	-1.90389 	0.311757 	0.671111 	0.254862 	
3.355	0.053109 	-0.117862 	-1.90367 	0.311728 	0.670678 	0.25666 	
3.36	0.0529351 	-0.117875 	-1.90345 	0.3117 	0.670244 	0.258466 	
3.365	0.0527609 	-0.117888 	-1.90323 	0.311672 	0.669809 	0.260276 	
3.37	0.0525864 	-0.117902 	-1.90302 	0.311643 	0.669374 	0.262088 	
3.375	0.0524117 	-0.117916 	-1.9028 	0.311615 	0.668938 	0.263904 	
3.38	0.0522368 	-0.11793 	-1.90258 	0.311587 	0.668501 	0.265722 	
3.385	0.0520616 	-0.117944 	-1.90236 	0.311558 	0.668063 	0.267543 	
3.39	0.0518861 	-0.117959 	-1.90213 	0.311529 	0.667625 	0.269367 	
3.395	0.0517105 	-0.117974 	-1.90191 	0.311501 	0.667186 	0.271193 	
3.4	0.0515347 	-0.11799 	-1.90169 	0.311472 	0.666746 	0.273021 	
3.405	0.0513587 	-0.118006 	-1.90147 	0.311443 	0.666306 	0.274852 	
3.41	0.0511825 	-0.118022 	-1.90124 	0.311414 	0.665865 	0.276684 	
3.415	0.0510061 	-0.118038 	-1.90102 	0.311385 	0.665423 	0.278519 	
3.42	0.0508296 	-0.118055 	-1.90079 	0.311355 	0.664981 	0.280355 	
3.425	0.050653 	-0.118072 	-1.90057 	0.311326 	0.664539 	0.282194 	
3.43	0.0504762 	-0.11809 	-1.90034 	0.311297 	0.664096 	0.284033 	
3.435	0.0502993 	-0.118107 	-1.90011 	0.311267 	0.663652 	0.285875 	
3.44	0.0501223 	-0.118126 	-1.89989 	0.311237 	0.663208 	0.287718 	
3.445	0.0499453 	-0.118144 	-1.89966 	0.311208 	0.662763 	0.289562 	
3.45	0.0497681 	-0.118163 	-1.89943 	0.311178 	0.662318 	0.291407 	
3.455	0.0495909 	-0.118182 	-1.8992 	0.311148 	0.661873 	0.293254 	
3.46	0.0494136 	-0.118201 	-1.89897 	0.311118 	0.661428 	0.295101 	
3.465	0.0492362 	-0.118221 	-1.89874 	0.311088 	0.660982 	0.296949 	
3.47	0.0490589 	-0.11824 	-1.89851 	0.311058 	0.660536 	0.298798 	
3.475	0.0488815 	-0.118261 	-1.89828 	0.311028 	0.660089 	0.300648 	
3.48	0.0487041 	-0.118281 	-1.89804 	0.310998 	0.659643 	0.302498 	
3.485	0.0485267 	-0.118302 	-1.89781 	0.310968 	0.659196 	0.304348 	
3.49	0.0483493 	-0.118323 	-1.89758 	0.310937 	0.658749 	0.306199 	
3.495	0.0481719 	-0.118345 	-1.89735 	0.310907 	0.658302 	0.30805 	
3.5	0.0479946 	-0.118367 	-1.89711 	0.310876 	0.657854 	0.3099 	
3.505	0.0478173 	-0.118389 	-1.89688 	0.310846 	0.657407 	0.311751 	
3.51	0.0476401 	-0.118411 	-1.89664 	0.310815 	0.65696 	0.313602 	
3.515	0.0474629 	-0.118434 	-1.89641 	0.310784 	0.656512 	0.315452 	
3.52	0.0472858 	-0.118457 	-1.89617 	0.310754 	0.656065 	0.317302 	
3.525	0.0471088 	-0.11848 	-1.89594 	0.310723 	0.655617 	0.319151 	
3.53	0.046932 	-0.118503 	-1.8957 	0.310692 	0.65517 	0.320999 	
3.535	0.0467552 	-0.118527 	-1.89547 	0.310661 	0.654723 	0.322847 	
3.54	0.0465786 	-0.118551 	-1.89523 	0.31063 	0.654276 	0.324694 	
3.545	0.0464021 	-0.118576 	-1.89499 	0.310599 	0.653829 	0.32654 	
3.55	0.0462257 	-0.118601 	-1.89476 	0.310568 	0.653382 	0.328385 	
3.555	0.0460495 	-0.118626 	-1.89452 	0.310537 	0.652935 	0.330228 	
3.56	0.0458735 	-0.118651 	-1.89428 	0.310506 	0.652489 	0.33207 	
3.565	0.0456977 	-0.118676 	-1.89404 	0.310475 	0.652043 	0.333911 	
3.57	0.0455221 	-0.118702 	-1.89381 	0.310444 	0.651597 	0.33575 	
3.575	0.0453466 	-0.118728 	-1.89357 	0.310413 	0.651151 	0.337587 	
3.58	0.0451714 	-0.118755 	-1.89333 	0.310381 	0.650706 	0.339423 	
3.585	0.0449965 	-0.118781 	-1.89309 	0.31035 	0.650261 	0.341256 	
3.59	0.0448217 	-0.118808 	-1.89285 	0.310319 	0.649817 	0.343088 	
3.595	0.0446472 	-0.118835 	-1.89261 	0.310288 	0.649373 	0.344917 	
3.6	0.044473 	-0.118863 	-1.89238 	0.310256 	0.648929 	0.346745 	
3.605	0.0442991 	-0.118891 	-1.89214 	0.310225 	0.648486 	0.348569 	
3.61	0.0441254 	-0.118919 	-1.8919 	0.310194 	0.648044 	0.350392 	
3.615	0.0439521 	-0.118947 	-1.89166 	0.310162 	0.647602 	0.352211 	
3.62	0.043779 	-0.118975 	-1.89142 	0.310131 	0.64716 	0.354028 	
3.625	0.0436063 	-0.119004 	-1.89118 	0.310099 	0.646719 	0.355842 	
3.63	0.0434339 	-0.119033 	-1.89094 	0.310068 	0.646279 	0.357653 	
3.635	0.0432618 	-0.119062 	-1.8907 	0.310037 	0.645839 	0.359461 	
3.64	0.0430901 	-0.119091 	-1.89046 	0.310005 	0.645401 	0.361266 	
3.645	0.0429187 	-0.119121 	-1.89023 	0.309974 	0.644962 	0.363068 	
3.65	0.0427478 	-0.119151 	-1.88999 	0.309942 	0.644525 	0.364866 	
3.655	0.0425772 	-0.119181 	-1.88975 	0.309911 	0.644088 	0.366661 	
3.66	0.042407 	-0.119211 	-1.88951 	0.309879 	0.643652 	0.368452 	
3.665	0.0422372 	-0.119242 	-1.88927 	0.309848 	0.643217 	0.370239 	
3.67	0.0420678 	-0.119272 	-1.88903 	0.309817 	0.642783 	0.372022 	
3.675	0.0418989 	-0.119303 	-1.88879 	0.309785 	0.642349 	0.373802 	
3.68	0.0417304 	-0.119334 	-1.88856 	0.309754 	0.641917 	0.375577 	
3.685	0.0415623 	-0.119366 	-1.88832 	0.309722 	0.641485 	0.377349 	
3.69	0.0413947 	-0.119397 	-1.88808 	0.309691 	0.641055 	0.379115 	
3.695	0.0412276 	-0.119429 	-1.88784 	0.30966 	0.640625 	0.380878 	
3.7	0.0410609 	-0.119461 	-1.88761 	0.309628 	0.640197 	0.382636 	
3.705	0.0408814 	-0.119479 	-1.88739 	0.309602 	0.639771 	0.384406 	
3.71	0.0407156 	-0.119511 	-1.88715 	0.30957 	0.639345 	0.386155 	
3.715	0.0405504 	-0.119544 	-1.88692 	0.309539 	0.638919 	0.387899 	
3.72	0.0403858 	-0.119576 	-1.88668 	0.309508 	0.638495 	0.389638 	
3.725	0.0402217 	-0.119609 	-1.88644 	0.309477 	0.638072 	0.391372 	
3.73	0.0400581 	-0.119642 	-1.88621 	0.309446 	0.63765 	0.3931 	
3.735	0.0398951 	-0.119675 	-1.88597 	0.309415 	0.637229 	0.394824 	
3.74	0.0397327 	-0.119708 	-1.88574 	0.309384 	0.63681 	0.396542 	
3.745	0.0395708 	-0.119741 	-1.88551 	0.309353 	0.636391 	0.398254 	
3.75	0.0394095 	-0.119775 	-1.88527 	0.309322 	0.635974 	0.399961 	
3.755	0.0392488 	-0.119809 	-1.88504 	0.309291 	0.635559 	0.401663 	
3.76	0.0390887 	-0.119842 	-1.88481 	0.30926 	0.635144 	0.403358 	
3.765	0.0389292 	-0.119876 	-1.88457 	0.309229 	0.634731 	0.405048 	
3.77	0.0387703 	-0.11991 	-1.88434 	0.309199 	0.63432 	0.406731 	
3.775	0.0386121 	-0.119945 	-1.88411 	0.309168 	0.633909 	0.408409 	
3.78	0.0384545 	-0.119979 	-1.88388 	0.309137 	0.633501 	0.41008 	
3.785	0.0382975 	-0.120013 	-1.88365 	0.309107 	0.633093 	0.411745 	
3.79	0.0381412 	-0.120048 	-1.88342 	0.309076 	0.632688 	0.413403 	
3.795	0.0379856 	-0.120082 	-1.88319 	0.309046 	0.632283 	0.415055 	
3.8	0.0378307 	-0.120117 	-1.88296 	0.309016 	0.631881 	0.416701 	
3.805	0.0376764 	-0.120152 	-1.88273 	0.308986 	0.631479 	0.418339 	
3.81	0.0375228 	-0.120187 	-1.88251 	0.308955 	0.63108 	0.419971 	
3.815	0.03737 	-0.120221 	-1.88228 	0.308925 	0.630682 	0.421596 	
3.82	0.0372178 	-0.120256 	-1.88205 	0.308895 	0.630286 	0.423214 	
3.825	0.0370664 	-0.120292 	-1.88183 	0.308865 	0.629891 	0.424825 	
3.83	0.0369157 	-0.120327 	-1.8816 	0.308836 	0.629498 	0.426428 	
3.835	0.0367658 	-0.120362 	-1.88138 	0.308806 	0.629107 	0.428025 	
3.84	0.0366166 	-0.120397 	-1.88116 	0.308776 	0.628718 	0.429613 	
3.845	0.0364681 	-0.120432 	-1.88094 	0.308747 	0.62833 	0.431195 	
3.85	0.0363204 	-0.120468 	-1.88071 	0.308717 	0.627944 	0.432768 	
3.855	0.0361735 	-0.120503 	-1.88049 	0.308688 	0.62756 	0.434334 	
3.86	0.0360274 	-0.120538 	-1.88027 	0.308659 	0.627178 	0.435892 	
3.865	0.0358821 	-0.120574 	-1.88005 	0.30863 	0.626798 	0.437442 	
3.87	0.0357376 	-0.120609 	-1.87984 	0.308601 	0.626419 	0.438984 	
3.875	0.0355939 	-0.120645 	-1.87962 	0.308572 	0.626043 	0.440519 	
3.88	0.035451 	-0.12068 	-1.8794 	0.308543 	0.625668 	0.442044 	
3.885	0.0353089 	-0.120716 	-1.87919 	0.308514 	0.625296 	0.443562 	
3.89	0.0351677 	-0.120751 	-1.87897 	0.308486 	0.624925 	0.445071 	
3.895	0.0350273 	-0.120786 	-1.87876 	0.308457 	0.624556 	0.446572 	
3.9	0.0348959 	-0.12083 	-1.87853 	0.308427 	0.624189 	0.448054 	
3.905	0.0347573 	-0.120866 	-1.87832 	0.308398 	0.623824 	0.449537 	
3.91	0.0346195 	-0.120901 	-1.87811 	0.30837 	0.623462 	0.451012 	
3.915	0.0344826 	-0.120936 	-1.8779 	0.308342 	0.623102 	0.452478 	
3.92	0.0343465 	-0.120972 	-1.87769 	0.308315 	0.622744 	0.453935 	
3.925	0.0342113 	-0.121007 	-1.87749 	0.308287 	0.622388 	0.455383 	
3.93	0.0340771 	-0.121042 	-1.87728 	0.30826 	0.622034 	0.456822 	
3.935	0.0339437 	-0.121077 	-1.87707 	0.308232 	0.621682 	0.458252 	
3.94	0.0338112 	-0.121112 	-1.87687 	0.308205 	0.621333 	0.459672 	
3.945	0.0336797 	-0.121147 	-1.87667 	0.308178 	0.620986 	0.461083 	
3.95	0.0335491 	-0.121182 	-1.87647 	0.308151 	0.620641 	0.462485 	
3.955	0.0334194 	-0.121217 	-1.87626 	0.308124 	0.620299 	0.463877 	
3.96	0.0332907 	-0.121252 	-1.87606 	0.308098 	0.619959 	0.465259 	
3.965	0.0331629 	-0.121287 	-1.87587 	0.308071 	0.619621 	0.466632 	
3.97	0.0330361 	-0.121321 	-1.87567 	0.308045 	0.619285 	0.467994 	
3.975	0.0329103 	-0.121356 	-1.87547 	0.308019 	0.618952 	0.469347 	
3.98	0.0327854 	-0.12139 	-1.87528 	0.307993 	0.618622 	0.47069 	
3.985	0.0326615 	-0.121425 	-1.87508 	0.307967 	0.618293 	0.472023 	
3.99	0.0325522 	-0.121488 	-1.8749 	0.307964 	0.618152 	0.472097 	
3.995	0.032418 	-0.121496 	-1.8747 	0.307918 	0.617663 	0.474534 	
4	0.0322958 	-0.121527 	-1.87451 	0.307891 	0.617325 	0.475949 	
4.005	0.0321892 	-0.121589 	-1.87434 	0.307888 	0.617187 	0.47602 	
4.01	0.0320582 	-0.121597 	-1.87414 	0.307843 	0.616708 	0.478412 	
4.015	0.0319391 	-0.121628 	-1.87395 	0.307816 	0.616378 	0.479793 	
4.02	0.0318352 	-0.121689 	-1.87378 	0.307813 	0.616243 	0.479863 	
4.025	0.0317076 	-0.121698 	-1.87358 	0.307769 	0.615775 	0.482196 	
4.03	0.0315915 	-0.121728 	-1.8734 	0.307742 	0.615454 	0.483543 	
4.035	0.0314904 	-0.121788 	-1.87323 	0.307739 	0.615322 	0.48361 	
4.04	0.0313706 	-0.121801 	-1.87304 	0.307695 	0.614866 	0.485878 	
4.045	0.0312714 	-0.12186 	-1.87287 	0.307692 	0.614737 	0.485944 	
4.05	0.0311484 	-0.121866 	-1.87268 	0.307648 	0.614275 	0.488271 	
4.055	0.0310511 	-0.121924 	-1.87252 	0.307645 	0.614148 	0.488335 	
4.06	0.0309304 	-0.12193 	-1.87234 	0.307602 	0.613693 	0.490629 	
4.065	0.030835 	-0.121987 	-1.87218 	0.307599 	0.613569 	0.490692 	
4.07	0.0307167 	-0.121993 	-1.872 	0.307556 	0.613122 	0.492943 	
4.075	0.0306232 	-0.12205 	-1.87184 	0.307553 	0.613 	0.493005 	
4.08	0.0305073 	-0.122056 	-1.87166 	0.307511 	0.612563 	0.495211 	
4.085	0.0304158 	-0.122111 	-1.87151 	0.307509 	0.612443 	0.495272 	
4.09	0.0303023 	-0.122118 	-1.87133 	0.307467 	0.612014 	0.497434 	
4.095	0.0302128 	-0.122172 	-1.87118 	0.307465 	0.611897 	0.497493 	
4.1	0.0301018 	-0.122179 	-1.87101 	0.307424 	0.611477 	0.499609 	
4.105	0.0300143 	-0.122232 	-1.87086 	0.307421 	0.611363 	0.499667 	
4.11	0.0299058 	-0.122238 	-1.87069 	0.307382 	0.610952 	0.501738 	
4.115	0.0298202 	-0.122291 	-1.87055 	0.307379 	0.61084 	0.501794 	
4.12	0.0297143 	-0.122297 	-1.87039 	0.30734 	0.610438 	0.503818 	
4.125	0.0296308 	-0.122348 	-1.87024 	0.307338 	0.610328 	0.503873 	
4.13	0.0295273 	-0.122355 	-1.87008 	0.3073 	0.609936 	0.50585 	
4.135	0.0294459 	-0.122405 	-1.86994 	0.307297 	0.609829 	0.505904 	
4.14	0.029345 	-0.122412 	-1.86979 	0.30726 	0.609446 	0.507834 	
4.145	0.0292656 	-0.122461 	-1.86965 	0.307258 	0.609342 	0.507886 	
4.15	0.0291594 	-0.12246 	-1.86951 	0.307224 	0.60897 	0.509778 	
4.155	0.029082 	-0.122507 	-1.86938 	0.307221 	0.608868 	0.509829 	
4.16	0.0289863 	-0.122514 	-1.86923 	0.307186 	0.608504 	0.511663 	
4.165	0.0289111 	-0.122561 	-1.8691 	0.307183 	0.608405 	0.511712 	
4.17	0.028818 	-0.122567 	-1.86895 	0.307149 	0.608051 	0.513497 	
4.175	0.0287449 	-0.122613 	-1.86883 	0.307147 	0.607954 	0.513545 	
4.18	0.0286544 	-0.122619 	-1.86869 	0.307113 	0.60761 	0.515281 	
4.185	0.0285834 	-0.122664 	-1.86857 	0.307111 	0.607516 	0.515327 	
4.19	0.0284956 	-0.12267 	-1.86843 	0.307078 	0.607181 	0.517013 	
4.195	0.0284268 	-0.122714 	-1.86831 	0.307076 	0.60709 	0.517059 	
4.2	0.0283416 	-0.12272 	-1.86817 	0.307044 	0.606766 	0.518695 	
4.205	0.0282749 	-0.122762 	-1.86806 	0.307042 	0.606678 	0.518738 	
4.21	0.0281925 	-0.122768 	-1.86793 	0.307011 	0.606363 	0.520324 	
4.215	0.028128 	-0.122809 	-1.86782 	0.307009 	0.606278 	0.520366 	
4.22	0.0280482 	-0.122815 	-1.86769 	0.30698 	0.605973 	0.521901 	
4.225	0.0279859 	-0.122854 	-1.86758 	0.306977 	0.60589 	0.521942 	
4.23	0.0279088 	-0.12286 	-1.86746 	0.306949 	0.605596 	0.523425 	
4.235	0.0278487 	-0.122899 	-1.86736 	0.306947 	0.605516 	0.523465 	
4.24	0.0277744 	-0.122905 	-1.86724 	0.306919 	0.605232 	0.524896 	
4.245	0.0277165 	-0.122941 	-1.86714 	0.306917 	0.605155 	0.524934 	
4.25	0.0276433 	-0.122946 	-1.86703 	0.306891 	0.604882 	0.526316 	
4.255	0.0275875 	-0.122981 	-1.86693 	0.306889 	0.604808 	0.526353 	
4.26	0.0275187 	-0.122987 	-1.86682 	0.306863 	0.604544 	0.527681 	
4.265	0.0274652 	-0.123021 	-1.86673 	0.306861 	0.604473 	0.527716 	
4.27	0.0274128 	-0.123055 	-1.86664 	0.306859 	0.604403 	0.52775 	
4.275	0.0273421 	-0.123047 	-1.86653 	0.306825 	0.604072 	0.529563 	
4.28	0.0272919 	-0.123079 	-1.86644 	0.306823 	0.604006 	0.529595 	
4.285	0.0272429 	-0.123111 	-1.86636 	0.306821 	0.60394 	0.529627 	
4.29	0.0271761 	-0.123103 	-1.86625 	0.306787 	0.603622 	0.531382 	
4.295	0.0271293 	-0.123133 	-1.86617 	0.306786 	0.60356 	0.531413 	
4.3	0.0270836 	-0.123162 	-1.86609 	0.306784 	0.603499 	0.531443 	
4.305	0.0270214 	-0.123154 	-1.866 	0.306753 	0.603201 	0.533084 	
4.31	0.026978 	-0.123182 	-1.86592 	0.306751 	0.603143 	0.533113 	
4.315	0.0269357 	-0.12321 	-1.86585 	0.30675 	0.603087 	0.53314 	
4.32	0.0268782 	-0.123202 	-1.86576 	0.306721 	0.602811 	0.534662 	
4.325	0.0268382 	-0.123228 	-1.86569 	0.306719 	0.602758 	0.534688 	
4.33	0.0267993 	-0.123254 	-1.86562 	0.306718 	0.602706 	0.534714 	
4.335	0.0267466 	-0.123247 	-1.86554 	0.306691 	0.602452 	0.536115 	
4.34	0.0267248 	-0.123286 	-1.86545 	0.306685 	0.602401 	0.53612 	
4.345	0.0266895 	-0.123309 	-1.86539 	0.306684 	0.602354 	0.536143 	
4.35	0.0266415 	-0.123303 	-1.86532 	0.306659 	0.602123 	0.537423 	
4.355	0.0266084 	-0.123324 	-1.86526 	0.306658 	0.602078 	0.537444 	
4.36	0.0265764 	-0.123345 	-1.8652 	0.306657 	0.602036 	0.537465 	
4.365	0.0265455 	-0.123365 	-1.86515 	0.306656 	0.601994 	0.537485 	
4.37	0.0265 	-0.123352 	-1.86508 	0.306628 	0.60174 	0.538954 	
4.375	0.0264714 	-0.12337 	-1.86503 	0.306627 	0.601702 	0.538973 	
4.38	0.026444 	-0.123388 	-1.86498 	0.306626 	0.601666 	0.53899 	
