0	0.310203 	-0.173711 	0.536939 	0.174646 	-1.4505 	-0.240591 	
0.005	0.310203 	-0.173711 	0.536939 	0.174646 	-1.4505 	-0.240591 	
0.01	0.310203 	-0.173711 	0.536939 	0.174646 	-1.4505 	-0.240591 	
0.015	0.310204 	-0.173711 	0.536939 	0.174646 	-1.4505 	-0.240591 	
0.02	0.310206 	-0.173711 	0.536939 	0.174646 	-1.4505 	-0.240591 	
0.025	0.310208 	-0.173711 	0.53694 	0.174646 	-1.4505 	-0.240591 	
0.03	0.31021 	-0.173711 	0.53694 	0.174646 	-1.4505 	-0.240591 	
0.035	0.310213 	-0.173711 	0.536941 	0.174646 	-1.4505 	-0.240591 	
0.04	0.310216 	-0.173711 	0.536941 	0.174646 	-1.4505 	-0.240591 	
0.045	0.31022 	-0.173711 	0.536942 	0.174646 	-1.4505 	-0.240591 	
0.05	0.310225 	-0.173711 	0.536943 	0.174646 	-1.4505 	-0.240591 	
0.055	0.31023 	-0.173711 	0.536944 	0.174646 	-1.4505 	-0.240591 	
0.06	0.310235 	-0.173711 	0.536945 	0.174646 	-1.4505 	-0.240591 	
0.065	0.310242 	-0.173711 	0.536946 	0.174646 	-1.4505 	-0.240591 	
0.07	0.310248 	-0.173711 	0.536947 	0.174646 	-1.4505 	-0.240591 	
0.075	0.310256 	-0.173712 	0.536949 	0.174646 	-1.4505 	-0.240591 	
0.08	0.310263 	-0.173712 	0.53695 	0.174646 	-1.4505 	-0.240591 	
0.085	0.310272 	-0.173712 	0.536952 	0.174646 	-1.4505 	-0.240591 	
0.09	0.310281 	-0.173712 	0.536953 	0.174646 	-1.4505 	-0.240591 	
0.095	0.31029 	-0.173712 	0.536955 	0.174646 	-1.4505 	-0.240591 	
0.1	0.310301 	-0.173712 	0.536957 	0.174646 	-1.4505 	-0.240591 	
0.105	0.310311 	-0.173712 	0.536959 	0.174646 	-1.4505 	-0.240591 	
0.11	0.310322 	-0.173713 	0.536961 	0.174646 	-1.4505 	-0.240591 	
0.115	0.310334 	-0.173713 	0.536963 	0.174646 	-1.4505 	-0.240591 	
0.12	0.310346 	-0.173713 	0.536965 	0.174646 	-1.4505 	-0.240591 	
0.125	0.310359 	-0.173713 	0.536968 	0.174646 	-1.4505 	-0.240591 	
0.13	0.310372 	-0.173713 	0.53697 	0.174646 	-1.4505 	-0.240591 	
0.135	0.310386 	-0.173714 	0.536973 	0.174646 	-1.4505 	-0.240591 	
0.14	0.3104 	-0.173714 	0.536975 	0.174646 	-1.4505 	-0.240591 	
0.145	0.310415 	-0.173714 	0.536978 	0.174646 	-1.4505 	-0.240591 	
0.15	0.31043 	-0.173714 	0.536981 	0.174646 	-1.4505 	-0.240591 	
0.155	0.310446 	-0.173715 	0.536984 	0.174646 	-1.4505 	-0.240591 	
0.16	0.310462 	-0.173715 	0.536987 	0.174646 	-1.4505 	-0.240591 	
0.165	0.310419 	-0.173701 	0.536972 	0.173071 	-1.4494 	-0.23842 	
0.17	0.310436 	-0.173701 	0.536975 	0.173071 	-1.4494 	-0.23842 	
0.175	0.310454 	-0.173702 	0.536978 	0.173071 	-1.4494 	-0.23842 	
0.18	0.310473 	-0.173702 	0.536982 	0.173071 	-1.4494 	-0.23842 	
0.185	0.310492 	-0.173702 	0.536985 	0.173071 	-1.4494 	-0.23842 	
0.19	0.310511 	-0.173702 	0.536989 	0.173071 	-1.4494 	-0.23842 	
0.195	0.310531 	-0.173703 	0.536992 	0.173071 	-1.4494 	-0.23842 	
0.2	0.310552 	-0.173703 	0.536996 	0.173071 	-1.4494 	-0.23842 	
0.205	0.310573 	-0.173703 	0.537 	0.173071 	-1.4494 	-0.23842 	
0.21	0.310595 	-0.173704 	0.537004 	0.173071 	-1.4494 	-0.23842 	
0.215	0.310617 	-0.173704 	0.537008 	0.173071 	-1.4494 	-0.23842 	
0.22	0.31064 	-0.173704 	0.537012 	0.173071 	-1.4494 	-0.23842 	
0.225	0.310663 	-0.173705 	0.537017 	0.173071 	-1.4494 	-0.23842 	
0.23	0.310622 	-0.17369 	0.537002 	0.171382 	-1.44821 	-0.236094 	
0.235	0.310646 	-0.173691 	0.537006 	0.171382 	-1.44821 	-0.236094 	
0.24	0.310671 	-0.173691 	0.537011 	0.171382 	-1.44821 	-0.236094 	
0.245	0.310696 	-0.173691 	0.537015 	0.171382 	-1.44821 	-0.236094 	
0.25	0.310722 	-0.173692 	0.53702 	0.171382 	-1.44821 	-0.236094 	
0.255	0.310748 	-0.173692 	0.537025 	0.171382 	-1.44821 	-0.236094 	
0.26	0.310775 	-0.173693 	0.53703 	0.171382 	-1.44821 	-0.236094 	
0.265	0.310803 	-0.173693 	0.537035 	0.171382 	-1.44821 	-0.236094 	
0.27	0.310831 	-0.173693 	0.53704 	0.171382 	-1.44821 	-0.236094 	
0.275	0.310859 	-0.173694 	0.537045 	0.171382 	-1.44821 	-0.236094 	
0.28	0.310823 	-0.17368 	0.537031 	0.169694 	-1.44703 	-0.233768 	
0.285	0.310852 	-0.17368 	0.537037 	0.169694 	-1.44703 	-0.233768 	
0.29	0.310882 	-0.17368 	0.537042 	0.169694 	-1.44703 	-0.233768 	
0.295	0.310913 	-0.173681 	0.537048 	0.169694 	-1.44703 	-0.233768 	
0.3	0.310944 	-0.173681 	0.537053 	0.169694 	-1.44703 	-0.233768 	
0.305	0.310975 	-0.173682 	0.537059 	0.169694 	-1.44703 	-0.233768 	
0.31	0.311007 	-0.173682 	0.537065 	0.169694 	-1.44703 	-0.233768 	
0.315	0.311039 	-0.173682 	0.537071 	0.169694 	-1.44703 	-0.233768 	
0.32	0.311011 	-0.173669 	0.537059 	0.168099 	-1.44591 	-0.231571 	
0.325	0.311044 	-0.17367 	0.537065 	0.168099 	-1.44591 	-0.231571 	
0.33	0.311078 	-0.17367 	0.537071 	0.168099 	-1.44591 	-0.231571 	
0.335	0.311113 	-0.173671 	0.537078 	0.168099 	-1.44591 	-0.231571 	
0.34	0.311148 	-0.173671 	0.537084 	0.168099 	-1.44591 	-0.231571 	
0.345	0.311183 	-0.173671 	0.53709 	0.168099 	-1.44591 	-0.231571 	
0.35	0.311219 	-0.173672 	0.537097 	0.168099 	-1.44591 	-0.231571 	
0.355	0.311256 	-0.173672 	0.537104 	0.168099 	-1.44591 	-0.231571 	
0.36	0.311224 	-0.173658 	0.53709 	0.166332 	-1.44467 	-0.229137 	
0.365	0.311262 	-0.173659 	0.537097 	0.166332 	-1.44467 	-0.229137 	
0.37	0.3113 	-0.173659 	0.537104 	0.166332 	-1.44467 	-0.229137 	
0.375	0.311338 	-0.173659 	0.537111 	0.166332 	-1.44467 	-0.229137 	
0.38	0.311377 	-0.17366 	0.537118 	0.166332 	-1.44467 	-0.229137 	
0.385	0.311416 	-0.17366 	0.537126 	0.166332 	-1.44467 	-0.229137 	
0.39	0.311456 	-0.173661 	0.537133 	0.166332 	-1.44467 	-0.229137 	
0.395	0.31143 	-0.173647 	0.537121 	0.164602 	-1.44346 	-0.226754 	
0.4	0.31147 	-0.173647 	0.537128 	0.164602 	-1.44346 	-0.226754 	
0.405	0.311512 	-0.173648 	0.537136 	0.164602 	-1.44346 	-0.226754 	
0.41	0.311554 	-0.173648 	0.537143 	0.164602 	-1.44346 	-0.226754 	
0.415	0.311596 	-0.173649 	0.537151 	0.164602 	-1.44346 	-0.226754 	
0.42	0.311639 	-0.173649 	0.537159 	0.164602 	-1.44346 	-0.226754 	
0.425	0.311619 	-0.173637 	0.537148 	0.162991 	-1.44233 	-0.224534 	
0.43	0.311663 	-0.173637 	0.537156 	0.162991 	-1.44233 	-0.224534 	
0.435	0.311707 	-0.173638 	0.537164 	0.162991 	-1.44233 	-0.224534 	
0.44	0.311752 	-0.173638 	0.537173 	0.162991 	-1.44233 	-0.224534 	
0.445	0.311797 	-0.173638 	0.537181 	0.162991 	-1.44233 	-0.224534 	
0.45	0.311842 	-0.173639 	0.537189 	0.162991 	-1.44233 	-0.224534 	
0.455	0.311823 	-0.173626 	0.537178 	0.161296 	-1.44114 	-0.222199 	
0.46	0.311869 	-0.173626 	0.537187 	0.161296 	-1.44114 	-0.222199 	
0.465	0.311916 	-0.173627 	0.537195 	0.161296 	-1.44114 	-0.222199 	
0.47	0.311963 	-0.173627 	0.537204 	0.161296 	-1.44114 	-0.222199 	
0.475	0.312011 	-0.173627 	0.537213 	0.161296 	-1.44114 	-0.222199 	
0.48	0.31206 	-0.173628 	0.537222 	0.161296 	-1.44114 	-0.222199 	
0.485	0.312039 	-0.173615 	0.53721 	0.159498 	-1.43988 	-0.219722 	
0.49	0.312088 	-0.173615 	0.537219 	0.159498 	-1.43988 	-0.219722 	
0.495	0.312137 	-0.173615 	0.537228 	0.159498 	-1.43988 	-0.219722 	
0.5	0.312187 	-0.173616 	0.537237 	0.159498 	-1.43988 	-0.219722 	
0.505	0.312238 	-0.173616 	0.537247 	0.159498 	-1.43988 	-0.219722 	
0.51	0.312226 	-0.173604 	0.537238 	0.157891 	-1.43876 	-0.217509 	
0.515	0.312278 	-0.173605 	0.537247 	0.157891 	-1.43876 	-0.217509 	
0.52	0.31233 	-0.173605 	0.537257 	0.157891 	-1.43876 	-0.217509 	
0.525	0.312382 	-0.173605 	0.537266 	0.157891 	-1.43876 	-0.217509 	
0.53	0.312435 	-0.173605 	0.537276 	0.157891 	-1.43876 	-0.217509 	
0.535	0.312424 	-0.173594 	0.537267 	0.156241 	-1.4376 	-0.215236 	
0.54	0.312477 	-0.173594 	0.537276 	0.156241 	-1.4376 	-0.215236 	
0.545	0.312531 	-0.173594 	0.537286 	0.156241 	-1.4376 	-0.215236 	
0.55	0.312586 	-0.173594 	0.537296 	0.156241 	-1.4376 	-0.215236 	
0.555	0.312641 	-0.173595 	0.537306 	0.156241 	-1.4376 	-0.215236 	
0.56	0.312629 	-0.173583 	0.537297 	0.154527 	-1.4364 	-0.212873 	
0.565	0.312685 	-0.173583 	0.537307 	0.154527 	-1.4364 	-0.212873 	
0.57	0.312741 	-0.173583 	0.537317 	0.154527 	-1.4364 	-0.212873 	
0.575	0.312797 	-0.173583 	0.537328 	0.154527 	-1.4364 	-0.212873 	
0.58	0.312854 	-0.173584 	0.537338 	0.154527 	-1.4364 	-0.212873 	
0.585	0.312842 	-0.173571 	0.537328 	0.152746 	-1.43515 	-0.21042 	
0.59	0.3129 	-0.173572 	0.537339 	0.152746 	-1.43515 	-0.21042 	
0.595	0.312958 	-0.173572 	0.537349 	0.152746 	-1.43515 	-0.21042 	
0.6	0.313017 	-0.173572 	0.53736 	0.152746 	-1.43515 	-0.21042 	
0.605	0.313076 	-0.173572 	0.537371 	0.152746 	-1.43515 	-0.21042 	
0.61	0.313063 	-0.17356 	0.537361 	0.150901 	-1.43386 	-0.207879 	
0.615	0.313123 	-0.17356 	0.537372 	0.150901 	-1.43386 	-0.207879 	
0.62	0.313183 	-0.17356 	0.537383 	0.150901 	-1.43386 	-0.207879 	
0.625	0.313244 	-0.17356 	0.537394 	0.150901 	-1.43386 	-0.207879 	
0.63	0.313305 	-0.17356 	0.537405 	0.150901 	-1.43386 	-0.207879 	
0.635	0.313291 	-0.173547 	0.537395 	0.148994 	-1.43252 	-0.205251 	
0.64	0.313353 	-0.173547 	0.537406 	0.148994 	-1.43252 	-0.205251 	
0.645	0.313415 	-0.173547 	0.537417 	0.148994 	-1.43252 	-0.205251 	
0.65	0.313478 	-0.173547 	0.537428 	0.148994 	-1.43252 	-0.205251 	
0.655	0.313478 	-0.173537 	0.537422 	0.147385 	-1.43139 	-0.203035 	
0.66	0.313541 	-0.173537 	0.537433 	0.147385 	-1.43139 	-0.203035 	
0.665	0.313604 	-0.173537 	0.537445 	0.147385 	-1.43139 	-0.203035 	
0.67	0.313668 	-0.173537 	0.537456 	0.147385 	-1.43139 	-0.203035 	
0.675	0.31367 	-0.173527 	0.53745 	0.145772 	-1.43026 	-0.200813 	
0.68	0.313734 	-0.173527 	0.537462 	0.145772 	-1.43026 	-0.200813 	
0.685	0.313799 	-0.173527 	0.537473 	0.145772 	-1.43026 	-0.200813 	
0.69	0.313865 	-0.173527 	0.537485 	0.145772 	-1.43026 	-0.200813 	
0.695	0.313866 	-0.173516 	0.537479 	0.144126 	-1.42911 	-0.198546 	
0.7	0.313932 	-0.173516 	0.537491 	0.144126 	-1.42911 	-0.198546 	
0.705	0.313999 	-0.173516 	0.537503 	0.144126 	-1.42911 	-0.198546 	
0.71	0.314066 	-0.173516 	0.537515 	0.144126 	-1.42911 	-0.198546 	
0.715	0.314067 	-0.173506 	0.537509 	0.142445 	-1.42793 	-0.19623 	
0.72	0.314135 	-0.173505 	0.537521 	0.142445 	-1.42793 	-0.19623 	
0.725	0.314202 	-0.173505 	0.537533 	0.142445 	-1.42793 	-0.19623 	
0.73	0.314271 	-0.173505 	0.537545 	0.142445 	-1.42793 	-0.19623 	
0.735	0.314272 	-0.173495 	0.537539 	0.140729 	-1.42673 	-0.193867 	
0.74	0.314341 	-0.173494 	0.537551 	0.140729 	-1.42673 	-0.193867 	
0.745	0.31441 	-0.173494 	0.537564 	0.140729 	-1.42673 	-0.193867 	
0.75	0.31448 	-0.173494 	0.537576 	0.140729 	-1.42673 	-0.193867 	
0.755	0.314481 	-0.173484 	0.53757 	0.13898 	-1.4255 	-0.191457 	
0.76	0.314551 	-0.173483 	0.537582 	0.13898 	-1.4255 	-0.191457 	
0.765	0.314622 	-0.173483 	0.537595 	0.13898 	-1.4255 	-0.191457 	
0.77	0.314692 	-0.173482 	0.537607 	0.13898 	-1.4255 	-0.191457 	
0.775	0.314694 	-0.173472 	0.537601 	0.137198 	-1.42425 	-0.189002 	
0.78	0.314765 	-0.173472 	0.537614 	0.137198 	-1.42425 	-0.189002 	
0.785	0.314837 	-0.173471 	0.537626 	0.137198 	-1.42425 	-0.189002 	
0.79	0.314909 	-0.173471 	0.537639 	0.137198 	-1.42425 	-0.189002 	
0.795	0.31491 	-0.173461 	0.537633 	0.135385 	-1.42298 	-0.186504 	
0.8	0.314983 	-0.17346 	0.537646 	0.135385 	-1.42298 	-0.186504 	
0.805	0.315056 	-0.173459 	0.537659 	0.135385 	-1.42298 	-0.186504 	
0.81	0.315129 	-0.173459 	0.537672 	0.135385 	-1.42298 	-0.186504 	
0.815	0.31513 	-0.173449 	0.537665 	0.133542 	-1.42169 	-0.183965 	
0.82	0.315204 	-0.173448 	0.537678 	0.133542 	-1.42169 	-0.183965 	
0.825	0.315278 	-0.173447 	0.537691 	0.133542 	-1.42169 	-0.183965 	
0.83	0.315353 	-0.173447 	0.537705 	0.133542 	-1.42169 	-0.183965 	
0.835	0.315354 	-0.173437 	0.537698 	0.131669 	-1.42038 	-0.181385 	
0.84	0.315429 	-0.173436 	0.537711 	0.131669 	-1.42038 	-0.181385 	
0.845	0.315504 	-0.173435 	0.537725 	0.131669 	-1.42038 	-0.181385 	
0.85	0.315579 	-0.173434 	0.537738 	0.131669 	-1.42038 	-0.181385 	
0.855	0.31558 	-0.173425 	0.537731 	0.129769 	-1.41905 	-0.178767 	
0.86	0.315656 	-0.173424 	0.537745 	0.129769 	-1.41905 	-0.178767 	
0.865	0.315733 	-0.173423 	0.537758 	0.129769 	-1.41905 	-0.178767 	
0.87	0.315809 	-0.173422 	0.537772 	0.129769 	-1.41905 	-0.178767 	
0.875	0.31581 	-0.173413 	0.537765 	0.127841 	-1.4177 	-0.176112 	
0.88	0.315887 	-0.173411 	0.537779 	0.127841 	-1.4177 	-0.176112 	
0.885	0.315965 	-0.17341 	0.537793 	0.127841 	-1.4177 	-0.176112 	
0.89	0.316042 	-0.173409 	0.537806 	0.127841 	-1.4177 	-0.176112 	
0.895	0.316043 	-0.1734 	0.5378 	0.125889 	-1.41633 	-0.173422 	
0.9	0.316121 	-0.173399 	0.537813 	0.125889 	-1.41633 	-0.173422 	
0.905	0.3162 	-0.173398 	0.537827 	0.125889 	-1.41633 	-0.173422 	
0.91	0.316278 	-0.173396 	0.537841 	0.125889 	-1.41633 	-0.173422 	
0.915	0.316279 	-0.173387 	0.537834 	0.123912 	-1.41494 	-0.170699 	
0.92	0.316358 	-0.173386 	0.537848 	0.123912 	-1.41494 	-0.170699 	
0.925	0.316438 	-0.173385 	0.537862 	0.123912 	-1.41494 	-0.170699 	
0.93	0.316517 	-0.173383 	0.537876 	0.123912 	-1.41494 	-0.170699 	
0.935	0.316518 	-0.173375 	0.537869 	0.121912 	-1.41354 	-0.167944 	
0.94	0.316598 	-0.173373 	0.537883 	0.121912 	-1.41354 	-0.167944 	
0.945	0.316678 	-0.173372 	0.537898 	0.121912 	-1.41354 	-0.167944 	
0.95	0.316696 	-0.173365 	0.537895 	0.120346 	-1.41244 	-0.165787 	
0.955	0.316777 	-0.173363 	0.53791 	0.120346 	-1.41244 	-0.165787 	
0.96	0.316858 	-0.173362 	0.537924 	0.120346 	-1.41244 	-0.165787 	
0.965	0.316939 	-0.17336 	0.537938 	0.120346 	-1.41244 	-0.165787 	
0.97	0.316941 	-0.173352 	0.537932 	0.118355 	-1.41105 	-0.163044 	
0.975	0.317022 	-0.17335 	0.537946 	0.118355 	-1.41105 	-0.163044 	
0.98	0.317104 	-0.173349 	0.53796 	0.118355 	-1.41105 	-0.163044 	
0.985	0.317123 	-0.173342 	0.537958 	0.116767 	-1.40993 	-0.160856 	
0.99	0.317205 	-0.17334 	0.537973 	0.116767 	-1.40993 	-0.160856 	
0.995	0.317287 	-0.173339 	0.537987 	0.116767 	-1.40993 	-0.160856 	
1	0.317308 	-0.173332 	0.537985 	0.115211 	-1.40884 	-0.158712 	
1.005	0.31739 	-0.17333 	0.538 	0.115211 	-1.40884 	-0.158712 	
1.01	0.317473 	-0.173328 	0.538014 	0.115211 	-1.40884 	-0.158712 	
1.015	0.317494 	-0.173322 	0.538013 	0.113649 	-1.40775 	-0.156561 	
1.02	0.317577 	-0.17332 	0.538027 	0.113649 	-1.40775 	-0.156561 	
1.025	0.31766 	-0.173318 	0.538042 	0.113649 	-1.40775 	-0.156561 	
1.03	0.317681 	-0.173312 	0.53804 	0.112078 	-1.40665 	-0.154397 	
1.035	0.317765 	-0.17331 	0.538055 	0.112078 	-1.40665 	-0.154397 	
1.04	0.317848 	-0.173308 	0.53807 	0.112078 	-1.40665 	-0.154397 	
1.045	0.317869 	-0.173302 	0.538068 	0.110498 	-1.40554 	-0.152221 	
1.05	0.317953 	-0.1733 	0.538083 	0.110498 	-1.40554 	-0.152221 	
1.055	0.318037 	-0.173298 	0.538097 	0.110498 	-1.40554 	-0.152221 	
1.06	0.318059 	-0.173292 	0.538096 	0.10891 	-1.40443 	-0.150033 	
1.065	0.318143 	-0.17329 	0.538111 	0.10891 	-1.40443 	-0.150033 	
1.07	0.318227 	-0.173287 	0.538125 	0.10891 	-1.40443 	-0.150033 	
1.075	0.318249 	-0.173282 	0.538124 	0.107315 	-1.40331 	-0.147835 	
1.08	0.318333 	-0.173279 	0.538139 	0.107315 	-1.40331 	-0.147835 	
1.085	0.318418 	-0.173277 	0.538153 	0.107315 	-1.40331 	-0.147835 	
1.09	0.31844 	-0.173271 	0.538152 	0.105713 	-1.40219 	-0.145628 	
1.095	0.318525 	-0.173269 	0.538167 	0.105713 	-1.40219 	-0.145628 	
1.1	0.31861 	-0.173267 	0.538182 	0.105713 	-1.40219 	-0.145628 	
1.105	0.318631 	-0.173261 	0.53818 	0.104104 	-1.40106 	-0.143411 	
1.11	0.318717 	-0.173259 	0.538195 	0.104104 	-1.40106 	-0.143411 	
1.115	0.318802 	-0.173256 	0.53821 	0.104104 	-1.40106 	-0.143411 	
1.12	0.318824 	-0.173251 	0.538209 	0.102489 	-1.39993 	-0.141187 	
1.125	0.318909 	-0.173248 	0.538223 	0.102489 	-1.39993 	-0.141187 	
1.13	0.318995 	-0.173246 	0.538238 	0.102489 	-1.39993 	-0.141187 	
1.135	0.319017 	-0.173241 	0.538237 	0.100868 	-1.39879 	-0.138955 	
1.14	0.319103 	-0.173238 	0.538252 	0.100868 	-1.39879 	-0.138955 	
1.145	0.319189 	-0.173235 	0.538267 	0.100868 	-1.39879 	-0.138955 	
1.15	0.31921 	-0.17323 	0.538265 	0.0992432 	-1.39765 	-0.136716 	
1.155	0.319297 	-0.173227 	0.53828 	0.0992432 	-1.39765 	-0.136716 	
1.16	0.319383 	-0.173225 	0.538295 	0.0992432 	-1.39765 	-0.136716 	
1.165	0.319404 	-0.17322 	0.538294 	0.0976139 	-1.39651 	-0.134471 	
1.17	0.319491 	-0.173217 	0.538309 	0.0976139 	-1.39651 	-0.134471 	
1.175	0.319577 	-0.173214 	0.538324 	0.0976139 	-1.39651 	-0.134471 	
1.18	0.319599 	-0.173209 	0.538323 	0.0959809 	-1.39537 	-0.132222 	
1.185	0.319686 	-0.173206 	0.538337 	0.0959809 	-1.39537 	-0.132222 	
1.19	0.319772 	-0.173203 	0.538352 	0.095981 	-1.39537 	-0.132222 	
1.195	0.319794 	-0.173199 	0.538351 	0.0943449 	-1.39422 	-0.129968 	
1.2	0.319881 	-0.173196 	0.538366 	0.0943449 	-1.39422 	-0.129968 	
1.205	0.319967 	-0.173193 	0.538381 	0.0943449 	-1.39422 	-0.129968 	
1.21	0.319989 	-0.173189 	0.53838 	0.0927064 	-1.39307 	-0.127711 	
1.215	0.320076 	-0.173185 	0.538395 	0.0927064 	-1.39307 	-0.127711 	
1.22	0.320163 	-0.173182 	0.53841 	0.0927064 	-1.39307 	-0.127711 	
1.225	0.320184 	-0.173178 	0.538409 	0.091066 	-1.39192 	-0.125451 	
1.23	0.320271 	-0.173175 	0.538424 	0.091066 	-1.39192 	-0.125451 	
1.235	0.320358 	-0.173171 	0.538438 	0.091066 	-1.39192 	-0.125451 	
1.24	0.32038 	-0.173168 	0.538438 	0.0894243 	-1.39077 	-0.123189 	
1.245	0.320467 	-0.173164 	0.538452 	0.0894243 	-1.39077 	-0.123189 	
1.25	0.320554 	-0.173161 	0.538467 	0.0894243 	-1.39077 	-0.123189 	
1.255	0.320575 	-0.173157 	0.538466 	0.0877818 	-1.38962 	-0.120927 	
1.26	0.320662 	-0.173154 	0.538481 	0.0877818 	-1.38962 	-0.120927 	
1.265	0.320749 	-0.17315 	0.538496 	0.0877818 	-1.38962 	-0.120927 	
1.27	0.320771 	-0.173147 	0.538495 	0.0861392 	-1.38847 	-0.118664 	
1.275	0.320858 	-0.173143 	0.53851 	0.0861392 	-1.38847 	-0.118664 	
1.28	0.320945 	-0.173139 	0.538525 	0.0861392 	-1.38847 	-0.118664 	
1.285	0.320967 	-0.173136 	0.538524 	0.084497 	-1.38732 	-0.116402 	
1.29	0.321054 	-0.173132 	0.538539 	0.084497 	-1.38732 	-0.116402 	
1.295	0.321141 	-0.173129 	0.538553 	0.084497 	-1.38732 	-0.116402 	
1.3	0.321162 	-0.173126 	0.538553 	0.0828557 	-1.38617 	-0.114141 	
1.305	0.321249 	-0.173122 	0.538567 	0.0828557 	-1.38617 	-0.114141 	
1.31	0.321336 	-0.173118 	0.538582 	0.0828557 	-1.38617 	-0.114141 	
1.315	0.321357 	-0.173115 	0.538581 	0.0812161 	-1.38502 	-0.111882 	
1.32	0.321444 	-0.173111 	0.538596 	0.0812161 	-1.38502 	-0.111882 	
1.325	0.321531 	-0.173107 	0.538611 	0.0812161 	-1.38502 	-0.111882 	
1.33	0.321552 	-0.173105 	0.53861 	0.0795786 	-1.38387 	-0.109626 	
1.335	0.321639 	-0.173101 	0.538625 	0.0795786 	-1.38387 	-0.109626 	
1.34	0.321725 	-0.173097 	0.538639 	0.0795786 	-1.38387 	-0.109626 	
1.345	0.321747 	-0.173094 	0.538639 	0.0779439 	-1.38273 	-0.107374 	
1.35	0.321833 	-0.17309 	0.538653 	0.0779439 	-1.38273 	-0.107374 	
1.355	0.32192 	-0.173086 	0.538668 	0.0779439 	-1.38273 	-0.107374 	
1.36	0.321941 	-0.173084 	0.538667 	0.0763125 	-1.38158 	-0.105127 	
1.365	0.322027 	-0.17308 	0.538682 	0.0763125 	-1.38158 	-0.105127 	
1.37	0.322114 	-0.173076 	0.538696 	0.0763125 	-1.38158 	-0.105127 	
1.375	0.322135 	-0.173074 	0.538696 	0.0746849 	-1.38044 	-0.102885 	
1.38	0.322221 	-0.173069 	0.53871 	0.0746849 	-1.38044 	-0.102885 	
1.385	0.322307 	-0.173065 	0.538725 	0.0746849 	-1.38044 	-0.102885 	
1.39	0.322328 	-0.173063 	0.538724 	0.0730619 	-1.3793 	-0.100649 	
1.395	0.322414 	-0.173059 	0.538739 	0.0730619 	-1.3793 	-0.100649 	
1.4	0.322499 	-0.173055 	0.538753 	0.0730619 	-1.3793 	-0.100649 	
1.405	0.322521 	-0.173053 	0.538753 	0.0714439 	-1.37817 	-0.0984199 	
1.41	0.322606 	-0.173049 	0.538767 	0.0714439 	-1.37817 	-0.0984199 	
1.415	0.322691 	-0.173044 	0.538781 	0.0714439 	-1.37817 	-0.0984199 	
1.42	0.322712 	-0.173043 	0.538781 	0.0698315 	-1.37704 	-0.0961987 	
1.425	0.322798 	-0.173038 	0.538795 	0.0698315 	-1.37704 	-0.0961987 	
1.43	0.322883 	-0.173034 	0.538809 	0.0698315 	-1.37704 	-0.0961987 	
1.435	0.322904 	-0.173032 	0.538809 	0.0682253 	-1.37591 	-0.093986 	
1.44	0.322988 	-0.173028 	0.538823 	0.0682253 	-1.37591 	-0.093986 	
1.445	0.323073 	-0.173023 	0.538837 	0.0682253 	-1.37591 	-0.093986 	
1.45	0.323094 	-0.173022 	0.538837 	0.0666258 	-1.37479 	-0.0917827 	
1.455	0.323178 	-0.173018 	0.538851 	0.0666258 	-1.37479 	-0.0917827 	
1.46	0.323263 	-0.173013 	0.538865 	0.0666258 	-1.37479 	-0.0917827 	
1.465	0.323283 	-0.173012 	0.538865 	0.0650337 	-1.37368 	-0.0895894 	
1.47	0.323367 	-0.173007 	0.538879 	0.0650337 	-1.37368 	-0.0895894 	
1.475	0.323451 	-0.173003 	0.538893 	0.0650337 	-1.37368 	-0.0895894 	
1.48	0.323472 	-0.173002 	0.538892 	0.0634495 	-1.37257 	-0.087407 	
1.485	0.323556 	-0.172997 	0.538906 	0.0634495 	-1.37257 	-0.087407 	
1.49	0.323639 	-0.172993 	0.53892 	0.0634495 	-1.37257 	-0.087407 	
1.495	0.323659 	-0.172992 	0.53892 	0.0618737 	-1.37146 	-0.0852362 	
1.5	0.323743 	-0.172987 	0.538934 	0.0618737 	-1.37146 	-0.0852362 	
1.505	0.323825 	-0.172982 	0.538948 	0.0618737 	-1.37146 	-0.0852362 	
1.51	0.323846 	-0.172982 	0.538948 	0.0603069 	-1.37036 	-0.0830778 	
1.515	0.323928 	-0.172977 	0.538961 	0.0603069 	-1.37036 	-0.0830778 	
1.52	0.324011 	-0.172972 	0.538975 	0.0603069 	-1.37036 	-0.0830778 	
1.525	0.324031 	-0.172972 	0.538975 	0.0587497 	-1.36927 	-0.0809326 	
1.53	0.324113 	-0.172967 	0.538988 	0.0587497 	-1.36927 	-0.0809326 	
1.535	0.324195 	-0.172962 	0.539002 	0.0587497 	-1.36927 	-0.0809326 	
1.54	0.324215 	-0.172962 	0.539002 	0.0572026 	-1.36819 	-0.0788013 	
1.545	0.324297 	-0.172957 	0.539015 	0.0572026 	-1.36819 	-0.0788013 	
1.55	0.324378 	-0.172952 	0.539029 	0.0572026 	-1.36819 	-0.0788013 	
1.555	0.324398 	-0.172952 	0.539029 	0.0556661 	-1.36711 	-0.0766847 	
1.56	0.324479 	-0.172947 	0.539042 	0.0556661 	-1.36711 	-0.0766847 	
1.565	0.32456 	-0.172942 	0.539055 	0.0556661 	-1.36711 	-0.0766847 	
1.57	0.32464 	-0.172937 	0.539069 	0.0556661 	-1.36711 	-0.0766847 	
1.575	0.324642 	-0.172939 	0.539065 	0.0536873 	-1.36572 	-0.0739585 	
1.58	0.324722 	-0.172934 	0.539078 	0.0536873 	-1.36572 	-0.0739585 	
1.585	0.324802 	-0.172929 	0.539091 	0.0536873 	-1.36572 	-0.0739585 	
1.59	0.324819 	-0.17293 	0.539091 	0.0521309 	-1.36463 	-0.0718146 	
1.595	0.324899 	-0.172925 	0.539104 	0.0521309 	-1.36463 	-0.0718146 	
1.6	0.324978 	-0.17292 	0.539117 	0.0521309 	-1.36463 	-0.0718146 	
1.605	0.325057 	-0.172915 	0.53913 	0.0521309 	-1.36463 	-0.0718146 	
1.61	0.325058 	-0.172917 	0.539126 	0.0501842 	-1.36327 	-0.0691328 	
1.615	0.325137 	-0.172912 	0.539139 	0.0501842 	-1.36327 	-0.0691328 	
1.62	0.325215 	-0.172907 	0.539152 	0.0501842 	-1.36327 	-0.0691328 	
1.625	0.325293 	-0.172902 	0.539165 	0.0501842 	-1.36327 	-0.0691328 	
1.63	0.325293 	-0.172904 	0.539161 	0.0482186 	-1.36189 	-0.066425 	
1.635	0.32537 	-0.172899 	0.539173 	0.0482186 	-1.36189 	-0.066425 	
1.64	0.325447 	-0.172894 	0.539186 	0.0482186 	-1.36189 	-0.066425 	
1.645	0.325524 	-0.172889 	0.539199 	0.0482186 	-1.36189 	-0.066425 	
1.65	0.325524 	-0.172892 	0.539195 	0.0462733 	-1.36053 	-0.0637451 	
1.655	0.3256 	-0.172887 	0.539207 	0.0462733 	-1.36053 	-0.0637451 	
1.66	0.325677 	-0.172882 	0.53922 	0.0462733 	-1.36053 	-0.0637451 	
1.665	0.325753 	-0.172876 	0.539232 	0.0462733 	-1.36053 	-0.0637451 	
1.67	0.325752 	-0.17288 	0.539228 	0.0443533 	-1.35918 	-0.0611002 	
1.675	0.325827 	-0.172875 	0.53924 	0.0443533 	-1.35918 	-0.0611002 	
1.68	0.325903 	-0.172869 	0.539253 	0.0443533 	-1.35918 	-0.0611002 	
1.685	0.325978 	-0.172864 	0.539265 	0.0443533 	-1.35918 	-0.0611002 	
1.69	0.325977 	-0.172868 	0.539261 	0.0424603 	-1.35786 	-0.0584925 	
1.695	0.326051 	-0.172862 	0.539273 	0.0424603 	-1.35786 	-0.0584925 	
1.7	0.326125 	-0.172857 	0.539285 	0.0424603 	-1.35786 	-0.0584925 	
1.705	0.326199 	-0.172852 	0.539297 	0.0424603 	-1.35786 	-0.0584925 	
1.71	0.326198 	-0.172856 	0.539294 	0.0405956 	-1.35655 	-0.0559236 	
1.715	0.326272 	-0.172851 	0.539306 	0.0405956 	-1.35655 	-0.0559236 	
1.72	0.326345 	-0.172845 	0.539318 	0.0405956 	-1.35655 	-0.0559236 	
1.725	0.326417 	-0.17284 	0.539329 	0.0405956 	-1.35655 	-0.0559236 	
1.73	0.326416 	-0.172844 	0.539326 	0.0387602 	-1.35526 	-0.0533953 	
1.735	0.326489 	-0.172839 	0.539338 	0.0387602 	-1.35526 	-0.0533953 	
1.74	0.32656 	-0.172834 	0.539349 	0.0387602 	-1.35526 	-0.0533953 	
1.745	0.326632 	-0.172828 	0.539361 	0.0387602 	-1.35526 	-0.0533953 	
1.75	0.326631 	-0.172833 	0.539357 	0.0369554 	-1.354 	-0.050909 	
1.755	0.326702 	-0.172827 	0.539369 	0.0369554 	-1.354 	-0.050909 	
1.76	0.326772 	-0.172822 	0.53938 	0.0369554 	-1.354 	-0.050909 	
1.765	0.326842 	-0.172817 	0.539392 	0.0369554 	-1.354 	-0.050909 	
1.77	0.326841 	-0.172821 	0.539388 	0.0351822 	-1.35276 	-0.0484664 	
1.775	0.326911 	-0.172816 	0.5394 	0.0351822 	-1.35276 	-0.0484664 	
1.78	0.32698 	-0.172811 	0.539411 	0.0351822 	-1.35276 	-0.0484664 	
1.785	0.327049 	-0.172806 	0.539422 	0.0351822 	-1.35276 	-0.0484664 	
1.79	0.327048 	-0.17281 	0.539419 	0.0334419 	-1.35154 	-0.0460689 	
1.795	0.327116 	-0.172805 	0.53943 	0.0334419 	-1.35154 	-0.0460689 	
1.8	0.327184 	-0.1728 	0.539441 	0.0334419 	-1.35154 	-0.0460689 	
1.805	0.327251 	-0.172795 	0.539452 	0.0334419 	-1.35154 	-0.0460689 	
1.81	0.327251 	-0.1728 	0.539449 	0.0317355 	-1.35034 	-0.0437182 	
1.815	0.327317 	-0.172794 	0.539459 	0.0317355 	-1.35034 	-0.0437182 	
1.82	0.327384 	-0.172789 	0.53947 	0.0317355 	-1.35034 	-0.0437182 	
1.825	0.32745 	-0.172784 	0.539481 	0.0317355 	-1.35034 	-0.0437182 	
1.83	0.327449 	-0.172789 	0.539478 	0.030064 	-1.34917 	-0.0414156 	
1.835	0.327514 	-0.172784 	0.539488 	0.030064 	-1.34917 	-0.0414156 	
1.84	0.327579 	-0.172779 	0.539499 	0.030064 	-1.34917 	-0.0414156 	
1.845	0.327644 	-0.172774 	0.539509 	0.030064 	-1.34917 	-0.0414156 	
1.85	0.327643 	-0.172779 	0.539506 	0.0284286 	-1.34802 	-0.0391627 	
1.855	0.327707 	-0.172773 	0.539517 	0.0284286 	-1.34802 	-0.0391627 	
1.86	0.327771 	-0.172768 	0.539527 	0.0284286 	-1.34802 	-0.0391627 	
1.865	0.327834 	-0.172763 	0.539537 	0.0284286 	-1.34802 	-0.0391627 	
1.87	0.327833 	-0.172768 	0.539534 	0.0268302 	-1.3469 	-0.0369607 	
1.875	0.327895 	-0.172763 	0.539544 	0.0268302 	-1.3469 	-0.0369607 	
1.88	0.327957 	-0.172758 	0.539554 	0.0268302 	-1.3469 	-0.0369607 	
1.885	0.328019 	-0.172753 	0.539564 	0.0268302 	-1.3469 	-0.0369607 	
1.89	0.328018 	-0.172758 	0.539561 	0.0252699 	-1.34581 	-0.0348113 	
1.895	0.328079 	-0.172753 	0.539571 	0.0252699 	-1.34581 	-0.0348113 	
1.9	0.328139 	-0.172749 	0.539581 	0.0252699 	-1.34581 	-0.0348113 	
1.905	0.328199 	-0.172744 	0.53959 	0.0252699 	-1.34581 	-0.0348113 	
1.91	0.328199 	-0.172749 	0.539588 	0.0237486 	-1.34474 	-0.0327156 	
1.915	0.328258 	-0.172744 	0.539597 	0.0237486 	-1.34474 	-0.0327156 	
1.92	0.328317 	-0.172739 	0.539607 	0.0237486 	-1.34474 	-0.0327156 	
1.925	0.328375 	-0.172734 	0.539616 	0.0237486 	-1.34474 	-0.0327156 	
1.93	0.328433 	-0.172729 	0.539625 	0.0237486 	-1.34474 	-0.0327156 	
1.935	0.328419 	-0.172737 	0.53962 	0.0219416 	-1.34348 	-0.0302263 	
1.94	0.328476 	-0.172732 	0.53963 	0.0219416 	-1.34348 	-0.0302263 	
1.945	0.328533 	-0.172727 	0.539639 	0.0219416 	-1.34348 	-0.0302263 	
1.95	0.328589 	-0.172722 	0.539648 	0.0219416 	-1.34348 	-0.0302263 	
1.955	0.328645 	-0.172718 	0.539657 	0.0219416 	-1.34348 	-0.0302263 	
1.96	0.32863 	-0.172726 	0.539652 	0.0201633 	-1.34223 	-0.0277764 	
1.965	0.328685 	-0.172721 	0.53966 	0.0201633 	-1.34223 	-0.0277764 	
1.97	0.32874 	-0.172716 	0.539669 	0.0201633 	-1.34223 	-0.0277764 	
1.975	0.328794 	-0.172712 	0.539678 	0.0201633 	-1.34223 	-0.0277764 	
1.98	0.328848 	-0.172707 	0.539686 	0.0201633 	-1.34223 	-0.0277764 	
1.985	0.328833 	-0.172715 	0.539681 	0.0184473 	-1.34103 	-0.0254125 	
1.99	0.328886 	-0.17271 	0.53969 	0.0184473 	-1.34103 	-0.0254125 	
1.995	0.328939 	-0.172706 	0.539698 	0.0184473 	-1.34103 	-0.0254125 	
2	0.328991 	-0.172701 	0.539707 	0.0184473 	-1.34103 	-0.0254125 	
2.005	0.329042 	-0.172697 	0.539715 	0.0184473 	-1.34103 	-0.0254125 	
2.01	0.329028 	-0.172704 	0.53971 	0.0167986 	-1.33987 	-0.0231413 	
2.015	0.329079 	-0.1727 	0.539718 	0.0167986 	-1.33987 	-0.0231413 	
2.02	0.32913 	-0.172695 	0.539726 	0.0167986 	-1.33987 	-0.0231413 	
2.025	0.329179 	-0.172691 	0.539734 	0.0167986 	-1.33987 	-0.0231413 	
2.03	0.329229 	-0.172687 	0.539742 	0.0167986 	-1.33987 	-0.0231413 	
2.035	0.329215 	-0.172694 	0.539738 	0.0152192 	-1.33876 	-0.0209656 	
2.04	0.329264 	-0.17269 	0.539745 	0.0152192 	-1.33876 	-0.0209656 	
2.045	0.329312 	-0.172686 	0.539753 	0.0152192 	-1.33876 	-0.0209656 	
2.05	0.329359 	-0.172682 	0.53976 	0.0152192 	-1.33876 	-0.0209656 	
2.055	0.329407 	-0.172677 	0.539768 	0.0152192 	-1.33876 	-0.0209656 	
2.06	0.329453 	-0.172673 	0.539775 	0.0152192 	-1.33876 	-0.0209656 	
2.065	0.32943 	-0.172683 	0.539769 	0.0134491 	-1.33752 	-0.0185271 	
2.07	0.329475 	-0.172679 	0.539776 	0.0134491 	-1.33752 	-0.0185271 	
2.075	0.329521 	-0.172675 	0.539784 	0.0134491 	-1.33752 	-0.0185271 	
2.08	0.329565 	-0.17267 	0.539791 	0.0134491 	-1.33752 	-0.0185271 	
2.085	0.32961 	-0.172666 	0.539798 	0.0134491 	-1.33752 	-0.0185271 	
2.09	0.329654 	-0.172662 	0.539805 	0.0134491 	-1.33752 	-0.0185271 	
2.095	0.32963 	-0.172672 	0.539799 	0.0117536 	-1.33634 	-0.0161914 	
2.1	0.329673 	-0.172668 	0.539805 	0.0117536 	-1.33634 	-0.0161914 	
2.105	0.329716 	-0.172664 	0.539812 	0.0117536 	-1.33634 	-0.0161914 	
2.11	0.329758 	-0.17266 	0.539819 	0.0117536 	-1.33634 	-0.0161914 	
2.115	0.329799 	-0.172657 	0.539825 	0.0117536 	-1.33634 	-0.0161914 	
2.12	0.32984 	-0.172653 	0.539832 	0.0117536 	-1.33634 	-0.0161914 	
2.125	0.329818 	-0.172662 	0.539826 	0.010162 	-1.33522 	-0.0139988 	
2.13	0.329858 	-0.172658 	0.539833 	0.010162 	-1.33522 	-0.0139988 	
2.135	0.329897 	-0.172655 	0.539839 	0.010162 	-1.33522 	-0.0139988 	
2.14	0.329937 	-0.172651 	0.539845 	0.010162 	-1.33522 	-0.0139988 	
2.145	0.329975 	-0.172648 	0.539851 	0.010162 	-1.33522 	-0.0139988 	
2.15	0.330013 	-0.172644 	0.539857 	0.010162 	-1.33522 	-0.0139988 	
2.155	0.330051 	-0.17264 	0.539863 	0.010162 	-1.33522 	-0.0139988 	
2.16	0.330021 	-0.172651 	0.539856 	0.00846894 	-1.33403 	-0.0116665 	
2.165	0.330058 	-0.172648 	0.539862 	0.00846894 	-1.33403 	-0.0116665 	
2.17	0.330094 	-0.172644 	0.539868 	0.00846894 	-1.33403 	-0.0116665 	
2.175	0.33013 	-0.172641 	0.539873 	0.00846894 	-1.33403 	-0.0116665 	
2.18	0.330165 	-0.172638 	0.539879 	0.00846894 	-1.33403 	-0.0116665 	
2.185	0.3302 	-0.172634 	0.539884 	0.00846894 	-1.33403 	-0.0116665 	
2.19	0.330234 	-0.172631 	0.53989 	0.00846894 	-1.33403 	-0.0116665 	
2.195	0.330206 	-0.172641 	0.539883 	0.00690222 	-1.33294 	-0.00950823 	
2.2	0.330239 	-0.172638 	0.539889 	0.00690222 	-1.33294 	-0.00950823 	
2.205	0.330271 	-0.172635 	0.539894 	0.00690222 	-1.33294 	-0.00950823 	
2.21	0.330304 	-0.172632 	0.539899 	0.00690222 	-1.33294 	-0.00950823 	
2.215	0.330335 	-0.172629 	0.539904 	0.00690222 	-1.33294 	-0.00950823 	
2.22	0.330366 	-0.172626 	0.539909 	0.00690222 	-1.33294 	-0.00950823 	
2.225	0.330397 	-0.172623 	0.539913 	0.00690222 	-1.33294 	-0.00950823 	
2.23	0.330427 	-0.17262 	0.539918 	0.00690222 	-1.33294 	-0.00950823 	
2.235	0.330394 	-0.172631 	0.539911 	0.00532018 	-1.33183 	-0.00732883 	
2.24	0.330423 	-0.172628 	0.539916 	0.00532018 	-1.33183 	-0.00732883 	
2.245	0.330452 	-0.172626 	0.53992 	0.00532018 	-1.33183 	-0.00732883 	
2.25	0.33048 	-0.172623 	0.539925 	0.00532018 	-1.33183 	-0.00732883 	
2.255	0.330508 	-0.17262 	0.539929 	0.00532018 	-1.33183 	-0.00732883 	
2.26	0.330535 	-0.172618 	0.539933 	0.00532018 	-1.33183 	-0.00732883 	
2.265	0.330561 	-0.172615 	0.539937 	0.00532018 	-1.33183 	-0.00732883 	
2.27	0.330587 	-0.172613 	0.539941 	0.00532018 	-1.33183 	-0.00732883 	
2.275	0.330613 	-0.17261 	0.539945 	0.00532018 	-1.33183 	-0.00732883 	
2.28	0.330577 	-0.172621 	0.539938 	0.00378088 	-1.33075 	-0.00520832 	
2.285	0.330601 	-0.172619 	0.539942 	0.00378088 	-1.33075 	-0.00520832 	
2.29	0.330625 	-0.172617 	0.539946 	0.00378088 	-1.33075 	-0.00520832 	
2.295	0.330649 	-0.172615 	0.539949 	0.00378088 	-1.33075 	-0.00520832 	
2.3	0.330671 	-0.172612 	0.539953 	0.00378088 	-1.33075 	-0.00520832 	
2.305	0.330694 	-0.17261 	0.539956 	0.00378088 	-1.33075 	-0.00520832 	
2.31	0.330716 	-0.172608 	0.53996 	0.00378088 	-1.33075 	-0.00520832 	
2.315	0.330737 	-0.172606 	0.539963 	0.00378088 	-1.33075 	-0.00520832 	
2.32	0.330758 	-0.172604 	0.539966 	0.00378088 	-1.33075 	-0.00520832 	
2.325	0.330778 	-0.172602 	0.539969 	0.00378088 	-1.33075 	-0.00520832 	
2.33	0.330797 	-0.1726 	0.539973 	0.00378088 	-1.33075 	-0.00520832 	
2.335	0.330757 	-0.172612 	0.539964 	0.0022652 	-1.32969 	-0.00312034 	
2.34	0.330776 	-0.17261 	0.539967 	0.0022652 	-1.32969 	-0.00312034 	
2.345	0.330794 	-0.172608 	0.53997 	0.0022652 	-1.32969 	-0.00312034 	
2.35	0.330811 	-0.172606 	0.539973 	0.0022652 	-1.32969 	-0.00312034 	
2.355	0.330828 	-0.172605 	0.539976 	0.0022652 	-1.32969 	-0.00312034 	
2.36	0.330845 	-0.172603 	0.539978 	0.0022652 	-1.32969 	-0.00312034 	
2.365	0.330861 	-0.172602 	0.539981 	0.0022652 	-1.32969 	-0.00312034 	
2.37	0.330876 	-0.1726 	0.539983 	0.0022652 	-1.32969 	-0.00312034 	
2.375	0.330891 	-0.172599 	0.539985 	0.0022652 	-1.32969 	-0.00312034 	
2.38	0.330905 	-0.172597 	0.539988 	0.0022652 	-1.32969 	-0.00312034 	
2.385	0.330919 	-0.172596 	0.53999 	0.0022652 	-1.32969 	-0.00312034 	
2.39	0.330933 	-0.172595 	0.539992 	0.0022652 	-1.32969 	-0.00312034 	
2.395	0.330945 	-0.172593 	0.539994 	0.0022652 	-1.32969 	-0.00312034 	
2.4	0.330957 	-0.172592 	0.539996 	0.0022652 	-1.32969 	-0.00312034 	
2.405	0.330969 	-0.172591 	0.539998 	0.0022652 	-1.32969 	-0.00312034 	
2.41	0.33098 	-0.17259 	0.539999 	0.0022652 	-1.32969 	-0.00312034 	
2.415	0.330991 	-0.172589 	0.540001 	0.0022652 	-1.32969 	-0.00312034 	
2.42	0.33094 	-0.172602 	0.539991 	0.000728575 	-1.32861 	-0.0010035 	
2.425	0.330949 	-0.172601 	0.539993 	0.000728575 	-1.32861 	-0.0010035 	
2.43	0.330959 	-0.1726 	0.539994 	0.000728575 	-1.32861 	-0.0010035 	
2.435	0.330967 	-0.172599 	0.539996 	0.000728575 	-1.32861 	-0.0010035 	
2.44	0.330974 	-0.172599 	0.539997 	0.000728575 	-1.32861 	-0.0010035 	
2.445	0.330982 	-0.172598 	0.539998 	0.000728575 	-1.32861 	-0.0010035 	
2.45	0.330989 	-0.172597 	0.539999 	0.000728575 	-1.32861 	-0.0010035 	
2.455	0.330995 	-0.172597 	0.54 	0.000728575 	-1.32861 	-0.0010035 	
2.46	0.331001 	-0.172596 	0.540001 	0.000728575 	-1.32861 	-0.0010035 	
2.465	0.331006 	-0.172595 	0.540002 	0.000728575 	-1.32861 	-0.0010035 	
2.47	0.331011 	-0.172595 	0.540002 	0.000728575 	-1.32861 	-0.0010035 	
2.475	0.331015 	-0.172595 	0.540003 	0.000728575 	-1.32861 	-0.0010035 	
2.48	0.331018 	-0.172594 	0.540004 	0.000728575 	-1.32861 	-0.0010035 	
2.485	0.331021 	-0.172594 	0.540004 	0.000728575 	-1.32861 	-0.0010035 	
2.49	0.331024 	-0.172594 	0.540005 	0.000728575 	-1.32861 	-0.0010035 	
2.495	0.331026 	-0.172594 	0.540005 	0.000728575 	-1.32861 	-0.0010035 	
2.5	0.331027 	-0.172593 	0.540005 	0.000728575 	-1.32861 	-0.0010035 	
2.505	0.331027 	-0.172593 	0.540005 	0.000728575 	-1.32861 	-0.0010035 	
2.51	0.331025 	-0.172596 	0.540005 	0.000728575 	-1.32861 	-0.0010035 	
2.515	0.331025 	-0.172596 	0.540005 	0.000728575 	-1.32861 	-0.0010035 	
2.52	0.331025 	-0.172597 	0.540005 	0.000728575 	-1.32861 	-0.0010035 	
2.525	0.331025 	-0.172598 	0.540004 	0.000728575 	-1.32861 	-0.0010035 	
2.53	0.331026 	-0.172599 	0.540003 	0.000728575 	-1.32861 	-0.0010035 	
2.535	0.331026 	-0.1726 	0.540002 	0.000728575 	-1.32861 	-0.0010035 	
2.54	0.331026 	-0.172602 	0.54 	0.000728575 	-1.32861 	-0.0010035 	
2.545	0.331027 	-0.172604 	0.539998 	0.000728575 	-1.32861 	-0.0010035 	
2.55	0.331027 	-0.172606 	0.539996 	0.000728575 	-1.32861 	-0.0010035 	
2.555	0.331028 	-0.172609 	0.539993 	0.000728575 	-1.32861 	-0.0010035 	
2.56	0.331028 	-0.172612 	0.53999 	0.000728575 	-1.32861 	-0.0010035 	
2.565	0.331029 	-0.172615 	0.539987 	0.000728575 	-1.32861 	-0.0010035 	
2.57	0.33103 	-0.172619 	0.539984 	0.000728575 	-1.32861 	-0.0010035 	
2.575	0.331009 	-0.172605 	0.539977 	0.00112563 	-1.32827 	-0.000101499 	
2.58	0.33101 	-0.172609 	0.539973 	0.00112563 	-1.32827 	-0.000101499 	
2.585	0.331011 	-0.172614 	0.539969 	0.00112563 	-1.32827 	-0.000101499 	
2.59	0.331012 	-0.172618 	0.539964 	0.00112563 	-1.32827 	-0.000101499 	
2.595	0.331013 	-0.172623 	0.539959 	0.00112563 	-1.32827 	-0.000101499 	
2.6	0.331014 	-0.172629 	0.539954 	0.00112563 	-1.32827 	-0.000101499 	
2.605	0.331019 	-0.172606 	0.53995 	0.00235658 	-1.32837 	-9.83755e-06 	
2.61	0.33102 	-0.172612 	0.539944 	0.00235658 	-1.32837 	-9.83752e-06 	
2.615	0.331021 	-0.172618 	0.539938 	0.00235658 	-1.32837 	-9.83748e-06 	
2.62	0.331023 	-0.172626 	0.539931 	0.00235658 	-1.32837 	-9.83744e-06 	
2.625	0.331024 	-0.172632 	0.539925 	0.00235658 	-1.32837 	-9.83741e-06 	
2.63	0.331032 	-0.172607 	0.539919 	0.0038121 	-1.32853 	-4.41178e-07 	
2.635	0.331033 	-0.172615 	0.539912 	0.0038121 	-1.32853 	-4.41135e-07 	
2.64	0.331035 	-0.172622 	0.539904 	0.0038121 	-1.32853 	-4.41088e-07 	
2.645	0.331037 	-0.172631 	0.539896 	0.0038121 	-1.32853 	-4.41038e-07 	
2.65	0.331045 	-0.172607 	0.53989 	0.00524409 	-1.32869 	4.89703e-07 	
2.655	0.331046 	-0.172616 	0.539882 	0.00524409 	-1.32869 	4.89759e-07 	
2.66	0.331048 	-0.172625 	0.539873 	0.00524409 	-1.32869 	4.8982e-07 	
2.665	0.331051 	-0.172634 	0.539864 	0.00524409 	-1.32869 	4.89883e-07 	
2.67	0.331059 	-0.172607 	0.539857 	0.00686801 	-1.32887 	7.37203e-07 	
2.675	0.331061 	-0.172617 	0.539847 	0.00686801 	-1.32887 	7.37274e-07 	
2.68	0.331064 	-0.172628 	0.539837 	0.00686801 	-1.32887 	7.37349e-07 	
2.685	0.331072 	-0.172607 	0.539829 	0.00826796 	-1.32903 	5.88662e-07 	
2.69	0.331074 	-0.172618 	0.539819 	0.00826796 	-1.32903 	5.88744e-07 	
2.695	0.331077 	-0.172629 	0.539808 	0.00826796 	-1.32903 	5.8883e-07 	
2.7	0.331085 	-0.172607 	0.539799 	0.00975313 	-1.3292 	6.39381e-07 	
2.705	0.331092 	-0.172615 	0.539787 	0.00975314 	-1.3292 	6.38387e-07 	
2.71	0.331095 	-0.172627 	0.539776 	0.00975314 	-1.3292 	6.38473e-07 	
2.715	0.331104 	-0.172603 	0.539766 	0.0113539 	-1.32938 	7.38742e-07 	
2.72	0.331107 	-0.172616 	0.539754 	0.0113539 	-1.32938 	7.38846e-07 	
2.725	0.33111 	-0.172629 	0.539741 	0.0113539 	-1.32938 	7.38954e-07 	
2.73	0.33112 	-0.172603 	0.539731 	0.0130725 	-1.32957 	8.52361e-07 	
2.735	0.331123 	-0.172617 	0.539718 	0.0130725 	-1.32957 	8.52475e-07 	
2.74	0.331131 	-0.172602 	0.539707 	0.0143424 	-1.32971 	5.15661e-07 	
2.745	0.331134 	-0.172616 	0.539693 	0.0143424 	-1.32971 	5.15782e-07 	
2.75	0.331142 	-0.172602 	0.539681 	0.0156137 	-1.32986 	4.84145e-07 	
2.755	0.331146 	-0.172617 	0.539666 	0.0156137 	-1.32986 	4.84272e-07 	
2.76	0.331154 	-0.172602 	0.539654 	0.0169314 	-1.33001 	5.1353e-07 	
2.765	0.331158 	-0.172618 	0.539639 	0.0169314 	-1.33001 	5.13663e-07 	
2.77	0.331166 	-0.172602 	0.539626 	0.0182997 	-1.33016 	5.53199e-07 	
2.775	0.33117 	-0.172618 	0.539611 	0.0182997 	-1.33016 	5.53337e-07 	
2.78	0.331179 	-0.172602 	0.539597 	0.0197188 	-1.33032 	5.95402e-07 	
2.785	0.331183 	-0.172619 	0.539581 	0.0197188 	-1.33032 	5.95545e-07 	
2.79	0.331192 	-0.172603 	0.539567 	0.0211883 	-1.33048 	6.39056e-07 	
2.795	0.331196 	-0.17262 	0.539551 	0.0211883 	-1.33048 	6.39202e-07 	
2.8	0.331206 	-0.172603 	0.539536 	0.0227079 	-1.33066 	6.83988e-07 	
2.805	0.33121 	-0.17262 	0.539519 	0.0227079 	-1.33066 	6.84138e-07 	
2.81	0.33122 	-0.172603 	0.539505 	0.0242772 	-1.33083 	7.30144e-07 	
2.815	0.331225 	-0.172621 	0.539487 	0.0242772 	-1.33083 	7.30296e-07 	
2.82	0.331235 	-0.172603 	0.539472 	0.0258958 	-1.33101 	7.77481e-07 	
2.825	0.331239 	-0.172622 	0.539453 	0.0258958 	-1.33101 	7.77634e-07 	
2.83	0.33125 	-0.172603 	0.539438 	0.0275633 	-1.3312 	8.25957e-07 	
2.835	0.331255 	-0.172622 	0.539419 	0.0275633 	-1.3312 	8.2611e-07 	
2.84	0.331265 	-0.172603 	0.539403 	0.0292793 	-1.3314 	8.7553e-07 	
2.845	0.33127 	-0.172623 	0.539384 	0.0292793 	-1.3314 	8.75683e-07 	
2.85	0.331281 	-0.172603 	0.539367 	0.0310434 	-1.33159 	9.26157e-07 	
2.855	0.331286 	-0.172624 	0.539347 	0.0310434 	-1.33159 	9.26307e-07 	
2.86	0.331298 	-0.172603 	0.53933 	0.0328551 	-1.3318 	9.77793e-07 	
2.865	0.331303 	-0.172624 	0.53931 	0.0328551 	-1.3318 	9.7794e-07 	
2.87	0.331315 	-0.172604 	0.539292 	0.034714 	-1.33201 	1.03039e-06 	
2.875	0.33132 	-0.172625 	0.539272 	0.034714 	-1.33201 	1.03053e-06 	
2.88	0.331332 	-0.172604 	0.539254 	0.0366196 	-1.33222 	1.08391e-06 	
2.885	0.331337 	-0.172625 	0.539232 	0.0366196 	-1.33222 	1.08405e-06 	
2.89	0.331349 	-0.172604 	0.539214 	0.0385714 	-1.33244 	1.1383e-06 	
2.895	0.331355 	-0.172626 	0.539192 	0.0385714 	-1.33244 	1.13842e-06 	
2.9	0.331367 	-0.172604 	0.539174 	0.040569 	-1.33267 	1.19351e-06 	
2.905	0.331373 	-0.172627 	0.539151 	0.040569 	-1.33267 	1.19362e-06 	
2.91	0.331386 	-0.172604 	0.539132 	0.0426118 	-1.3329 	1.24949e-06 	
2.915	0.331392 	-0.172627 	0.539109 	0.0426118 	-1.3329 	1.2496e-06 	
2.92	0.331405 	-0.172604 	0.53909 	0.0446994 	-1.33313 	1.30619e-06 	
2.925	0.331411 	-0.172628 	0.539066 	0.0446994 	-1.33313 	1.30629e-06 	
2.93	0.331424 	-0.172604 	0.539046 	0.0468312 	-1.33337 	1.36357e-06 	
2.935	0.33143 	-0.172628 	0.539022 	0.0468312 	-1.33337 	1.36365e-06 	
2.94	0.331443 	-0.172604 	0.539002 	0.0490067 	-1.33362 	1.42157e-06 	
2.945	0.33145 	-0.172629 	0.538978 	0.0490067 	-1.33362 	1.42163e-06 	
2.95	0.331463 	-0.172604 	0.538957 	0.0512253 	-1.33386 	1.48014e-06 	
2.955	0.33147 	-0.17263 	0.538932 	0.0512253 	-1.33386 	1.48018e-06 	
2.96	0.331484 	-0.172604 	0.538911 	0.0534866 	-1.33412 	1.53923e-06 	
2.965	0.331491 	-0.17263 	0.538886 	0.0534866 	-1.33412 	1.53925e-06 	
2.97	0.331505 	-0.172605 	0.538864 	0.0557898 	-1.33438 	1.59878e-06 	
2.975	0.331516 	-0.172602 	0.538841 	0.0570737 	-1.33452 	6.24036e-07 	
2.98	0.331523 	-0.172628 	0.538815 	0.0570737 	-1.33452 	6.2402e-07 	
2.985	0.331537 	-0.172604 	0.538793 	0.0593341 	-1.33478 	1.4599e-06 	
2.99	0.331548 	-0.172602 	0.538769 	0.0606412 	-1.33492 	6.28185e-07 	
2.995	0.331555 	-0.172629 	0.538742 	0.0606412 	-1.33492 	6.28127e-07 	
3	0.331569 	-0.172605 	0.538719 	0.0629583 	-1.33519 	1.53378e-06 	
3.005	0.331581 	-0.172602 	0.538695 	0.0642981 	-1.33534 	6.60705e-07 	
3.01	0.331588 	-0.17263 	0.538667 	0.0642981 	-1.33534 	6.606e-07 	
3.015	0.331603 	-0.172605 	0.538644 	0.0666717 	-1.3356 	1.61215e-06 	
3.02	0.331614 	-0.172602 	0.538619 	0.0680434 	-1.33576 	6.93859e-07 	
3.025	0.331626 	-0.172602 	0.538593 	0.0693227 	-1.3359 	5.36247e-07 	
3.03	0.331637 	-0.172602 	0.538567 	0.0706012 	-1.33605 	5.20596e-07 	
3.035	0.331649 	-0.172602 	0.538541 	0.0718882 	-1.33619 	5.25483e-07 	
3.04	0.331661 	-0.172602 	0.538515 	0.0731844 	-1.33634 	5.3306e-07 	
3.045	0.331672 	-0.172602 	0.538488 	0.0744899 	-1.33648 	5.40968e-07 	
3.05	0.331684 	-0.172602 	0.538461 	0.0758045 	-1.33663 	5.48866e-07 	
3.055	0.331696 	-0.172602 	0.538435 	0.0771283 	-1.33678 	5.56854e-07 	
3.06	0.331708 	-0.172602 	0.538408 	0.0784612 	-1.33693 	5.64798e-07 	
3.065	0.33172 	-0.172602 	0.53838 	0.0798029 	-1.33708 	5.72729e-07 	
3.07	0.331732 	-0.172602 	0.538353 	0.0811536 	-1.33723 	5.8065e-07 	
3.075	0.331745 	-0.172602 	0.538325 	0.082513 	-1.33739 	5.88559e-07 	
3.08	0.331757 	-0.172602 	0.538298 	0.0838812 	-1.33754 	5.96454e-07 	
3.085	0.331769 	-0.172602 	0.53827 	0.0852579 	-1.33769 	6.04333e-07 	
3.09	0.331782 	-0.172602 	0.538242 	0.0866432 	-1.33785 	6.12194e-07 	
3.095	0.331794 	-0.172602 	0.538214 	0.0880369 	-1.33801 	6.20036e-07 	
3.1	0.331807 	-0.172602 	0.538185 	0.089439 	-1.33817 	6.27856e-07 	
3.105	0.33182 	-0.172602 	0.538157 	0.0908493 	-1.33832 	6.35654e-07 	
3.11	0.331833 	-0.172602 	0.538128 	0.0922679 	-1.33848 	6.43426e-07 	
3.115	0.331845 	-0.172602 	0.538099 	0.0936945 	-1.33864 	6.51171e-07 	
3.12	0.331858 	-0.172602 	0.53807 	0.0951291 	-1.33881 	6.58888e-07 	
3.125	0.331871 	-0.172602 	0.538041 	0.0965717 	-1.33897 	6.66574e-07 	
3.13	0.331884 	-0.172602 	0.538011 	0.098022 	-1.33913 	6.74228e-07 	
3.135	0.331898 	-0.172602 	0.537982 	0.0994801 	-1.3393 	6.81847e-07 	
3.14	0.331911 	-0.172602 	0.537952 	0.100946 	-1.33946 	6.89431e-07 	
3.145	0.331924 	-0.172602 	0.537922 	0.102419 	-1.33963 	6.96976e-07 	
3.15	0.331937 	-0.172602 	0.537892 	0.1039 	-1.33979 	7.04482e-07 	
3.155	0.331951 	-0.172602 	0.537862 	0.105388 	-1.33996 	7.11947e-07 	
3.16	0.331964 	-0.172602 	0.537832 	0.106883 	-1.34013 	7.19368e-07 	
3.165	0.331978 	-0.172602 	0.537801 	0.108386 	-1.3403 	7.26744e-07 	
3.17	0.331991 	-0.172602 	0.53777 	0.109896 	-1.34047 	7.34074e-07 	
3.175	0.332005 	-0.172602 	0.53774 	0.111412 	-1.34064 	7.41355e-07 	
3.18	0.332019 	-0.172603 	0.537709 	0.112936 	-1.34081 	7.48585e-07 	
3.185	0.332033 	-0.172603 	0.537678 	0.114466 	-1.34098 	7.55764e-07 	
3.19	0.332046 	-0.172603 	0.537647 	0.116003 	-1.34115 	7.62888e-07 	
3.195	0.33206 	-0.172603 	0.537615 	0.117547 	-1.34133 	7.69958e-07 	
3.2	0.332074 	-0.172603 	0.537584 	0.119097 	-1.3415 	7.76969e-07 	
3.205	0.332088 	-0.172603 	0.537552 	0.120654 	-1.34168 	7.83922e-07 	
3.21	0.332102 	-0.172603 	0.537521 	0.122217 	-1.34185 	7.90814e-07 	
3.215	0.332117 	-0.172603 	0.537489 	0.123786 	-1.34203 	7.97644e-07 	
3.22	0.332131 	-0.172603 	0.537457 	0.125361 	-1.34221 	8.04409e-07 	
3.225	0.332145 	-0.172603 	0.537425 	0.126943 	-1.34239 	8.11109e-07 	
3.23	0.332159 	-0.172603 	0.537393 	0.12853 	-1.34256 	8.17742e-07 	
3.235	0.332174 	-0.172603 	0.537361 	0.130123 	-1.34274 	8.24305e-07 	
3.24	0.332188 	-0.172603 	0.537328 	0.131722 	-1.34292 	8.30798e-07 	
3.245	0.332202 	-0.172603 	0.537296 	0.133326 	-1.3431 	8.37218e-07 	
3.25	0.332217 	-0.172603 	0.537263 	0.134936 	-1.34329 	8.43565e-07 	
3.255	0.332232 	-0.172603 	0.53723 	0.136552 	-1.34347 	8.49836e-07 	
3.26	0.332246 	-0.172603 	0.537197 	0.138172 	-1.34365 	8.5603e-07 	
3.265	0.332261 	-0.172603 	0.537164 	0.139798 	-1.34383 	8.62145e-07 	
3.27	0.332275 	-0.172603 	0.537131 	0.14143 	-1.34402 	8.6818e-07 	
3.275	0.33229 	-0.172603 	0.537098 	0.143066 	-1.3442 	8.74134e-07 	
3.28	0.332305 	-0.172603 	0.537065 	0.144707 	-1.34438 	8.80004e-07 	
3.285	0.33232 	-0.172603 	0.537032 	0.146353 	-1.34457 	8.8579e-07 	
3.29	0.332335 	-0.172603 	0.536998 	0.148003 	-1.34476 	8.9149e-07 	
3.295	0.33235 	-0.172603 	0.536965 	0.149659 	-1.34494 	8.97102e-07 	
3.3	0.332365 	-0.172603 	0.536931 	0.151318 	-1.34513 	9.02625e-07 	
3.305	0.33238 	-0.172603 	0.536897 	0.152983 	-1.34532 	9.08058e-07 	
3.31	0.332395 	-0.172603 	0.536863 	0.154651 	-1.3455 	9.13399e-07 	
3.315	0.33241 	-0.172603 	0.53683 	0.156324 	-1.34569 	9.18647e-07 	
3.32	0.332425 	-0.172603 	0.536796 	0.158001 	-1.34588 	9.238e-07 	
3.325	0.33244 	-0.172603 	0.536762 	0.159681 	-1.34607 	9.28857e-07 	
3.33	0.332455 	-0.172603 	0.536727 	0.161366 	-1.34626 	9.33818e-07 	
3.335	0.33247 	-0.172603 	0.536693 	0.163055 	-1.34645 	9.38679e-07 	
3.34	0.332486 	-0.172603 	0.536659 	0.164747 	-1.34664 	9.43441e-07 	
3.345	0.332501 	-0.172603 	0.536625 	0.166442 	-1.34683 	9.48102e-07 	
3.35	0.332516 	-0.172603 	0.53659 	0.168142 	-1.34702 	9.52661e-07 	
3.355	0.332531 	-0.172603 	0.536556 	0.169844 	-1.34721 	9.57116e-07 	
3.36	0.332548 	-0.172601 	0.536521 	0.17155 	-1.34741 	9.55579e-07 	
3.365	0.332564 	-0.172601 	0.536486 	0.173259 	-1.3476 	9.65065e-07 	
3.37	0.332579 	-0.172601 	0.536452 	0.174971 	-1.34779 	9.69785e-07 	
3.375	0.332595 	-0.172601 	0.536417 	0.176686 	-1.34798 	9.73874e-07 	
3.38	0.33261 	-0.172601 	0.536382 	0.178404 	-1.34818 	9.778e-07 	
3.385	0.332626 	-0.172601 	0.536347 	0.180124 	-1.34837 	9.81611e-07 	
3.39	0.332641 	-0.172601 	0.536312 	0.181848 	-1.34856 	9.85311e-07 	
3.395	0.332657 	-0.172601 	0.536277 	0.183573 	-1.34876 	9.88898e-07 	
3.4	0.332672 	-0.172601 	0.536242 	0.185301 	-1.34895 	9.92371e-07 	
3.405	0.332688 	-0.172601 	0.536207 	0.187032 	-1.34915 	9.95731e-07 	
3.41	0.332703 	-0.172601 	0.536172 	0.188764 	-1.34934 	9.98975e-07 	
3.415	0.332719 	-0.172601 	0.536137 	0.190499 	-1.34954 	1.0021e-06 	
3.42	0.332735 	-0.172601 	0.536102 	0.192235 	-1.34973 	1.00511e-06 	
3.425	0.33275 	-0.172601 	0.536067 	0.193974 	-1.34993 	1.00801e-06 	
3.43	0.332766 	-0.172601 	0.536031 	0.195714 	-1.35013 	1.01078e-06 	
3.435	0.332782 	-0.172601 	0.535996 	0.197456 	-1.35032 	1.01344e-06 	
3.44	0.332797 	-0.172601 	0.535961 	0.199199 	-1.35052 	1.01597e-06 	
3.445	0.332813 	-0.172601 	0.535926 	0.200944 	-1.35071 	1.01839e-06 	
3.45	0.332829 	-0.172601 	0.53589 	0.20269 	-1.35091 	1.02068e-06 	
3.455	0.332845 	-0.172601 	0.535855 	0.204438 	-1.35111 	1.02285e-06 	
3.46	0.33286 	-0.172601 	0.535819 	0.206186 	-1.3513 	1.0249e-06 	
3.465	0.332876 	-0.172601 	0.535784 	0.207936 	-1.3515 	1.02682e-06 	
3.47	0.332892 	-0.172601 	0.535748 	0.209686 	-1.3517 	1.02862e-06 	
3.475	0.332908 	-0.172601 	0.535713 	0.211437 	-1.35189 	1.03029e-06 	
3.48	0.332923 	-0.172601 	0.535677 	0.213189 	-1.35209 	1.03184e-06 	
3.485	0.332939 	-0.172601 	0.535642 	0.214941 	-1.35229 	1.03326e-06 	
3.49	0.332955 	-0.172601 	0.535606 	0.216694 	-1.35249 	1.03456e-06 	
3.495	0.332971 	-0.172601 	0.535571 	0.218447 	-1.35268 	1.03573e-06 	
3.5	0.332987 	-0.172601 	0.535535 	0.220201 	-1.35288 	1.03677e-06 	
3.505	0.333002 	-0.172601 	0.5355 	0.221954 	-1.35308 	1.03768e-06 	
3.51	0.333018 	-0.172601 	0.535464 	0.223708 	-1.35328 	1.03847e-06 	
3.515	0.333034 	-0.172601 	0.535429 	0.225461 	-1.35347 	1.03913e-06 	
3.52	0.33305 	-0.172601 	0.535393 	0.227214 	-1.35367 	1.03966e-06 	
3.525	0.333066 	-0.172601 	0.535358 	0.228967 	-1.35387 	1.04006e-06 	
3.53	0.333081 	-0.172601 	0.535322 	0.23072 	-1.35406 	1.04033e-06 	
3.535	0.333097 	-0.172601 	0.535287 	0.232471 	-1.35426 	1.04047e-06 	
3.54	0.333113 	-0.172601 	0.535251 	0.234223 	-1.35446 	1.04048e-06 	
3.545	0.333129 	-0.172601 	0.535216 	0.235973 	-1.35466 	1.04036e-06 	
3.55	0.333144 	-0.172601 	0.53518 	0.237723 	-1.35485 	1.04012e-06 	
3.555	0.33316 	-0.172601 	0.535145 	0.239472 	-1.35505 	1.03974e-06 	
3.56	0.333176 	-0.172601 	0.53511 	0.241219 	-1.35525 	1.03923e-06 	
3.565	0.333192 	-0.172601 	0.535074 	0.242966 	-1.35544 	1.03859e-06 	
3.57	0.333207 	-0.172601 	0.535039 	0.244711 	-1.35564 	1.03782e-06 	
3.575	0.333223 	-0.172601 	0.535004 	0.246455 	-1.35584 	1.03693e-06 	
3.58	0.333239 	-0.172601 	0.534968 	0.248197 	-1.35603 	1.0359e-06 	
3.585	0.333254 	-0.172601 	0.534933 	0.249937 	-1.35623 	1.03474e-06 	
3.59	0.33327 	-0.172601 	0.534898 	0.251676 	-1.35642 	1.03345e-06 	
3.595	0.333286 	-0.172601 	0.534863 	0.253413 	-1.35662 	1.03204e-06 	
3.6	0.333301 	-0.172601 	0.534828 	0.255148 	-1.35681 	1.03049e-06 	
3.605	0.333317 	-0.172601 	0.534792 	0.256881 	-1.35701 	1.02882e-06 	
3.61	0.333333 	-0.172601 	0.534757 	0.258612 	-1.3572 	1.02702e-06 	
3.615	0.333348 	-0.172601 	0.534722 	0.260341 	-1.3574 	1.02508e-06 	
3.62	0.333364 	-0.172601 	0.534687 	0.262067 	-1.35759 	1.02302e-06 	
3.625	0.333379 	-0.172601 	0.534652 	0.263791 	-1.35779 	1.02084e-06 	
3.63	0.333395 	-0.172601 	0.534618 	0.265512 	-1.35798 	1.01852e-06 	
3.635	0.33341 	-0.172601 	0.534583 	0.26723 	-1.35817 	1.01608e-06 	
3.64	0.333426 	-0.172601 	0.534548 	0.268946 	-1.35837 	1.01352e-06 	
3.645	0.333441 	-0.172601 	0.534513 	0.270659 	-1.35856 	1.01082e-06 	
3.65	0.333456 	-0.172601 	0.534479 	0.272368 	-1.35875 	1.008e-06 	
3.655	0.333472 	-0.172601 	0.534444 	0.274075 	-1.35894 	1.00506e-06 	
3.66	0.333487 	-0.172601 	0.53441 	0.275778 	-1.35914 	1.00199e-06 	
3.665	0.333502 	-0.172601 	0.534375 	0.277478 	-1.35933 	9.98804e-07 	
3.67	0.333518 	-0.172601 	0.534341 	0.279175 	-1.35952 	9.95491e-07 	
3.675	0.333533 	-0.172601 	0.534307 	0.280868 	-1.35971 	9.92056e-07 	
3.68	0.333548 	-0.172601 	0.534272 	0.282557 	-1.3599 	9.885e-07 	
3.685	0.333563 	-0.172601 	0.534238 	0.284243 	-1.36009 	9.84824e-07 	
3.69	0.333578 	-0.172601 	0.534204 	0.285924 	-1.36028 	9.81028e-07 	
3.695	0.333594 	-0.172601 	0.53417 	0.287602 	-1.36047 	9.77113e-07 	
3.7	0.333609 	-0.172601 	0.534136 	0.289276 	-1.36065 	9.7308e-07 	
3.705	0.333624 	-0.172601 	0.534103 	0.290945 	-1.36084 	9.6893e-07 	
3.71	0.333634 	-0.172606 	0.534069 	0.29261 	-1.36103 	9.84121e-07 	
3.715	0.333649 	-0.172606 	0.534035 	0.294271 	-1.36122 	9.62416e-07 	
3.72	0.333664 	-0.172606 	0.534002 	0.295927 	-1.3614 	9.55997e-07 	
3.725	0.333678 	-0.172606 	0.533968 	0.297579 	-1.36159 	9.51195e-07 	
3.73	0.333693 	-0.172606 	0.533935 	0.299226 	-1.36177 	9.46455e-07 	
3.735	0.333708 	-0.172606 	0.533902 	0.300868 	-1.36196 	9.41621e-07 	
3.74	0.333723 	-0.172606 	0.533868 	0.302505 	-1.36214 	9.3668e-07 	
3.745	0.333737 	-0.172606 	0.533835 	0.304138 	-1.36233 	9.3163e-07 	
3.75	0.333752 	-0.172606 	0.533802 	0.305765 	-1.36251 	9.26473e-07 	
3.755	0.333767 	-0.172606 	0.53377 	0.307387 	-1.36269 	9.21209e-07 	
3.76	0.333781 	-0.172606 	0.533737 	0.309003 	-1.36287 	9.1584e-07 	
3.765	0.333796 	-0.172606 	0.533704 	0.310615 	-1.36306 	9.10368e-07 	
3.77	0.33381 	-0.172606 	0.533672 	0.31222 	-1.36324 	9.04793e-07 	
3.775	0.333825 	-0.172606 	0.533639 	0.31382 	-1.36342 	8.99117e-07 	
3.78	0.333839 	-0.172606 	0.533607 	0.315415 	-1.3636 	8.93342e-07 	
3.785	0.333853 	-0.172606 	0.533575 	0.317003 	-1.36377 	8.87468e-07 	
3.79	0.333868 	-0.172606 	0.533543 	0.318586 	-1.36395 	8.81497e-07 	
3.795	0.333882 	-0.172606 	0.533511 	0.320163 	-1.36413 	8.75431e-07 	
3.8	0.333896 	-0.172606 	0.533479 	0.321733 	-1.36431 	8.6927e-07 	
3.805	0.33391 	-0.172606 	0.533447 	0.323298 	-1.36448 	8.63018e-07 	
3.81	0.333924 	-0.172606 	0.533416 	0.324856 	-1.36466 	8.56674e-07 	
3.815	0.333938 	-0.172606 	0.533384 	0.326407 	-1.36483 	8.50241e-07 	
3.82	0.333952 	-0.172606 	0.533353 	0.327953 	-1.36501 	8.4372e-07 	
3.825	0.333966 	-0.172606 	0.533322 	0.329491 	-1.36518 	8.37113e-07 	
3.83	0.333979 	-0.172606 	0.533291 	0.331023 	-1.36535 	8.30421e-07 	
3.835	0.333993 	-0.172606 	0.53326 	0.332548 	-1.36552 	8.23646e-07 	
3.84	0.334007 	-0.172606 	0.533229 	0.334066 	-1.36569 	8.1679e-07 	
3.845	0.33402 	-0.172606 	0.533199 	0.335578 	-1.36586 	8.09855e-07 	
3.85	0.334034 	-0.172606 	0.533168 	0.337082 	-1.36603 	8.02842e-07 	
3.855	0.334047 	-0.172606 	0.533138 	0.338579 	-1.3662 	7.95753e-07 	
3.86	0.334061 	-0.172606 	0.533108 	0.340068 	-1.36637 	7.8859e-07 	
3.865	0.334074 	-0.172606 	0.533078 	0.341551 	-1.36654 	7.81354e-07 	
3.87	0.334088 	-0.172606 	0.533048 	0.343026 	-1.3667 	7.74048e-07 	
3.875	0.334101 	-0.172606 	0.533018 	0.344493 	-1.36687 	7.66673e-07 	
3.88	0.334114 	-0.172606 	0.532989 	0.345953 	-1.36703 	7.59231e-07 	
3.885	0.334127 	-0.172606 	0.532959 	0.347405 	-1.3672 	7.51724e-07 	
3.89	0.33414 	-0.172606 	0.53293 	0.34885 	-1.36736 	7.44154e-07 	
3.895	0.334153 	-0.172606 	0.532901 	0.350286 	-1.36752 	7.36523e-07 	
3.9	0.334166 	-0.172606 	0.532872 	0.351714 	-1.36768 	7.28832e-07 	
3.905	0.334181 	-0.172602 	0.532843 	0.353135 	-1.36784 	7.10858e-07 	
3.91	0.334194 	-0.172602 	0.532815 	0.354547 	-1.368 	7.1216e-07 	
3.915	0.334207 	-0.172602 	0.532786 	0.355951 	-1.36816 	7.05315e-07 	
3.92	0.334219 	-0.172602 	0.532758 	0.357346 	-1.36831 	6.9751e-07 	
3.925	0.334232 	-0.172602 	0.53273 	0.358734 	-1.36847 	6.89564e-07 	
3.93	0.334244 	-0.172602 	0.532702 	0.360112 	-1.36863 	6.81562e-07 	
3.935	0.334257 	-0.172602 	0.532674 	0.361482 	-1.36878 	6.73514e-07 	
3.94	0.334269 	-0.172602 	0.532647 	0.362844 	-1.36893 	6.65423e-07 	
3.945	0.334281 	-0.172602 	0.532619 	0.364196 	-1.36909 	6.57291e-07 	
3.95	0.334293 	-0.172602 	0.532592 	0.36554 	-1.36924 	6.4912e-07 	
3.955	0.334305 	-0.172602 	0.532565 	0.366875 	-1.36939 	6.40913e-07 	
3.96	0.334317 	-0.172602 	0.532538 	0.368201 	-1.36954 	6.32672e-07 	
3.965	0.334329 	-0.172602 	0.532512 	0.369518 	-1.36968 	6.24398e-07 	
3.97	0.334341 	-0.172602 	0.532485 	0.370825 	-1.36983 	6.16094e-07 	
3.975	0.334352 	-0.172602 	0.532459 	0.372123 	-1.36998 	6.07763e-07 	
3.98	0.334364 	-0.172602 	0.532433 	0.373412 	-1.37012 	5.99405e-07 	
3.985	0.334375 	-0.172602 	0.532407 	0.374692 	-1.37027 	5.91025e-07 	
3.99	0.334387 	-0.172602 	0.532381 	0.375962 	-1.37041 	5.82623e-07 	
3.995	0.334403 	-0.172628 	0.532352 	0.375962 	-1.37041 	5.77614e-07 	
4	0.33441 	-0.172605 	0.53233 	0.378346 	-1.37068 	1.86315e-06 	
4.005	0.334421 	-0.172602 	0.532305 	0.379701 	-1.37083 	7.80416e-07 	
4.01	0.334437 	-0.172627 	0.532277 	0.379701 	-1.37083 	7.75571e-07 	
4.015	0.334443 	-0.172605 	0.532255 	0.382041 	-1.37109 	1.81934e-06 	
4.02	0.334454 	-0.172602 	0.532231 	0.383365 	-1.37124 	7.49932e-07 	
4.025	0.334469 	-0.172626 	0.532203 	0.383365 	-1.37124 	7.45258e-07 	
4.03	0.334476 	-0.172604 	0.532182 	0.385648 	-1.3715 	1.73524e-06 	
4.035	0.334486 	-0.172602 	0.532159 	0.386939 	-1.37164 	7.1438e-07 	
4.04	0.334501 	-0.172626 	0.532131 	0.386939 	-1.37164 	7.09882e-07 	
4.045	0.334509 	-0.172603 	0.532111 	0.389163 	-1.3719 	1.64269e-06 	
4.05	0.334524 	-0.172626 	0.532084 	0.389163 	-1.3719 	1.63831e-06 	
4.055	0.334529 	-0.172603 	0.532065 	0.391444 	-1.37215 	1.82356e-06 	
4.06	0.334544 	-0.172625 	0.532039 	0.391444 	-1.37215 	1.81931e-06 	
4.065	0.33455 	-0.172603 	0.53202 	0.393692 	-1.3724 	1.79644e-06 	
4.07	0.334564 	-0.172625 	0.531994 	0.393692 	-1.3724 	1.79232e-06 	
4.075	0.334569 	-0.172603 	0.531975 	0.395899 	-1.37265 	1.73604e-06 	
4.08	0.334584 	-0.172624 	0.53195 	0.395899 	-1.37265 	1.73205e-06 	
4.085	0.334589 	-0.172603 	0.531931 	0.398062 	-1.3729 	1.67131e-06 	
4.09	0.334603 	-0.172624 	0.531906 	0.398062 	-1.3729 	1.66744e-06 	
4.095	0.334608 	-0.172602 	0.531888 	0.400182 	-1.37314 	1.60632e-06 	
4.1	0.334622 	-0.172623 	0.531864 	0.400182 	-1.37314 	1.60259e-06 	
4.105	0.334627 	-0.172602 	0.531846 	0.402257 	-1.37337 	1.54167e-06 	
4.11	0.33464 	-0.172623 	0.531823 	0.402257 	-1.37337 	1.53807e-06 	
4.115	0.334645 	-0.172602 	0.531805 	0.404288 	-1.3736 	1.47749e-06 	
4.12	0.334658 	-0.172622 	0.531782 	0.404288 	-1.3736 	1.47402e-06 	
4.125	0.334663 	-0.172602 	0.531765 	0.406273 	-1.37382 	1.41385e-06 	
4.13	0.334676 	-0.172621 	0.531743 	0.406273 	-1.37382 	1.41052e-06 	
4.135	0.33468 	-0.172602 	0.531726 	0.408212 	-1.37404 	1.35083e-06 	
4.14	0.334693 	-0.172621 	0.531704 	0.408212 	-1.37404 	1.34763e-06 	
4.145	0.334697 	-0.172602 	0.531688 	0.410105 	-1.37425 	1.28849e-06 	
4.15	0.33471 	-0.17262 	0.531666 	0.410105 	-1.37425 	1.28543e-06 	
4.155	0.334711 	-0.172605 	0.531651 	0.411951 	-1.37446 	1.23853e-06 	
4.16	0.334723 	-0.172623 	0.53163 	0.411951 	-1.37446 	1.23562e-06 	
4.165	0.334727 	-0.172605 	0.531614 	0.413749 	-1.37466 	1.16733e-06 	
4.17	0.334739 	-0.172622 	0.531594 	0.413749 	-1.37466 	1.16454e-06 	
4.175	0.334742 	-0.172605 	0.531579 	0.4155 	-1.37486 	1.10642e-06 	
4.18	0.334754 	-0.172621 	0.531559 	0.4155 	-1.37486 	1.10377e-06 	
4.185	0.334758 	-0.172604 	0.531545 	0.417203 	-1.37505 	1.04742e-06 	
4.19	0.334769 	-0.172621 	0.531525 	0.417203 	-1.37505 	1.0449e-06 	
4.195	0.334773 	-0.172604 	0.531511 	0.418857 	-1.37524 	9.89547e-07 	
4.2	0.334784 	-0.17262 	0.531492 	0.418857 	-1.37524 	9.87162e-07 	
4.205	0.334787 	-0.172604 	0.531479 	0.420462 	-1.37542 	9.32775e-07 	
4.21	0.334798 	-0.17262 	0.531461 	0.420462 	-1.37542 	9.30521e-07 	
4.215	0.334801 	-0.172604 	0.531447 	0.422018 	-1.37559 	8.77162e-07 	
4.22	0.334811 	-0.172619 	0.53143 	0.422018 	-1.37559 	8.75039e-07 	
4.225	0.334814 	-0.172604 	0.531417 	0.423523 	-1.37576 	8.22771e-07 	
4.23	0.334824 	-0.172618 	0.5314 	0.423523 	-1.37576 	8.20776e-07 	
4.235	0.334827 	-0.172604 	0.531388 	0.424979 	-1.37593 	7.69664e-07 	
4.24	0.334837 	-0.172618 	0.531371 	0.424979 	-1.37593 	7.67795e-07 	
4.245	0.33484 	-0.172604 	0.531359 	0.426384 	-1.37608 	7.179e-07 	
4.25	0.334849 	-0.172617 	0.531343 	0.426384 	-1.37608 	7.16156e-07 	
4.255	0.334851 	-0.172604 	0.531332 	0.427738 	-1.37624 	6.69336e-07 	
4.26	0.334861 	-0.172617 	0.531317 	0.427738 	-1.37624 	6.67716e-07 	
4.265	0.334863 	-0.172604 	0.531306 	0.429041 	-1.37638 	6.1882e-07 	
4.27	0.334872 	-0.172616 	0.531291 	0.429041 	-1.37638 	6.17316e-07 	
4.275	0.33488 	-0.172629 	0.531277 	0.429041 	-1.37638 	6.15871e-07 	
4.28	0.33488 	-0.172605 	0.531268 	0.430835 	-1.37658 	1.10119e-06 	
4.285	0.334888 	-0.172617 	0.531254 	0.430835 	-1.37658 	1.09986e-06 	
4.29	0.334896 	-0.172628 	0.531241 	0.430835 	-1.37658 	1.09859e-06 	
4.295	0.334896 	-0.172605 	0.531233 	0.432573 	-1.37678 	1.08557e-06 	
4.3	0.334903 	-0.172616 	0.53122 	0.432573 	-1.37678 	1.0844e-06 	
4.305	0.334911 	-0.172626 	0.531208 	0.432573 	-1.37678 	1.08329e-06 	
4.31	0.33491 	-0.172605 	0.5312 	0.4342 	-1.37696 	9.63089e-07 	
4.315	0.334917 	-0.172615 	0.531188 	0.4342 	-1.37696 	9.62079e-07 	
4.32	0.334924 	-0.172625 	0.531177 	0.4342 	-1.37696 	9.61119e-07 	
4.325	0.334924 	-0.172605 	0.53117 	0.435708 	-1.37713 	8.31594e-07 	
4.33	0.33493 	-0.172614 	0.531159 	0.435708 	-1.37713 	8.30731e-07 	
4.335	0.334937 	-0.172623 	0.531148 	0.435708 	-1.37713 	8.29915e-07 	
4.34	0.334936 	-0.172604 	0.531142 	0.437096 	-1.37729 	7.06781e-07 	
4.345	0.334947 	-0.172607 	0.531132 	0.437096 	-1.37729 	7.04872e-07 	
4.35	0.334953 	-0.172615 	0.531122 	0.437096 	-1.37729 	7.04177e-07 	
4.355	0.334953 	-0.172599 	0.531117 	0.438364 	-1.37743 	5.90917e-07 	
4.36	0.334958 	-0.172606 	0.531108 	0.438364 	-1.37743 	5.90318e-07 	
4.365	0.334963 	-0.172614 	0.531099 	0.438364 	-1.37743 	5.89759e-07 	
4.37	0.334969 	-0.172621 	0.53109 	0.438364 	-1.37743 	5.89239e-07 	
4.375	0.334966 	-0.172599 	0.531087 	0.439825 	-1.3776 	7.48768e-07 	
4.38	0.334971 	-0.172606 	0.531079 	0.439825 	-1.3776 	7.48321e-07 	
