0	0.310374 	-0.173752 	0.53699 	0.179044 	-1.45362 	-0.246663 	
0.005	0.310374 	-0.173752 	0.53699 	0.179044 	-1.45362 	-0.246663 	
0.01	0.310374 	-0.173752 	0.53699 	0.179044 	-1.45362 	-0.246663 	
0.015	0.310375 	-0.173752 	0.536991 	0.179044 	-1.45362 	-0.246663 	
0.02	0.310376 	-0.173752 	0.536991 	0.179044 	-1.45362 	-0.246663 	
0.025	0.310378 	-0.173752 	0.536991 	0.179044 	-1.45362 	-0.246663 	
0.03	0.31038 	-0.173752 	0.536992 	0.179044 	-1.45362 	-0.246663 	
0.035	0.310383 	-0.173752 	0.536992 	0.179044 	-1.45362 	-0.246663 	
0.04	0.310387 	-0.173752 	0.536993 	0.179044 	-1.45362 	-0.246663 	
0.045	0.310391 	-0.173752 	0.536994 	0.179044 	-1.45362 	-0.246663 	
0.05	0.310395 	-0.173752 	0.536994 	0.179044 	-1.45362 	-0.246663 	
0.055	0.3104 	-0.173753 	0.536995 	0.179044 	-1.45362 	-0.246663 	
0.06	0.310406 	-0.173753 	0.536996 	0.179044 	-1.45362 	-0.246663 	
0.065	0.310412 	-0.173753 	0.536997 	0.179044 	-1.45362 	-0.246663 	
0.07	0.310419 	-0.173753 	0.536999 	0.179044 	-1.45362 	-0.246663 	
0.075	0.310426 	-0.173753 	0.537 	0.179044 	-1.45362 	-0.246663 	
0.08	0.310434 	-0.173753 	0.537002 	0.179044 	-1.45362 	-0.246663 	
0.085	0.310442 	-0.173753 	0.537003 	0.179044 	-1.45362 	-0.246663 	
0.09	0.310452 	-0.173754 	0.537005 	0.179044 	-1.45362 	-0.246663 	
0.095	0.31046 	-0.173754 	0.537006 	0.179044 	-1.45362 	-0.246663 	
0.1	0.310471 	-0.173754 	0.537008 	0.179044 	-1.45362 	-0.246663 	
0.105	0.310482 	-0.173754 	0.53701 	0.179044 	-1.45362 	-0.246663 	
0.11	0.310493 	-0.173754 	0.537012 	0.179044 	-1.45362 	-0.246663 	
0.115	0.310504 	-0.173755 	0.537015 	0.179044 	-1.45362 	-0.246663 	
0.12	0.310516 	-0.173755 	0.537017 	0.179044 	-1.45362 	-0.246663 	
0.125	0.310529 	-0.173755 	0.537019 	0.179044 	-1.45362 	-0.246663 	
0.13	0.310542 	-0.173755 	0.537022 	0.179044 	-1.45362 	-0.246663 	
0.135	0.310556 	-0.173756 	0.537024 	0.179044 	-1.45362 	-0.246663 	
0.14	0.31057 	-0.173756 	0.537027 	0.179044 	-1.45362 	-0.246663 	
0.145	0.310585 	-0.173756 	0.53703 	0.179044 	-1.45362 	-0.246663 	
0.15	0.3106 	-0.173756 	0.537032 	0.179044 	-1.45362 	-0.246663 	
0.155	0.310616 	-0.173757 	0.537035 	0.179044 	-1.45362 	-0.246663 	
0.16	0.310633 	-0.173757 	0.537038 	0.179044 	-1.45362 	-0.246663 	
0.165	0.310587 	-0.173742 	0.537023 	0.177429 	-1.45249 	-0.244437 	
0.17	0.310605 	-0.173742 	0.537026 	0.177429 	-1.45249 	-0.244437 	
0.175	0.310623 	-0.173743 	0.537029 	0.177429 	-1.45249 	-0.244437 	
0.18	0.310641 	-0.173743 	0.537033 	0.177429 	-1.45249 	-0.244437 	
0.185	0.31066 	-0.173744 	0.537036 	0.177429 	-1.45249 	-0.244437 	
0.19	0.31068 	-0.173744 	0.53704 	0.177429 	-1.45249 	-0.244437 	
0.195	0.3107 	-0.173744 	0.537044 	0.177429 	-1.45249 	-0.244437 	
0.2	0.310721 	-0.173745 	0.537047 	0.177429 	-1.45249 	-0.244437 	
0.205	0.310742 	-0.173745 	0.537051 	0.177429 	-1.45249 	-0.244437 	
0.21	0.310763 	-0.173745 	0.537055 	0.177429 	-1.45249 	-0.244437 	
0.215	0.310786 	-0.173746 	0.537059 	0.177429 	-1.45249 	-0.244437 	
0.22	0.310808 	-0.173746 	0.537064 	0.177429 	-1.45249 	-0.244437 	
0.225	0.31077 	-0.173732 	0.537049 	0.175837 	-1.45137 	-0.242243 	
0.23	0.310794 	-0.173732 	0.537054 	0.175837 	-1.45137 	-0.242243 	
0.235	0.310818 	-0.173733 	0.537058 	0.175837 	-1.45137 	-0.242243 	
0.24	0.310843 	-0.173733 	0.537063 	0.175837 	-1.45137 	-0.242243 	
0.245	0.310868 	-0.173734 	0.537067 	0.175837 	-1.45137 	-0.242243 	
0.25	0.310894 	-0.173734 	0.537072 	0.175837 	-1.45137 	-0.242243 	
0.255	0.310921 	-0.173734 	0.537077 	0.175837 	-1.45137 	-0.242243 	
0.26	0.310948 	-0.173735 	0.537082 	0.175837 	-1.45137 	-0.242243 	
0.265	0.310975 	-0.173735 	0.537087 	0.175837 	-1.45137 	-0.242243 	
0.27	0.311003 	-0.173736 	0.537092 	0.175837 	-1.45137 	-0.242243 	
0.275	0.310966 	-0.173721 	0.537078 	0.17415 	-1.45019 	-0.239919 	
0.28	0.310995 	-0.173721 	0.537083 	0.17415 	-1.45019 	-0.239919 	
0.285	0.311025 	-0.173722 	0.537089 	0.17415 	-1.45019 	-0.239919 	
0.29	0.311055 	-0.173722 	0.537094 	0.17415 	-1.45019 	-0.239919 	
0.295	0.311085 	-0.173723 	0.5371 	0.17415 	-1.45019 	-0.239919 	
0.3	0.311116 	-0.173723 	0.537106 	0.17415 	-1.45019 	-0.239919 	
0.305	0.311147 	-0.173724 	0.537111 	0.17415 	-1.45019 	-0.239919 	
0.31	0.311179 	-0.173724 	0.537117 	0.17415 	-1.45019 	-0.239919 	
0.315	0.31115 	-0.173711 	0.537105 	0.172544 	-1.44907 	-0.237706 	
0.32	0.311183 	-0.173711 	0.537111 	0.172544 	-1.44907 	-0.237706 	
0.325	0.311216 	-0.173712 	0.537117 	0.172544 	-1.44907 	-0.237706 	
0.33	0.31125 	-0.173712 	0.537123 	0.172544 	-1.44907 	-0.237706 	
0.335	0.311285 	-0.173713 	0.53713 	0.172544 	-1.44907 	-0.237706 	
0.34	0.31132 	-0.173713 	0.537136 	0.172544 	-1.44907 	-0.237706 	
0.345	0.311355 	-0.173714 	0.537143 	0.172544 	-1.44907 	-0.237706 	
0.35	0.311391 	-0.173714 	0.537149 	0.172544 	-1.44907 	-0.237706 	
0.355	0.311359 	-0.173699 	0.537135 	0.170758 	-1.44781 	-0.235246 	
0.36	0.311396 	-0.1737 	0.537142 	0.170758 	-1.44781 	-0.235246 	
0.365	0.311433 	-0.1737 	0.537149 	0.170758 	-1.44781 	-0.235246 	
0.37	0.311471 	-0.173701 	0.537156 	0.170758 	-1.44781 	-0.235246 	
0.375	0.311509 	-0.173701 	0.537163 	0.170758 	-1.44781 	-0.235246 	
0.38	0.311548 	-0.173702 	0.53717 	0.170758 	-1.44781 	-0.235246 	
0.385	0.311588 	-0.173702 	0.537177 	0.170758 	-1.44781 	-0.235246 	
0.39	0.31156 	-0.173688 	0.537165 	0.169007 	-1.44659 	-0.232834 	
0.395	0.3116 	-0.173688 	0.537172 	0.169007 	-1.44659 	-0.232834 	
0.4	0.311641 	-0.173689 	0.537179 	0.169007 	-1.44659 	-0.232834 	
0.405	0.311682 	-0.173689 	0.537187 	0.169007 	-1.44659 	-0.232834 	
0.41	0.311724 	-0.17369 	0.537195 	0.169007 	-1.44659 	-0.232834 	
0.415	0.311766 	-0.17369 	0.537203 	0.169007 	-1.44659 	-0.232834 	
0.42	0.311746 	-0.173677 	0.537192 	0.167374 	-1.44544 	-0.230584 	
0.425	0.311789 	-0.173678 	0.5372 	0.167374 	-1.44544 	-0.230584 	
0.43	0.311833 	-0.173678 	0.537208 	0.167374 	-1.44544 	-0.230584 	
0.435	0.311877 	-0.173679 	0.537216 	0.167374 	-1.44544 	-0.230584 	
0.44	0.311921 	-0.173679 	0.537224 	0.167374 	-1.44544 	-0.230584 	
0.445	0.311967 	-0.17368 	0.537232 	0.167374 	-1.44544 	-0.230584 	
0.45	0.311945 	-0.173666 	0.537221 	0.165654 	-1.44424 	-0.228215 	
0.455	0.311991 	-0.173667 	0.537229 	0.165654 	-1.44424 	-0.228215 	
0.46	0.312038 	-0.173667 	0.537238 	0.165654 	-1.44424 	-0.228215 	
0.465	0.312085 	-0.173668 	0.537246 	0.165654 	-1.44424 	-0.228215 	
0.47	0.312132 	-0.173668 	0.537255 	0.165654 	-1.44424 	-0.228215 	
0.475	0.31218 	-0.173669 	0.537264 	0.165654 	-1.44424 	-0.228215 	
0.48	0.312157 	-0.173654 	0.537252 	0.163829 	-1.44296 	-0.225701 	
0.485	0.312206 	-0.173655 	0.537261 	0.163829 	-1.44296 	-0.225701 	
0.49	0.312255 	-0.173655 	0.53727 	0.163829 	-1.44296 	-0.225701 	
0.495	0.312305 	-0.173656 	0.537279 	0.163829 	-1.44296 	-0.225701 	
0.5	0.312355 	-0.173656 	0.537288 	0.163829 	-1.44296 	-0.225701 	
0.505	0.312342 	-0.173644 	0.537279 	0.162196 	-1.44181 	-0.223451 	
0.51	0.312393 	-0.173644 	0.537288 	0.162196 	-1.44181 	-0.223451 	
0.515	0.312445 	-0.173645 	0.537297 	0.162196 	-1.44181 	-0.223451 	
0.52	0.312496 	-0.173645 	0.537307 	0.162196 	-1.44181 	-0.223451 	
0.525	0.312549 	-0.173646 	0.537316 	0.162196 	-1.44181 	-0.223451 	
0.53	0.312536 	-0.173633 	0.537307 	0.160519 	-1.44064 	-0.22114 	
0.535	0.312589 	-0.173633 	0.537317 	0.160519 	-1.44064 	-0.22114 	
0.54	0.312643 	-0.173634 	0.537326 	0.160519 	-1.44064 	-0.221141 	
0.545	0.312697 	-0.173634 	0.537336 	0.160519 	-1.44064 	-0.221141 	
0.55	0.312751 	-0.173635 	0.537346 	0.160519 	-1.44064 	-0.221141 	
0.555	0.312738 	-0.173622 	0.537336 	0.158775 	-1.43941 	-0.218737 	
0.56	0.312794 	-0.173622 	0.537347 	0.158775 	-1.43941 	-0.218737 	
0.565	0.312849 	-0.173622 	0.537357 	0.158775 	-1.43941 	-0.218737 	
0.57	0.312905 	-0.173623 	0.537367 	0.158775 	-1.43941 	-0.218737 	
0.575	0.312962 	-0.173623 	0.537377 	0.158775 	-1.43941 	-0.218737 	
0.58	0.312948 	-0.17361 	0.537367 	0.156963 	-1.43814 	-0.216241 	
0.585	0.313006 	-0.17361 	0.537378 	0.156963 	-1.43814 	-0.216241 	
0.59	0.313063 	-0.173611 	0.537388 	0.156963 	-1.43814 	-0.216241 	
0.595	0.313121 	-0.173611 	0.537399 	0.156963 	-1.43814 	-0.216241 	
0.6	0.31318 	-0.173611 	0.537409 	0.156963 	-1.43814 	-0.216241 	
0.605	0.313166 	-0.173598 	0.537399 	0.155084 	-1.43682 	-0.213653 	
0.61	0.313225 	-0.173598 	0.53741 	0.155084 	-1.43682 	-0.213653 	
0.615	0.313285 	-0.173598 	0.537421 	0.155084 	-1.43682 	-0.213653 	
0.62	0.313345 	-0.173599 	0.537431 	0.155084 	-1.43682 	-0.213653 	
0.625	0.313344 	-0.173588 	0.537425 	0.153496 	-1.43571 	-0.211466 	
0.63	0.313405 	-0.173588 	0.537436 	0.153496 	-1.43571 	-0.211466 	
0.635	0.313466 	-0.173588 	0.537447 	0.153496 	-1.43571 	-0.211466 	
0.64	0.313528 	-0.173588 	0.537458 	0.153496 	-1.43571 	-0.211466 	
0.645	0.313527 	-0.173577 	0.537452 	0.151902 	-1.43459 	-0.209269 	
0.65	0.31359 	-0.173578 	0.537463 	0.151902 	-1.43459 	-0.209269 	
0.655	0.313653 	-0.173578 	0.537474 	0.151902 	-1.43459 	-0.209269 	
0.66	0.313716 	-0.173578 	0.537486 	0.151902 	-1.43459 	-0.209269 	
0.665	0.313716 	-0.173567 	0.537479 	0.150272 	-1.43345 	-0.207023 	
0.67	0.31378 	-0.173567 	0.537491 	0.150272 	-1.43345 	-0.207023 	
0.675	0.313844 	-0.173567 	0.537502 	0.150272 	-1.43345 	-0.207023 	
0.68	0.313909 	-0.173567 	0.537514 	0.150272 	-1.43345 	-0.207023 	
0.685	0.313909 	-0.173556 	0.537507 	0.148604 	-1.43228 	-0.204725 	
0.69	0.313974 	-0.173556 	0.537519 	0.148604 	-1.43228 	-0.204725 	
0.695	0.31404 	-0.173556 	0.537531 	0.148604 	-1.43228 	-0.204725 	
0.7	0.314106 	-0.173556 	0.537543 	0.148604 	-1.43228 	-0.204725 	
0.705	0.314106 	-0.173545 	0.537536 	0.146898 	-1.43109 	-0.202376 	
0.71	0.314173 	-0.173545 	0.537548 	0.146898 	-1.43109 	-0.202376 	
0.715	0.31424 	-0.173545 	0.53756 	0.146898 	-1.43109 	-0.202376 	
0.72	0.314307 	-0.173545 	0.537572 	0.146898 	-1.43109 	-0.202376 	
0.725	0.314307 	-0.173534 	0.537565 	0.145157 	-1.42987 	-0.199977 	
0.73	0.314375 	-0.173534 	0.537578 	0.145157 	-1.42987 	-0.199977 	
0.735	0.314444 	-0.173533 	0.53759 	0.145157 	-1.42987 	-0.199977 	
0.74	0.314513 	-0.173533 	0.537602 	0.145157 	-1.42987 	-0.199977 	
0.745	0.314512 	-0.173522 	0.537595 	0.143381 	-1.42862 	-0.19753 	
0.75	0.314582 	-0.173522 	0.537608 	0.143381 	-1.42862 	-0.19753 	
0.755	0.314652 	-0.173522 	0.53762 	0.143381 	-1.42862 	-0.19753 	
0.76	0.314722 	-0.173522 	0.537633 	0.143381 	-1.42862 	-0.19753 	
0.765	0.314721 	-0.173511 	0.537626 	0.14157 	-1.42735 	-0.195036 	
0.77	0.314792 	-0.17351 	0.537638 	0.14157 	-1.42735 	-0.195036 	
0.775	0.314863 	-0.17351 	0.537651 	0.14157 	-1.42735 	-0.195036 	
0.78	0.314935 	-0.17351 	0.537664 	0.14157 	-1.42735 	-0.195036 	
0.785	0.314934 	-0.173499 	0.537657 	0.139727 	-1.42606 	-0.192497 	
0.79	0.315006 	-0.173498 	0.53767 	0.139728 	-1.42606 	-0.192497 	
0.795	0.315079 	-0.173498 	0.537683 	0.139728 	-1.42606 	-0.192497 	
0.8	0.315151 	-0.173497 	0.537696 	0.139728 	-1.42606 	-0.192497 	
0.805	0.315151 	-0.173487 	0.537688 	0.137853 	-1.42474 	-0.189914 	
0.81	0.315224 	-0.173486 	0.537702 	0.137853 	-1.42474 	-0.189914 	
0.815	0.315298 	-0.173486 	0.537715 	0.137853 	-1.42474 	-0.189914 	
0.82	0.315371 	-0.173485 	0.537728 	0.137853 	-1.42474 	-0.189914 	
0.825	0.315371 	-0.173474 	0.537721 	0.135948 	-1.42341 	-0.18729 	
0.83	0.315445 	-0.173474 	0.537734 	0.135948 	-1.42341 	-0.18729 	
0.835	0.31552 	-0.173473 	0.537747 	0.135948 	-1.42341 	-0.18729 	
0.84	0.315595 	-0.173472 	0.537761 	0.135948 	-1.42341 	-0.18729 	
0.845	0.315594 	-0.173462 	0.537753 	0.134014 	-1.42205 	-0.184625 	
0.85	0.31567 	-0.173461 	0.537767 	0.134014 	-1.42205 	-0.184625 	
0.855	0.315745 	-0.17346 	0.53778 	0.134014 	-1.42205 	-0.184625 	
0.86	0.315822 	-0.17346 	0.537794 	0.134014 	-1.42205 	-0.184625 	
0.865	0.315821 	-0.173449 	0.537786 	0.132052 	-1.42068 	-0.181922 	
0.87	0.315897 	-0.173448 	0.5378 	0.132052 	-1.42068 	-0.181922 	
0.875	0.315974 	-0.173447 	0.537813 	0.132052 	-1.42068 	-0.181922 	
0.88	0.316051 	-0.173447 	0.537827 	0.132052 	-1.42068 	-0.181922 	
0.885	0.31605 	-0.173436 	0.53782 	0.130063 	-1.41928 	-0.179182 	
0.89	0.316128 	-0.173435 	0.537833 	0.130063 	-1.41928 	-0.179182 	
0.895	0.316206 	-0.173434 	0.537847 	0.130063 	-1.41928 	-0.179182 	
0.9	0.316284 	-0.173433 	0.537861 	0.130063 	-1.41928 	-0.179182 	
0.905	0.316283 	-0.173423 	0.537854 	0.128048 	-1.41787 	-0.176407 	
0.91	0.316361 	-0.173422 	0.537868 	0.128048 	-1.41787 	-0.176407 	
0.915	0.31644 	-0.173421 	0.537881 	0.128048 	-1.41787 	-0.176407 	
0.92	0.316457 	-0.173413 	0.537879 	0.12647 	-1.41676 	-0.174233 	
0.925	0.316536 	-0.173412 	0.537893 	0.12647 	-1.41676 	-0.174233 	
0.93	0.316616 	-0.173411 	0.537907 	0.12647 	-1.41676 	-0.174233 	
0.935	0.316695 	-0.17341 	0.537921 	0.12647 	-1.41676 	-0.174233 	
0.94	0.316696 	-0.1734 	0.537914 	0.12446 	-1.41535 	-0.171464 	
0.945	0.316776 	-0.173399 	0.537928 	0.12446 	-1.41535 	-0.171464 	
0.95	0.316856 	-0.173398 	0.537942 	0.12446 	-1.41535 	-0.171464 	
0.955	0.316874 	-0.17339 	0.53794 	0.122856 	-1.41423 	-0.169254 	
0.96	0.316954 	-0.173389 	0.537954 	0.122856 	-1.41423 	-0.169254 	
0.965	0.317035 	-0.173387 	0.537968 	0.122856 	-1.41423 	-0.169254 	
0.97	0.317054 	-0.17338 	0.537966 	0.121282 	-1.41313 	-0.167086 	
0.975	0.317136 	-0.173378 	0.53798 	0.121282 	-1.41313 	-0.167086 	
0.98	0.317217 	-0.173377 	0.537995 	0.121282 	-1.41313 	-0.167086 	
0.985	0.317237 	-0.17337 	0.537993 	0.119702 	-1.41202 	-0.164908 	
0.99	0.317319 	-0.173368 	0.538007 	0.119702 	-1.41202 	-0.164908 	
0.995	0.317401 	-0.173366 	0.538021 	0.119702 	-1.41202 	-0.164908 	
1	0.31742 	-0.173359 	0.538019 	0.118111 	-1.4109 	-0.162717 	
1.005	0.317503 	-0.173358 	0.538034 	0.118111 	-1.4109 	-0.162717 	
1.01	0.317585 	-0.173356 	0.538048 	0.118111 	-1.4109 	-0.162717 	
1.015	0.317605 	-0.173349 	0.538046 	0.11651 	-1.40978 	-0.160511 	
1.02	0.317688 	-0.173347 	0.538061 	0.11651 	-1.40978 	-0.160511 	
1.025	0.317771 	-0.173345 	0.538075 	0.11651 	-1.40978 	-0.160511 	
1.03	0.31779 	-0.173339 	0.538073 	0.1149 	-1.40865 	-0.158293 	
1.035	0.317874 	-0.173337 	0.538088 	0.1149 	-1.40865 	-0.158293 	
1.04	0.317957 	-0.173335 	0.538103 	0.1149 	-1.40865 	-0.158293 	
1.045	0.317977 	-0.173328 	0.538101 	0.113281 	-1.40752 	-0.156062 	
1.05	0.318061 	-0.173326 	0.538115 	0.113281 	-1.40752 	-0.156062 	
1.055	0.318145 	-0.173324 	0.53813 	0.113281 	-1.40752 	-0.156062 	
1.06	0.318165 	-0.173318 	0.538128 	0.111653 	-1.40638 	-0.15382 	
1.065	0.318249 	-0.173316 	0.538143 	0.111653 	-1.40638 	-0.15382 	
1.07	0.318334 	-0.173313 	0.538157 	0.111653 	-1.40638 	-0.15382 	
1.075	0.318353 	-0.173307 	0.538155 	0.110017 	-1.40523 	-0.151566 	
1.08	0.318438 	-0.173305 	0.53817 	0.110017 	-1.40523 	-0.151566 	
1.085	0.318523 	-0.173303 	0.538185 	0.110017 	-1.40523 	-0.151566 	
1.09	0.318543 	-0.173297 	0.538183 	0.108374 	-1.40408 	-0.149303 	
1.095	0.318628 	-0.173294 	0.538198 	0.108374 	-1.40408 	-0.149303 	
1.1	0.318713 	-0.173292 	0.538213 	0.108374 	-1.40408 	-0.149303 	
1.105	0.318733 	-0.173286 	0.538211 	0.106725 	-1.40292 	-0.147031 	
1.11	0.318818 	-0.173283 	0.538226 	0.106725 	-1.40292 	-0.147031 	
1.115	0.318904 	-0.173281 	0.53824 	0.106725 	-1.40292 	-0.147031 	
1.12	0.318924 	-0.173275 	0.538239 	0.105069 	-1.40176 	-0.14475 	
1.125	0.319009 	-0.173273 	0.538254 	0.105069 	-1.40176 	-0.14475 	
1.13	0.319095 	-0.17327 	0.538268 	0.105069 	-1.40176 	-0.14475 	
1.135	0.319115 	-0.173264 	0.538267 	0.103408 	-1.4006 	-0.142461 	
1.14	0.319201 	-0.173262 	0.538281 	0.103408 	-1.4006 	-0.142461 	
1.145	0.319287 	-0.173259 	0.538296 	0.103408 	-1.4006 	-0.142461 	
1.15	0.319307 	-0.173254 	0.538295 	0.101742 	-1.39943 	-0.140166 	
1.155	0.319393 	-0.173251 	0.53831 	0.101742 	-1.39943 	-0.140166 	
1.16	0.31948 	-0.173248 	0.538324 	0.101742 	-1.39943 	-0.140166 	
1.165	0.3195 	-0.173243 	0.538323 	0.100072 	-1.39826 	-0.137865 	
1.17	0.319586 	-0.17324 	0.538338 	0.100072 	-1.39826 	-0.137865 	
1.175	0.319673 	-0.173237 	0.538353 	0.100072 	-1.39826 	-0.137865 	
1.18	0.319693 	-0.173232 	0.538351 	0.0983978 	-1.39708 	-0.135559 	
1.185	0.319779 	-0.173229 	0.538366 	0.0983978 	-1.39708 	-0.135559 	
1.19	0.319866 	-0.173226 	0.538381 	0.0983979 	-1.39708 	-0.135559 	
1.195	0.319886 	-0.173221 	0.538379 	0.0967206 	-1.39591 	-0.133248 	
1.2	0.319973 	-0.173218 	0.538394 	0.0967206 	-1.39591 	-0.133248 	
1.205	0.320059 	-0.173215 	0.538409 	0.0967206 	-1.39591 	-0.133248 	
1.21	0.320079 	-0.17321 	0.538407 	0.0950409 	-1.39473 	-0.130934 	
1.215	0.320166 	-0.173207 	0.538422 	0.0950409 	-1.39473 	-0.130934 	
1.22	0.320253 	-0.173204 	0.538437 	0.0950409 	-1.39473 	-0.130934 	
1.225	0.320273 	-0.1732 	0.538436 	0.0933592 	-1.39355 	-0.128617 	
1.23	0.32036 	-0.173196 	0.53845 	0.0933592 	-1.39355 	-0.128617 	
1.235	0.320447 	-0.173193 	0.538465 	0.0933592 	-1.39355 	-0.128617 	
1.24	0.320467 	-0.173189 	0.538464 	0.0916761 	-1.39237 	-0.126298 	
1.245	0.320554 	-0.173185 	0.538479 	0.0916761 	-1.39237 	-0.126298 	
1.25	0.320641 	-0.173182 	0.538494 	0.0916761 	-1.39237 	-0.126298 	
1.255	0.320661 	-0.173178 	0.538492 	0.0899923 	-1.39119 	-0.123979 	
1.26	0.320748 	-0.173174 	0.538507 	0.0899923 	-1.39119 	-0.123979 	
1.265	0.320835 	-0.173171 	0.538522 	0.0899923 	-1.39119 	-0.123979 	
1.27	0.320855 	-0.173167 	0.53852 	0.0883083 	-1.39001 	-0.121659 	
1.275	0.320942 	-0.173163 	0.538535 	0.0883083 	-1.39001 	-0.121659 	
1.28	0.321029 	-0.17316 	0.53855 	0.0883083 	-1.39001 	-0.121659 	
1.285	0.321049 	-0.173156 	0.538549 	0.0866247 	-1.38883 	-0.119339 	
1.29	0.321136 	-0.173152 	0.538564 	0.0866247 	-1.38883 	-0.119339 	
1.295	0.321223 	-0.173149 	0.538578 	0.0866247 	-1.38883 	-0.119339 	
1.3	0.321243 	-0.173145 	0.538577 	0.0849421 	-1.38765 	-0.117021 	
1.305	0.32133 	-0.173142 	0.538592 	0.0849421 	-1.38765 	-0.117021 	
1.31	0.321417 	-0.173138 	0.538607 	0.0849421 	-1.38765 	-0.117021 	
1.315	0.321436 	-0.173134 	0.538605 	0.0832612 	-1.38647 	-0.114706 	
1.32	0.321523 	-0.173131 	0.53862 	0.0832612 	-1.38647 	-0.114706 	
1.325	0.32161 	-0.173127 	0.538635 	0.0832612 	-1.38647 	-0.114706 	
1.33	0.32163 	-0.173124 	0.538633 	0.0815825 	-1.38529 	-0.112393 	
1.335	0.321716 	-0.17312 	0.538648 	0.0815825 	-1.38529 	-0.112393 	
1.34	0.321803 	-0.173116 	0.538663 	0.0815825 	-1.38529 	-0.112393 	
1.345	0.321823 	-0.173113 	0.538662 	0.0799066 	-1.38412 	-0.110084 	
1.35	0.321909 	-0.173109 	0.538676 	0.0799066 	-1.38412 	-0.110084 	
1.355	0.321996 	-0.173105 	0.538691 	0.0799066 	-1.38412 	-0.110084 	
1.36	0.322015 	-0.173102 	0.53869 	0.0782341 	-1.38295 	-0.10778 	
1.365	0.322102 	-0.173098 	0.538704 	0.0782341 	-1.38295 	-0.10778 	
1.37	0.322188 	-0.173094 	0.538719 	0.0782341 	-1.38295 	-0.10778 	
1.375	0.322208 	-0.173091 	0.538718 	0.0765656 	-1.38178 	-0.105481 	
1.38	0.322294 	-0.173087 	0.538732 	0.0765656 	-1.38178 	-0.105481 	
1.385	0.32238 	-0.173083 	0.538747 	0.0765656 	-1.38178 	-0.105481 	
1.39	0.322399 	-0.173081 	0.538746 	0.0749017 	-1.38061 	-0.103189 	
1.395	0.322485 	-0.173076 	0.53876 	0.0749017 	-1.38061 	-0.103189 	
1.4	0.322571 	-0.173072 	0.538775 	0.0749017 	-1.38061 	-0.103189 	
1.405	0.32259 	-0.17307 	0.538774 	0.0732429 	-1.37945 	-0.100904 	
1.41	0.322676 	-0.173065 	0.538788 	0.0732429 	-1.37945 	-0.100904 	
1.415	0.322761 	-0.173061 	0.538802 	0.0732429 	-1.37945 	-0.100904 	
1.42	0.322781 	-0.173059 	0.538801 	0.0715899 	-1.37829 	-0.0986264 	
1.425	0.322866 	-0.173055 	0.538816 	0.0715899 	-1.37829 	-0.0986264 	
1.43	0.322951 	-0.17305 	0.53883 	0.0715899 	-1.37829 	-0.0986264 	
1.435	0.32297 	-0.173049 	0.538829 	0.0699433 	-1.37713 	-0.0963579 	
1.44	0.323055 	-0.173044 	0.538843 	0.0699433 	-1.37713 	-0.0963579 	
1.445	0.32314 	-0.173039 	0.538857 	0.0699433 	-1.37713 	-0.0963579 	
1.45	0.323159 	-0.173038 	0.538856 	0.0683035 	-1.37598 	-0.0940989 	
1.455	0.323243 	-0.173033 	0.538871 	0.0683035 	-1.37598 	-0.0940989 	
1.46	0.323328 	-0.173029 	0.538885 	0.0683036 	-1.37598 	-0.0940989 	
1.465	0.323347 	-0.173027 	0.538884 	0.0666713 	-1.37484 	-0.0918503 	
1.47	0.323431 	-0.173023 	0.538898 	0.0666713 	-1.37484 	-0.0918503 	
1.475	0.323515 	-0.173018 	0.538912 	0.0666713 	-1.37484 	-0.0918503 	
1.48	0.323534 	-0.173017 	0.538911 	0.0650472 	-1.3737 	-0.0896128 	
1.485	0.323617 	-0.173012 	0.538925 	0.0650472 	-1.3737 	-0.0896128 	
1.49	0.323701 	-0.173007 	0.538939 	0.0650472 	-1.3737 	-0.0896128 	
1.495	0.32372 	-0.173007 	0.538938 	0.0634317 	-1.37257 	-0.0873873 	
1.5	0.323803 	-0.173002 	0.538952 	0.0634317 	-1.37257 	-0.0873873 	
1.505	0.323886 	-0.172997 	0.538966 	0.0634317 	-1.37257 	-0.0873873 	
1.51	0.323905 	-0.172996 	0.538965 	0.0618255 	-1.37144 	-0.0851744 	
1.515	0.323987 	-0.172991 	0.538979 	0.0618255 	-1.37144 	-0.0851744 	
1.52	0.32407 	-0.172986 	0.538993 	0.0618255 	-1.37144 	-0.0851744 	
1.525	0.324088 	-0.172986 	0.538992 	0.0602291 	-1.37032 	-0.0829751 	
1.53	0.32417 	-0.172981 	0.539006 	0.0602291 	-1.37032 	-0.0829751 	
1.535	0.324252 	-0.172976 	0.539019 	0.0602291 	-1.37032 	-0.0829751 	
1.54	0.324271 	-0.172976 	0.539019 	0.058643 	-1.36921 	-0.08079 	
1.545	0.324352 	-0.172971 	0.539032 	0.058643 	-1.36921 	-0.08079 	
1.55	0.324434 	-0.172966 	0.539046 	0.058643 	-1.36921 	-0.08079 	
1.555	0.324452 	-0.172966 	0.539045 	0.0570679 	-1.36811 	-0.07862 	
1.56	0.324533 	-0.17296 	0.539058 	0.0570679 	-1.36811 	-0.07862 	
1.565	0.324614 	-0.172955 	0.539072 	0.0570679 	-1.36811 	-0.07862 	
1.57	0.324632 	-0.172955 	0.539071 	0.0555042 	-1.36701 	-0.0764658 	
1.575	0.324712 	-0.17295 	0.539085 	0.0555042 	-1.36701 	-0.0764658 	
1.58	0.324793 	-0.172945 	0.539098 	0.0555042 	-1.36701 	-0.0764658 	
1.585	0.324811 	-0.172945 	0.539097 	0.0539526 	-1.36592 	-0.0743282 	
1.59	0.32489 	-0.17294 	0.539111 	0.0539526 	-1.36592 	-0.0743282 	
1.595	0.32497 	-0.172935 	0.539124 	0.0539526 	-1.36592 	-0.0743282 	
1.6	0.324988 	-0.172936 	0.539123 	0.0524136 	-1.36484 	-0.072208 	
1.605	0.325067 	-0.17293 	0.539136 	0.0524136 	-1.36484 	-0.072208 	
1.61	0.325146 	-0.172925 	0.539149 	0.0524136 	-1.36484 	-0.072208 	
1.615	0.325224 	-0.17292 	0.539162 	0.0524136 	-1.36484 	-0.072208 	
1.62	0.325224 	-0.172922 	0.539158 	0.0504343 	-1.36346 	-0.0694811 	
1.625	0.325302 	-0.172917 	0.539171 	0.0504343 	-1.36346 	-0.0694811 	
1.63	0.325379 	-0.172912 	0.539183 	0.0504343 	-1.36346 	-0.0694811 	
1.635	0.325395 	-0.172913 	0.539183 	0.0488798 	-1.36237 	-0.0673396 	
1.64	0.325472 	-0.172907 	0.539195 	0.0488798 	-1.36237 	-0.0673396 	
1.645	0.32555 	-0.172902 	0.539208 	0.0488798 	-1.36237 	-0.0673396 	
1.65	0.325626 	-0.172897 	0.539221 	0.0488798 	-1.36237 	-0.0673396 	
1.655	0.325626 	-0.1729 	0.539216 	0.0469386 	-1.36101 	-0.0646651 	
1.66	0.325702 	-0.172894 	0.539229 	0.0469386 	-1.36101 	-0.0646651 	
1.665	0.325778 	-0.172889 	0.539241 	0.0469386 	-1.36101 	-0.0646651 	
1.67	0.325854 	-0.172884 	0.539254 	0.0469386 	-1.36101 	-0.0646651 	
1.675	0.325851 	-0.172887 	0.539249 	0.0449819 	-1.35963 	-0.0619694 	
1.68	0.325927 	-0.172882 	0.539262 	0.0449819 	-1.35963 	-0.0619694 	
1.685	0.326001 	-0.172876 	0.539274 	0.0449819 	-1.35963 	-0.0619694 	
1.69	0.326076 	-0.172871 	0.539286 	0.0449819 	-1.35963 	-0.0619694 	
1.695	0.326074 	-0.172875 	0.539282 	0.0430488 	-1.35828 	-0.0593064 	
1.7	0.326148 	-0.172869 	0.539294 	0.0430488 	-1.35828 	-0.0593064 	
1.705	0.326221 	-0.172864 	0.539306 	0.0430488 	-1.35828 	-0.0593064 	
1.71	0.326295 	-0.172859 	0.539318 	0.0430488 	-1.35828 	-0.0593064 	
1.715	0.326292 	-0.172862 	0.539314 	0.0411446 	-1.35694 	-0.056683 	
1.72	0.326365 	-0.172857 	0.539325 	0.0411446 	-1.35694 	-0.056683 	
1.725	0.326438 	-0.172852 	0.539337 	0.0411446 	-1.35694 	-0.056683 	
1.73	0.32651 	-0.172846 	0.539349 	0.0411446 	-1.35694 	-0.056683 	
1.735	0.326508 	-0.17285 	0.539345 	0.0392707 	-1.35563 	-0.0541015 	
1.74	0.32658 	-0.172845 	0.539357 	0.0392707 	-1.35563 	-0.0541015 	
1.745	0.326651 	-0.17284 	0.539368 	0.0392707 	-1.35563 	-0.0541015 	
1.75	0.326722 	-0.172834 	0.53938 	0.0392707 	-1.35563 	-0.0541015 	
1.755	0.326719 	-0.172838 	0.539376 	0.0374285 	-1.35434 	-0.0515635 	
1.76	0.32679 	-0.172833 	0.539387 	0.0374285 	-1.35434 	-0.0515635 	
1.765	0.32686 	-0.172828 	0.539399 	0.0374285 	-1.35434 	-0.0515635 	
1.77	0.32693 	-0.172822 	0.53941 	0.0374285 	-1.35434 	-0.0515635 	
1.775	0.326927 	-0.172827 	0.539406 	0.035619 	-1.35307 	-0.0490706 	
1.78	0.326997 	-0.172821 	0.539417 	0.035619 	-1.35307 	-0.0490706 	
1.785	0.327065 	-0.172816 	0.539429 	0.035619 	-1.35307 	-0.0490706 	
1.79	0.327134 	-0.172811 	0.53944 	0.035619 	-1.35307 	-0.0490706 	
1.795	0.327131 	-0.172815 	0.539436 	0.0338434 	-1.35182 	-0.0466245 	
1.8	0.327199 	-0.17281 	0.539447 	0.0338434 	-1.35182 	-0.0466245 	
1.805	0.327267 	-0.172805 	0.539458 	0.0338434 	-1.35182 	-0.0466245 	
1.81	0.327334 	-0.172799 	0.539469 	0.0338434 	-1.35182 	-0.0466245 	
1.815	0.327331 	-0.172804 	0.539465 	0.0321029 	-1.3506 	-0.0442267 	
1.82	0.327398 	-0.172799 	0.539476 	0.0321029 	-1.3506 	-0.0442267 	
1.825	0.327464 	-0.172794 	0.539486 	0.0321029 	-1.3506 	-0.0442267 	
1.83	0.327529 	-0.172788 	0.539497 	0.0321029 	-1.3506 	-0.0442267 	
1.835	0.327527 	-0.172793 	0.539494 	0.0303985 	-1.34941 	-0.0418786 	
1.84	0.327592 	-0.172788 	0.539504 	0.0303985 	-1.34941 	-0.0418786 	
1.845	0.327657 	-0.172783 	0.539514 	0.0303985 	-1.34941 	-0.0418786 	
1.85	0.327721 	-0.172778 	0.539525 	0.0303985 	-1.34941 	-0.0418786 	
1.855	0.327718 	-0.172783 	0.539522 	0.0287312 	-1.34824 	-0.0395817 	
1.86	0.327782 	-0.172777 	0.539532 	0.0287312 	-1.34824 	-0.0395817 	
1.865	0.327845 	-0.172772 	0.539542 	0.0287312 	-1.34824 	-0.0395817 	
1.87	0.327908 	-0.172767 	0.539552 	0.0287312 	-1.34824 	-0.0395817 	
1.875	0.327905 	-0.172772 	0.539549 	0.0271023 	-1.3471 	-0.0373375 	
1.88	0.327967 	-0.172767 	0.539559 	0.0271023 	-1.3471 	-0.0373375 	
1.885	0.328029 	-0.172762 	0.539569 	0.0271023 	-1.3471 	-0.0373375 	
1.89	0.32809 	-0.172757 	0.539578 	0.0271023 	-1.3471 	-0.0373375 	
1.895	0.328088 	-0.172762 	0.539575 	0.0255125 	-1.34598 	-0.0351475 	
1.9	0.328148 	-0.172757 	0.539585 	0.0255125 	-1.34598 	-0.0351475 	
1.905	0.328208 	-0.172752 	0.539595 	0.0255125 	-1.34598 	-0.0351475 	
1.91	0.328268 	-0.172747 	0.539604 	0.0255125 	-1.34598 	-0.0351475 	
1.915	0.328266 	-0.172752 	0.539601 	0.0239631 	-1.3449 	-0.0330129 	
1.92	0.328325 	-0.172747 	0.539611 	0.0239631 	-1.3449 	-0.0330129 	
1.925	0.328383 	-0.172742 	0.53962 	0.0239631 	-1.3449 	-0.0330129 	
1.93	0.328441 	-0.172737 	0.539629 	0.0239631 	-1.3449 	-0.0330129 	
1.935	0.328498 	-0.172732 	0.539638 	0.0239631 	-1.3449 	-0.0330129 	
1.94	0.328483 	-0.17274 	0.539633 	0.0221234 	-1.34361 	-0.0304784 	
1.945	0.32854 	-0.172735 	0.539642 	0.0221234 	-1.34361 	-0.0304784 	
1.95	0.328596 	-0.17273 	0.539651 	0.0221234 	-1.34361 	-0.0304784 	
1.955	0.328652 	-0.172725 	0.53966 	0.0221234 	-1.34361 	-0.0304784 	
1.96	0.328707 	-0.17272 	0.539669 	0.0221234 	-1.34361 	-0.0304784 	
1.965	0.328691 	-0.172728 	0.539663 	0.0203137 	-1.34234 	-0.0279851 	
1.97	0.328745 	-0.172723 	0.539672 	0.0203137 	-1.34234 	-0.0279851 	
1.975	0.3288 	-0.172718 	0.539681 	0.0203137 	-1.34234 	-0.0279851 	
1.98	0.328853 	-0.172714 	0.539689 	0.0203137 	-1.34234 	-0.0279851 	
1.985	0.328907 	-0.172709 	0.539698 	0.0203137 	-1.34234 	-0.0279851 	
1.99	0.328891 	-0.172717 	0.539693 	0.0185682 	-1.34112 	-0.0255805 	
1.995	0.328943 	-0.172712 	0.539701 	0.0185682 	-1.34112 	-0.0255805 	
2	0.328995 	-0.172707 	0.539709 	0.0185682 	-1.34112 	-0.0255805 	
2.005	0.329047 	-0.172703 	0.539717 	0.0185682 	-1.34112 	-0.0255805 	
2.01	0.329098 	-0.172698 	0.539725 	0.0185682 	-1.34112 	-0.0255805 	
2.015	0.329083 	-0.172706 	0.539721 	0.0168921 	-1.33994 	-0.0232714 	
2.02	0.329133 	-0.172702 	0.539729 	0.0168921 	-1.33994 	-0.0232714 	
2.025	0.329183 	-0.172697 	0.539736 	0.0168921 	-1.33994 	-0.0232714 	
2.03	0.329232 	-0.172693 	0.539744 	0.0168921 	-1.33994 	-0.0232714 	
2.035	0.329281 	-0.172688 	0.539752 	0.0168921 	-1.33994 	-0.0232714 	
2.04	0.329266 	-0.172696 	0.539747 	0.0152873 	-1.33882 	-0.0210606 	
2.045	0.329314 	-0.172691 	0.539755 	0.0152873 	-1.33882 	-0.0210606 	
2.05	0.329362 	-0.172687 	0.539762 	0.0152873 	-1.33882 	-0.0210606 	
2.055	0.329409 	-0.172683 	0.53977 	0.0152873 	-1.33882 	-0.0210606 	
2.06	0.329456 	-0.172678 	0.539777 	0.0152873 	-1.33882 	-0.0210606 	
2.065	0.329441 	-0.172686 	0.539773 	0.0137556 	-1.33774 	-0.0189503 	
2.07	0.329487 	-0.172682 	0.53978 	0.0137556 	-1.33774 	-0.0189503 	
2.075	0.329532 	-0.172678 	0.539787 	0.0137556 	-1.33774 	-0.0189503 	
2.08	0.329577 	-0.172674 	0.539794 	0.0137556 	-1.33774 	-0.0189503 	
2.085	0.329622 	-0.172669 	0.539801 	0.0137556 	-1.33774 	-0.0189503 	
2.09	0.329666 	-0.172665 	0.539808 	0.0137556 	-1.33774 	-0.0189503 	
2.095	0.329641 	-0.172675 	0.539802 	0.0120463 	-1.33654 	-0.0165955 	
2.1	0.329684 	-0.172671 	0.539809 	0.0120463 	-1.33654 	-0.0165955 	
2.105	0.329727 	-0.172667 	0.539816 	0.0120463 	-1.33654 	-0.0165955 	
2.11	0.329769 	-0.172663 	0.539822 	0.0120463 	-1.33654 	-0.0165955 	
2.115	0.32981 	-0.172659 	0.539829 	0.0120463 	-1.33654 	-0.0165955 	
2.12	0.329851 	-0.172655 	0.539835 	0.0120463 	-1.33654 	-0.0165955 	
2.125	0.329828 	-0.172664 	0.539829 	0.0104176 	-1.3354 	-0.0143517 	
2.13	0.329868 	-0.172661 	0.539836 	0.0104176 	-1.3354 	-0.0143517 	
2.135	0.329907 	-0.172657 	0.539842 	0.0104176 	-1.3354 	-0.0143517 	
2.14	0.329946 	-0.172653 	0.539848 	0.0104176 	-1.3354 	-0.0143517 	
2.145	0.329985 	-0.172649 	0.539854 	0.0104176 	-1.3354 	-0.0143517 	
2.15	0.330023 	-0.172646 	0.53986 	0.0104176 	-1.3354 	-0.0143517 	
2.155	0.330001 	-0.172655 	0.539855 	0.00889779 	-1.33434 	-0.012258 	
2.16	0.330038 	-0.172651 	0.53986 	0.00889779 	-1.33434 	-0.012258 	
2.165	0.330075 	-0.172648 	0.539866 	0.00889779 	-1.33434 	-0.012258 	
2.17	0.330111 	-0.172644 	0.539872 	0.00889779 	-1.33434 	-0.012258 	
2.175	0.330147 	-0.172641 	0.539877 	0.00889779 	-1.33434 	-0.012258 	
2.18	0.330182 	-0.172637 	0.539883 	0.00889779 	-1.33434 	-0.012258 	
2.185	0.330216 	-0.172634 	0.539888 	0.00889779 	-1.33434 	-0.012258 	
2.19	0.330187 	-0.172644 	0.539882 	0.00729353 	-1.33321 	-0.0100478 	
2.195	0.330221 	-0.172641 	0.539887 	0.00729353 	-1.33321 	-0.0100478 	
2.2	0.330254 	-0.172638 	0.539892 	0.00729353 	-1.33321 	-0.0100478 	
2.205	0.330287 	-0.172635 	0.539897 	0.00729353 	-1.33321 	-0.0100478 	
2.21	0.330319 	-0.172631 	0.539902 	0.00729353 	-1.33321 	-0.0100478 	
2.215	0.330351 	-0.172628 	0.539907 	0.00729353 	-1.33321 	-0.0100478 	
2.22	0.330382 	-0.172625 	0.539912 	0.00729353 	-1.33321 	-0.0100478 	
2.225	0.330412 	-0.172622 	0.539917 	0.00729353 	-1.33321 	-0.0100478 	
2.23	0.330378 	-0.172634 	0.539909 	0.00564831 	-1.33206 	-0.00778127 	
2.235	0.330407 	-0.172631 	0.539914 	0.00564831 	-1.33206 	-0.00778127 	
2.24	0.330436 	-0.172628 	0.539919 	0.00564831 	-1.33206 	-0.00778127 	
2.245	0.330465 	-0.172625 	0.539923 	0.00564831 	-1.33206 	-0.00778127 	
2.25	0.330493 	-0.172622 	0.539927 	0.00564831 	-1.33206 	-0.00778127 	
2.255	0.33052 	-0.17262 	0.539932 	0.00564831 	-1.33206 	-0.00778127 	
2.26	0.330547 	-0.172617 	0.539936 	0.00564831 	-1.33206 	-0.00778127 	
2.265	0.330574 	-0.172614 	0.53994 	0.00564831 	-1.33206 	-0.00778127 	
2.27	0.3306 	-0.172612 	0.539944 	0.00564831 	-1.33206 	-0.00778127 	
2.275	0.330562 	-0.172623 	0.539936 	0.00404087 	-1.33093 	-0.00556676 	
2.28	0.330587 	-0.172621 	0.53994 	0.00404087 	-1.33093 	-0.00556676 	
2.285	0.330611 	-0.172618 	0.539944 	0.00404087 	-1.33093 	-0.00556676 	
2.29	0.330635 	-0.172616 	0.539948 	0.00404087 	-1.33093 	-0.00556676 	
2.295	0.330659 	-0.172614 	0.539951 	0.00404087 	-1.33093 	-0.00556676 	
2.3	0.330682 	-0.172611 	0.539955 	0.00404087 	-1.33093 	-0.00556676 	
2.305	0.330704 	-0.172609 	0.539959 	0.00404087 	-1.33093 	-0.00556676 	
2.31	0.330726 	-0.172607 	0.539962 	0.00404087 	-1.33093 	-0.00556676 	
2.315	0.330747 	-0.172605 	0.539965 	0.00404087 	-1.33093 	-0.00556676 	
2.32	0.330768 	-0.172603 	0.539968 	0.00404087 	-1.33093 	-0.00556676 	
2.325	0.330788 	-0.172601 	0.539972 	0.00404087 	-1.33093 	-0.00556676 	
2.33	0.330745 	-0.172613 	0.539963 	0.0024504 	-1.32982 	-0.00337564 	
2.335	0.330764 	-0.172611 	0.539966 	0.0024504 	-1.32982 	-0.00337564 	
2.34	0.330783 	-0.172609 	0.539969 	0.0024504 	-1.32982 	-0.00337564 	
2.345	0.330801 	-0.172607 	0.539972 	0.0024504 	-1.32982 	-0.00337564 	
2.35	0.330819 	-0.172606 	0.539975 	0.0024504 	-1.32982 	-0.00337564 	
2.355	0.330836 	-0.172604 	0.539977 	0.0024504 	-1.32982 	-0.00337564 	
2.36	0.330852 	-0.172602 	0.53998 	0.0024504 	-1.32982 	-0.00337564 	
2.365	0.330868 	-0.172601 	0.539982 	0.0024504 	-1.32982 	-0.00337564 	
2.37	0.330883 	-0.172599 	0.539985 	0.0024504 	-1.32982 	-0.00337564 	
2.375	0.330898 	-0.172598 	0.539987 	0.0024504 	-1.32982 	-0.00337564 	
2.38	0.330913 	-0.172596 	0.539989 	0.0024504 	-1.32982 	-0.00337564 	
2.385	0.330927 	-0.172595 	0.539991 	0.0024504 	-1.32982 	-0.00337564 	
2.39	0.33094 	-0.172593 	0.539993 	0.0024504 	-1.32982 	-0.00337564 	
2.395	0.330953 	-0.172592 	0.539995 	0.0024504 	-1.32982 	-0.00337564 	
2.4	0.330965 	-0.172591 	0.539997 	0.0024504 	-1.32982 	-0.00337564 	
2.405	0.330917 	-0.172603 	0.539988 	0.000944479 	-1.32876 	-0.00130101 	
2.41	0.330928 	-0.172602 	0.53999 	0.000944479 	-1.32876 	-0.00130101 	
2.415	0.330939 	-0.172601 	0.539992 	0.000944479 	-1.32876 	-0.00130101 	
2.42	0.330949 	-0.1726 	0.539993 	0.000944479 	-1.32876 	-0.00130101 	
2.425	0.330958 	-0.172599 	0.539994 	0.000944479 	-1.32876 	-0.00130101 	
2.43	0.330967 	-0.172598 	0.539996 	0.000944479 	-1.32876 	-0.00130101 	
2.435	0.330975 	-0.172598 	0.539997 	0.000944479 	-1.32876 	-0.00130101 	
2.44	0.330983 	-0.172597 	0.539998 	0.000944479 	-1.32876 	-0.00130101 	
2.445	0.33099 	-0.172596 	0.54 	0.000944479 	-1.32876 	-0.00130101 	
2.45	0.330997 	-0.172595 	0.540001 	0.000944479 	-1.32876 	-0.00130101 	
2.455	0.331003 	-0.172595 	0.540002 	0.000944479 	-1.32876 	-0.00130101 	
2.46	0.331009 	-0.172594 	0.540002 	0.000944479 	-1.32876 	-0.00130101 	
2.465	0.331014 	-0.172594 	0.540003 	0.000944479 	-1.32876 	-0.00130101 	
2.47	0.331019 	-0.172593 	0.540004 	0.000944479 	-1.32876 	-0.00130101 	
2.475	0.331023 	-0.172593 	0.540005 	0.000944479 	-1.32876 	-0.00130101 	
2.48	0.331027 	-0.172592 	0.540005 	0.000944479 	-1.32876 	-0.00130101 	
2.485	0.33103 	-0.172592 	0.540006 	0.000944479 	-1.32876 	-0.00130101 	
2.49	0.331032 	-0.172592 	0.540006 	0.000944479 	-1.32876 	-0.00130101 	
2.495	0.331034 	-0.172592 	0.540006 	0.000944479 	-1.32876 	-0.00130101 	
2.5	0.331036 	-0.172591 	0.540007 	0.000944479 	-1.32876 	-0.00130101 	
2.505	0.331036 	-0.172591 	0.540007 	0.000944479 	-1.32876 	-0.00130101 	
2.51	0.331034 	-0.172594 	0.540007 	0.000944479 	-1.32876 	-0.00130101 	
2.515	0.331034 	-0.172594 	0.540007 	0.000944479 	-1.32876 	-0.00130101 	
2.52	0.331034 	-0.172594 	0.540007 	0.000944479 	-1.32876 	-0.00130101 	
2.525	0.331034 	-0.172595 	0.540006 	0.000944479 	-1.32876 	-0.00130101 	
2.53	0.331035 	-0.172595 	0.540005 	0.000944479 	-1.32876 	-0.00130101 	
2.535	0.331035 	-0.172596 	0.540003 	0.000944479 	-1.32876 	-0.00130101 	
2.54	0.331035 	-0.172597 	0.540002 	0.000944479 	-1.32876 	-0.00130101 	
2.545	0.331035 	-0.172598 	0.54 	0.000944479 	-1.32876 	-0.00130101 	
2.55	0.331035 	-0.172599 	0.539998 	0.000944479 	-1.32876 	-0.00130101 	
2.555	0.331036 	-0.172601 	0.539995 	0.000944479 	-1.32876 	-0.00130101 	
2.56	0.331036 	-0.172602 	0.539992 	0.000944479 	-1.32876 	-0.00130101 	
2.565	0.331037 	-0.172604 	0.539989 	0.000944479 	-1.32876 	-0.00130101 	
2.57	0.331037 	-0.172606 	0.539986 	0.000944479 	-1.32876 	-0.00130101 	
2.575	0.331037 	-0.172608 	0.539982 	0.000944479 	-1.32876 	-0.00130101 	
2.58	0.331038 	-0.17261 	0.539978 	0.000944479 	-1.32876 	-0.00130101 	
2.585	0.331039 	-0.172612 	0.539974 	0.00094448 	-1.32876 	-0.00130101 	
2.59	0.331039 	-0.172615 	0.53997 	0.00094448 	-1.32876 	-0.00130101 	
2.595	0.33104 	-0.172618 	0.539965 	0.00094448 	-1.32876 	-0.00130101 	
2.6	0.33104 	-0.17262 	0.53996 	0.00094448 	-1.32876 	-0.00130101 	
2.605	0.331041 	-0.172624 	0.539954 	0.000944481 	-1.32876 	-0.00130101 	
2.61	0.331042 	-0.172627 	0.539948 	0.000944481 	-1.32876 	-0.00130101 	
2.615	0.331043 	-0.17263 	0.539942 	0.000944481 	-1.32876 	-0.00130101 	
2.62	0.331044 	-0.172634 	0.539936 	0.000944482 	-1.32876 	-0.00130101 	
2.625	0.331044 	-0.172637 	0.53993 	0.000944482 	-1.32876 	-0.00130101 	
2.63	0.331045 	-0.172641 	0.539923 	0.000944483 	-1.32876 	-0.00130101 	
2.635	0.331051 	-0.17264 	0.539915 	0.000944484 	-1.32876 	-0.00130101 	
2.64	0.331052 	-0.172644 	0.539908 	0.000944484 	-1.32876 	-0.00130101 	
2.645	0.331053 	-0.172649 	0.5399 	0.000944485 	-1.32876 	-0.00130101 	
2.65	0.331055 	-0.172653 	0.539892 	0.000944486 	-1.32876 	-0.00130101 	
2.655	0.331056 	-0.172658 	0.539884 	0.000944486 	-1.32876 	-0.00130101 	
2.66	0.331057 	-0.172663 	0.539875 	0.000944487 	-1.32876 	-0.00130101 	
2.665	0.331058 	-0.172668 	0.539866 	0.000944488 	-1.32876 	-0.00130101 	
2.67	0.331059 	-0.172673 	0.539856 	0.000944488 	-1.32876 	-0.00130101 	
2.675	0.33106 	-0.172678 	0.539847 	0.000944489 	-1.32876 	-0.00130102 	
2.68	0.331062 	-0.172684 	0.539837 	0.00094449 	-1.32876 	-0.00130102 	
2.685	0.331063 	-0.172689 	0.539827 	0.000944491 	-1.32876 	-0.00130102 	
2.69	0.331064 	-0.172695 	0.539817 	0.000944492 	-1.32876 	-0.00130102 	
2.695	0.331066 	-0.172701 	0.539806 	0.000944493 	-1.32876 	-0.00130102 	
2.7	0.331067 	-0.172707 	0.539795 	0.000944494 	-1.32876 	-0.00130102 	
2.705	0.331069 	-0.172714 	0.539784 	0.000944495 	-1.32876 	-0.00130102 	
2.71	0.33107 	-0.17272 	0.539773 	0.000944496 	-1.32876 	-0.00130102 	
2.715	0.331072 	-0.172727 	0.539761 	0.000944497 	-1.32876 	-0.00130102 	
2.72	0.331073 	-0.172733 	0.539749 	0.000944498 	-1.32876 	-0.00130102 	
2.725	0.331075 	-0.17274 	0.539736 	0.0009445 	-1.32876 	-0.00130103 	
2.73	0.331077 	-0.172747 	0.539724 	0.000944501 	-1.32876 	-0.00130103 	
2.735	0.331078 	-0.172754 	0.539711 	0.000944502 	-1.32876 	-0.00130103 	
2.74	0.33108 	-0.172762 	0.539698 	0.000944504 	-1.32876 	-0.00130103 	
2.745	0.331082 	-0.172769 	0.539684 	0.000944505 	-1.32876 	-0.00130103 	
2.75	0.331084 	-0.172777 	0.539671 	0.000944507 	-1.32876 	-0.00130103 	
2.755	0.331086 	-0.172785 	0.539657 	0.000944509 	-1.32876 	-0.00130103 	
2.76	0.331088 	-0.172793 	0.539642 	0.00094451 	-1.32876 	-0.00130104 	
2.765	0.331089 	-0.172801 	0.539628 	0.000944512 	-1.32876 	-0.00130104 	
2.77	0.331161 	-0.172817 	0.539625 	9.40274e-05 	-1.33003 	-0.00012945 	
2.775	0.331163 	-0.172825 	0.53961 	9.40293e-05 	-1.33003 	-0.000129452 	
2.78	0.331165 	-0.172834 	0.539595 	9.40314e-05 	-1.33003 	-0.000129454 	
2.785	0.331167 	-0.172843 	0.539579 	9.40335e-05 	-1.33003 	-0.000129456 	
2.79	0.331169 	-0.172852 	0.539563 	9.40357e-05 	-1.33003 	-0.000129458 	
2.795	0.331171 	-0.172861 	0.539547 	9.40379e-05 	-1.33003 	-0.00012946 	
2.8	0.331173 	-0.17287 	0.539531 	9.40402e-05 	-1.33003 	-0.000129462 	
2.805	0.331175 	-0.172879 	0.539514 	9.40426e-05 	-1.33003 	-0.000129465 	
2.81	0.331178 	-0.172888 	0.539497 	9.40451e-05 	-1.33003 	-0.000129467 	
2.815	0.33118 	-0.172898 	0.53948 	9.40477e-05 	-1.33003 	-0.000129469 	
2.82	0.331182 	-0.172908 	0.539462 	9.40503e-05 	-1.33003 	-0.000129472 	
2.825	0.331185 	-0.172918 	0.539445 	9.4053e-05 	-1.33003 	-0.000129474 	
2.83	0.331187 	-0.172928 	0.539427 	9.40558e-05 	-1.33003 	-0.000129477 	
2.835	0.331189 	-0.172938 	0.539408 	9.40587e-05 	-1.33003 	-0.00012948 	
2.84	0.331192 	-0.172948 	0.53939 	9.40617e-05 	-1.33003 	-0.000129482 	
2.845	0.331267 	-0.17296 	0.539384 	9.97503e-06 	-1.33137 	-1.36222e-05 	
2.85	0.33127 	-0.17297 	0.539365 	9.97817e-06 	-1.33137 	-1.36252e-05 	
2.855	0.331272 	-0.172981 	0.539346 	9.9814e-06 	-1.33137 	-1.36282e-05 	
2.86	0.331275 	-0.172992 	0.539326 	9.98471e-06 	-1.33137 	-1.36313e-05 	
2.865	0.331278 	-0.173002 	0.539306 	9.98841e-06 	-1.33137 	-1.36348e-05 	
2.87	0.331281 	-0.173013 	0.539286 	9.99189e-06 	-1.33137 	-1.36381e-05 	
2.875	0.331284 	-0.173025 	0.539266 	9.99547e-06 	-1.33137 	-1.36414e-05 	
2.88	0.331287 	-0.173036 	0.539246 	9.99912e-06 	-1.33137 	-1.36448e-05 	
2.885	0.331289 	-0.173048 	0.539225 	1.00029e-05 	-1.33137 	-1.36483e-05 	
2.89	0.331292 	-0.173059 	0.539204 	1.00067e-05 	-1.33137 	-1.36519e-05 	
2.895	0.331295 	-0.173071 	0.539182 	1.00106e-05 	-1.33137 	-1.36556e-05 	
2.9	0.331298 	-0.173083 	0.539161 	1.00146e-05 	-1.33137 	-1.36594e-05 	
2.905	0.331372 	-0.173095 	0.539152 	1.61734e-06 	-1.33266 	-2.11316e-06 	
2.91	0.331375 	-0.173108 	0.53913 	1.62156e-06 	-1.33266 	-2.11711e-06 	
2.915	0.331377 	-0.17312 	0.539108 	1.62588e-06 	-1.33266 	-2.12114e-06 	
2.92	0.33138 	-0.173133 	0.539085 	1.63028e-06 	-1.33266 	-2.12527e-06 	
2.925	0.331383 	-0.173145 	0.539062 	1.63478e-06 	-1.33266 	-2.12947e-06 	
2.93	0.331387 	-0.173158 	0.53904 	1.63936e-06 	-1.33266 	-2.13377e-06 	
2.935	0.33139 	-0.173171 	0.539016 	1.64405e-06 	-1.33266 	-2.13815e-06 	
2.94	0.331393 	-0.173184 	0.538993 	1.64882e-06 	-1.33266 	-2.14262e-06 	
2.945	0.331396 	-0.173197 	0.538969 	1.6537e-06 	-1.33266 	-2.14718e-06 	
2.95	0.331399 	-0.173211 	0.538945 	1.65866e-06 	-1.33266 	-2.15183e-06 	
2.955	0.331402 	-0.173224 	0.538921 	1.66372e-06 	-1.33266 	-2.15657e-06 	
2.96	0.331479 	-0.173238 	0.53891 	8.28631e-07 	-1.334 	-1.02246e-06 	
2.965	0.331482 	-0.173251 	0.538886 	8.33914e-07 	-1.334 	-1.02741e-06 	
2.97	0.331485 	-0.173265 	0.538861 	8.3929e-07 	-1.334 	-1.03245e-06 	
2.975	0.331489 	-0.173279 	0.538836 	8.44763e-07 	-1.334 	-1.03758e-06 	
2.98	0.331492 	-0.173293 	0.538811 	8.50332e-07 	-1.334 	-1.0428e-06 	
2.985	0.331495 	-0.173308 	0.538785 	8.55997e-07 	-1.334 	-1.04811e-06 	
2.99	0.331499 	-0.173322 	0.53876 	8.61759e-07 	-1.334 	-1.05351e-06 	
2.995	0.331502 	-0.173336 	0.538734 	8.67618e-07 	-1.334 	-1.059e-06 	
3	0.331506 	-0.173351 	0.538708 	8.73573e-07 	-1.334 	-1.06458e-06 	
3.005	0.331509 	-0.173365 	0.538681 	8.79626e-07 	-1.334 	-1.07025e-06 	
3.01	0.331586 	-0.17338 	0.538668 	7.50532e-07 	-1.33534 	-9.16649e-07 	
3.015	0.33159 	-0.173395 	0.538641 	7.56816e-07 	-1.33534 	-9.22545e-07 	
3.02	0.331593 	-0.17341 	0.538615 	7.63195e-07 	-1.33534 	-9.28529e-07 	
3.025	0.331597 	-0.173425 	0.538587 	7.69671e-07 	-1.33534 	-9.34605e-07 	
3.03	0.331601 	-0.173441 	0.53856 	7.76244e-07 	-1.33534 	-9.40772e-07 	
3.035	0.331604 	-0.173456 	0.538533 	7.82914e-07 	-1.33534 	-9.47029e-07 	
3.04	0.331608 	-0.173471 	0.538505 	7.89681e-07 	-1.33534 	-9.53378e-07 	
3.045	0.331612 	-0.173487 	0.538477 	7.96544e-07 	-1.33534 	-9.59818e-07 	
3.05	0.331615 	-0.173503 	0.538449 	8.03505e-07 	-1.33534 	-9.66348e-07 	
3.055	0.331691 	-0.173519 	0.538433 	6.99605e-07 	-1.33665 	-8.56139e-07 	
3.06	0.331695 	-0.173534 	0.538405 	7.06801e-07 	-1.33665 	-8.62898e-07 	
3.065	0.331698 	-0.17355 	0.538376 	7.14089e-07 	-1.33665 	-8.69744e-07 	
3.07	0.331702 	-0.173567 	0.538347 	7.21474e-07 	-1.33665 	-8.76681e-07 	
3.075	0.331706 	-0.173583 	0.538318 	7.28955e-07 	-1.33665 	-8.83707e-07 	
3.08	0.33171 	-0.173599 	0.538289 	7.36532e-07 	-1.33665 	-8.90823e-07 	
3.085	0.331714 	-0.173616 	0.538259 	7.44203e-07 	-1.33665 	-8.98029e-07 	
3.09	0.331718 	-0.173632 	0.53823 	7.5197e-07 	-1.33665 	-9.05324e-07 	
3.095	0.331722 	-0.173649 	0.5382 	7.59831e-07 	-1.33665 	-9.12707e-07 	
3.1	0.331801 	-0.173665 	0.538184 	7.64412e-07 	-1.33803 	-9.35907e-07 	
3.105	0.331805 	-0.173682 	0.538154 	7.72511e-07 	-1.33803 	-9.43524e-07 	
3.11	0.331804 	-0.173704 	0.538123 	7.78006e-07 	-1.33803 	-9.48117e-07 	
3.115	0.331808 	-0.173721 	0.538093 	7.86262e-07 	-1.33803 	-9.55875e-07 	
3.12	0.331812 	-0.173738 	0.538062 	7.94636e-07 	-1.33803 	-9.63751e-07 	
3.125	0.331816 	-0.173756 	0.538031 	8.03104e-07 	-1.33803 	-9.71713e-07 	
3.13	0.331821 	-0.173773 	0.538 	8.11662e-07 	-1.33803 	-9.79762e-07 	
3.135	0.331825 	-0.17379 	0.537969 	8.20312e-07 	-1.33803 	-9.87896e-07 	
3.14	0.3319 	-0.173808 	0.537951 	6.87675e-07 	-1.33933 	-8.45223e-07 	
3.145	0.331905 	-0.173825 	0.537919 	6.96557e-07 	-1.33933 	-8.53586e-07 	
3.15	0.331909 	-0.173843 	0.537887 	7.05525e-07 	-1.33933 	-8.62029e-07 	
3.155	0.331913 	-0.173861 	0.537856 	7.14582e-07 	-1.33933 	-8.70556e-07 	
3.16	0.331917 	-0.173879 	0.537824 	7.23727e-07 	-1.33933 	-8.79166e-07 	
3.165	0.331921 	-0.173897 	0.537791 	7.3296e-07 	-1.33933 	-8.87858e-07 	
3.17	0.331926 	-0.173915 	0.537759 	7.42279e-07 	-1.33933 	-8.96631e-07 	
3.175	0.33193 	-0.173933 	0.537727 	7.51685e-07 	-1.33933 	-9.05486e-07 	
3.18	0.332008 	-0.173951 	0.537708 	7.20051e-07 	-1.34068 	-8.85757e-07 	
3.185	0.332012 	-0.173969 	0.537675 	7.29684e-07 	-1.34068 	-8.94838e-07 	
3.19	0.332017 	-0.173988 	0.537642 	7.39398e-07 	-1.34068 	-9.03993e-07 	
3.195	0.332021 	-0.174006 	0.537609 	7.49194e-07 	-1.34068 	-9.13227e-07 	
3.2	0.332026 	-0.174025 	0.537576 	7.59073e-07 	-1.34068 	-9.22538e-07 	
3.205	0.33203 	-0.174043 	0.537542 	7.69033e-07 	-1.34068 	-9.31926e-07 	
3.21	0.332034 	-0.174062 	0.537509 	7.79074e-07 	-1.34068 	-9.41389e-07 	
3.215	0.332039 	-0.17408 	0.537475 	7.89194e-07 	-1.34068 	-9.50927e-07 	
3.22	0.33212 	-0.174099 	0.537456 	7.72195e-07 	-1.34207 	-9.50033e-07 	
3.225	0.332124 	-0.174118 	0.537422 	7.82536e-07 	-1.34207 	-9.59792e-07 	
3.23	0.332129 	-0.174137 	0.537388 	7.92951e-07 	-1.34207 	-9.6962e-07 	
3.235	0.332133 	-0.174156 	0.537354 	8.03441e-07 	-1.34207 	-9.79519e-07 	
3.24	0.332138 	-0.174175 	0.537319 	8.14007e-07 	-1.34207 	-9.89489e-07 	
3.245	0.332142 	-0.174194 	0.537285 	8.24646e-07 	-1.34207 	-9.99529e-07 	
3.25	0.332147 	-0.174214 	0.537251 	8.35359e-07 	-1.34207 	-1.00964e-06 	
3.255	0.332221 	-0.174233 	0.537229 	6.48894e-07 	-1.34335 	-8.02423e-07 	
3.26	0.332226 	-0.174252 	0.537194 	6.59812e-07 	-1.34335 	-8.12737e-07 	
3.265	0.33223 	-0.174272 	0.53716 	6.70796e-07 	-1.34335 	-8.23113e-07 	
3.27	0.332235 	-0.174291 	0.537125 	6.81848e-07 	-1.34335 	-8.33554e-07 	
3.275	0.33224 	-0.174311 	0.537089 	6.92968e-07 	-1.34335 	-8.44058e-07 	
3.28	0.332244 	-0.17433 	0.537054 	7.04154e-07 	-1.34335 	-8.54625e-07 	
3.285	0.332249 	-0.17435 	0.537019 	7.15406e-07 	-1.34335 	-8.65254e-07 	
3.29	0.332324 	-0.174369 	0.536997 	6.49264e-07 	-1.34463 	-8.03897e-07 	
3.295	0.332329 	-0.174389 	0.536962 	6.60709e-07 	-1.34463 	-8.14721e-07 	
3.3	0.332334 	-0.174409 	0.536926 	6.72212e-07 	-1.34463 	-8.25599e-07 	
3.305	0.332338 	-0.174429 	0.53689 	6.83776e-07 	-1.34463 	-8.36534e-07 	
3.31	0.332343 	-0.174449 	0.536855 	6.95399e-07 	-1.34463 	-8.47526e-07 	
3.315	0.332348 	-0.174469 	0.536819 	7.07079e-07 	-1.34463 	-8.58571e-07 	
3.32	0.332353 	-0.174489 	0.536783 	7.18817e-07 	-1.34463 	-8.69671e-07 	
3.325	0.332429 	-0.174509 	0.53676 	6.72566e-07 	-1.34595 	-8.32968e-07 	
3.33	0.332434 	-0.174529 	0.536724 	6.84484e-07 	-1.34595 	-8.44252e-07 	
3.335	0.332439 	-0.174549 	0.536688 	6.96451e-07 	-1.34595 	-8.5558e-07 	
3.34	0.332444 	-0.174569 	0.536652 	7.08469e-07 	-1.34595 	-8.66958e-07 	
3.345	0.33245 	-0.174588 	0.536615 	7.214e-07 	-1.34595 	-8.79381e-07 	
3.35	0.332455 	-0.174608 	0.536579 	7.33526e-07 	-1.34595 	-8.90861e-07 	
3.355	0.33246 	-0.174629 	0.536542 	7.4569e-07 	-1.34595 	-9.02376e-07 	
3.36	0.332537 	-0.174649 	0.53652 	6.96379e-07 	-1.34728 	-8.62546e-07 	
3.365	0.332542 	-0.174669 	0.536483 	7.08708e-07 	-1.34728 	-8.74231e-07 	
3.37	0.332547 	-0.17469 	0.536447 	7.21077e-07 	-1.34728 	-8.85953e-07 	
3.375	0.332552 	-0.17471 	0.53641 	7.33487e-07 	-1.34728 	-8.97715e-07 	
3.38	0.332557 	-0.174731 	0.536373 	7.45938e-07 	-1.34728 	-9.09514e-07 	
3.385	0.332562 	-0.174751 	0.536336 	7.58427e-07 	-1.34728 	-9.2135e-07 	
3.39	0.332567 	-0.174772 	0.536299 	7.70953e-07 	-1.34728 	-9.33221e-07 	
3.395	0.332646 	-0.174792 	0.536276 	7.16764e-07 	-1.34863 	-8.87885e-07 	
3.4	0.332651 	-0.174813 	0.536239 	7.2944e-07 	-1.34863 	-8.99911e-07 	
3.405	0.332655 	-0.174834 	0.536202 	7.42144e-07 	-1.34863 	-9.11964e-07 	
