0	0.0496686 	0.0204842 	-2.01201 	0.262992 	0.539842 	-0.00748196 	
0.005	0.0496686 	0.0204842 	-2.01201 	0.262992 	0.539842 	-0.00748196 	
0.01	0.0496686 	0.02048 	-2.012 	0.262992 	0.539843 	-0.00748171 	
0.015	0.0496686 	0.0204744 	-2.012 	0.262992 	0.539844 	-0.00748137 	
0.02	0.0496686 	0.0204665 	-2.01199 	0.262993 	0.539846 	-0.0074809 	
0.025	0.0496687 	0.0204563 	-2.01199 	0.262993 	0.539848 	-0.00748029 	
0.03	0.0496688 	0.0204438 	-2.01198 	0.262993 	0.539851 	-0.00747954 	
0.035	0.0496688 	0.020429 	-2.01196 	0.262994 	0.539854 	-0.00747866 	
0.04	0.0496689 	0.0204119 	-2.01195 	0.262995 	0.539857 	-0.00747764 	
0.045	0.049669 	0.0203925 	-2.01194 	0.262995 	0.539861 	-0.00747648 	
0.05	0.0496691 	0.0203707 	-2.01192 	0.262996 	0.539866 	-0.00747518 	
0.055	0.0496692 	0.0203466 	-2.0119 	0.262997 	0.539871 	-0.00747374 	
0.06	0.0496693 	0.0203203 	-2.01188 	0.262997 	0.539876 	-0.00747217 	
0.065	0.0496694 	0.0202916 	-2.01186 	0.262998 	0.539882 	-0.00747046 	
0.07	0.0496696 	0.0202606 	-2.01183 	0.262999 	0.539888 	-0.00746861 	
0.075	0.0496697 	0.0202272 	-2.01181 	0.263001 	0.539895 	-0.00746663 	
0.08	0.0496699 	0.0201916 	-2.01178 	0.263002 	0.539903 	-0.0074645 	
0.085	0.0496701 	0.0201499 	-2.01175 	0.263003 	0.539911 	-0.00746202 	
0.09	0.0496703 	0.0201131 	-2.01172 	0.263004 	0.539919 	-0.00745983 	
0.095	0.0496705 	0.0200667 	-2.01168 	0.263006 	0.539928 	-0.00745708 	
0.1	0.0496707 	0.0200216 	-2.01164 	0.263007 	0.539938 	-0.0074544 	
0.105	0.0496709 	0.0199742 	-2.01161 	0.263009 	0.539947 	-0.00745159 	
0.11	0.0496712 	0.0199246 	-2.01157 	0.26301 	0.539958 	-0.00744864 	
0.115	0.0496714 	0.0198726 	-2.01153 	0.263012 	0.539968 	-0.00744557 	
0.12	0.0496717 	0.0198183 	-2.01148 	0.263014 	0.539979 	-0.00744236 	
0.125	0.049672 	0.0197618 	-2.01144 	0.263016 	0.539991 	-0.00743901 	
0.13	0.0496723 	0.019703 	-2.01139 	0.263018 	0.540003 	-0.00743554 	
0.135	0.0496726 	0.0196419 	-2.01134 	0.26302 	0.540016 	-0.00743193 	
0.14	0.0496729 	0.0195785 	-2.01129 	0.263022 	0.540029 	-0.00742819 	
0.145	0.0496732 	0.0195128 	-2.01124 	0.263024 	0.540042 	-0.00742433 	
0.15	0.0496735 	0.0194448 	-2.01119 	0.263026 	0.540056 	-0.00742033 	
0.155	0.0496739 	0.0193746 	-2.01113 	0.263028 	0.54007 	-0.0074162 	
0.16	0.0496743 	0.0193021 	-2.01108 	0.26303 	0.540085 	-0.00741194 	
0.165	0.0497847 	0.0189995 	-2.0112 	0.263168 	0.541695 	-0.00675404 	
0.17	0.049785 	0.0189225 	-2.01113 	0.26317 	0.541711 	-0.00674952 	
0.175	0.0497855 	0.0188432 	-2.01107 	0.263173 	0.541727 	-0.00674488 	
0.18	0.0497859 	0.0187616 	-2.01101 	0.263175 	0.541744 	-0.0067401 	
0.185	0.0497863 	0.0186778 	-2.01094 	0.263178 	0.541761 	-0.00673521 	
0.19	0.0497868 	0.0185917 	-2.01087 	0.263181 	0.541778 	-0.00673019 	
0.195	0.0497872 	0.0185034 	-2.0108 	0.263184 	0.541796 	-0.00672504 	
0.2	0.0497877 	0.0184129 	-2.01073 	0.263186 	0.541815 	-0.00671977 	
0.205	0.0497882 	0.0183201 	-2.01066 	0.263189 	0.541834 	-0.00671438 	
0.21	0.0497888 	0.018225 	-2.01058 	0.263193 	0.541853 	-0.00670887 	
0.215	0.0497893 	0.0181278 	-2.01051 	0.263196 	0.541873 	-0.00670324 	
0.22	0.0497898 	0.0180283 	-2.01043 	0.263199 	0.541893 	-0.00669749 	
0.225	0.0497904 	0.0179265 	-2.01035 	0.263202 	0.541914 	-0.00669161 	
0.23	0.0499062 	0.0175862 	-2.01045 	0.263352 	0.543588 	-0.00600606 	
0.235	0.0499067 	0.01748 	-2.01036 	0.263355 	0.543609 	-0.00599994 	
0.24	0.0499074 	0.0173716 	-2.01028 	0.263359 	0.543631 	-0.00599371 	
0.245	0.049908 	0.017261 	-2.01019 	0.263362 	0.543654 	-0.00598736 	
0.25	0.0499087 	0.0171483 	-2.0101 	0.263366 	0.543676 	-0.00598089 	
0.255	0.0499093 	0.0170333 	-2.01001 	0.26337 	0.5437 	-0.00597432 	
0.26	0.04991 	0.0169161 	-2.00992 	0.263373 	0.543723 	-0.00596763 	
0.265	0.0499108 	0.0167967 	-2.00982 	0.263377 	0.543747 	-0.00596083 	
0.27	0.0499115 	0.0166752 	-2.00973 	0.263381 	0.543772 	-0.00595392 	
0.275	0.0499123 	0.0165515 	-2.00963 	0.263385 	0.543797 	-0.0059469 	
0.28	0.0500283 	0.0161909 	-2.00971 	0.263541 	0.54546 	-0.005264 	
0.285	0.0500291 	0.0160628 	-2.00961 	0.263545 	0.545486 	-0.00525676 	
0.29	0.0500299 	0.0159326 	-2.0095 	0.263549 	0.545512 	-0.0052494 	
0.295	0.0500307 	0.0158002 	-2.0094 	0.263553 	0.545539 	-0.00524194 	
0.3	0.0500316 	0.0156657 	-2.00929 	0.263557 	0.545566 	-0.00523437 	
0.305	0.0500325 	0.015529 	-2.00918 	0.263562 	0.545593 	-0.00522671 	
0.31	0.0500334 	0.0153902 	-2.00907 	0.263566 	0.545621 	-0.00521894 	
0.315	0.0500343 	0.0152492 	-2.00896 	0.263571 	0.545649 	-0.00521107 	
0.32	0.0501447 	0.0148852 	-2.00902 	0.263724 	0.547219 	-0.00456549 	
0.325	0.0501457 	0.0147399 	-2.0089 	0.263728 	0.547248 	-0.00455741 	
0.33	0.0501467 	0.0145926 	-2.00878 	0.263733 	0.547277 	-0.00454923 	
0.335	0.0501477 	0.0144432 	-2.00867 	0.263738 	0.547307 	-0.00454096 	
0.34	0.0501487 	0.0142916 	-2.00854 	0.263743 	0.547337 	-0.00453259 	
0.345	0.0501498 	0.014138 	-2.00842 	0.263747 	0.547367 	-0.00452413 	
0.35	0.0501509 	0.0139823 	-2.0083 	0.263752 	0.547398 	-0.00451557 	
0.355	0.050152 	0.0138244 	-2.00817 	0.263757 	0.54743 	-0.00450693 	
0.36	0.0502754 	0.0134199 	-2.00823 	0.263934 	0.549165 	-0.0037909 	
0.365	0.0502765 	0.0132579 	-2.0081 	0.263939 	0.549197 	-0.00378206 	
0.37	0.0502777 	0.0130938 	-2.00797 	0.263944 	0.54923 	-0.00377313 	
0.375	0.050279 	0.0129278 	-2.00784 	0.263949 	0.549262 	-0.00376412 	
0.38	0.0502802 	0.0127596 	-2.0077 	0.263954 	0.549295 	-0.00375502 	
0.385	0.0502815 	0.0125895 	-2.00757 	0.26396 	0.549329 	-0.00374584 	
0.39	0.0502828 	0.0124172 	-2.00743 	0.263965 	0.549363 	-0.00373658 	
0.395	0.0504048 	0.0120036 	-2.00747 	0.264145 	0.551062 	-0.0030337 	
0.4	0.0504061 	0.0118273 	-2.00733 	0.26415 	0.551097 	-0.00302426 	
0.405	0.0504075 	0.011649 	-2.00719 	0.264156 	0.551132 	-0.00301474 	
0.41	0.050409 	0.0114687 	-2.00704 	0.264161 	0.551167 	-0.00300514 	
0.415	0.0504104 	0.0112864 	-2.0069 	0.264167 	0.551202 	-0.00299548 	
0.42	0.0504119 	0.0111021 	-2.00675 	0.264173 	0.551238 	-0.00298574 	
0.425	0.0505267 	0.010693 	-2.00677 	0.264347 	0.552823 	-0.00232892 	
0.43	0.0505282 	0.0105047 	-2.00662 	0.264353 	0.55286 	-0.00231902 	
0.435	0.0505298 	0.0103145 	-2.00647 	0.264359 	0.552896 	-0.00230904 	
0.44	0.0505314 	0.0101223 	-2.00631 	0.264364 	0.552934 	-0.00229901 	
0.445	0.0505331 	0.00992819 	-2.00616 	0.26437 	0.552971 	-0.0022889 	
0.45	0.0505348 	0.00973212 	-2.006 	0.264377 	0.553009 	-0.00227873 	
0.455	0.0506566 	0.00929952 	-2.00602 	0.264566 	0.554675 	-0.00158631 	
0.46	0.0506583 	0.00909956 	-2.00585 	0.264572 	0.554713 	-0.00157599 	
0.465	0.0506601 	0.00889771 	-2.00569 	0.264578 	0.554752 	-0.00156562 	
0.47	0.050662 	0.00869395 	-2.00553 	0.264584 	0.554791 	-0.00155519 	
0.475	0.0506638 	0.00848829 	-2.00536 	0.264591 	0.554831 	-0.0015447 	
0.48	0.0506657 	0.00828073 	-2.0052 	0.264597 	0.55487 	-0.00153415 	
0.485	0.0507961 	0.00782245 	-2.00521 	0.264805 	0.556634 	-0.00079843 	
0.49	0.0507981 	0.0076111 	-2.00504 	0.264811 	0.556675 	-0.000787755 	
0.495	0.0508001 	0.00739791 	-2.00487 	0.264818 	0.556715 	-0.00077703 	
0.5	0.0508021 	0.00718286 	-2.0047 	0.264824 	0.556756 	-0.000766256 	
0.505	0.0508042 	0.00696597 	-2.00452 	0.264831 	0.556797 	-0.000755434 	
0.51	0.0509222 	0.00652477 	-2.00451 	0.265023 	0.558378 	-9.47972e-05 	
0.515	0.0509243 	0.00630417 	-2.00433 	0.26503 	0.55842 	-8.38629e-05 	
0.52	0.0509265 	0.00608178 	-2.00415 	0.265037 	0.558462 	-7.28854e-05 	
0.525	0.0509288 	0.00585757 	-2.00397 	0.265044 	0.558504 	-6.18671e-05 	
0.53	0.0509311 	0.00563156 	-2.00379 	0.26505 	0.558547 	-5.08097e-05 	
0.535	0.0510533 	0.00517523 	-2.00377 	0.265254 	0.560169 	0.000629089 	
0.54	0.0510557 	0.00494561 	-2.00359 	0.265261 	0.560212 	0.000640245 	
0.545	0.0510581 	0.00471425 	-2.0034 	0.265268 	0.560255 	0.000651436 	
0.55	0.0510605 	0.00448112 	-2.00321 	0.265275 	0.560299 	0.00066266 	
0.555	0.051063 	0.00424623 	-2.00302 	0.265282 	0.560343 	0.000673914 	
0.56	0.0511913 	0.00377196 	-2.003 	0.265501 	0.562027 	0.00138222 	
0.565	0.0511938 	0.00353356 	-2.00281 	0.265508 	0.562072 	0.00139355 	
0.57	0.0511965 	0.00329346 	-2.00261 	0.265515 	0.562116 	0.00140492 	
0.575	0.0511991 	0.00305165 	-2.00242 	0.265522 	0.562161 	0.00141631 	
0.58	0.0512019 	0.00280813 	-2.00222 	0.265529 	0.562206 	0.00142772 	
0.585	0.0513363 	0.00231604 	-2.0022 	0.265763 	0.563953 	0.00216495 	
0.59	0.0513391 	0.00206911 	-2.002 	0.26577 	0.563999 	0.00217643 	
0.595	0.0513419 	0.00182053 	-2.00179 	0.265777 	0.564044 	0.00218793 	
0.6	0.0513448 	0.00157029 	-2.00159 	0.265785 	0.56409 	0.00219945 	
0.605	0.0513478 	0.00131839 	-2.00139 	0.265792 	0.564136 	0.00221098 	
0.61	0.0514885 	0.000808947 	-2.00136 	0.266042 	0.565945 	0.00297675 	
0.615	0.0514915 	0.000553737 	-2.00115 	0.266049 	0.565991 	0.00298834 	
0.62	0.0514946 	0.000296937 	-2.00094 	0.266057 	0.566038 	0.00299993 	
0.625	0.0514977 	3.8526e-05 	-2.00073 	0.266064 	0.566085 	0.00301154 	
0.63	0.0515009 	-0.000221485 	-2.00052 	0.266072 	0.566132 	0.00302315 	
0.635	0.0516478 	-0.000747796 	-2.0005 	0.266338 	0.568 	0.003817 	
0.64	0.0516511 	-0.00101102 	-2.00028 	0.266345 	0.568047 	0.00382865 	
0.645	0.0516545 	-0.00127577 	-2.00006 	0.266353 	0.568094 	0.0038403 	
0.65	0.0516579 	-0.00154208 	-1.99985 	0.266361 	0.568142 	0.00385195 	
0.655	0.0517836 	-0.00203323 	-1.99978 	0.266593 	0.569724 	0.00452527 	
0.66	0.051787 	-0.00230266 	-1.99956 	0.266601 	0.569772 	0.00453694 	
0.665	0.0517906 	-0.00257358 	-1.99934 	0.266609 	0.56982 	0.00454861 	
0.67	0.0517942 	-0.00284601 	-1.99912 	0.266616 	0.569869 	0.00456028 	
0.675	0.0519214 	-0.00334389 	-1.99905 	0.266855 	0.571454 	0.00523699 	
0.68	0.0519251 	-0.00361935 	-1.99883 	0.266863 	0.571503 	0.00524866 	
0.685	0.0519288 	-0.00389625 	-1.9986 	0.266871 	0.571552 	0.00526032 	
0.69	0.0519326 	-0.00417463 	-1.99837 	0.266879 	0.571601 	0.00527197 	
0.695	0.0520636 	-0.00468314 	-1.9983 	0.267128 	0.573218 	0.00596434 	
0.7	0.0520676 	-0.00496444 	-1.99807 	0.267136 	0.573267 	0.00597599 	
0.705	0.0520715 	-0.00524715 	-1.99783 	0.267144 	0.573316 	0.00598762 	
0.71	0.0520756 	-0.00553128 	-1.9976 	0.267152 	0.573366 	0.00599922 	
0.715	0.0522106 	-0.00605052 	-1.99753 	0.267413 	0.575016 	0.00670824 	
0.72	0.0522147 	-0.00633749 	-1.99729 	0.267421 	0.575065 	0.00671983 	
0.725	0.0522189 	-0.00662581 	-1.99705 	0.267429 	0.575115 	0.0067314 	
0.73	0.0522232 	-0.00691551 	-1.99681 	0.267437 	0.575165 	0.00674294 	
0.735	0.0523623 	-0.00744518 	-1.99674 	0.26771 	0.576848 	0.00746842 	
0.74	0.0523666 	-0.00773761 	-1.99649 	0.267719 	0.576898 	0.00747994 	
0.745	0.052371 	-0.00803136 	-1.99625 	0.267727 	0.576948 	0.00749142 	
0.75	0.0523755 	-0.00832643 	-1.99601 	0.267735 	0.576998 	0.00750287 	
0.755	0.0525187 	-0.0088662 	-1.99593 	0.26802 	0.578712 	0.00824452 	
0.76	0.0525232 	-0.00916391 	-1.99568 	0.268028 	0.578763 	0.00825593 	
0.765	0.0525279 	-0.00946289 	-1.99543 	0.268036 	0.578813 	0.0082673 	
0.77	0.0525326 	-0.00976314 	-1.99519 	0.268045 	0.578864 	0.00827864 	
0.775	0.0526798 	-0.0103127 	-1.9951 	0.268342 	0.580608 	0.00903612 	
0.78	0.0526846 	-0.0106155 	-1.99485 	0.268351 	0.580658 	0.00904741 	
0.785	0.0526895 	-0.0109195 	-1.9946 	0.268359 	0.580709 	0.00905865 	
0.79	0.0526945 	-0.0112247 	-1.99434 	0.268367 	0.58076 	0.00906985 	
0.795	0.0528457 	-0.0117836 	-1.99426 	0.268677 	0.582533 	0.00984284 	
0.8	0.0528508 	-0.0120913 	-1.994 	0.268686 	0.582584 	0.00985397 	
0.805	0.0528559 	-0.0124001 	-1.99375 	0.268694 	0.582635 	0.00986506 	
0.81	0.0528611 	-0.0127101 	-1.99349 	0.268702 	0.582686 	0.00987609 	
0.815	0.0530163 	-0.013278 	-1.9934 	0.269025 	0.584486 	0.0106642 	
0.82	0.0530216 	-0.0135904 	-1.99314 	0.269034 	0.584537 	0.0106752 	
0.825	0.053027 	-0.0139039 	-1.99288 	0.269042 	0.584589 	0.0106861 	
0.83	0.0530324 	-0.0142184 	-1.99261 	0.26905 	0.58464 	0.010697 	
0.835	0.0531917 	-0.014795 	-1.99252 	0.269386 	0.586466 	0.0114999 	
0.84	0.0531972 	-0.0151119 	-1.99226 	0.269395 	0.586518 	0.0115107 	
0.845	0.0532029 	-0.0154297 	-1.99199 	0.269403 	0.586569 	0.0115214 	
0.85	0.0532085 	-0.0157487 	-1.99172 	0.269411 	0.586621 	0.011532 	
0.855	0.0533718 	-0.0163336 	-1.99163 	0.269761 	0.588472 	0.0123494 	
0.86	0.0533776 	-0.0166547 	-1.99136 	0.269769 	0.588524 	0.01236 	
0.865	0.0533834 	-0.0169768 	-1.99109 	0.269777 	0.588575 	0.0123705 	
0.87	0.0533894 	-0.0172999 	-1.99082 	0.269786 	0.588627 	0.0123809 	
0.875	0.0535566 	-0.0178926 	-1.99072 	0.270148 	0.590502 	0.0132124 	
0.88	0.0535626 	-0.0182178 	-1.99045 	0.270157 	0.590553 	0.0132227 	
0.885	0.0535687 	-0.0185439 	-1.99017 	0.270165 	0.590605 	0.0132329 	
0.89	0.0535749 	-0.0188709 	-1.9899 	0.270173 	0.590656 	0.0132431 	
0.895	0.053746 	-0.0194712 	-1.9898 	0.270549 	0.592554 	0.0140882 	
0.9	0.0537523 	-0.0198002 	-1.98952 	0.270557 	0.592605 	0.0140983 	
0.905	0.0537587 	-0.02013 	-1.98924 	0.270566 	0.592657 	0.0141082 	
0.91	0.0537651 	-0.0204608 	-1.98896 	0.270574 	0.592708 	0.0141181 	
0.915	0.0539401 	-0.0210682 	-1.98886 	0.270964 	0.594627 	0.0149766 	
0.92	0.0539466 	-0.0214008 	-1.98858 	0.270972 	0.594678 	0.0149863 	
0.925	0.0539533 	-0.0217343 	-1.98829 	0.27098 	0.59473 	0.014996 	
0.93	0.05396 	-0.0220686 	-1.98801 	0.270988 	0.594781 	0.0150056 	
0.935	0.0541388 	-0.0226827 	-1.9879 	0.271392 	0.59672 	0.015877 	
0.94	0.0541456 	-0.0230187 	-1.98762 	0.2714 	0.596771 	0.0158864 	
0.945	0.0541525 	-0.0233555 	-1.98733 	0.271408 	0.596822 	0.0158958 	
0.95	0.0541594 	-0.0236931 	-1.98705 	0.271416 	0.596873 	0.0159051 	
0.955	0.0543421 	-0.0243135 	-1.98694 	0.271833 	0.598831 	0.0167889 	
0.96	0.0543491 	-0.0246527 	-1.98665 	0.271841 	0.598881 	0.016798 	
0.965	0.0543563 	-0.0249926 	-1.98636 	0.27185 	0.598932 	0.0168071 	
0.97	0.0543635 	-0.0253333 	-1.98607 	0.271858 	0.598983 	0.016816 	
0.975	0.0545498 	-0.0259596 	-1.98596 	0.272288 	0.600958 	0.0177119 	
0.98	0.0545571 	-0.0263017 	-1.98566 	0.272297 	0.601008 	0.0177207 	
0.985	0.0545645 	-0.0266446 	-1.98537 	0.272305 	0.601059 	0.0177294 	
0.99	0.0547132 	-0.0272107 	-1.98522 	0.27265 	0.602611 	0.0184338 	
0.995	0.0547207 	-0.0275549 	-1.98492 	0.272658 	0.602662 	0.0184423 	
1	0.0547283 	-0.0278998 	-1.98463 	0.272666 	0.602712 	0.0184507 	
1.005	0.0547359 	-0.0282453 	-1.98433 	0.272674 	0.602762 	0.0184591 	
1.01	0.0549246 	-0.0288745 	-1.98421 	0.273119 	0.60472 	0.0193546 	
1.015	0.0549323 	-0.0292213 	-1.98391 	0.273127 	0.60477 	0.0193628 	
1.02	0.0549402 	-0.0295687 	-1.98361 	0.273135 	0.60482 	0.0193709 	
1.025	0.0550934 	-0.030142 	-1.98345 	0.273498 	0.606387 	0.020088 	
1.03	0.0551013 	-0.0304905 	-1.98315 	0.273506 	0.606437 	0.0200959 	
1.035	0.0551094 	-0.0308396 	-1.98285 	0.273514 	0.606487 	0.0201037 	
1.04	0.0551175 	-0.0311893 	-1.98255 	0.273521 	0.606536 	0.0201113 	
1.045	0.0553121 	-0.0318264 	-1.98242 	0.27399 	0.608516 	0.0210248 	
1.05	0.0553203 	-0.0321772 	-1.98212 	0.273997 	0.608565 	0.0210323 	
1.055	0.0553286 	-0.0325284 	-1.98182 	0.274005 	0.608614 	0.0210397 	
1.06	0.0554866 	-0.0331083 	-1.98165 	0.274387 	0.610197 	0.0217705 	
1.065	0.055495 	-0.0334605 	-1.98135 	0.274394 	0.610246 	0.0217777 	
1.07	0.0555035 	-0.0338132 	-1.98105 	0.274402 	0.610295 	0.0217848 	
1.075	0.0556595 	-0.0343895 	-1.98087 	0.274781 	0.611843 	0.0225018 	
1.08	0.0556681 	-0.0347431 	-1.98057 	0.274789 	0.611891 	0.0225087 	
1.085	0.0556767 	-0.0350971 	-1.98026 	0.274797 	0.611939 	0.0225154 	
1.09	0.0558343 	-0.0356751 	-1.98009 	0.275182 	0.613488 	0.0232357 	
1.095	0.0558431 	-0.0360299 	-1.97978 	0.27519 	0.613536 	0.0232422 	
1.1	0.0558519 	-0.036385 	-1.97947 	0.275197 	0.613584 	0.0232486 	
1.105	0.0560113 	-0.036965 	-1.97929 	0.275591 	0.615137 	0.0239736 	
1.11	0.0560202 	-0.0373209 	-1.97898 	0.275598 	0.615185 	0.0239798 	
1.115	0.0560292 	-0.0376771 	-1.97868 	0.275606 	0.615232 	0.0239859 	
1.12	0.0561904 	-0.0382588 	-1.9785 	0.276006 	0.616789 	0.0247155 	
1.125	0.0561995 	-0.0386157 	-1.97819 	0.276014 	0.616836 	0.0247214 	
1.13	0.0562087 	-0.0389728 	-1.97787 	0.276021 	0.616883 	0.0247272 	
1.135	0.0563718 	-0.0395561 	-1.97769 	0.276429 	0.618442 	0.0254612 	
1.14	0.056381 	-0.0399138 	-1.97738 	0.276436 	0.618489 	0.0254668 	
1.145	0.0563904 	-0.0402718 	-1.97707 	0.276443 	0.618535 	0.0254722 	
1.15	0.0565552 	-0.0408564 	-1.97689 	0.276859 	0.620098 	0.0262105 	
1.155	0.0565646 	-0.0412148 	-1.97657 	0.276866 	0.620144 	0.0262157 	
1.16	0.0565742 	-0.0415734 	-1.97626 	0.276873 	0.62019 	0.0262208 	
1.165	0.0567406 	-0.0421592 	-1.97607 	0.277296 	0.621754 	0.0269632 	
1.17	0.0567503 	-0.0425182 	-1.97576 	0.277303 	0.621799 	0.026968 	
1.175	0.05676 	-0.0428774 	-1.97545 	0.27731 	0.621845 	0.0269728 	
1.18	0.0569281 	-0.0434641 	-1.97526 	0.27774 	0.62341 	0.0277189 	
1.185	0.0569379 	-0.0438236 	-1.97494 	0.277747 	0.623455 	0.0277234 	
1.19	0.0569477 	-0.0441831 	-1.97463 	0.277753 	0.6235 	0.0277278 	
1.195	0.0571175 	-0.0447706 	-1.97444 	0.27819 	0.625066 	0.0284774 	
1.2	0.0571274 	-0.0451304 	-1.97412 	0.278197 	0.625111 	0.0284816 	
1.205	0.0571375 	-0.0454902 	-1.97381 	0.278204 	0.625155 	0.0284856 	
1.21	0.0573087 	-0.0460781 	-1.97361 	0.278648 	0.626722 	0.0292386 	
1.215	0.0573189 	-0.0464381 	-1.9733 	0.278654 	0.626766 	0.0292424 	
1.22	0.057329 	-0.0467981 	-1.97298 	0.278661 	0.626809 	0.0292461 	
1.225	0.0575018 	-0.0473863 	-1.97279 	0.279111 	0.628375 	0.0300021 	
1.23	0.0575121 	-0.0477464 	-1.97247 	0.279118 	0.628419 	0.0300055 	
1.235	0.0575224 	-0.0481064 	-1.97215 	0.279124 	0.628462 	0.0300088 	
1.24	0.0576967 	-0.0486946 	-1.97196 	0.279581 	0.630027 	0.0307677 	
1.245	0.0577071 	-0.0490546 	-1.97164 	0.279588 	0.630069 	0.0307708 	
1.25	0.0577176 	-0.0494145 	-1.97132 	0.279594 	0.630112 	0.0307737 	
1.255	0.0578932 	-0.0500027 	-1.97112 	0.280058 	0.631675 	0.0315351 	
1.26	0.0579038 	-0.0503624 	-1.97081 	0.280064 	0.631717 	0.0315379 	
1.265	0.0579144 	-0.0507221 	-1.97049 	0.28007 	0.631759 	0.0315405 	
1.27	0.0580913 	-0.0513099 	-1.97029 	0.28054 	0.63332 	0.0323042 	
1.275	0.058102 	-0.0516693 	-1.96997 	0.280546 	0.633362 	0.0323066 	
1.28	0.0581128 	-0.0520286 	-1.96965 	0.280552 	0.633403 	0.0323088 	
1.285	0.058291 	-0.0526158 	-1.96945 	0.281029 	0.634961 	0.0330746 	
1.29	0.0583019 	-0.0529748 	-1.96913 	0.281035 	0.635002 	0.0330766 	
1.295	0.0583128 	-0.0533336 	-1.96881 	0.281041 	0.635043 	0.0330784 	
1.3	0.0584922 	-0.05392 	-1.96861 	0.281523 	0.636598 	0.033846 	
1.305	0.0585032 	-0.0542784 	-1.96829 	0.281529 	0.636638 	0.0338477 	
1.31	0.0585142 	-0.0546366 	-1.96797 	0.281534 	0.636678 	0.0338492 	
1.315	0.0586947 	-0.055222 	-1.96777 	0.282023 	0.638229 	0.0346183 	
1.32	0.0587058 	-0.0555797 	-1.96745 	0.282028 	0.638269 	0.0346196 	
1.325	0.058717 	-0.0559372 	-1.96713 	0.282034 	0.638308 	0.0346207 	
1.33	0.0588986 	-0.0565213 	-1.96693 	0.282528 	0.639855 	0.0353911 	
1.335	0.0589098 	-0.0568782 	-1.96661 	0.282533 	0.639893 	0.035392 	
1.34	0.0589211 	-0.0572348 	-1.96629 	0.282539 	0.639932 	0.0353928 	
1.345	0.0591037 	-0.0578175 	-1.96609 	0.283038 	0.641474 	0.0361642 	
1.35	0.0591151 	-0.0581734 	-1.96577 	0.283043 	0.641512 	0.0361648 	
1.355	0.0591265 	-0.058529 	-1.96545 	0.283048 	0.641549 	0.0361652 	
1.36	0.05931 	-0.05911 	-1.96524 	0.283553 	0.643086 	0.0369373 	
1.365	0.0593215 	-0.0594649 	-1.96492 	0.283558 	0.643123 	0.0369375 	
1.37	0.059333 	-0.0598193 	-1.96461 	0.283563 	0.64316 	0.0369376 	
1.375	0.0595174 	-0.0603985 	-1.9644 	0.284073 	0.64469 	0.0377102 	
1.38	0.0595289 	-0.0607522 	-1.96408 	0.284078 	0.644727 	0.03771 	
1.385	0.0595405 	-0.0611054 	-1.96376 	0.284083 	0.644763 	0.0377097 	
1.39	0.0597257 	-0.0616825 	-1.96356 	0.284597 	0.646287 	0.0384825 	
1.395	0.0597373 	-0.0620348 	-1.96324 	0.284602 	0.646322 	0.038482 	
1.4	0.059749 	-0.0623866 	-1.96292 	0.284607 	0.646358 	0.0384813 	
1.405	0.0599349 	-0.0629614 	-1.96271 	0.285126 	0.647874 	0.039254 	
1.41	0.0599467 	-0.0633123 	-1.96239 	0.285131 	0.647909 	0.0392532 	
1.415	0.0599585 	-0.0636627 	-1.96208 	0.285135 	0.647944 	0.0392521 	
1.42	0.060145 	-0.064235 	-1.96187 	0.285659 	0.649453 	0.0400245 	
1.425	0.0601568 	-0.0645843 	-1.96155 	0.285663 	0.649487 	0.0400232 	
1.43	0.0601687 	-0.064933 	-1.96124 	0.285667 	0.649521 	0.0400219 	
1.435	0.0603557 	-0.0655026 	-1.96103 	0.286195 	0.651022 	0.0407936 	
1.44	0.0603676 	-0.0658502 	-1.96071 	0.286199 	0.651055 	0.040792 	
1.445	0.0603796 	-0.0661972 	-1.9604 	0.286204 	0.651089 	0.0407903 	
1.45	0.0605671 	-0.066764 	-1.96019 	0.286735 	0.65258 	0.041561 	
1.455	0.0605791 	-0.0671097 	-1.95987 	0.286739 	0.652613 	0.0415591 	
1.46	0.0605911 	-0.0674549 	-1.95956 	0.286743 	0.652646 	0.0415571 	
1.465	0.060779 	-0.0680185 	-1.95935 	0.287278 	0.654128 	0.0423265 	
1.47	0.060791 	-0.0683623 	-1.95903 	0.287282 	0.65416 	0.0423243 	
1.475	0.0608031 	-0.0687055 	-1.95872 	0.287286 	0.654192 	0.0423219 	
1.48	0.0609913 	-0.0692658 	-1.95851 	0.287824 	0.655664 	0.0430898 	
1.485	0.0610034 	-0.0696076 	-1.9582 	0.287828 	0.655695 	0.0430873 	
1.49	0.0610156 	-0.0699487 	-1.95789 	0.287832 	0.655726 	0.0430846 	
1.495	0.061204 	-0.0705055 	-1.95768 	0.288373 	0.657188 	0.0438507 	
1.5	0.0612161 	-0.0708451 	-1.95736 	0.288377 	0.657219 	0.0438478 	
1.505	0.0612283 	-0.0711839 	-1.95705 	0.28838 	0.657249 	0.0438448 	
1.51	0.0612405 	-0.071522 	-1.95674 	0.288384 	0.65728 	0.0438416 	
1.515	0.0614818 	-0.0721385 	-1.95656 	0.28909 	0.659154 	0.0448346 	
1.52	0.0614941 	-0.0724751 	-1.95625 	0.289093 	0.659184 	0.0448313 	
1.525	0.0615063 	-0.0728108 	-1.95595 	0.289097 	0.659213 	0.0448279 	
1.53	0.0617003 	-0.0733651 	-1.95574 	0.289661 	0.660692 	0.045612 	
1.535	0.0617125 	-0.0736992 	-1.95543 	0.289664 	0.660721 	0.0456084 	
1.54	0.0617248 	-0.0740324 	-1.95512 	0.289667 	0.660749 	0.0456047 	
1.545	0.0617371 	-0.0743648 	-1.95482 	0.28967 	0.660778 	0.0456008 	
1.55	0.0619788 	-0.0749713 	-1.95464 	0.290385 	0.662622 	0.0465883 	
1.555	0.0619911 	-0.075302 	-1.95433 	0.290388 	0.66265 	0.0465843 	
1.56	0.0620034 	-0.0756317 	-1.95403 	0.290391 	0.662677 	0.0465802 	
1.565	0.062197 	-0.076176 	-1.95382 	0.290959 	0.664127 	0.0473572 	
1.57	0.0622093 	-0.0765039 	-1.95352 	0.290962 	0.664154 	0.0473529 	
1.575	0.0622216 	-0.0768309 	-1.95321 	0.290965 	0.664181 	0.0473486 	
1.58	0.062234 	-0.0771569 	-1.95291 	0.290968 	0.664208 	0.0473441 	
1.585	0.0624749 	-0.0777517 	-1.95273 	0.291687 	0.666013 	0.0483214 	
1.59	0.0624873 	-0.0780758 	-1.95243 	0.29169 	0.666039 	0.0483167 	
1.595	0.0624996 	-0.078399 	-1.95213 	0.291692 	0.666065 	0.048312 	
1.6	0.0625119 	-0.0787211 	-1.95183 	0.291695 	0.666091 	0.0483071 	
1.605	0.062757 	-0.0793142 	-1.95165 	0.292431 	0.66791 	0.0492986 	
1.61	0.0627693 	-0.0796344 	-1.95136 	0.292433 	0.667935 	0.0492936 	
1.615	0.0627816 	-0.0799535 	-1.95106 	0.292436 	0.66796 	0.0492885 	
1.62	0.0627939 	-0.0802716 	-1.95076 	0.292438 	0.667985 	0.0492833 	
1.625	0.0630386 	-0.0808576 	-1.95058 	0.293177 	0.669783 	0.0502693 	
1.63	0.0630509 	-0.0811736 	-1.95029 	0.293179 	0.669807 	0.050264 	
1.635	0.0630632 	-0.0814884 	-1.95 	0.293181 	0.669831 	0.0502586 	
1.64	0.0630754 	-0.0818022 	-1.94971 	0.293183 	0.669855 	0.0502531 	
1.645	0.063319 	-0.0823803 	-1.94953 	0.293922 	0.671627 	0.0512309 	
1.65	0.0633312 	-0.0826919 	-1.94924 	0.293924 	0.67165 	0.0512253 	
1.655	0.0633435 	-0.0830023 	-1.94895 	0.293926 	0.671673 	0.0512195 	
1.66	0.0633557 	-0.0833116 	-1.94866 	0.293928 	0.671696 	0.0512137 	
1.665	0.0635978 	-0.0838813 	-1.94848 	0.294667 	0.673441 	0.0521825 	
1.67	0.06361 	-0.0841883 	-1.94819 	0.294668 	0.673463 	0.0521765 	
1.675	0.0636222 	-0.0844942 	-1.9479 	0.29467 	0.673485 	0.0521705 	
1.68	0.0636344 	-0.0847989 	-1.94762 	0.294672 	0.673507 	0.0521644 	
1.685	0.0638749 	-0.0853597 	-1.94744 	0.295409 	0.675224 	0.0531233 	
1.69	0.063887 	-0.085662 	-1.94716 	0.29541 	0.675246 	0.053117 	
1.695	0.0638992 	-0.0859631 	-1.94688 	0.295412 	0.675267 	0.0531107 	
1.7	0.0639113 	-0.0862629 	-1.9466 	0.295413 	0.675288 	0.0531044 	
1.705	0.0641499 	-0.0868147 	-1.94642 	0.296148 	0.676976 	0.0540526 	
1.71	0.064162 	-0.0871121 	-1.94614 	0.296149 	0.676996 	0.0540461 	
1.715	0.0641741 	-0.0874082 	-1.94586 	0.29615 	0.677017 	0.0540396 	
1.72	0.0641861 	-0.0877031 	-1.94558 	0.296151 	0.677037 	0.054033 	
1.725	0.0644226 	-0.0882454 	-1.94541 	0.296883 	0.678695 	0.0549699 	
1.73	0.0644346 	-0.0885377 	-1.94513 	0.296884 	0.678714 	0.0549632 	
1.735	0.0644466 	-0.0888287 	-1.94486 	0.296885 	0.678733 	0.0549564 	
1.74	0.0644585 	-0.0891183 	-1.94458 	0.296886 	0.678753 	0.0549496 	
1.745	0.0646927 	-0.089651 	-1.94441 	0.297613 	0.68038 	0.0558744 	
1.75	0.0647046 	-0.089938 	-1.94414 	0.297614 	0.680398 	0.0558674 	
1.755	0.0647165 	-0.0902236 	-1.94387 	0.297615 	0.680417 	0.0558604 	
1.76	0.0647283 	-0.0905079 	-1.9436 	0.297616 	0.680435 	0.0558534 	
1.765	0.06496 	-0.0910305 	-1.94343 	0.298338 	0.68203 	0.0567653 	
1.77	0.0649717 	-0.0913121 	-1.94316 	0.298339 	0.682048 	0.0567582 	
1.775	0.0649835 	-0.0915922 	-1.9429 	0.29834 	0.682066 	0.056751 	
1.78	0.0649952 	-0.091871 	-1.94263 	0.298341 	0.682083 	0.0567438 	
1.785	0.0652241 	-0.0923832 	-1.94246 	0.299057 	0.683646 	0.0576422 	
1.79	0.0652357 	-0.0926592 	-1.9422 	0.299058 	0.683663 	0.0576349 	
1.795	0.0652473 	-0.0929337 	-1.94194 	0.299058 	0.683679 	0.0576275 	
1.8	0.0652589 	-0.0932068 	-1.94168 	0.299059 	0.683696 	0.0576201 	
1.805	0.0654848 	-0.0937084 	-1.94151 	0.299769 	0.685225 	0.0585042 	
1.81	0.0654963 	-0.0939785 	-1.94125 	0.299769 	0.685241 	0.0584967 	
1.815	0.0655077 	-0.0942472 	-1.941 	0.29977 	0.685257 	0.0584893 	
1.82	0.0655192 	-0.0945145 	-1.94075 	0.29977 	0.685273 	0.0584817 	
1.825	0.0657418 	-0.0950051 	-1.94058 	0.300472 	0.686768 	0.0593507 	
1.83	0.0657531 	-0.0952693 	-1.94033 	0.300473 	0.686783 	0.0593431 	
1.835	0.0657644 	-0.0955321 	-1.94008 	0.300473 	0.686798 	0.0593355 	
1.84	0.0657757 	-0.0957933 	-1.93983 	0.300473 	0.686813 	0.0593279 	
1.845	0.0659948 	-0.0962727 	-1.93966 	0.301167 	0.688273 	0.0601811 	
1.85	0.066006 	-0.0965309 	-1.93942 	0.301167 	0.688287 	0.0601734 	
1.855	0.0660171 	-0.0967875 	-1.93917 	0.301167 	0.688302 	0.0601657 	
1.86	0.0660282 	-0.0970425 	-1.93893 	0.301167 	0.688316 	0.060158 	
1.865	0.0662437 	-0.0975104 	-1.93876 	0.301852 	0.68974 	0.0609947 	
1.87	0.0662546 	-0.0977623 	-1.93852 	0.301852 	0.689754 	0.060987 	
1.875	0.0662656 	-0.0980127 	-1.93828 	0.301852 	0.689767 	0.0609792 	
1.88	0.0662765 	-0.0982614 	-1.93805 	0.301852 	0.689781 	0.0609714 	
1.885	0.066488 	-0.0987175 	-1.93789 	0.302526 	0.691168 	0.0617909 	
1.89	0.0664988 	-0.0989631 	-1.93765 	0.302526 	0.691181 	0.0617831 	
1.895	0.0665095 	-0.099207 	-1.93742 	0.302526 	0.691194 	0.0617753 	
1.9	0.0665202 	-0.0994493 	-1.93719 	0.302525 	0.691207 	0.0617674 	
1.905	0.0665309 	-0.09969 	-1.93696 	0.302525 	0.691219 	0.0617596 	
1.91	0.0667817 	-0.100177 	-1.93682 	0.303335 	0.692864 	0.0627398 	
1.915	0.0667922 	-0.100415 	-1.93659 	0.303335 	0.692876 	0.0627319 	
1.92	0.0668027 	-0.10065 	-1.93636 	0.303335 	0.692888 	0.0627241 	
1.925	0.0668131 	-0.100884 	-1.93614 	0.303335 	0.6929 	0.0627162 	
1.93	0.0668235 	-0.101117 	-1.93591 	0.303334 	0.692912 	0.0627084 	
1.935	0.0670722 	-0.101592 	-1.93578 	0.304141 	0.694529 	0.0636786 	
1.94	0.0670824 	-0.101821 	-1.93556 	0.304141 	0.69454 	0.0636707 	
1.945	0.0670926 	-0.102048 	-1.93534 	0.30414 	0.694551 	0.0636629 	
1.95	0.0671027 	-0.102273 	-1.93512 	0.30414 	0.694562 	0.063655 	
1.955	0.0671128 	-0.102497 	-1.93491 	0.304139 	0.694573 	0.0636472 	
1.96	0.0673547 	-0.102955 	-1.93478 	0.304928 	0.696133 	0.0645887 	
1.965	0.0673646 	-0.103175 	-1.93456 	0.304927 	0.696143 	0.0645809 	
1.97	0.0673745 	-0.103394 	-1.93435 	0.304927 	0.696153 	0.0645731 	
1.975	0.0673843 	-0.103611 	-1.93414 	0.304926 	0.696164 	0.0645653 	
1.98	0.0673941 	-0.103826 	-1.93394 	0.304925 	0.696174 	0.0645575 	
1.985	0.0676284 	-0.104266 	-1.93381 	0.305692 	0.697672 	0.0654673 	
1.99	0.067638 	-0.104477 	-1.9336 	0.305691 	0.697681 	0.0654596 	
1.995	0.0676475 	-0.104687 	-1.9334 	0.30569 	0.697691 	0.0654518 	
2	0.067657 	-0.104895 	-1.9332 	0.30569 	0.6977 	0.0654441 	
2.005	0.0676664 	-0.105101 	-1.933 	0.305689 	0.69771 	0.0654364 	
2.01	0.0678927 	-0.105523 	-1.93288 	0.306431 	0.699145 	0.066313 	
2.015	0.067902 	-0.105725 	-1.93268 	0.306431 	0.699154 	0.0663054 	
2.02	0.0679112 	-0.105926 	-1.93249 	0.30643 	0.699163 	0.0662978 	
2.025	0.0679203 	-0.106125 	-1.9323 	0.306429 	0.699172 	0.0662902 	
2.03	0.0679294 	-0.106322 	-1.9321 	0.306428 	0.69918 	0.0662826 	
2.035	0.0681472 	-0.106725 	-1.93198 	0.307145 	0.700551 	0.0671248 	
2.04	0.0681561 	-0.106918 	-1.9318 	0.307145 	0.70056 	0.0671173 	
2.045	0.068165 	-0.10711 	-1.93161 	0.307144 	0.700568 	0.0671099 	
2.05	0.0681737 	-0.107299 	-1.93143 	0.307143 	0.700576 	0.0671024 	
2.055	0.0681824 	-0.107487 	-1.93125 	0.307142 	0.700584 	0.067095 	
2.06	0.0681911 	-0.107673 	-1.93107 	0.307141 	0.700591 	0.0670877 	
2.065	0.0684349 	-0.108089 	-1.93096 	0.307952 	0.702123 	0.0680357 	
2.07	0.0684433 	-0.108271 	-1.93079 	0.307951 	0.702131 	0.0680284 	
2.075	0.0684517 	-0.108452 	-1.93061 	0.30795 	0.702138 	0.0680212 	
2.08	0.06846 	-0.10863 	-1.93044 	0.307949 	0.702145 	0.068014 	
2.085	0.0684683 	-0.108807 	-1.93027 	0.307948 	0.702152 	0.0680068 	
2.09	0.0684765 	-0.108981 	-1.9301 	0.307947 	0.702159 	0.0679997 	
2.095	0.068711 	-0.109375 	-1.93 	0.308731 	0.703622 	0.0689105 	
2.1	0.068719 	-0.109546 	-1.92983 	0.30873 	0.703628 	0.0689034 	
2.105	0.0687269 	-0.109715 	-1.92967 	0.308729 	0.703635 	0.0688965 	
2.11	0.0687347 	-0.109882 	-1.92951 	0.308728 	0.703641 	0.0688896 	
2.115	0.0687425 	-0.110047 	-1.92935 	0.308727 	0.703648 	0.0688827 	
2.12	0.0687501 	-0.11021 	-1.92919 	0.308726 	0.703654 	0.0688759 	
2.125	0.0689713 	-0.110578 	-1.9291 	0.309467 	0.705022 	0.069733 	
2.13	0.0689788 	-0.110737 	-1.92894 	0.309466 	0.705028 	0.0697263 	
2.135	0.0689862 	-0.110894 	-1.92879 	0.309465 	0.705034 	0.0697197 	
2.14	0.0689935 	-0.111049 	-1.92864 	0.309464 	0.70504 	0.0697131 	
2.145	0.0690008 	-0.111202 	-1.92849 	0.309463 	0.705046 	0.0697066 	
2.15	0.0690079 	-0.111353 	-1.92834 	0.309462 	0.705051 	0.0697001 	
2.155	0.069015 	-0.111502 	-1.9282 	0.309461 	0.705057 	0.0696937 	
2.16	0.0692502 	-0.11187 	-1.92812 	0.310255 	0.706507 	0.0706087 	
2.165	0.0692571 	-0.112015 	-1.92798 	0.310254 	0.706512 	0.0706024 	
2.17	0.0692639 	-0.112158 	-1.92784 	0.310253 	0.706517 	0.0705962 	
2.175	0.0692706 	-0.112299 	-1.9277 	0.310252 	0.706523 	0.07059 	
2.18	0.0692772 	-0.112438 	-1.92757 	0.310251 	0.706527 	0.0705839 	
2.185	0.0692837 	-0.112575 	-1.92743 	0.31025 	0.706532 	0.0705779 	
2.19	0.0692902 	-0.11271 	-1.9273 	0.310249 	0.706537 	0.070572 	
2.195	0.0692966 	-0.112843 	-1.92717 	0.310248 	0.706542 	0.0705661 	
2.2	0.0695403 	-0.113201 	-1.92711 	0.311078 	0.708038 	0.0715172 	
2.205	0.0695464 	-0.11333 	-1.92699 	0.311077 	0.708043 	0.0715114 	
2.21	0.0695525 	-0.113457 	-1.92686 	0.311076 	0.708047 	0.0715058 	
2.215	0.0695585 	-0.113582 	-1.92674 	0.311075 	0.708051 	0.0715002 	
2.22	0.0695644 	-0.113705 	-1.92662 	0.311074 	0.708055 	0.0714947 	
2.225	0.0695702 	-0.113826 	-1.9265 	0.311073 	0.708059 	0.0714892 	
2.23	0.0695759 	-0.113945 	-1.92638 	0.311072 	0.708063 	0.0714839 	
2.235	0.0695815 	-0.114061 	-1.92627 	0.311071 	0.708067 	0.0714786 	
2.24	0.0698013 	-0.114379 	-1.92622 	0.311822 	0.709407 	0.0723354 	
2.245	0.0698067 	-0.114492 	-1.92611 	0.311821 	0.709411 	0.0723303 	
2.25	0.069812 	-0.114602 	-1.926 	0.31182 	0.709414 	0.0723253 	
2.255	0.0698172 	-0.114711 	-1.92589 	0.311819 	0.709418 	0.0723203 	
2.26	0.0698224 	-0.114817 	-1.92579 	0.311818 	0.709421 	0.0723154 	
2.265	0.0698274 	-0.114921 	-1.92569 	0.311818 	0.709425 	0.0723106 	
2.27	0.0698323 	-0.115023 	-1.92559 	0.311817 	0.709428 	0.0723059 	
2.275	0.0698372 	-0.115123 	-1.92549 	0.311816 	0.709431 	0.0723013 	
2.28	0.0698419 	-0.115221 	-1.92539 	0.311815 	0.709434 	0.0722968 	
2.285	0.0698465 	-0.115317 	-1.9253 	0.311814 	0.709437 	0.0722923 	
2.29	0.0700753 	-0.115622 	-1.92527 	0.312602 	0.710828 	0.0731885 	
2.295	0.0700798 	-0.115714 	-1.92518 	0.312602 	0.710831 	0.0731842 	
2.3	0.0700841 	-0.115803 	-1.92509 	0.312601 	0.710834 	0.07318 	
2.305	0.0700883 	-0.115891 	-1.92501 	0.3126 	0.710837 	0.0731759 	
2.31	0.0700925 	-0.115976 	-1.92492 	0.312599 	0.710839 	0.0731719 	
2.315	0.0700965 	-0.116059 	-1.92484 	0.312599 	0.710842 	0.073168 	
2.32	0.0701004 	-0.11614 	-1.92476 	0.312598 	0.710844 	0.0731642 	
2.325	0.0701043 	-0.116219 	-1.92468 	0.312597 	0.710847 	0.0731605 	
2.33	0.070108 	-0.116296 	-1.92461 	0.312597 	0.710849 	0.0731568 	
2.335	0.0701116 	-0.11637 	-1.92454 	0.312596 	0.710851 	0.0731533 	
2.34	0.0701152 	-0.116443 	-1.92446 	0.312595 	0.710854 	0.0731499 	
2.345	0.0701186 	-0.116513 	-1.9244 	0.312595 	0.710856 	0.0731465 	
2.35	0.0701219 	-0.116581 	-1.92433 	0.312594 	0.710858 	0.0731433 	
2.355	0.0703504 	-0.116858 	-1.92433 	0.313389 	0.712244 	0.0740433 	
2.36	0.0703535 	-0.116922 	-1.92426 	0.313388 	0.712246 	0.0740402 	
2.365	0.0703566 	-0.116984 	-1.9242 	0.313387 	0.712248 	0.0740373 	
2.37	0.0703595 	-0.117044 	-1.92414 	0.313387 	0.71225 	0.0740344 	
2.375	0.0703623 	-0.117101 	-1.92409 	0.313386 	0.712251 	0.0740317 	
2.38	0.070365 	-0.117156 	-1.92403 	0.313386 	0.712253 	0.074029 	
2.385	0.0703676 	-0.11721 	-1.92398 	0.313385 	0.712255 	0.0740265 	
2.39	0.0703701 	-0.117261 	-1.92393 	0.313385 	0.712256 	0.074024 	
2.395	0.0703724 	-0.117309 	-1.92388 	0.313384 	0.712257 	0.0740217 	
2.4	0.0703747 	-0.117356 	-1.92384 	0.313384 	0.712259 	0.0740194 	
2.405	0.0703769 	-0.117401 	-1.92379 	0.313383 	0.71226 	0.0740172 	
2.41	0.070379 	-0.117443 	-1.92375 	0.313383 	0.712261 	0.0740152 	
2.415	0.070381 	-0.117483 	-1.92371 	0.313383 	0.712262 	0.0740133 	
2.42	0.0703826 	-0.117518 	-1.92368 	0.313382 	0.712263 	0.0740116 	
2.425	0.0703846 	-0.117557 	-1.92364 	0.313382 	0.712264 	0.0740097 	
2.43	0.0703861 	-0.117588 	-1.92361 	0.313382 	0.712265 	0.0740082 	
2.435	0.0703876 	-0.117619 	-1.92358 	0.313381 	0.712266 	0.0740067 	
2.44	0.0703891 	-0.117649 	-1.92355 	0.313381 	0.712267 	0.0740052 	
2.445	0.0703904 	-0.117677 	-1.92352 	0.313381 	0.712268 	0.0740039 	
2.45	0.0703917 	-0.117702 	-1.9235 	0.313381 	0.712269 	0.0740027 	
2.455	0.0703928 	-0.117725 	-1.92347 	0.31338 	0.712269 	0.0740015 	
2.46	0.0703938 	-0.117746 	-1.92345 	0.31338 	0.71227 	0.0740005 	
2.465	0.0703947 	-0.117765 	-1.92343 	0.31338 	0.71227 	0.0739996 	
2.47	0.0703956 	-0.117781 	-1.92342 	0.31338 	0.712271 	0.0739988 	
2.475	0.0703963 	-0.117795 	-1.9234 	0.31338 	0.712271 	0.0739981 	
2.48	0.0703969 	-0.117808 	-1.92339 	0.31338 	0.712272 	0.0739975 	
2.485	0.0703974 	-0.117818 	-1.92338 	0.31338 	0.712272 	0.073997 	
2.49	0.0703977 	-0.117826 	-1.92337 	0.313379 	0.712272 	0.0739966 	
2.495	0.070398 	-0.117831 	-1.92337 	0.313379 	0.712272 	0.0739964 	
2.5	0.070615 	-0.118036 	-1.92342 	0.314147 	0.713596 	0.0748645 	
2.505	0.070615 	-0.118036 	-1.92342 	0.314147 	0.713596 	0.0748645 	
2.51	0.0706165 	-0.11804 	-1.92342 	0.314146 	0.713595 	0.074862 	
2.515	0.0706157 	-0.118042 	-1.92341 	0.314146 	0.713591 	0.0748616 	
2.52	0.0706141 	-0.118046 	-1.9234 	0.314145 	0.713586 	0.0748611 	
2.525	0.0706119 	-0.118051 	-1.92339 	0.314143 	0.713578 	0.0748605 	
2.53	0.070609 	-0.118058 	-1.92337 	0.314141 	0.713568 	0.0748598 	
2.535	0.0706054 	-0.118066 	-1.92335 	0.314139 	0.713555 	0.0748588 	
2.54	0.0706011 	-0.118076 	-1.92333 	0.314136 	0.71354 	0.0748577 	
2.545	0.0705962 	-0.118087 	-1.9233 	0.314133 	0.713523 	0.0748564 	
2.55	0.0705906 	-0.1181 	-1.92327 	0.31413 	0.713503 	0.074855 	
2.555	0.0705844 	-0.118114 	-1.92323 	0.314126 	0.713482 	0.0748533 	
2.56	0.0705774 	-0.11813 	-1.92319 	0.314122 	0.713457 	0.0748515 	
2.565	0.0705699 	-0.118148 	-1.92315 	0.314117 	0.713431 	0.0748495 	
2.57	0.0705616 	-0.118167 	-1.9231 	0.314112 	0.713402 	0.0748474 	
2.575	0.0705518 	-0.118189 	-1.92305 	0.314106 	0.713368 	0.0748448 	
2.58	0.0705422 	-0.118211 	-1.92299 	0.3141 	0.713334 	0.0748423 	
2.585	0.0705319 	-0.118235 	-1.92293 	0.314093 	0.713298 	0.0748396 	
2.59	0.0705209 	-0.11826 	-1.92287 	0.314086 	0.71326 	0.0748367 	
2.595	0.0705107 	-0.118255 	-1.9228 	0.314124 	0.713059 	0.0761734 	
2.6	0.0704984 	-0.118283 	-1.92273 	0.314116 	0.713016 	0.0761702 	
2.605	0.0704855 	-0.118313 	-1.92266 	0.314108 	0.712971 	0.0761668 	
2.61	0.0704719 	-0.118344 	-1.92258 	0.314099 	0.712923 	0.0761632 	
2.615	0.0704486 	-0.118367 	-1.92251 	0.314094 	0.712875 	0.0761715 	
2.62	0.0704336 	-0.118401 	-1.92243 	0.314085 	0.712823 	0.0761677 	
2.625	0.0704181 	-0.118437 	-1.92234 	0.314075 	0.712769 	0.0761636 	
2.63	0.0703828 	-0.118422 	-1.92223 	0.314038 	0.712423 	0.0774518 	
2.635	0.070366 	-0.118461 	-1.92214 	0.314028 	0.712365 	0.0774474 	
2.64	0.0703484 	-0.118501 	-1.92204 	0.314017 	0.712303 	0.0774428 	
2.645	0.0703303 	-0.118543 	-1.92193 	0.314005 	0.71224 	0.077438 	
2.65	0.0703115 	-0.118587 	-1.92183 	0.313994 	0.712174 	0.0774331 	
2.655	0.070292 	-0.118631 	-1.92172 	0.313982 	0.712106 	0.077428 	
2.66	0.0702487 	-0.118619 	-1.92159 	0.313931 	0.711704 	0.0788409 	
2.665	0.070228 	-0.118667 	-1.92147 	0.313918 	0.711631 	0.0788355 	
2.67	0.0702066 	-0.118716 	-1.92135 	0.313905 	0.711556 	0.0788299 	
2.675	0.0701846 	-0.118767 	-1.92122 	0.313891 	0.711479 	0.0788241 	
2.68	0.0701619 	-0.118819 	-1.92109 	0.313877 	0.7114 	0.0788181 	
2.685	0.0701151 	-0.118814 	-1.92094 	0.313824 	0.710984 	0.0802345 	
2.69	0.0700912 	-0.118869 	-1.92081 	0.313809 	0.7109 	0.0802282 	
2.695	0.0700666 	-0.118926 	-1.92067 	0.313794 	0.710814 	0.0802217 	
2.7	0.0700414 	-0.118984 	-1.92052 	0.313778 	0.710726 	0.0802151 	
2.705	0.0699941 	-0.118989 	-1.92036 	0.313727 	0.71033 	0.0815088 	
2.71	0.0699676 	-0.119051 	-1.92021 	0.31371 	0.710237 	0.0815019 	
2.715	0.0699406 	-0.119113 	-1.92006 	0.313693 	0.710142 	0.0814947 	
2.72	0.0699129 	-0.119178 	-1.9199 	0.313676 	0.710045 	0.0814874 	
2.725	0.0698613 	-0.119185 	-1.91972 	0.31362 	0.709615 	0.082886 	
2.73	0.0698324 	-0.119252 	-1.91956 	0.313602 	0.709513 	0.0828784 	
2.735	0.0698028 	-0.11932 	-1.91939 	0.313584 	0.70941 	0.0828706 	
2.74	0.0697726 	-0.11939 	-1.91921 	0.313565 	0.709304 	0.0828626 	
2.745	0.0697165 	-0.119398 	-1.91902 	0.313504 	0.708835 	0.0843876 	
2.75	0.0696851 	-0.119471 	-1.91884 	0.313485 	0.708725 	0.0843793 	
2.755	0.0696531 	-0.119545 	-1.91866 	0.313465 	0.708613 	0.0843708 	
2.76	0.0695995 	-0.119568 	-1.91846 	0.31341 	0.708199 	0.0856354 	
2.765	0.0695662 	-0.119646 	-1.91827 	0.31339 	0.708082 	0.0856266 	
2.77	0.0695324 	-0.119724 	-1.91807 	0.313368 	0.707963 	0.0856176 	
2.775	0.0694764 	-0.11975 	-1.91786 	0.313312 	0.707534 	0.0869198 	
2.78	0.0694413 	-0.119832 	-1.91766 	0.31329 	0.707411 	0.0869106 	
2.785	0.0694057 	-0.119915 	-1.91746 	0.313268 	0.707285 	0.0869011 	
2.79	0.0693468 	-0.119942 	-1.91723 	0.313208 	0.706834 	0.0882701 	
2.795	0.06931 	-0.120028 	-1.91702 	0.313185 	0.706705 	0.0882604 	
2.8	0.0692726 	-0.120115 	-1.91681 	0.313162 	0.706573 	0.0882505 	
2.805	0.0692108 	-0.120144 	-1.91657 	0.313099 	0.706099 	0.0896884 	
2.81	0.0691723 	-0.120234 	-1.91635 	0.313076 	0.705963 	0.0896782 	
2.815	0.0691332 	-0.120326 	-1.91613 	0.313051 	0.705825 	0.0896678 	
2.82	0.0690685 	-0.120356 	-1.91588 	0.312986 	0.705329 	0.0911743 	
2.825	0.0690282 	-0.12045 	-1.91565 	0.312961 	0.705187 	0.0911636 	
2.83	0.0689874 	-0.120546 	-1.91541 	0.312935 	0.705043 	0.0911527 	
2.835	0.0689199 	-0.120578 	-1.91516 	0.312867 	0.704524 	0.0927268 	
2.84	0.0688779 	-0.120676 	-1.91492 	0.312841 	0.704376 	0.0927157 	
2.845	0.0688354 	-0.120776 	-1.91467 	0.312815 	0.704226 	0.0927044 	
2.85	0.0687651 	-0.120809 	-1.9144 	0.312744 	0.703685 	0.0943453 	
2.855	0.0687215 	-0.120912 	-1.91415 	0.312717 	0.703531 	0.0943337 	
2.86	0.0686773 	-0.121016 	-1.9139 	0.312689 	0.703375 	0.0943219 	
2.865	0.0686043 	-0.12105 	-1.91362 	0.312616 	0.702813 	0.0960287 	
2.87	0.0685591 	-0.121157 	-1.91336 	0.312588 	0.702653 	0.0960166 	
2.875	0.0684928 	-0.121214 	-1.91308 	0.312526 	0.702199 	0.0972445 	
2.88	0.0684465 	-0.121324 	-1.91281 	0.312497 	0.702035 	0.0972321 	
2.885	0.0683996 	-0.121434 	-1.91254 	0.312468 	0.701869 	0.0972196 	
2.89	0.0683231 	-0.121473 	-1.91224 	0.312392 	0.701284 	0.0989819 	
2.895	0.0682751 	-0.121587 	-1.91196 	0.312362 	0.701114 	0.0989691 	
2.9	0.0682051 	-0.121648 	-1.91167 	0.312297 	0.700635 	0.100266 	
2.905	0.0681561 	-0.121764 	-1.91138 	0.312267 	0.700461 	0.100253 	
2.91	0.0680855 	-0.121829 	-1.91108 	0.312202 	0.699982 	0.101528 	
2.915	0.0680355 	-0.121947 	-1.91079 	0.312171 	0.699805 	0.101515 	
2.92	0.0679747 	-0.122026 	-1.91046 	0.3121 	0.699315 	0.102798 	
2.925	0.0679238 	-0.122148 	-1.91017 	0.312069 	0.699134 	0.102784 	
2.93	0.0678504 	-0.122215 	-1.90985 	0.312001 	0.698636 	0.104108 	
2.935	0.0677983 	-0.12234 	-1.90955 	0.311969 	0.698451 	0.104094 	
2.94	0.0677234 	-0.122409 	-1.90923 	0.311901 	0.697944 	0.105445 	
2.945	0.0676704 	-0.122535 	-1.90892 	0.311868 	0.697755 	0.105431 	
2.95	0.0675941 	-0.122606 	-1.90859 	0.311798 	0.697238 	0.106808 	
2.955	0.0675401 	-0.122735 	-1.90827 	0.311765 	0.697045 	0.106794 	
2.96	0.0674625 	-0.122808 	-1.90794 	0.311694 	0.696518 	0.108197 	
2.965	0.0674075 	-0.122939 	-1.90762 	0.31166 	0.696322 	0.108182 	
2.97	0.0673285 	-0.123013 	-1.90727 	0.311587 	0.695785 	0.109612 	
2.975	0.0672726 	-0.123147 	-1.90695 	0.311553 	0.695586 	0.109597 	
2.98	0.0671922 	-0.123223 	-1.9066 	0.31148 	0.69504 	0.111051 	
2.985	0.0671354 	-0.123359 	-1.90627 	0.311444 	0.694837 	0.111036 	
2.99	0.0670538 	-0.123436 	-1.90591 	0.31137 	0.694281 	0.112515 	
2.995	0.066996 	-0.123575 	-1.90557 	0.311334 	0.694075 	0.1125 	
3	0.0669131 	-0.123653 	-1.90521 	0.311259 	0.69351 	0.114004 	
3.005	0.0668545 	-0.123795 	-1.90487 	0.311222 	0.6933 	0.113988 	
3.01	0.0667702 	-0.123875 	-1.9045 	0.311146 	0.692726 	0.115516 	
3.015	0.0667108 	-0.124019 	-1.90415 	0.311109 	0.692513 	0.1155 	
3.02	0.0666253 	-0.1241 	-1.90378 	0.311031 	0.69193 	0.117052 	
3.025	0.066565 	-0.124246 	-1.90343 	0.310994 	0.691714 	0.117036 	
3.03	0.0664782 	-0.124329 	-1.90305 	0.310915 	0.691122 	0.118611 	
3.035	0.0664171 	-0.124477 	-1.90269 	0.310877 	0.690902 	0.118595 	
3.04	0.0663292 	-0.124561 	-1.9023 	0.310797 	0.690302 	0.120194 	
3.045	0.0662672 	-0.124713 	-1.90194 	0.310759 	0.690079 	0.120177 	
3.05	0.0661781 	-0.124798 	-1.90155 	0.310678 	0.68947 	0.121798 	
3.055	0.0661153 	-0.124951 	-1.90118 	0.31064 	0.689244 	0.121781 	
3.06	0.0660251 	-0.125038 	-1.90078 	0.310558 	0.688627 	0.123425 	
3.065	0.0659616 	-0.125194 	-1.9004 	0.310519 	0.688398 	0.123407 	
3.07	0.0658702 	-0.125282 	-1.9 	0.310436 	0.687772 	0.125073 	
3.075	0.0658059 	-0.12544 	-1.89962 	0.310396 	0.68754 	0.125055 	
3.08	0.0657135 	-0.125529 	-1.89922 	0.310312 	0.686906 	0.126742 	
3.085	0.0656484 	-0.125689 	-1.89883 	0.310272 	0.686671 	0.126724 	
3.09	0.0655549 	-0.12578 	-1.89842 	0.310188 	0.68603 	0.128432 	
3.095	0.0654891 	-0.125942 	-1.89802 	0.310147 	0.685792 	0.128414 	
3.1	0.0653945 	-0.126035 	-1.89761 	0.310062 	0.685143 	0.130143 	
3.105	0.065328 	-0.126199 	-1.89721 	0.310021 	0.684902 	0.130125 	
3.11	0.0652324 	-0.126293 	-1.89679 	0.309934 	0.684245 	0.131874 	
3.115	0.0651652 	-0.126459 	-1.89639 	0.309893 	0.684001 	0.131855 	
3.12	0.0650687 	-0.126554 	-1.89596 	0.309806 	0.683337 	0.133624 	
3.125	0.0650008 	-0.126723 	-1.89555 	0.309764 	0.683091 	0.133605 	
3.13	0.0649033 	-0.126819 	-1.89512 	0.309676 	0.682419 	0.135393 	
3.135	0.0648347 	-0.12699 	-1.89471 	0.309634 	0.68217 	0.135374 	
3.14	0.0647363 	-0.127087 	-1.89428 	0.309545 	0.681492 	0.137181 	
3.145	0.0646671 	-0.12726 	-1.89386 	0.309503 	0.68124 	0.137161 	
3.15	0.0645678 	-0.127359 	-1.89342 	0.309413 	0.680554 	0.138987 	
3.155	0.064498 	-0.127533 	-1.893 	0.30937 	0.6803 	0.138967 	
3.16	0.0643977 	-0.127634 	-1.89255 	0.30928 	0.679608 	0.140811 	
3.165	0.0643273 	-0.12781 	-1.89213 	0.309237 	0.679351 	0.140791 	
3.17	0.0642263 	-0.127912 	-1.89168 	0.309146 	0.678652 	0.142652 	
3.175	0.0641553 	-0.12809 	-1.89125 	0.309102 	0.678393 	0.142632 	
3.18	0.0640534 	-0.128193 	-1.89079 	0.309011 	0.677688 	0.144509 	
3.185	0.0639818 	-0.128373 	-1.89036 	0.308967 	0.677426 	0.144489 	
3.19	0.0638791 	-0.128477 	-1.8899 	0.308874 	0.676715 	0.146384 	
3.195	0.0638071 	-0.128659 	-1.88946 	0.30883 	0.676451 	0.146363 	
3.2	0.0637036 	-0.128764 	-1.889 	0.308737 	0.675733 	0.148274 	
3.205	0.063631 	-0.128948 	-1.88856 	0.308693 	0.675467 	0.148253 	
3.21	0.0635268 	-0.129054 	-1.88809 	0.3086 	0.674744 	0.15018 	
3.215	0.0634537 	-0.12924 	-1.88764 	0.308555 	0.674475 	0.150159 	
3.22	0.0633488 	-0.129347 	-1.88717 	0.308461 	0.673746 	0.1521 	
3.225	0.0632752 	-0.129534 	-1.88672 	0.308416 	0.673476 	0.152079 	
3.23	0.0631696 	-0.129643 	-1.88625 	0.308321 	0.672741 	0.154035 	
3.235	0.0630956 	-0.129832 	-1.88579 	0.308276 	0.672469 	0.154014 	
3.24	0.0629879 	-0.129941 	-1.88532 	0.308181 	0.671729 	0.155986 	
3.245	0.0629135 	-0.130131 	-1.88486 	0.308136 	0.671454 	0.155965 	
3.25	0.0628066 	-0.130242 	-1.88438 	0.30804 	0.670709 	0.157949 	
3.255	0.0627317 	-0.130434 	-1.88392 	0.307995 	0.670433 	0.157927 	
3.26	0.0626242 	-0.130546 	-1.88343 	0.307899 	0.669682 	0.159924 	
3.265	0.062549 	-0.13074 	-1.88297 	0.307853 	0.669404 	0.159902 	
3.27	0.0624409 	-0.130853 	-1.88248 	0.307756 	0.668649 	0.161912 	
3.275	0.0623653 	-0.131048 	-1.88201 	0.30771 	0.668369 	0.16189 	
3.28	0.0622567 	-0.131162 	-1.88152 	0.307613 	0.667609 	0.163912 	
3.285	0.0621807 	-0.131359 	-1.88105 	0.307567 	0.667328 	0.16389 	
3.29	0.0620716 	-0.131474 	-1.88055 	0.30747 	0.666564 	0.165924 	
3.295	0.0619952 	-0.131672 	-1.88008 	0.307423 	0.66628 	0.165902 	
3.3	0.0618857 	-0.131789 	-1.87958 	0.307325 	0.665512 	0.167947 	
3.305	0.061809 	-0.131988 	-1.8791 	0.307279 	0.665227 	0.167924 	
3.31	0.061699 	-0.132105 	-1.8786 	0.307181 	0.664454 	0.16998 	
3.315	0.0616221 	-0.132306 	-1.87812 	0.307134 	0.664168 	0.169957 	
3.32	0.0615116 	-0.132424 	-1.87761 	0.307036 	0.663392 	0.172023 	
3.325	0.0614344 	-0.132626 	-1.87713 	0.306989 	0.663104 	0.172 	
3.33	0.0613235 	-0.132746 	-1.87662 	0.30689 	0.662324 	0.174076 	
3.335	0.0612461 	-0.132948 	-1.87614 	0.306843 	0.662035 	0.174053 	
3.34	0.0611349 	-0.133069 	-1.87563 	0.306744 	0.661251 	0.176137 	
3.345	0.0610572 	-0.133273 	-1.87514 	0.306697 	0.660961 	0.176114 	
3.35	0.0609456 	-0.133394 	-1.87463 	0.306598 	0.660174 	0.178207 	
3.355	0.0608678 	-0.133599 	-1.87414 	0.306551 	0.659883 	0.178184 	
3.36	0.0607559 	-0.133722 	-1.87362 	0.306452 	0.659093 	0.180285 	
3.365	0.0606778 	-0.133928 	-1.87313 	0.306405 	0.6588 	0.180262 	
3.37	0.0605657 	-0.134051 	-1.87261 	0.306305 	0.658007 	0.182371 	
3.375	0.0604874 	-0.134258 	-1.87212 	0.306258 	0.657713 	0.182348 	
3.38	0.0603751 	-0.134382 	-1.8716 	0.306158 	0.656918 	0.184463 	
3.385	0.0602967 	-0.134591 	-1.8711 	0.306111 	0.656623 	0.18444 	
3.39	0.0601841 	-0.134715 	-1.87058 	0.306011 	0.655825 	0.186562 	
3.395	0.0601056 	-0.134925 	-1.87008 	0.305964 	0.655529 	0.186539 	
3.4	0.0599928 	-0.13505 	-1.86955 	0.305864 	0.654729 	0.188667 	
3.405	0.0599142 	-0.13526 	-1.86906 	0.305816 	0.654432 	0.188643 	
3.41	0.0598012 	-0.135387 	-1.86853 	0.305716 	0.65363 	0.190777 	
3.415	0.0597225 	-0.135598 	-1.86803 	0.305669 	0.653332 	0.190753 	
3.42	0.0596095 	-0.135725 	-1.8675 	0.305569 	0.652528 	0.192892 	
3.425	0.0595307 	-0.135936 	-1.867 	0.305521 	0.65223 	0.192868 	
3.43	0.0594175 	-0.136064 	-1.86647 	0.305422 	0.651424 	0.195011 	
3.435	0.0593387 	-0.136276 	-1.86596 	0.305374 	0.651125 	0.194987 	
3.44	0.0592255 	-0.136405 	-1.86543 	0.305274 	0.650317 	0.197134 	
3.445	0.0591466 	-0.136618 	-1.86493 	0.305227 	0.650018 	0.19711 	
3.45	0.0590333 	-0.136747 	-1.86439 	0.305127 	0.649209 	0.19926 	
3.455	0.0589545 	-0.136961 	-1.86389 	0.305079 	0.648909 	0.199236 	
3.46	0.0588412 	-0.137091 	-1.86335 	0.304979 	0.648099 	0.201389 	
3.465	0.0587624 	-0.137305 	-1.86285 	0.304932 	0.647799 	0.201365 	
3.47	0.0586491 	-0.137435 	-1.86231 	0.304832 	0.646988 	0.20352 	
3.475	0.0585703 	-0.13765 	-1.8618 	0.304785 	0.646688 	0.203496 	
3.48	0.0584571 	-0.137781 	-1.86127 	0.304685 	0.645876 	0.205653 	
3.485	0.0583784 	-0.137996 	-1.86076 	0.304638 	0.645575 	0.205628 	
3.49	0.0582652 	-0.138127 	-1.86022 	0.304538 	0.644763 	0.207786 	
3.495	0.0581865 	-0.138343 	-1.85971 	0.304491 	0.644462 	0.207762 	
3.5	0.0580735 	-0.138475 	-1.85917 	0.304392 	0.64365 	0.20992 	
3.505	0.0579949 	-0.138691 	-1.85866 	0.304345 	0.643349 	0.209896 	
3.51	0.057882 	-0.138823 	-1.85813 	0.304246 	0.642536 	0.212055 	
3.515	0.0578036 	-0.13904 	-1.85762 	0.304198 	0.642235 	0.21203 	
3.52	0.0576908 	-0.139172 	-1.85708 	0.3041 	0.641423 	0.214189 	
3.525	0.0576125 	-0.139389 	-1.85657 	0.304052 	0.641121 	0.214164 	
3.53	0.0575 	-0.139522 	-1.85603 	0.303954 	0.640309 	0.216321 	
3.535	0.0574218 	-0.139739 	-1.85552 	0.303907 	0.640008 	0.216297 	
3.54	0.0573095 	-0.139873 	-1.85498 	0.303809 	0.639197 	0.218453 	
3.545	0.0572315 	-0.140089 	-1.85447 	0.303762 	0.638896 	0.218428 	
3.55	0.0571194 	-0.140223 	-1.85393 	0.303664 	0.638085 	0.220582 	
3.555	0.0570416 	-0.14044 	-1.85342 	0.303617 	0.637784 	0.220557 	
3.56	0.0569298 	-0.140574 	-1.85288 	0.303519 	0.636974 	0.222708 	
3.565	0.0568522 	-0.140791 	-1.85237 	0.303473 	0.636674 	0.222683 	
3.57	0.0567407 	-0.140926 	-1.85183 	0.303375 	0.635865 	0.224831 	
3.575	0.0566633 	-0.141143 	-1.85132 	0.303329 	0.635565 	0.224807 	
3.58	0.0565521 	-0.141277 	-1.85078 	0.303232 	0.634758 	0.226951 	
3.585	0.0564721 	-0.141491 	-1.85028 	0.303187 	0.634459 	0.22693 	
3.59	0.0563613 	-0.141626 	-1.84974 	0.30309 	0.633653 	0.22907 	
3.595	0.0562845 	-0.141843 	-1.84923 	0.303044 	0.633354 	0.229045 	
3.6	0.056174 	-0.141978 	-1.84869 	0.302948 	0.63255 	0.231181 	
3.605	0.0560975 	-0.142194 	-1.84818 	0.302902 	0.632252 	0.231156 	
3.61	0.0559874 	-0.142329 	-1.84765 	0.302806 	0.631449 	0.233286 	
3.615	0.0559112 	-0.142546 	-1.84714 	0.30276 	0.631152 	0.233261 	
3.62	0.0558016 	-0.142681 	-1.8466 	0.302665 	0.630352 	0.235386 	
3.625	0.0557257 	-0.142897 	-1.8461 	0.302619 	0.630055 	0.235361 	
3.63	0.0556165 	-0.143032 	-1.84556 	0.302525 	0.629257 	0.237479 	
3.635	0.055541 	-0.143248 	-1.84506 	0.302479 	0.628961 	0.237454 	
3.64	0.0554323 	-0.143383 	-1.84453 	0.302385 	0.628166 	0.239565 	
3.645	0.0553572 	-0.143598 	-1.84402 	0.30234 	0.627871 	0.23954 	
3.65	0.055249 	-0.143733 	-1.84349 	0.302246 	0.627078 	0.241644 	
3.655	0.0551742 	-0.143948 	-1.84299 	0.302201 	0.626784 	0.24162 	
3.66	0.0550666 	-0.144083 	-1.84246 	0.302108 	0.625995 	0.243715 	
3.665	0.0549922 	-0.144297 	-1.84196 	0.302063 	0.625702 	0.243691 	
3.67	0.0548851 	-0.144432 	-1.84143 	0.30197 	0.624915 	0.245778 	
3.675	0.0548111 	-0.144646 	-1.84093 	0.301926 	0.624623 	0.245753 	
3.68	0.0547047 	-0.144781 	-1.8404 	0.301834 	0.62384 	0.247832 	
3.685	0.0546311 	-0.144994 	-1.83991 	0.30179 	0.62355 	0.247807 	
3.69	0.0545253 	-0.145128 	-1.83938 	0.301698 	0.62277 	0.249876 	
3.695	0.0544522 	-0.145341 	-1.83889 	0.301655 	0.622481 	0.249852 	
3.7	0.054347 	-0.145475 	-1.83836 	0.301564 	0.621705 	0.251911 	
3.705	0.0542744 	-0.145686 	-1.83787 	0.30152 	0.621417 	0.251886 	
3.71	0.0541698 	-0.14582 	-1.83735 	0.30143 	0.620645 	0.253935 	
3.715	0.0540977 	-0.146031 	-1.83686 	0.301387 	0.620358 	0.25391 	
3.72	0.0539938 	-0.146165 	-1.83634 	0.301297 	0.61959 	0.255948 	
3.725	0.0539222 	-0.146375 	-1.83585 	0.301254 	0.619305 	0.255923 	
3.73	0.053819 	-0.146508 	-1.83533 	0.301165 	0.618542 	0.257949 	
3.735	0.0537479 	-0.146717 	-1.83485 	0.301123 	0.618258 	0.257925 	
3.74	0.0536455 	-0.14685 	-1.83433 	0.301034 	0.617499 	0.259939 	
3.745	0.0535749 	-0.147058 	-1.83385 	0.300992 	0.617217 	0.259914 	
3.75	0.0534733 	-0.14719 	-1.83334 	0.300904 	0.616463 	0.261916 	
3.755	0.0534033 	-0.147397 	-1.83286 	0.300863 	0.616183 	0.261892 	
3.76	0.0533024 	-0.147529 	-1.83235 	0.300776 	0.615433 	0.26388 	
3.765	0.0532329 	-0.147735 	-1.83187 	0.300734 	0.615155 	0.263856 	
3.77	0.0531329 	-0.147866 	-1.83137 	0.300648 	0.614411 	0.265831 	
3.775	0.053064 	-0.148071 	-1.83089 	0.300607 	0.614134 	0.265807 	
3.78	0.0529648 	-0.148202 	-1.83039 	0.300521 	0.613395 	0.267768 	
3.785	0.0528965 	-0.148405 	-1.82992 	0.300481 	0.61312 	0.267744 	
3.79	0.0527981 	-0.148536 	-1.82942 	0.300396 	0.612387 	0.26969 	
3.795	0.0527304 	-0.148738 	-1.82895 	0.300356 	0.612114 	0.269666 	
3.8	0.0526329 	-0.148867 	-1.82846 	0.300272 	0.611386 	0.271597 	
3.805	0.0525659 	-0.149068 	-1.82799 	0.300232 	0.611116 	0.271574 	
3.81	0.0524693 	-0.149197 	-1.8275 	0.300149 	0.610393 	0.27349 	
3.815	0.0524029 	-0.149397 	-1.82704 	0.300109 	0.610125 	0.273466 	
3.82	0.0523072 	-0.149525 	-1.82655 	0.300027 	0.609408 	0.275366 	
3.825	0.0522415 	-0.149723 	-1.82609 	0.299988 	0.609143 	0.275343 	
3.83	0.0521365 	-0.149839 	-1.82562 	0.29991 	0.608434 	0.277239 	
3.835	0.0520714 	-0.150035 	-1.82517 	0.299871 	0.608171 	0.277216 	
3.84	0.0519776 	-0.150162 	-1.82469 	0.299791 	0.607467 	0.279082 	
3.845	0.0519132 	-0.150357 	-1.82424 	0.299752 	0.607206 	0.279059 	
3.85	0.0518204 	-0.150482 	-1.82376 	0.299673 	0.606508 	0.280908 	
3.855	0.0517567 	-0.150676 	-1.82332 	0.299635 	0.606249 	0.280886 	
3.86	0.0516649 	-0.150801 	-1.82285 	0.299556 	0.605558 	0.282717 	
