0	2.15385 	-0.117252 	-1.60986 	-0.00120377 	-0.103835 	0.00378457 	
0.005	2.1468 	-0.115277 	-1.60723 	-0.00109605 	-0.103511 	0.00382936 	
0.01	2.14027 	-0.113447 	-1.60481 	-0.00099621 	-0.10321 	0.00387086 	
0.015	2.13421 	-0.111751 	-1.60256 	-0.000903678 	-0.102931 	0.00390933 	
0.02	2.1286 	-0.110179 	-1.60047 	-0.00081792 	-0.102673 	0.00394499 	
0.025	2.1234 	-0.108722 	-1.59854 	-0.000738439 	-0.102433 	0.00397803 	
0.03	2.11858 	-0.107371 	-1.59674 	-0.000664776 	-0.102212 	0.00400865 	
0.035	2.11411 	-0.10612 	-1.59508 	-0.000596505 	-0.102006 	0.00403703 	
0.04	2.10997 	-0.10496 	-1.59354 	-0.000533233 	-0.101816 	0.00406333 	
0.045	2.10613 	-0.103885 	-1.59211 	-0.000474594 	-0.101639 	0.0040877 	
0.05	2.10258 	-0.102888 	-1.59078 	-0.000420248 	-0.101476 	0.00411028 	
0.055	2.1 	-0.102879 	-1.59056 	-0.000298452 	-0.101416 	0.0040306 	
0.06	2.09695 	-0.102023 	-1.58942 	-0.000251776 	-0.101275 	0.00404999 	
0.065	2.09412 	-0.101229 	-1.58836 	-0.000208519 	-0.101145 	0.00406795 	
0.07	2.0915 	-0.100494 	-1.58737 	-0.000168431 	-0.101025 	0.00408459 	
0.075	2.08907 	-0.0998117 	-1.58646 	-0.000131281 	-0.100913 	0.00410001 	
0.08	2.08682 	-0.0991796 	-1.58561 	-9.68538e-05 	-0.10081 	0.00411429 	
0.085	2.08474 	-0.0985936 	-1.58482 	-6.49509e-05 	-0.100715 	0.00412752 	
0.09	2.08281 	-0.0980504 	-1.58409 	-3.53876e-05 	-0.100626 	0.00413977 	
0.095	2.08103 	-0.0975468 	-1.58341 	-7.9931e-06 	-0.100544 	0.00415112 	
0.1	2.07937 	-0.0970799 	-1.58277 	1.7391e-05 	-0.100469 	0.00416162 	
0.105	2.07784 	-0.096647 	-1.58218 	4.09117e-05 	-0.100399 	0.00417135 	
0.11	2.07642 	-0.0962456 	-1.58163 	6.27049e-05 	-0.100334 	0.00418035 	
0.115	2.07511 	-0.0958735 	-1.58112 	8.28967e-05 	-0.100274 	0.00418868 	
0.12	2.0739 	-0.0955284 	-1.58064 	0.000101604 	-0.100219 	0.00419639 	
0.125	2.07277 	-0.0952083 	-1.58019 	0.000118936 	-0.100168 	0.00420353 	
0.13	2.07173 	-0.0949115 	-1.57977 	0.000134992 	-0.10012 	0.00421012 	
0.135	2.07077 	-0.0946362 	-1.57938 	0.000149865 	-0.100077 	0.00421623 	
0.14	2.06988 	-0.0943809 	-1.57902 	0.000163643 	-0.100037 	0.00422187 	
0.145	2.06906 	-0.094144 	-1.57867 	0.000176404 	-0.0999996 	0.00422708 	
0.15	2.0683 	-0.0939242 	-1.57835 	0.000188223 	-0.0999655 	0.0042319 	
0.155	2.0676 	-0.0937202 	-1.57805 	0.000199168 	-0.0999341 	0.00423635 	
0.16	2.06695 	-0.093531 	-1.57776 	0.000209303 	-0.0999052 	0.00424045 	
0.165	2.06636 	-0.0933553 	-1.57749 	0.000218688 	-0.0998787 	0.00424424 	
0.17	2.06412 	-0.0917997 	-1.57969 	0.000294355 	-0.0998577 	0.00424035 	
0.175	2.06393 	-0.0917192 	-1.57961 	0.000298741 	-0.0998481 	0.00424256 	
0.18	2.0637 	-0.0916587 	-1.57947 	0.000301904 	-0.0998385 	0.00424404 	
0.185	2.06341 	-0.0915944 	-1.57926 	0.000305166 	-0.0998269 	0.00424535 	
0.19	2.06314 	-0.0915344 	-1.57907 	0.000308179 	-0.0998165 	0.00424654 	
0.195	2.06289 	-0.0914786 	-1.57889 	0.00031096 	-0.0998071 	0.00424763 	
0.2	2.06267 	-0.0914266 	-1.57871 	0.000313527 	-0.0997987 	0.00424861 	
0.205	2.06246 	-0.091378 	-1.57854 	0.000315895 	-0.0997912 	0.0042495 	
0.21	2.06228 	-0.0913327 	-1.57838 	0.000318078 	-0.0997845 	0.00425031 	
0.215	2.06211 	-0.0912903 	-1.57822 	0.000320089 	-0.0997786 	0.00425103 	
0.22	2.06196 	-0.0912507 	-1.57807 	0.000321941 	-0.0997735 	0.00425168 	
0.225	2.06182 	-0.0912136 	-1.57792 	0.000323645 	-0.099769 	0.00425226 	
0.23	2.06169 	-0.0911789 	-1.57778 	0.000325212 	-0.0997652 	0.00425277 	
0.235	2.05983 	-0.0897128 	-1.58018 	0.000396049 	-0.0997655 	0.00424593 	
0.24	2.06007 	-0.0897564 	-1.58022 	0.000393546 	-0.0997764 	0.00424527 	
0.245	2.06023 	-0.0898109 	-1.58018 	0.000390294 	-0.0997857 	0.00424405 	
0.25	2.06029 	-0.0898526 	-1.58006 	0.000387632 	-0.0997915 	0.00424284 	
0.255	2.06036 	-0.0898907 	-1.57995 	0.000385152 	-0.0997972 	0.00424169 	
0.26	2.06042 	-0.0899257 	-1.57983 	0.000382839 	-0.0998029 	0.0042406 	
0.265	2.06048 	-0.0899577 	-1.57972 	0.000380681 	-0.0998086 	0.00423957 	
0.27	2.06054 	-0.0899869 	-1.57961 	0.000378666 	-0.0998142 	0.00423857 	
0.275	2.06061 	-0.0900136 	-1.5795 	0.000376784 	-0.0998198 	0.00423763 	
0.28	2.06067 	-0.0900378 	-1.57939 	0.000375025 	-0.0998254 	0.00423672 	
0.285	2.05899 	-0.0886462 	-1.58179 	0.000442224 	-0.0998344 	0.00422904 	
0.29	2.05939 	-0.0887397 	-1.58186 	0.000436873 	-0.0998534 	0.00422715 	
0.295	2.0597 	-0.0888405 	-1.58183 	0.000430983 	-0.0998702 	0.00422478 	
0.3	2.0599 	-0.0889248 	-1.58173 	0.000425874 	-0.0998831 	0.0042225 	
0.305	2.0601 	-0.0890025 	-1.58164 	0.000421124 	-0.0998955 	0.00422035 	
0.31	2.06028 	-0.0890741 	-1.58154 	0.000416705 	-0.0999075 	0.00421832 	
0.315	2.06046 	-0.0891398 	-1.58143 	0.000412592 	-0.099919 	0.00421641 	
0.32	2.06063 	-0.0892003 	-1.58133 	0.000408765 	-0.0999301 	0.00421461 	
0.325	2.05914 	-0.0879319 	-1.58359 	0.000470032 	-0.099944 	0.00420688 	
0.33	2.05961 	-0.0880518 	-1.58365 	0.000463128 	-0.0999668 	0.00420427 	
0.335	2.05999 	-0.0881764 	-1.58362 	0.000455833 	-0.0999875 	0.00420124 	
0.34	2.06026 	-0.0882834 	-1.58352 	0.000449396 	-0.100004 	0.00419835 	
0.345	2.06053 	-0.088382 	-1.58342 	0.000443412 	-0.10002 	0.00419563 	
0.35	2.06078 	-0.0884728 	-1.58332 	0.000437849 	-0.100036 	0.00419307 	
0.355	2.06101 	-0.0885564 	-1.58322 	0.000432674 	-0.10005 	0.00419067 	
0.36	2.06124 	-0.0886332 	-1.58311 	0.000427861 	-0.100065 	0.0041884 	
0.365	2.05963 	-0.0872467 	-1.58563 	0.000495153 	-0.100082 	0.00418004 	
0.37	2.0602 	-0.0873892 	-1.58571 	0.000486957 	-0.100109 	0.00417692 	
0.375	2.06059 	-0.0874507 	-1.58559 	0.000471782 	-0.100125 	0.00418273 	
0.38	2.06092 	-0.0875765 	-1.58549 	0.000464221 	-0.100145 	0.0041793 	
0.385	2.06124 	-0.0876924 	-1.58538 	0.000457195 	-0.100164 	0.00417608 	
0.39	2.06153 	-0.0877992 	-1.58528 	0.000450664 	-0.100182 	0.00417305 	
0.395	2.06182 	-0.0878975 	-1.58517 	0.000444592 	-0.1002 	0.00417021 	
0.4	2.0603 	-0.0865704 	-1.58762 	0.000509191 	-0.10022 	0.00416192 	
0.405	2.06091 	-0.0867295 	-1.58768 	0.00049999 	-0.10025 	0.00415831 	
0.41	2.0614 	-0.0868909 	-1.58765 	0.000490501 	-0.100277 	0.00415427 	
0.415	2.06178 	-0.0870309 	-1.58754 	0.000482075 	-0.100299 	0.00415041 	
0.42	2.06213 	-0.08716 	-1.58743 	0.000474246 	-0.10032 	0.00414679 	
0.425	2.06247 	-0.0872788 	-1.58732 	0.00046697 	-0.10034 	0.00414339 	
0.43	2.06112 	-0.0860757 	-1.58958 	0.000525626 	-0.100363 	0.00413539 	
0.435	2.06174 	-0.0862466 	-1.58962 	0.00051567 	-0.100394 	0.00413136 	
0.44	2.06226 	-0.0864184 	-1.58958 	0.000505527 	-0.100422 	0.00412696 	
0.445	2.06266 	-0.0865687 	-1.58946 	0.00049646 	-0.100447 	0.00412277 	
0.45	2.06305 	-0.0867073 	-1.58934 	0.000488037 	-0.100469 	0.00411884 	
0.455	2.06341 	-0.086835 	-1.58922 	0.000480209 	-0.100491 	0.00411515 	
0.46	2.062 	-0.0855788 	-1.59161 	0.000541786 	-0.100515 	0.00410706 	
0.465	2.06267 	-0.0857614 	-1.59165 	0.000531129 	-0.100549 	0.00410272 	
0.47	2.06323 	-0.0859445 	-1.59161 	0.000520295 	-0.100579 	0.00409798 	
0.475	2.06366 	-0.0861046 	-1.59149 	0.000510616 	-0.100605 	0.00409347 	
0.48	2.06407 	-0.0862522 	-1.59136 	0.000501625 	-0.10063 	0.00408924 	
0.485	2.06446 	-0.0863881 	-1.59123 	0.000493271 	-0.100653 	0.00408526 	
0.49	2.06297 	-0.0850647 	-1.59376 	0.000558549 	-0.100679 	0.00407711 	
0.495	2.06369 	-0.0852595 	-1.59382 	0.000547162 	-0.100715 	0.00407246 	
0.5	2.06428 	-0.0854545 	-1.59377 	0.000535603 	-0.100747 	0.00406737 	
0.505	2.06474 	-0.0856248 	-1.59364 	0.000525287 	-0.100775 	0.00406251 	
0.51	2.06518 	-0.0857817 	-1.5935 	0.000515705 	-0.100801 	0.00405795 	
0.515	2.06393 	-0.0846381 	-1.59574 	0.000572141 	-0.100828 	0.00405015 	
0.52	2.06463 	-0.0848417 	-1.59576 	0.000560162 	-0.100865 	0.00404509 	
0.525	2.06523 	-0.0850437 	-1.5957 	0.000548131 	-0.100898 	0.00403969 	
0.53	2.06572 	-0.0852218 	-1.59556 	0.000537319 	-0.100926 	0.00403456 	
0.535	2.06617 	-0.0853859 	-1.59542 	0.000527278 	-0.100954 	0.00402974 	
0.54	2.06489 	-0.0842209 	-1.59772 	0.000585084 	-0.100983 	0.00402202 	
0.545	2.06563 	-0.0844329 	-1.59774 	0.000572585 	-0.101021 	0.0040167 	
0.55	2.06626 	-0.0846429 	-1.59767 	0.000560049 	-0.101055 	0.00401103 	
0.555	2.06676 	-0.084828 	-1.59753 	0.000548784 	-0.101085 	0.00400564 	
0.56	2.06724 	-0.0849986 	-1.59738 	0.000538322 	-0.101113 	0.00400058 	
0.565	2.06591 	-0.0837946 	-1.59977 	0.000598441 	-0.101143 	0.00399296 	
0.57	2.06668 	-0.0840154 	-1.5998 	0.000585398 	-0.101183 	0.00398738 	
0.575	2.06733 	-0.084234 	-1.59973 	0.000572324 	-0.101219 	0.00398142 	
0.58	2.06786 	-0.0844265 	-1.59958 	0.000560582 	-0.10125 	0.00397575 	
0.585	2.06835 	-0.0846039 	-1.59942 	0.00054968 	-0.10128 	0.00397043 	
0.59	2.06697 	-0.0833614 	-1.6019 	0.000612132 	-0.101311 	0.00396295 	
0.595	2.06778 	-0.0835914 	-1.60193 	0.000598522 	-0.101352 	0.0039571 	
0.6	2.06846 	-0.083819 	-1.60186 	0.000584888 	-0.10139 	0.00395084 	
0.605	2.069 	-0.0840192 	-1.60171 	0.000572651 	-0.101422 	0.00394487 	
0.61	2.06951 	-0.0842036 	-1.60154 	0.000561291 	-0.101452 	0.00393928 	
0.615	2.06808 	-0.0829248 	-1.60412 	0.000626009 	-0.101485 	0.00393198 	
0.62	2.06892 	-0.0831643 	-1.60415 	0.000611819 	-0.101528 	0.00392585 	
0.625	2.06964 	-0.0834009 	-1.60408 	0.000597612 	-0.101567 	0.00391928 	
0.63	2.0702 	-0.083609 	-1.60392 	0.000584868 	-0.1016 	0.00391301 	
0.635	2.07073 	-0.0838007 	-1.60375 	0.000573038 	-0.101632 	0.00390713 	
0.64	2.06925 	-0.0824879 	-1.60641 	0.000639953 	-0.101666 	0.00390006 	
0.645	2.07012 	-0.0827369 	-1.60645 	0.000625174 	-0.101711 	0.00389365 	
0.65	2.07086 	-0.0829827 	-1.60637 	0.000610388 	-0.101751 	0.00388675 	
0.655	2.07144 	-0.0831987 	-1.6062 	0.000597131 	-0.101785 	0.00388017 	
0.66	2.07031 	-0.0821481 	-1.60841 	0.000650602 	-0.101821 	0.00387312 	
0.665	2.07114 	-0.0824031 	-1.6084 	0.000635355 	-0.101865 	0.00386624 	
0.67	2.07186 	-0.0826528 	-1.6083 	0.000620263 	-0.101905 	0.00385906 	
0.675	2.07246 	-0.0828746 	-1.60812 	0.000606628 	-0.10194 	0.00385225 	
0.68	2.07134 	-0.0818323 	-1.61033 	0.00065997 	-0.101976 	0.00384539 	
0.685	2.07211 	-0.0820022 	-1.61021 	0.000637365 	-0.102012 	0.00384847 	
0.69	2.07285 	-0.0822569 	-1.61011 	0.000621941 	-0.102053 	0.00384108 	
0.695	2.07346 	-0.0824831 	-1.60993 	0.000608001 	-0.102089 	0.00383407 	
0.7	2.07231 	-0.0814253 	-1.61219 	0.000662502 	-0.102126 	0.00382745 	
0.705	2.07318 	-0.0816911 	-1.61218 	0.00064654 	-0.102172 	0.00382015 	
0.71	2.07394 	-0.0819512 	-1.61207 	0.000630757 	-0.102214 	0.00381254 	
0.715	2.07456 	-0.0821821 	-1.61189 	0.000616498 	-0.102251 	0.00380532 	
0.72	2.07339 	-0.0811078 	-1.6142 	0.000672228 	-0.102289 	0.00379895 	
0.725	2.07428 	-0.0813796 	-1.61418 	0.000655882 	-0.102336 	0.00379144 	
0.73	2.07505 	-0.0816453 	-1.61408 	0.000639721 	-0.102378 	0.0037836 	
0.735	2.07568 	-0.0818813 	-1.61389 	0.000625126 	-0.102416 	0.00377615 	
0.74	2.07448 	-0.0807917 	-1.61625 	0.000682043 	-0.102454 	0.00377005 	
0.745	2.07539 	-0.0810696 	-1.61624 	0.000665299 	-0.102502 	0.00376232 	
0.75	2.07618 	-0.0813413 	-1.61613 	0.000648747 	-0.102546 	0.00375423 	
0.755	2.07683 	-0.0815824 	-1.61594 	0.000633804 	-0.102584 	0.00374655 	
0.76	2.0756 	-0.0804789 	-1.61834 	0.000691862 	-0.102623 	0.00374074 	
0.765	2.07654 	-0.080763 	-1.61833 	0.000674711 	-0.102672 	0.00373278 	
0.77	2.07734 	-0.0810407 	-1.61822 	0.00065776 	-0.102717 	0.00372444 	
0.775	2.078 	-0.0812871 	-1.61803 	0.00064246 	-0.102756 	0.00371652 	
0.78	2.07675 	-0.080171 	-1.62047 	0.000701613 	-0.102796 	0.00371102 	
0.785	2.0777 	-0.0804614 	-1.62047 	0.00068405 	-0.102846 	0.00370282 	
0.79	2.07852 	-0.0807452 	-1.62036 	0.000666696 	-0.102891 	0.00369423 	
0.795	2.0792 	-0.0809969 	-1.62015 	0.000651036 	-0.102931 	0.00368606 	
0.8	2.07792 	-0.0798695 	-1.62265 	0.00071124 	-0.102972 	0.0036809 	
0.805	2.07889 	-0.0801662 	-1.62264 	0.000693263 	-0.103023 	0.00367247 	
0.81	2.07973 	-0.0804561 	-1.62253 	0.000675504 	-0.103069 	0.00366362 	
0.815	2.08041 	-0.0807131 	-1.62232 	0.000659482 	-0.103109 	0.0036552 	
0.82	2.07911 	-0.0795756 	-1.62486 	0.000720696 	-0.10315 	0.00365039 	
0.825	2.0801 	-0.0798786 	-1.62486 	0.000702306 	-0.103202 	0.00364172 	
0.83	2.08096 	-0.0801745 	-1.62474 	0.000684143 	-0.103249 	0.00363261 	
0.835	2.08165 	-0.0804368 	-1.62453 	0.000667759 	-0.10329 	0.00362394 	
0.84	2.08033 	-0.0792904 	-1.6271 	0.000729941 	-0.103332 	0.00361952 	
0.845	2.08134 	-0.0795996 	-1.6271 	0.00071114 	-0.103385 	0.0036106 	
0.85	2.08221 	-0.0799014 	-1.62698 	0.000692575 	-0.103433 	0.00360123 	
0.855	2.08291 	-0.0801689 	-1.62677 	0.000675832 	-0.103474 	0.0035923 	
0.86	2.08157 	-0.0790149 	-1.62938 	0.000738941 	-0.103517 	0.00358829 	
0.865	2.08259 	-0.0793301 	-1.62938 	0.000719732 	-0.103571 	0.00357913 	
0.87	2.08347 	-0.0796379 	-1.62926 	0.000700769 	-0.10362 	0.0035695 	
0.875	2.08419 	-0.0799105 	-1.62904 	0.000683669 	-0.103661 	0.00356032 	
0.88	2.08282 	-0.0787499 	-1.6317 	0.000747665 	-0.103705 	0.00355674 	
0.885	2.08387 	-0.0790712 	-1.6317 	0.000728054 	-0.103759 	0.00354734 	
0.89	2.08476 	-0.0793847 	-1.63157 	0.000708698 	-0.103809 	0.00353744 	
0.895	2.08549 	-0.0796624 	-1.63135 	0.000691246 	-0.103851 	0.003528 	
0.9	2.0841 	-0.0784964 	-1.63404 	0.000756088 	-0.103895 	0.00352489 	
0.905	2.08516 	-0.0788235 	-1.63404 	0.00073608 	-0.103951 	0.00351524 	
0.91	2.08607 	-0.0791426 	-1.63392 	0.000716335 	-0.104001 	0.00350507 	
0.915	2.0868 	-0.0794253 	-1.63369 	0.000698536 	-0.104043 	0.00349538 	
0.92	2.0854 	-0.078255 	-1.63641 	0.000764184 	-0.104088 	0.00349275 	
0.925	2.08648 	-0.0785878 	-1.63642 	0.000743786 	-0.104144 	0.00348286 	
0.93	2.08739 	-0.0789125 	-1.63629 	0.000723659 	-0.104195 	0.00347243 	
0.935	2.08814 	-0.0792 	-1.63606 	0.000705518 	-0.104238 	0.00346249 	
0.94	2.08671 	-0.0780266 	-1.63881 	0.000771931 	-0.104283 	0.00346036 	
0.945	2.0878 	-0.0783649 	-1.63882 	0.000751149 	-0.10434 	0.00345023 	
0.95	2.08873 	-0.0786949 	-1.63869 	0.000730647 	-0.104391 	0.00343954 	
0.955	2.08948 	-0.0789871 	-1.63845 	0.00071217 	-0.104435 	0.00342935 	
0.96	2.08804 	-0.0778117 	-1.64124 	0.000779308 	-0.104481 	0.00342774 	
0.965	2.08851 	-0.0773225 	-1.64029 	0.000693933 	-0.104455 	0.00351297 	
0.97	2.08945 	-0.0776577 	-1.64016 	0.000673064 	-0.104507 	0.00350203 	
0.975	2.0902 	-0.0779545 	-1.63992 	0.000654258 	-0.104551 	0.00349158 	
0.98	2.08875 	-0.0767785 	-1.64273 	0.000722149 	-0.104597 	0.00349061 	
0.985	2.08987 	-0.0771275 	-1.64274 	0.000700623 	-0.104656 	0.00348001 	
0.99	2.09082 	-0.0774677 	-1.6426 	0.000679394 	-0.104708 	0.0034688 	
0.995	2.08987 	-0.0766429 	-1.64474 	0.000727056 	-0.104755 	0.00346544 	
1	2.0909 	-0.0769949 	-1.64467 	0.000705188 	-0.104811 	0.00345417 	
1.005	2.09182 	-0.077335 	-1.6445 	0.000683867 	-0.104862 	0.00344269 	
1.01	2.09259 	-0.0776395 	-1.64426 	0.000664505 	-0.104907 	0.00343183 	
1.015	2.09116 	-0.0764969 	-1.64705 	0.000731548 	-0.104954 	0.00343166 	
1.02	2.09229 	-0.0768522 	-1.64705 	0.000709537 	-0.105013 	0.00342068 	
1.025	2.09325 	-0.0771982 	-1.64692 	0.000687849 	-0.105066 	0.0034091 	
1.03	2.09229 	-0.0763787 	-1.64908 	0.00073608 	-0.105114 	0.00340648 	
1.035	2.09334 	-0.076737 	-1.64901 	0.000713726 	-0.10517 	0.00339486 	
1.04	2.09426 	-0.0770832 	-1.64884 	0.000691932 	-0.105222 	0.003383 	
1.045	2.09505 	-0.0773931 	-1.64859 	0.000672144 	-0.105267 	0.00337179 	
1.05	2.09359 	-0.0762533 	-1.65143 	0.000740195 	-0.105314 	0.00337271 	
1.055	2.09474 	-0.0766151 	-1.65143 	0.000717689 	-0.105374 	0.00336139 	
1.06	2.09571 	-0.0769676 	-1.65129 	0.000695513 	-0.105428 	0.00334944 	
1.065	2.09474 	-0.076153 	-1.65349 	0.000744373 	-0.105476 	0.0033476 	
1.07	2.0958 	-0.0765179 	-1.65341 	0.000721515 	-0.105533 	0.0033356 	
1.075	2.09674 	-0.0768705 	-1.65324 	0.000699231 	-0.105585 	0.00332336 	
1.08	2.09581 	-0.0760895 	-1.65539 	0.000746436 	-0.105634 	0.00332157 	
1.085	2.09687 	-0.0764559 	-1.65531 	0.000723437 	-0.105691 	0.00330942 	
1.09	2.09781 	-0.0768095 	-1.65514 	0.000701037 	-0.105743 	0.00329706 	
1.095	2.09687 	-0.0760337 	-1.65728 	0.000748326 	-0.105792 	0.00329562 	
1.1	2.09794 	-0.0764015 	-1.6572 	0.000725195 	-0.105849 	0.00328336 	
1.105	2.09888 	-0.0767565 	-1.65703 	0.000702665 	-0.105902 	0.00327088 	
1.11	2.09794 	-0.0759838 	-1.65919 	0.00075018 	-0.105951 	0.00326981 	
1.115	2.09901 	-0.0763531 	-1.65911 	0.000726905 	-0.106008 	0.00325744 	
1.12	2.09996 	-0.0767097 	-1.65894 	0.000704233 	-0.106061 	0.00324484 	
1.125	2.09901 	-0.0759403 	-1.6611 	0.000751957 	-0.10611 	0.00324414 	
1.13	2.10009 	-0.0763114 	-1.66103 	0.00072853 	-0.106167 	0.00323165 	
1.135	2.10104 	-0.0766697 	-1.66085 	0.000705708 	-0.10622 	0.00321891 	
1.14	2.10009 	-0.0759042 	-1.66303 	0.000753613 	-0.106269 	0.00321859 	
1.145	2.10116 	-0.0762772 	-1.66295 	0.000730026 	-0.106327 	0.00320597 	
1.15	2.10212 	-0.0766372 	-1.66278 	0.000707049 	-0.10638 	0.0031931 	
1.155	2.10116 	-0.0758762 	-1.66496 	0.000755107 	-0.106429 	0.00319315 	
1.16	2.10224 	-0.0762511 	-1.66488 	0.000731358 	-0.106487 	0.0031804 	
1.165	2.1032 	-0.0766129 	-1.66471 	0.000708222 	-0.10654 	0.0031674 	
1.17	2.10224 	-0.0758568 	-1.6669 	0.000756407 	-0.106589 	0.00316781 	
1.175	2.10332 	-0.0762336 	-1.66682 	0.000732495 	-0.106647 	0.00315493 	
1.18	2.10428 	-0.0765973 	-1.66665 	0.0007092 	-0.1067 	0.00314179 	
1.185	2.10332 	-0.0758466 	-1.66884 	0.000757487 	-0.106749 	0.00314257 	
1.19	2.1044 	-0.0762252 	-1.66876 	0.000733412 	-0.106807 	0.00312955 	
1.195	2.10536 	-0.0765907 	-1.66859 	0.000709958 	-0.10686 	0.00311628 	
1.2	2.1044 	-0.0758458 	-1.67078 	0.000758325 	-0.10691 	0.00311743 	
1.205	2.10549 	-0.0762263 	-1.67071 	0.000734089 	-0.106968 	0.00310428 	
1.21	2.10645 	-0.0765936 	-1.67053 	0.000710479 	-0.107021 	0.00309086 	
1.215	2.10548 	-0.0758548 	-1.67273 	0.000758903 	-0.107071 	0.00309239 	
1.22	2.10657 	-0.0762371 	-1.67265 	0.00073451 	-0.107129 	0.0030791 	
1.225	2.10753 	-0.0766061 	-1.67248 	0.000710746 	-0.107182 	0.00306556 	
1.23	2.10656 	-0.0758739 	-1.67468 	0.000759206 	-0.107232 	0.00306745 	
1.235	2.10765 	-0.0762579 	-1.6746 	0.000734659 	-0.10729 	0.00305404 	
1.24	2.10861 	-0.0766285 	-1.67443 	0.000710747 	-0.107343 	0.00304036 	
1.245	2.10764 	-0.0759032 	-1.67663 	0.000759223 	-0.107392 	0.00304262 	
1.25	2.10873 	-0.0762889 	-1.67655 	0.000734527 	-0.107451 	0.00302908 	
1.255	2.1097 	-0.0766611 	-1.67638 	0.00071047 	-0.107504 	0.00301527 	
1.26	2.10872 	-0.075943 	-1.67858 	0.000758942 	-0.107553 	0.0030179 	
1.265	2.10981 	-0.0763302 	-1.67851 	0.000734104 	-0.107612 	0.00300423 	
1.27	2.11078 	-0.0767038 	-1.67833 	0.000709908 	-0.107665 	0.0029903 	
1.275	2.1098 	-0.0759932 	-1.68053 	0.000758356 	-0.107714 	0.0029933 	
1.28	2.11089 	-0.0763819 	-1.68046 	0.000733381 	-0.107773 	0.00297951 	
1.285	2.11229 	-0.0773314 	-1.68095 	0.000752822 	-0.107883 	0.00289815 	
1.29	2.11131 	-0.0766285 	-1.68315 	0.000801187 	-0.107933 	0.00290147 	
1.295	2.1124 	-0.0770184 	-1.68308 	0.000776081 	-0.107991 	0.00288757 	
1.3	2.11337 	-0.0773947 	-1.6829 	0.000751627 	-0.108044 	0.00287339 	
1.305	2.11239 	-0.0766999 	-1.6851 	0.000799929 	-0.108093 	0.00287709 	
1.31	2.11348 	-0.077091 	-1.68502 	0.000774701 	-0.108151 	0.00286307 	
1.315	2.11444 	-0.0774685 	-1.68484 	0.000750127 	-0.108205 	0.00284878 	
1.32	2.11346 	-0.076782 	-1.68704 	0.000798349 	-0.108254 	0.00285284 	
1.325	2.11455 	-0.0771742 	-1.68696 	0.000773005 	-0.108312 	0.00283872 	
1.33	2.11551 	-0.0775527 	-1.68679 	0.000748319 	-0.108365 	0.00282432 	
1.335	2.11453 	-0.0768748 	-1.68898 	0.000796443 	-0.108414 	0.00282874 	
1.34	2.11562 	-0.077268 	-1.6889 	0.000770991 	-0.108472 	0.00281452 	
1.345	2.11658 	-0.0776474 	-1.68872 	0.000746201 	-0.108525 	0.00280002 	
1.35	2.1156 	-0.0769784 	-1.69091 	0.000794208 	-0.108574 	0.0028048 	
1.355	2.11668 	-0.0773724 	-1.69083 	0.000768656 	-0.108632 	0.00279048 	
1.36	2.11764 	-0.0777526 	-1.69065 	0.000743769 	-0.108684 	0.00277588 	
1.365	2.11666 	-0.0770926 	-1.69284 	0.000791641 	-0.108733 	0.00278102 	
1.37	2.11774 	-0.0774873 	-1.69276 	0.000765997 	-0.108791 	0.0027666 	
1.375	2.1187 	-0.0778682 	-1.69258 	0.000741022 	-0.108844 	0.00275191 	
1.38	2.11772 	-0.0772174 	-1.69476 	0.000788741 	-0.108892 	0.0027574 	
1.385	2.1188 	-0.0776127 	-1.69468 	0.000763015 	-0.10895 	0.0027429 	
1.39	2.11976 	-0.0779941 	-1.6945 	0.000737959 	-0.109002 	0.00272812 	
1.395	2.11878 	-0.0773529 	-1.69668 	0.000785507 	-0.109051 	0.00273397 	
1.4	2.11985 	-0.0777486 	-1.69659 	0.000759707 	-0.109108 	0.00271938 	
1.405	2.12081 	-0.0781304 	-1.69641 	0.00073458 	-0.10916 	0.00270452 	
1.41	2.11983 	-0.0774988 	-1.69858 	0.000781939 	-0.109209 	0.00271071 	
1.415	2.1209 	-0.0778948 	-1.6985 	0.000756073 	-0.109266 	0.00269604 	
1.42	2.12185 	-0.0782768 	-1.69832 	0.000730884 	-0.109318 	0.00268111 	
1.425	2.12088 	-0.0776551 	-1.70048 	0.000778037 	-0.109366 	0.00268764 	
1.43	2.12194 	-0.0780512 	-1.70039 	0.000752115 	-0.109423 	0.0026729 	
1.435	2.12289 	-0.0784334 	-1.70021 	0.000726872 	-0.109475 	0.0026579 	
1.44	2.12192 	-0.0778216 	-1.70236 	0.000773801 	-0.109523 	0.00266477 	
1.445	2.12298 	-0.0782178 	-1.70228 	0.000747833 	-0.109579 	0.00264997 	
1.45	2.12392 	-0.0786 	-1.7021 	0.000722545 	-0.109631 	0.00263489 	
1.455	2.12295 	-0.0779983 	-1.70424 	0.000769233 	-0.109679 	0.0026421 	
1.46	2.12401 	-0.0783944 	-1.70415 	0.000743228 	-0.109735 	0.00262724 	
1.465	2.12495 	-0.0787764 	-1.70397 	0.000717904 	-0.109786 	0.00261211 	
1.47	2.12398 	-0.078185 	-1.7061 	0.000764333 	-0.109834 	0.00261964 	
1.475	2.12504 	-0.0785808 	-1.70602 	0.000738301 	-0.10989 	0.00260472 	
1.48	2.12597 	-0.0789626 	-1.70584 	0.000712951 	-0.109941 	0.00258954 	
1.485	2.12501 	-0.0783816 	-1.70796 	0.000759105 	-0.109988 	0.00259739 	
1.49	2.12605 	-0.0787769 	-1.70787 	0.000733055 	-0.110044 	0.00258242 	
1.495	2.12698 	-0.0791583 	-1.70769 	0.000707689 	-0.110095 	0.0025672 	
1.5	2.12602 	-0.0785878 	-1.7098 	0.00075355 	-0.110142 	0.00257536 	
1.505	2.12706 	-0.0789825 	-1.70971 	0.000727492 	-0.110197 	0.00256035 	
1.51	2.12799 	-0.0793633 	-1.70953 	0.000702119 	-0.110248 	0.00254509 	
1.515	2.12878 	-0.0797039 	-1.70927 	0.000679099 	-0.110292 	0.00253071 	
1.52	2.12727 	-0.078849 	-1.71207 	0.00074684 	-0.110338 	0.00254714 	
1.525	2.12839 	-0.079244 	-1.71207 	0.000720873 	-0.110396 	0.00253277 	
1.53	2.12935 	-0.0796288 	-1.71193 	0.000695265 	-0.110448 	0.00251756 	
1.535	2.12835 	-0.0790569 	-1.71407 	0.000742415 	-0.110494 	0.00252706 	
1.54	2.12938 	-0.0794531 	-1.71399 	0.000716175 	-0.110549 	0.0025119 	
1.545	2.1303 	-0.0798356 	-1.71381 	0.0006906 	-0.110599 	0.00249644 	
1.55	2.13107 	-0.0801775 	-1.71355 	0.000667408 	-0.110643 	0.00248187 	
1.555	2.12958 	-0.079356 	-1.71631 	0.000734145 	-0.110688 	0.00249912 	
1.56	2.13069 	-0.0797514 	-1.7163 	0.000708055 	-0.110745 	0.00248457 	
1.565	2.13163 	-0.0801364 	-1.71615 	0.000682333 	-0.110796 	0.00246921 	
1.57	2.13064 	-0.0795929 	-1.71826 	0.000728486 	-0.110842 	0.00247926 	
1.575	2.13166 	-0.0799886 	-1.71817 	0.000702178 	-0.110896 	0.00246395 	
1.58	2.13256 	-0.0803705 	-1.71799 	0.000676546 	-0.110945 	0.00244838 	
1.585	2.13332 	-0.0807119 	-1.71773 	0.000653298 	-0.110988 	0.00243371 	
1.59	2.13186 	-0.0799264 	-1.72044 	0.000718741 	-0.111032 	0.00245167 	
1.595	2.13289 	-0.0802591 	-1.72036 	0.000688081 	-0.111082 	0.00244429 	
1.6	2.13382 	-0.0806425 	-1.72021 	0.000662371 	-0.111132 	0.00242885 	
1.605	2.13458 	-0.0809819 	-1.71995 	0.000639201 	-0.111175 	0.00241418 	
1.61	2.13308 	-0.0801929 	-1.72268 	0.000705778 	-0.111219 	0.00243325 	
1.615	2.13415 	-0.0805866 	-1.72268 	0.000679658 	-0.111275 	0.00241858 	
1.62	2.13507 	-0.0809702 	-1.72253 	0.00065389 	-0.111324 	0.00240307 	
1.625	2.13582 	-0.0813096 	-1.72227 	0.000630676 	-0.111367 	0.00238833 	
1.63	2.13433 	-0.0805405 	-1.72498 	0.000696534 	-0.11141 	0.00240778 	
1.635	2.1354 	-0.0809334 	-1.72497 	0.000670408 	-0.111465 	0.00239305 	
1.64	2.13631 	-0.0813163 	-1.72482 	0.000644636 	-0.111514 	0.00237749 	
1.645	2.13705 	-0.0816551 	-1.72457 	0.000621415 	-0.111556 	0.00236271 	
1.65	2.13558 	-0.0809079 	-1.72724 	0.000686357 	-0.111599 	0.00238246 	
1.655	2.13663 	-0.0812993 	-1.72722 	0.000660274 	-0.111653 	0.00236769 	
1.66	2.13752 	-0.0816807 	-1.72708 	0.000634548 	-0.111702 	0.00235212 	
1.665	2.13826 	-0.0820184 	-1.72682 	0.000611364 	-0.111743 	0.00233733 	
1.67	2.13681 	-0.0812929 	-1.72945 	0.000675353 	-0.111785 	0.00235735 	
1.675	2.13784 	-0.0816822 	-1.72944 	0.000649357 	-0.111839 	0.00234257 	
1.68	2.13873 	-0.0820615 	-1.72929 	0.000623719 	-0.111887 	0.00232702 	
1.685	2.13945 	-0.0823974 	-1.72904 	0.000600611 	-0.111927 	0.00231225 	
1.69	2.13802 	-0.0816935 	-1.73163 	0.000663622 	-0.111969 	0.00233253 	
1.695	2.13903 	-0.0820802 	-1.73161 	0.000637751 	-0.112022 	0.00231777 	
1.7	2.13991 	-0.0824568 	-1.73146 	0.000612238 	-0.112069 	0.00230225 	
1.705	2.14062 	-0.0827905 	-1.73121 	0.00058924 	-0.112109 	0.00228754 	
1.71	2.13921 	-0.082108 	-1.73377 	0.000651243 	-0.11215 	0.00230804 	
1.715	2.14021 	-0.0824915 	-1.73374 	0.000625531 	-0.112203 	0.00229332 	
1.72	2.14107 	-0.082865 	-1.7336 	0.000600176 	-0.112249 	0.00227786 	
1.725	2.14178 	-0.083196 	-1.73335 	0.000577317 	-0.112288 	0.00226321 	
1.73	2.14039 	-0.0825349 	-1.73586 	0.000638282 	-0.112329 	0.00228391 	
1.735	2.14137 	-0.0829147 	-1.73584 	0.00061276 	-0.11238 	0.00226925 	
1.74	2.14222 	-0.0832847 	-1.73569 	0.000587593 	-0.112426 	0.00225388 	
1.745	2.14292 	-0.0836127 	-1.73544 	0.000564899 	-0.112465 	0.00223932 	
1.75	2.14155 	-0.0829727 	-1.73791 	0.000624793 	-0.112504 	0.00226018 	
1.755	2.14251 	-0.0833485 	-1.73788 	0.000599488 	-0.112555 	0.0022456 	
1.76	2.14335 	-0.0837146 	-1.73774 	0.000574536 	-0.1126 	0.00223033 	
1.765	2.14403 	-0.0840393 	-1.7375 	0.000552033 	-0.112638 	0.00221588 	
1.77	2.14269 	-0.0834203 	-1.73992 	0.00061082 	-0.112677 	0.00223686 	
1.775	2.14363 	-0.0837917 	-1.73989 	0.00058576 	-0.112726 	0.00222238 	
1.78	2.14445 	-0.0841536 	-1.73975 	0.000561049 	-0.11277 	0.00220723 	
1.785	2.14513 	-0.0844746 	-1.73951 	0.000538759 	-0.112808 	0.00219291 	
1.79	2.14381 	-0.0838765 	-1.74188 	0.000596405 	-0.112847 	0.00221398 	
1.795	2.14473 	-0.0842431 	-1.74185 	0.000571613 	-0.112895 	0.00219961 	
1.8	2.14554 	-0.0846005 	-1.74171 	0.000547167 	-0.112938 	0.0021846 	
1.805	2.1462 	-0.0849175 	-1.74148 	0.000525113 	-0.112975 	0.00217042 	
1.81	2.14491 	-0.0843403 	-1.7438 	0.000581581 	-0.113013 	0.00219153 	
1.815	2.14582 	-0.0847018 	-1.74377 	0.000557083 	-0.11306 	0.00217729 	
1.82	2.1466 	-0.0850542 	-1.74363 	0.000532925 	-0.113103 	0.00216244 	
1.825	2.14726 	-0.085367 	-1.7434 	0.000511128 	-0.113139 	0.00214841 	
1.83	2.14599 	-0.0848105 	-1.74568 	0.000566382 	-0.113176 	0.00216954 	
1.835	2.14688 	-0.0851667 	-1.74564 	0.0005422 	-0.113222 	0.00215544 	
1.84	2.14765 	-0.0855139 	-1.7455 	0.000518354 	-0.113264 	0.00214075 	
1.845	2.14829 	-0.0858222 	-1.74528 	0.000496834 	-0.113299 	0.0021269 	
1.85	2.14705 	-0.0852862 	-1.7475 	0.000550839 	-0.113336 	0.00214799 	
1.855	2.14792 	-0.0856367 	-1.74746 	0.000526995 	-0.113381 	0.00213405 	
1.86	2.14867 	-0.0859785 	-1.74733 	0.000503483 	-0.113421 	0.00211955 	
1.865	2.1493 	-0.086282 	-1.74711 	0.00048226 	-0.113456 	0.00210588 	
1.87	2.14809 	-0.0857664 	-1.74928 	0.00053498 	-0.113492 	0.00212689 	
1.875	2.14894 	-0.0861109 	-1.74924 	0.000511497 	-0.113536 	0.00211313 	
1.88	2.14968 	-0.0864469 	-1.74911 	0.00048834 	-0.113576 	0.00209883 	
1.885	2.15029 	-0.0867454 	-1.74889 	0.000467435 	-0.11361 	0.00208536 	
1.89	2.14911 	-0.0862501 	-1.75101 	0.000518835 	-0.113644 	0.00210625 	
1.895	2.14994 	-0.0865883 	-1.75097 	0.000495734 	-0.113687 	0.00209267 	
1.9	2.15066 	-0.0869182 	-1.75084 	0.000472954 	-0.113726 	0.00207859 	
1.905	2.15126 	-0.0872115 	-1.75063 	0.000452385 	-0.11376 	0.00206534 	
1.91	2.15183 	-0.0874803 	-1.75041 	0.000433414 	-0.113791 	0.00205303 	
1.915	2.1502 	-0.0867171 	-1.75286 	0.00049255 	-0.113814 	0.00209437 	
1.92	2.15106 	-0.0870487 	-1.75288 	0.000469995 	-0.113858 	0.00208157 	
1.925	2.15179 	-0.0873753 	-1.75278 	0.000447475 	-0.113897 	0.00206781 	
1.93	2.15237 	-0.087663 	-1.75257 	0.000427264 	-0.11393 	0.00205477 	
1.935	2.15293 	-0.0879266 	-1.75236 	0.000408623 	-0.11396 	0.00204265 	
1.94	2.15139 	-0.0872824 	-1.75489 	0.000474603 	-0.113992 	0.00207196 	
1.945	2.15222 	-0.0876085 	-1.75491 	0.000452391 	-0.114035 	0.00205932 	
1.95	2.15293 	-0.0879298 	-1.75481 	0.000430198 	-0.114073 	0.00204574 	
1.955	2.1535 	-0.0882129 	-1.75461 	0.00041028 	-0.114105 	0.00203287 	
1.96	2.15404 	-0.0884724 	-1.7544 	0.000391909 	-0.114134 	0.00202092 	
1.965	2.15255 	-0.0878616 	-1.75685 	0.000455513 	-0.114166 	0.00204967 	
1.97	2.15335 	-0.0881808 	-1.75686 	0.000433723 	-0.114207 	0.0020372 	
1.975	2.15404 	-0.0884954 	-1.75676 	0.000411957 	-0.114243 	0.00202385 	
1.98	2.15459 	-0.0887728 	-1.75656 	0.000392411 	-0.114274 	0.00201122 	
1.985	2.15511 	-0.0890272 	-1.75636 	0.000374384 	-0.114303 	0.00199949 	
1.99	2.15368 	-0.0884504 	-1.75872 	0.000435435 	-0.114333 	0.00202756 	
1.995	2.15445 	-0.0887614 	-1.75872 	0.000414149 	-0.114373 	0.0020153 	
2	2.15511 	-0.0890681 	-1.75862 	0.000392893 	-0.114408 	0.00200223 	
2.005	2.15565 	-0.0893389 	-1.75843 	0.000373794 	-0.114438 	0.00198989 	
2.01	2.15616 	-0.0895871 	-1.75824 	0.00035618 	-0.114466 	0.00197843 	
2.015	2.15479 	-0.0890435 	-1.7605 	0.000414633 	-0.114495 	0.00200575 	
2.02	2.15552 	-0.0893455 	-1.76049 	0.00039392 	-0.114533 	0.00199376 	
2.025	2.15616 	-0.0896434 	-1.76039 	0.000373241 	-0.114567 	0.00198102 	
2.03	2.15668 	-0.0899066 	-1.76021 	0.00035465 	-0.114596 	0.001969 	
2.035	2.15717 	-0.0901479 	-1.76003 	0.000337505 	-0.114623 	0.00195785 	
2.04	2.15586 	-0.0896369 	-1.76219 	0.000393323 	-0.114651 	0.00198436 	
2.045	2.15657 	-0.0899291 	-1.76218 	0.00037324 	-0.114687 	0.00197267 	
2.05	2.15718 	-0.0902173 	-1.76208 	0.000353192 	-0.11472 	0.0019603 	
2.055	2.15768 	-0.0904723 	-1.76191 	0.000335159 	-0.114747 	0.00194865 	
2.06	2.15815 	-0.0907061 	-1.76173 	0.000318529 	-0.114773 	0.00193784 	
2.065	2.1586 	-0.0909203 	-1.76155 	0.000303197 	-0.114798 	0.00192781 	
2.07	2.15703 	-0.0903035 	-1.764 	0.000369412 	-0.114824 	0.00196042 	
2.075	2.15774 	-0.0905849 	-1.76404 	0.000350142 	-0.11486 	0.00194953 	
2.08	2.15835 	-0.0908651 	-1.76396 	0.00033068 	-0.114892 	0.00193765 	
2.085	2.15883 	-0.091111 	-1.7638 	0.000313264 	-0.114919 	0.00192639 	
2.09	2.15928 	-0.0913366 	-1.76363 	0.000297201 	-0.114943 	0.00191595 	
2.095	2.1597 	-0.0915433 	-1.76346 	0.000282392 	-0.114967 	0.00190625 	
2.1	2.1582 	-0.0909615 	-1.7658 	0.000345766 	-0.114992 	0.00193797 	
2.105	2.15887 	-0.0912322 	-1.76583 	0.000327192 	-0.115026 	0.00192741 	
2.11	2.15945 	-0.091502 	-1.76576 	0.000308425 	-0.115056 	0.00191592 	
2.115	2.1599 	-0.0917392 	-1.7656 	0.000291621 	-0.115081 	0.00190507 	
2.12	2.16033 	-0.0919567 	-1.76544 	0.000276122 	-0.115105 	0.001895 	
2.125	2.16074 	-0.092156 	-1.76528 	0.000261832 	-0.115128 	0.00188565 	
2.13	2.15934 	-0.0916217 	-1.76747 	0.000321013 	-0.115151 	0.00191568 	
2.135	2.15996 	-0.0918799 	-1.76749 	0.000303244 	-0.115183 	0.00190549 	
2.14	2.1605 	-0.0921375 	-1.76742 	0.000285299 	-0.115212 	0.00189447 	
2.145	2.16094 	-0.0923643 	-1.76727 	0.000269214 	-0.115236 	0.00188409 	
2.15	2.16135 	-0.0925724 	-1.76712 	0.000254377 	-0.115258 	0.00187447 	
2.155	2.16173 	-0.0927632 	-1.76697 	0.000240696 	-0.115279 	0.00186553 	
2.16	2.16209 	-0.0929379 	-1.76682 	0.000228086 	-0.115299 	0.00185723 	
2.165	2.16054 	-0.0923426 	-1.76917 	0.000293459 	-0.115321 	0.00189126 	
2.17	2.16115 	-0.0925866 	-1.76922 	0.000276719 	-0.115352 	0.00188187 	
2.175	2.16167 	-0.0928322 	-1.76917 	0.00025963 	-0.115379 	0.00187147 	
2.18	2.16208 	-0.0930472 	-1.76903 	0.000244375 	-0.115401 	0.00186164 	
2.185	2.16246 	-0.0932445 	-1.76889 	0.000230302 	-0.115422 	0.00185251 	
2.19	2.16282 	-0.0934255 	-1.76876 	0.000217325 	-0.115442 	0.00184404 	
2.195	2.16316 	-0.0935912 	-1.76862 	0.000205361 	-0.115461 	0.00183618 	
2.2	2.16348 	-0.093743 	-1.76848 	0.000194336 	-0.115479 	0.00182889 	
2.205	2.16182 	-0.0931076 	-1.77092 	0.000263965 	-0.115498 	0.00186593 	
2.21	2.1624 	-0.0933364 	-1.77099 	0.000248318 	-0.115528 	0.00185734 	
2.215	2.16289 	-0.0935687 	-1.77096 	0.000232179 	-0.115553 	0.00184759 	
2.22	2.16327 	-0.0937711 	-1.77083 	0.000217824 	-0.115574 	0.00183834 	
2.225	2.16363 	-0.0939569 	-1.77071 	0.000204579 	-0.115593 	0.00182976 	
2.23	2.16396 	-0.0941274 	-1.77059 	0.000192361 	-0.115611 	0.0018218 	
2.235	2.16427 	-0.0942837 	-1.77046 	0.000181095 	-0.115629 	0.00181442 	
2.24	2.16456 	-0.0944269 	-1.77033 	0.000170711 	-0.115645 	0.00180757 	
2.245	2.16308 	-0.093869 	-1.77252 	0.000232881 	-0.115662 	0.00184105 	
2.25	2.1636 	-0.0940796 	-1.77257 	0.000218424 	-0.115689 	0.00183296 	
2.255	2.16404 	-0.0942938 	-1.77254 	0.000203523 	-0.115712 	0.00182391 	
2.26	2.1644 	-0.094505 	-1.77246 	0.000191985 	-0.115733 	0.0018125 	
2.265	2.16473 	-0.0946771 	-1.77235 	0.000179727 	-0.115751 	0.00180459 	
2.27	2.16503 	-0.0948351 	-1.77224 	0.000168418 	-0.115767 	0.00179725 	
2.275	2.16531 	-0.0949801 	-1.77213 	0.000157987 	-0.115783 	0.00179043 	
2.28	2.16558 	-0.095113 	-1.77202 	0.000148369 	-0.115798 	0.00178412 	
2.285	2.16583 	-0.0952347 	-1.77191 	0.000139503 	-0.115812 	0.00177825 	
2.29	2.16607 	-0.0953461 	-1.7718 	0.000131333 	-0.115825 	0.00177281 	
2.295	2.16446 	-0.0947369 	-1.7741 	0.000198588 	-0.11584 	0.0018098 	
2.3	2.16494 	-0.0949252 	-1.77418 	0.000185742 	-0.115864 	0.00180285 	
2.305	2.16535 	-0.0951195 	-1.77417 	0.000172263 	-0.115885 	0.00179476 	
2.31	2.16565 	-0.0952884 	-1.77408 	0.000160316 	-0.115901 	0.00178712 	
2.315	2.16594 	-0.0954436 	-1.77399 	0.000149287 	-0.115917 	0.00178002 	
2.32	2.1662 	-0.0955863 	-1.77389 	0.000139107 	-0.115931 	0.00177344 	
2.325	2.16646 	-0.0957173 	-1.7738 	0.000129712 	-0.115945 	0.00176734 	
2.33	2.16669 	-0.0958376 	-1.77371 	0.000121045 	-0.115958 	0.00176168 	
2.335	2.16691 	-0.0959479 	-1.77362 	0.000113051 	-0.11597 	0.00175643 	
2.34	2.16712 	-0.096049 	-1.77353 	0.00010568 	-0.115982 	0.00175155 	
2.345	2.16731 	-0.0961416 	-1.77344 	9.88849e-05 	-0.115993 	0.00174703 	
2.35	2.1675 	-0.0962264 	-1.77335 	9.26231e-05 	-0.116003 	0.00174284 	
2.355	2.16767 	-0.096304 	-1.77326 	8.68544e-05 	-0.116012 	0.00173895 	
2.36	2.166 	-0.0956704 	-1.77558 	0.000156389 	-0.116024 	0.00177793 	
2.365	2.16642 	-0.0958304 	-1.77568 	0.000145555 	-0.116045 	0.00177228 	
2.37	2.16677 	-0.0959991 	-1.77569 	0.000133919 	-0.116063 	0.00176541 	
2.375	2.16702 	-0.0961448 	-1.77563 	0.000123671 	-0.116076 	0.00175889 	
2.38	2.16726 	-0.0962789 	-1.77556 	0.000114203 	-0.116089 	0.00175285 	
2.385	2.16748 	-0.0964023 	-1.77549 	0.000105455 	-0.116101 	0.00174725 	
2.39	2.16769 	-0.0965159 	-1.77543 	9.73761e-05 	-0.116112 	0.00174205 	
2.395	2.16788 	-0.0966205 	-1.77536 	8.99145e-05 	-0.116123 	0.00173723 	
2.4	2.16807 	-0.0967166 	-1.7753 	8.30244e-05 	-0.116133 	0.00173276 	
2.405	2.16824 	-0.096805 	-1.77524 	7.66629e-05 	-0.116142 	0.00172862 	
2.41	2.1684 	-0.0968862 	-1.77517 	7.07902e-05 	-0.116151 	0.00172477 	
2.415	2.16854 	-0.0969608 	-1.77511 	6.53696e-05 	-0.116159 	0.00172121 	
2.42	2.16868 	-0.0970294 	-1.77505 	6.03668e-05 	-0.116167 	0.0017179 	
2.425	2.16881 	-0.0970923 	-1.77499 	5.57499e-05 	-0.116174 	0.00171483 	
2.43	2.16894 	-0.0971502 	-1.77493 	5.14891e-05 	-0.116181 	0.00171199 	
2.435	2.16905 	-0.0972032 	-1.77487 	4.75584e-05 	-0.116187 	0.00170935 	
2.44	2.16916 	-0.0972519 	-1.77482 	4.39318e-05 	-0.116193 	0.0017069 	
2.445	2.16926 	-0.0972966 	-1.77476 	4.05858e-05 	-0.116199 	0.00170463 	
2.45	2.16935 	-0.0973376 	-1.77471 	3.74995e-05 	-0.116204 	0.00170252 	
2.455	2.16944 	-0.0973752 	-1.77466 	3.46528e-05 	-0.116209 	0.00170057 	
2.46	2.16953 	-0.0974097 	-1.77461 	3.2027e-05 	-0.116214 	0.00169876 	
2.465	2.1696 	-0.0974413 	-1.77456 	2.96049e-05 	-0.116218 	0.00169708 	
2.47	2.16968 	-0.0974703 	-1.77452 	2.73705e-05 	-0.116222 	0.00169552 	
2.475	2.16974 	-0.0974969 	-1.77447 	2.53088e-05 	-0.116226 	0.00169407 	
2.48	2.16981 	-0.0975213 	-1.77443 	2.34063e-05 	-0.11623 	0.00169273 	
2.485	2.16987 	-0.0975437 	-1.77439 	2.165e-05 	-0.116233 	0.00169149 	
2.49	2.16992 	-0.0975643 	-1.77435 	2.00284e-05 	-0.116237 	0.00169034 	
2.495	2.16997 	-0.0975833 	-1.77431 	1.85303e-05 	-0.11624 	0.00168927 	
2.5	2.17002 	-0.0976007 	-1.77428 	1.71456e-05 	-0.116242 	0.00168827 	
2.505	2.16831 	-0.0969467 	-1.77655 	8.76806e-05 	-0.116247 	0.00172872 	
2.51	2.1686 	-0.0970524 	-1.77669 	8.07867e-05 	-0.116261 	0.00172558 	
2.515	2.16883 	-0.0971713 	-1.77675 	7.28278e-05 	-0.116272 	0.00172114 	
2.52	2.16899 	-0.0972722 	-1.77675 	6.59431e-05 	-0.11628 	0.00171692 	
2.525	2.16913 	-0.0973656 	-1.77674 	5.95648e-05 	-0.116288 	0.00171301 	
2.53	2.16926 	-0.0974523 	-1.77674 	5.36468e-05 	-0.116294 	0.00170938 	
2.535	2.16938 	-0.0975328 	-1.77673 	4.81543e-05 	-0.116301 	0.00170602 	
2.54	2.1695 	-0.0976074 	-1.77672 	4.30546e-05 	-0.116307 	0.00170289 	
2.545	2.16961 	-0.0976767 	-1.77672 	3.83169e-05 	-0.116312 	0.00169998 	
2.55	2.16971 	-0.0977411 	-1.77671 	3.39129e-05 	-0.116318 	0.00169727 	
2.555	2.16981 	-0.0978009 	-1.77671 	2.98165e-05 	-0.116323 	0.00169475 	
2.56	2.16991 	-0.0978566 	-1.7767 	2.60032e-05 	-0.116328 	0.0016924 	
2.565	2.17 	-0.0979084 	-1.77669 	2.24506e-05 	-0.116332 	0.00169021 	
2.57	2.17009 	-0.0979566 	-1.77669 	1.91376e-05 	-0.116337 	0.00168816 	
2.575	2.17018 	-0.0980015 	-1.77668 	1.6045e-05 	-0.116341 	0.00168625 	
2.58	2.17027 	-0.0980434 	-1.77667 	1.3154e-05 	-0.116345 	0.00168445 	
2.585	2.17036 	-0.0980826 	-1.77666 	1.04465e-05 	-0.11635 	0.00168277 	
2.59	2.17044 	-0.0981192 	-1.77665 	7.90914e-06 	-0.116354 	0.00168118 	
2.595	2.17053 	-0.0981534 	-1.77664 	5.52857e-06 	-0.116358 	0.00167969 	
2.6	2.17096 	-0.0949376 	-1.7764 	0.000151556 	-0.116363 	0.00164631 	
2.605	2.17106 	-0.0951356 	-1.7764 	0.000139822 	-0.11637 	0.0016413 	
2.61	2.17112 	-0.0953704 	-1.77638 	0.000126064 	-0.116375 	0.00163552 	
2.615	2.17144 	-0.0959277 	-1.77678 	0.000139914 	-0.116415 	0.00158768 	
2.62	2.1715 	-0.0961182 	-1.77676 	0.000128749 	-0.116419 	0.00158291 	
2.625	2.17156 	-0.0962964 	-1.77673 	0.000118294 	-0.116424 	0.00157844 	
2.63	2.17163 	-0.0964625 	-1.77671 	0.000108537 	-0.116428 	0.00157425 	
2.635	2.17223 	-0.0933465 	-1.77624 	0.000244911 	-0.116434 	0.00153363 	
2.64	2.1723 	-0.0936551 	-1.77622 	0.000227118 	-0.11644 	0.00152648 	
2.645	2.17235 	-0.093991 	-1.77618 	0.000207803 	-0.116446 	0.00151877 	
2.65	2.17239 	-0.0942897 	-1.77614 	0.000190629 	-0.116451 	0.00151187 	
2.655	2.17244 	-0.094567 	-1.7761 	0.000174661 	-0.116455 	0.00150543 	
2.66	2.1725 	-0.0948246 	-1.77606 	0.000159808 	-0.11646 	0.00149941 	
2.665	2.17315 	-0.0914595 	-1.7755 	0.000305927 	-0.116466 	0.00145288 	
2.67	2.17322 	-0.0918639 	-1.77547 	0.000282806 	-0.116474 	0.00144379 	
2.675	2.17326 	-0.0922934 	-1.77542 	0.000258276 	-0.11648 	0.0014342 	
2.68	2.1733 	-0.0926774 	-1.77537 	0.000236338 	-0.116485 	0.00142556 	
2.685	2.17335 	-0.0930339 	-1.77531 	0.000215944 	-0.11649 	0.00141751 	
2.69	2.17399 	-0.0897479 	-1.77474 	0.000357494 	-0.116496 	0.00136893 	
2.695	2.17406 	-0.0902381 	-1.77469 	0.000329565 	-0.116505 	0.00135805 	
2.7	2.1741 	-0.0907475 	-1.77463 	0.00030056 	-0.116511 	0.00134679 	
2.705	2.17413 	-0.0912055 	-1.77456 	0.00027447 	-0.116517 	0.0013366 	
2.71	2.17471 	-0.0883231 	-1.77402 	0.000397038 	-0.116523 	0.0012896 	
2.715	2.17477 	-0.0888849 	-1.77396 	0.000365092 	-0.116532 	0.00127721 	
2.72	2.1748 	-0.0894561 	-1.77388 	0.000332615 	-0.116539 	0.00126463 	
2.725	2.17484 	-0.0899729 	-1.7738 	0.000303223 	-0.116545 	0.00125319 	
2.73	2.17546 	-0.0868766 	-1.77321 	0.000434701 	-0.116552 	0.00120202 	
2.735	2.17553 	-0.0875028 	-1.77314 	0.000399136 	-0.116561 	0.00118824 	
2.74	2.17557 	-0.0881377 	-1.77306 	0.000363076 	-0.116569 	0.00117429 	
2.745	2.1756 	-0.0887124 	-1.77297 	0.000330424 	-0.116576 	0.0011616 	
2.75	2.17629 	-0.0853469 	-1.77232 	0.00047329 	-0.116584 	0.00110564 	
2.755	2.17636 	-0.0860396 	-1.77225 	0.000433985 	-0.116594 	0.00109041 	
2.76	2.1764 	-0.086741 	-1.77216 	0.000394184 	-0.116603 	0.00107501 	
2.765	2.17696 	-0.0841373 	-1.77159 	0.000502057 	-0.116611 	0.0010244 	
2.77	2.17701 	-0.0848902 	-1.7715 	0.000459362 	-0.116621 	0.00100788 	
2.775	2.17705 	-0.0856378 	-1.7714 	0.000416962 	-0.116629 	0.00099147 	
2.78	2.17762 	-0.0829829 	-1.77081 	0.000526625 	-0.116638 	0.00093879 	
2.785	2.17768 	-0.0837833 	-1.77072 	0.000481259 	-0.116648 	0.000921221 	
2.79	2.17772 	-0.0845765 	-1.77061 	0.000436298 	-0.116657 	0.000903808 	
2.795	2.17833 	-0.0817923 	-1.76999 	0.000551276 	-0.116666 	0.000848303 	
2.8	2.17839 	-0.0826404 	-1.76989 	0.000503232 	-0.116678 	0.000829674 	
2.805	2.17844 	-0.0834804 	-1.76978 	0.000455643 	-0.116688 	0.000811225 	
2.81	2.17908 	-0.0805619 	-1.76912 	0.000576154 	-0.116697 	0.000752813 	
2.815	2.17915 	-0.0814587 	-1.76902 	0.000525377 	-0.116709 	0.000733098 	
2.82	2.1792 	-0.0823464 	-1.7689 	0.000475103 	-0.11672 	0.000713586 	
2.825	2.17986 	-0.079296 	-1.76821 	0.00060105 	-0.11673 	0.000652263 	
2.83	2.17995 	-0.0802423 	-1.76811 	0.000547496 	-0.116742 	0.00063144 	
2.835	2.18 	-0.0811785 	-1.76798 	0.000494498 	-0.116754 	0.000610845 	
2.84	2.18069 	-0.0779987 	-1.76726 	0.000625764 	-0.116764 	0.000546622 	
2.845	2.18078 	-0.0789951 	-1.76715 	0.000569405 	-0.116778 	0.000524675 	
2.85	2.18084 	-0.0799803 	-1.76702 	0.000513659 	-0.116789 	0.000502983 	
2.855	2.18156 	-0.0766738 	-1.76627 	0.000650135 	-0.1168 	0.000435878 	
2.86	2.18166 	-0.0777205 	-1.76616 	0.000590955 	-0.116815 	0.000412795 	
2.865	2.18172 	-0.078755 	-1.76602 	0.000532449 	-0.116827 	0.000389998 	
2.87	2.18247 	-0.0753244 	-1.76524 	0.000674033 	-0.116838 	0.000320033 	
2.875	2.18257 	-0.0764216 	-1.76512 	0.000612029 	-0.116853 	0.000295807 	
2.88	2.18312 	-0.0743491 	-1.76451 	0.000691482 	-0.116866 	0.000236502 	
2.885	2.18319 	-0.0754962 	-1.76437 	0.000626673 	-0.11688 	0.000211216 	
2.89	2.18324 	-0.0766087 	-1.76421 	0.000563808 	-0.116892 	0.000186669 	
2.895	2.18402 	-0.0731118 	-1.7634 	0.000707655 	-0.116905 	0.000113462 	
2.9	2.18413 	-0.0742879 	-1.76328 	0.00064124 	-0.116921 	8.74352e-05 	
2.905	2.18471 	-0.0721131 	-1.76263 	0.00072454 	-0.116934 	2.44912e-05 	
2.91	2.18479 	-0.0733388 	-1.76248 	0.000655347 	-0.116949 	-2.58558e-06 	
2.915	2.18535 	-0.071247 	-1.76183 	0.000734685 	-0.116962 	-6.55238e-05 	
2.92	2.18509 	-0.0720747 	-1.76115 	0.000630346 	-0.116935 	-3.99252e-05 	
2.925	2.18567 	-0.0699516 	-1.76049 	0.000710817 	-0.116948 	-0.000104075 	
2.93	2.18575 	-0.0712326 	-1.76033 	0.00063855 	-0.116964 	-0.000132422 	
2.935	2.18634 	-0.0690659 	-1.75966 	0.000720762 	-0.116978 	-0.000197879 	
2.94	2.18642 	-0.0703745 	-1.7595 	0.000646954 	-0.116994 	-0.000226878 	
2.945	2.18703 	-0.0681664 	-1.75881 	0.000730776 	-0.117008 	-0.000293711 	
2.95	2.18712 	-0.0695036 	-1.75865 	0.00065538 	-0.117024 	-0.000323376 	
2.955	2.18774 	-0.0672551 	-1.75795 	0.000740775 	-0.117039 	-0.000391577 	
2.96	2.18783 	-0.0686211 	-1.75779 	0.000663779 	-0.117056 	-0.000421915 	
2.965	2.18846 	-0.0663332 	-1.75708 	0.000750703 	-0.117071 	-0.000491477 	
2.97	2.18856 	-0.0677282 	-1.75691 	0.000672101 	-0.117088 	-0.000522491 	
2.975	2.18921 	-0.0654018 	-1.75619 	0.000760512 	-0.117104 	-0.000593407 	
2.98	2.18931 	-0.0668259 	-1.75602 	0.0006803 	-0.117121 	-0.000625101 	
2.985	2.18997 	-0.064462 	-1.75528 	0.000770162 	-0.117137 	-0.000697361 	
2.99	2.19008 	-0.0659152 	-1.75511 	0.000688341 	-0.117155 	-0.000729736 	
2.995	2.19074 	-0.0635148 	-1.75436 	0.000779616 	-0.117171 	-0.000803328 	
3	2.19085 	-0.0649969 	-1.75419 	0.00069619 	-0.11719 	-0.000836386 	
3.005	2.19153 	-0.0625609 	-1.75343 	0.000788847 	-0.117206 	-0.000911299 	
3.01	2.19165 	-0.064072 	-1.75326 	0.000703822 	-0.117225 	-0.000945038 	
3.015	2.19234 	-0.0616012 	-1.75249 	0.000797827 	-0.117241 	-0.00102126 	
3.02	2.19246 	-0.063141 	-1.75231 	0.000711213 	-0.117261 	-0.00105568 	
3.025	2.19316 	-0.0606362 	-1.75153 	0.000806537 	-0.117277 	-0.00113319 	
3.03	2.19328 	-0.0622047 	-1.75135 	0.000718343 	-0.117297 	-0.00116829 	
3.035	2.19399 	-0.0596667 	-1.75055 	0.000814958 	-0.117314 	-0.00124708 	
3.04	2.19412 	-0.0612636 	-1.75037 	0.000725197 	-0.117334 	-0.00128285 	
3.045	2.19484 	-0.0586932 	-1.74956 	0.000823074 	-0.117352 	-0.00136291 	
3.05	2.19497 	-0.0603183 	-1.74938 	0.000731761 	-0.117372 	-0.00139935 	
3.055	2.1957 	-0.0577164 	-1.74856 	0.000830872 	-0.117389 	-0.00148065 	
3.06	2.19584 	-0.0593694 	-1.74838 	0.000738023 	-0.11741 	-0.00151776 	
3.065	2.19658 	-0.0567366 	-1.74755 	0.000838343 	-0.117428 	-0.00160029 	
3.07	2.19672 	-0.0584173 	-1.74737 	0.000743975 	-0.117449 	-0.00163806 	
3.075	2.19747 	-0.0557545 	-1.74653 	0.000845476 	-0.117467 	-0.0017218 	
3.08	2.19761 	-0.0574625 	-1.74634 	0.000749607 	-0.117489 	-0.00176023 	
3.085	2.19837 	-0.0547703 	-1.74549 	0.000852265 	-0.117507 	-0.00184517 	
3.09	2.19851 	-0.0565054 	-1.7453 	0.000754914 	-0.117529 	-0.00188425 	
3.095	2.19928 	-0.0537847 	-1.74444 	0.000858703 	-0.117547 	-0.00197035 	
3.1	2.19943 	-0.0555465 	-1.74425 	0.00075989 	-0.117569 	-0.00201008 	
3.105	2.20021 	-0.0527979 	-1.74338 	0.000864786 	-0.117588 	-0.00209734 	
3.11	2.20036 	-0.0545861 	-1.74319 	0.000764532 	-0.11761 	-0.0021377 	
3.115	2.20114 	-0.0518105 	-1.74231 	0.000870508 	-0.117629 	-0.0022261 	
3.12	2.2013 	-0.0536246 	-1.74212 	0.000768835 	-0.117652 	-0.0022671 	
3.125	2.20209 	-0.0508227 	-1.74122 	0.000875868 	-0.117671 	-0.0023566 	
3.13	2.20225 	-0.0526624 	-1.74103 	0.000772799 	-0.117694 	-0.00239823 	
3.135	2.20305 	-0.049835 	-1.74013 	0.000880863 	-0.117713 	-0.00248883 	
3.14	2.20321 	-0.0516999 	-1.73994 	0.00077642 	-0.117737 	-0.00253107 	
3.145	2.20402 	-0.0488476 	-1.73902 	0.00088549 	-0.117756 	-0.00262274 	
3.15	2.20419 	-0.0507374 	-1.73883 	0.000779697 	-0.11778 	-0.0026656 	
3.155	2.20501 	-0.047861 	-1.73791 	0.000889749 	-0.117799 	-0.00275832 	
3.16	2.20518 	-0.0497752 	-1.73772 	0.00078263 	-0.117823 	-0.00280177 	
3.165	2.206 	-0.0468756 	-1.73679 	0.000893638 	-0.117843 	-0.00289552 	
3.17	2.20617 	-0.0488137 	-1.73659 	0.000785218 	-0.117867 	-0.00293957 	
3.175	2.207 	-0.0458915 	-1.73565 	0.000897158 	-0.117887 	-0.00303433 	
3.18	2.20718 	-0.0478532 	-1.73546 	0.000787462 	-0.117912 	-0.00307897 	
3.185	2.20802 	-0.0449092 	-1.73451 	0.000900306 	-0.117932 	-0.0031747 	
3.19	2.2082 	-0.046894 	-1.73432 	0.000789361 	-0.117957 	-0.00321992 	
3.195	2.20904 	-0.043929 	-1.73336 	0.000903085 	-0.117977 	-0.00331662 	
3.2	2.20922 	-0.0459365 	-1.73317 	0.000790915 	-0.118002 	-0.00336241 	
3.205	2.21007 	-0.0429511 	-1.7322 	0.000905493 	-0.118022 	-0.00346004 	
3.21	2.21026 	-0.0449808 	-1.73201 	0.000792126 	-0.118047 	-0.00350639 	
3.215	2.21112 	-0.041976 	-1.73104 	0.000907532 	-0.118068 	-0.00360493 	
3.22	2.21131 	-0.0440274 	-1.73084 	0.000792994 	-0.118093 	-0.00365183 	
3.225	2.21217 	-0.0410038 	-1.72986 	0.000909202 	-0.118114 	-0.00375127 	
3.23	2.21236 	-0.0430766 	-1.72967 	0.00079352 	-0.11814 	-0.00379871 	
3.235	2.21323 	-0.040035 	-1.72868 	0.000910503 	-0.11816 	-0.00389901 	
3.24	2.21347 	-0.0421786 	-1.72856 	0.000798223 	-0.118191 	-0.00395366 	
3.245	2.21435 	-0.0391198 	-1.72756 	0.000915964 	-0.118212 	-0.0040548 	
3.25	2.21454 	-0.0412338 	-1.72737 	0.000798067 	-0.118238 	-0.0041033 	
3.255	2.21542 	-0.0381588 	-1.72637 	0.000916517 	-0.118259 	-0.00420527 	
3.26	2.21563 	-0.0402927 	-1.72618 	0.000797558 	-0.118286 	-0.00425428 	
3.265	2.21651 	-0.037202 	-1.72517 	0.000916703 	-0.118307 	-0.00435704 	
3.27	2.21672 	-0.0393552 	-1.72498 	0.000796715 	-0.118333 	-0.00440655 	
3.275	2.21761 	-0.0362497 	-1.72397 	0.000916529 	-0.118354 	-0.00451008 	
3.28	2.21781 	-0.0384216 	-1.72377 	0.000795539 	-0.118381 	-0.00456008 	
3.285	2.21871 	-0.035302 	-1.72276 	0.000915994 	-0.118402 	-0.00466435 	
3.29	2.21892 	-0.0374922 	-1.72256 	0.000794032 	-0.118429 	-0.00471483 	
3.295	2.21982 	-0.0343593 	-1.72154 	0.000915098 	-0.118451 	-0.00481981 	
3.3	2.22003 	-0.0365673 	-1.72135 	0.000792193 	-0.118478 	-0.00487076 	
3.305	2.22094 	-0.0334219 	-1.72033 	0.000913842 	-0.118499 	-0.00497644 	
3.31	2.22115 	-0.0356471 	-1.72013 	0.000790023 	-0.118526 	-0.00502785 	
3.315	2.22206 	-0.03249 	-1.7191 	0.000912228 	-0.118548 	-0.00513418 	
3.32	2.22228 	-0.034732 	-1.71891 	0.000787524 	-0.118575 	-0.00518604 	
3.325	2.22319 	-0.031564 	-1.71788 	0.000910254 	-0.118597 	-0.00529302 	
3.33	2.22342 	-0.0338221 	-1.71768 	0.000784697 	-0.118624 	-0.00534531 	
3.335	2.22433 	-0.0306441 	-1.71665 	0.000907923 	-0.118646 	-0.0054529 	
3.34	2.22456 	-0.0329179 	-1.71646 	0.000781541 	-0.118673 	-0.00550561 	
3.345	2.22548 	-0.0297305 	-1.71541 	0.000905235 	-0.118695 	-0.00561379 	
3.35	2.2257 	-0.0320194 	-1.71522 	0.000778059 	-0.118723 	-0.00566692 	
3.355	2.22663 	-0.0288236 	-1.71418 	0.000902191 	-0.118745 	-0.00577565 	
3.36	2.22686 	-0.0311271 	-1.71399 	0.000774251 	-0.118772 	-0.00582918 	
3.365	2.22778 	-0.0279236 	-1.71294 	0.00089879 	-0.118794 	-0.00593845 	
3.37	2.22802 	-0.0302412 	-1.71275 	0.000770118 	-0.118822 	-0.00599237 	
3.375	2.22894 	-0.0270308 	-1.7117 	0.000895035 	-0.118844 	-0.00610214 	
3.38	2.22918 	-0.0293618 	-1.71152 	0.000765661 	-0.118872 	-0.00615643 	
3.385	2.23011 	-0.0261454 	-1.71046 	0.000890925 	-0.118894 	-0.00626669 	
3.39	2.23035 	-0.0284893 	-1.71028 	0.00076088 	-0.118922 	-0.00632134 	
3.395	2.23128 	-0.0252677 	-1.70922 	0.000886461 	-0.118944 	-0.00643205 	
3.4	2.23153 	-0.0276239 	-1.70904 	0.000755777 	-0.118972 	-0.00648706 	
3.405	2.23246 	-0.0243979 	-1.70798 	0.000881645 	-0.118994 	-0.00659819 	
3.41	2.23271 	-0.0267659 	-1.7078 	0.000750353 	-0.119022 	-0.00665353 	
3.415	2.23364 	-0.0235362 	-1.70674 	0.000876475 	-0.119044 	-0.00676506 	
3.42	2.23389 	-0.0259155 	-1.70655 	0.000744607 	-0.119073 	-0.00682073 	
3.425	2.23483 	-0.022683 	-1.70549 	0.000870954 	-0.119094 	-0.00693263 	
3.43	2.23508 	-0.0250728 	-1.70531 	0.000738541 	-0.119123 	-0.00698861 	
3.435	2.23602 	-0.0218384 	-1.70425 	0.000865081 	-0.119145 	-0.00710085 	
3.44	2.23627 	-0.0242383 	-1.70407 	0.000732156 	-0.119174 	-0.00715713 	
3.445	2.23721 	-0.0210026 	-1.70301 	0.000858857 	-0.119195 	-0.00726969 	
3.45	2.23746 	-0.0234121 	-1.70283 	0.000725452 	-0.119224 	-0.00732625 	
3.455	2.23841 	-0.020176 	-1.70177 	0.000852282 	-0.119246 	-0.0074391 	
3.46	2.23866 	-0.0225943 	-1.70159 	0.000718429 	-0.119274 	-0.00749593 	
3.465	2.2396 	-0.0193587 	-1.70053 	0.000845357 	-0.119296 	-0.00760904 	
3.47	2.23986 	-0.0217854 	-1.70036 	0.000711089 	-0.119325 	-0.00766613 	
3.475	2.24081 	-0.018551 	-1.69929 	0.000838083 	-0.119347 	-0.00777946 	
3.48	2.24107 	-0.0209853 	-1.69912 	0.000703431 	-0.119375 	-0.0078368 	
3.485	2.24201 	-0.017753 	-1.69806 	0.000830459 	-0.119397 	-0.00795034 	
3.49	2.24228 	-0.0201945 	-1.69789 	0.000695457 	-0.119426 	-0.00800791 	
3.495	2.24322 	-0.0169651 	-1.69682 	0.000822487 	-0.119447 	-0.00812162 	
3.5	2.24349 	-0.0194131 	-1.69666 	0.000687166 	-0.119476 	-0.0081794 	
3.505	2.24443 	-0.0161873 	-1.69559 	0.000814165 	-0.119498 	-0.00829326 	
3.51	2.2447 	-0.0186412 	-1.69543 	0.00067856 	-0.119527 	-0.00835125 	
3.515	2.24564 	-0.0154199 	-1.69437 	0.000805496 	-0.119548 	-0.00846522 	
3.52	2.24591 	-0.0178792 	-1.6942 	0.000669638 	-0.119577 	-0.0085234 	
3.525	2.24685 	-0.0146632 	-1.69314 	0.000796478 	-0.119598 	-0.00863746 	
3.53	2.24712 	-0.0171272 	-1.69298 	0.000660401 	-0.119627 	-0.00869581 	
3.535	2.24806 	-0.0139173 	-1.69192 	0.000787113 	-0.119649 	-0.00880994 	
3.54	2.24834 	-0.0163854 	-1.69177 	0.00065085 	-0.119677 	-0.00886844 	
3.545	2.24928 	-0.0131824 	-1.69071 	0.0007774 	-0.119699 	-0.0089826 	
3.55	2.24955 	-0.0156539 	-1.69055 	0.000640984 	-0.119727 	-0.00904125 	
3.555	2.25049 	-0.0124586 	-1.6895 	0.00076734 	-0.119749 	-0.00915541 	
3.56	2.25077 	-0.0149331 	-1.68934 	0.000630805 	-0.119777 	-0.00921419 	
3.565	2.25171 	-0.0117463 	-1.68829 	0.000756934 	-0.119798 	-0.00932833 	
3.57	2.25199 	-0.0142231 	-1.68814 	0.000620312 	-0.119827 	-0.00938722 	
3.575	2.25292 	-0.0110455 	-1.68709 	0.00074618 	-0.119848 	-0.00950131 	
3.58	2.2532 	-0.0135239 	-1.68694 	0.000609505 	-0.119877 	-0.0095603 	
3.585	2.25424 	-0.010451 	-1.68603 	0.000745372 	-0.119907 	-0.00968819 	
3.59	2.25452 	-0.0129305 	-1.68588 	0.000608672 	-0.119936 	-0.00974726 	
3.595	2.25546 	-0.00977406 	-1.68484 	0.000733924 	-0.119957 	-0.00986118 	
3.6	2.25574 	-0.0122545 	-1.6847 	0.000597212 	-0.119985 	-0.00992033 	
3.605	2.25667 	-0.00910979 	-1.68366 	0.000722099 	-0.120006 	-0.0100341 	
3.61	2.25695 	-0.01159 	-1.68351 	0.000585439 	-0.120034 	-0.0100933 	
3.615	2.25788 	-0.00845763 	-1.68248 	0.000709938 	-0.120055 	-0.0102069 	
3.62	2.25816 	-0.010937 	-1.68234 	0.000573362 	-0.120083 	-0.0102661 	
3.625	2.25909 	-0.00781776 	-1.68131 	0.000697438 	-0.120104 	-0.0103796 	
3.63	2.25938 	-0.0102956 	-1.68117 	0.000560979 	-0.120132 	-0.0104388 	
3.635	2.2603 	-0.00719035 	-1.68014 	0.000684599 	-0.120153 	-0.010552 	
3.64	2.26059 	-0.00966611 	-1.68001 	0.000548291 	-0.120181 	-0.0106113 	
3.645	2.26151 	-0.00657557 	-1.67898 	0.000671421 	-0.120201 	-0.0107242 	
3.65	2.26179 	-0.00904862 	-1.67885 	0.000535296 	-0.120229 	-0.0107835 	
3.655	2.26271 	-0.00597358 	-1.67783 	0.000657904 	-0.120249 	-0.0108961 	
3.66	2.263 	-0.00844331 	-1.6777 	0.000521995 	-0.120277 	-0.0109554 	
3.665	2.26391 	-0.00538454 	-1.67669 	0.000644046 	-0.120297 	-0.0110677 	
3.67	2.2642 	-0.00785033 	-1.67656 	0.000508387 	-0.120325 	-0.0111269 	
3.675	2.26511 	-0.00480858 	-1.67556 	0.000629849 	-0.120345 	-0.0112389 	
3.68	2.2654 	-0.00726981 	-1.67543 	0.000494473 	-0.120373 	-0.011298 	
3.685	2.26631 	-0.00424586 	-1.67443 	0.000615311 	-0.120393 	-0.0114097 	
3.69	2.2666 	-0.00670192 	-1.6743 	0.000480252 	-0.12042 	-0.0114687 	
3.695	2.2675 	-0.00369651 	-1.67331 	0.000600434 	-0.12044 	-0.01158 	
3.7	2.26779 	-0.00614677 	-1.67319 	0.000465724 	-0.120467 	-0.011639 	
3.705	2.26869 	-0.00316066 	-1.6722 	0.000585218 	-0.120487 	-0.0117498 	
3.71	2.26898 	-0.00560451 	-1.67208 	0.00045089 	-0.120514 	-0.0118087 	
3.715	2.26987 	-0.00263844 	-1.6711 	0.000569663 	-0.120533 	-0.0119191 	
3.72	2.27016 	-0.00507525 	-1.67098 	0.000435751 	-0.120561 	-0.0119778 	
3.725	2.27105 	-0.00212995 	-1.67001 	0.000553769 	-0.12058 	-0.0120877 	
3.73	2.27134 	-0.00455912 	-1.66989 	0.000420306 	-0.120607 	-0.0121463 	
3.735	2.27223 	-0.00163533 	-1.66892 	0.000537537 	-0.120626 	-0.0122558 	
3.74	2.27252 	-0.00405623 	-1.66881 	0.000404556 	-0.120653 	-0.0123142 	
3.745	2.2734 	-0.00115468 	-1.66785 	0.000520968 	-0.120672 	-0.0124231 	
3.75	2.27369 	-0.00356669 	-1.66774 	0.000388502 	-0.120698 	-0.0124814 	
3.755	2.27456 	-0.000688097 	-1.66679 	0.000504063 	-0.120717 	-0.0125897 	
3.76	2.27485 	-0.00309061 	-1.66668 	0.000372145 	-0.120744 	-0.0126478 	
3.765	2.27572 	-0.000235687 	-1.66573 	0.000486822 	-0.120762 	-0.0127556 	
3.77	2.27601 	-0.00262809 	-1.66563 	0.000355485 	-0.120789 	-0.0128135 	
3.775	2.27688 	0.00020246 	-1.66469 	0.000469247 	-0.120807 	-0.0129206 	
3.78	2.27717 	-0.00217921 	-1.66459 	0.000338524 	-0.120833 	-0.0129783 	
3.785	2.27803 	0.000626252 	-1.66366 	0.000451338 	-0.120851 	-0.0130848 	
3.79	2.27831 	-0.00174408 	-1.66356 	0.000321262 	-0.120877 	-0.0131422 	
3.795	2.27917 	0.00103561 	-1.66263 	0.000433098 	-0.120896 	-0.0132481 	
3.8	2.27945 	-0.00132278 	-1.66254 	0.0003037 	-0.120921 	-0.0133053 	
3.805	2.10847 	0.143363 	-1.14636 	-0.0189063 	-0.092555 	-0.00982259 	
3.81	1.55894 	0.590473 	0.467182 	-0.0790459 	-0.00347277 	0.000319736 	
3.815	1.02086 	0.983364 	1.45611 	-0.106206 	0.0541121 	-0.0147085 	
3.82	-0.271652 	1.93884 	3.78297 	-0.167851 	0.190304 	-0.0548054 	
3.825	-0.456295 	2.04669 	4.16299 	-0.180925 	0.212415 	-0.0553053 	
3.83	-1.07591 	2.44813 	5.55196 	-0.228429 	0.293164 	-0.0546988 	
3.835	-1.36677 	2.65616 	6.09933 	-0.244436 	0.32573 	-0.0623921 	
3.84	-2.17728 	3.25751 	7.6973 	-0.290867 	0.421016 	-0.0814248 	
3.845	-2.39029 	3.38641 	8.04484 	-0.300662 	0.442523 	-0.0876638 	
3.85	-3.1082 	3.94028 	9.49236 	-0.343088 	0.529762 	-0.105279 	
3.855	-3.12389 	3.94781 	9.49386 	-0.343373 	0.530517 	-0.10748 	
3.86	-3.93053 	4.57637 	11.1288 	-0.391636 	0.6297 	-0.127394 	
