0	2.05366 	-0.092515 	-1.55904 	0.000237 	-0.0987585 	0.00452446 	
0.005	2.05366 	-0.0925151 	-1.55904 	0.000236992 	-0.0987585 	0.00452446 	
0.01	2.05366 	-0.0925152 	-1.55904 	0.000236985 	-0.0987585 	0.00452445 	
0.015	2.05366 	-0.0925154 	-1.55904 	0.000236978 	-0.0987585 	0.00452445 	
0.02	2.05366 	-0.0925154 	-1.55904 	0.000236972 	-0.0987585 	0.00452444 	
0.025	2.05366 	-0.0925155 	-1.55904 	0.000236965 	-0.0987585 	0.00452444 	
0.03	2.05366 	-0.0925155 	-1.55904 	0.000236958 	-0.0987586 	0.00452443 	
0.035	2.05366 	-0.0925155 	-1.55904 	0.000236949 	-0.0987587 	0.00452442 	
0.04	2.05366 	-0.0925154 	-1.55903 	0.00023694 	-0.0987588 	0.00452441 	
0.045	2.05366 	-0.0925153 	-1.55903 	0.000236929 	-0.0987589 	0.0045244 	
0.05	2.05366 	-0.0925152 	-1.55903 	0.000236916 	-0.0987591 	0.00452438 	
0.055	2.05367 	-0.0925149 	-1.55902 	0.000236901 	-0.0987594 	0.00452436 	
0.06	2.05367 	-0.0925147 	-1.55902 	0.000236884 	-0.0987597 	0.00452433 	
0.065	2.05416 	-0.093138 	-1.55969 	0.000285628 	-0.0988224 	0.00445626 	
0.07	2.05416 	-0.0931376 	-1.55968 	0.000285606 	-0.0988228 	0.00445623 	
0.075	2.05417 	-0.0931371 	-1.55967 	0.000285581 	-0.0988233 	0.00445619 	
0.08	2.05418 	-0.0931366 	-1.55966 	0.000285553 	-0.0988238 	0.00445615 	
0.085	2.05418 	-0.093136 	-1.55965 	0.000285522 	-0.0988244 	0.0044561 	
0.09	2.05419 	-0.0931353 	-1.55964 	0.000285488 	-0.0988251 	0.00445605 	
0.095	2.0542 	-0.0931345 	-1.55962 	0.00028545 	-0.0988259 	0.00445599 	
0.1	2.05421 	-0.0931336 	-1.5596 	0.000285409 	-0.0988267 	0.00445593 	
0.105	2.05422 	-0.0931327 	-1.55959 	0.000285364 	-0.0988276 	0.00445586 	
0.11	2.05423 	-0.0931317 	-1.55957 	0.000285315 	-0.0988287 	0.00445578 	
0.115	2.05424 	-0.0931306 	-1.55954 	0.000285263 	-0.0988297 	0.0044557 	
0.12	2.05425 	-0.0931294 	-1.55952 	0.000285206 	-0.0988309 	0.00445561 	
0.125	2.05427 	-0.0931281 	-1.5595 	0.000285146 	-0.0988322 	0.00445552 	
0.13	2.05428 	-0.0931268 	-1.55947 	0.000285082 	-0.0988335 	0.00445542 	
0.135	2.0543 	-0.0931253 	-1.55944 	0.000285014 	-0.098835 	0.00445531 	
0.14	2.05431 	-0.0931238 	-1.55942 	0.000284941 	-0.0988365 	0.0044552 	
0.145	2.05433 	-0.0931222 	-1.55938 	0.000284865 	-0.0988381 	0.00445508 	
0.15	2.05435 	-0.0931205 	-1.55935 	0.000284784 	-0.0988398 	0.00445495 	
0.155	2.05437 	-0.0931187 	-1.55932 	0.0002847 	-0.0988416 	0.00445482 	
0.16	2.05439 	-0.0931168 	-1.55928 	0.000284611 	-0.0988435 	0.00445468 	
0.165	2.05277 	-0.0917112 	-1.56165 	0.000350261 	-0.0988488 	0.0044449 	
0.17	2.0531 	-0.0917786 	-1.56177 	0.000346628 	-0.0988634 	0.0044438 	
0.175	2.05336 	-0.0918545 	-1.5618 	0.000342396 	-0.0988762 	0.00444228 	
0.18	2.05352 	-0.0919167 	-1.56177 	0.000338797 	-0.0988855 	0.00444083 	
0.185	2.05368 	-0.0919741 	-1.56173 	0.000335449 	-0.0988944 	0.00443946 	
0.19	2.05382 	-0.092027 	-1.5617 	0.000332333 	-0.0989029 	0.00443818 	
0.195	2.05396 	-0.0920758 	-1.56166 	0.000329433 	-0.0989111 	0.00443697 	
0.2	2.05409 	-0.0921207 	-1.56161 	0.000326732 	-0.0989189 	0.00443582 	
0.205	2.05421 	-0.092162 	-1.56157 	0.000324216 	-0.0989265 	0.00443474 	
0.21	2.05433 	-0.0922 	-1.56152 	0.000321869 	-0.0989338 	0.00443371 	
0.215	2.05444 	-0.0922349 	-1.56147 	0.000319681 	-0.0989409 	0.00443274 	
0.22	2.05455 	-0.0922669 	-1.56142 	0.000317639 	-0.0989478 	0.00443182 	
0.225	2.05303 	-0.0909198 	-1.56374 	0.000380553 	-0.0989578 	0.00442184 	
0.23	2.05343 	-0.0910154 	-1.56384 	0.000375269 	-0.0989767 	0.00442006 	
0.235	2.05376 	-0.0911171 	-1.56385 	0.000369511 	-0.0989935 	0.0044179 	
0.24	2.05399 	-0.0912032 	-1.5638 	0.000364493 	-0.0990068 	0.00441584 	
0.245	2.0542 	-0.0912827 	-1.56375 	0.000359826 	-0.0990194 	0.00441391 	
0.25	2.05441 	-0.0913559 	-1.56369 	0.000355485 	-0.0990314 	0.00441209 	
0.255	2.0546 	-0.0914234 	-1.56364 	0.000351445 	-0.0990429 	0.00441037 	
0.26	2.05478 	-0.0914856 	-1.56357 	0.000347684 	-0.099054 	0.00440876 	
0.265	2.05495 	-0.0915429 	-1.56351 	0.000344181 	-0.0990646 	0.00440724 	
0.27	2.05512 	-0.0915956 	-1.56344 	0.000340918 	-0.0990748 	0.00440579 	
0.275	2.05355 	-0.090192 	-1.56589 	0.000406618 	-0.0990883 	0.0043952 	
0.28	2.05404 	-0.0903102 	-1.56599 	0.000400027 	-0.0991112 	0.0043929 	
0.285	2.05443 	-0.0904332 	-1.566 	0.000393014 	-0.0991317 	0.00439022 	
0.29	2.05471 	-0.0905381 	-1.56593 	0.000386865 	-0.099148 	0.00438766 	
0.295	2.05497 	-0.0906349 	-1.56586 	0.000381147 	-0.0991636 	0.00438525 	
0.3	2.05522 	-0.0907242 	-1.56579 	0.000375828 	-0.0991784 	0.00438299 	
0.305	2.05546 	-0.0908064 	-1.56572 	0.00037088 	-0.0991926 	0.00438086 	
0.31	2.05527 	-0.0903532 	-1.56506 	0.000324935 	-0.0991533 	0.00443684 	
0.315	2.05383 	-0.0890464 	-1.56737 	0.000386215 	-0.0991697 	0.00442662 	
0.32	2.05435 	-0.0891806 	-1.56745 	0.000378643 	-0.0991948 	0.00442386 	
0.325	2.05478 	-0.0893181 	-1.56744 	0.000370748 	-0.0992175 	0.00442077 	
0.33	2.05509 	-0.0894368 	-1.56736 	0.000363758 	-0.0992362 	0.00441782 	
0.335	2.05539 	-0.0895464 	-1.56728 	0.000357259 	-0.099254 	0.00441505 	
0.34	2.05568 	-0.0896474 	-1.5672 	0.000351215 	-0.099271 	0.00441245 	
0.345	2.05595 	-0.0897405 	-1.56711 	0.000345593 	-0.0992872 	0.00441 	
0.35	2.05458 	-0.0884842 	-1.56936 	0.000404623 	-0.0993059 	0.00439991 	
0.355	2.05513 	-0.0886317 	-1.56942 	0.000396238 	-0.0993331 	0.00439678 	
0.36	2.05559 	-0.0887813 	-1.5694 	0.000387597 	-0.0993579 	0.00439333 	
0.365	2.05594 	-0.0889114 	-1.56932 	0.000379908 	-0.0993785 	0.00439005 	
0.37	2.05628 	-0.0890315 	-1.56922 	0.000372759 	-0.0993981 	0.00438697 	
0.375	2.05659 	-0.0891422 	-1.56913 	0.000366112 	-0.0994169 	0.00438408 	
0.38	2.05688 	-0.0892442 	-1.56903 	0.000359928 	-0.0994348 	0.00438135 	
0.385	2.05541 	-0.087885 	-1.57148 	0.000424131 	-0.0994555 	0.00437075 	
0.39	2.05602 	-0.0880471 	-1.57156 	0.000414901 	-0.0994858 	0.0043673 	
0.395	2.05653 	-0.0882109 	-1.57154 	0.000405417 	-0.0995131 	0.00436347 	
0.4	2.05691 	-0.088353 	-1.57144 	0.000396992 	-0.0995357 	0.00435983 	
0.405	2.05727 	-0.0884841 	-1.57133 	0.00038916 	-0.0995572 	0.00435641 	
0.41	2.05762 	-0.088605 	-1.57123 	0.000381877 	-0.0995777 	0.0043532 	
0.415	2.05628 	-0.0873524 	-1.57353 	0.000441132 	-0.0996006 	0.00434303 	
0.42	2.0569 	-0.087526 	-1.57358 	0.00043118 	-0.0996322 	0.00433919 	
0.425	2.05743 	-0.0876999 	-1.57354 	0.00042106 	-0.0996609 	0.00433504 	
0.43	2.05784 	-0.087852 	-1.57343 	0.000412017 	-0.0996852 	0.00433109 	
0.435	2.05823 	-0.0879923 	-1.57332 	0.000403611 	-0.0997083 	0.00432738 	
0.44	2.0586 	-0.0881217 	-1.5732 	0.000395796 	-0.0997303 	0.0043239 	
0.445	2.05719 	-0.0868075 	-1.57563 	0.000458301 	-0.0997548 	0.00431351 	
0.45	2.05787 	-0.086993 	-1.57569 	0.000447646 	-0.0997888 	0.00430937 	
0.455	2.05843 	-0.0871784 	-1.57565 	0.000436834 	-0.0998195 	0.00430489 	
0.46	2.05887 	-0.0873403 	-1.57553 	0.000427179 	-0.0998454 	0.00430063 	
0.465	2.05928 	-0.0874897 	-1.57541 	0.000418206 	-0.09987 	0.00429663 	
0.47	2.05967 	-0.0876274 	-1.57528 	0.000409865 	-0.0998935 	0.00429288 	
0.475	2.05818 	-0.0862387 	-1.57787 	0.000476322 	-0.0999197 	0.00428227 	
0.48	2.05891 	-0.0864368 	-1.57793 	0.000464923 	-0.0999562 	0.00427783 	
0.485	2.05951 	-0.0866344 	-1.57789 	0.000453374 	-0.099989 	0.004273 	
0.49	2.05998 	-0.0868068 	-1.57777 	0.000443072 	-0.100016 	0.0042684 	
0.495	2.06041 	-0.0869658 	-1.57763 	0.000433499 	-0.100043 	0.00426408 	
0.5	2.05915 	-0.0857617 	-1.57992 	0.000491123 	-0.100071 	0.00425413 	
0.505	2.05986 	-0.0859686 	-1.57995 	0.000479126 	-0.100108 	0.0042493 	
0.51	2.06048 	-0.0861736 	-1.57989 	0.000467091 	-0.100141 	0.00424417 	
0.515	2.06096 	-0.0863541 	-1.57976 	0.000456281 	-0.10017 	0.0042393 	
0.52	2.06142 	-0.0865206 	-1.57962 	0.000446236 	-0.100197 	0.00423473 	
0.525	2.06013 	-0.0852914 	-1.58198 	0.000505373 	-0.100227 	0.0042248 	
0.53	2.06088 	-0.0855072 	-1.58201 	0.000492837 	-0.100265 	0.00421972 	
0.535	2.06152 	-0.0857205 	-1.58194 	0.000480278 	-0.1003 	0.00421431 	
0.54	2.06202 	-0.0859084 	-1.5818 	0.000468998 	-0.10033 	0.00420918 	
0.545	2.0625 	-0.0860817 	-1.58166 	0.000458519 	-0.100359 	0.00420437 	
0.55	2.06115 	-0.0848092 	-1.58411 	0.000520121 	-0.10039 	0.00419444 	
0.555	2.06194 	-0.0850343 	-1.58415 	0.000507018 	-0.10043 	0.0041891 	
0.56	2.06261 	-0.0852567 	-1.58408 	0.0004939 	-0.100466 	0.0041834 	
0.565	2.06313 	-0.0854524 	-1.58393 	0.000482127 	-0.100498 	0.00417799 	
0.57	2.06363 	-0.0856329 	-1.58378 	0.00047119 	-0.100527 	0.00417292 	
0.575	2.06223 	-0.0843176 	-1.58633 	0.000535277 	-0.100559 	0.00416304 	
0.58	2.06305 	-0.0845525 	-1.58637 	0.000521584 	-0.100601 	0.00415742 	
0.585	2.06375 	-0.0847843 	-1.58631 	0.000507884 	-0.100639 	0.00415143 	
0.59	2.0643 	-0.0849881 	-1.58615 	0.000495597 	-0.100672 	0.00414572 	
0.595	2.06481 	-0.085176 	-1.58599 	0.000484185 	-0.100703 	0.00414037 	
0.6	2.06346 	-0.0839472 	-1.58878 	0.000560569 	-0.100749 	0.00411647 	
0.605	2.06432 	-0.0841921 	-1.58883 	0.00054627 	-0.100793 	0.00411056 	
0.61	2.06504 	-0.0844335 	-1.58876 	0.000531975 	-0.100832 	0.00410425 	
0.615	2.06561 	-0.0846456 	-1.5886 	0.000519161 	-0.100866 	0.00409824 	
0.62	2.06449 	-0.0835543 	-1.5908 	0.000572544 	-0.100901 	0.004089 	
0.625	2.06531 	-0.0838053 	-1.5908 	0.000557769 	-0.100944 	0.00408267 	
0.63	2.06602 	-0.0840511 	-1.5907 	0.000543148 	-0.100983 	0.00407609 	
0.635	2.06661 	-0.0842693 	-1.59054 	0.00052994 	-0.101018 	0.00406984 	
0.64	2.06549 	-0.0831831 	-1.59275 	0.000583346 	-0.101054 	0.00406077 	
0.645	2.06633 	-0.0834399 	-1.59274 	0.000568197 	-0.101098 	0.00405423 	
0.65	2.06706 	-0.0836911 	-1.59265 	0.000553221 	-0.101139 	0.00404743 	
0.655	2.06766 	-0.0839142 	-1.59248 	0.000539688 	-0.101174 	0.00404098 	
0.66	2.06652 	-0.0828089 	-1.59475 	0.000594377 	-0.101211 	0.00403206 	
0.665	2.06738 	-0.0830718 	-1.59474 	0.000578839 	-0.101256 	0.00402531 	
0.67	2.06813 	-0.0833289 	-1.59464 	0.00056348 	-0.101297 	0.00401828 	
0.675	2.06874 	-0.0835571 	-1.59447 	0.000549607 	-0.101333 	0.00401162 	
0.68	2.06757 	-0.0824317 	-1.59679 	0.000605653 	-0.101371 	0.00400287 	
0.685	2.06846 	-0.0827011 	-1.59679 	0.000589705 	-0.101418 	0.0039959 	
0.69	2.06923 	-0.0829644 	-1.59669 	0.000573944 	-0.10146 	0.00398864 	
0.695	2.06985 	-0.0831981 	-1.59651 	0.000559712 	-0.101497 	0.00398174 	
0.7	2.06865 	-0.0820539 	-1.59889 	0.000617074 	-0.101535 	0.00397319 	
0.705	2.06956 	-0.08233 	-1.59889 	0.000600701 	-0.101583 	0.00396599 	
0.71	2.07035 	-0.0825998 	-1.59878 	0.000584524 	-0.101626 	0.00395848 	
0.715	2.07099 	-0.0828391 	-1.5986 	0.000569921 	-0.101664 	0.00395135 	
0.72	2.06976 	-0.0816776 	-1.60103 	0.000628553 	-0.101703 	0.00394302 	
0.725	2.07069 	-0.0819605 	-1.60103 	0.000611746 	-0.101752 	0.00393558 	
0.73	2.0715 	-0.0822368 	-1.60093 	0.000595144 	-0.101797 	0.00392781 	
0.735	2.07215 	-0.0824819 	-1.60074 	0.000580162 	-0.101835 	0.00392043 	
0.74	2.0709 	-0.0813044 	-1.60322 	0.000640018 	-0.101875 	0.00391235 	
0.745	2.07185 	-0.0815941 	-1.60322 	0.000622771 	-0.101925 	0.00390467 	
0.75	2.07267 	-0.0818771 	-1.60312 	0.00060574 	-0.10197 	0.00389664 	
0.755	2.07334 	-0.0821279 	-1.60293 	0.000590374 	-0.10201 	0.00388901 	
0.76	2.07206 	-0.0809359 	-1.60546 	0.000651409 	-0.102051 	0.0038812 	
0.765	2.07304 	-0.0812325 	-1.60546 	0.000633721 	-0.102102 	0.00387328 	
0.77	2.07388 	-0.0815221 	-1.60536 	0.000616257 	-0.102148 	0.00386498 	
0.775	2.07456 	-0.0817787 	-1.60516 	0.000600506 	-0.102188 	0.00385709 	
0.78	2.07325 	-0.0805734 	-1.60774 	0.000662679 	-0.10223 	0.00384959 	
0.785	2.07425 	-0.0808769 	-1.60774 	0.000644548 	-0.102282 	0.00384141 	
0.79	2.0751 	-0.081173 	-1.60763 	0.000626654 	-0.102329 	0.00383285 	
0.795	2.0758 	-0.0814354 	-1.60743 	0.000610517 	-0.10237 	0.0038247 	
0.8	2.07446 	-0.0802181 	-1.61006 	0.000673786 	-0.102412 	0.00381753 	
0.805	2.07548 	-0.0805284 	-1.61007 	0.000655215 	-0.102465 	0.0038091 	
0.81	2.07636 	-0.080831 	-1.60996 	0.00063689 	-0.102513 	0.00380026 	
0.815	2.07706 	-0.0810992 	-1.60975 	0.000620369 	-0.102555 	0.00379185 	
0.82	2.0757 	-0.0798712 	-1.61242 	0.000684693 	-0.102598 	0.00378504 	
0.825	2.07674 	-0.0801882 	-1.61243 	0.000665685 	-0.102652 	0.00377636 	
0.83	2.07763 	-0.0804972 	-1.61232 	0.000646934 	-0.102701 	0.00376725 	
0.835	2.07835 	-0.080771 	-1.6121 	0.000630032 	-0.102743 	0.00375857 	
0.84	2.07697 	-0.0795336 	-1.61482 	0.00069537 	-0.102787 	0.00375216 	
0.845	2.07803 	-0.0798571 	-1.61483 	0.000675929 	-0.102842 	0.00374322 	
0.85	2.07893 	-0.0801725 	-1.61472 	0.000656755 	-0.102892 	0.00373383 	
0.855	2.07966 	-0.0804519 	-1.6145 	0.000639475 	-0.102934 	0.00372489 	
0.86	2.07825 	-0.0792063 	-1.61725 	0.000705787 	-0.102979 	0.0037189 	
0.865	2.07933 	-0.0795363 	-1.61727 	0.000685918 	-0.103035 	0.00370971 	
0.87	2.08025 	-0.0798579 	-1.61715 	0.000666326 	-0.103085 	0.00370004 	
0.875	2.08099 	-0.0801426 	-1.61693 	0.000648672 	-0.103129 	0.00369083 	
0.88	2.07956 	-0.0788901 	-1.61972 	0.000715917 	-0.103174 	0.00368529 	
0.885	2.08066 	-0.0792264 	-1.61974 	0.000695626 	-0.103231 	0.00367584 	
0.89	2.08159 	-0.0795541 	-1.61962 	0.000675622 	-0.103282 	0.0036659 	
0.895	2.08234 	-0.0798442 	-1.6194 	0.0006576 	-0.103326 	0.00365642 	
0.9	2.08089 	-0.078586 	-1.62223 	0.000725736 	-0.103371 	0.00365136 	
0.905	2.082 	-0.0789284 	-1.62225 	0.000705029 	-0.103429 	0.00364166 	
0.91	2.08318 	-0.0795607 	-1.62247 	0.000707729 	-0.103511 	0.00359746 	
0.915	2.08223 	-0.0786672 	-1.62463 	0.000755909 	-0.103558 	0.00359113 	
0.92	2.08326 	-0.079013 	-1.62457 	0.000734843 	-0.103614 	0.00358082 	
0.925	2.08417 	-0.0793471 	-1.62441 	0.000714305 	-0.103664 	0.00357033 	
0.93	2.08494 	-0.0796463 	-1.62418 	0.000695654 	-0.103709 	0.0035604 	
0.935	2.08351 	-0.0784151 	-1.62701 	0.000763291 	-0.103756 	0.0035561 	
0.94	2.08464 	-0.0787655 	-1.62702 	0.000742008 	-0.103815 	0.003546 	
0.945	2.0856 	-0.0791066 	-1.6269 	0.000721049 	-0.103868 	0.00353536 	
0.95	2.08464 	-0.0782129 	-1.6291 	0.000770057 	-0.103916 	0.00352969 	
0.955	2.08569 	-0.0785668 	-1.62904 	0.000748411 	-0.103972 	0.00351897 	
0.96	2.08662 	-0.0789087 	-1.62888 	0.00072731 	-0.104024 	0.00350806 	
0.965	2.0857 	-0.0780469 	-1.63104 	0.000774862 	-0.104072 	0.00350253 	
0.97	2.08675 	-0.078403 	-1.63097 	0.000753033 	-0.104129 	0.00349165 	
0.975	2.08768 	-0.0787467 	-1.63082 	0.000731773 	-0.104181 	0.00348059 	
0.98	2.08675 	-0.0778872 	-1.63299 	0.000779566 	-0.104229 	0.00347538 	
0.985	2.08782 	-0.0782455 	-1.63292 	0.000757556 	-0.104286 	0.00346436 	
0.99	2.08875 	-0.0785914 	-1.63276 	0.00073612 	-0.104338 	0.00345315 	
0.995	2.08782 	-0.0777318 	-1.63495 	0.00078429 	-0.104387 	0.00344829 	
1	2.08889 	-0.0780926 	-1.63488 	0.000762087 	-0.104444 	0.00343712 	
1.005	2.08983 	-0.0784409 	-1.63472 	0.00074046 	-0.104497 	0.00342576 	
1.01	2.08889 	-0.0775818 	-1.63693 	0.00078899 	-0.104546 	0.00342123 	
1.015	2.08996 	-0.0779453 	-1.63686 	0.000766582 	-0.104604 	0.00340992 	
1.02	2.09092 	-0.0782961 	-1.6367 	0.000744755 	-0.104657 	0.0033984 	
1.025	2.08996 	-0.0774381 	-1.63892 	0.000793616 	-0.104706 	0.00339421 	
1.03	2.09105 	-0.0778044 	-1.63886 	0.000770996 	-0.104764 	0.00338274 	
1.035	2.092 	-0.0781579 	-1.6387 	0.000748961 	-0.104817 	0.00337105 	
1.04	2.09105 	-0.0773016 	-1.64093 	0.000798123 	-0.104867 	0.00336721 	
1.045	2.09214 	-0.0776707 	-1.64087 	0.000775286 	-0.104925 	0.00335558 	
1.05	2.0931 	-0.078027 	-1.64071 	0.00075304 	-0.104978 	0.00334372 	
1.055	2.09213 	-0.077173 	-1.64295 	0.000802476 	-0.105028 	0.00334023 	
1.06	2.09323 	-0.077545 	-1.64289 	0.000779419 	-0.105087 	0.00332843 	
1.065	2.0942 	-0.077904 	-1.64273 	0.000756958 	-0.105141 	0.0033164 	
1.07	2.09323 	-0.0770529 	-1.64499 	0.000806645 	-0.105191 	0.00331326 	
1.075	2.09433 	-0.0774277 	-1.64492 	0.000783367 	-0.10525 	0.0033013 	
1.08	2.0953 	-0.0777895 	-1.64476 	0.000760692 	-0.105303 	0.0032891 	
1.085	2.09432 	-0.0769418 	-1.64703 	0.000810605 	-0.105354 	0.00328631 	
1.09	2.09543 	-0.0773195 	-1.64697 	0.000787106 	-0.105413 	0.00327418 	
1.095	2.09641 	-0.0776841 	-1.64681 	0.000764217 	-0.105467 	0.00326181 	
1.1	2.09542 	-0.0768402 	-1.64908 	0.000814334 	-0.105517 	0.00325938 	
1.105	2.09654 	-0.0772207 	-1.64902 	0.000790617 	-0.105577 	0.00324708 	
1.11	2.09752 	-0.0775879 	-1.64886 	0.000767515 	-0.105631 	0.00323454 	
1.115	2.09653 	-0.0767484 	-1.65115 	0.000817814 	-0.105682 	0.00323248 	
1.12	2.09765 	-0.0771317 	-1.65109 	0.000793881 	-0.105742 	0.00322001 	
1.125	2.09863 	-0.0775016 	-1.65092 	0.00077057 	-0.105796 	0.0032073 	
1.13	2.09764 	-0.0766668 	-1.65322 	0.00082103 	-0.105847 	0.00320561 	
1.135	2.09876 	-0.0770528 	-1.65316 	0.000796886 	-0.105907 	0.00319298 	
1.14	2.09975 	-0.0774252 	-1.65299 	0.000773369 	-0.105961 	0.00318009 	
1.145	2.09875 	-0.0765957 	-1.6553 	0.000823969 	-0.106012 	0.00317878 	
1.15	2.09949 	-0.0764862 	-1.65466 	0.000761397 	-0.106023 	0.00322369 	
1.155	2.10049 	-0.0768611 	-1.65449 	0.000737679 	-0.106077 	0.00321063 	
1.16	2.09948 	-0.0760374 	-1.6568 	0.000788435 	-0.106128 	0.00320974 	
1.165	2.10061 	-0.0764284 	-1.65674 	0.00076388 	-0.106189 	0.00319679 	
1.17	2.10161 	-0.0768058 	-1.65657 	0.000739966 	-0.106244 	0.00318357 	
1.175	2.1006 	-0.0759881 	-1.65889 	0.000790822 	-0.106295 	0.00318305 	
1.18	2.10173 	-0.0763815 	-1.65883 	0.00076607 	-0.106355 	0.00316995 	
1.185	2.10273 	-0.0767612 	-1.65866 	0.000741964 	-0.10641 	0.00315656 	
1.19	2.10172 	-0.0759499 	-1.66098 	0.000792901 	-0.106461 	0.00315644 	
1.195	2.10285 	-0.0763456 	-1.66092 	0.000767958 	-0.106522 	0.00314318 	
1.2	2.10385 	-0.0767275 	-1.66075 	0.000743667 	-0.106577 	0.00312963 	
1.205	2.10283 	-0.075923 	-1.66308 	0.000794665 	-0.106628 	0.0031299 	
1.21	2.10397 	-0.0763209 	-1.66302 	0.000769536 	-0.106689 	0.00311649 	
1.215	2.10498 	-0.0767048 	-1.66285 	0.000745066 	-0.106744 	0.00310279 	
1.22	2.10395 	-0.0759074 	-1.66518 	0.000796105 	-0.106796 	0.00310345 	
1.225	2.10509 	-0.0763074 	-1.66511 	0.000770799 	-0.106856 	0.00308989 	
1.23	2.1061 	-0.0766933 	-1.66495 	0.000746156 	-0.106911 	0.00307603 	
1.235	2.10507 	-0.0759034 	-1.66728 	0.000797217 	-0.106963 	0.00307709 	
1.24	2.10622 	-0.0763054 	-1.66721 	0.000771739 	-0.107024 	0.00306338 	
1.245	2.10722 	-0.0766931 	-1.66704 	0.00074693 	-0.107079 	0.00304938 	
1.25	2.10619 	-0.075911 	-1.66938 	0.000797994 	-0.10713 	0.00305084 	
1.255	2.10734 	-0.0763148 	-1.66931 	0.000772352 	-0.107191 	0.00303699 	
1.26	2.10834 	-0.0767043 	-1.66914 	0.000747384 	-0.107246 	0.00302285 	
1.265	2.10731 	-0.0759303 	-1.67148 	0.000798432 	-0.107298 	0.0030247 	
1.27	2.10845 	-0.0763358 	-1.67141 	0.000772633 	-0.107358 	0.00301072 	
1.275	2.10946 	-0.0767269 	-1.67124 	0.000747514 	-0.107414 	0.00299644 	
1.28	2.10843 	-0.0759613 	-1.67358 	0.000798526 	-0.107465 	0.00299869 	
1.285	2.10957 	-0.0763683 	-1.67351 	0.000772579 	-0.107526 	0.00298458 	
1.29	2.11058 	-0.076761 	-1.67334 	0.000747315 	-0.107581 	0.00297016 	
1.295	2.10954 	-0.0760041 	-1.67567 	0.000798273 	-0.107632 	0.00297282 	
1.3	2.11069 	-0.0764125 	-1.67561 	0.000772185 	-0.107693 	0.00295857 	
1.305	2.11169 	-0.0768065 	-1.67544 	0.000746785 	-0.107748 	0.00294402 	
1.31	2.11066 	-0.0760587 	-1.67777 	0.000797669 	-0.107799 	0.00294708 	
1.315	2.1118 	-0.0764684 	-1.6777 	0.000771449 	-0.10786 	0.00293271 	
1.32	2.1128 	-0.0768636 	-1.67753 	0.00074592 	-0.107915 	0.00291804 	
1.325	2.11177 	-0.076125 	-1.67986 	0.000796713 	-0.107966 	0.0029215 	
1.33	2.11291 	-0.0765359 	-1.67979 	0.000770368 	-0.108027 	0.00290702 	
1.335	2.11391 	-0.0769322 	-1.67962 	0.000744719 	-0.108082 	0.00289222 	
1.34	2.11288 	-0.0762032 	-1.68194 	0.0007954 	-0.108133 	0.00289608 	
1.345	2.11402 	-0.0766151 	-1.68188 	0.00076894 	-0.108193 	0.00288148 	
1.35	2.11502 	-0.0770124 	-1.6817 	0.000743179 	-0.108248 	0.00286658 	
1.355	2.11398 	-0.076293 	-1.68402 	0.000793731 	-0.108299 	0.00287083 	
1.36	2.11512 	-0.0767058 	-1.68396 	0.000767163 	-0.108359 	0.00285612 	
1.365	2.11612 	-0.0771039 	-1.68378 	0.000741299 	-0.108414 	0.00284111 	
1.37	2.11508 	-0.0763946 	-1.6861 	0.000791702 	-0.108465 	0.00284576 	
1.375	2.11622 	-0.0768081 	-1.68603 	0.000765037 	-0.108525 	0.00283095 	
1.38	2.11721 	-0.0772069 	-1.68586 	0.000739078 	-0.108579 	0.00281583 	
1.385	2.11618 	-0.0765078 	-1.68816 	0.000789314 	-0.10863 	0.00282088 	
1.39	2.11746 	-0.0771181 	-1.68833 	0.000777457 	-0.108709 	0.00278289 	
1.395	2.11845 	-0.0775175 	-1.68816 	0.000751412 	-0.108764 	0.00276767 	
1.4	2.11742 	-0.0768287 	-1.69046 	0.000801447 	-0.108814 	0.00277309 	
1.405	2.11855 	-0.0772432 	-1.69039 	0.000774614 	-0.108874 	0.00275809 	
1.41	2.11954 	-0.077643 	-1.69021 	0.000748493 	-0.108928 	0.00274279 	
1.415	2.11851 	-0.0769649 	-1.69251 	0.000798324 	-0.108978 	0.00274859 	
1.42	2.11963 	-0.0773797 	-1.69244 	0.000771421 	-0.109038 	0.0027335 	
1.425	2.12062 	-0.0777798 	-1.69226 	0.000745232 	-0.109092 	0.00271812 	
1.43	2.11959 	-0.0771124 	-1.69455 	0.000794841 	-0.109142 	0.00272429 	
1.435	2.12071 	-0.0775274 	-1.69448 	0.000767878 	-0.109201 	0.00270913 	
1.44	2.12169 	-0.0779276 	-1.69431 	0.000741631 	-0.109255 	0.00269367 	
1.445	2.12067 	-0.0772711 	-1.69658 	0.000790998 	-0.109305 	0.00270022 	
1.45	2.12178 	-0.0776861 	-1.69651 	0.000763985 	-0.109363 	0.00268498 	
1.455	2.12276 	-0.0780863 	-1.69634 	0.000737689 	-0.109417 	0.00266945 	
1.46	2.12174 	-0.077441 	-1.6986 	0.000786797 	-0.109466 	0.00267636 	
1.465	2.12284 	-0.0778558 	-1.69853 	0.000759744 	-0.109525 	0.00266106 	
1.47	2.12382 	-0.0782558 	-1.69836 	0.00073341 	-0.109578 	0.00264546 	
1.475	2.1228 	-0.0776218 	-1.70061 	0.00078224 	-0.109628 	0.00265274 	
1.48	2.1239 	-0.0780363 	-1.70054 	0.000755157 	-0.109686 	0.00263738 	
1.485	2.12487 	-0.078436 	-1.70037 	0.000728793 	-0.109739 	0.00262172 	
1.49	2.12386 	-0.0778134 	-1.7026 	0.000777328 	-0.109788 	0.00262935 	
1.495	2.12495 	-0.0782274 	-1.70253 	0.000750225 	-0.109846 	0.00261393 	
1.5	2.12592 	-0.0786266 	-1.70236 	0.000723843 	-0.109898 	0.00259822 	
1.505	2.12491 	-0.0780155 	-1.70459 	0.000772064 	-0.109947 	0.0026062 	
1.51	2.126 	-0.0784289 	-1.70452 	0.000744952 	-0.110005 	0.00259074 	
1.515	2.12696 	-0.0788275 	-1.70434 	0.000718561 	-0.110057 	0.00257499 	
1.52	2.12595 	-0.078228 	-1.70656 	0.000766451 	-0.110106 	0.0025833 	
1.525	2.12703 	-0.0786407 	-1.70648 	0.00073934 	-0.110163 	0.00256779 	
1.53	2.12799 	-0.0790385 	-1.70631 	0.000712951 	-0.110215 	0.00255201 	
1.535	2.12699 	-0.0784508 	-1.70851 	0.000760492 	-0.110263 	0.00256065 	
1.54	2.12806 	-0.0788624 	-1.70844 	0.000733392 	-0.11032 	0.00254511 	
1.545	2.12901 	-0.0792594 	-1.70826 	0.000707015 	-0.110371 	0.00252929 	
1.55	2.12801 	-0.0786834 	-1.71045 	0.00075419 	-0.110419 	0.00253825 	
1.555	2.12908 	-0.079094 	-1.71037 	0.000727113 	-0.110475 	0.00252269 	
1.56	2.13002 	-0.0794899 	-1.7102 	0.000700759 	-0.110527 	0.00250685 	
1.565	2.12903 	-0.0789259 	-1.71237 	0.000747549 	-0.110574 	0.00251612 	
1.57	2.13009 	-0.0793352 	-1.71229 	0.000720507 	-0.11063 	0.00250053 	
1.575	2.13102 	-0.0797298 	-1.71212 	0.000694186 	-0.110681 	0.00248469 	
1.58	2.13004 	-0.0791777 	-1.71427 	0.000740575 	-0.110728 	0.00249425 	
1.585	2.13109 	-0.0795856 	-1.7142 	0.000713578 	-0.110783 	0.00247865 	
1.59	2.13202 	-0.0799789 	-1.71403 	0.000687301 	-0.110834 	0.0024628 	
1.595	2.13104 	-0.0794388 	-1.71616 	0.000733271 	-0.11088 	0.00247265 	
1.6	2.13208 	-0.0798451 	-1.71608 	0.00070633 	-0.110935 	0.00245705 	
1.605	2.133 	-0.0802369 	-1.71591 	0.000680109 	-0.110985 	0.00244119 	
1.61	2.13204 	-0.0797088 	-1.71802 	0.000725644 	-0.111032 	0.00245132 	
1.615	2.13306 	-0.0801134 	-1.71795 	0.00069877 	-0.111086 	0.00243572 	
1.62	2.13398 	-0.0805035 	-1.71778 	0.000672615 	-0.111135 	0.00241988 	
1.625	2.13476 	-0.0808525 	-1.71753 	0.00064889 	-0.111179 	0.00240497 	
1.63	2.13325 	-0.0800518 	-1.72033 	0.000716251 	-0.111224 	0.00242409 	
1.635	2.13435 	-0.080455 	-1.72034 	0.000689578 	-0.111281 	0.00240921 	
1.64	2.13529 	-0.0808477 	-1.7202 	0.000663284 	-0.111332 	0.00239349 	
1.645	2.13429 	-0.0803225 	-1.72234 	0.000709785 	-0.111377 	0.00240493 	
1.65	2.13531 	-0.0807258 	-1.72226 	0.000682905 	-0.111431 	0.00238927 	
1.655	2.1362 	-0.081115 	-1.7221 	0.000656718 	-0.111479 	0.00237334 	
1.66	2.13697 	-0.081463 	-1.72185 	0.000632974 	-0.111522 	0.00235835 	
1.665	2.13549 	-0.0807007 	-1.72458 	0.000698835 	-0.111566 	0.00237811 	
1.67	2.13656 	-0.0811015 	-1.72459 	0.000672221 	-0.111622 	0.00236315 	
1.675	2.13749 	-0.0814917 	-1.72445 	0.00064599 	-0.111671 	0.00234738 	
1.68	2.13824 	-0.0818373 	-1.7242 	0.000622355 	-0.111713 	0.0023324 	
1.685	2.13673 	-0.0810744 	-1.72696 	0.000689131 	-0.111757 	0.00235321 	
1.69	2.1378 	-0.0814745 	-1.72697 	0.000662523 	-0.111812 	0.00233824 	
1.695	2.13871 	-0.0818642 	-1.72684 	0.000636275 	-0.111861 	0.00232242 	
1.7	2.13945 	-0.0822092 	-1.72659 	0.000612635 	-0.111903 	0.00230741 	
1.705	2.13796 	-0.0814688 	-1.72931 	0.000678459 	-0.111945 	0.0023285 	
1.71	2.13901 	-0.0818673 	-1.72931 	0.000651897 	-0.112 	0.00231349 	
1.715	2.13991 	-0.0822555 	-1.72918 	0.000625699 	-0.112048 	0.00229765 	
1.72	2.14065 	-0.0825993 	-1.72893 	0.000602099 	-0.112089 	0.00228263 	
1.725	2.13918 	-0.081883 	-1.7316 	0.000666777 	-0.112131 	0.00230392 	
1.73	2.14047 	-0.0826327 	-1.73202 	0.000666729 	-0.11222 	0.00224661 	
1.735	2.14136 	-0.0830185 	-1.73189 	0.000640639 	-0.112268 	0.0022308 	
1.74	2.14209 	-0.0833603 	-1.73165 	0.000617129 	-0.112308 	0.0022158 	
1.745	2.14064 	-0.0826679 	-1.73427 	0.000680601 	-0.11235 	0.00223723 	
1.75	2.14165 	-0.0830608 	-1.73427 	0.000654297 	-0.112403 	0.00222224 	
1.755	2.14253 	-0.0834435 	-1.73413 	0.000628362 	-0.112449 	0.00220648 	
1.76	2.14324 	-0.0837826 	-1.73389 	0.000604988 	-0.112489 	0.00219155 	
1.765	2.14182 	-0.0831138 	-1.73647 	0.000667261 	-0.11253 	0.00221313 	
1.77	2.14281 	-0.0835029 	-1.73646 	0.000641155 	-0.112582 	0.0021982 	
1.775	2.14367 	-0.0838819 	-1.73633 	0.000615418 	-0.112628 	0.00218252 	
1.78	2.14438 	-0.0842179 	-1.73609 	0.000592218 	-0.112667 	0.00216768 	
1.785	2.14298 	-0.0835723 	-1.73862 	0.000653266 	-0.112707 	0.00218937 	
1.79	2.14395 	-0.083957 	-1.73861 	0.000627397 	-0.112758 	0.00217452 	
1.795	2.1448 	-0.0843318 	-1.73848 	0.000601894 	-0.112803 	0.00215896 	
1.8	2.14549 	-0.0846642 	-1.73824 	0.0005789 	-0.112841 	0.00214423 	
1.805	2.14412 	-0.0840415 	-1.74072 	0.000638695 	-0.11288 	0.002166 	
1.81	2.14507 	-0.0844214 	-1.74071 	0.000613097 	-0.11293 	0.00215126 	
1.815	2.1459 	-0.0847915 	-1.74057 	0.000587861 	-0.112974 	0.00213582 	
1.82	2.14658 	-0.0851198 	-1.74034 	0.000565104 	-0.113012 	0.00212124 	
1.825	2.14524 	-0.0845199 	-1.74277 	0.000623614 	-0.113051 	0.00214305 	
1.83	2.14617 	-0.0848945 	-1.74275 	0.000598317 	-0.113099 	0.00212843 	
1.835	2.14698 	-0.0852595 	-1.74262 	0.000573378 	-0.113143 	0.00211315 	
1.84	2.14765 	-0.0855835 	-1.7424 	0.000550885 	-0.11318 	0.00209872 	
1.845	2.14633 	-0.0850059 	-1.74477 	0.000608078 	-0.113218 	0.00212053 	
1.85	2.14725 	-0.0853749 	-1.74475 	0.00058311 	-0.113265 	0.00210605 	
1.855	2.14804 	-0.0857345 	-1.74462 	0.000558497 	-0.113308 	0.00209095 	
1.86	2.1487 	-0.0860537 	-1.7444 	0.000536292 	-0.113344 	0.0020767 	
1.865	2.14741 	-0.0854984 	-1.74672 	0.000592134 	-0.113381 	0.00209846 	
1.87	2.1483 	-0.0858613 	-1.74669 	0.000567522 	-0.113427 	0.00208415 	
1.875	2.14908 	-0.0862151 	-1.74656 	0.00054326 	-0.113469 	0.00206924 	
1.88	2.14972 	-0.0865293 	-1.74635 	0.000521368 	-0.113504 	0.00205518 	
1.885	2.14847 	-0.085996 	-1.74861 	0.000575824 	-0.113541 	0.00207686 	
1.89	2.14934 	-0.0863526 	-1.74858 	0.000551595 	-0.113586 	0.00206272 	
1.895	2.15009 	-0.0867003 	-1.74846 	0.000527709 	-0.113626 	0.00204802 	
1.9	2.15073 	-0.0870091 	-1.74825 	0.000506153 	-0.113661 	0.00203418 	
1.905	2.1495 	-0.0864976 	-1.75045 	0.000559189 	-0.113697 	0.00205572 	
1.91	2.15035 	-0.0868474 	-1.75042 	0.000535365 	-0.113741 	0.00204178 	
1.915	2.15109 	-0.0871887 	-1.7503 	0.00051188 	-0.11378 	0.00202731 	
1.92	2.15171 	-0.0874919 	-1.75009 	0.00049068 	-0.113814 	0.00201369 	
1.925	2.15052 	-0.0870019 	-1.75224 	0.000542262 	-0.113849 	0.00203505 	
1.93	2.15134 	-0.0873448 	-1.75221 	0.000518869 	-0.113892 	0.00202132 	
1.935	2.15206 	-0.0876793 	-1.75209 	0.000495807 	-0.11393 	0.0020071 	
1.94	2.15266 	-0.0879767 	-1.75189 	0.000474985 	-0.113963 	0.00199372 	
1.945	2.15323 	-0.0882493 	-1.75168 	0.000455786 	-0.113995 	0.0019813 	
1.95	2.15167 	-0.0875956 	-1.75427 	0.000522609 	-0.114028 	0.00201082 	
1.955	2.15252 	-0.087931 	-1.7543 	0.000499823 	-0.114071 	0.00199792 	
1.96	2.15325 	-0.0882613 	-1.75421 	0.000477082 	-0.11411 	0.00198405 	
1.965	2.15383 	-0.0885523 	-1.75401 	0.000456671 	-0.114142 	0.00197091 	
1.97	2.15438 	-0.088819 	-1.75381 	0.000437851 	-0.114173 	0.00195872 	
1.975	2.15284 	-0.0881839 	-1.75636 	0.000503714 	-0.114204 	0.00198843 	
1.98	2.15367 	-0.0885128 	-1.75639 	0.000481334 	-0.114247 	0.00197572 	
1.985	2.15437 	-0.0888369 	-1.7563 	0.000458981 	-0.114284 	0.00196207 	
1.99	2.15494 	-0.0891225 	-1.75611 	0.000438919 	-0.114315 	0.00194914 	
1.995	2.15548 	-0.0893844 	-1.75591 	0.000420419 	-0.114345 	0.00193714 	
2	2.15399 	-0.0887846 	-1.75836 	0.000483683 	-0.114376 	0.00196619 	
2.005	2.15478 	-0.0891056 	-1.75838 	0.000461789 	-0.114417 	0.00195367 	
2.01	2.15547 	-0.089422 	-1.75829 	0.000439928 	-0.114453 	0.00194028 	
2.015	2.15602 	-0.0897011 	-1.75811 	0.000420295 	-0.114483 	0.00192763 	
2.02	2.15653 	-0.0899571 	-1.75792 	0.000402192 	-0.114511 	0.00191589 	
2.025	2.15508 	-0.0893452 	-1.76021 	0.000459144 	-0.114536 	0.0019499 	
2.03	2.15584 	-0.0896571 	-1.76022 	0.000437823 	-0.114575 	0.00193763 	
2.035	2.15649 	-0.0899645 	-1.76013 	0.000416538 	-0.11461 	0.00192457 	
2.04	2.15702 	-0.0902361 	-1.75996 	0.000397412 	-0.114639 	0.00191224 	
2.045	2.15752 	-0.0904852 	-1.75978 	0.000379776 	-0.114667 	0.00190081 	
2.05	2.15617 	-0.0899562 	-1.76202 	0.000437445 	-0.114695 	0.00192816 	
2.055	2.15689 	-0.090258 	-1.76203 	0.000416766 	-0.114733 	0.0019162 	
2.06	2.15752 	-0.0905556 	-1.76194 	0.000396127 	-0.114766 	0.0019035 	
2.065	2.15803 	-0.0908188 	-1.76177 	0.00037757 	-0.114794 	0.00189155 	
2.07	2.15851 	-0.0910601 	-1.7616 	0.000360459 	-0.114821 	0.00188046 	
2.075	2.15897 	-0.0912812 	-1.76142 	0.000344687 	-0.114846 	0.00187016 	
2.08	2.15735 	-0.0906445 	-1.76396 	0.000412962 	-0.114872 	0.00190377 	
2.085	2.15808 	-0.0909352 	-1.76401 	0.000393121 	-0.11491 	0.00189263 	
2.09	2.1587 	-0.0912244 	-1.76395 	0.000373089 	-0.114942 	0.00188044 	
2.095	2.15919 	-0.0914782 	-1.76378 	0.00035517 	-0.114969 	0.00186889 	
2.1	2.15965 	-0.091711 	-1.76362 	0.000338647 	-0.114994 	0.00185817 	
2.105	2.16008 	-0.0919243 	-1.76346 	0.000323416 	-0.115018 	0.00184822 	
2.11	2.15854 	-0.0913253 	-1.76588 	0.000388634 	-0.115043 	0.00188085 	
2.115	2.15923 	-0.0916046 	-1.76592 	0.000369522 	-0.115079 	0.00187005 	
2.12	2.15982 	-0.0918829 	-1.76586 	0.000350219 	-0.115109 	0.00185828 	
2.125	2.16028 	-0.0921274 	-1.7657 	0.000332942 	-0.115135 	0.00184714 	
2.13	2.16072 	-0.0923517 	-1.76555 	0.000317008 	-0.115159 	0.00183681 	
2.135	2.16113 	-0.0925573 	-1.76539 	0.00030232 	-0.115182 	0.00182723 	
2.14	2.15969 	-0.0920086 	-1.76766 	0.00036309 	-0.115206 	0.00185807 	
2.145	2.16033 	-0.0922748 	-1.76769 	0.000344826 	-0.115238 	0.00184764 	
2.15	2.16089 	-0.0925401 	-1.76762 	0.000326388 	-0.115268 	0.00183636 	
2.155	2.16133 	-0.0927738 	-1.76748 	0.000309866 	-0.115292 	0.00182572 	
2.16	2.16175 	-0.0929882 	-1.76734 	0.000294629 	-0.115314 	0.00181586 	
2.165	2.16214 	-0.0931847 	-1.76719 	0.000280581 	-0.115336 	0.0018067 	
2.17	2.1625 	-0.0933647 	-1.76705 	0.000267635 	-0.115356 	0.00179821 	
2.175	2.16091 	-0.0927553 	-1.76947 	0.000334584 	-0.115378 	0.00183307 	
2.18	2.16154 	-0.0930064 	-1.76953 	0.000317405 	-0.11541 	0.00182349 	
2.185	2.16207 	-0.0932589 	-1.76948 	0.000299876 	-0.115438 	0.00181285 	
2.19	2.16248 	-0.0934801 	-1.76935 	0.000284233 	-0.11546 	0.00180278 	
2.195	2.16287 	-0.093683 	-1.76922 	0.000269804 	-0.115481 	0.00179345 	
2.2	2.16323 	-0.0938691 	-1.76908 	0.0002565 	-0.115501 	0.00178479 	
2.205	2.16358 	-0.0940396 	-1.76895 	0.000244237 	-0.11552 	0.00177676 	
2.21	2.16211 	-0.0934888 	-1.77117 	0.000305713 	-0.115541 	0.0018092 	
2.215	2.16268 	-0.0937237 	-1.77122 	0.000289597 	-0.115569 	0.00180009 	
2.22	2.16317 	-0.0939602 	-1.77117 	0.000273155 	-0.115595 	0.00179008 	
2.225	2.16355 	-0.0941679 	-1.77106 	0.000258461 	-0.115616 	0.00178065 	
2.23	2.16392 	-0.0943586 	-1.77094 	0.000244906 	-0.115636 	0.00177189 	
2.235	2.16426 	-0.0945335 	-1.77082 	0.000232405 	-0.115654 	0.00176378 	
2.24	2.16458 	-0.0946938 	-1.77069 	0.000220881 	-0.115672 	0.00175625 	
2.245	2.16487 	-0.0948407 	-1.77057 	0.00021026 	-0.115688 	0.00174926 	
2.25	2.16336 	-0.0942716 	-1.77282 	0.000273625 	-0.115706 	0.00178336 	
2.255	2.16389 	-0.0944873 	-1.77287 	0.000258854 	-0.115733 	0.00177514 	
2.26	2.16434 	-0.0947063 	-1.77284 	0.000243639 	-0.115757 	0.00176592 	
2.265	2.16469 	-0.094898 	-1.77274 	0.00023008 	-0.115776 	0.00175724 	
2.27	2.16502 	-0.0950741 	-1.77264 	0.000217569 	-0.115794 	0.00174918 	
2.275	2.16533 	-0.0952357 	-1.77253 	0.000206029 	-0.115811 	0.0017417 	
2.28	2.16562 	-0.095384 	-1.77242 	0.000195386 	-0.115826 	0.00173477 	
2.285	2.1659 	-0.0955199 	-1.77231 	0.000185575 	-0.115841 	0.00172834 	
2.29	2.16615 	-0.0956444 	-1.77221 	0.000176533 	-0.115856 	0.00172238 	
2.295	2.16639 	-0.0957584 	-1.7721 	0.000168203 	-0.115869 	0.00171685 	
2.3	2.16474 	-0.0951301 	-1.77448 	0.000237474 	-0.115884 	0.00175494 	
2.305	2.16523 	-0.0953235 	-1.77457 	0.000224313 	-0.115909 	0.00174787 	
2.31	2.16564 	-0.0955231 	-1.77456 	0.000210503 	-0.11593 	0.00173962 	
2.315	2.16595 	-0.0956964 	-1.77447 	0.000198271 	-0.115947 	0.00173181 	
2.32	2.16625 	-0.0958557 	-1.77439 	0.00018698 	-0.115963 	0.00172456 	
2.325	2.16652 	-0.096002 	-1.7743 	0.000176559 	-0.115978 	0.00171784 	
2.33	2.16677 	-0.0961365 	-1.77421 	0.000166944 	-0.115991 	0.0017116 	
2.335	2.16701 	-0.0962599 	-1.77412 	0.000158075 	-0.116005 	0.00170582 	
2.34	2.16724 	-0.0963731 	-1.77403 	0.000149896 	-0.116017 	0.00170046 	
2.345	2.16745 	-0.0964769 	-1.77395 	0.000142355 	-0.116028 	0.00169549 	
2.35	2.16765 	-0.096572 	-1.77386 	0.000135405 	-0.116039 	0.00169088 	
2.355	2.16783 	-0.0966591 	-1.77377 	0.000129001 	-0.11605 	0.00168661 	
2.36	2.16624 	-0.0960583 	-1.77601 	0.000195303 	-0.116062 	0.00172367 	
2.365	2.16645 	-0.0959403 	-1.77576 	0.000163503 	-0.116054 	0.00175193 	
2.37	2.1668 	-0.0961125 	-1.77577 	0.000151624 	-0.116072 	0.00174488 	
2.375	2.16706 	-0.0962618 	-1.7757 	0.00014113 	-0.116086 	0.00173822 	
2.38	2.16731 	-0.0963992 	-1.77564 	0.000131436 	-0.116099 	0.00173204 	
2.385	2.16753 	-0.0965257 	-1.77557 	0.000122482 	-0.116112 	0.00172632 	
2.39	2.16775 	-0.0966421 	-1.77551 	0.000114213 	-0.116123 	0.00172101 	
2.395	2.16795 	-0.0967492 	-1.77545 	0.000106578 	-0.116134 	0.00171608 	
2.4	2.16813 	-0.0968477 	-1.77538 	9.95298e-05 	-0.116144 	0.00171152 	
2.405	2.16831 	-0.0969382 	-1.77532 	9.30235e-05 	-0.116154 	0.00170728 	
2.41	2.16847 	-0.0970214 	-1.77526 	8.70186e-05 	-0.116163 	0.00170336 	
2.415	2.16862 	-0.0970978 	-1.7752 	8.14773e-05 	-0.116171 	0.00169972 	
2.42	2.16877 	-0.0971679 	-1.77513 	7.63643e-05 	-0.116179 	0.00169634 	
2.425	2.1689 	-0.0972324 	-1.77508 	7.1647e-05 	-0.116186 	0.00169321 	
2.43	2.16903 	-0.0972915 	-1.77502 	6.72946e-05 	-0.116193 	0.00169031 	
2.435	2.16914 	-0.0973458 	-1.77496 	6.32806e-05 	-0.1162 	0.00168762 	
2.44	2.16925 	-0.0973956 	-1.77491 	5.95781e-05 	-0.116206 	0.00168512 	
2.445	2.16936 	-0.0974413 	-1.77485 	5.61631e-05 	-0.116212 	0.00168281 	
2.45	2.16945 	-0.0974831 	-1.7748 	5.30141e-05 	-0.116217 	0.00168066 	
2.455	2.16954 	-0.0975216 	-1.77475 	5.01104e-05 	-0.116222 	0.00167867 	
2.46	2.16963 	-0.0975568 	-1.7747 	4.74328e-05 	-0.116227 	0.00167683 	
2.465	2.16971 	-0.097589 	-1.77465 	4.49637e-05 	-0.116231 	0.00167512 	
2.47	2.16978 	-0.0976186 	-1.77461 	4.26865e-05 	-0.116236 	0.00167353 	
2.475	2.16985 	-0.0976458 	-1.77456 	4.05861e-05 	-0.11624 	0.00167206 	
2.48	2.16815 	-0.0969965 	-1.77684 	0.000110857 	-0.116246 	0.00171224 	
2.485	2.16846 	-0.0971107 	-1.77697 	0.000103328 	-0.116261 	0.00170869 	
2.49	2.16871 	-0.0972375 	-1.77702 	9.47757e-05 	-0.116273 	0.00170385 	
2.495	2.16888 	-0.0973457 	-1.77701 	8.73386e-05 	-0.116282 	0.00169925 	
2.5	2.16904 	-0.0974458 	-1.77699 	8.045e-05 	-0.11629 	0.00169499 	
2.505	2.16918 	-0.0975386 	-1.77698 	7.40681e-05 	-0.116298 	0.00169104 	
2.51	2.16932 	-0.0976246 	-1.77696 	6.81482e-05 	-0.116305 	0.00168738 	
2.515	2.16944 	-0.0977046 	-1.77695 	6.26426e-05 	-0.116311 	0.00168397 	
2.52	2.16956 	-0.097779 	-1.77694 	5.75308e-05 	-0.116317 	0.00168081 	
2.525	2.16967 	-0.097848 	-1.77693 	5.27854e-05 	-0.116323 	0.00167788 	
2.53	2.16977 	-0.0979122 	-1.77692 	4.83743e-05 	-0.116328 	0.00167516 	
2.535	2.16986 	-0.0979718 	-1.77691 	4.42708e-05 	-0.116333 	0.00167262 	
2.54	2.16995 	-0.0980274 	-1.7769 	4.0448e-05 	-0.116338 	0.00167026 	
2.545	2.17004 	-0.0980793 	-1.77689 	3.6881e-05 	-0.116342 	0.00166806 	
2.55	2.17012 	-0.0981278 	-1.77688 	3.3547e-05 	-0.116347 	0.001666 	
2.555	2.1702 	-0.0981731 	-1.77687 	3.04249e-05 	-0.116351 	0.00166407 	
2.56	2.17028 	-0.0982157 	-1.77686 	2.74949e-05 	-0.116354 	0.00166226 	
2.565	2.17008 	-0.0978807 	-1.7764 	-2.66124e-06 	-0.116321 	0.00170598 	
2.57	2.17015 	-0.0979181 	-1.77639 	-5.2413e-06 	-0.116324 	0.00170439 	
2.575	2.17023 	-0.0979523 	-1.77637 	-7.61419e-06 	-0.116328 	0.00170291 	
2.58	2.1703 	-0.0979842 	-1.77636 	-9.83854e-06 	-0.116331 	0.00170151 	
2.585	2.17037 	-0.0980148 	-1.77635 	-1.19672e-05 	-0.116335 	0.00170018 	
2.59	2.17045 	-0.0980441 	-1.77634 	-1.40033e-05 	-0.116339 	0.00169891 	
2.595	2.17052 	-0.0980721 	-1.77633 	-1.59554e-05 	-0.116342 	0.00169769 	
2.6	2.1706 	-0.0980991 	-1.77632 	-1.78344e-05 	-0.116346 	0.00169652 	
2.605	2.17068 	-0.0981252 	-1.7763 	-1.96498e-05 	-0.116349 	0.00169539 	
2.61	2.17076 	-0.0981505 	-1.77629 	-2.14104e-05 	-0.116353 	0.00169429 	
2.615	2.17084 	-0.0981751 	-1.77627 	-2.31244e-05 	-0.116356 	0.00169323 	
2.62	2.17092 	-0.0981991 	-1.77626 	-2.47992e-05 	-0.11636 	0.00169219 	
2.625	2.17101 	-0.0982227 	-1.77624 	-2.64418e-05 	-0.116364 	0.00169117 	
2.63	2.17109 	-0.0982459 	-1.77623 	-2.80586e-05 	-0.116368 	0.00169017 	
2.635	2.17119 	-0.0982688 	-1.77621 	-2.96557e-05 	-0.116372 	0.00168918 	
2.64	2.17128 	-0.0982915 	-1.77619 	-3.12385e-05 	-0.116376 	0.0016882 	
2.645	2.17138 	-0.0983141 	-1.77617 	-3.28121e-05 	-0.11638 	0.00168723 	
2.65	2.17148 	-0.0983366 	-1.77615 	-3.43814e-05 	-0.116384 	0.00168626 	
2.655	2.17158 	-0.0983591 	-1.77613 	-3.59506e-05 	-0.116389 	0.00168529 	
2.66	2.17169 	-0.0983816 	-1.77611 	-3.75239e-05 	-0.116393 	0.00168432 	
2.665	2.1718 	-0.0984043 	-1.77609 	-3.91049e-05 	-0.116398 	0.00168335 	
2.67	2.17192 	-0.0984271 	-1.77607 	-4.06971e-05 	-0.116403 	0.00168237 	
2.675	2.17204 	-0.0984501 	-1.77604 	-4.23038e-05 	-0.116408 	0.00168138 	
2.68	2.17216 	-0.0984734 	-1.77602 	-4.39279e-05 	-0.116413 	0.00168039 	
2.685	2.17229 	-0.098497 	-1.77599 	-4.55721e-05 	-0.116419 	0.00167938 	
2.69	2.17242 	-0.0985208 	-1.77597 	-4.7239e-05 	-0.116424 	0.00167836 	
2.695	2.17255 	-0.0985451 	-1.77594 	-4.89309e-05 	-0.11643 	0.00167732 	
2.7	2.17269 	-0.0985697 	-1.77591 	-5.06499e-05 	-0.116436 	0.00167627 	
2.705	2.17284 	-0.0985947 	-1.77588 	-5.2398e-05 	-0.116442 	0.0016752 	
2.71	2.17299 	-0.0986202 	-1.77585 	-5.41771e-05 	-0.116448 	0.00167411 	
2.715	2.17314 	-0.0986461 	-1.77582 	-5.59888e-05 	-0.116454 	0.001673 	
2.72	2.1733 	-0.0986726 	-1.77579 	-5.78347e-05 	-0.116461 	0.00167187 	
2.725	2.17346 	-0.0986995 	-1.77576 	-5.97163e-05 	-0.116468 	0.00167073 	
2.73	2.17363 	-0.098727 	-1.77572 	-6.16347e-05 	-0.116475 	0.00166955 	
2.735	2.1738 	-0.098755 	-1.77569 	-6.35913e-05 	-0.116482 	0.00166836 	
2.74	2.17634 	-0.098694 	-1.7728 	-5.81615e-05 	-0.116489 	0.00167273 	
2.745	2.1765 	-0.0987471 	-1.77285 	-6.14101e-05 	-0.116494 	0.00167063 	
2.75	2.17654 	-0.0987912 	-1.77281 	-6.43168e-05 	-0.116495 	0.00166865 	
2.755	2.17656 	-0.0988273 	-1.77274 	-6.68355e-05 	-0.116495 	0.00166689 	
2.76	2.17659 	-0.0988637 	-1.77267 	-6.93679e-05 	-0.116496 	0.00166515 	
2.765	2.17664 	-0.0989002 	-1.7726 	-7.19169e-05 	-0.116498 	0.0016634 	
2.77	2.1767 	-0.098937 	-1.77253 	-7.4485e-05 	-0.1165 	0.00166166 	
2.775	2.17678 	-0.0989742 	-1.77247 	-7.70747e-05 	-0.116503 	0.00165992 	
2.78	2.17688 	-0.0990116 	-1.7724 	-7.96882e-05 	-0.116507 	0.00165818 	
2.785	2.17698 	-0.0990495 	-1.77233 	-8.23276e-05 	-0.116511 	0.00165643 	
2.79	2.1771 	-0.0990877 	-1.77227 	-8.49946e-05 	-0.116516 	0.00165468 	
2.795	2.17724 	-0.0991264 	-1.77221 	-8.76911e-05 	-0.116521 	0.00165291 	
2.8	2.17738 	-0.0991655 	-1.77214 	-9.04186e-05 	-0.116527 	0.00165114 	
2.805	2.17754 	-0.0992051 	-1.77208 	-9.31785e-05 	-0.116533 	0.00164935 	
2.81	2.17771 	-0.0992452 	-1.77202 	-9.59723e-05 	-0.11654 	0.00164756 	
2.815	2.17789 	-0.0992858 	-1.77195 	-9.88011e-05 	-0.116547 	0.00164574 	
2.82	2.18079 	-0.0998597 	-1.76972 	-6.35172e-05 	-0.116608 	0.00157923 	
2.825	2.18098 	-0.0999159 	-1.76974 	-6.69872e-05 	-0.116614 	0.0015771 	
2.83	2.18104 	-0.0999622 	-1.76968 	-7.00521e-05 	-0.116615 	0.00157502 	
2.835	2.18108 	-0.100003 	-1.76958 	-7.28903e-05 	-0.116617 	0.00157301 	
2.84	2.18114 	-0.100044 	-1.76949 	-7.57686e-05 	-0.116619 	0.001571 	
2.845	2.18122 	-0.100086 	-1.7694 	-7.86977e-05 	-0.116621 	0.00156897 	
2.85	2.18133 	-0.100129 	-1.76931 	-8.16777e-05 	-0.116625 	0.00156693 	
2.855	2.18145 	-0.100172 	-1.76922 	-8.47083e-05 	-0.11663 	0.00156488 	
2.86	2.18158 	-0.100217 	-1.76914 	-8.77893e-05 	-0.116635 	0.00156281 	
2.865	2.18174 	-0.100262 	-1.76905 	-9.09207e-05 	-0.116641 	0.00156072 	
2.87	2.18191 	-0.100307 	-1.76897 	-9.41023e-05 	-0.116647 	0.00155862 	
2.875	2.18209 	-0.100354 	-1.76889 	-9.73339e-05 	-0.116655 	0.00155649 	
2.88	2.18229 	-0.100401 	-1.7688 	-0.000100615 	-0.116662 	0.00155435 	
2.885	2.18484 	-0.100452 	-1.76587 	-0.000106061 	-0.116671 	0.00155205 	
2.89	2.18505 	-0.100514 	-1.76587 	-0.000109957 	-0.116677 	0.00154963 	
2.895	2.18514 	-0.100565 	-1.7658 	-0.000113347 	-0.11668 	0.00154731 	
2.9	2.18522 	-0.100609 	-1.76568 	-0.000116462 	-0.116682 	0.00154506 	
2.905	2.18531 	-0.100655 	-1.76557 	-0.000119652 	-0.116685 	0.00154278 	
2.91	2.18543 	-0.100701 	-1.76547 	-0.000122917 	-0.116689 	0.00154048 	
2.915	2.18557 	-0.100749 	-1.76536 	-0.000126252 	-0.116694 	0.00153817 	
2.92	2.18573 	-0.100797 	-1.76526 	-0.000129658 	-0.1167 	0.00153583 	
2.925	2.1859 	-0.100847 	-1.76516 	-0.000133131 	-0.116707 	0.00153346 	
2.93	2.1861 	-0.100897 	-1.76506 	-0.000136671 	-0.116715 	0.00153108 	
2.935	2.18631 	-0.100949 	-1.76497 	-0.000140275 	-0.116723 	0.00152867 	
2.94	2.18882 	-0.101006 	-1.76207 	-0.000146065 	-0.116732 	0.001526 	
2.945	2.18906 	-0.101073 	-1.76206 	-0.000150303 	-0.116739 	0.00152332 	
2.95	2.18917 	-0.101128 	-1.76197 	-0.00015406 	-0.116742 	0.00152072 	
2.955	2.18927 	-0.101178 	-1.76185 	-0.000157556 	-0.116746 	0.00151819 	
2.96	2.1894 	-0.101229 	-1.76173 	-0.000161135 	-0.11675 	0.00151563 	
2.965	2.18955 	-0.101281 	-1.76161 	-0.000164796 	-0.116755 	0.00151305 	
2.97	2.18972 	-0.101334 	-1.7615 	-0.000168535 	-0.116762 	0.00151044 	
2.975	2.18991 	-0.101389 	-1.76138 	-0.00017235 	-0.116769 	0.00150782 	
2.98	2.19012 	-0.101444 	-1.76128 	-0.000176238 	-0.116777 	0.00150516 	
2.985	2.19036 	-0.101501 	-1.76117 	-0.000180197 	-0.116786 	0.00150249 	
2.99	2.1929 	-0.101563 	-1.75825 	-0.000186339 	-0.116795 	0.0014995 	
2.995	2.19315 	-0.101636 	-1.75823 	-0.000190967 	-0.116804 	0.00149654 	
3	2.1933 	-0.101697 	-1.75813 	-0.000195111 	-0.116808 	0.00149367 	
3.005	2.19342 	-0.101753 	-1.758 	-0.000198986 	-0.116812 	0.00149086 	
3.01	2.19357 	-0.101809 	-1.75787 	-0.000202949 	-0.116817 	0.00148803 	
3.015	2.19375 	-0.101867 	-1.75775 	-0.000206995 	-0.116823 	0.00148518 	
3.02	2.19395 	-0.101926 	-1.75762 	-0.000211121 	-0.116831 	0.00148231 	
3.025	2.19417 	-0.101986 	-1.75751 	-0.000215325 	-0.116839 	0.00147941 	
3.03	2.19441 	-0.102047 	-1.75739 	-0.000219604 	-0.116848 	0.00147649 	
3.035	2.19468 	-0.10211 	-1.75728 	-0.000223954 	-0.116858 	0.00147355 	
3.04	2.19743 	-0.102178 	-1.75413 	-0.000230636 	-0.116869 	0.0014702 	
3.045	2.19773 	-0.102259 	-1.75412 	-0.000235762 	-0.116879 	0.00146694 	
3.05	2.1979 	-0.102328 	-1.75402 	-0.000240329 	-0.116884 	0.00146379 	
3.055	2.19804 	-0.102388 	-1.75388 	-0.000244575 	-0.116889 	0.00146071 	
3.06	2.19822 	-0.10245 	-1.75375 	-0.000248909 	-0.116895 	0.00145761 	
3.065	2.19841 	-0.102513 	-1.75362 	-0.000253328 	-0.116902 	0.00145449 	
3.07	2.19864 	-0.102578 	-1.75349 	-0.000257829 	-0.11691 	0.00145135 	
3.075	2.19888 	-0.102643 	-1.75337 	-0.000262407 	-0.116919 	0.00144819 	
3.08	2.19915 	-0.10271 	-1.75325 	-0.00026706 	-0.116929 	0.00144501 	
3.085	2.20184 	-0.102783 	-1.75016 	-0.000273945 	-0.11694 	0.00144138 	
3.09	2.20216 	-0.102869 	-1.75014 	-0.000279366 	-0.11695 	0.00143789 	
3.095	2.20234 	-0.102941 	-1.75003 	-0.000284253 	-0.116956 	0.0014345 	
3.1	2.20208 	-0.102442 	-1.74921 	-0.00033069 	-0.116905 	0.00149913 	
3.105	2.20228 	-0.102509 	-1.74907 	-0.000335326 	-0.116912 	0.00149581 	
3.11	2.2025 	-0.102575 	-1.74894 	-0.000339947 	-0.11692 	0.00149251 	
3.115	2.20275 	-0.102641 	-1.74881 	-0.000344616 	-0.116929 	0.00148921 	
3.12	2.20302 	-0.10271 	-1.74868 	-0.000349383 	-0.116939 	0.00148589 	
3.125	2.20556 	-0.102784 	-1.74575 	-0.000356311 	-0.11695 	0.00148202 	
3.13	2.20587 	-0.102869 	-1.74571 	-0.000361816 	-0.11696 	0.0014784 	
3.135	2.20607 	-0.102944 	-1.7456 	-0.000366854 	-0.116966 	0.00147486 	
3.14	2.20626 	-0.103012 	-1.74545 	-0.00037162 	-0.116972 	0.00147138 	
3.145	2.20647 	-0.103081 	-1.74531 	-0.00037648 	-0.116979 	0.00146789 	
3.15	2.20671 	-0.103152 	-1.74518 	-0.000381427 	-0.116988 	0.00146437 	
3.155	2.20698 	-0.103225 	-1.74505 	-0.000386459 	-0.116998 	0.00146084 	
3.16	2.20728 	-0.103298 	-1.74492 	-0.000391572 	-0.117009 	0.0014573 	
3.165	2.20991 	-0.103378 	-1.7419 	-0.000398881 	-0.11702 	0.00145314 	
3.17	2.21025 	-0.10347 	-1.74187 	-0.00040477 	-0.117031 	0.00144928 	
3.175	2.21047 	-0.10355 	-1.74176 	-0.000410154 	-0.117038 	0.00144552 	
3.18	2.21068 	-0.103623 	-1.74161 	-0.000415236 	-0.117045 	0.00144183 	
3.185	2.21091 	-0.103698 	-1.74148 	-0.000420406 	-0.117053 	0.00143813 	
3.19	2.21117 	-0.103773 	-1.74134 	-0.00042566 	-0.117062 	0.00143441 	
3.195	2.21146 	-0.10385 	-1.74121 	-0.000430992 	-0.117073 	0.00143068 	
3.2	2.21177 	-0.103929 	-1.74108 	-0.000436399 	-0.117084 	0.00142694 	
3.205	2.21451 	-0.104013 	-1.73795 	-0.000444047 	-0.117097 	0.0014225 	
3.21	2.21488 	-0.104111 	-1.73793 	-0.000450279 	-0.117109 	0.00141844 	
3.215	2.21512 	-0.104196 	-1.73782 	-0.000455967 	-0.117116 	0.00141447 	
3.22	2.21534 	-0.104274 	-1.73768 	-0.000461322 	-0.117123 	0.00141059 	
3.225	2.21559 	-0.104352 	-1.73754 	-0.00046676 	-0.117132 	0.0014067 	
3.23	2.21586 	-0.104432 	-1.73741 	-0.000472277 	-0.117142 	0.0014028 	
3.235	2.21617 	-0.104513 	-1.73728 	-0.000477869 	-0.117153 	0.00139889 	
3.24	2.2165 	-0.104596 	-1.73715 	-0.000483532 	-0.117165 	0.00139498 	
3.245	2.21934 	-0.104685 	-1.73391 	-0.000491467 	-0.117178 	0.00139027 	
3.25	2.21973 	-0.104788 	-1.7339 	-0.000498004 	-0.117191 	0.00138601 	
3.255	2.21998 	-0.104877 	-1.7338 	-0.000503961 	-0.117199 	0.00138186 	
3.26	2.22021 	-0.104959 	-1.73366 	-0.000509554 	-0.117206 	0.0013778 	
3.265	2.22047 	-0.105041 	-1.73352 	-0.000515228 	-0.117215 	0.00137375 	
3.27	2.22076 	-0.105125 	-1.73339 	-0.000520976 	-0.117225 	0.00136968 	
3.275	2.22108 	-0.105209 	-1.73326 	-0.000526796 	-0.117237 	0.00136561 	
3.28	2.22368 	-0.1053 	-1.73029 	-0.000534638 	-0.117249 	0.00136078 	
3.285	2.22405 	-0.105403 	-1.73025 	-0.000541232 	-0.117261 	0.0013564 	
3.29	2.22431 	-0.105494 	-1.73015 	-0.000547335 	-0.117269 	0.00135212 	
3.295	2.22456 	-0.105579 	-1.73001 	-0.000553129 	-0.117277 	0.00134793 	
3.3	2.22483 	-0.105664 	-1.72988 	-0.000558998 	-0.117287 	0.00134373 	
3.305	2.22514 	-0.105751 	-1.72975 	-0.000564939 	-0.117297 	0.00133954 	
3.31	2.22547 	-0.105839 	-1.72962 	-0.000570947 	-0.117309 	0.00133533 	
3.315	2.2281 	-0.105933 	-1.72662 	-0.000578957 	-0.117322 	0.0013303 	
3.32	2.22849 	-0.106039 	-1.7266 	-0.000585753 	-0.117335 	0.00132579 	
3.325	2.22877 	-0.106134 	-1.7265 	-0.000592048 	-0.117343 	0.00132138 	
3.33	2.22903 	-0.106221 	-1.72636 	-0.000598022 	-0.117352 	0.00131706 	
3.335	2.22932 	-0.10631 	-1.72623 	-0.000604067 	-0.117362 	0.00131274 	
3.34	2.22964 	-0.106399 	-1.72611 	-0.000610179 	-0.117373 	0.00130842 	
3.345	2.22999 	-0.10649 	-1.72599 	-0.000616355 	-0.117385 	0.0013041 	
3.35	2.23293 	-0.106939 	-1.72336 	-0.000598034 	-0.117434 	0.00125676 	
3.355	2.23334 	-0.107048 	-1.72335 	-0.000605034 	-0.117447 	0.00125212 	
3.36	2.23363 	-0.107147 	-1.72325 	-0.000611568 	-0.117456 	0.00124755 	
3.365	2.23389 	-0.107239 	-1.72312 	-0.0006178 	-0.117465 	0.00124307 	
3.37	2.2342 	-0.107332 	-1.723 	-0.000624086 	-0.117475 	0.0012386 	
3.375	2.23453 	-0.107425 	-1.72288 	-0.000630428 	-0.117487 	0.00123414 	
3.38	2.23489 	-0.10752 	-1.72277 	-0.000636824 	-0.117499 	0.00122968 	
3.385	2.23761 	-0.10762 	-1.71968 	-0.000645138 	-0.117513 	0.00122428 	
3.39	2.23803 	-0.107734 	-1.71967 	-0.000652355 	-0.117527 	0.0012195 	
3.395	2.23833 	-0.107835 	-1.71958 	-0.000659036 	-0.117536 	0.00121483 	
3.4	2.23861 	-0.107929 	-1.71946 	-0.00066536 	-0.117545 	0.00121027 	
3.405	2.23892 	-0.108023 	-1.71934 	-0.000671743 	-0.117556 	0.00120572 	
3.41	2.23927 	-0.108118 	-1.71923 	-0.000678181 	-0.117567 	0.00120118 	
3.415	2.23964 	-0.108214 	-1.71912 	-0.000684672 	-0.11758 	0.00119664 	
3.42	2.24239 	-0.108316 	-1.71599 	-0.000693057 	-0.117595 	0.00119108 	
3.425	2.24283 	-0.108432 	-1.71599 	-0.000700391 	-0.117608 	0.00118621 	
3.43	2.24314 	-0.108535 	-1.71591 	-0.000707178 	-0.117618 	0.00118145 	
3.435	2.24343 	-0.10863 	-1.71579 	-0.000713597 	-0.117627 	0.00117681 	
3.44	2.24375 	-0.108726 	-1.71568 	-0.000720072 	-0.117638 	0.00117218 	
3.445	2.2441 	-0.108823 	-1.71557 	-0.0007266 	-0.11765 	0.00116756 	
3.45	2.24448 	-0.10892 	-1.71547 	-0.000733178 	-0.117664 	0.00116295 	
3.455	2.24725 	-0.109024 	-1.71232 	-0.00074162 	-0.117678 	0.00115725 	
3.46	2.2477 	-0.109142 	-1.71233 	-0.000749056 	-0.117692 	0.00115229 	
3.465	2.24802 	-0.109247 	-1.71225 	-0.000755938 	-0.117702 	0.00114746 	
3.47	2.24832 	-0.109344 	-1.71214 	-0.000762443 	-0.117711 	0.00114275 	
3.475	2.24865 	-0.109441 	-1.71203 	-0.000769001 	-0.117722 	0.00113805 	
3.48	2.24901 	-0.109539 	-1.71193 	-0.000775608 	-0.117734 	0.00113336 	
3.485	2.24939 	-0.109638 	-1.71183 	-0.000782261 	-0.117748 	0.00112869 	
3.49	2.25218 	-0.109743 	-1.70867 	-0.000790738 	-0.117763 	0.00112285 	
3.495	2.25264 	-0.109863 	-1.70868 	-0.00079826 	-0.117777 	0.00111782 	
3.5	2.25297 	-0.109969 	-1.70862 	-0.000805223 	-0.117787 	0.00111292 	
3.505	2.25327 	-0.110067 	-1.70851 	-0.0008118 	-0.117796 	0.00110815 	
3.51	2.2536 	-0.110166 	-1.70841 	-0.000818426 	-0.117807 	0.00110339 	
3.515	2.25397 	-0.110265 	-1.70831 	-0.000825097 	-0.11782 	0.00109865 	
3.52	2.25436 	-0.110365 	-1.70822 	-0.000831811 	-0.117834 	0.00109392 	
3.525	2.25716 	-0.110472 	-1.70505 	-0.000840302 	-0.117848 	0.00108796 	
3.53	2.25762 	-0.110593 	-1.70508 	-0.000847888 	-0.117863 	0.00108288 	
3.535	2.25795 	-0.1107 	-1.70502 	-0.000854914 	-0.117873 	0.00107792 	
3.54	2.25826 	-0.1108 	-1.70492 	-0.000861547 	-0.117882 	0.0010731 	
3.545	2.2586 	-0.110899 	-1.70482 	-0.000868226 	-0.117894 	0.0010683 	
3.55	2.25897 	-0.111 	-1.70474 	-0.000874945 	-0.117906 	0.00106351 	
3.555	2.25937 	-0.111101 	-1.70465 	-0.000881702 	-0.11792 	0.00105875 	
3.56	2.26216 	-0.111208 	-1.70148 	-0.000890182 	-0.117935 	0.00105268 	
3.565	2.26263 	-0.11133 	-1.70152 	-0.000897811 	-0.117949 	0.00104755 	
3.57	2.26297 	-0.111439 	-1.70146 	-0.00090488 	-0.117959 	0.00104255 	
3.575	2.26341 	-0.111701 	-1.70157 	-0.000899158 	-0.117985 	0.00101835 	
3.58	2.26375 	-0.111802 	-1.70148 	-0.000905879 	-0.117997 	0.00101351 	
3.585	2.26413 	-0.111904 	-1.7014 	-0.000912664 	-0.118009 	0.00100868 	
3.59	2.26453 	-0.112006 	-1.70132 	-0.000919491 	-0.118023 	0.00100387 	
3.595	2.26731 	-0.112115 	-1.69817 	-0.000927951 	-0.118038 	0.000997712 	
3.6	2.26778 	-0.112238 	-1.69821 	-0.000935635 	-0.118052 	0.000992538 	
3.605	2.26812 	-0.112348 	-1.69816 	-0.000942761 	-0.118062 	0.000987498 	
3.61	2.26844 	-0.112449 	-1.69808 	-0.000949487 	-0.118072 	0.000982605 	
3.615	2.26879 	-0.112551 	-1.698 	-0.000956245 	-0.118084 	0.00097774 	
3.62	2.26917 	-0.112653 	-1.69793 	-0.000963031 	-0.118096 	0.000972902 	
3.625	2.26957 	-0.112756 	-1.69786 	-0.000969845 	-0.11811 	0.000968087 	
3.63	2.27233 	-0.112864 	-1.69473 	-0.000978228 	-0.118125 	0.000961869 	
3.635	2.2728 	-0.112987 	-1.69477 	-0.000985892 	-0.118139 	0.000956688 	
3.64	2.27315 	-0.113097 	-1.69474 	-0.000993006 	-0.118149 	0.000951643 	
3.645	2.27347 	-0.113199 	-1.69466 	-0.000999721 	-0.118159 	0.000946748 	
3.65	2.27382 	-0.1133 	-1.69459 	-0.00100646 	-0.11817 	0.000941885 	
3.655	2.2742 	-0.113402 	-1.69453 	-0.00101323 	-0.118183 	0.000937049 	
3.66	2.27461 	-0.113505 	-1.69446 	-0.00102002 	-0.118197 	0.000932241 	
3.665	2.27734 	-0.113614 	-1.69137 	-0.00102831 	-0.118212 	0.000925978 	
3.67	2.27781 	-0.113736 	-1.69142 	-0.00103594 	-0.118226 	0.000920804 	
3.675	2.27816 	-0.113846 	-1.69139 	-0.00104302 	-0.118236 	0.000915766 	
3.68	2.27848 	-0.113947 	-1.69132 	-0.00104971 	-0.118246 	0.000910882 	
3.685	2.27883 	-0.114049 	-1.69126 	-0.00105642 	-0.118257 	0.000906032 	
3.69	2.27921 	-0.114151 	-1.6912 	-0.00106316 	-0.11827 	0.000901213 	
3.695	2.27962 	-0.114253 	-1.69115 	-0.0010699 	-0.118283 	0.000896424 	
3.7	2.28231 	-0.114361 	-1.68809 	-0.00107808 	-0.118298 	0.000890134 	
3.705	2.28278 	-0.114483 	-1.68815 	-0.00108565 	-0.118312 	0.000884983 	
3.71	2.28313 	-0.114592 	-1.68813 	-0.00109269 	-0.118322 	0.000879966 	
3.715	2.28346 	-0.114693 	-1.68807 	-0.00109933 	-0.118332 	0.000875107 	
3.72	2.28381 	-0.114794 	-1.68802 	-0.001106 	-0.118343 	0.000870284 	
3.725	2.28419 	-0.114896 	-1.68796 	-0.00111268 	-0.118356 	0.000865495 	
3.73	2.2846 	-0.114997 	-1.68792 	-0.00111937 	-0.118369 	0.000860739 	
3.735	2.28724 	-0.115105 	-1.68492 	-0.00112741 	-0.118384 	0.000854445 	
3.74	2.28771 	-0.115225 	-1.68498 	-0.00113489 	-0.118398 	0.000849331 	
3.745	2.28805 	-0.115334 	-1.68496 	-0.00114187 	-0.118407 	0.000844351 	
3.75	2.28838 	-0.115434 	-1.68491 	-0.00114845 	-0.118417 	0.000839531 	
3.755	2.28873 	-0.115534 	-1.68487 	-0.00115505 	-0.118428 	0.00083475 	
3.76	2.28911 	-0.115635 	-1.68482 	-0.00116166 	-0.118441 	0.000830006 	
3.765	2.28951 	-0.115736 	-1.68478 	-0.00116827 	-0.118454 	0.000825297 	
3.77	2.29211 	-0.115842 	-1.68184 	-0.00117616 	-0.118468 	0.00081902 	
3.775	2.29257 	-0.115961 	-1.68191 	-0.00118353 	-0.118482 	0.000813961 	
3.78	2.29291 	-0.116069 	-1.6819 	-0.00119042 	-0.118492 	0.000809034 	
3.785	2.29323 	-0.116168 	-1.68186 	-0.00119692 	-0.118501 	0.000804268 	
3.79	2.29359 	-0.116267 	-1.68182 	-0.00120343 	-0.118512 	0.000799544 	
3.795	2.29396 	-0.116367 	-1.68179 	-0.00120995 	-0.118524 	0.000794859 	
3.8	2.29436 	-0.116467 	-1.68175 	-0.00121647 	-0.118538 	0.000790212 	
3.805	2.29478 	-0.116566 	-1.68172 	-0.00122299 	-0.118552 	0.000785601 	
3.81	2.29761 	-0.116672 	-1.6785 	-0.00123086 	-0.118567 	0.000779175 	
3.815	2.2981 	-0.116793 	-1.6786 	-0.00123826 	-0.118581 	0.000774145 	
3.82	2.29797 	-0.116278 	-1.67787 	-0.00129322 	-0.118529 	0.000842904 	
3.825	2.29647 	-0.115035 	-1.67368 	-0.00142006 	-0.118298 	0.000816282 	
3.83	1.99245 	0.114082 	-0.972451 	-0.0216957 	-0.0781345 	-0.00321141 	
3.835	1.09889 	0.787691 	1.08743 	-0.0812372 	0.0398493 	-0.0150696 	
3.84	0.843702 	0.98676 	1.68187 	-0.0982756 	0.0738706 	-0.0189393 	
3.845	0.0583651 	1.59623 	3.50722 	-0.150647 	0.178381 	-0.0306249 	
3.85	0.114147 	1.55077 	3.3691 	-0.146616 	0.170462 	-0.0300257 	
3.855	0.246133 	1.40974 	3.07305 	-0.139782 	0.153824 	-0.0233899 	
3.86	0.31044 	1.24068 	2.94756 	-0.141168 	0.147617 	-0.00831616 	
3.865	0.436048 	1.11994 	2.69216 	-0.135497 	0.133127 	-0.00224914 	
3.87	0.516429 	0.970662 	2.60101 	-0.138244 	0.128489 	0.012871 	
3.875	0.646444 	0.889747 	2.29282 	-0.128492 	0.110672 	0.0122869 	
3.88	0.43625 	0.695118 	2.72297 	-0.101224 	0.136307 	0.0150288 	
3.885	-0.42242 	0.273089 	4.56278 	-0.0400051 	0.244937 	0.0247408 	
3.89	-0.66503 	0.144818 	4.88391 	-0.0195137 	0.265288 	0.024874 	
3.895	-1.77965 	-0.177709 	6.77585 	0.03568 	0.380396 	0.0290483 	
3.9	-1.91545 	-0.227413 	7.00539 	0.046157 	0.394553 	0.0280201 	
3.905	-3.18841 	-0.0657581 	9.05102 	0.0499718 	0.519258 	0.0324471 	
3.91	-4.21376 	0.770493 	9.77616 	-0.025441 	0.569116 	0.0396061 	
3.915	-3.77702 	0.739372 	9.06629 	-0.0153952 	0.525577 	0.0286055 	
3.92	-3.35812 	0.703945 	8.35599 	-0.00929473 	0.482425 	0.0210517 	
3.925	-2.99877 	0.705143 	7.77067 	0.00145642 	0.446295 	0.00802496 	
3.93	-2.64795 	0.665738 	7.12381 	0.00422746 	0.407597 	0.00430131 	
3.935	-2.37412 	0.671394 	6.62883 	0.0131283 	0.37741 	-0.00573889 	
3.94	-2.04453 	0.631952 	6.05507 	0.0130446 	0.342936 	-0.00739507 	
3.945	-1.74692 	0.633022 	5.53933 	0.0122352 	0.311773 	-0.0117648 	
3.95	-1.43272 	0.60584 	5.1341 	0.0120189 	0.286403 	-0.011904 	
3.955	-1.10685 	0.597612 	4.9917 	0.0131078 	0.274759 	-0.0108862 	
3.96	-1.41561 	0.763599 	5.47553 	-0.00132157 	0.30668 	-0.00870161 	
3.965	-2.79432 	1.40794 	7.77427 	-0.0542482 	0.452751 	0.00296894 	
3.97	-2.94284 	1.4147 	8.00314 	-0.053148 	0.468206 	0.0024115 	
3.975	-4.5402 	2.00134 	10.3104 	-0.101126 	0.617328 	0.015157 	
