0	0.0491202 	0.0216825 	-2.01105 	0.262394 	0.531412 	-0.010908 	
0.005	0.0491202 	0.0216825 	-2.01105 	0.262394 	0.531412 	-0.010908 	
0.01	0.0491202 	0.0216783 	-2.01105 	0.262394 	0.531412 	-0.0109077 	
0.015	0.0491202 	0.0216727 	-2.01104 	0.262394 	0.531414 	-0.0109073 	
0.02	0.0491202 	0.0216648 	-2.01104 	0.262394 	0.531415 	-0.0109068 	
0.025	0.0491203 	0.0216546 	-2.01103 	0.262394 	0.531417 	-0.0109062 	
0.03	0.0491203 	0.0216421 	-2.01102 	0.262395 	0.53142 	-0.0109054 	
0.035	0.0491203 	0.0216273 	-2.01101 	0.262395 	0.531423 	-0.0109044 	
0.04	0.0491203 	0.0216102 	-2.011 	0.262396 	0.531427 	-0.0109033 	
0.045	0.0491203 	0.0215907 	-2.01098 	0.262397 	0.531431 	-0.0109021 	
0.05	0.0491203 	0.021569 	-2.01096 	0.262397 	0.531435 	-0.0109007 	
0.055	0.0491204 	0.0215449 	-2.01094 	0.262398 	0.53144 	-0.0108992 	
0.06	0.0491204 	0.0215185 	-2.01092 	0.262399 	0.531446 	-0.0108975 	
0.065	0.0491204 	0.0214898 	-2.0109 	0.2624 	0.531452 	-0.0108957 	
0.07	0.0491205 	0.0214588 	-2.01088 	0.262401 	0.531458 	-0.0108937 	
0.075	0.0491205 	0.0214254 	-2.01085 	0.262402 	0.531465 	-0.0108916 	
0.08	0.0491206 	0.0213898 	-2.01082 	0.262403 	0.531473 	-0.0108893 	
0.085	0.0491206 	0.0213481 	-2.01079 	0.262405 	0.531481 	-0.0108866 	
0.09	0.0491207 	0.0213112 	-2.01076 	0.262406 	0.531489 	-0.0108843 	
0.095	0.0491207 	0.0212648 	-2.01072 	0.262407 	0.531499 	-0.0108813 	
0.1	0.0491208 	0.0212197 	-2.01069 	0.262409 	0.531508 	-0.0108785 	
0.105	0.0491208 	0.0211723 	-2.01065 	0.26241 	0.531518 	-0.0108755 	
0.11	0.0491209 	0.0211226 	-2.01061 	0.262412 	0.531528 	-0.0108723 	
0.115	0.049121 	0.0210707 	-2.01057 	0.262414 	0.531539 	-0.010869 	
0.12	0.0491211 	0.0210164 	-2.01053 	0.262415 	0.531551 	-0.0108656 	
0.125	0.0491211 	0.0209598 	-2.01048 	0.262417 	0.531562 	-0.010862 	
0.13	0.0491212 	0.020901 	-2.01044 	0.262419 	0.531575 	-0.0108583 	
0.135	0.0491213 	0.0208398 	-2.01039 	0.262421 	0.531587 	-0.0108544 	
0.14	0.0491214 	0.0207764 	-2.01034 	0.262423 	0.5316 	-0.0108504 	
0.145	0.0491215 	0.0207107 	-2.01029 	0.262425 	0.531614 	-0.0108463 	
0.15	0.0491216 	0.0206427 	-2.01024 	0.262428 	0.531628 	-0.010842 	
0.155	0.0491218 	0.0205725 	-2.01018 	0.26243 	0.531643 	-0.0108376 	
0.16	0.0492248 	0.0202762 	-2.0103 	0.262534 	0.533232 	-0.0101965 	
0.165	0.0492249 	0.0202014 	-2.01024 	0.262536 	0.533248 	-0.0101918 	
0.17	0.049225 	0.0201243 	-2.01018 	0.262539 	0.533264 	-0.0101869 	
0.175	0.0492252 	0.020045 	-2.01012 	0.262541 	0.53328 	-0.010182 	
0.18	0.0492253 	0.0199634 	-2.01006 	0.262544 	0.533297 	-0.0101769 	
0.185	0.0492255 	0.0198795 	-2.00999 	0.262547 	0.533314 	-0.0101716 	
0.19	0.0492256 	0.0197934 	-2.00992 	0.262549 	0.533332 	-0.0101663 	
0.195	0.0492258 	0.0197051 	-2.00985 	0.262552 	0.53335 	-0.0101608 	
0.2	0.049226 	0.0196145 	-2.00978 	0.262555 	0.533369 	-0.0101551 	
0.205	0.0492262 	0.0195217 	-2.00971 	0.262558 	0.533388 	-0.0101494 	
0.21	0.0492264 	0.0194266 	-2.00963 	0.262561 	0.533408 	-0.0101435 	
0.215	0.0492266 	0.0193293 	-2.00956 	0.262564 	0.533428 	-0.0101374 	
0.22	0.0493292 	0.0190091 	-2.00965 	0.262674 	0.534999 	-0.00950238 	
0.225	0.0493294 	0.0189073 	-2.00957 	0.262677 	0.53502 	-0.0094961 	
0.23	0.0493297 	0.0188033 	-2.00949 	0.26268 	0.535042 	-0.00948968 	
0.235	0.0493299 	0.0186971 	-2.00941 	0.262684 	0.535063 	-0.00948314 	
0.24	0.0493302 	0.0185887 	-2.00932 	0.262687 	0.535086 	-0.00947648 	
0.245	0.0493305 	0.018478 	-2.00924 	0.262691 	0.535108 	-0.00946969 	
0.25	0.0493307 	0.0183652 	-2.00915 	0.262695 	0.535131 	-0.00946278 	
0.255	0.049331 	0.0182502 	-2.00906 	0.262698 	0.535155 	-0.00945575 	
0.26	0.0493314 	0.018133 	-2.00896 	0.262702 	0.535179 	-0.0094486 	
0.265	0.0493317 	0.0180135 	-2.00887 	0.262706 	0.535203 	-0.00944134 	
0.27	0.0494415 	0.0176579 	-2.00896 	0.262828 	0.536871 	-0.00876574 	
0.275	0.0494419 	0.0175341 	-2.00886 	0.262832 	0.536897 	-0.00875823 	
0.28	0.0494422 	0.0174081 	-2.00876 	0.262836 	0.536922 	-0.00875059 	
0.285	0.0494426 	0.01728 	-2.00866 	0.262841 	0.536948 	-0.00874285 	
0.29	0.049443 	0.0171497 	-2.00856 	0.262845 	0.536975 	-0.00873499 	
0.295	0.0494434 	0.0170173 	-2.00845 	0.262849 	0.537002 	-0.00872702 	
0.3	0.0494439 	0.0168827 	-2.00835 	0.262853 	0.537029 	-0.00871893 	
0.305	0.0494443 	0.0167459 	-2.00824 	0.262858 	0.537057 	-0.00871074 	
0.31	0.04955 	0.0163839 	-2.0083 	0.262981 	0.53865 	-0.00806432 	
0.315	0.0495505 	0.0162428 	-2.00819 	0.262986 	0.538678 	-0.0080559 	
0.32	0.049551 	0.0160997 	-2.00808 	0.26299 	0.538707 	-0.00804737 	
0.325	0.0495515 	0.0159544 	-2.00796 	0.262995 	0.538736 	-0.00803874 	
0.33	0.0495521 	0.015807 	-2.00785 	0.263 	0.538766 	-0.00803 	
0.335	0.0495526 	0.0156575 	-2.00773 	0.263004 	0.538796 	-0.00802116 	
0.34	0.0495532 	0.0155059 	-2.00761 	0.263009 	0.538827 	-0.00801222 	
0.345	0.0495538 	0.0153522 	-2.00749 	0.263014 	0.538858 	-0.00800319 	
0.35	0.0496726 	0.0149479 	-2.00756 	0.263158 	0.540628 	-0.00728253 	
0.355	0.0496732 	0.01479 	-2.00743 	0.263163 	0.54066 	-0.00727328 	
0.36	0.0496739 	0.0146301 	-2.0073 	0.263168 	0.540692 	-0.00726393 	
0.365	0.0496746 	0.014468 	-2.00717 	0.263174 	0.540724 	-0.00725449 	
0.37	0.0496753 	0.0143039 	-2.00704 	0.263179 	0.540757 	-0.00724496 	
0.375	0.049676 	0.0141378 	-2.00691 	0.263184 	0.54079 	-0.00723534 	
0.38	0.0496767 	0.0139696 	-2.00678 	0.263189 	0.540824 	-0.00722562 	
0.385	0.0497946 	0.0135553 	-2.00683 	0.263339 	0.542563 	-0.00651582 	
0.39	0.0497954 	0.013383 	-2.0067 	0.263344 	0.542598 	-0.00650591 	
0.395	0.0497962 	0.0132087 	-2.00656 	0.263349 	0.542632 	-0.00649592 	
0.4	0.0497971 	0.0130323 	-2.00642 	0.263355 	0.542667 	-0.00648584 	
0.405	0.049798 	0.012854 	-2.00627 	0.263361 	0.542702 	-0.00647569 	
0.41	0.0497989 	0.0126736 	-2.00613 	0.263366 	0.542738 	-0.00646545 	
0.415	0.04991 	0.0122635 	-2.00616 	0.263513 	0.544364 	-0.00580053 	
0.42	0.049911 	0.0120791 	-2.00601 	0.263518 	0.544401 	-0.00579011 	
0.425	0.049912 	0.0118927 	-2.00586 	0.263524 	0.544437 	-0.00577962 	
0.43	0.049913 	0.0117044 	-2.00571 	0.26353 	0.544474 	-0.00576906 	
0.435	0.049914 	0.0115141 	-2.00556 	0.263536 	0.544512 	-0.00575842 	
0.44	0.0499151 	0.0113219 	-2.00541 	0.263542 	0.544549 	-0.00574771 	
0.445	0.0500334 	0.0108875 	-2.00544 	0.263703 	0.546262 	-0.00504537 	
0.45	0.0500345 	0.0106913 	-2.00528 	0.263709 	0.5463 	-0.0050345 	
0.455	0.0500357 	0.0104932 	-2.00512 	0.263715 	0.546339 	-0.00502357 	
0.46	0.0500369 	0.0102931 	-2.00496 	0.263721 	0.546378 	-0.00501257 	
0.465	0.0500381 	0.0100912 	-2.0048 	0.263727 	0.546417 	-0.0050015 	
0.47	0.0500394 	0.00988734 	-2.00464 	0.263734 	0.546457 	-0.00499038 	
0.475	0.0501664 	0.00942636 	-2.00467 	0.263912 	0.548274 	-0.00424288 	
0.48	0.0501677 	0.00921866 	-2.0045 	0.263918 	0.548314 	-0.00423161 	
0.485	0.050169 	0.00900911 	-2.00433 	0.263924 	0.548355 	-0.00422029 	
0.49	0.0501704 	0.00879768 	-2.00416 	0.263931 	0.548395 	-0.00420891 	
0.495	0.0501719 	0.00858439 	-2.00399 	0.263938 	0.548437 	-0.00419747 	
0.5	0.0502869 	0.00814071 	-2.00399 	0.264104 	0.550067 	-0.0035253 	
0.505	0.0502884 	0.00792368 	-2.00382 	0.264111 	0.550109 	-0.00351374 	
0.51	0.0502899 	0.00770483 	-2.00364 	0.264118 	0.550151 	-0.00350214 	
0.515	0.0502915 	0.00748414 	-2.00346 	0.264124 	0.550193 	-0.00349049 	
0.52	0.0502931 	0.00726164 	-2.00328 	0.264131 	0.550235 	-0.00347879 	
0.525	0.0504125 	0.00680225 	-2.00328 	0.264309 	0.551911 	-0.0027862 	
0.53	0.0504142 	0.0065761 	-2.0031 	0.264316 	0.551954 	-0.00277439 	
0.535	0.0504159 	0.00634817 	-2.00291 	0.264323 	0.551997 	-0.00276255 	
0.54	0.0504177 	0.00611847 	-2.00273 	0.26433 	0.552041 	-0.00275066 	
0.545	0.0504195 	0.00588698 	-2.00254 	0.264337 	0.552085 	-0.00273874 	
0.55	0.050545 	0.00540899 	-2.00254 	0.264528 	0.553826 	-0.00201646 	
0.555	0.0505469 	0.00517394 	-2.00235 	0.264536 	0.553871 	-0.00200445 	
0.56	0.0505488 	0.00493719 	-2.00216 	0.264543 	0.553915 	-0.00199241 	
0.565	0.0505508 	0.00469869 	-2.00196 	0.26455 	0.55396 	-0.00198033 	
0.57	0.0505528 	0.00445847 	-2.00177 	0.264557 	0.554005 	-0.00196823 	
0.575	0.0506847 	0.00396199 	-2.00176 	0.264764 	0.555814 	-0.00121573 	
0.58	0.0506868 	0.00371831 	-2.00156 	0.264771 	0.555859 	-0.00120355 	
0.585	0.0506889 	0.00347296 	-2.00137 	0.264778 	0.555905 	-0.00119135 	
0.59	0.0506911 	0.00322593 	-2.00117 	0.264786 	0.555951 	-0.00117913 	
0.595	0.0506934 	0.00297723 	-2.00096 	0.264793 	0.555997 	-0.0011669 	
0.6	0.0508315 	0.00246271 	-2.00095 	0.265015 	0.557871 	-0.000384539 	
0.605	0.0508339 	0.00221064 	-2.00075 	0.265023 	0.557917 	-0.00037224 	
0.61	0.0508363 	0.00195696 	-2.00054 	0.26503 	0.557964 	-0.000359927 	
0.615	0.0508387 	0.00170165 	-2.00034 	0.265038 	0.558011 	-0.000347602 	
0.62	0.0509571 	0.00122129 	-2.00029 	0.265234 	0.559602 	0.000317707 	
0.625	0.0509597 	0.00096271 	-2.00008 	0.265241 	0.55965 	0.000330074 	
0.63	0.0509622 	0.000702556 	-1.99987 	0.265249 	0.559697 	0.000342448 	
0.635	0.0509649 	0.000440813 	-1.99966 	0.265257 	0.559745 	0.000354826 	
0.64	0.051085 	-4.71391e-05 	-1.9996 	0.265459 	0.561343 	0.00102496 	
0.645	0.0510878 	-0.000312063 	-1.99939 	0.265467 	0.561391 	0.00103736 	
0.65	0.0510906 	-0.000578519 	-1.99917 	0.265475 	0.56144 	0.00104977 	
0.655	0.0510934 	-0.000846521 	-1.99895 	0.265482 	0.561488 	0.00106217 	
0.66	0.0512175 	-0.00134595 	-1.9989 	0.265696 	0.563122 	0.00174919 	
0.665	0.0512204 	-0.00161705 	-1.99868 	0.265704 	0.56317 	0.00176161 	
0.67	0.0512234 	-0.00188963 	-1.99845 	0.265711 	0.563219 	0.00177402 	
0.675	0.0512265 	-0.00216371 	-1.99823 	0.265719 	0.563268 	0.00178642 	
0.68	0.0513547 	-0.00267473 	-1.99817 	0.265944 	0.564939 	0.00249128 	
0.685	0.0513578 	-0.00295181 	-1.99795 	0.265952 	0.564988 	0.00250368 	
0.69	0.0513611 	-0.00323034 	-1.99772 	0.26596 	0.565038 	0.00251607 	
0.695	0.0513643 	-0.00351032 	-1.99749 	0.265968 	0.565088 	0.00252844 	
0.7	0.0514967 	-0.00403264 	-1.99743 	0.266204 	0.566794 	0.00325097 	
0.705	0.0515001 	-0.00431553 	-1.9972 	0.266212 	0.566844 	0.00326334 	
0.71	0.0515036 	-0.00459981 	-1.99696 	0.26622 	0.566894 	0.00327568 	
0.715	0.0515071 	-0.0048855 	-1.99673 	0.266228 	0.566944 	0.00328799 	
0.72	0.0516437 	-0.00541879 	-1.99667 	0.266477 	0.568686 	0.0040279 	
0.725	0.0516473 	-0.0057073 	-1.99643 	0.266485 	0.568737 	0.0040402 	
0.73	0.051651 	-0.00599716 	-1.99619 	0.266493 	0.568787 	0.00405246 	
0.735	0.0516547 	-0.00628837 	-1.99595 	0.266501 	0.568838 	0.00406469 	
0.74	0.0517955 	-0.00683229 	-1.99589 	0.266762 	0.570613 	0.00482167 	
0.745	0.0517994 	-0.00712623 	-1.99564 	0.26677 	0.570664 	0.00483387 	
0.75	0.0518033 	-0.00742146 	-1.9954 	0.266778 	0.570715 	0.00484603 	
0.755	0.0518073 	-0.00771801 	-1.99516 	0.266787 	0.570766 	0.00485815 	
0.76	0.0519523 	-0.0082722 	-1.99509 	0.26706 	0.572574 	0.00563188 	
0.765	0.0519564 	-0.00857137 	-1.99484 	0.267068 	0.572625 	0.00564396 	
0.77	0.0519605 	-0.00887179 	-1.99459 	0.267076 	0.572677 	0.00565599 	
0.775	0.0519648 	-0.00917347 	-1.99434 	0.267085 	0.572728 	0.00566797 	
0.78	0.052114 	-0.00973759 	-1.99427 	0.267371 	0.574568 	0.00645812 	
0.785	0.0521183 	-0.0100418 	-1.99402 	0.267379 	0.574619 	0.00647004 	
0.79	0.0521227 	-0.0103472 	-1.99377 	0.267388 	0.574671 	0.00648192 	
0.795	0.0521272 	-0.0106538 	-1.99351 	0.267396 	0.574722 	0.00649374 	
0.8	0.0522806 	-0.0112275 	-1.99344 	0.267695 	0.576592 	0.00729996 	
0.805	0.0522852 	-0.0115365 	-1.99318 	0.267704 	0.576644 	0.00731171 	
0.81	0.0522899 	-0.0118467 	-1.99292 	0.267712 	0.576695 	0.0073234 	
0.815	0.0522946 	-0.012158 	-1.99266 	0.26772 	0.576747 	0.00733504 	
0.82	0.0524522 	-0.0127409 	-1.99259 	0.268033 	0.578646 	0.00815697 	
0.825	0.0524571 	-0.0130546 	-1.99233 	0.268041 	0.578697 	0.00816852 	
0.83	0.052462 	-0.0133693 	-1.99206 	0.26805 	0.578749 	0.00818001 	
0.835	0.052467 	-0.0136852 	-1.9918 	0.268058 	0.578801 	0.00819144 	
0.84	0.0526287 	-0.0142769 	-1.99172 	0.268384 	0.580727 	0.00902873 	
0.845	0.0526339 	-0.014595 	-1.99146 	0.268393 	0.580779 	0.00904005 	
0.85	0.0526391 	-0.0149141 	-1.99119 	0.268401 	0.580831 	0.00905131 	
0.855	0.0526444 	-0.0152343 	-1.99092 	0.26841 	0.580883 	0.0090625 	
0.86	0.0528103 	-0.0158344 	-1.99084 	0.26875 	0.582835 	0.00991477 	
0.865	0.0528156 	-0.0161567 	-1.99057 	0.268758 	0.582887 	0.00992585 	
0.87	0.0528211 	-0.0164799 	-1.9903 	0.268766 	0.582939 	0.00993685 	
0.875	0.0528267 	-0.0168042 	-1.99003 	0.268775 	0.582991 	0.00994778 	
0.88	0.0529967 	-0.0174124 	-1.98994 	0.269129 	0.584968 	0.0108146 	
0.885	0.0530024 	-0.0177387 	-1.98967 	0.269137 	0.58502 	0.0108255 	
0.89	0.0530081 	-0.0180659 	-1.98939 	0.269146 	0.585072 	0.0108362 	
0.895	0.053014 	-0.0183941 	-1.98912 	0.269154 	0.585124 	0.0108468 	
0.9	0.0531881 	-0.0190098 	-1.98903 	0.269522 	0.587125 	0.0117279 	
0.905	0.053194 	-0.0193399 	-1.98875 	0.269531 	0.587177 	0.0117384 	
0.91	0.0532001 	-0.0196709 	-1.98847 	0.269539 	0.587229 	0.0117488 	
0.915	0.0533392 	-0.0202273 	-1.98834 	0.269836 	0.588805 	0.0124435 	
0.92	0.0533453 	-0.02056 	-1.98806 	0.269845 	0.588857 	0.0124538 	
0.925	0.0533516 	-0.0208936 	-1.98777 	0.269853 	0.588909 	0.012464 	
0.93	0.0533579 	-0.0212281 	-1.98749 	0.269861 	0.588961 	0.0124741 	
0.935	0.0535352 	-0.0218498 	-1.98739 	0.270246 	0.590955 	0.0133591 	
0.94	0.0535417 	-0.022186 	-1.98711 	0.270254 	0.591006 	0.013369 	
0.945	0.0535482 	-0.0225229 	-1.98682 	0.270263 	0.591058 	0.0133789 	
0.95	0.0536925 	-0.0230892 	-1.98668 	0.270579 	0.592658 	0.0140895 	
0.955	0.0536991 	-0.0234277 	-1.9864 	0.270587 	0.592709 	0.0140991 	
0.96	0.0537058 	-0.023767 	-1.98611 	0.270595 	0.592761 	0.0141087 	
0.965	0.0538488 	-0.0243314 	-1.98596 	0.270911 	0.59433 	0.014808 	
0.97	0.0538557 	-0.0246723 	-1.98567 	0.270919 	0.594382 	0.0148174 	
0.975	0.0538626 	-0.0250138 	-1.98538 	0.270928 	0.594433 	0.0148267 	
0.98	0.0540075 	-0.0255815 	-1.98523 	0.271251 	0.596008 	0.015531 	
0.985	0.0540145 	-0.0259245 	-1.98494 	0.271259 	0.596059 	0.0155401 	
0.99	0.0540217 	-0.0262682 	-1.98465 	0.271267 	0.59611 	0.0155491 	
0.995	0.0541688 	-0.0268394 	-1.9845 	0.271599 	0.597695 	0.0162599 	
1	0.054176 	-0.0271844 	-1.9842 	0.271607 	0.597745 	0.0162687 	
1.005	0.0541834 	-0.0275301 	-1.98391 	0.271615 	0.597796 	0.0162775 	
1.01	0.0543327 	-0.0281048 	-1.98376 	0.271955 	0.599389 	0.0169947 	
1.015	0.0543402 	-0.0284517 	-1.98346 	0.271963 	0.599439 	0.0170033 	
1.02	0.0543478 	-0.0287992 	-1.98316 	0.271971 	0.59949 	0.0170117 	
1.025	0.0544993 	-0.0293772 	-1.98301 	0.272319 	0.60109 	0.0177353 	
1.03	0.054507 	-0.0297259 	-1.98271 	0.272327 	0.601141 	0.0177435 	
1.035	0.0545147 	-0.0300751 	-1.98241 	0.272335 	0.601191 	0.0177516 	
1.04	0.0546684 	-0.0306561 	-1.98225 	0.272691 	0.602799 	0.0184813 	
1.045	0.0546763 	-0.0310064 	-1.98195 	0.272699 	0.602849 	0.0184892 	
1.05	0.0546843 	-0.0313573 	-1.98165 	0.272707 	0.602898 	0.018497 	
1.055	0.0548401 	-0.031941 	-1.98149 	0.273072 	0.604513 	0.0192326 	
1.06	0.0548482 	-0.0322929 	-1.98118 	0.27308 	0.604562 	0.0192401 	
1.065	0.0548564 	-0.0326453 	-1.98088 	0.273087 	0.604612 	0.0192476 	
1.07	0.0550143 	-0.0332316 	-1.98072 	0.27346 	0.606232 	0.0199889 	
1.075	0.0550226 	-0.0335849 	-1.98041 	0.273468 	0.606282 	0.0199961 	
1.08	0.055031 	-0.0339386 	-1.98011 	0.273475 	0.60633 	0.0200032 	
1.085	0.055191 	-0.0345273 	-1.97994 	0.273857 	0.607957 	0.02075 	
1.09	0.0551995 	-0.0348818 	-1.97964 	0.273864 	0.608005 	0.0207568 	
1.095	0.0552082 	-0.0352368 	-1.97933 	0.273872 	0.608054 	0.0207636 	
1.1	0.0553702 	-0.0358276 	-1.97916 	0.274261 	0.609685 	0.0215156 	
1.105	0.0553789 	-0.0361833 	-1.97885 	0.274268 	0.609733 	0.0215221 	
1.11	0.0553877 	-0.0365393 	-1.97855 	0.274276 	0.609781 	0.0215286 	
1.115	0.0555517 	-0.037132 	-1.97838 	0.274673 	0.611416 	0.0222856 	
1.12	0.0555606 	-0.0374887 	-1.97807 	0.274681 	0.611464 	0.0222918 	
1.125	0.0555697 	-0.0378457 	-1.97776 	0.274688 	0.611511 	0.0222978 	
1.13	0.0557356 	-0.0384402 	-1.97759 	0.275093 	0.61315 	0.0230596 	
1.135	0.0557447 	-0.0387978 	-1.97727 	0.2751 	0.613197 	0.0230655 	
1.14	0.055754 	-0.0391556 	-1.97696 	0.275108 	0.613244 	0.0230711 	
1.145	0.0559218 	-0.0397515 	-1.97679 	0.275521 	0.614886 	0.0238375 	
1.15	0.0559312 	-0.0401098 	-1.97648 	0.275528 	0.614933 	0.023843 	
1.155	0.0559406 	-0.0404684 	-1.97616 	0.275535 	0.614979 	0.0238483 	
1.16	0.0561103 	-0.0410656 	-1.97599 	0.275956 	0.616623 	0.0246191 	
1.165	0.0561198 	-0.0414245 	-1.97568 	0.275963 	0.616669 	0.0246241 	
1.17	0.0561294 	-0.0417836 	-1.97536 	0.27597 	0.616715 	0.0246291 	
1.175	0.056301 	-0.0423818 	-1.97518 	0.276399 	0.618361 	0.0254039 	
1.18	0.0563107 	-0.0427413 	-1.97487 	0.276406 	0.618407 	0.0254086 	
1.185	0.0563205 	-0.0431008 	-1.97455 	0.276413 	0.618452 	0.0254132 	
1.19	0.0564938 	-0.0436999 	-1.97437 	0.27685 	0.620099 	0.0261919 	
1.195	0.0565037 	-0.0440597 	-1.97406 	0.276857 	0.620144 	0.0261962 	
1.2	0.0565137 	-0.0444195 	-1.97374 	0.276863 	0.620189 	0.0262003 	
1.205	0.0566887 	-0.0450192 	-1.97356 	0.277308 	0.621836 	0.0269827 	
1.21	0.0566988 	-0.0453792 	-1.97325 	0.277314 	0.62188 	0.0269866 	
1.215	0.056709 	-0.0457392 	-1.97293 	0.277321 	0.621925 	0.0269904 	
1.22	0.0568857 	-0.0463393 	-1.97275 	0.277773 	0.623571 	0.0277761 	
1.225	0.0568959 	-0.0466994 	-1.97243 	0.277779 	0.623615 	0.0277796 	
1.23	0.0569063 	-0.0470595 	-1.97211 	0.277786 	0.623659 	0.027783 	
1.235	0.0570846 	-0.0476597 	-1.97193 	0.278245 	0.625305 	0.0285718 	
1.24	0.057095 	-0.0480198 	-1.97161 	0.278251 	0.625348 	0.028575 	
1.245	0.0571056 	-0.0483798 	-1.97129 	0.278257 	0.625391 	0.028578 	
1.25	0.0572854 	-0.0489799 	-1.9711 	0.278723 	0.627036 	0.0293696 	
1.255	0.057296 	-0.0493399 	-1.97078 	0.27873 	0.627078 	0.0293724 	
1.26	0.0573067 	-0.0496997 	-1.97047 	0.278736 	0.627121 	0.029375 	
1.265	0.0574881 	-0.0502995 	-1.97028 	0.279209 	0.628763 	0.0301693 	
1.27	0.0574989 	-0.0506592 	-1.96996 	0.279215 	0.628805 	0.0301716 	
1.275	0.0575097 	-0.0510187 	-1.96964 	0.279221 	0.628847 	0.0301738 	
1.28	0.0576925 	-0.051618 	-1.96945 	0.279701 	0.630487 	0.0309705 	
1.285	0.0577034 	-0.0519772 	-1.96913 	0.279707 	0.630528 	0.0309724 	
1.29	0.0577145 	-0.0523363 	-1.96881 	0.279713 	0.630569 	0.0309742 	
1.295	0.0578986 	-0.0529348 	-1.96862 	0.2802 	0.632206 	0.0317729 	
1.3	0.0579097 	-0.0532935 	-1.9683 	0.280206 	0.632247 	0.0317745 	
1.305	0.0579209 	-0.053652 	-1.96798 	0.280212 	0.632287 	0.0317759 	
1.31	0.0581063 	-0.0542496 	-1.96779 	0.280705 	0.63392 	0.0325764 	
1.315	0.0581176 	-0.0546076 	-1.96747 	0.280711 	0.63396 	0.0325776 	
1.32	0.0581289 	-0.0549654 	-1.96715 	0.280716 	0.633999 	0.0325786 	
1.325	0.0583155 	-0.0555618 	-1.96695 	0.281216 	0.635628 	0.0333806 	
1.33	0.0583269 	-0.055919 	-1.96664 	0.281221 	0.635667 	0.0333814 	
1.335	0.0583384 	-0.056276 	-1.96632 	0.281227 	0.635706 	0.033382 	
1.34	0.0585262 	-0.056871 	-1.96612 	0.281733 	0.637329 	0.0341853 	
1.345	0.0585378 	-0.0572273 	-1.9658 	0.281738 	0.637368 	0.0341857 	
1.35	0.0585494 	-0.0575833 	-1.96548 	0.281743 	0.637406 	0.0341859 	
1.355	0.0587383 	-0.0581767 	-1.96528 	0.282255 	0.639024 	0.0349901 	
1.36	0.0587499 	-0.058532 	-1.96497 	0.28226 	0.639061 	0.0349901 	
1.365	0.0587617 	-0.0588868 	-1.96465 	0.282265 	0.639099 	0.03499 	
1.37	0.0589516 	-0.0594784 	-1.96445 	0.282783 	0.64071 	0.0357949 	
1.375	0.0589634 	-0.0598325 	-1.96413 	0.282788 	0.640747 	0.0357945 	
1.38	0.0589753 	-0.0601862 	-1.96381 	0.282793 	0.640784 	0.035794 	
1.385	0.0591661 	-0.0607757 	-1.96361 	0.283316 	0.642389 	0.0365993 	
1.39	0.059178 	-0.0611285 	-1.96329 	0.28332 	0.642425 	0.0365985 	
1.395	0.05919 	-0.0614808 	-1.96298 	0.283325 	0.642461 	0.0365976 	
1.4	0.0593817 	-0.0620681 	-1.96278 	0.283854 	0.644058 	0.037403 	
1.405	0.0593938 	-0.0624195 	-1.96246 	0.283858 	0.644094 	0.0374019 	
1.41	0.0594059 	-0.0627703 	-1.96214 	0.283863 	0.644129 	0.0374006 	
1.415	0.0595983 	-0.0633552 	-1.96194 	0.284396 	0.645719 	0.0382058 	
1.42	0.0596105 	-0.063705 	-1.96162 	0.284401 	0.645753 	0.0382043 	
1.425	0.0596227 	-0.0640543 	-1.96131 	0.284405 	0.645788 	0.0382026 	
1.43	0.0598158 	-0.0646364 	-1.96111 	0.284943 	0.647369 	0.0390073 	
1.435	0.0598281 	-0.0649846 	-1.96079 	0.284947 	0.647403 	0.0390054 	
1.44	0.0598404 	-0.0653321 	-1.96047 	0.284951 	0.647436 	0.0390034 	
1.445	0.0600341 	-0.0659114 	-1.96027 	0.285494 	0.649008 	0.0398074 	
1.45	0.0600465 	-0.0662578 	-1.95996 	0.285498 	0.649041 	0.0398051 	
1.455	0.0600589 	-0.0666035 	-1.95964 	0.285502 	0.649074 	0.0398027 	
1.46	0.0602532 	-0.0671797 	-1.95944 	0.286049 	0.650636 	0.0406056 	
1.465	0.0602656 	-0.0675241 	-1.95913 	0.286053 	0.650669 	0.0406029 	
1.47	0.0602781 	-0.0678679 	-1.95881 	0.286057 	0.650701 	0.0406002 	
1.475	0.0604728 	-0.0684408 	-1.95861 	0.286608 	0.652253 	0.0414016 	
1.48	0.0604853 	-0.0687832 	-1.9583 	0.286611 	0.652285 	0.0413987 	
1.485	0.0604979 	-0.0691249 	-1.95798 	0.286615 	0.652316 	0.0413955 	
1.49	0.0606929 	-0.0696942 	-1.95778 	0.28717 	0.653858 	0.0421953 	
1.495	0.0607055 	-0.0700345 	-1.95747 	0.287173 	0.653889 	0.042192 	
1.5	0.0607182 	-0.0703741 	-1.95716 	0.287177 	0.653919 	0.0421885 	
1.505	0.0609135 	-0.0709397 	-1.95695 	0.287734 	0.655449 	0.0429863 	
1.51	0.0609261 	-0.0712777 	-1.95664 	0.287738 	0.655479 	0.0429826 	
1.515	0.0609388 	-0.0716149 	-1.95633 	0.287741 	0.655509 	0.0429788 	
1.52	0.0611343 	-0.0721767 	-1.95613 	0.288302 	0.657028 	0.0437743 	
1.525	0.061147 	-0.0725123 	-1.95582 	0.288305 	0.657057 	0.0437703 	
1.53	0.0611597 	-0.0728471 	-1.95551 	0.288308 	0.657086 	0.0437662 	
1.535	0.0613553 	-0.0734047 	-1.95531 	0.288872 	0.658592 	0.044559 	
1.54	0.061368 	-0.0737379 	-1.955 	0.288875 	0.658621 	0.0445546 	
1.545	0.0613808 	-0.0740701 	-1.9547 	0.288878 	0.658649 	0.0445502 	
1.55	0.0615763 	-0.0746234 	-1.95449 	0.289444 	0.660142 	0.04534 	
1.555	0.0615891 	-0.074954 	-1.95419 	0.289447 	0.66017 	0.0453354 	
1.56	0.0616019 	-0.0752836 	-1.95388 	0.28945 	0.660198 	0.0453306 	
1.565	0.0617973 	-0.0758324 	-1.95368 	0.290018 	0.661678 	0.0461172 	
1.57	0.0618102 	-0.0761602 	-1.95338 	0.290021 	0.661705 	0.0461123 	
1.575	0.061823 	-0.0764871 	-1.95307 	0.290023 	0.661732 	0.0461072 	
1.58	0.0620182 	-0.0770311 	-1.95287 	0.290593 	0.663198 	0.0468902 	
1.585	0.062031 	-0.0773561 	-1.95257 	0.290596 	0.663224 	0.0468849 	
1.59	0.0620439 	-0.0776801 	-1.95227 	0.290598 	0.663251 	0.0468796 	
1.595	0.0622388 	-0.0782193 	-1.95206 	0.291169 	0.664702 	0.0476587 	
1.6	0.0622516 	-0.0785414 	-1.95176 	0.291172 	0.664728 	0.0476531 	
1.605	0.0622645 	-0.0788624 	-1.95147 	0.291174 	0.664754 	0.0476475 	
1.61	0.0622774 	-0.0791824 	-1.95117 	0.291176 	0.664779 	0.0476418 	
1.615	0.062526 	-0.0797792 	-1.95099 	0.291919 	0.666636 	0.0486491 	
1.62	0.0625389 	-0.0800972 	-1.9507 	0.291921 	0.666661 	0.0486432 	
1.625	0.0625518 	-0.0804141 	-1.9504 	0.291923 	0.666685 	0.0486372 	
1.63	0.0627511 	-0.0809475 	-1.9502 	0.292514 	0.668144 	0.0494298 	
1.635	0.0627639 	-0.0812623 	-1.94991 	0.292516 	0.668168 	0.0494236 	
1.64	0.0627768 	-0.0815759 	-1.94962 	0.292518 	0.668192 	0.0494174 	
1.645	0.0627897 	-0.0818885 	-1.94933 	0.29252 	0.668215 	0.049411 	
1.65	0.0630371 	-0.0824718 	-1.94915 	0.293266 	0.67003 	0.0504064 	
1.655	0.0630499 	-0.0827821 	-1.94886 	0.293268 	0.670053 	0.0503999 	
1.66	0.0630628 	-0.0830913 	-1.94857 	0.293269 	0.670075 	0.0503933 	
1.665	0.0630756 	-0.0833993 	-1.94829 	0.293271 	0.670098 	0.0503866 	
1.67	0.0633266 	-0.0839797 	-1.94811 	0.294033 	0.671922 	0.051394 	
1.675	0.0633394 	-0.0842854 	-1.94783 	0.294034 	0.671944 	0.0513872 	
1.68	0.0633522 	-0.0845899 	-1.94754 	0.294036 	0.671966 	0.0513803 	
1.685	0.063365 	-0.0848932 	-1.94726 	0.294037 	0.671987 	0.0513733 	
1.69	0.0636149 	-0.0854651 	-1.94709 	0.2948 	0.673785 	0.0523726 	
1.695	0.0636277 	-0.085766 	-1.9468 	0.294801 	0.673806 	0.0523655 	
1.7	0.0636404 	-0.0860656 	-1.94652 	0.294802 	0.673827 	0.0523583 	
1.705	0.0636532 	-0.0863641 	-1.94624 	0.294803 	0.673848 	0.0523511 	
1.71	0.0639012 	-0.0869266 	-1.94607 	0.295564 	0.675615 	0.0533395 	
1.715	0.0639139 	-0.0872225 	-1.94579 	0.295565 	0.675635 	0.0533321 	
1.72	0.0639266 	-0.0875172 	-1.94552 	0.295566 	0.675655 	0.0533246 	
1.725	0.0639393 	-0.0878105 	-1.94524 	0.295567 	0.675675 	0.0533171 	
1.73	0.0641852 	-0.0883633 	-1.94507 	0.296324 	0.677411 	0.0542937 	
1.735	0.0641978 	-0.0886541 	-1.9448 	0.296325 	0.67743 	0.054286 	
1.74	0.0642104 	-0.0889436 	-1.94452 	0.296326 	0.677449 	0.0542784 	
1.745	0.064223 	-0.0892317 	-1.94425 	0.296327 	0.677468 	0.0542706 	
1.75	0.0644666 	-0.0897744 	-1.94408 	0.29708 	0.67917 	0.0552345 	
1.755	0.0644791 	-0.0900599 	-1.94381 	0.297081 	0.679189 	0.0552266 	
1.76	0.0644916 	-0.090344 	-1.94354 	0.297082 	0.679207 	0.0552188 	
1.765	0.0645041 	-0.0906267 	-1.94328 	0.297082 	0.679225 	0.0552108 	
1.77	0.064745 	-0.091159 	-1.94311 	0.297831 	0.680894 	0.0561612 	
1.775	0.0647574 	-0.091439 	-1.94284 	0.297831 	0.680911 	0.0561532 	
1.78	0.0647698 	-0.0917175 	-1.94258 	0.297832 	0.680929 	0.0561451 	
1.785	0.0647821 	-0.0919947 	-1.94232 	0.297832 	0.680946 	0.0561369 	
1.79	0.0650202 	-0.0925163 	-1.94215 	0.298575 	0.68258 	0.0570731 	
1.795	0.0650325 	-0.0927906 	-1.94189 	0.298576 	0.682597 	0.0570649 	
1.8	0.0650448 	-0.0930635 	-1.94163 	0.298576 	0.682613 	0.0570566 	
1.805	0.065057 	-0.0933349 	-1.94137 	0.298576 	0.682629 	0.0570483 	
1.81	0.065292 	-0.0938455 	-1.94121 	0.299312 	0.684228 	0.0579695 	
1.815	0.0653041 	-0.094114 	-1.94095 	0.299312 	0.684244 	0.0579611 	
1.82	0.0653162 	-0.094381 	-1.9407 	0.299313 	0.68426 	0.0579527 	
1.825	0.0653282 	-0.0946465 	-1.94045 	0.299313 	0.684275 	0.0579443 	
1.83	0.0655599 	-0.0951458 	-1.94029 	0.300041 	0.685838 	0.0588496 	
1.835	0.0655719 	-0.0954083 	-1.94004 	0.300041 	0.685853 	0.0588411 	
1.84	0.0655838 	-0.0956693 	-1.93979 	0.300041 	0.685867 	0.0588326 	
1.845	0.0655957 	-0.0959288 	-1.93954 	0.300041 	0.685882 	0.0588241 	
1.85	0.0658237 	-0.0964165 	-1.93938 	0.300761 	0.687408 	0.0597129 	
1.855	0.0658355 	-0.0966729 	-1.93913 	0.300761 	0.687422 	0.0597043 	
1.86	0.0658473 	-0.0969277 	-1.93889 	0.300761 	0.687436 	0.0596957 	
1.865	0.065859 	-0.0971809 	-1.93865 	0.30076 	0.68745 	0.0596871 	
1.87	0.0660832 	-0.0976568 	-1.93849 	0.301471 	0.688937 	0.0605585 	
1.875	0.0660948 	-0.0979069 	-1.93825 	0.301471 	0.68895 	0.0605499 	
1.88	0.0661064 	-0.0981554 	-1.93801 	0.30147 	0.688964 	0.0605412 	
1.885	0.0661179 	-0.0984023 	-1.93778 	0.30147 	0.688977 	0.0605325 	
1.89	0.066338 	-0.0988661 	-1.93762 	0.30217 	0.690426 	0.0613859 	
1.895	0.0663494 	-0.0991098 	-1.93739 	0.30217 	0.690438 	0.0613772 	
1.9	0.0663608 	-0.0993518 	-1.93716 	0.302169 	0.690451 	0.0613685 	
1.905	0.0663721 	-0.0995922 	-1.93693 	0.302169 	0.690463 	0.0613598 	
1.91	0.0665879 	-0.100044 	-1.93677 	0.302857 	0.691873 	0.0621944 	
1.915	0.0665991 	-0.100281 	-1.93654 	0.302857 	0.691885 	0.0621857 	
1.92	0.0666102 	-0.100516 	-1.93632 	0.302856 	0.691896 	0.0621769 	
1.925	0.0666213 	-0.10075 	-1.93609 	0.302855 	0.691908 	0.0621682 	
1.93	0.0666323 	-0.100982 	-1.93587 	0.302855 	0.69192 	0.0621595 	
1.935	0.0668878 	-0.101465 	-1.93574 	0.303681 	0.693588 	0.0631561 	
1.94	0.0668987 	-0.101693 	-1.93552 	0.30368 	0.693599 	0.0631474 	
1.945	0.0669095 	-0.10192 	-1.9353 	0.303679 	0.69361 	0.0631387 	
1.95	0.0669203 	-0.102146 	-1.93508 	0.303679 	0.693621 	0.06313 	
1.955	0.066931 	-0.102369 	-1.93487 	0.303678 	0.693631 	0.0631213 	
1.96	0.0671837 	-0.102838 	-1.93474 	0.304499 	0.695268 	0.0641057 	
1.965	0.0671943 	-0.103059 	-1.93453 	0.304498 	0.695278 	0.064097 	
1.97	0.0672048 	-0.103277 	-1.93432 	0.304497 	0.695288 	0.0640883 	
1.975	0.0672153 	-0.103494 	-1.93411 	0.304497 	0.695298 	0.0640797 	
1.98	0.0672257 	-0.103708 	-1.9339 	0.304496 	0.695308 	0.0640711 	
1.985	0.067471 	-0.10416 	-1.93378 	0.305296 	0.696882 	0.0650242 	
1.99	0.0674812 	-0.104371 	-1.93357 	0.305295 	0.696892 	0.0650156 	
1.995	0.0674914 	-0.10458 	-1.93337 	0.305294 	0.696901 	0.0650071 	
2	0.0675015 	-0.104788 	-1.93317 	0.305293 	0.696911 	0.0649985 	
2.005	0.0675115 	-0.104994 	-1.93297 	0.305292 	0.69692 	0.06499 	
2.01	0.0677485 	-0.105427 	-1.93285 	0.306068 	0.698428 	0.0659087 	
2.015	0.0677584 	-0.105629 	-1.93265 	0.306067 	0.698437 	0.0659002 	
2.02	0.0677682 	-0.105829 	-1.93246 	0.306066 	0.698446 	0.0658918 	
2.025	0.067778 	-0.106028 	-1.93227 	0.306065 	0.698454 	0.0658834 	
2.03	0.0677877 	-0.106225 	-1.93208 	0.306064 	0.698463 	0.065875 	
2.035	0.0680159 	-0.106638 	-1.93196 	0.306814 	0.699904 	0.0667578 	
2.04	0.0680254 	-0.106831 	-1.93177 	0.306813 	0.699912 	0.0667495 	
2.045	0.0680349 	-0.107023 	-1.93159 	0.306812 	0.69992 	0.0667412 	
2.05	0.0680442 	-0.107212 	-1.9314 	0.30681 	0.699928 	0.066733 	
2.055	0.0680535 	-0.1074 	-1.93122 	0.306809 	0.699936 	0.0667248 	
2.06	0.0682726 	-0.107793 	-1.93111 	0.307531 	0.701309 	0.0675704 	
2.065	0.0682817 	-0.107977 	-1.93093 	0.30753 	0.701316 	0.0675623 	
2.07	0.0682908 	-0.108159 	-1.93075 	0.307529 	0.701324 	0.0675542 	
2.075	0.0682997 	-0.108339 	-1.93058 	0.307528 	0.701331 	0.0675462 	
2.08	0.0683086 	-0.108517 	-1.9304 	0.307527 	0.701338 	0.0675383 	
2.085	0.0683174 	-0.108693 	-1.93023 	0.307526 	0.701345 	0.0675303 	
2.09	0.0685618 	-0.109099 	-1.93014 	0.308339 	0.702873 	0.0684788 	
2.095	0.0685704 	-0.109272 	-1.92997 	0.308338 	0.70288 	0.068471 	
2.1	0.0685789 	-0.109442 	-1.9298 	0.308337 	0.702886 	0.0684632 	
2.105	0.0685874 	-0.109611 	-1.92964 	0.308335 	0.702893 	0.0684555 	
2.11	0.0685957 	-0.109777 	-1.92948 	0.308334 	0.702899 	0.0684479 	
2.115	0.068604 	-0.109942 	-1.92932 	0.308333 	0.702905 	0.0684403 	
2.12	0.068838 	-0.110325 	-1.92923 	0.309115 	0.704358 	0.0693475 	
2.125	0.0688461 	-0.110486 	-1.92907 	0.309114 	0.704364 	0.06934 	
2.13	0.0688541 	-0.110645 	-1.92892 	0.309113 	0.704369 	0.0693326 	
2.135	0.0688621 	-0.110802 	-1.92876 	0.309112 	0.704375 	0.0693252 	
2.14	0.0688699 	-0.110956 	-1.92861 	0.30911 	0.704381 	0.0693179 	
2.145	0.0688776 	-0.111109 	-1.92846 	0.309109 	0.704386 	0.0693107 	
2.15	0.0690972 	-0.111465 	-1.92838 	0.309845 	0.705739 	0.0701602 	
2.155	0.0691047 	-0.111614 	-1.92823 	0.309844 	0.705744 	0.0701531 	
2.16	0.0691122 	-0.111761 	-1.92809 	0.309843 	0.705749 	0.0701461 	
2.165	0.0691196 	-0.111906 	-1.92795 	0.309842 	0.705754 	0.0701391 	
2.17	0.0691268 	-0.112049 	-1.92781 	0.309841 	0.705759 	0.0701323 	
2.175	0.069134 	-0.11219 	-1.92767 	0.309839 	0.705764 	0.0701255 	
2.18	0.0691411 	-0.112329 	-1.92753 	0.309838 	0.705769 	0.0701187 	
2.185	0.069373 	-0.112682 	-1.92747 	0.310622 	0.707193 	0.0710197 	
2.19	0.0693799 	-0.112817 	-1.92733 	0.310621 	0.707198 	0.0710131 	
2.195	0.0693867 	-0.11295 	-1.9272 	0.31062 	0.707202 	0.0710066 	
2.2	0.0693934 	-0.113081 	-1.92708 	0.310619 	0.707207 	0.0710002 	
2.205	0.0694 	-0.113209 	-1.92695 	0.310618 	0.707211 	0.0709939 	
2.21	0.0694065 	-0.113336 	-1.92683 	0.310616 	0.707215 	0.0709876 	
2.215	0.0694129 	-0.113461 	-1.9267 	0.310615 	0.707219 	0.0709814 	
2.22	0.0694192 	-0.113583 	-1.92658 	0.310614 	0.707223 	0.0709754 	
2.225	0.0696574 	-0.113925 	-1.92653 	0.311425 	0.708681 	0.0719036 	
2.23	0.0696635 	-0.114044 	-1.92642 	0.311424 	0.708684 	0.0718977 	
2.235	0.0696695 	-0.11416 	-1.9263 	0.311423 	0.708688 	0.0718919 	
2.24	0.0696754 	-0.114275 	-1.92619 	0.311422 	0.708692 	0.0718861 	
2.245	0.0696812 	-0.114387 	-1.92608 	0.311421 	0.708695 	0.0718805 	
2.25	0.0696869 	-0.114497 	-1.92597 	0.31142 	0.708699 	0.0718749 	
2.255	0.0696925 	-0.114606 	-1.92586 	0.311419 	0.708702 	0.0718694 	
2.26	0.069698 	-0.114712 	-1.92576 	0.311418 	0.708705 	0.0718641 	
2.265	0.0697034 	-0.114816 	-1.92566 	0.311417 	0.708708 	0.0718588 	
2.27	0.0699366 	-0.115133 	-1.92562 	0.312217 	0.710129 	0.0727698 	
2.275	0.0699418 	-0.115233 	-1.92552 	0.312216 	0.710132 	0.0727647 	
2.28	0.0699468 	-0.115331 	-1.92543 	0.312215 	0.710134 	0.0727597 	
2.285	0.0699518 	-0.115427 	-1.92533 	0.312214 	0.710137 	0.0727548 	
2.29	0.0699566 	-0.11552 	-1.92524 	0.312213 	0.71014 	0.07275 	
2.295	0.0699614 	-0.115612 	-1.92515 	0.312212 	0.710143 	0.0727453 	
2.3	0.069966 	-0.115701 	-1.92506 	0.312211 	0.710146 	0.0727407 	
2.305	0.0699706 	-0.115788 	-1.92498 	0.31221 	0.710148 	0.0727362 	
2.31	0.069975 	-0.115873 	-1.92489 	0.312209 	0.710151 	0.0727317 	
2.315	0.0699794 	-0.115956 	-1.92481 	0.312208 	0.710153 	0.0727274 	
2.32	0.0699836 	-0.116037 	-1.92473 	0.312207 	0.710155 	0.0727232 	
2.325	0.0702145 	-0.116329 	-1.92472 	0.313006 	0.711557 	0.073629 	
2.33	0.0702185 	-0.116406 	-1.92464 	0.313005 	0.711559 	0.073625 	
2.335	0.0702223 	-0.11648 	-1.92457 	0.313004 	0.711561 	0.0736211 	
2.34	0.0702261 	-0.116552 	-1.9245 	0.313003 	0.711563 	0.0736173 	
2.345	0.0702298 	-0.116623 	-1.92443 	0.313003 	0.711565 	0.0736137 	
2.35	0.0702333 	-0.116691 	-1.92436 	0.313002 	0.711567 	0.0736101 	
2.355	0.0702368 	-0.116757 	-1.9243 	0.313001 	0.711569 	0.0736066 	
2.36	0.0702401 	-0.116821 	-1.92423 	0.313 	0.711571 	0.0736032 	
2.365	0.0702434 	-0.116882 	-1.92417 	0.313 	0.711573 	0.0736 	
2.37	0.0702465 	-0.116942 	-1.92411 	0.312999 	0.711574 	0.0735968 	
2.375	0.0702495 	-0.116999 	-1.92406 	0.312999 	0.711576 	0.0735938 	
2.38	0.0702524 	-0.117055 	-1.924 	0.312998 	0.711577 	0.0735909 	
2.385	0.0702552 	-0.117108 	-1.92395 	0.312997 	0.711579 	0.073588 	
2.39	0.0702579 	-0.117159 	-1.9239 	0.312997 	0.71158 	0.0735853 	
2.395	0.0702604 	-0.117207 	-1.92385 	0.312996 	0.711582 	0.0735827 	
2.4	0.0702629 	-0.117254 	-1.92381 	0.312996 	0.711583 	0.0735803 	
2.405	0.0704904 	-0.117508 	-1.92382 	0.313791 	0.712963 	0.0744797 	
2.41	0.0704926 	-0.117551 	-1.92378 	0.31379 	0.712964 	0.0744774 	
2.415	0.0704947 	-0.117591 	-1.92374 	0.31379 	0.712965 	0.0744753 	
2.42	0.0704965 	-0.117625 	-1.92371 	0.31379 	0.712966 	0.0744735 	
2.425	0.0704986 	-0.117665 	-1.92367 	0.313789 	0.712967 	0.0744714 	
2.43	0.0705002 	-0.117695 	-1.92364 	0.313789 	0.712968 	0.0744697 	
2.435	0.0705018 	-0.117727 	-1.92361 	0.313788 	0.712969 	0.074468 	
2.44	0.0705034 	-0.117756 	-1.92358 	0.313788 	0.71297 	0.0744665 	
2.445	0.0705048 	-0.117784 	-1.92355 	0.313788 	0.712971 	0.074465 	
2.45	0.0705061 	-0.117809 	-1.92353 	0.313788 	0.712971 	0.0744636 	
2.455	0.0705074 	-0.117832 	-1.9235 	0.313787 	0.712972 	0.0744624 	
2.46	0.0705085 	-0.117853 	-1.92348 	0.313787 	0.712972 	0.0744613 	
2.465	0.0705094 	-0.117871 	-1.92346 	0.313787 	0.712973 	0.0744603 	
2.47	0.0705103 	-0.117888 	-1.92345 	0.313787 	0.712973 	0.0744594 	
2.475	0.0705111 	-0.117902 	-1.92343 	0.313787 	0.712974 	0.0744586 	
2.48	0.0705117 	-0.117915 	-1.92342 	0.313786 	0.712974 	0.074458 	
2.485	0.0705122 	-0.117925 	-1.92341 	0.313786 	0.712974 	0.0744574 	
2.49	0.0705126 	-0.117932 	-1.9234 	0.313786 	0.712975 	0.074457 	
2.495	0.0705129 	-0.117938 	-1.9234 	0.313786 	0.712975 	0.0744567 	
2.5	0.0705129 	-0.117938 	-1.9234 	0.313786 	0.712975 	0.0744567 	
2.505	0.0705132 	-0.117943 	-1.92339 	0.313786 	0.712975 	0.0744564 	
2.51	0.0705222 	-0.117953 	-1.92338 	0.313782 	0.712973 	0.0744444 	
2.515	0.0705222 	-0.117953 	-1.92338 	0.313782 	0.712973 	0.0744444 	
2.52	0.0705213 	-0.117954 	-1.92337 	0.313781 	0.712968 	0.0744433 	
2.525	0.0705197 	-0.117953 	-1.92337 	0.31378 	0.712963 	0.0744432 	
2.53	0.0705175 	-0.117953 	-1.92336 	0.313779 	0.712957 	0.0744434 	
2.535	0.0705149 	-0.117952 	-1.92336 	0.313778 	0.71295 	0.0744435 	
2.54	0.0705118 	-0.117951 	-1.92335 	0.313777 	0.712941 	0.0744437 	
2.545	0.0705082 	-0.11795 	-1.92334 	0.313776 	0.712931 	0.0744439 	
2.55	0.0705041 	-0.117949 	-1.92333 	0.313774 	0.71292 	0.0744442 	
2.555	0.0704995 	-0.117947 	-1.92332 	0.313772 	0.712907 	0.0744444 	
2.56	0.0704945 	-0.117946 	-1.92331 	0.31377 	0.712893 	0.0744447 	
2.565	0.0704889 	-0.117944 	-1.9233 	0.313768 	0.712878 	0.0744451 	
2.57	0.0704829 	-0.117942 	-1.92328 	0.313765 	0.712862 	0.0744454 	
2.575	0.0704764 	-0.11794 	-1.92327 	0.313762 	0.712844 	0.0744458 	
2.58	0.0704694 	-0.117938 	-1.92325 	0.31376 	0.712825 	0.0744463 	
2.585	0.0704619 	-0.117936 	-1.92324 	0.313756 	0.712804 	0.0744467 	
2.59	0.0704539 	-0.117934 	-1.92322 	0.313753 	0.712782 	0.0744472 	
2.595	0.0704454 	-0.117931 	-1.9232 	0.31375 	0.712759 	0.0744477 	
2.6	0.0704365 	-0.117929 	-1.92318 	0.313746 	0.712734 	0.0744483 	
2.605	0.0704271 	-0.117926 	-1.92316 	0.313742 	0.712708 	0.0744488 	
2.61	0.0704172 	-0.117923 	-1.92313 	0.313738 	0.712681 	0.0744494 	
2.615	0.0704068 	-0.11792 	-1.92311 	0.313734 	0.712653 	0.0744501 	
2.62	0.0703959 	-0.117917 	-1.92308 	0.313729 	0.712623 	0.0744507 	
2.625	0.0703846 	-0.117913 	-1.92306 	0.313724 	0.712592 	0.0744514 	
2.63	0.0703728 	-0.11791 	-1.92303 	0.31372 	0.712559 	0.0744521 	
2.635	0.0703605 	-0.117906 	-1.923 	0.313715 	0.712525 	0.0744529 	
2.64	0.0703477 	-0.117902 	-1.92297 	0.313709 	0.71249 	0.0744536 	
2.645	0.0703344 	-0.117899 	-1.92294 	0.313704 	0.712454 	0.0744544 	
2.65	0.0703207 	-0.117894 	-1.92291 	0.313698 	0.712416 	0.0744553 	
2.655	0.0703065 	-0.11789 	-1.92288 	0.313692 	0.712377 	0.0744561 	
2.66	0.0702903 	-0.117886 	-1.92284 	0.313686 	0.712333 	0.0744571 	
2.665	0.0702765 	-0.117881 	-1.92281 	0.31368 	0.712295 	0.074458 	
2.67	0.0702595 	-0.117876 	-1.92277 	0.313673 	0.712248 	0.074459 	
2.675	0.0702835 	-0.117791 	-1.92272 	0.313949 	0.711851 	0.0758418 	
2.68	0.0702686 	-0.117788 	-1.92267 	0.313941 	0.711805 	0.0758405 	
2.685	0.0702515 	-0.117783 	-1.92263 	0.313934 	0.711758 	0.0758415 	
2.69	0.070234 	-0.117778 	-1.92259 	0.313927 	0.71171 	0.0758426 	
2.695	0.070216 	-0.117772 	-1.92255 	0.313919 	0.711661 	0.0758436 	
2.7	0.0701975 	-0.117767 	-1.92251 	0.313912 	0.71161 	0.0758448 	
2.705	0.0701785 	-0.117761 	-1.92247 	0.313904 	0.711558 	0.0758459 	
2.71	0.0701591 	-0.117756 	-1.92242 	0.313896 	0.711504 	0.0758471 	
2.715	0.0701392 	-0.11775 	-1.92238 	0.313888 	0.71145 	0.0758483 	
2.72	0.0701189 	-0.117744 	-1.92233 	0.313879 	0.711394 	0.0758495 	
2.725	0.0700981 	-0.117738 	-1.92228 	0.313871 	0.711337 	0.0758508 	
2.73	0.0700768 	-0.117732 	-1.92223 	0.313862 	0.711278 	0.075852 	
2.735	0.0700551 	-0.117725 	-1.92218 	0.313853 	0.711219 	0.0758534 	
2.74	0.0700329 	-0.117719 	-1.92213 	0.313844 	0.711158 	0.0758547 	
2.745	0.0699421 	-0.117522 	-1.92203 	0.313744 	0.710035 	0.0769033 	
2.75	0.069919 	-0.117515 	-1.92198 	0.313735 	0.709971 	0.0769047 	
2.755	0.0698955 	-0.117509 	-1.92192 	0.313725 	0.709907 	0.0769062 	
2.76	0.0698715 	-0.117502 	-1.92187 	0.313715 	0.709841 	0.0769076 	
2.765	0.0698471 	-0.117494 	-1.92181 	0.313705 	0.709774 	0.0769091 	
2.77	0.0698222 	-0.117487 	-1.92175 	0.313695 	0.709705 	0.0769106 	
2.775	0.0697969 	-0.11748 	-1.9217 	0.313684 	0.709636 	0.0769122 	
2.78	0.0697711 	-0.117472 	-1.92164 	0.313674 	0.709565 	0.0769138 	
2.785	0.0697449 	-0.117465 	-1.92158 	0.313663 	0.709493 	0.0769154 	
2.79	0.0697183 	-0.117457 	-1.92151 	0.313652 	0.70942 	0.076917 	
2.795	0.0696184 	-0.117264 	-1.9214 	0.313524 	0.708303 	0.0778533 	
2.8	0.0695909 	-0.117257 	-1.92134 	0.313513 	0.708227 	0.077855 	
2.805	0.0695629 	-0.117248 	-1.92128 	0.313501 	0.708151 	0.0778568 	
2.81	0.0695345 	-0.11724 	-1.92121 	0.313489 	0.708073 	0.0778585 	
2.815	0.0695057 	-0.117232 	-1.92114 	0.313478 	0.707993 	0.0778603 	
2.82	0.0694765 	-0.117224 	-1.92108 	0.313466 	0.707913 	0.0778621 	
2.825	0.0694468 	-0.117215 	-1.92101 	0.313453 	0.707831 	0.077864 	
2.83	0.0694167 	-0.117206 	-1.92094 	0.313441 	0.707749 	0.0778659 	
2.835	0.0693862 	-0.117198 	-1.92087 	0.313429 	0.707665 	0.0778678 	
2.84	0.0692787 	-0.116997 	-1.92074 	0.313291 	0.706493 	0.0788342 	
2.845	0.0692474 	-0.116988 	-1.92067 	0.313278 	0.706407 	0.0788362 	
2.85	0.0692156 	-0.116979 	-1.9206 	0.313265 	0.706319 	0.0788382 	
2.855	0.0691834 	-0.116969 	-1.92052 	0.313252 	0.706231 	0.0788402 	
2.86	0.0691508 	-0.11696 	-1.92045 	0.313239 	0.706141 	0.0788423 	
2.865	0.0691177 	-0.116951 	-1.92037 	0.313225 	0.70605 	0.0788444 	
2.87	0.0690843 	-0.116941 	-1.92029 	0.313212 	0.705958 	0.0788465 	
2.875	0.0690505 	-0.116932 	-1.92022 	0.313198 	0.705865 	0.0788486 	
2.88	0.0689395 	-0.11673 	-1.92009 	0.313059 	0.704682 	0.0798166 	
2.885	0.0689049 	-0.11672 	-1.92 	0.313045 	0.704587 	0.0798188 	
2.89	0.0688698 	-0.11671 	-1.91992 	0.313031 	0.70449 	0.079821 	
2.895	0.0688344 	-0.1167 	-1.91984 	0.313016 	0.704393 	0.0798233 	
2.9	0.0687985 	-0.11669 	-1.91976 	0.313001 	0.704294 	0.0798256 	
2.905	0.0687623 	-0.11668 	-1.91967 	0.312987 	0.704195 	0.0798279 	
2.91	0.0687256 	-0.116669 	-1.91959 	0.312972 	0.704094 	0.0798302 	
2.915	0.068615 	-0.116475 	-1.91945 	0.312837 	0.702946 	0.0807606 	
2.92	0.0685775 	-0.116464 	-1.91937 	0.312822 	0.702843 	0.080763 	
2.925	0.0685397 	-0.116454 	-1.91928 	0.312806 	0.702739 	0.0807654 	
2.93	0.0685016 	-0.116443 	-1.91919 	0.312791 	0.702634 	0.0807679 	
2.935	0.068463 	-0.116432 	-1.9191 	0.312775 	0.702528 	0.0807704 	
2.94	0.0684241 	-0.116421 	-1.91901 	0.312759 	0.70242 	0.0807729 	
2.945	0.0683847 	-0.11641 	-1.91892 	0.312743 	0.702312 	0.0807754 	
2.95	0.0682667 	-0.116204 	-1.91877 	0.3126 	0.70109 	0.0817656 	
2.955	0.0682266 	-0.116193 	-1.91868 	0.312584 	0.70098 	0.0817682 	
2.96	0.0681862 	-0.116181 	-1.91859 	0.312568 	0.700868 	0.0817708 	
2.965	0.0681454 	-0.11617 	-1.91849 	0.312551 	0.700756 	0.0817735 	
2.97	0.0681043 	-0.116159 	-1.9184 	0.312534 	0.700643 	0.0817762 	
2.975	0.0680628 	-0.116147 	-1.9183 	0.312518 	0.700528 	0.0817789 	
2.98	0.0680209 	-0.116136 	-1.9182 	0.312501 	0.700413 	0.0817817 	
2.985	0.0678951 	-0.115916 	-1.91805 	0.312348 	0.699109 	0.0828387 	
2.99	0.0678525 	-0.115904 	-1.91795 	0.312331 	0.698992 	0.0828415 	
2.995	0.0678096 	-0.115892 	-1.91785 	0.312314 	0.698873 	0.0828444 	
3	0.0677663 	-0.11588 	-1.91775 	0.312296 	0.698754 	0.0828472 	
3.005	0.0677227 	-0.115868 	-1.91764 	0.312279 	0.698634 	0.0828501 	
3.01	0.0676787 	-0.115856 	-1.91754 	0.312261 	0.698513 	0.082853 	
3.015	0.0675575 	-0.115653 	-1.91738 	0.312119 	0.697297 	0.0838265 	
3.02	0.0675128 	-0.115641 	-1.91728 	0.312101 	0.697174 	0.0838295 	
3.025	0.0674679 	-0.115629 	-1.91717 	0.312083 	0.69705 	0.0838325 	
3.03	0.0674208 	-0.115614 	-1.91707 	0.312065 	0.696926 	0.0838379 	
3.035	0.0673751 	-0.115602 	-1.91697 	0.312047 	0.6968 	0.083841 	
3.04	0.0673292 	-0.11559 	-1.91686 	0.312028 	0.696674 	0.0838441 	
3.045	0.0672034 	-0.11538 	-1.91669 	0.311882 	0.695416 	0.0848499 	
3.05	0.0671569 	-0.115367 	-1.91659 	0.311863 	0.695288 	0.0848531 	
3.055	0.06711 	-0.115355 	-1.91648 	0.311844 	0.695159 	0.0848563 	
3.06	0.0670627 	-0.115342 	-1.91637 	0.311825 	0.695029 	0.0848595 	
3.065	0.0670152 	-0.115329 	-1.91625 	0.311806 	0.694898 	0.0848628 	
3.07	0.0669674 	-0.115317 	-1.91614 	0.311787 	0.694766 	0.084866 	
3.075	0.0668365 	-0.115099 	-1.91597 	0.311635 	0.693456 	0.0859139 	
3.08	0.0667881 	-0.115086 	-1.91586 	0.311616 	0.693323 	0.0859172 	
3.085	0.0667394 	-0.115073 	-1.91574 	0.311596 	0.693188 	0.0859206 	
3.09	0.0666903 	-0.11506 	-1.91563 	0.311577 	0.693053 	0.0859239 	
3.095	0.066641 	-0.115047 	-1.91551 	0.311557 	0.692917 	0.0859273 	
3.1	0.0665914 	-0.115034 	-1.9154 	0.311537 	0.69278 	0.0859308 	
3.105	0.0664556 	-0.114808 	-1.91522 	0.311379 	0.691421 	0.0870195 	
3.11	0.0664054 	-0.114795 	-1.9151 	0.311359 	0.691282 	0.087023 	
3.115	0.066355 	-0.114782 	-1.91498 	0.311339 	0.691143 	0.0870265 	
3.12	0.0663043 	-0.114768 	-1.91486 	0.311319 	0.691003 	0.0870301 	
3.125	0.0662533 	-0.114755 	-1.91474 	0.311299 	0.690862 	0.0870336 	
3.13	0.0661266 	-0.114556 	-1.91457 	0.311158 	0.689649 	0.0879893 	
3.135	0.0660751 	-0.114542 	-1.91445 	0.311137 	0.689506 	0.087993 	
3.14	0.0660233 	-0.114529 	-1.91433 	0.311117 	0.689364 	0.0879966 	
3.145	0.0659712 	-0.114515 	-1.9142 	0.311096 	0.68922 	0.0880003 	
3.15	0.0659189 	-0.114502 	-1.91408 	0.311075 	0.689075 	0.088004 	
3.155	0.0657903 	-0.114301 	-1.9139 	0.310933 	0.687848 	0.0889691 	
3.16	0.0657375 	-0.114287 	-1.91378 	0.310912 	0.687702 	0.0889729 	
3.165	0.0656844 	-0.114274 	-1.91365 	0.310891 	0.687556 	0.0889767 	
3.17	0.0656311 	-0.11426 	-1.91353 	0.31087 	0.687409 	0.0889805 	
3.175	0.0655776 	-0.114246 	-1.9134 	0.310849 	0.687261 	0.0889844 	
3.18	0.065446 	-0.114041 	-1.91322 	0.310704 	0.686005 	0.0899718 	
3.185	0.065392 	-0.114028 	-1.91309 	0.310683 	0.685856 	0.0899757 	
3.19	0.0653378 	-0.114014 	-1.91296 	0.310661 	0.685706 	0.0899796 	
3.195	0.0652833 	-0.114 	-1.91283 	0.31064 	0.685556 	0.0899836 	
3.2	0.0652286 	-0.113986 	-1.9127 	0.310618 	0.685405 	0.0899875 	
3.205	0.0650942 	-0.113777 	-1.91251 	0.31047 	0.684121 	0.0909971 	
3.21	0.0650391 	-0.113763 	-1.91238 	0.310449 	0.683969 	0.0910011 	
3.215	0.0649838 	-0.113749 	-1.91225 	0.310427 	0.683816 	0.0910052 	
3.22	0.0649282 	-0.113735 	-1.91212 	0.310405 	0.683662 	0.0910093 	
3.225	0.0648725 	-0.113721 	-1.91199 	0.310383 	0.683508 	0.0910134 	
3.23	0.0647354 	-0.113509 	-1.9118 	0.310233 	0.682199 	0.0920438 	
3.235	0.0646793 	-0.113495 	-1.91166 	0.310211 	0.682043 	0.0920479 	
3.24	0.0646229 	-0.113481 	-1.91153 	0.310189 	0.681888 	0.0920521 	
3.245	0.0645664 	-0.113467 	-1.9114 	0.310167 	0.681732 	0.0920563 	
3.25	0.0645097 	-0.113453 	-1.91126 	0.310144 	0.681575 	0.0920605 	
3.255	0.0643702 	-0.113237 	-1.91107 	0.309992 	0.680241 	0.0931101 	
3.26	0.0643131 	-0.113223 	-1.91093 	0.309969 	0.680083 	0.0931144 	
3.265	0.0642559 	-0.113209 	-1.9108 	0.309947 	0.679925 	0.0931187 	
3.27	0.0641985 	-0.113195 	-1.91066 	0.309925 	0.679766 	0.093123 	
3.275	0.0641409 	-0.113181 	-1.91052 	0.309902 	0.679607 	0.0931273 	
3.28	0.0639992 	-0.112962 	-1.91032 	0.309747 	0.678251 	0.0941945 	
3.285	0.0639412 	-0.112948 	-1.91018 	0.309725 	0.678091 	0.0941989 	
3.29	0.0638832 	-0.112934 	-1.91005 	0.309702 	0.67793 	0.0942033 	
3.295	0.0638249 	-0.11292 	-1.90991 	0.309679 	0.677769 	0.0942077 	
3.3	0.0637665 	-0.112906 	-1.90977 	0.309657 	0.677608 	0.0942122 	
3.305	0.0636228 	-0.112685 	-1.90956 	0.3095 	0.676232 	0.0952953 	
3.31	0.0635642 	-0.112671 	-1.90942 	0.309477 	0.67607 	0.0952998 	
3.315	0.0635053 	-0.112657 	-1.90928 	0.309455 	0.675907 	0.0953043 	
3.32	0.0634464 	-0.112642 	-1.90914 	0.309432 	0.675744 	0.0953089 	
3.325	0.0633873 	-0.112628 	-1.909 	0.309409 	0.67558 	0.0953134 	
3.33	0.0632418 	-0.112405 	-1.90879 	0.309251 	0.674187 	0.0964109 	
3.335	0.0631825 	-0.112391 	-1.90865 	0.309228 	0.674023 	0.0964155 	
3.34	0.063123 	-0.112377 	-1.90851 	0.309205 	0.673858 	0.0964201 	
3.345	0.0630634 	-0.112363 	-1.90837 	0.309182 	0.673693 	0.0964247 	
3.35	0.0630004 	-0.112345 	-1.90823 	0.30916 	0.673529 	0.0964336 	
3.355	0.0628533 	-0.11212 	-1.90802 	0.309 	0.67212 	0.0975437 	
3.36	0.0627934 	-0.112106 	-1.90788 	0.308977 	0.671954 	0.0975484 	
3.365	0.0627334 	-0.112092 	-1.90774 	0.308954 	0.671788 	0.0975531 	
3.37	0.0626733 	-0.112078 	-1.90759 	0.308931 	0.671621 	0.0975579 	
3.375	0.0626131 	-0.112064 	-1.90745 	0.308908 	0.671454 	0.0975626 	
3.38	0.0624648 	-0.111838 	-1.90723 	0.308747 	0.670032 	0.0986835 	
3.385	0.0624044 	-0.111824 	-1.90709 	0.308724 	0.669865 	0.0986883 	
3.39	0.0623439 	-0.11181 	-1.90694 	0.308701 	0.669697 	0.0986931 	
3.395	0.0622834 	-0.111796 	-1.9068 	0.308678 	0.669529 	0.0986979 	
3.4	0.0622227 	-0.111782 	-1.90665 	0.308655 	0.669361 	0.0987027 	
3.405	0.0620733 	-0.111554 	-1.90644 	0.308493 	0.667928 	0.0998327 	
3.41	0.0620125 	-0.111541 	-1.90629 	0.30847 	0.66776 	0.0998376 	
3.415	0.0619517 	-0.111527 	-1.90615 	0.308447 	0.667591 	0.0998425 	
3.42	0.0618908 	-0.111513 	-1.906 	0.308424 	0.667422 	0.0998474 	
