0	0.310389 	-0.173756 	0.536995 	0.179437 	-1.45391 	-0.247207 	
0.005	0.310389 	-0.173756 	0.536995 	0.179437 	-1.45391 	-0.247207 	
0.01	0.310389 	-0.173756 	0.536995 	0.179437 	-1.45391 	-0.247207 	
0.015	0.31039 	-0.173756 	0.536996 	0.179437 	-1.45391 	-0.247207 	
0.02	0.310392 	-0.173756 	0.536996 	0.179437 	-1.45391 	-0.247207 	
0.025	0.310394 	-0.173756 	0.536996 	0.179437 	-1.45391 	-0.247207 	
0.03	0.310396 	-0.173756 	0.536997 	0.179437 	-1.45391 	-0.247207 	
0.035	0.310399 	-0.173756 	0.536997 	0.179437 	-1.45391 	-0.247207 	
0.04	0.310402 	-0.173756 	0.536998 	0.179437 	-1.45391 	-0.247207 	
0.045	0.310406 	-0.173756 	0.536999 	0.179437 	-1.45391 	-0.247207 	
0.05	0.310411 	-0.173756 	0.536999 	0.179437 	-1.45391 	-0.247207 	
0.055	0.310416 	-0.173756 	0.537 	0.179437 	-1.45391 	-0.247207 	
0.06	0.310421 	-0.173756 	0.537001 	0.179437 	-1.45391 	-0.247207 	
0.065	0.310428 	-0.173757 	0.537003 	0.179437 	-1.45391 	-0.247207 	
0.07	0.310434 	-0.173757 	0.537004 	0.179437 	-1.45391 	-0.247207 	
0.075	0.310442 	-0.173757 	0.537005 	0.179437 	-1.45391 	-0.247207 	
0.08	0.310449 	-0.173757 	0.537007 	0.179437 	-1.45391 	-0.247207 	
0.085	0.310458 	-0.173757 	0.537008 	0.179437 	-1.45391 	-0.247207 	
0.09	0.310467 	-0.173757 	0.53701 	0.179437 	-1.45391 	-0.247207 	
0.095	0.310476 	-0.173757 	0.537012 	0.179437 	-1.45391 	-0.247207 	
0.1	0.310487 	-0.173758 	0.537014 	0.179437 	-1.45391 	-0.247207 	
0.105	0.310497 	-0.173758 	0.537016 	0.179437 	-1.45391 	-0.247207 	
0.11	0.310508 	-0.173758 	0.537018 	0.179437 	-1.45391 	-0.247207 	
0.115	0.31052 	-0.173758 	0.53702 	0.179437 	-1.45391 	-0.247207 	
0.12	0.310532 	-0.173759 	0.537022 	0.179437 	-1.45391 	-0.247207 	
0.125	0.310545 	-0.173759 	0.537024 	0.179437 	-1.45391 	-0.247207 	
0.13	0.310558 	-0.173759 	0.537027 	0.179437 	-1.45391 	-0.247207 	
0.135	0.310572 	-0.173759 	0.537029 	0.179437 	-1.45391 	-0.247207 	
0.14	0.310586 	-0.17376 	0.537032 	0.179437 	-1.45391 	-0.247207 	
0.145	0.310601 	-0.17376 	0.537035 	0.179437 	-1.45391 	-0.247207 	
0.15	0.310616 	-0.17376 	0.537038 	0.179437 	-1.45391 	-0.247207 	
0.155	0.310632 	-0.17376 	0.53704 	0.179437 	-1.45391 	-0.247207 	
0.16	0.310648 	-0.173761 	0.537043 	0.179437 	-1.45391 	-0.247207 	
0.165	0.310603 	-0.173746 	0.537028 	0.177819 	-1.45277 	-0.244976 	
0.17	0.31062 	-0.173746 	0.537031 	0.177819 	-1.45277 	-0.244976 	
0.175	0.310638 	-0.173746 	0.537034 	0.177819 	-1.45277 	-0.244976 	
0.18	0.310657 	-0.173747 	0.537038 	0.177819 	-1.45277 	-0.244976 	
0.185	0.310676 	-0.173747 	0.537041 	0.177819 	-1.45277 	-0.244976 	
0.19	0.310695 	-0.173748 	0.537045 	0.177819 	-1.45277 	-0.244976 	
0.195	0.310716 	-0.173748 	0.537049 	0.177819 	-1.45277 	-0.244976 	
0.2	0.310736 	-0.173748 	0.537052 	0.177819 	-1.45277 	-0.244976 	
0.205	0.310757 	-0.173749 	0.537056 	0.177819 	-1.45277 	-0.244976 	
0.21	0.310779 	-0.173749 	0.53706 	0.177819 	-1.45277 	-0.244976 	
0.215	0.310801 	-0.173749 	0.537064 	0.177819 	-1.45277 	-0.244976 	
0.22	0.310824 	-0.17375 	0.537069 	0.177819 	-1.45277 	-0.244976 	
0.225	0.310786 	-0.173735 	0.537054 	0.176223 	-1.45166 	-0.242778 	
0.23	0.31081 	-0.173736 	0.537059 	0.176223 	-1.45166 	-0.242778 	
0.235	0.310834 	-0.173736 	0.537063 	0.176223 	-1.45166 	-0.242778 	
0.24	0.310859 	-0.173737 	0.537068 	0.176223 	-1.45166 	-0.242778 	
0.245	0.310884 	-0.173737 	0.537072 	0.176223 	-1.45166 	-0.242778 	
0.25	0.31091 	-0.173738 	0.537077 	0.176223 	-1.45166 	-0.242778 	
0.255	0.310936 	-0.173738 	0.537082 	0.176223 	-1.45166 	-0.242778 	
0.26	0.310963 	-0.173739 	0.537087 	0.176223 	-1.45166 	-0.242778 	
0.265	0.31099 	-0.173739 	0.537092 	0.176223 	-1.45166 	-0.242778 	
0.27	0.311018 	-0.17374 	0.537097 	0.176223 	-1.45166 	-0.242778 	
0.275	0.310982 	-0.173725 	0.537083 	0.174532 	-1.45047 	-0.240449 	
0.28	0.31101 	-0.173725 	0.537088 	0.174532 	-1.45047 	-0.240449 	
0.285	0.31104 	-0.173726 	0.537094 	0.174532 	-1.45047 	-0.240449 	
0.29	0.31107 	-0.173726 	0.537099 	0.174532 	-1.45047 	-0.240449 	
0.295	0.3111 	-0.173727 	0.537105 	0.174532 	-1.45047 	-0.240449 	
0.3	0.311131 	-0.173727 	0.537111 	0.174532 	-1.45047 	-0.240449 	
0.305	0.311163 	-0.173728 	0.537116 	0.174532 	-1.45047 	-0.240449 	
0.31	0.311195 	-0.173728 	0.537122 	0.174532 	-1.45047 	-0.240449 	
0.315	0.311165 	-0.173714 	0.53711 	0.172922 	-1.44934 	-0.238231 	
0.32	0.311198 	-0.173715 	0.537116 	0.172922 	-1.44934 	-0.238231 	
0.325	0.311231 	-0.173715 	0.537122 	0.172922 	-1.44934 	-0.238231 	
0.33	0.311265 	-0.173716 	0.537128 	0.172922 	-1.44934 	-0.238231 	
0.335	0.3113 	-0.173716 	0.537134 	0.172922 	-1.44934 	-0.238231 	
0.34	0.311335 	-0.173717 	0.537141 	0.172922 	-1.44934 	-0.238231 	
0.345	0.31137 	-0.173717 	0.537147 	0.172922 	-1.44934 	-0.238231 	
0.35	0.311345 	-0.173704 	0.537136 	0.171346 	-1.44824 	-0.23606 	
0.355	0.311382 	-0.173705 	0.537143 	0.171346 	-1.44824 	-0.23606 	
0.36	0.311419 	-0.173705 	0.537149 	0.171346 	-1.44824 	-0.23606 	
0.365	0.311456 	-0.173706 	0.537156 	0.171346 	-1.44824 	-0.23606 	
0.37	0.311494 	-0.173706 	0.537163 	0.171346 	-1.44824 	-0.23606 	
0.375	0.311533 	-0.173707 	0.53717 	0.171346 	-1.44824 	-0.23606 	
0.38	0.311571 	-0.173707 	0.537177 	0.171346 	-1.44824 	-0.23606 	
0.385	0.311545 	-0.173693 	0.537165 	0.169633 	-1.44703 	-0.233699 	
0.39	0.311584 	-0.173693 	0.537172 	0.169633 	-1.44703 	-0.233699 	
0.395	0.311625 	-0.173694 	0.53718 	0.169633 	-1.44703 	-0.233699 	
0.4	0.311666 	-0.173695 	0.537187 	0.169633 	-1.44703 	-0.233699 	
0.405	0.311707 	-0.173695 	0.537195 	0.169633 	-1.44703 	-0.233699 	
0.41	0.311749 	-0.173696 	0.537203 	0.169633 	-1.44703 	-0.233699 	
0.415	0.311728 	-0.173682 	0.537192 	0.168017 	-1.4459 	-0.231473 	
0.42	0.311771 	-0.173683 	0.5372 	0.168017 	-1.4459 	-0.231473 	
0.425	0.311814 	-0.173684 	0.537208 	0.168017 	-1.4459 	-0.231473 	
0.43	0.311858 	-0.173684 	0.537216 	0.168017 	-1.4459 	-0.231473 	
0.435	0.311902 	-0.173685 	0.537224 	0.168017 	-1.4459 	-0.231473 	
0.44	0.311947 	-0.173685 	0.537232 	0.168017 	-1.4459 	-0.231473 	
0.445	0.311926 	-0.173672 	0.537221 	0.166312 	-1.44471 	-0.229124 	
0.45	0.311971 	-0.173672 	0.537229 	0.166312 	-1.44471 	-0.229124 	
0.455	0.312017 	-0.173673 	0.537237 	0.166312 	-1.44471 	-0.229124 	
0.46	0.312064 	-0.173673 	0.537246 	0.166312 	-1.44471 	-0.229124 	
0.465	0.312111 	-0.173674 	0.537254 	0.166312 	-1.44471 	-0.229124 	
0.47	0.312158 	-0.173674 	0.537263 	0.166312 	-1.44471 	-0.229124 	
0.475	0.312136 	-0.17366 	0.537251 	0.164501 	-1.44344 	-0.226629 	
0.48	0.312184 	-0.17366 	0.53726 	0.164501 	-1.44344 	-0.226629 	
0.485	0.312233 	-0.173661 	0.537269 	0.164501 	-1.44344 	-0.226629 	
0.49	0.312282 	-0.173661 	0.537278 	0.164501 	-1.44344 	-0.226629 	
0.495	0.312332 	-0.173662 	0.537287 	0.164501 	-1.44344 	-0.226629 	
0.5	0.312319 	-0.173649 	0.537278 	0.162879 	-1.4423 	-0.224395 	
0.505	0.312369 	-0.17365 	0.537287 	0.162879 	-1.4423 	-0.224395 	
0.51	0.31242 	-0.17365 	0.537296 	0.162879 	-1.4423 	-0.224395 	
0.515	0.312472 	-0.173651 	0.537306 	0.162879 	-1.4423 	-0.224395 	
0.52	0.312523 	-0.173651 	0.537315 	0.162879 	-1.4423 	-0.224395 	
0.525	0.312511 	-0.173639 	0.537306 	0.161213 	-1.44113 	-0.222099 	
0.53	0.312564 	-0.173639 	0.537315 	0.161213 	-1.44113 	-0.222099 	
0.535	0.312617 	-0.173639 	0.537325 	0.161213 	-1.44113 	-0.222099 	
0.54	0.31267 	-0.17364 	0.537335 	0.161213 	-1.44113 	-0.222099 	
0.545	0.312724 	-0.17364 	0.537345 	0.161213 	-1.44113 	-0.222099 	
0.55	0.312711 	-0.173627 	0.537335 	0.159478 	-1.43991 	-0.219709 	
0.555	0.312766 	-0.173628 	0.537345 	0.159478 	-1.43991 	-0.219709 	
0.56	0.312821 	-0.173628 	0.537355 	0.159478 	-1.43991 	-0.219709 	
0.565	0.312877 	-0.173628 	0.537365 	0.159478 	-1.43991 	-0.219709 	
0.57	0.312933 	-0.173629 	0.537375 	0.159478 	-1.43991 	-0.219709 	
0.575	0.312919 	-0.173616 	0.537365 	0.157676 	-1.43865 	-0.217226 	
0.58	0.312976 	-0.173616 	0.537376 	0.157676 	-1.43865 	-0.217226 	
0.585	0.313034 	-0.173616 	0.537386 	0.157676 	-1.43865 	-0.217226 	
0.59	0.313091 	-0.173617 	0.537397 	0.157676 	-1.43865 	-0.217226 	
0.595	0.31315 	-0.173617 	0.537407 	0.157676 	-1.43865 	-0.217226 	
0.6	0.313135 	-0.173604 	0.537397 	0.155806 	-1.43734 	-0.214651 	
0.605	0.313194 	-0.173604 	0.537408 	0.155806 	-1.43734 	-0.214651 	
0.61	0.313254 	-0.173604 	0.537418 	0.155806 	-1.43734 	-0.214651 	
0.615	0.313313 	-0.173604 	0.537429 	0.155806 	-1.43734 	-0.214651 	
0.62	0.313312 	-0.173593 	0.537422 	0.154225 	-1.43623 	-0.212473 	
0.625	0.313372 	-0.173594 	0.537433 	0.154225 	-1.43623 	-0.212473 	
0.63	0.313433 	-0.173594 	0.537444 	0.154225 	-1.43623 	-0.212473 	
0.635	0.313495 	-0.173594 	0.537456 	0.154225 	-1.43623 	-0.212473 	
0.64	0.313494 	-0.173583 	0.537449 	0.152638 	-1.43512 	-0.210285 	
0.645	0.313556 	-0.173583 	0.53746 	0.152638 	-1.43512 	-0.210285 	
0.65	0.313619 	-0.173583 	0.537472 	0.152638 	-1.43512 	-0.210285 	
0.655	0.313682 	-0.173584 	0.537483 	0.152638 	-1.43512 	-0.210285 	
0.66	0.313682 	-0.173573 	0.537476 	0.151013 	-1.43398 	-0.208048 	
0.665	0.313745 	-0.173573 	0.537488 	0.151013 	-1.43398 	-0.208048 	
0.67	0.313809 	-0.173573 	0.537499 	0.151013 	-1.43398 	-0.208048 	
0.675	0.313873 	-0.173573 	0.537511 	0.151013 	-1.43398 	-0.208048 	
0.68	0.313873 	-0.173562 	0.537504 	0.149351 	-1.43281 	-0.205757 	
0.685	0.313938 	-0.173562 	0.537516 	0.149351 	-1.43281 	-0.205757 	
0.69	0.314004 	-0.173562 	0.537528 	0.149351 	-1.43281 	-0.205757 	
0.695	0.314069 	-0.173562 	0.53754 	0.149351 	-1.43281 	-0.205757 	
0.7	0.314069 	-0.173551 	0.537533 	0.147651 	-1.43162 	-0.203416 	
0.705	0.314136 	-0.173551 	0.537545 	0.147651 	-1.43162 	-0.203416 	
0.71	0.314202 	-0.173551 	0.537557 	0.147651 	-1.43162 	-0.203416 	
0.715	0.31427 	-0.173551 	0.537569 	0.147651 	-1.43162 	-0.203416 	
0.72	0.314269 	-0.17354 	0.537562 	0.145915 	-1.43041 	-0.201024 	
0.725	0.314337 	-0.17354 	0.537574 	0.145915 	-1.43041 	-0.201024 	
0.73	0.314405 	-0.173539 	0.537587 	0.145915 	-1.43041 	-0.201024 	
0.735	0.314474 	-0.173539 	0.537599 	0.145915 	-1.43041 	-0.201024 	
0.74	0.314473 	-0.173528 	0.537592 	0.144144 	-1.42916 	-0.198583 	
0.745	0.314542 	-0.173528 	0.537604 	0.144144 	-1.42916 	-0.198583 	
0.75	0.314612 	-0.173528 	0.537617 	0.144144 	-1.42916 	-0.198583 	
0.755	0.314682 	-0.173527 	0.537629 	0.144144 	-1.42916 	-0.198583 	
0.76	0.314681 	-0.173517 	0.537622 	0.142338 	-1.4279 	-0.196095 	
0.765	0.314752 	-0.173516 	0.537635 	0.142338 	-1.4279 	-0.196095 	
0.77	0.314823 	-0.173516 	0.537647 	0.142338 	-1.4279 	-0.196095 	
0.775	0.314894 	-0.173516 	0.53766 	0.142338 	-1.4279 	-0.196095 	
0.78	0.314893 	-0.173505 	0.537653 	0.140499 	-1.42661 	-0.193562 	
0.785	0.314965 	-0.173504 	0.537666 	0.140499 	-1.42661 	-0.193562 	
0.79	0.315037 	-0.173504 	0.537679 	0.140499 	-1.42661 	-0.193562 	
0.795	0.315109 	-0.173503 	0.537692 	0.140499 	-1.42661 	-0.193562 	
0.8	0.315108 	-0.173493 	0.537684 	0.138628 	-1.4253 	-0.190984 	
0.805	0.315181 	-0.173492 	0.537697 	0.138628 	-1.4253 	-0.190984 	
0.81	0.315255 	-0.173492 	0.537711 	0.138628 	-1.4253 	-0.190984 	
0.815	0.315328 	-0.173491 	0.537724 	0.138628 	-1.4253 	-0.190984 	
0.82	0.315327 	-0.17348 	0.537716 	0.136727 	-1.42396 	-0.188365 	
0.825	0.315402 	-0.17348 	0.53773 	0.136727 	-1.42396 	-0.188365 	
0.83	0.315476 	-0.173479 	0.537743 	0.136727 	-1.42396 	-0.188365 	
0.835	0.315551 	-0.173478 	0.537756 	0.136727 	-1.42396 	-0.188365 	
0.84	0.31555 	-0.173468 	0.537749 	0.134795 	-1.42261 	-0.185704 	
0.845	0.315625 	-0.173467 	0.537762 	0.134795 	-1.42261 	-0.185704 	
0.85	0.315701 	-0.173466 	0.537776 	0.134795 	-1.42261 	-0.185704 	
0.855	0.315776 	-0.173466 	0.537789 	0.134795 	-1.42261 	-0.185704 	
0.86	0.315775 	-0.173455 	0.537782 	0.132836 	-1.42123 	-0.183004 	
0.865	0.315852 	-0.173454 	0.537795 	0.132836 	-1.42123 	-0.183004 	
0.87	0.315928 	-0.173453 	0.537809 	0.132836 	-1.42123 	-0.183004 	
0.875	0.316005 	-0.173453 	0.537823 	0.132836 	-1.42123 	-0.183004 	
0.88	0.316004 	-0.173442 	0.537815 	0.130849 	-1.41984 	-0.180267 	
0.885	0.316081 	-0.173441 	0.537829 	0.130849 	-1.41984 	-0.180267 	
0.89	0.316159 	-0.17344 	0.537843 	0.130849 	-1.41984 	-0.180267 	
0.895	0.316237 	-0.173439 	0.537856 	0.130849 	-1.41984 	-0.180267 	
0.9	0.316236 	-0.173429 	0.537849 	0.128837 	-1.41843 	-0.177495 	
0.905	0.316314 	-0.173428 	0.537863 	0.128837 	-1.41843 	-0.177495 	
0.91	0.316393 	-0.173427 	0.537877 	0.128837 	-1.41843 	-0.177495 	
0.915	0.316409 	-0.173419 	0.537874 	0.127259 	-1.41732 	-0.175322 	
0.92	0.316488 	-0.173418 	0.537888 	0.127259 	-1.41732 	-0.175322 	
0.925	0.316567 	-0.173417 	0.537902 	0.127259 	-1.41732 	-0.175322 	
0.93	0.316647 	-0.173416 	0.537916 	0.127259 	-1.41732 	-0.175322 	
0.935	0.316647 	-0.173406 	0.537909 	0.125251 	-1.41592 	-0.172555 	
0.94	0.316727 	-0.173405 	0.537923 	0.125251 	-1.41592 	-0.172555 	
0.945	0.316807 	-0.173404 	0.537937 	0.125251 	-1.41592 	-0.172555 	
0.95	0.316824 	-0.173396 	0.537934 	0.123647 	-1.41479 	-0.170346 	
0.955	0.316905 	-0.173395 	0.537949 	0.123647 	-1.41479 	-0.170346 	
0.96	0.316986 	-0.173393 	0.537963 	0.123647 	-1.41479 	-0.170346 	
0.965	0.317005 	-0.173386 	0.537961 	0.122074 	-1.41369 	-0.168178 	
0.97	0.317086 	-0.173384 	0.537975 	0.122074 	-1.41369 	-0.168178 	
0.975	0.317167 	-0.173383 	0.537989 	0.122074 	-1.41369 	-0.168178 	
0.98	0.317186 	-0.173376 	0.537987 	0.120494 	-1.41258 	-0.166001 	
0.985	0.317268 	-0.173374 	0.538001 	0.120494 	-1.41258 	-0.166001 	
0.99	0.31735 	-0.173372 	0.538016 	0.120494 	-1.41258 	-0.166001 	
0.995	0.317369 	-0.173365 	0.538014 	0.118903 	-1.41147 	-0.16381 	
1	0.317452 	-0.173364 	0.538028 	0.118903 	-1.41147 	-0.16381 	
1.005	0.317534 	-0.173362 	0.538043 	0.118903 	-1.41147 	-0.16381 	
1.01	0.317553 	-0.173355 	0.538041 	0.117302 	-1.41034 	-0.161604 	
1.015	0.317636 	-0.173353 	0.538055 	0.117302 	-1.41034 	-0.161604 	
1.02	0.317719 	-0.173351 	0.53807 	0.117302 	-1.41034 	-0.161604 	
1.025	0.317738 	-0.173345 	0.538068 	0.115691 	-1.40921 	-0.159385 	
1.03	0.317822 	-0.173343 	0.538082 	0.115691 	-1.40921 	-0.159385 	
1.035	0.317905 	-0.173341 	0.538097 	0.115691 	-1.40921 	-0.159385 	
1.04	0.317925 	-0.173334 	0.538095 	0.114071 	-1.40808 	-0.157153 	
1.045	0.318008 	-0.173332 	0.538109 	0.114071 	-1.40808 	-0.157153 	
1.05	0.318092 	-0.17333 	0.538124 	0.114071 	-1.40808 	-0.157153 	
1.055	0.318112 	-0.173324 	0.538122 	0.112443 	-1.40694 	-0.154909 	
1.06	0.318196 	-0.173321 	0.538137 	0.112443 	-1.40694 	-0.154909 	
1.065	0.31828 	-0.173319 	0.538151 	0.112443 	-1.40694 	-0.154909 	
1.07	0.3183 	-0.173313 	0.538149 	0.110806 	-1.40579 	-0.152655 	
1.075	0.318385 	-0.173311 	0.538164 	0.110806 	-1.40579 	-0.152655 	
1.08	0.318469 	-0.173309 	0.538179 	0.110806 	-1.40579 	-0.152655 	
1.085	0.318489 	-0.173302 	0.538177 	0.109162 	-1.40464 	-0.15039 	
1.09	0.318574 	-0.1733 	0.538192 	0.109162 	-1.40464 	-0.15039 	
1.095	0.318659 	-0.173298 	0.538207 	0.109162 	-1.40464 	-0.15039 	
1.1	0.318679 	-0.173292 	0.538205 	0.107511 	-1.40348 	-0.148115 	
1.105	0.318764 	-0.173289 	0.538219 	0.107511 	-1.40348 	-0.148115 	
1.11	0.318849 	-0.173287 	0.538234 	0.107511 	-1.40348 	-0.148115 	
1.115	0.318869 	-0.173281 	0.538232 	0.105854 	-1.40232 	-0.145832 	
1.12	0.318955 	-0.173278 	0.538247 	0.105854 	-1.40232 	-0.145832 	
1.125	0.319041 	-0.173276 	0.538262 	0.105854 	-1.40232 	-0.145832 	
1.13	0.31906 	-0.17327 	0.53826 	0.104191 	-1.40115 	-0.143541 	
1.135	0.319146 	-0.173268 	0.538275 	0.104191 	-1.40115 	-0.143541 	
1.14	0.319232 	-0.173265 	0.53829 	0.104191 	-1.40115 	-0.143541 	
1.145	0.319252 	-0.173259 	0.538288 	0.102523 	-1.39998 	-0.141243 	
1.15	0.319338 	-0.173257 	0.538303 	0.102523 	-1.39998 	-0.141243 	
1.155	0.319424 	-0.173254 	0.538318 	0.102523 	-1.39998 	-0.141243 	
1.16	0.319444 	-0.173249 	0.538316 	0.10085 	-1.39881 	-0.138939 	
1.165	0.319531 	-0.173246 	0.538331 	0.10085 	-1.39881 	-0.138939 	
1.17	0.319617 	-0.173243 	0.538346 	0.10085 	-1.39881 	-0.138939 	
1.175	0.319637 	-0.173238 	0.538344 	0.0991735 	-1.39763 	-0.136629 	
1.18	0.319723 	-0.173235 	0.538359 	0.0991735 	-1.39763 	-0.136629 	
1.185	0.31981 	-0.173232 	0.538374 	0.0991735 	-1.39763 	-0.136629 	
1.19	0.31983 	-0.173227 	0.538372 	0.0974936 	-1.39645 	-0.134314 	
1.195	0.319917 	-0.173224 	0.538387 	0.0974936 	-1.39645 	-0.134314 	
1.2	0.320003 	-0.173221 	0.538402 	0.0974936 	-1.39645 	-0.134314 	
1.205	0.320023 	-0.173216 	0.538401 	0.0958109 	-1.39527 	-0.131996 	
1.21	0.32011 	-0.173213 	0.538415 	0.0958109 	-1.39527 	-0.131996 	
1.215	0.320197 	-0.17321 	0.53843 	0.0958109 	-1.39527 	-0.131996 	
1.22	0.320217 	-0.173205 	0.538429 	0.0941261 	-1.39409 	-0.129675 	
1.225	0.320304 	-0.173202 	0.538444 	0.0941261 	-1.39409 	-0.129675 	
1.23	0.320391 	-0.173199 	0.538459 	0.0941261 	-1.39409 	-0.129675 	
1.235	0.32041 	-0.173194 	0.538457 	0.0924397 	-1.39291 	-0.127352 	
1.24	0.320497 	-0.173191 	0.538472 	0.0924397 	-1.39291 	-0.127352 	
1.245	0.320584 	-0.173188 	0.538487 	0.0924397 	-1.39291 	-0.127352 	
1.25	0.320604 	-0.173183 	0.538485 	0.0907524 	-1.39173 	-0.125027 	
1.255	0.320691 	-0.17318 	0.5385 	0.0907524 	-1.39173 	-0.125027 	
1.26	0.320778 	-0.173176 	0.538515 	0.0907524 	-1.39173 	-0.125027 	
1.265	0.320798 	-0.173172 	0.538514 	0.0890647 	-1.39054 	-0.122702 	
1.27	0.320885 	-0.173169 	0.538528 	0.0890647 	-1.39054 	-0.122702 	
1.275	0.320972 	-0.173165 	0.538543 	0.0890647 	-1.39054 	-0.122702 	
1.28	0.320992 	-0.173162 	0.538542 	0.0873772 	-1.38936 	-0.120377 	
1.285	0.321079 	-0.173158 	0.538557 	0.0873772 	-1.38936 	-0.120377 	
1.29	0.321166 	-0.173154 	0.538571 	0.0873772 	-1.38936 	-0.120377 	
1.295	0.321186 	-0.173151 	0.53857 	0.0856905 	-1.38818 	-0.118054 	
1.3	0.321273 	-0.173147 	0.538585 	0.0856905 	-1.38818 	-0.118054 	
1.305	0.32136 	-0.173143 	0.5386 	0.0856905 	-1.38818 	-0.118054 	
1.31	0.321379 	-0.17314 	0.538598 	0.0840053 	-1.387 	-0.115732 	
1.315	0.321466 	-0.173136 	0.538613 	0.0840053 	-1.387 	-0.115732 	
1.32	0.321553 	-0.173132 	0.538628 	0.0840053 	-1.387 	-0.115732 	
1.325	0.321573 	-0.173129 	0.538626 	0.0823221 	-1.38582 	-0.113413 	
1.33	0.321659 	-0.173125 	0.538641 	0.0823221 	-1.38582 	-0.113413 	
1.335	0.321746 	-0.173121 	0.538656 	0.0823221 	-1.38582 	-0.113413 	
1.34	0.321766 	-0.173118 	0.538655 	0.0806415 	-1.38464 	-0.111098 	
1.345	0.321852 	-0.173114 	0.538669 	0.0806415 	-1.38464 	-0.111098 	
1.35	0.321939 	-0.17311 	0.538684 	0.0806415 	-1.38464 	-0.111098 	
1.355	0.321958 	-0.173107 	0.538683 	0.0789641 	-1.38346 	-0.108787 	
1.36	0.322045 	-0.173103 	0.538697 	0.0789641 	-1.38346 	-0.108787 	
1.365	0.322131 	-0.173099 	0.538712 	0.0789642 	-1.38346 	-0.108787 	
1.37	0.32215 	-0.173096 	0.538711 	0.0772906 	-1.38229 	-0.106481 	
1.375	0.322237 	-0.173092 	0.538725 	0.0772906 	-1.38229 	-0.106481 	
1.38	0.322323 	-0.173088 	0.53874 	0.0772906 	-1.38229 	-0.106481 	
1.385	0.322342 	-0.173086 	0.538739 	0.0756214 	-1.38112 	-0.104182 	
1.39	0.322428 	-0.173081 	0.538753 	0.0756214 	-1.38112 	-0.104182 	
1.395	0.322514 	-0.173077 	0.538767 	0.0756214 	-1.38112 	-0.104182 	
1.4	0.322533 	-0.173075 	0.538766 	0.0739572 	-1.37995 	-0.101889 	
1.405	0.322619 	-0.173071 	0.538781 	0.0739572 	-1.37995 	-0.101889 	
1.41	0.322704 	-0.173066 	0.538795 	0.0739572 	-1.37995 	-0.101889 	
1.415	0.322724 	-0.173064 	0.538794 	0.0722986 	-1.37879 	-0.0996039 	
1.42	0.322809 	-0.17306 	0.538808 	0.0722986 	-1.37879 	-0.0996039 	
1.425	0.322894 	-0.173055 	0.538823 	0.0722986 	-1.37879 	-0.0996039 	
1.43	0.322913 	-0.173054 	0.538822 	0.0706462 	-1.37763 	-0.0973274 	
1.435	0.322998 	-0.173049 	0.538836 	0.0706462 	-1.37763 	-0.0973274 	
1.44	0.323083 	-0.173044 	0.53885 	0.0706462 	-1.37763 	-0.0973274 	
1.445	0.323102 	-0.173043 	0.538849 	0.0690005 	-1.37648 	-0.0950601 	
1.45	0.323187 	-0.173038 	0.538863 	0.0690005 	-1.37648 	-0.0950601 	
1.455	0.323271 	-0.173034 	0.538878 	0.0690005 	-1.37648 	-0.0950601 	
1.46	0.32329 	-0.173032 	0.538877 	0.0673621 	-1.37533 	-0.092803 	
1.465	0.323374 	-0.173028 	0.538891 	0.0673621 	-1.37533 	-0.092803 	
1.47	0.323458 	-0.173023 	0.538905 	0.0673621 	-1.37533 	-0.092803 	
1.475	0.323477 	-0.173022 	0.538904 	0.0657316 	-1.37419 	-0.0905567 	
1.48	0.323561 	-0.173017 	0.538918 	0.0657316 	-1.37419 	-0.0905567 	
1.485	0.323645 	-0.173012 	0.538932 	0.0657316 	-1.37419 	-0.0905567 	
1.49	0.323663 	-0.173011 	0.538931 	0.0641097 	-1.37305 	-0.0883222 	
1.495	0.323747 	-0.173007 	0.538945 	0.0641097 	-1.37305 	-0.0883222 	
1.5	0.32383 	-0.173002 	0.538959 	0.0641097 	-1.37305 	-0.0883222 	
1.505	0.323849 	-0.173001 	0.538958 	0.0624968 	-1.37192 	-0.0861001 	
1.51	0.323931 	-0.172996 	0.538972 	0.0624968 	-1.37192 	-0.0861001 	
1.515	0.324014 	-0.172991 	0.538986 	0.0624968 	-1.37192 	-0.0861001 	
1.52	0.324033 	-0.172991 	0.538985 	0.0608935 	-1.37079 	-0.0838913 	
1.525	0.324115 	-0.172986 	0.538999 	0.0608935 	-1.37079 	-0.0838913 	
1.53	0.324197 	-0.172981 	0.539012 	0.0608935 	-1.37079 	-0.0838913 	
1.535	0.324215 	-0.17298 	0.539012 	0.0593004 	-1.36968 	-0.0816966 	
1.54	0.324297 	-0.172975 	0.539025 	0.0593004 	-1.36968 	-0.0816966 	
1.545	0.324379 	-0.17297 	0.539039 	0.0593004 	-1.36968 	-0.0816966 	
1.55	0.324397 	-0.17297 	0.539038 	0.0577181 	-1.36857 	-0.0795167 	
1.555	0.324478 	-0.172965 	0.539051 	0.0577181 	-1.36857 	-0.0795167 	
1.56	0.324559 	-0.17296 	0.539065 	0.0577181 	-1.36857 	-0.0795167 	
1.565	0.324577 	-0.17296 	0.539064 	0.0561471 	-1.36747 	-0.0773524 	
1.57	0.324658 	-0.172955 	0.539078 	0.0561471 	-1.36747 	-0.0773524 	
1.575	0.324738 	-0.17295 	0.539091 	0.0561471 	-1.36747 	-0.0773524 	
1.58	0.324756 	-0.17295 	0.53909 	0.054588 	-1.36637 	-0.0752044 	
1.585	0.324836 	-0.172945 	0.539103 	0.054588 	-1.36637 	-0.0752044 	
1.59	0.324916 	-0.17294 	0.539117 	0.054588 	-1.36637 	-0.0752044 	
1.595	0.324934 	-0.17294 	0.539116 	0.0530413 	-1.36529 	-0.0730736 	
1.6	0.325013 	-0.172935 	0.539129 	0.0530413 	-1.36529 	-0.0730736 	
1.605	0.325092 	-0.17293 	0.539142 	0.0530413 	-1.36529 	-0.0730736 	
1.61	0.325109 	-0.17293 	0.539142 	0.0515076 	-1.36421 	-0.0709607 	
1.615	0.325188 	-0.172925 	0.539155 	0.0515076 	-1.36421 	-0.0709607 	
1.62	0.325266 	-0.17292 	0.539168 	0.0515076 	-1.36421 	-0.0709607 	
1.625	0.325344 	-0.172914 	0.53918 	0.0515076 	-1.36421 	-0.0709607 	
1.63	0.325344 	-0.172917 	0.539176 	0.0495359 	-1.36283 	-0.0682441 	
1.635	0.325421 	-0.172911 	0.539189 	0.0495359 	-1.36283 	-0.0682441 	
1.64	0.325499 	-0.172906 	0.539201 	0.0495359 	-1.36283 	-0.0682441 	
1.645	0.325514 	-0.172907 	0.539201 	0.0479878 	-1.36174 	-0.0661115 	
1.65	0.325591 	-0.172902 	0.539213 	0.0479878 	-1.36174 	-0.0661115 	
1.655	0.325667 	-0.172897 	0.539226 	0.0479878 	-1.36174 	-0.0661115 	
1.66	0.325744 	-0.172891 	0.539238 	0.0479878 	-1.36174 	-0.0661115 	
1.665	0.325743 	-0.172894 	0.539234 	0.0460553 	-1.36039 	-0.063449 	
1.67	0.325819 	-0.172889 	0.539247 	0.0460553 	-1.36039 	-0.063449 	
1.675	0.325894 	-0.172884 	0.539259 	0.0460553 	-1.36039 	-0.063449 	
1.68	0.325969 	-0.172878 	0.539271 	0.0460553 	-1.36039 	-0.063449 	
1.685	0.325967 	-0.172882 	0.539267 	0.0441081 	-1.35902 	-0.0607664 	
1.69	0.326041 	-0.172876 	0.539279 	0.0441081 	-1.35902 	-0.0607664 	
1.695	0.326116 	-0.172871 	0.539291 	0.0441081 	-1.35902 	-0.0607664 	
1.7	0.32619 	-0.172866 	0.539303 	0.0441081 	-1.35902 	-0.0607664 	
1.705	0.326187 	-0.172869 	0.539299 	0.0421854 	-1.35768 	-0.0581175 	
1.71	0.326261 	-0.172864 	0.539311 	0.0421854 	-1.35768 	-0.0581175 	
1.715	0.326334 	-0.172859 	0.539323 	0.0421854 	-1.35768 	-0.0581175 	
1.72	0.326407 	-0.172853 	0.539335 	0.0421854 	-1.35768 	-0.0581175 	
1.725	0.326404 	-0.172857 	0.539331 	0.040292 	-1.35635 	-0.0555091 	
1.73	0.326476 	-0.172852 	0.539342 	0.040292 	-1.35635 	-0.0555091 	
1.735	0.326548 	-0.172846 	0.539354 	0.040292 	-1.35635 	-0.0555091 	
1.74	0.32662 	-0.172841 	0.539366 	0.040292 	-1.35635 	-0.0555091 	
1.745	0.326617 	-0.172845 	0.539362 	0.0384297 	-1.35504 	-0.0529435 	
1.75	0.326689 	-0.17284 	0.539373 	0.0384298 	-1.35504 	-0.0529435 	
1.755	0.326759 	-0.172834 	0.539385 	0.0384298 	-1.35504 	-0.0529435 	
1.76	0.32683 	-0.172829 	0.539396 	0.0384298 	-1.35504 	-0.0529435 	
1.765	0.326827 	-0.172833 	0.539392 	0.0365997 	-1.35376 	-0.0504223 	
1.77	0.326897 	-0.172828 	0.539403 	0.0365997 	-1.35376 	-0.0504223 	
1.775	0.326966 	-0.172823 	0.539415 	0.0365997 	-1.35376 	-0.0504223 	
1.78	0.327036 	-0.172817 	0.539426 	0.0365997 	-1.35376 	-0.0504223 	
1.785	0.327033 	-0.172822 	0.539422 	0.0348031 	-1.3525 	-0.0479472 	
1.79	0.327101 	-0.172816 	0.539433 	0.0348031 	-1.3525 	-0.0479472 	
1.795	0.32717 	-0.172811 	0.539444 	0.0348031 	-1.3525 	-0.0479472 	
1.8	0.327237 	-0.172806 	0.539455 	0.0348031 	-1.3525 	-0.0479472 	
1.805	0.327235 	-0.17281 	0.539452 	0.0330411 	-1.35126 	-0.0455197 	
1.81	0.327302 	-0.172805 	0.539462 	0.0330411 	-1.35126 	-0.0455197 	
1.815	0.327369 	-0.1728 	0.539473 	0.0330411 	-1.35126 	-0.0455197 	
1.82	0.327435 	-0.172794 	0.539484 	0.0330411 	-1.35126 	-0.0455197 	
1.825	0.327432 	-0.172799 	0.53948 	0.0313147 	-1.35005 	-0.0431413 	
1.83	0.327498 	-0.172794 	0.539491 	0.0313147 	-1.35005 	-0.0431413 	
1.835	0.327563 	-0.172789 	0.539501 	0.0313147 	-1.35005 	-0.0431413 	
1.84	0.327628 	-0.172784 	0.539512 	0.0313147 	-1.35005 	-0.0431413 	
1.845	0.327626 	-0.172788 	0.539509 	0.029625 	-1.34887 	-0.0408135 	
1.85	0.32769 	-0.172783 	0.539519 	0.029625 	-1.34887 	-0.0408135 	
1.855	0.327754 	-0.172778 	0.539529 	0.029625 	-1.34887 	-0.0408135 	
1.86	0.327817 	-0.172773 	0.539539 	0.029625 	-1.34887 	-0.0408135 	
1.865	0.327815 	-0.172778 	0.539536 	0.0279732 	-1.34771 	-0.0385378 	
1.87	0.327878 	-0.172773 	0.539546 	0.0279732 	-1.34771 	-0.0385378 	
1.875	0.32794 	-0.172767 	0.539556 	0.0279732 	-1.34771 	-0.0385378 	
1.88	0.328002 	-0.172762 	0.539566 	0.0279732 	-1.34771 	-0.0385378 	
1.885	0.328 	-0.172767 	0.539563 	0.0263602 	-1.34658 	-0.0363156 	
1.89	0.328061 	-0.172762 	0.539573 	0.0263602 	-1.34658 	-0.0363156 	
1.895	0.328122 	-0.172757 	0.539582 	0.0263602 	-1.34658 	-0.0363156 	
1.9	0.328182 	-0.172752 	0.539592 	0.0263602 	-1.34658 	-0.0363156 	
1.905	0.32818 	-0.172757 	0.539589 	0.024787 	-1.34548 	-0.0341483 	
1.91	0.328239 	-0.172752 	0.539599 	0.024787 	-1.34548 	-0.0341483 	
1.915	0.328298 	-0.172747 	0.539608 	0.024787 	-1.34548 	-0.0341483 	
1.92	0.328357 	-0.172742 	0.539618 	0.024787 	-1.34548 	-0.0341483 	
1.925	0.328355 	-0.172748 	0.539615 	0.0232547 	-1.3444 	-0.0320373 	
1.93	0.328413 	-0.172743 	0.539624 	0.0232547 	-1.3444 	-0.0320373 	
1.935	0.32847 	-0.172738 	0.539633 	0.0232547 	-1.3444 	-0.0320373 	
1.94	0.328528 	-0.172733 	0.539642 	0.0232547 	-1.3444 	-0.0320373 	
1.945	0.328584 	-0.172728 	0.539651 	0.0232547 	-1.3444 	-0.0320373 	
1.95	0.328569 	-0.172735 	0.539646 	0.0214368 	-1.34313 	-0.0295328 	
1.955	0.328625 	-0.17273 	0.539655 	0.0214368 	-1.34313 	-0.0295328 	
1.96	0.32868 	-0.172726 	0.539664 	0.0214368 	-1.34313 	-0.0295328 	
1.965	0.328735 	-0.172721 	0.539672 	0.0214368 	-1.34313 	-0.0295328 	
1.97	0.32879 	-0.172716 	0.539681 	0.0214368 	-1.34313 	-0.0295328 	
1.975	0.328773 	-0.172724 	0.539676 	0.0196501 	-1.34188 	-0.0270713 	
1.98	0.328827 	-0.172719 	0.539684 	0.0196501 	-1.34188 	-0.0270713 	
1.985	0.328881 	-0.172714 	0.539693 	0.0196501 	-1.34188 	-0.0270713 	
1.99	0.328934 	-0.17271 	0.539701 	0.0196501 	-1.34188 	-0.0270713 	
1.995	0.328986 	-0.172705 	0.53971 	0.0196501 	-1.34188 	-0.0270713 	
2	0.32897 	-0.172713 	0.539704 	0.0179285 	-1.34067 	-0.0246995 	
2.005	0.329022 	-0.172708 	0.539713 	0.0179285 	-1.34067 	-0.0246995 	
2.01	0.329073 	-0.172704 	0.539721 	0.0179285 	-1.34067 	-0.0246995 	
2.015	0.329124 	-0.172699 	0.539729 	0.0179285 	-1.34067 	-0.0246995 	
2.02	0.329174 	-0.172694 	0.539737 	0.0179285 	-1.34067 	-0.0246995 	
2.025	0.329158 	-0.172702 	0.539732 	0.0162772 	-1.33951 	-0.0224245 	
2.03	0.329208 	-0.172698 	0.53974 	0.0162772 	-1.33951 	-0.0224245 	
2.035	0.329257 	-0.172693 	0.539747 	0.0162772 	-1.33951 	-0.0224245 	
2.04	0.329305 	-0.172689 	0.539755 	0.0162772 	-1.33951 	-0.0224245 	
2.045	0.329353 	-0.172684 	0.539763 	0.0162772 	-1.33951 	-0.0224245 	
2.05	0.329339 	-0.172692 	0.539758 	0.014698 	-1.3384 	-0.0202489 	
2.055	0.329386 	-0.172688 	0.539766 	0.014698 	-1.3384 	-0.0202489 	
2.06	0.329432 	-0.172684 	0.539773 	0.014698 	-1.3384 	-0.0202489 	
2.065	0.329479 	-0.172679 	0.53978 	0.014698 	-1.3384 	-0.0202489 	
2.07	0.329524 	-0.172675 	0.539787 	0.014698 	-1.3384 	-0.0202489 	
2.075	0.32957 	-0.172671 	0.539795 	0.014698 	-1.3384 	-0.0202489 	
2.08	0.329545 	-0.17268 	0.539788 	0.0129319 	-1.33716 	-0.0178157 	
2.085	0.329589 	-0.172676 	0.539795 	0.0129319 	-1.33716 	-0.0178157 	
2.09	0.329633 	-0.172672 	0.539802 	0.0129319 	-1.33716 	-0.0178157 	
2.095	0.329676 	-0.172668 	0.539809 	0.0129319 	-1.33716 	-0.0178157 	
2.1	0.329719 	-0.172664 	0.539816 	0.0129319 	-1.33716 	-0.0178157 	
2.105	0.329762 	-0.17266 	0.539822 	0.0129319 	-1.33716 	-0.0178157 	
2.11	0.329737 	-0.17267 	0.539816 	0.0112444 	-1.33598 	-0.0154909 	
2.115	0.329779 	-0.172666 	0.539823 	0.0112444 	-1.33598 	-0.0154909 	
2.12	0.32982 	-0.172662 	0.539829 	0.0112444 	-1.33598 	-0.0154909 	
2.125	0.32986 	-0.172658 	0.539836 	0.0112444 	-1.33598 	-0.0154909 	
2.13	0.3299 	-0.172654 	0.539842 	0.0112444 	-1.33598 	-0.0154909 	
2.135	0.32994 	-0.17265 	0.539848 	0.0112444 	-1.33598 	-0.0154909 	
2.14	0.329917 	-0.17266 	0.539842 	0.00966488 	-1.33487 	-0.0133149 	
2.145	0.329955 	-0.172656 	0.539848 	0.00966488 	-1.33487 	-0.0133149 	
2.15	0.329994 	-0.172652 	0.539854 	0.00966488 	-1.33487 	-0.0133149 	
2.155	0.330031 	-0.172649 	0.53986 	0.00966488 	-1.33487 	-0.0133149 	
2.16	0.330068 	-0.172645 	0.539866 	0.00966488 	-1.33487 	-0.0133149 	
2.165	0.330105 	-0.172642 	0.539872 	0.00966488 	-1.33487 	-0.0133149 	
2.17	0.330141 	-0.172638 	0.539878 	0.00966488 	-1.33487 	-0.0133149 	
2.175	0.330111 	-0.172649 	0.539871 	0.00799097 	-1.3337 	-0.0110088 	
2.18	0.330146 	-0.172645 	0.539876 	0.00799097 	-1.3337 	-0.0110088 	
2.185	0.330181 	-0.172642 	0.539882 	0.00799097 	-1.3337 	-0.0110088 	
2.19	0.330215 	-0.172639 	0.539887 	0.00799097 	-1.3337 	-0.0110088 	
2.195	0.330248 	-0.172635 	0.539892 	0.00799097 	-1.3337 	-0.0110088 	
2.2	0.330282 	-0.172632 	0.539897 	0.00799097 	-1.3337 	-0.0110088 	
2.205	0.330314 	-0.172629 	0.539903 	0.00799097 	-1.3337 	-0.0110088 	
2.21	0.330286 	-0.172639 	0.539896 	0.00644904 	-1.33262 	-0.00888452 	
2.215	0.330317 	-0.172636 	0.539901 	0.00644904 	-1.33262 	-0.00888452 	
2.22	0.330348 	-0.172633 	0.539906 	0.00644904 	-1.33262 	-0.00888452 	
2.225	0.330379 	-0.17263 	0.539911 	0.00644904 	-1.33262 	-0.00888452 	
2.23	0.330409 	-0.172627 	0.539915 	0.00644904 	-1.33262 	-0.00888452 	
2.235	0.330439 	-0.172624 	0.53992 	0.00644904 	-1.33262 	-0.00888452 	
2.24	0.330468 	-0.172621 	0.539925 	0.00644904 	-1.33262 	-0.00888452 	
2.245	0.330496 	-0.172618 	0.539929 	0.00644904 	-1.33262 	-0.00888452 	
2.25	0.330463 	-0.172629 	0.539922 	0.00490164 	-1.33154 	-0.00675271 	
2.255	0.330491 	-0.172626 	0.539926 	0.00490164 	-1.33154 	-0.00675271 	
2.26	0.330518 	-0.172624 	0.539931 	0.00490164 	-1.33154 	-0.00675271 	
2.265	0.330545 	-0.172621 	0.539935 	0.00490164 	-1.33154 	-0.00675271 	
2.27	0.330571 	-0.172618 	0.539939 	0.00490164 	-1.33154 	-0.00675271 	
2.275	0.330596 	-0.172616 	0.539943 	0.00490164 	-1.33154 	-0.00675271 	
2.28	0.330621 	-0.172613 	0.539947 	0.00490164 	-1.33154 	-0.00675271 	
2.285	0.330645 	-0.172611 	0.53995 	0.00490164 	-1.33154 	-0.00675271 	
2.29	0.330669 	-0.172609 	0.539954 	0.00490164 	-1.33154 	-0.00675271 	
2.295	0.330693 	-0.172606 	0.539958 	0.00490164 	-1.33154 	-0.00675271 	
2.3	0.330652 	-0.172618 	0.539949 	0.00327659 	-1.3304 	-0.00451389 	
2.305	0.330674 	-0.172616 	0.539953 	0.00327659 	-1.3304 	-0.00451389 	
2.31	0.330696 	-0.172614 	0.539956 	0.00327659 	-1.3304 	-0.00451389 	
2.315	0.330717 	-0.172612 	0.53996 	0.00327659 	-1.3304 	-0.00451389 	
2.32	0.330738 	-0.17261 	0.539963 	0.00327659 	-1.3304 	-0.00451389 	
2.325	0.330758 	-0.172608 	0.539966 	0.00327659 	-1.3304 	-0.00451389 	
2.33	0.330778 	-0.172606 	0.539969 	0.00327659 	-1.3304 	-0.00451389 	
2.335	0.330797 	-0.172604 	0.539972 	0.00327659 	-1.3304 	-0.00451389 	
2.34	0.330815 	-0.172602 	0.539975 	0.00327659 	-1.3304 	-0.00451389 	
2.345	0.330833 	-0.1726 	0.539978 	0.00327659 	-1.3304 	-0.00451389 	
2.35	0.330851 	-0.172598 	0.539981 	0.00327659 	-1.3304 	-0.00451389 	
2.355	0.330868 	-0.172597 	0.539983 	0.00327659 	-1.3304 	-0.00451389 	
2.36	0.330825 	-0.172609 	0.539975 	0.00175414 	-1.32933 	-0.00241647 	
2.365	0.330841 	-0.172607 	0.539977 	0.00175414 	-1.32933 	-0.00241647 	
2.37	0.330856 	-0.172605 	0.53998 	0.00175414 	-1.32933 	-0.00241647 	
2.375	0.330871 	-0.172604 	0.539982 	0.00175414 	-1.32933 	-0.00241647 	
2.38	0.330885 	-0.172603 	0.539984 	0.00175414 	-1.32933 	-0.00241647 	
2.385	0.330899 	-0.172601 	0.539986 	0.00175414 	-1.32933 	-0.00241647 	
2.39	0.330912 	-0.1726 	0.539988 	0.00175414 	-1.32933 	-0.00241647 	
2.395	0.330925 	-0.172598 	0.53999 	0.00175414 	-1.32933 	-0.00241647 	
2.4	0.330937 	-0.172597 	0.539992 	0.00175414 	-1.32933 	-0.00241647 	
2.405	0.330949 	-0.172596 	0.539994 	0.00175414 	-1.32933 	-0.00241647 	
2.41	0.33096 	-0.172595 	0.539996 	0.00175414 	-1.32933 	-0.00241647 	
2.415	0.330971 	-0.172594 	0.539997 	0.00175414 	-1.32933 	-0.00241647 	
2.42	0.330981 	-0.172593 	0.539999 	0.00175414 	-1.32933 	-0.00241647 	
2.425	0.330989 	-0.172592 	0.54 	0.00175414 	-1.32933 	-0.00241647 	
2.43	0.330999 	-0.172591 	0.540002 	0.00175414 	-1.32933 	-0.00241647 	
2.435	0.331007 	-0.17259 	0.540003 	0.00175414 	-1.32933 	-0.00241647 	
2.44	0.331015 	-0.172589 	0.540004 	0.00175414 	-1.32933 	-0.00241647 	
2.445	0.331022 	-0.172589 	0.540005 	0.00175414 	-1.32933 	-0.00241647 	
2.45	0.331029 	-0.172588 	0.540006 	0.00175414 	-1.32933 	-0.00241647 	
2.455	0.331035 	-0.172587 	0.540007 	0.00175414 	-1.32933 	-0.00241647 	
2.46	0.331041 	-0.172587 	0.540008 	0.00175414 	-1.32933 	-0.00241647 	
2.465	0.331046 	-0.172586 	0.540009 	0.00175414 	-1.32933 	-0.00241647 	
2.47	0.331051 	-0.172586 	0.54001 	0.00175414 	-1.32933 	-0.00241647 	
2.475	0.331055 	-0.172585 	0.540011 	0.00175414 	-1.32933 	-0.00241647 	
2.48	0.330999 	-0.172599 	0.54 	0.00023448 	-1.32826 	-0.000322867 	
2.485	0.331002 	-0.172599 	0.540001 	0.00023448 	-1.32826 	-0.000322867 	
2.49	0.331004 	-0.172598 	0.540001 	0.00023448 	-1.32826 	-0.000322867 	
2.495	0.331006 	-0.172598 	0.540001 	0.00023448 	-1.32826 	-0.000322867 	
2.5	0.331008 	-0.172598 	0.540001 	0.00023448 	-1.32826 	-0.000322867 	
2.505	0.331008 	-0.172598 	0.540001 	0.00023448 	-1.32826 	-0.000322867 	
2.51	0.331011 	-0.172596 	0.540002 	0.00023448 	-1.32826 	-0.000322867 	
2.515	0.331011 	-0.172596 	0.540002 	0.00023448 	-1.32826 	-0.000322867 	
2.52	0.331011 	-0.172595 	0.540001 	0.00023448 	-1.32826 	-0.000322867 	
2.525	0.331011 	-0.172595 	0.54 	0.00023448 	-1.32826 	-0.000322867 	
2.53	0.331011 	-0.172594 	0.539999 	0.00023448 	-1.32826 	-0.000322867 	
2.535	0.331012 	-0.172592 	0.539998 	0.00023448 	-1.32826 	-0.000322867 	
2.54	0.331012 	-0.172591 	0.539997 	0.00023448 	-1.32826 	-0.000322867 	
2.545	0.331012 	-0.172589 	0.539995 	0.00023448 	-1.32826 	-0.000322867 	
2.55	0.331012 	-0.172586 	0.539992 	0.00023448 	-1.32826 	-0.000322868 	
2.555	0.331013 	-0.172584 	0.53999 	0.00023448 	-1.32826 	-0.000322868 	
2.56	0.331013 	-0.172581 	0.539987 	0.00023448 	-1.32826 	-0.000322868 	
2.565	0.331013 	-0.172578 	0.539984 	0.000234481 	-1.32826 	-0.000322868 	
2.57	0.331014 	-0.172574 	0.539981 	0.000234481 	-1.32826 	-0.000322869 	
2.575	0.331014 	-0.172571 	0.539977 	0.000234481 	-1.32826 	-0.000322869 	
2.58	0.331015 	-0.172567 	0.539973 	0.000234482 	-1.32826 	-0.000322869 	
2.585	0.331015 	-0.172562 	0.539969 	0.000234482 	-1.32826 	-0.00032287 	
2.59	0.331016 	-0.172558 	0.539964 	0.000234483 	-1.32826 	-0.000322871 	
2.595	0.331017 	-0.172553 	0.53996 	0.000234483 	-1.32826 	-0.000322871 	
2.6	0.331017 	-0.172548 	0.539954 	0.000234484 	-1.32826 	-0.000322872 	
2.605	0.331018 	-0.172542 	0.539949 	0.000234485 	-1.32826 	-0.000322873 	
2.61	0.331019 	-0.172536 	0.539943 	0.000234485 	-1.32826 	-0.000322874 	
2.615	0.33102 	-0.17253 	0.539937 	0.000234486 	-1.32826 	-0.000322875 	
2.62	0.331021 	-0.172523 	0.53993 	0.000234487 	-1.32826 	-0.000322876 	
2.625	0.331023 	-0.172515 	0.539924 	0.000234488 	-1.32826 	-0.000322878 	
2.63	0.331024 	-0.172508 	0.539917 	0.000234489 	-1.32826 	-0.000322879 	
2.635	0.331025 	-0.1725 	0.53991 	0.000234491 	-1.32826 	-0.00032288 	
2.64	0.331026 	-0.172493 	0.539902 	0.000234492 	-1.32826 	-0.000322882 	
2.645	0.331027 	-0.172485 	0.539895 	0.000234493 	-1.32826 	-0.000322883 	
2.65	0.331028 	-0.172476 	0.539886 	0.000234494 	-1.32826 	-0.000322885 	
2.655	0.331029 	-0.172468 	0.539878 	0.000234496 	-1.32826 	-0.000322887 	
2.66	0.33103 	-0.172459 	0.539869 	0.000234497 	-1.32826 	-0.000322888 	
2.665	0.331031 	-0.17245 	0.539861 	0.000234499 	-1.32826 	-0.000322891 	
2.67	0.331033 	-0.17244 	0.539851 	0.000234501 	-1.32826 	-0.000322893 	
2.675	0.331034 	-0.172431 	0.539842 	0.000234503 	-1.32826 	-0.000322895 	
2.68	0.331035 	-0.172421 	0.539832 	0.000234505 	-1.32826 	-0.000322897 	
2.685	0.331037 	-0.17241 	0.539822 	0.000234507 	-1.32826 	-0.0003229 	
2.69	0.331038 	-0.1724 	0.539812 	0.000234509 	-1.32826 	-0.000322903 	
2.695	0.331039 	-0.172389 	0.539801 	0.000234512 	-1.32826 	-0.000322906 	
2.7	0.331041 	-0.172378 	0.53979 	0.000234514 	-1.32826 	-0.000322909 	
2.705	0.331042 	-0.172366 	0.539779 	0.000234517 	-1.32826 	-0.000322912 	
2.71	0.331044 	-0.172355 	0.539767 	0.00023452 	-1.32826 	-0.000322915 	
2.715	0.331045 	-0.172343 	0.539756 	0.000234523 	-1.32826 	-0.000322919 	
2.72	0.331047 	-0.17233 	0.539744 	0.000234526 	-1.32826 	-0.000322922 	
2.725	0.331049 	-0.172318 	0.539731 	0.000234529 	-1.32826 	-0.000322926 	
2.73	0.33105 	-0.172305 	0.539719 	0.000234532 	-1.32826 	-0.00032293 	
2.735	0.331052 	-0.172292 	0.539706 	0.000234536 	-1.32826 	-0.000322935 	
2.74	0.331126 	-0.17228 	0.539705 	2.42399e-05 	-1.32958 	-3.31417e-05 	
2.745	0.331128 	-0.172266 	0.539692 	2.42438e-05 	-1.32958 	-3.31463e-05 	
2.75	0.33113 	-0.172252 	0.539678 	2.42478e-05 	-1.32958 	-3.31511e-05 	
2.755	0.331131 	-0.172238 	0.539664 	2.4252e-05 	-1.32958 	-3.31561e-05 	
2.76	0.331133 	-0.172223 	0.53965 	2.42563e-05 	-1.32958 	-3.31613e-05 	
2.765	0.331135 	-0.172209 	0.539635 	2.42608e-05 	-1.32958 	-3.31667e-05 	
2.77	0.331137 	-0.172193 	0.539621 	2.42655e-05 	-1.32958 	-3.31723e-05 	
2.775	0.331139 	-0.172178 	0.539606 	2.42703e-05 	-1.32958 	-3.31781e-05 	
2.78	0.331141 	-0.172162 	0.53959 	2.42753e-05 	-1.32958 	-3.31841e-05 	
2.785	0.331143 	-0.172146 	0.539575 	2.42805e-05 	-1.32958 	-3.31903e-05 	
2.79	0.331145 	-0.17213 	0.539559 	2.42859e-05 	-1.32958 	-3.31967e-05 	
2.795	0.331147 	-0.172114 	0.539543 	2.42914e-05 	-1.32958 	-3.32033e-05 	
2.8	0.33115 	-0.172097 	0.539526 	2.42972e-05 	-1.32958 	-3.32102e-05 	
2.805	0.331152 	-0.17208 	0.53951 	2.43031e-05 	-1.32958 	-3.32173e-05 	
2.81	0.331154 	-0.172063 	0.539493 	2.43092e-05 	-1.32958 	-3.32246e-05 	
2.815	0.331156 	-0.172045 	0.539475 	2.43155e-05 	-1.32958 	-3.32322e-05 	
2.82	0.33123 	-0.172027 	0.539471 	3.54271e-06 	-1.33089 	-4.57942e-06 	
2.825	0.331233 	-0.172009 	0.539453 	3.54941e-06 	-1.33089 	-4.58744e-06 	
2.83	0.331235 	-0.171991 	0.539435 	3.55631e-06 	-1.33089 	-4.59568e-06 	
2.835	0.331238 	-0.171972 	0.539417 	3.56341e-06 	-1.33089 	-4.60417e-06 	
2.84	0.33124 	-0.171953 	0.539398 	3.5707e-06 	-1.33089 	-4.61289e-06 	
2.845	0.331242 	-0.171934 	0.539379 	3.5782e-06 	-1.33089 	-4.62186e-06 	
2.85	0.331245 	-0.171915 	0.53936 	3.5859e-06 	-1.33089 	-4.63107e-06 	
2.855	0.331248 	-0.171895 	0.539341 	3.59381e-06 	-1.33089 	-4.64053e-06 	
2.86	0.33125 	-0.171875 	0.539321 	3.60192e-06 	-1.33089 	-4.65024e-06 	
2.865	0.331253 	-0.171855 	0.539302 	3.61025e-06 	-1.33089 	-4.66019e-06 	
2.87	0.331255 	-0.171834 	0.539282 	3.61878e-06 	-1.33089 	-4.6704e-06 	
2.875	0.331258 	-0.171813 	0.539261 	3.62753e-06 	-1.33089 	-4.68086e-06 	
2.88	0.331261 	-0.171792 	0.539241 	3.63649e-06 	-1.33089 	-4.69158e-06 	
2.885	0.331336 	-0.171771 	0.539233 	1.59582e-06 	-1.33221 	-1.86028e-06 	
2.89	0.331339 	-0.17175 	0.539212 	1.60523e-06 	-1.33221 	-1.87153e-06 	
2.895	0.331341 	-0.171728 	0.539191 	1.61486e-06 	-1.33221 	-1.88303e-06 	
2.9	0.331344 	-0.171706 	0.539169 	1.6247e-06 	-1.33221 	-1.8948e-06 	
2.905	0.331347 	-0.171684 	0.539147 	1.63477e-06 	-1.33221 	-1.90683e-06 	
2.91	0.33135 	-0.171661 	0.539125 	1.64506e-06 	-1.33221 	-1.91912e-06 	
2.915	0.331353 	-0.171639 	0.539103 	1.65557e-06 	-1.33221 	-1.93168e-06 	
2.92	0.331356 	-0.171616 	0.539081 	1.6663e-06 	-1.33221 	-1.94451e-06 	
2.925	0.331359 	-0.171592 	0.539058 	1.67726e-06 	-1.33221 	-1.9576e-06 	
2.93	0.331362 	-0.171569 	0.539035 	1.68844e-06 	-1.33221 	-1.97097e-06 	
2.935	0.331365 	-0.171545 	0.539012 	1.69985e-06 	-1.33221 	-1.9846e-06 	
2.94	0.331439 	-0.171521 	0.539001 	1.42656e-06 	-1.3335 	-1.61105e-06 	
2.945	0.331442 	-0.171497 	0.538978 	1.43844e-06 	-1.3335 	-1.62525e-06 	
2.95	0.331445 	-0.171473 	0.538954 	1.45056e-06 	-1.3335 	-1.63971e-06 	
2.955	0.331449 	-0.171448 	0.53893 	1.4629e-06 	-1.3335 	-1.65445e-06 	
2.96	0.331452 	-0.171423 	0.538905 	1.47547e-06 	-1.3335 	-1.66946e-06 	
2.965	0.331455 	-0.171398 	0.538881 	1.48827e-06 	-1.3335 	-1.68475e-06 	
2.97	0.331458 	-0.171373 	0.538856 	1.5013e-06 	-1.3335 	-1.70031e-06 	
2.975	0.331462 	-0.171347 	0.538831 	1.51457e-06 	-1.3335 	-1.71615e-06 	
2.98	0.331465 	-0.171322 	0.538806 	1.52806e-06 	-1.3335 	-1.73226e-06 	
2.985	0.331468 	-0.171296 	0.53878 	1.54178e-06 	-1.3335 	-1.74866e-06 	
2.99	0.331543 	-0.17127 	0.538767 	1.47434e-06 	-1.3348 	-1.65409e-06 	
2.995	0.331546 	-0.171243 	0.538742 	1.48856e-06 	-1.3348 	-1.67106e-06 	
3	0.33155 	-0.171216 	0.538716 	1.50301e-06 	-1.3348 	-1.68829e-06 	
3.005	0.331547 	-0.171196 	0.538689 	1.51641e-06 	-1.3348 	-1.70393e-06 	
3.01	0.33155 	-0.171169 	0.538663 	1.53131e-06 	-1.3348 	-1.7217e-06 	
3.015	0.331554 	-0.171142 	0.538636 	1.54645e-06 	-1.3348 	-1.73977e-06 	
3.02	0.331557 	-0.171114 	0.538609 	1.56183e-06 	-1.3348 	-1.75812e-06 	
3.025	0.331561 	-0.171087 	0.538582 	1.57743e-06 	-1.3348 	-1.77674e-06 	
3.03	0.331564 	-0.171059 	0.538555 	1.59327e-06 	-1.3348 	-1.79564e-06 	
3.035	0.331568 	-0.171031 	0.538527 	1.60933e-06 	-1.3348 	-1.81481e-06 	
3.04	0.331648 	-0.171002 	0.538513 	1.69621e-06 	-1.3362 	-1.89949e-06 	
3.045	0.331652 	-0.170974 	0.538485 	1.71277e-06 	-1.3362 	-1.91924e-06 	
3.05	0.331656 	-0.170945 	0.538457 	1.72957e-06 	-1.3362 	-1.93926e-06 	
3.055	0.33166 	-0.170916 	0.538429 	1.74659e-06 	-1.3362 	-1.95955e-06 	
3.06	0.331663 	-0.170887 	0.5384 	1.76383e-06 	-1.3362 	-1.98012e-06 	
3.065	0.331667 	-0.170858 	0.538372 	1.78131e-06 	-1.3362 	-2.00096e-06 	
3.07	0.331671 	-0.170828 	0.538343 	1.79901e-06 	-1.3362 	-2.02206e-06 	
3.075	0.331675 	-0.170799 	0.538314 	1.81694e-06 	-1.3362 	-2.04344e-06 	
3.08	0.331679 	-0.170769 	0.538284 	1.83509e-06 	-1.3362 	-2.06509e-06 	
3.085	0.331757 	-0.170739 	0.538269 	1.70223e-06 	-1.33756 	-1.90025e-06 	
3.09	0.331761 	-0.170708 	0.538239 	1.72088e-06 	-1.33756 	-1.92246e-06 	
3.095	0.331765 	-0.170678 	0.538209 	1.73974e-06 	-1.33756 	-1.94493e-06 	
3.1	0.331769 	-0.170647 	0.538179 	1.75882e-06 	-1.33756 	-1.96767e-06 	
3.105	0.331773 	-0.170617 	0.538149 	1.77813e-06 	-1.33756 	-1.99066e-06 	
3.11	0.331777 	-0.170586 	0.538119 	1.79765e-06 	-1.33756 	-2.01392e-06 	
3.115	0.331781 	-0.170554 	0.538088 	1.81739e-06 	-1.33756 	-2.03744e-06 	
3.12	0.331786 	-0.170523 	0.538057 	1.83734e-06 	-1.33756 	-2.06121e-06 	
3.125	0.33186 	-0.170492 	0.538039 	1.60522e-06 	-1.33884 	-1.78548e-06 	
3.13	0.331864 	-0.17046 	0.538008 	1.62565e-06 	-1.33884 	-1.8098e-06 	
3.135	0.331868 	-0.170428 	0.537977 	1.64628e-06 	-1.33884 	-1.83437e-06 	
3.14	0.331872 	-0.170396 	0.537946 	1.66713e-06 	-1.33884 	-1.85918e-06 	
3.145	0.331877 	-0.170364 	0.537914 	1.68818e-06 	-1.33884 	-1.88425e-06 	
3.15	0.331881 	-0.170331 	0.537882 	1.70944e-06 	-1.33884 	-1.90956e-06 	
3.155	0.331885 	-0.170299 	0.537851 	1.73091e-06 	-1.33884 	-1.93512e-06 	
3.16	0.331889 	-0.170266 	0.537819 	1.75258e-06 	-1.33884 	-1.96092e-06 	
3.165	0.331966 	-0.170233 	0.5378 	1.69734e-06 	-1.34017 	-1.88491e-06 	
3.17	0.33197 	-0.1702 	0.537768 	1.71946e-06 	-1.34017 	-1.91123e-06 	
3.175	0.331975 	-0.170167 	0.537735 	1.74178e-06 	-1.34017 	-1.93778e-06 	
3.18	0.331979 	-0.170134 	0.537702 	1.76429e-06 	-1.34017 	-1.96456e-06 	
3.185	0.331983 	-0.170101 	0.53767 	1.787e-06 	-1.34017 	-1.99157e-06 	
3.19	0.331988 	-0.170067 	0.537637 	1.8099e-06 	-1.34017 	-2.01881e-06 	
3.195	0.331992 	-0.170033 	0.537604 	1.83299e-06 	-1.34017 	-2.04628e-06 	
3.2	0.331996 	-0.17 	0.53757 	1.85627e-06 	-1.34017 	-2.07397e-06 	
3.205	0.332076 	-0.169966 	0.537551 	1.82099e-06 	-1.34154 	-2.01972e-06 	
3.21	0.332081 	-0.169931 	0.537518 	1.8447e-06 	-1.34154 	-2.04789e-06 	
3.215	0.332085 	-0.169897 	0.537484 	1.86858e-06 	-1.34154 	-2.07628e-06 	
3.22	0.33209 	-0.169863 	0.53745 	1.89264e-06 	-1.34154 	-2.10487e-06 	
3.225	0.332094 	-0.169828 	0.537416 	1.91688e-06 	-1.34154 	-2.13368e-06 	
3.23	0.332099 	-0.169793 	0.537382 	1.94129e-06 	-1.34154 	-2.1627e-06 	
3.235	0.332103 	-0.169759 	0.537348 	1.96587e-06 	-1.34154 	-2.19192e-06 	
3.24	0.332108 	-0.169724 	0.537314 	1.99063e-06 	-1.34154 	-2.22134e-06 	
3.245	0.33219 	-0.169689 	0.537294 	1.94038e-06 	-1.34297 	-2.14946e-06 	
3.25	0.332195 	-0.169654 	0.53726 	1.96553e-06 	-1.34297 	-2.17932e-06 	
3.255	0.332199 	-0.169618 	0.537225 	1.99083e-06 	-1.34297 	-2.20937e-06 	
3.26	0.332204 	-0.169583 	0.53719 	2.01629e-06 	-1.34297 	-2.23961e-06 	
3.265	0.332209 	-0.169547 	0.537156 	2.04191e-06 	-1.34297 	-2.27003e-06 	
3.27	0.332213 	-0.169512 	0.537121 	2.06768e-06 	-1.34297 	-2.30063e-06 	
3.275	0.332218 	-0.169476 	0.537086 	2.0936e-06 	-1.34297 	-2.33142e-06 	
3.28	0.332293 	-0.16944 	0.537064 	1.75235e-06 	-1.34426 	-1.93444e-06 	
3.285	0.332298 	-0.169404 	0.537029 	1.77862e-06 	-1.34426 	-1.96562e-06 	
3.29	0.332303 	-0.169368 	0.536993 	1.80504e-06 	-1.34426 	-1.99696e-06 	
3.295	0.332307 	-0.169332 	0.536958 	1.83159e-06 	-1.34426 	-2.02846e-06 	
3.3	0.332312 	-0.169296 	0.536922 	1.85828e-06 	-1.34426 	-2.06013e-06 	
3.305	0.332317 	-0.169259 	0.536886 	1.8851e-06 	-1.34426 	-2.09195e-06 	
3.31	0.332322 	-0.169223 	0.536851 	1.91205e-06 	-1.34426 	-2.12393e-06 	
3.315	0.332398 	-0.169186 	0.536828 	1.76942e-06 	-1.34557 	-1.95014e-06 	
3.32	0.332403 	-0.16915 	0.536792 	1.79669e-06 	-1.34557 	-1.98247e-06 	
3.325	0.332408 	-0.169113 	0.536756 	1.82407e-06 	-1.34557 	-2.01493e-06 	
3.33	0.332411 	-0.169078 	0.53672 	1.85126e-06 	-1.34557 	-2.04706e-06 	
3.335	0.332416 	-0.169041 	0.536684 	1.87887e-06 	-1.34557 	-2.07979e-06 	
3.34	0.332421 	-0.169004 	0.536648 	1.90659e-06 	-1.34557 	-2.11266e-06 	
3.345	0.332425 	-0.168967 	0.536611 	1.93442e-06 	-1.34557 	-2.14566e-06 	
3.35	0.332503 	-0.16893 	0.536589 	1.82181e-06 	-1.3469 	-2.00542e-06 	
3.355	0.332508 	-0.168893 	0.536552 	1.84992e-06 	-1.3469 	-2.03872e-06 	
3.36	0.332513 	-0.168855 	0.536516 	1.87812e-06 	-1.3469 	-2.07212e-06 	
3.365	0.332517 	-0.168818 	0.536479 	1.90641e-06 	-1.3469 	-2.10564e-06 	
3.37	0.332522 	-0.168781 	0.536442 	1.9348e-06 	-1.3469 	-2.13927e-06 	
3.375	0.332527 	-0.168743 	0.536406 	1.96327e-06 	-1.3469 	-2.173e-06 	
3.38	0.332532 	-0.168706 	0.536369 	1.99182e-06 	-1.3469 	-2.20683e-06 	
3.385	0.332611 	-0.168668 	0.536346 	1.87081e-06 	-1.34824 	-2.05694e-06 	
3.39	0.332616 	-0.168631 	0.536309 	1.8996e-06 	-1.34824 	-2.09101e-06 	
3.395	0.33262 	-0.168593 	0.536272 	1.92846e-06 	-1.34824 	-2.12517e-06 	
3.4	0.332625 	-0.168555 	0.536235 	1.95739e-06 	-1.34824 	-2.15941e-06 	
3.405	0.33263 	-0.168517 	0.536198 	1.98638e-06 	-1.34824 	-2.19373e-06 	
3.41	0.332635 	-0.16848 	0.536161 	2.01544e-06 	-1.34824 	-2.22812e-06 	
3.415	0.33264 	-0.168442 	0.536123 	2.04455e-06 	-1.34824 	-2.26259e-06 	
3.42	0.33272 	-0.168404 	0.536101 	1.90986e-06 	-1.3496 	-2.09736e-06 	
3.425	0.332725 	-0.168366 	0.536063 	1.93916e-06 	-1.3496 	-2.13201e-06 	
3.43	0.33273 	-0.168328 	0.536026 	1.96851e-06 	-1.3496 	-2.16672e-06 	
3.435	0.332734 	-0.16829 	0.535989 	1.9979e-06 	-1.3496 	-2.20147e-06 	
3.44	0.332739 	-0.168252 	0.535951 	2.02733e-06 	-1.3496 	-2.23628e-06 	
3.445	0.332744 	-0.168214 	0.535914 	2.05679e-06 	-1.3496 	-2.27113e-06 	
3.45	0.332749 	-0.168175 	0.535876 	2.0863e-06 	-1.3496 	-2.30602e-06 	
3.455	0.332829 	-0.168137 	0.535854 	1.9377e-06 	-1.35098 	-2.12537e-06 	
3.46	0.332834 	-0.168099 	0.535816 	1.96735e-06 	-1.35098 	-2.16039e-06 	
3.465	0.332839 	-0.168061 	0.535778 	1.997e-06 	-1.35098 	-2.19543e-06 	
3.47	0.33285 	-0.168017 	0.535741 	2.02776e-06 	-1.35098 	-2.23225e-06 	
3.475	0.332855 	-0.167979 	0.535703 	2.05746e-06 	-1.35098 	-2.26735e-06 	
3.48	0.33286 	-0.167941 	0.535666 	2.08717e-06 	-1.35098 	-2.30245e-06 	
3.485	0.332865 	-0.167903 	0.535628 	2.11688e-06 	-1.35098 	-2.33756e-06 	
3.49	0.332945 	-0.167864 	0.535605 	1.95391e-06 	-1.35235 	-2.14056e-06 	
3.495	0.33295 	-0.167826 	0.535568 	1.98371e-06 	-1.35235 	-2.17574e-06 	
3.5	0.332955 	-0.167788 	0.53553 	2.0135e-06 	-1.35235 	-2.21091e-06 	
3.505	0.33296 	-0.16775 	0.535492 	2.04328e-06 	-1.35235 	-2.24607e-06 	
3.51	0.332965 	-0.167711 	0.535455 	2.07306e-06 	-1.35235 	-2.28122e-06 	
3.515	0.33297 	-0.167673 	0.535417 	2.10282e-06 	-1.35235 	-2.31636e-06 	
3.52	0.332975 	-0.167635 	0.535379 	2.13256e-06 	-1.35235 	-2.35147e-06 	
3.525	0.333055 	-0.167596 	0.535357 	1.95821e-06 	-1.35374 	-2.14259e-06 	
3.53	0.33306 	-0.167558 	0.535319 	1.98799e-06 	-1.35374 	-2.17772e-06 	
3.535	0.333065 	-0.16752 	0.535281 	2.01774e-06 	-1.35374 	-2.2128e-06 	
3.54	0.33307 	-0.167482 	0.535244 	2.04745e-06 	-1.35374 	-2.24785e-06 	
3.545	0.333075 	-0.167444 	0.535206 	2.07712e-06 	-1.35374 	-2.28285e-06 	
3.55	0.33308 	-0.167405 	0.535168 	2.10676e-06 	-1.35374 	-2.31781e-06 	
3.555	0.333085 	-0.167367 	0.535131 	2.13635e-06 	-1.35374 	-2.35272e-06 	
3.56	0.333166 	-0.167329 	0.535108 	1.95076e-06 	-1.35511 	-2.13182e-06 	
3.565	0.333171 	-0.167291 	0.535071 	1.98034e-06 	-1.35511 	-2.16668e-06 	
3.57	0.333176 	-0.167253 	0.535033 	2.00986e-06 	-1.35511 	-2.20146e-06 	
3.575	0.333181 	-0.167215 	0.534996 	2.03932e-06 	-1.35511 	-2.23618e-06 	
3.58	0.333186 	-0.167177 	0.534958 	2.06872e-06 	-1.35511 	-2.27083e-06 	
3.585	0.333191 	-0.167139 	0.534921 	2.09805e-06 	-1.35511 	-2.3054e-06 	
3.59	0.333196 	-0.167101 	0.534884 	2.12732e-06 	-1.35511 	-2.33989e-06 	
3.595	0.333276 	-0.167063 	0.534861 	1.93157e-06 	-1.35649 	-2.10826e-06 	
3.6	0.333281 	-0.167025 	0.534824 	1.96078e-06 	-1.35649 	-2.14264e-06 	
3.605	0.333286 	-0.166987 	0.534787 	1.98989e-06 	-1.35649 	-2.17692e-06 	
3.61	0.333289 	-0.166951 	0.53475 	2.01863e-06 	-1.35649 	-2.21064e-06 	
3.615	0.333294 	-0.166913 	0.534712 	2.04757e-06 	-1.35649 	-2.24472e-06 	
3.62	0.333299 	-0.166875 	0.534675 	2.07643e-06 	-1.35649 	-2.27869e-06 	
3.625	0.333304 	-0.166838 	0.534638 	2.10519e-06 	-1.35649 	-2.31256e-06 	
3.63	0.333383 	-0.1668 	0.534616 	1.90088e-06 	-1.35785 	-2.07223e-06 	
3.635	0.333388 	-0.166763 	0.534579 	1.92953e-06 	-1.35785 	-2.10593e-06 	
3.64	0.333393 	-0.166725 	0.534543 	1.95808e-06 	-1.35785 	-2.1395e-06 	
3.645	0.333398 	-0.166688 	0.534506 	1.98651e-06 	-1.35785 	-2.17295e-06 	
3.65	0.333403 	-0.16665 	0.534469 	2.01483e-06 	-1.35785 	-2.20627e-06 	
3.655	0.333408 	-0.166613 	0.534432 	2.04304e-06 	-1.35785 	-2.23946e-06 	
3.66	0.333413 	-0.166576 	0.534395 	2.07113e-06 	-1.35785 	-2.27251e-06 	
3.665	0.333491 	-0.166539 	0.534374 	1.85909e-06 	-1.3592 	-2.02423e-06 	
3.67	0.333496 	-0.166502 	0.534338 	1.88702e-06 	-1.3592 	-2.05706e-06 	
3.675	0.333501 	-0.166465 	0.534301 	1.91482e-06 	-1.3592 	-2.08973e-06 	
3.68	0.333505 	-0.166428 	0.534265 	1.94249e-06 	-1.3592 	-2.12225e-06 	
3.685	0.33351 	-0.166391 	0.534228 	1.97003e-06 	-1.3592 	-2.15462e-06 	
3.69	0.333515 	-0.166355 	0.534192 	1.99743e-06 	-1.3592 	-2.18682e-06 	
3.695	0.33352 	-0.166318 	0.534156 	2.02469e-06 	-1.3592 	-2.21887e-06 	
3.7	0.333597 	-0.166281 	0.534135 	1.80664e-06 	-1.36053 	-1.96478e-06 	
3.705	0.333602 	-0.166245 	0.534099 	1.8337e-06 	-1.36053 	-1.99655e-06 	
3.71	0.333607 	-0.166209 	0.534063 	1.8606e-06 	-1.36053 	-2.02814e-06 	
3.715	0.333612 	-0.166172 	0.534028 	1.88735e-06 	-1.36053 	-2.05955e-06 	
3.72	0.333616 	-0.166136 	0.533992 	1.91395e-06 	-1.36053 	-2.09079e-06 	
3.725	0.333621 	-0.1661 	0.533956 	1.94039e-06 	-1.36053 	-2.12184e-06 	
3.73	0.333626 	-0.166064 	0.533921 	1.96668e-06 	-1.36053 	-2.1527e-06 	
3.735	0.333702 	-0.166028 	0.5339 	1.74421e-06 	-1.36183 	-1.89465e-06 	
3.74	0.333706 	-0.165993 	0.533865 	1.77024e-06 	-1.36183 	-1.92519e-06 	
3.745	0.333711 	-0.165957 	0.53383 	1.7961e-06 	-1.36183 	-1.95553e-06 	
3.75	0.333716 	-0.165922 	0.533795 	1.82179e-06 	-1.36183 	-1.98567e-06 	
3.755	0.33372 	-0.165886 	0.53376 	1.84731e-06 	-1.36183 	-2.01561e-06 	
3.76	0.333725 	-0.165851 	0.533725 	1.87265e-06 	-1.36183 	-2.04534e-06 	
3.765	0.33373 	-0.165816 	0.53369 	1.89781e-06 	-1.36183 	-2.07486e-06 	
3.77	0.333804 	-0.165781 	0.533671 	1.67254e-06 	-1.36311 	-1.81471e-06 	
3.775	0.333809 	-0.165746 	0.533636 	1.69742e-06 	-1.36311 	-1.84387e-06 	
3.78	0.333813 	-0.165711 	0.533602 	1.7221e-06 	-1.36311 	-1.8728e-06 	
3.785	0.333818 	-0.165676 	0.533568 	1.7466e-06 	-1.36311 	-1.90151e-06 	
3.79	0.333822 	-0.165642 	0.533533 	1.7709e-06 	-1.36311 	-1.93001e-06 	
3.795	0.333827 	-0.165607 	0.533499 	1.79501e-06 	-1.36311 	-1.95827e-06 	
3.8	0.333831 	-0.165573 	0.533466 	1.81893e-06 	-1.36311 	-1.98631e-06 	
3.805	0.333836 	-0.165539 	0.533432 	1.84265e-06 	-1.36311 	-2.01412e-06 	
3.81	0.333917 	-0.165505 	0.533415 	1.84444e-06 	-1.36452 	-2.00282e-06 	
3.815	0.333922 	-0.16547 	0.533381 	1.86801e-06 	-1.36452 	-2.0305e-06 	
3.82	0.333927 	-0.165436 	0.533348 	1.89121e-06 	-1.36452 	-2.05767e-06 	
3.825	0.333931 	-0.165403 	0.533315 	1.9142e-06 	-1.36452 	-2.08459e-06 	
3.83	0.333936 	-0.165369 	0.533282 	1.93698e-06 	-1.36452 	-2.11127e-06 	
3.835	0.33394 	-0.165336 	0.533249 	1.95955e-06 	-1.36452 	-2.1377e-06 	
3.84	0.333944 	-0.165303 	0.533216 	1.98191e-06 	-1.36452 	-2.16389e-06 	
3.845	0.333949 	-0.16527 	0.533183 	2.00406e-06 	-1.36452 	-2.18983e-06 	
3.85	0.334028 	-0.165237 	0.533167 	1.77852e-06 	-1.3659 	-1.92949e-06 	
3.855	0.334033 	-0.165204 	0.533135 	1.80032e-06 	-1.3659 	-1.95499e-06 	
3.86	0.334037 	-0.165172 	0.533103 	1.82189e-06 	-1.3659 	-1.98022e-06 	
3.865	0.334041 	-0.16514 	0.533071 	1.84324e-06 	-1.3659 	-2.0052e-06 	
3.87	0.334045 	-0.165107 	0.533039 	1.86437e-06 	-1.3659 	-2.02993e-06 	
3.875	0.334049 	-0.165075 	0.533007 	1.88528e-06 	-1.3659 	-2.05439e-06 	
3.88	0.334054 	-0.165043 	0.532976 	1.90596e-06 	-1.3659 	-2.07859e-06 	
3.885	0.334058 	-0.165012 	0.532944 	1.92643e-06 	-1.3659 	-2.10254e-06 	
3.89	0.334134 	-0.16498 	0.532929 	1.65525e-06 	-1.36723 	-1.79364e-06 	
3.895	0.334139 	-0.164949 	0.532898 	1.67533e-06 	-1.36723 	-1.8171e-06 	
3.9	0.334143 	-0.164918 	0.532867 	1.69517e-06 	-1.36723 	-1.8403e-06 	
3.905	0.334147 	-0.164887 	0.532836 	1.71478e-06 	-1.36723 	-1.86322e-06 	
3.91	0.334151 	-0.164856 	0.532806 	1.73416e-06 	-1.36723 	-1.88588e-06 	
3.915	0.334155 	-0.164825 	0.532776 	1.75331e-06 	-1.36723 	-1.90826e-06 	
3.92	0.334159 	-0.164795 	0.532746 	1.77223e-06 	-1.36723 	-1.93037e-06 	
3.925	0.334163 	-0.164765 	0.532716 	1.79091e-06 	-1.36723 	-1.95222e-06 	
3.93	0.334236 	-0.164735 	0.532701 	1.51731e-06 	-1.3685 	-1.64225e-06 	
3.935	0.33424 	-0.164705 	0.532671 	1.53559e-06 	-1.3685 	-1.66359e-06 	
3.94	0.334244 	-0.164675 	0.532642 	1.55362e-06 	-1.3685 	-1.68465e-06 	
3.945	0.334248 	-0.164645 	0.532613 	1.57141e-06 	-1.3685 	-1.70543e-06 	
3.95	0.334252 	-0.164616 	0.532584 	1.58897e-06 	-1.3685 	-1.72594e-06 	
3.955	0.334255 	-0.164587 	0.532555 	1.60629e-06 	-1.3685 	-1.74617e-06 	
3.96	0.334259 	-0.164558 	0.532526 	1.62338e-06 	-1.3685 	-1.76612e-06 	
3.965	0.334263 	-0.164529 	0.532498 	1.64022e-06 	-1.3685 	-1.78579e-06 	
3.97	0.334267 	-0.164501 	0.53247 	1.65682e-06 	-1.3685 	-1.80519e-06 	
3.975	0.334344 	-0.164473 	0.532458 	1.55918e-06 	-1.36984 	-1.68851e-06 	
3.98	0.334347 	-0.164444 	0.53243 	1.57536e-06 	-1.36984 	-1.70739e-06 	
3.985	0.334351 	-0.164416 	0.532402 	1.5913e-06 	-1.36984 	-1.72598e-06 	
3.99	0.334355 	-0.164389 	0.532375 	1.607e-06 	-1.36984 	-1.7443e-06 	
3.995	0.334358 	-0.164361 	0.532348 	1.62245e-06 	-1.36984 	-1.76233e-06 	
4	0.334362 	-0.164334 	0.532321 	1.63767e-06 	-1.36984 	-1.78009e-06 	
4.005	0.334366 	-0.164307 	0.532294 	1.65265e-06 	-1.36984 	-1.79756e-06 	
4.01	0.334369 	-0.16428 	0.532267 	1.66738e-06 	-1.36984 	-1.81476e-06 	
4.015	0.334373 	-0.164253 	0.532241 	1.68188e-06 	-1.36984 	-1.83168e-06 	
4.02	0.334445 	-0.164227 	0.53223 	1.40846e-06 	-1.37112 	-1.52399e-06 	
4.025	0.334449 	-0.164201 	0.532204 	1.42252e-06 	-1.37112 	-1.54038e-06 	
4.03	0.334452 	-0.164175 	0.532178 	1.43634e-06 	-1.37112 	-1.55649e-06 	
4.035	0.334456 	-0.164149 	0.532153 	1.44993e-06 	-1.37112 	-1.57233e-06 	
4.04	0.334459 	-0.164124 	0.532128 	1.46327e-06 	-1.37112 	-1.58788e-06 	
4.045	0.334462 	-0.164098 	0.532102 	1.47637e-06 	-1.37112 	-1.60316e-06 	
4.05	0.334466 	-0.164073 	0.532078 	1.48924e-06 	-1.37112 	-1.61816e-06 	
4.055	0.334469 	-0.164048 	0.532053 	1.50187e-06 	-1.37112 	-1.63288e-06 	
4.06	0.334472 	-0.164024 	0.532029 	1.51427e-06 	-1.37112 	-1.64733e-06 	
4.065	0.334475 	-0.163999 	0.532005 	1.52642e-06 	-1.37112 	-1.66151e-06 	
4.07	0.334549 	-0.163975 	0.531996 	1.36256e-06 	-1.37241 	-1.47502e-06 	
4.075	0.334556 	-0.163947 	0.531972 	1.37467e-06 	-1.37241 	-1.48932e-06 	
4.08	0.334559 	-0.163924 	0.531949 	1.38617e-06 	-1.37241 	-1.50271e-06 	
4.085	0.334562 	-0.1639 	0.531926 	1.39743e-06 	-1.37241 	-1.51583e-06 	
4.09	0.334565 	-0.163877 	0.531903 	1.40846e-06 	-1.37241 	-1.52867e-06 	
4.095	0.334568 	-0.163854 	0.53188 	1.41926e-06 	-1.37241 	-1.54125e-06 	
4.1	0.334571 	-0.163831 	0.531858 	1.42983e-06 	-1.37241 	-1.55356e-06 	
4.105	0.334574 	-0.163809 	0.531835 	1.44017e-06 	-1.37241 	-1.56561e-06 	
4.11	0.334577 	-0.163787 	0.531813 	1.45029e-06 	-1.37241 	-1.57739e-06 	
4.115	0.33458 	-0.163765 	0.531792 	1.46018e-06 	-1.37241 	-1.58892e-06 	
4.12	0.334583 	-0.163743 	0.53177 	1.46985e-06 	-1.37241 	-1.60018e-06 	
4.125	0.334656 	-0.163721 	0.531764 	1.27434e-06 	-1.3737 	-1.38037e-06 	
4.13	0.334659 	-0.1637 	0.531743 	1.28359e-06 	-1.3737 	-1.39114e-06 	
4.135	0.334661 	-0.163679 	0.531722 	1.29263e-06 	-1.3737 	-1.40165e-06 	
4.14	0.334664 	-0.163659 	0.531702 	1.30144e-06 	-1.3737 	-1.41191e-06 	
4.145	0.334667 	-0.163638 	0.531682 	1.31004e-06 	-1.3737 	-1.42191e-06 	
4.15	0.33467 	-0.163618 	0.531662 	1.31842e-06 	-1.3737 	-1.43167e-06 	
4.155	0.334672 	-0.163598 	0.531642 	1.32659e-06 	-1.3737 	-1.44117e-06 	
4.16	0.334675 	-0.163578 	0.531622 	1.33455e-06 	-1.3737 	-1.45043e-06 	
4.165	0.334677 	-0.163559 	0.531603 	1.3423e-06 	-1.3737 	-1.45945e-06 	
4.17	0.33468 	-0.163539 	0.531584 	1.34984e-06 	-1.3737 	-1.46822e-06 	
4.175	0.334682 	-0.163521 	0.531565 	1.35717e-06 	-1.3737 	-1.47676e-06 	
4.18	0.334685 	-0.163502 	0.531547 	1.3643e-06 	-1.3737 	-1.48506e-06 	
4.185	0.334687 	-0.163484 	0.531529 	1.37123e-06 	-1.3737 	-1.49312e-06 	
4.19	0.334761 	-0.163465 	0.531527 	1.20762e-06 	-1.37502 	-1.31049e-06 	
4.195	0.334764 	-0.163448 	0.531509 	1.21418e-06 	-1.37502 	-1.31811e-06 	
4.2	0.334766 	-0.16343 	0.531491 	1.22054e-06 	-1.37502 	-1.3255e-06 	
4.205	0.334768 	-0.163413 	0.531474 	1.2267e-06 	-1.37502 	-1.33266e-06 	
4.21	0.334771 	-0.163396 	0.531457 	1.23267e-06 	-1.37502 	-1.33961e-06 	
4.215	0.334773 	-0.163379 	0.531441 	1.23846e-06 	-1.37502 	-1.34633e-06 	
4.22	0.334775 	-0.163362 	0.531424 	1.24405e-06 	-1.37502 	-1.35283e-06 	
4.225	0.334777 	-0.163346 	0.531408 	1.24946e-06 	-1.37502 	-1.35912e-06 	
4.23	0.334779 	-0.16333 	0.531393 	1.25469e-06 	-1.37502 	-1.3652e-06 	
4.235	0.334781 	-0.163314 	0.531377 	1.25974e-06 	-1.37502 	-1.37107e-06 	
4.24	0.334783 	-0.163299 	0.531362 	1.26462e-06 	-1.37502 	-1.37674e-06 	
4.245	0.334781 	-0.163289 	0.531347 	1.26891e-06 	-1.37502 	-1.38159e-06 	
4.25	0.334782 	-0.163274 	0.531332 	1.27343e-06 	-1.37502 	-1.38685e-06 	
4.255	0.334784 	-0.163259 	0.531318 	1.27779e-06 	-1.37502 	-1.39192e-06 	
4.26	0.334786 	-0.163245 	0.531303 	1.28198e-06 	-1.37502 	-1.39679e-06 	
4.265	0.334788 	-0.163231 	0.531289 	1.28601e-06 	-1.37502 	-1.40148e-06 	
4.27	0.334861 	-0.163217 	0.531292 	1.06433e-06 	-1.37632 	-1.15844e-06 	
4.275	0.334863 	-0.163204 	0.531278 	1.06806e-06 	-1.37632 	-1.16276e-06 	
4.28	0.334864 	-0.16319 	0.531265 	1.07163e-06 	-1.37632 	-1.16691e-06 	
4.285	0.334866 	-0.163178 	0.531253 	1.07504e-06 	-1.37632 	-1.17087e-06 	
4.29	0.334868 	-0.163165 	0.53124 	1.07831e-06 	-1.37632 	-1.17466e-06 	
4.295	0.334869 	-0.163153 	0.531228 	1.08142e-06 	-1.37632 	-1.17828e-06 	
4.3	0.334871 	-0.163141 	0.531216 	1.0844e-06 	-1.37632 	-1.18174e-06 	
4.305	0.334873 	-0.163129 	0.531204 	1.08723e-06 	-1.37632 	-1.18503e-06 	
4.31	0.334874 	-0.163117 	0.531193 	1.08993e-06 	-1.37632 	-1.18816e-06 	
4.315	0.334876 	-0.163106 	0.531182 	1.09249e-06 	-1.37632 	-1.19114e-06 	
4.32	0.334877 	-0.163095 	0.531171 	1.09492e-06 	-1.37632 	-1.19396e-06 	
4.325	0.334878 	-0.163085 	0.531161 	1.09722e-06 	-1.37632 	-1.19664e-06 	
4.33	0.33488 	-0.163074 	0.53115 	1.0994e-06 	-1.37632 	-1.19916e-06 	
4.335	0.334881 	-0.163064 	0.53114 	1.10146e-06 	-1.37632 	-1.20155e-06 	
4.34	0.334882 	-0.163055 	0.531131 	1.10339e-06 	-1.37632 	-1.2038e-06 	
4.345	0.334884 	-0.163045 	0.531122 	1.10522e-06 	-1.37632 	-1.20592e-06 	
4.35	0.334885 	-0.163036 	0.531112 	1.10693e-06 	-1.37632 	-1.20791e-06 	
4.355	0.334886 	-0.163027 	0.531104 	1.10853e-06 	-1.37632 	-1.20977e-06 	
4.36	0.334887 	-0.163019 	0.531095 	1.11003e-06 	-1.37632 	-1.21151e-06 	
4.365	0.334888 	-0.163011 	0.531087 	1.11142e-06 	-1.37632 	-1.21313e-06 	
4.37	0.334889 	-0.163003 	0.531079 	1.11272e-06 	-1.37632 	-1.21463e-06 	
4.375	0.33489 	-0.162995 	0.531072 	1.11392e-06 	-1.37632 	-1.21603e-06 	
4.38	0.334891 	-0.162988 	0.531064 	1.11503e-06 	-1.37632 	-1.21732e-06 	
4.385	0.334892 	-0.162981 	0.531057 	1.11606e-06 	-1.37632 	-1.21851e-06 	
4.39	0.334893 	-0.162974 	0.531051 	1.11699e-06 	-1.37632 	-1.21959e-06 	
4.395	0.334964 	-0.162967 	0.53106 	8.481e-07 	-1.37761 	-9.30156e-07 	
4.4	0.334965 	-0.162962 	0.531054 	8.48879e-07 	-1.37761 	-9.31058e-07 	
4.405	0.334966 	-0.162956 	0.531049 	8.4972e-07 	-1.37761 	-9.32035e-07 	
4.41	0.334967 	-0.162949 	0.531043 	8.5052e-07 	-1.37761 	-9.3298e-07 	
4.415	0.334968 	-0.162944 	0.531038 	8.51217e-07 	-1.37761 	-9.3379e-07 	
4.42	0.334969 	-0.162939 	0.531033 	8.51834e-07 	-1.37761 	-9.34506e-07 	
4.425	0.334969 	-0.162934 	0.531028 	8.5238e-07 	-1.37761 	-9.35139e-07 	
4.43	0.33497 	-0.16293 	0.531024 	8.52858e-07 	-1.37761 	-9.35694e-07 	
4.435	0.334971 	-0.162926 	0.53102 	8.53273e-07 	-1.37761 	-9.36176e-07 	
4.44	0.334971 	-0.162922 	0.531016 	8.5363e-07 	-1.37761 	-9.3659e-07 	
4.445	0.334972 	-0.162918 	0.531013 	8.53932e-07 	-1.37761 	-9.36941e-07 	
4.45	0.334972 	-0.162915 	0.531009 	8.54185e-07 	-1.37761 	-9.37234e-07 	
4.455	0.334972 	-0.162912 	0.531006 	8.54392e-07 	-1.37761 	-9.37475e-07 	
4.46	0.334973 	-0.162909 	0.531004 	8.54559e-07 	-1.37761 	-9.37668e-07 	
4.465	0.334973 	-0.162907 	0.531002 	8.54689e-07 	-1.37761 	-9.37819e-07 	
4.47	0.334973 	-0.162905 	0.531 	8.54787e-07 	-1.37761 	-9.37933e-07 	
4.475	0.334974 	-0.162904 	0.530998 	8.54858e-07 	-1.37761 	-9.38015e-07 	
4.48	0.334974 	-0.162902 	0.530997 	8.54906e-07 	-1.37761 	-9.38071e-07 	
4.485	0.334974 	-0.162901 	0.530995 	8.54935e-07 	-1.37761 	-9.38105e-07 	
4.49	0.334974 	-0.1629 	0.530995 	8.54951e-07 	-1.37761 	-9.38122e-07 	
4.495	0.334974 	-0.1629 	0.530995 	8.54951e-07 	-1.37761 	-9.38122e-07 	
