0	0.310422 	-0.173767 	0.537006 	0.180348 	-1.45455 	-0.248463 	
0.005	0.310422 	-0.173767 	0.537006 	0.180348 	-1.45455 	-0.248463 	
0.01	0.310422 	-0.173767 	0.537006 	0.180348 	-1.45455 	-0.248463 	
0.015	0.310423 	-0.173767 	0.537006 	0.180348 	-1.45455 	-0.248463 	
0.02	0.310424 	-0.173767 	0.537006 	0.180348 	-1.45455 	-0.248463 	
0.025	0.310426 	-0.173767 	0.537007 	0.180348 	-1.45455 	-0.248463 	
0.03	0.310428 	-0.173767 	0.537007 	0.180348 	-1.45455 	-0.248463 	
0.035	0.310431 	-0.173767 	0.537008 	0.180348 	-1.45455 	-0.248463 	
0.04	0.310435 	-0.173767 	0.537008 	0.180348 	-1.45455 	-0.248463 	
0.045	0.310439 	-0.173768 	0.537009 	0.180348 	-1.45455 	-0.248463 	
0.05	0.310443 	-0.173768 	0.53701 	0.180348 	-1.45455 	-0.248463 	
0.055	0.310448 	-0.173768 	0.537011 	0.180348 	-1.45455 	-0.248463 	
0.06	0.310454 	-0.173768 	0.537012 	0.180348 	-1.45455 	-0.248463 	
0.065	0.31046 	-0.173768 	0.537013 	0.180348 	-1.45455 	-0.248463 	
0.07	0.310467 	-0.173768 	0.537014 	0.180348 	-1.45455 	-0.248463 	
0.075	0.310474 	-0.173768 	0.537015 	0.180348 	-1.45455 	-0.248463 	
0.08	0.310482 	-0.173768 	0.537017 	0.180348 	-1.45455 	-0.248463 	
0.085	0.31049 	-0.173769 	0.537018 	0.180348 	-1.45455 	-0.248463 	
0.09	0.3105 	-0.173769 	0.53702 	0.180348 	-1.45455 	-0.248463 	
0.095	0.310508 	-0.173769 	0.537022 	0.180348 	-1.45455 	-0.248463 	
0.1	0.310519 	-0.173769 	0.537024 	0.180348 	-1.45455 	-0.248463 	
0.105	0.31053 	-0.173769 	0.537026 	0.180348 	-1.45455 	-0.248463 	
0.11	0.310541 	-0.17377 	0.537028 	0.180348 	-1.45455 	-0.248463 	
0.115	0.310552 	-0.17377 	0.53703 	0.180348 	-1.45455 	-0.248463 	
0.12	0.310564 	-0.17377 	0.537032 	0.180348 	-1.45455 	-0.248463 	
0.125	0.310577 	-0.17377 	0.537035 	0.180348 	-1.45455 	-0.248463 	
0.13	0.31059 	-0.173771 	0.537037 	0.180348 	-1.45455 	-0.248463 	
0.135	0.310604 	-0.173771 	0.53704 	0.180348 	-1.45455 	-0.248463 	
0.14	0.310618 	-0.173771 	0.537042 	0.180348 	-1.45455 	-0.248463 	
0.145	0.310633 	-0.173771 	0.537045 	0.180348 	-1.45455 	-0.248463 	
0.15	0.310648 	-0.173772 	0.537048 	0.180348 	-1.45455 	-0.248463 	
0.155	0.310664 	-0.173772 	0.537051 	0.180348 	-1.45455 	-0.248463 	
0.16	0.310681 	-0.173772 	0.537054 	0.180348 	-1.45455 	-0.248463 	
0.165	0.310635 	-0.173757 	0.537038 	0.178721 	-1.45341 	-0.246221 	
0.17	0.310652 	-0.173758 	0.537041 	0.178721 	-1.45341 	-0.246221 	
0.175	0.31067 	-0.173758 	0.537044 	0.178721 	-1.45341 	-0.246221 	
0.18	0.310689 	-0.173758 	0.537048 	0.178721 	-1.45341 	-0.246221 	
0.185	0.310708 	-0.173759 	0.537051 	0.178721 	-1.45341 	-0.246221 	
0.19	0.310728 	-0.173759 	0.537055 	0.178721 	-1.45341 	-0.246221 	
0.195	0.310748 	-0.173759 	0.537059 	0.178721 	-1.45341 	-0.246221 	
0.2	0.310768 	-0.17376 	0.537063 	0.178721 	-1.45341 	-0.246221 	
0.205	0.310789 	-0.17376 	0.537067 	0.178721 	-1.45341 	-0.246221 	
0.21	0.310811 	-0.173761 	0.537071 	0.178721 	-1.45341 	-0.246221 	
0.215	0.310833 	-0.173761 	0.537075 	0.178721 	-1.45341 	-0.246221 	
0.22	0.310856 	-0.173761 	0.537079 	0.178721 	-1.45341 	-0.246221 	
0.225	0.310818 	-0.173747 	0.537064 	0.177117 	-1.45228 	-0.244012 	
0.23	0.310841 	-0.173747 	0.537069 	0.177117 	-1.45228 	-0.244012 	
0.235	0.310866 	-0.173748 	0.537073 	0.177117 	-1.45228 	-0.244012 	
0.24	0.31089 	-0.173748 	0.537078 	0.177117 	-1.45228 	-0.244012 	
0.245	0.310916 	-0.173749 	0.537083 	0.177117 	-1.45228 	-0.244012 	
0.25	0.310942 	-0.173749 	0.537087 	0.177117 	-1.45228 	-0.244012 	
0.255	0.310968 	-0.173749 	0.537092 	0.177117 	-1.45228 	-0.244012 	
0.26	0.310995 	-0.17375 	0.537097 	0.177117 	-1.45228 	-0.244012 	
0.265	0.311022 	-0.17375 	0.537102 	0.177117 	-1.45228 	-0.244012 	
0.27	0.31105 	-0.173751 	0.537107 	0.177117 	-1.45228 	-0.244012 	
0.275	0.311013 	-0.173736 	0.537093 	0.175418 	-1.45109 	-0.241671 	
0.28	0.311042 	-0.173736 	0.537098 	0.175418 	-1.45109 	-0.241671 	
0.285	0.311071 	-0.173737 	0.537104 	0.175418 	-1.45109 	-0.241671 	
0.29	0.311101 	-0.173737 	0.537109 	0.175418 	-1.45109 	-0.241671 	
0.295	0.311132 	-0.173738 	0.537115 	0.175418 	-1.45109 	-0.241671 	
0.3	0.311163 	-0.173738 	0.537121 	0.175418 	-1.45109 	-0.241671 	
0.305	0.311194 	-0.173739 	0.537126 	0.175418 	-1.45109 	-0.241671 	
0.31	0.311226 	-0.173739 	0.537132 	0.175418 	-1.45109 	-0.241671 	
0.315	0.311196 	-0.173725 	0.53712 	0.1738 	-1.44996 	-0.239441 	
0.32	0.311229 	-0.173726 	0.537126 	0.1738 	-1.44996 	-0.239441 	
0.325	0.311263 	-0.173726 	0.537132 	0.1738 	-1.44996 	-0.239441 	
0.33	0.311297 	-0.173727 	0.537138 	0.1738 	-1.44996 	-0.239441 	
0.335	0.311331 	-0.173727 	0.537144 	0.1738 	-1.44996 	-0.239441 	
0.34	0.311366 	-0.173728 	0.537151 	0.1738 	-1.44996 	-0.239441 	
0.345	0.311402 	-0.173728 	0.537157 	0.1738 	-1.44996 	-0.239441 	
0.35	0.311376 	-0.173715 	0.537146 	0.172216 	-1.44885 	-0.237259 	
0.355	0.311413 	-0.173716 	0.537152 	0.172216 	-1.44885 	-0.237259 	
0.36	0.31145 	-0.173716 	0.537159 	0.172216 	-1.44885 	-0.237259 	
0.365	0.311487 	-0.173717 	0.537166 	0.172216 	-1.44885 	-0.237259 	
0.37	0.311525 	-0.173717 	0.537173 	0.172216 	-1.44885 	-0.237259 	
0.375	0.311564 	-0.173718 	0.53718 	0.172216 	-1.44885 	-0.237259 	
0.38	0.311602 	-0.173718 	0.537187 	0.172216 	-1.44885 	-0.237259 	
0.385	0.311575 	-0.173704 	0.537175 	0.170494 	-1.44764 	-0.234886 	
0.39	0.311615 	-0.173704 	0.537182 	0.170494 	-1.44764 	-0.234886 	
0.395	0.311655 	-0.173705 	0.53719 	0.170494 	-1.44764 	-0.234886 	
0.4	0.311696 	-0.173705 	0.537197 	0.170494 	-1.44764 	-0.234886 	
0.405	0.311738 	-0.173706 	0.537205 	0.170494 	-1.44764 	-0.234886 	
0.41	0.311779 	-0.173707 	0.537212 	0.170494 	-1.44764 	-0.234886 	
0.415	0.311759 	-0.173693 	0.537201 	0.16887 	-1.4465 	-0.232649 	
0.42	0.311802 	-0.173694 	0.537209 	0.16887 	-1.4465 	-0.232649 	
0.425	0.311845 	-0.173694 	0.537217 	0.16887 	-1.4465 	-0.232649 	
0.43	0.311888 	-0.173695 	0.537225 	0.16887 	-1.4465 	-0.232649 	
0.435	0.311933 	-0.173695 	0.537233 	0.16887 	-1.4465 	-0.232649 	
0.44	0.311977 	-0.173696 	0.537241 	0.16887 	-1.4465 	-0.232649 	
0.445	0.311956 	-0.173682 	0.53723 	0.167156 	-1.4453 	-0.230288 	
0.45	0.312001 	-0.173683 	0.537238 	0.167156 	-1.4453 	-0.230288 	
0.455	0.312047 	-0.173683 	0.537247 	0.167156 	-1.4453 	-0.230288 	
0.46	0.312094 	-0.173684 	0.537255 	0.167156 	-1.4453 	-0.230288 	
0.465	0.312141 	-0.173684 	0.537264 	0.167156 	-1.4453 	-0.230288 	
0.47	0.312188 	-0.173685 	0.537273 	0.167156 	-1.4453 	-0.230288 	
0.475	0.312165 	-0.17367 	0.537261 	0.165336 	-1.44402 	-0.22778 	
0.48	0.312214 	-0.173671 	0.537269 	0.165336 	-1.44402 	-0.22778 	
0.485	0.312262 	-0.173671 	0.537278 	0.165336 	-1.44402 	-0.22778 	
0.49	0.312312 	-0.173672 	0.537287 	0.165336 	-1.44402 	-0.22778 	
0.495	0.312361 	-0.173672 	0.537296 	0.165336 	-1.44402 	-0.22778 	
0.5	0.312348 	-0.17366 	0.537287 	0.163706 	-1.44288 	-0.225535 	
0.505	0.312399 	-0.17366 	0.537296 	0.163706 	-1.44288 	-0.225535 	
0.51	0.31245 	-0.173661 	0.537306 	0.163706 	-1.44288 	-0.225535 	
0.515	0.312501 	-0.173661 	0.537315 	0.163706 	-1.44288 	-0.225535 	
0.52	0.312553 	-0.173662 	0.537325 	0.163706 	-1.44288 	-0.225535 	
0.525	0.31254 	-0.173649 	0.537315 	0.162031 	-1.4417 	-0.223227 	
0.53	0.312593 	-0.173649 	0.537325 	0.162031 	-1.4417 	-0.223227 	
0.535	0.312646 	-0.17365 	0.537334 	0.162031 	-1.4417 	-0.223227 	
0.54	0.312699 	-0.17365 	0.537344 	0.162031 	-1.4417 	-0.223227 	
0.545	0.312753 	-0.173651 	0.537354 	0.162031 	-1.4417 	-0.223227 	
0.55	0.31274 	-0.173638 	0.537344 	0.160288 	-1.44048 	-0.220826 	
0.555	0.312795 	-0.173638 	0.537354 	0.160288 	-1.44048 	-0.220826 	
0.56	0.31285 	-0.173638 	0.537364 	0.160288 	-1.44048 	-0.220826 	
0.565	0.312906 	-0.173639 	0.537374 	0.160288 	-1.44048 	-0.220826 	
0.57	0.312962 	-0.173639 	0.537385 	0.160288 	-1.44048 	-0.220826 	
0.575	0.312948 	-0.173626 	0.537374 	0.158476 	-1.43921 	-0.21833 	
0.58	0.313005 	-0.173626 	0.537385 	0.158476 	-1.43921 	-0.21833 	
0.585	0.313062 	-0.173626 	0.537395 	0.158476 	-1.43921 	-0.21833 	
0.59	0.31312 	-0.173627 	0.537406 	0.158476 	-1.43921 	-0.21833 	
0.595	0.313178 	-0.173627 	0.537416 	0.158476 	-1.43921 	-0.21833 	
0.6	0.313163 	-0.173614 	0.537406 	0.156597 	-1.43789 	-0.215741 	
0.605	0.313222 	-0.173614 	0.537417 	0.156597 	-1.43789 	-0.215741 	
0.61	0.313282 	-0.173614 	0.537427 	0.156597 	-1.43789 	-0.215741 	
0.615	0.313342 	-0.173614 	0.537438 	0.156597 	-1.43789 	-0.215741 	
0.62	0.31334 	-0.173603 	0.537431 	0.155008 	-1.43678 	-0.213552 	
0.625	0.3134 	-0.173603 	0.537442 	0.155008 	-1.43678 	-0.213552 	
0.63	0.313461 	-0.173604 	0.537453 	0.155008 	-1.43678 	-0.213552 	
0.635	0.313523 	-0.173604 	0.537464 	0.155008 	-1.43678 	-0.213552 	
0.64	0.313522 	-0.173593 	0.537458 	0.153412 	-1.43566 	-0.211354 	
0.645	0.313584 	-0.173593 	0.537469 	0.153412 	-1.43566 	-0.211354 	
0.65	0.313647 	-0.173593 	0.53748 	0.153412 	-1.43566 	-0.211354 	
0.655	0.313709 	-0.173593 	0.537492 	0.153412 	-1.43566 	-0.211354 	
0.66	0.313709 	-0.173582 	0.537485 	0.15178 	-1.43452 	-0.209105 	
0.665	0.313772 	-0.173582 	0.537497 	0.15178 	-1.43452 	-0.209105 	
0.67	0.313836 	-0.173582 	0.537508 	0.15178 	-1.43452 	-0.209105 	
0.675	0.313901 	-0.173583 	0.53752 	0.15178 	-1.43452 	-0.209105 	
0.68	0.3139 	-0.173571 	0.537513 	0.150109 	-1.43335 	-0.206803 	
0.685	0.313965 	-0.173572 	0.537525 	0.150109 	-1.43335 	-0.206803 	
0.69	0.314031 	-0.173572 	0.537536 	0.150109 	-1.43335 	-0.206803 	
0.695	0.314096 	-0.173571 	0.537548 	0.150109 	-1.43335 	-0.206803 	
0.7	0.314096 	-0.17356 	0.537541 	0.148401 	-1.43215 	-0.204449 	
0.705	0.314162 	-0.17356 	0.537553 	0.148401 	-1.43215 	-0.204449 	
0.71	0.314229 	-0.17356 	0.537565 	0.148401 	-1.43215 	-0.204449 	
0.715	0.314296 	-0.17356 	0.537578 	0.148401 	-1.43215 	-0.204449 	
0.72	0.314295 	-0.173549 	0.53757 	0.146656 	-1.43092 	-0.202045 	
0.725	0.314363 	-0.173549 	0.537583 	0.146656 	-1.43092 	-0.202045 	
0.73	0.314432 	-0.173549 	0.537595 	0.146656 	-1.43092 	-0.202045 	
0.735	0.3145 	-0.173549 	0.537607 	0.146656 	-1.43092 	-0.202045 	
0.74	0.314499 	-0.173538 	0.5376 	0.144875 	-1.42968 	-0.199592 	
0.745	0.314568 	-0.173537 	0.537613 	0.144875 	-1.42968 	-0.199592 	
0.75	0.314638 	-0.173537 	0.537625 	0.144875 	-1.42968 	-0.199592 	
0.755	0.314708 	-0.173537 	0.537638 	0.144875 	-1.42968 	-0.199592 	
0.76	0.314707 	-0.173526 	0.53763 	0.14306 	-1.4284 	-0.197092 	
0.765	0.314777 	-0.173525 	0.537643 	0.14306 	-1.4284 	-0.197092 	
0.77	0.314848 	-0.173525 	0.537656 	0.14306 	-1.4284 	-0.197092 	
0.775	0.314919 	-0.173525 	0.537668 	0.14306 	-1.4284 	-0.197092 	
0.78	0.314918 	-0.173514 	0.537661 	0.141212 	-1.42711 	-0.194545 	
0.785	0.31499 	-0.173513 	0.537674 	0.141212 	-1.42711 	-0.194545 	
0.79	0.315062 	-0.173513 	0.537687 	0.141212 	-1.42711 	-0.194545 	
0.795	0.315135 	-0.173512 	0.5377 	0.141212 	-1.42711 	-0.194545 	
0.8	0.315133 	-0.173502 	0.537692 	0.139332 	-1.42579 	-0.191955 	
0.805	0.315206 	-0.173501 	0.537705 	0.139332 	-1.42579 	-0.191955 	
0.81	0.31528 	-0.1735 	0.537719 	0.139332 	-1.42579 	-0.191955 	
0.815	0.315353 	-0.1735 	0.537732 	0.139332 	-1.42579 	-0.191955 	
0.82	0.315352 	-0.173489 	0.537724 	0.13742 	-1.42445 	-0.189322 	
0.825	0.315426 	-0.173488 	0.537737 	0.13742 	-1.42445 	-0.189322 	
0.83	0.315501 	-0.173488 	0.537751 	0.13742 	-1.42445 	-0.189322 	
0.835	0.315575 	-0.173487 	0.537764 	0.13742 	-1.42445 	-0.189322 	
0.84	0.315574 	-0.173476 	0.537757 	0.135479 	-1.42309 	-0.186648 	
0.845	0.315649 	-0.173476 	0.53777 	0.135479 	-1.42309 	-0.186648 	
0.85	0.315725 	-0.173475 	0.537783 	0.135479 	-1.42309 	-0.186648 	
0.855	0.315801 	-0.173474 	0.537797 	0.135479 	-1.42309 	-0.186648 	
0.86	0.315799 	-0.173464 	0.537789 	0.13351 	-1.42171 	-0.183934 	
0.865	0.315876 	-0.173463 	0.537803 	0.13351 	-1.42171 	-0.183934 	
0.87	0.315952 	-0.173462 	0.537817 	0.13351 	-1.42171 	-0.183934 	
0.875	0.316029 	-0.173461 	0.53783 	0.13351 	-1.42171 	-0.183934 	
0.88	0.316028 	-0.173451 	0.537823 	0.131513 	-1.42031 	-0.181183 	
0.885	0.316105 	-0.17345 	0.537836 	0.131513 	-1.42031 	-0.181183 	
0.89	0.316183 	-0.173449 	0.53785 	0.131513 	-1.42031 	-0.181183 	
0.895	0.316199 	-0.173441 	0.537847 	0.129947 	-1.41921 	-0.179026 	
0.9	0.316277 	-0.17344 	0.537861 	0.129947 	-1.41921 	-0.179026 	
0.905	0.316355 	-0.173439 	0.537875 	0.129947 	-1.41921 	-0.179026 	
0.91	0.316434 	-0.173437 	0.537889 	0.129947 	-1.41921 	-0.179026 	
0.915	0.316434 	-0.173428 	0.537882 	0.127952 	-1.41781 	-0.176277 	
0.92	0.316513 	-0.173426 	0.537896 	0.127952 	-1.41781 	-0.176277 	
0.925	0.316592 	-0.173425 	0.53791 	0.127952 	-1.41781 	-0.176277 	
0.93	0.316609 	-0.173417 	0.537907 	0.126357 	-1.41669 	-0.174081 	
0.935	0.316689 	-0.173416 	0.537921 	0.126357 	-1.41669 	-0.174081 	
0.94	0.316769 	-0.173415 	0.537935 	0.126357 	-1.41669 	-0.174081 	
0.945	0.316787 	-0.173407 	0.537933 	0.124793 	-1.41559 	-0.171925 	
0.95	0.316867 	-0.173406 	0.537947 	0.124793 	-1.41559 	-0.171925 	
0.955	0.316948 	-0.173404 	0.537961 	0.124793 	-1.41559 	-0.171925 	
0.96	0.316967 	-0.173397 	0.537959 	0.12322 	-1.41449 	-0.169758 	
0.965	0.317048 	-0.173396 	0.537973 	0.12322 	-1.41449 	-0.169758 	
0.97	0.317129 	-0.173394 	0.537987 	0.12322 	-1.41449 	-0.169758 	
0.975	0.317147 	-0.173387 	0.537985 	0.121636 	-1.41338 	-0.167575 	
0.98	0.317229 	-0.173385 	0.538 	0.121636 	-1.41338 	-0.167575 	
0.985	0.317311 	-0.173384 	0.538014 	0.121636 	-1.41338 	-0.167575 	
0.99	0.31733 	-0.173376 	0.538012 	0.12004 	-1.41226 	-0.165378 	
0.995	0.317412 	-0.173375 	0.538026 	0.12004 	-1.41226 	-0.165378 	
1	0.317494 	-0.173373 	0.538041 	0.12004 	-1.41226 	-0.165378 	
1.005	0.317513 	-0.173366 	0.538038 	0.118435 	-1.41114 	-0.163166 	
1.01	0.317596 	-0.173364 	0.538053 	0.118435 	-1.41114 	-0.163166 	
1.015	0.317679 	-0.173362 	0.538067 	0.118435 	-1.41114 	-0.163166 	
1.02	0.317698 	-0.173355 	0.538065 	0.116819 	-1.41 	-0.16094 	
1.025	0.317781 	-0.173354 	0.53808 	0.116819 	-1.41 	-0.16094 	
1.03	0.317864 	-0.173352 	0.538094 	0.116819 	-1.41 	-0.16094 	
1.035	0.317883 	-0.173345 	0.538092 	0.115194 	-1.40886 	-0.158701 	
1.04	0.317967 	-0.173343 	0.538107 	0.115194 	-1.40886 	-0.158701 	
1.045	0.318051 	-0.173341 	0.538122 	0.115194 	-1.40886 	-0.158701 	
1.05	0.31807 	-0.173334 	0.538119 	0.11356 	-1.40772 	-0.15645 	
1.055	0.318154 	-0.173332 	0.538134 	0.11356 	-1.40772 	-0.15645 	
1.06	0.318238 	-0.17333 	0.538149 	0.11356 	-1.40772 	-0.15645 	
1.065	0.318257 	-0.173324 	0.538147 	0.111918 	-1.40657 	-0.154187 	
1.07	0.318342 	-0.173321 	0.538161 	0.111918 	-1.40657 	-0.154187 	
1.075	0.318426 	-0.173319 	0.538176 	0.111918 	-1.40657 	-0.154187 	
1.08	0.318446 	-0.173313 	0.538174 	0.110268 	-1.40541 	-0.151914 	
1.085	0.318531 	-0.173311 	0.538189 	0.110268 	-1.40541 	-0.151914 	
1.09	0.318616 	-0.173308 	0.538204 	0.110268 	-1.40541 	-0.151914 	
1.095	0.318635 	-0.173302 	0.538202 	0.10861 	-1.40425 	-0.149631 	
1.1	0.31872 	-0.1733 	0.538216 	0.10861 	-1.40425 	-0.149631 	
1.105	0.318805 	-0.173297 	0.538231 	0.10861 	-1.40425 	-0.149631 	
1.11	0.318825 	-0.173291 	0.538229 	0.106947 	-1.40308 	-0.147339 	
1.115	0.31891 	-0.173289 	0.538244 	0.106947 	-1.40308 	-0.147339 	
1.12	0.318996 	-0.173286 	0.538259 	0.106947 	-1.40308 	-0.147339 	
1.125	0.319015 	-0.173281 	0.538257 	0.105277 	-1.40191 	-0.145039 	
1.13	0.319101 	-0.173278 	0.538272 	0.105277 	-1.40191 	-0.145039 	
1.135	0.319187 	-0.173275 	0.538287 	0.105277 	-1.40191 	-0.145039 	
1.14	0.319207 	-0.17327 	0.538285 	0.103602 	-1.40074 	-0.142731 	
1.145	0.319293 	-0.173267 	0.5383 	0.103602 	-1.40074 	-0.142731 	
1.15	0.319379 	-0.173264 	0.538315 	0.103602 	-1.40074 	-0.142731 	
1.155	0.319398 	-0.173259 	0.538313 	0.101923 	-1.39956 	-0.140417 	
1.16	0.319485 	-0.173256 	0.538328 	0.101923 	-1.39956 	-0.140417 	
1.165	0.319571 	-0.173253 	0.538342 	0.101923 	-1.39956 	-0.140417 	
1.17	0.319591 	-0.173248 	0.538341 	0.100239 	-1.39838 	-0.138097 	
1.175	0.319677 	-0.173245 	0.538356 	0.100239 	-1.39838 	-0.138097 	
1.18	0.319764 	-0.173242 	0.53837 	0.100239 	-1.39838 	-0.138097 	
1.185	0.319783 	-0.173237 	0.538369 	0.0985515 	-1.3972 	-0.135773 	
1.19	0.31987 	-0.173234 	0.538384 	0.0985515 	-1.3972 	-0.135773 	
1.195	0.319957 	-0.173231 	0.538398 	0.0985515 	-1.3972 	-0.135773 	
1.2	0.319976 	-0.173226 	0.538397 	0.0968612 	-1.39601 	-0.133444 	
1.205	0.320063 	-0.173223 	0.538412 	0.0968612 	-1.39601 	-0.133444 	
1.21	0.32015 	-0.17322 	0.538427 	0.0968612 	-1.39601 	-0.133444 	
1.215	0.320169 	-0.173215 	0.538425 	0.0951685 	-1.39482 	-0.131112 	
1.22	0.320256 	-0.173212 	0.53844 	0.0951685 	-1.39482 	-0.131112 	
1.225	0.320343 	-0.173208 	0.538455 	0.0951685 	-1.39482 	-0.131112 	
1.23	0.320363 	-0.173204 	0.538453 	0.093474 	-1.39364 	-0.128778 	
1.235	0.32045 	-0.173201 	0.538468 	0.093474 	-1.39364 	-0.128778 	
1.24	0.320537 	-0.173197 	0.538483 	0.093474 	-1.39364 	-0.128778 	
1.245	0.320556 	-0.173193 	0.538481 	0.0917783 	-1.39245 	-0.126441 	
1.25	0.320643 	-0.173189 	0.538496 	0.0917783 	-1.39245 	-0.126441 	
1.255	0.32073 	-0.173186 	0.538511 	0.0917783 	-1.39245 	-0.126441 	
1.26	0.32075 	-0.173182 	0.538509 	0.0900821 	-1.39126 	-0.124105 	
1.265	0.320837 	-0.173178 	0.538524 	0.0900821 	-1.39126 	-0.124105 	
1.27	0.320924 	-0.173175 	0.538539 	0.0900821 	-1.39126 	-0.124105 	
1.275	0.320943 	-0.173171 	0.538537 	0.0883859 	-1.39007 	-0.121768 	
1.28	0.32103 	-0.173167 	0.538552 	0.0883859 	-1.39007 	-0.121768 	
1.285	0.321117 	-0.173164 	0.538567 	0.0883859 	-1.39007 	-0.121768 	
1.29	0.321137 	-0.17316 	0.538566 	0.0866904 	-1.38888 	-0.119432 	
1.295	0.321224 	-0.173156 	0.53858 	0.0866904 	-1.38888 	-0.119432 	
1.3	0.321311 	-0.173152 	0.538595 	0.0866904 	-1.38888 	-0.119432 	
1.305	0.32133 	-0.173149 	0.538594 	0.0849961 	-1.38769 	-0.117098 	
1.31	0.321417 	-0.173145 	0.538608 	0.0849961 	-1.38769 	-0.117098 	
1.315	0.321504 	-0.173141 	0.538623 	0.0849961 	-1.38769 	-0.117098 	
1.32	0.321523 	-0.173138 	0.538622 	0.0833036 	-1.38651 	-0.114766 	
1.325	0.32161 	-0.173134 	0.538636 	0.0833036 	-1.38651 	-0.114766 	
1.33	0.321697 	-0.17313 	0.538651 	0.0833036 	-1.38651 	-0.114766 	
1.335	0.321716 	-0.173127 	0.53865 	0.0816135 	-1.38532 	-0.112438 	
1.34	0.321803 	-0.173123 	0.538664 	0.0816135 	-1.38532 	-0.112438 	
1.345	0.321889 	-0.173119 	0.538679 	0.0816135 	-1.38532 	-0.112438 	
1.35	0.321908 	-0.173116 	0.538678 	0.0799265 	-1.38414 	-0.110113 	
1.355	0.321995 	-0.173112 	0.538692 	0.0799265 	-1.38414 	-0.110113 	
1.36	0.322081 	-0.173108 	0.538707 	0.0799265 	-1.38414 	-0.110113 	
1.365	0.3221 	-0.173105 	0.538706 	0.0782431 	-1.38296 	-0.107794 	
1.37	0.322187 	-0.173101 	0.53872 	0.0782431 	-1.38296 	-0.107794 	
1.375	0.322273 	-0.173097 	0.538735 	0.0782431 	-1.38296 	-0.107794 	
1.38	0.322292 	-0.173094 	0.538734 	0.0765639 	-1.38178 	-0.105481 	
1.385	0.322378 	-0.17309 	0.538748 	0.0765639 	-1.38178 	-0.105481 	
1.39	0.322464 	-0.173086 	0.538763 	0.0765639 	-1.38178 	-0.105481 	
1.395	0.322483 	-0.173083 	0.538761 	0.0748895 	-1.38061 	-0.103174 	
1.4	0.322569 	-0.173079 	0.538776 	0.0748895 	-1.38061 	-0.103174 	
1.405	0.322654 	-0.173074 	0.53879 	0.0748895 	-1.38061 	-0.103174 	
1.41	0.322673 	-0.173072 	0.538789 	0.0732206 	-1.37944 	-0.100875 	
1.415	0.322759 	-0.173068 	0.538803 	0.0732206 	-1.37944 	-0.100875 	
1.42	0.322844 	-0.173063 	0.538818 	0.0732206 	-1.37944 	-0.100875 	
1.425	0.322863 	-0.173062 	0.538817 	0.0715576 	-1.37827 	-0.0985836 	
1.43	0.322948 	-0.173057 	0.538831 	0.0715576 	-1.37827 	-0.0985836 	
1.435	0.323033 	-0.173053 	0.538845 	0.0715576 	-1.37827 	-0.0985836 	
1.44	0.323052 	-0.173051 	0.538844 	0.0699012 	-1.37711 	-0.0963017 	
1.445	0.323137 	-0.173046 	0.538858 	0.0699012 	-1.37711 	-0.0963017 	
1.45	0.323221 	-0.173042 	0.538872 	0.0699012 	-1.37711 	-0.0963017 	
1.455	0.32324 	-0.17304 	0.538871 	0.068252 	-1.37595 	-0.0940296 	
1.46	0.323324 	-0.173036 	0.538886 	0.068252 	-1.37595 	-0.0940296 	
1.465	0.323408 	-0.173031 	0.5389 	0.068252 	-1.37595 	-0.0940296 	
1.47	0.323427 	-0.17303 	0.538899 	0.0666106 	-1.3748 	-0.0917682 	
1.475	0.323511 	-0.173025 	0.538913 	0.0666106 	-1.3748 	-0.0917682 	
1.48	0.323595 	-0.17302 	0.538927 	0.0666106 	-1.3748 	-0.0917682 	
1.485	0.323613 	-0.173019 	0.538926 	0.0649775 	-1.37366 	-0.0895183 	
1.49	0.323697 	-0.173014 	0.53894 	0.0649775 	-1.37366 	-0.0895183 	
1.495	0.32378 	-0.173009 	0.538954 	0.0649775 	-1.37366 	-0.0895183 	
1.5	0.323798 	-0.173008 	0.538953 	0.0633533 	-1.37252 	-0.0872807 	
1.505	0.323881 	-0.173004 	0.538966 	0.0633533 	-1.37252 	-0.0872807 	
1.51	0.323964 	-0.172999 	0.53898 	0.0633533 	-1.37252 	-0.0872807 	
1.515	0.323982 	-0.172998 	0.538979 	0.0617386 	-1.37139 	-0.0850561 	
1.52	0.324065 	-0.172993 	0.538993 	0.0617386 	-1.37139 	-0.0850561 	
1.525	0.324147 	-0.172988 	0.539007 	0.0617386 	-1.37139 	-0.0850561 	
1.53	0.324165 	-0.172988 	0.539006 	0.0601339 	-1.37026 	-0.0828454 	
1.535	0.324247 	-0.172983 	0.53902 	0.0601339 	-1.37026 	-0.0828454 	
1.54	0.324329 	-0.172978 	0.539033 	0.0601339 	-1.37026 	-0.0828454 	
1.545	0.324347 	-0.172977 	0.539033 	0.0585399 	-1.36914 	-0.0806494 	
1.55	0.324428 	-0.172972 	0.539046 	0.0585399 	-1.36914 	-0.0806494 	
1.555	0.32451 	-0.172967 	0.539059 	0.0585399 	-1.36914 	-0.0806494 	
1.56	0.324528 	-0.172967 	0.539059 	0.0569571 	-1.36803 	-0.0784688 	
1.565	0.324608 	-0.172962 	0.539072 	0.0569571 	-1.36803 	-0.0784688 	
1.57	0.324689 	-0.172957 	0.539085 	0.0569571 	-1.36803 	-0.0784688 	
1.575	0.324707 	-0.172957 	0.539085 	0.055386 	-1.36693 	-0.0763044 	
1.58	0.324787 	-0.172952 	0.539098 	0.055386 	-1.36693 	-0.0763044 	
1.585	0.324867 	-0.172946 	0.539111 	0.055386 	-1.36693 	-0.0763044 	
1.59	0.324884 	-0.172947 	0.539111 	0.0538273 	-1.36584 	-0.0741569 	
1.595	0.324964 	-0.172941 	0.539124 	0.0538273 	-1.36584 	-0.0741569 	
1.6	0.325043 	-0.172936 	0.539137 	0.0538273 	-1.36584 	-0.0741569 	
1.605	0.32506 	-0.172937 	0.539136 	0.0522814 	-1.36475 	-0.0720271 	
1.61	0.325139 	-0.172931 	0.539149 	0.0522814 	-1.36475 	-0.0720271 	
1.615	0.325218 	-0.172926 	0.539162 	0.0522814 	-1.36475 	-0.0720271 	
1.62	0.325235 	-0.172927 	0.539162 	0.0507489 	-1.36368 	-0.0699159 	
1.625	0.325313 	-0.172921 	0.539174 	0.0507489 	-1.36368 	-0.0699159 	
1.63	0.325391 	-0.172916 	0.539187 	0.0507489 	-1.36368 	-0.0699159 	
1.635	0.325469 	-0.172911 	0.5392 	0.0507489 	-1.36368 	-0.0699159 	
1.64	0.325467 	-0.172913 	0.539196 	0.0487794 	-1.3623 	-0.0672024 	
1.645	0.325545 	-0.172908 	0.539208 	0.0487794 	-1.3623 	-0.0672024 	
1.65	0.325621 	-0.172903 	0.539221 	0.0487794 	-1.3623 	-0.0672024 	
1.655	0.325636 	-0.172904 	0.53922 	0.0472336 	-1.36122 	-0.0650729 	
1.66	0.325713 	-0.172899 	0.539233 	0.0472336 	-1.36122 	-0.0650729 	
1.665	0.325789 	-0.172893 	0.539245 	0.0472336 	-1.36122 	-0.0650729 	
1.67	0.325865 	-0.172888 	0.539257 	0.0472336 	-1.36122 	-0.0650729 	
1.675	0.325863 	-0.172891 	0.539253 	0.0453046 	-1.35986 	-0.0624152 	
1.68	0.325938 	-0.172886 	0.539265 	0.0453046 	-1.35986 	-0.0624152 	
1.685	0.326013 	-0.17288 	0.539278 	0.0453046 	-1.35986 	-0.0624152 	
1.69	0.326088 	-0.172875 	0.53929 	0.0453046 	-1.35986 	-0.0624152 	
1.695	0.326085 	-0.172878 	0.539285 	0.0433618 	-1.3585 	-0.0597386 	
1.7	0.326159 	-0.172873 	0.539297 	0.0433618 	-1.3585 	-0.0597386 	
1.705	0.326233 	-0.172867 	0.539309 	0.0433618 	-1.3585 	-0.0597386 	
1.71	0.326307 	-0.172862 	0.539321 	0.0433618 	-1.3585 	-0.0597386 	
1.715	0.326304 	-0.172866 	0.539317 	0.0414441 	-1.35716 	-0.0570967 	
1.72	0.326376 	-0.17286 	0.539329 	0.0414441 	-1.35716 	-0.0570967 	
1.725	0.326449 	-0.172855 	0.539341 	0.0414441 	-1.35716 	-0.0570967 	
1.73	0.326521 	-0.17285 	0.539353 	0.0414441 	-1.35716 	-0.0570967 	
1.735	0.326518 	-0.172854 	0.539348 	0.0395567 	-1.35583 	-0.0544964 	
1.74	0.32659 	-0.172848 	0.53936 	0.0395567 	-1.35583 	-0.0544964 	
1.745	0.326661 	-0.172843 	0.539372 	0.0395567 	-1.35583 	-0.0544964 	
1.75	0.326733 	-0.172837 	0.539383 	0.0395567 	-1.35583 	-0.0544964 	
1.755	0.32673 	-0.172842 	0.539379 	0.037701 	-1.35453 	-0.0519399 	
1.76	0.3268 	-0.172836 	0.539391 	0.037701 	-1.35453 	-0.0519399 	
1.765	0.32687 	-0.172831 	0.539402 	0.037701 	-1.35453 	-0.0519399 	
1.77	0.32694 	-0.172825 	0.539413 	0.037701 	-1.35453 	-0.0519399 	
1.775	0.326937 	-0.17283 	0.539409 	0.0358784 	-1.35325 	-0.0494288 	
1.78	0.327006 	-0.172824 	0.53942 	0.0358784 	-1.35325 	-0.0494288 	
1.785	0.327075 	-0.172819 	0.539432 	0.0358784 	-1.35325 	-0.0494288 	
1.79	0.327143 	-0.172814 	0.539443 	0.0358784 	-1.35325 	-0.0494288 	
1.795	0.32714 	-0.172818 	0.539439 	0.0340899 	-1.352 	-0.0469649 	
1.8	0.327208 	-0.172813 	0.53945 	0.0340899 	-1.352 	-0.0469649 	
1.805	0.327276 	-0.172808 	0.539461 	0.0340899 	-1.352 	-0.0469649 	
1.81	0.327343 	-0.172802 	0.539471 	0.0340899 	-1.352 	-0.0469649 	
1.815	0.32734 	-0.172807 	0.539468 	0.0323367 	-1.35077 	-0.0445495 	
1.82	0.327406 	-0.172802 	0.539479 	0.0323367 	-1.35077 	-0.0445495 	
1.825	0.327472 	-0.172796 	0.539489 	0.0323367 	-1.35077 	-0.0445495 	
1.83	0.327538 	-0.172791 	0.5395 	0.0323367 	-1.35077 	-0.0445495 	
1.835	0.327535 	-0.172796 	0.539496 	0.0306198 	-1.34957 	-0.0421843 	
1.84	0.3276 	-0.17279 	0.539507 	0.0306198 	-1.34957 	-0.0421843 	
1.845	0.327665 	-0.172785 	0.539517 	0.0306198 	-1.34957 	-0.0421843 	
1.85	0.327729 	-0.17278 	0.539527 	0.0306198 	-1.34957 	-0.0421843 	
1.855	0.327726 	-0.172785 	0.539524 	0.0289405 	-1.34839 	-0.0398706 	
1.86	0.32779 	-0.17278 	0.539534 	0.0289405 	-1.34839 	-0.0398706 	
1.865	0.327853 	-0.172774 	0.539544 	0.0289405 	-1.34839 	-0.0398706 	
1.87	0.327915 	-0.172769 	0.539554 	0.0289405 	-1.34839 	-0.0398706 	
1.875	0.327913 	-0.172774 	0.539551 	0.0272996 	-1.34724 	-0.0376101 	
1.88	0.327975 	-0.172769 	0.539561 	0.0272996 	-1.34724 	-0.0376101 	
1.885	0.328036 	-0.172764 	0.539571 	0.0272996 	-1.34724 	-0.0376101 	
1.89	0.328097 	-0.172759 	0.539581 	0.0272996 	-1.34724 	-0.0376101 	
1.895	0.328095 	-0.172764 	0.539578 	0.0256983 	-1.34612 	-0.035404 	
1.9	0.328155 	-0.172759 	0.539587 	0.0256983 	-1.34612 	-0.035404 	
1.905	0.328215 	-0.172754 	0.539597 	0.0256983 	-1.34612 	-0.035404 	
1.91	0.328275 	-0.172749 	0.539606 	0.0256983 	-1.34612 	-0.035404 	
1.915	0.328272 	-0.172754 	0.539603 	0.0241376 	-1.34502 	-0.0332539 	
1.92	0.328331 	-0.172749 	0.539613 	0.0241376 	-1.34502 	-0.0332539 	
1.925	0.328389 	-0.172744 	0.539622 	0.0241376 	-1.34502 	-0.0332539 	
1.93	0.328447 	-0.172739 	0.539631 	0.0241376 	-1.34502 	-0.0332539 	
1.935	0.328445 	-0.172744 	0.539629 	0.0226184 	-1.34396 	-0.0311609 	
1.94	0.328502 	-0.172739 	0.539638 	0.0226184 	-1.34396 	-0.0311609 	
1.945	0.328559 	-0.172734 	0.539647 	0.0226184 	-1.34396 	-0.0311609 	
1.95	0.328615 	-0.172729 	0.539656 	0.0226184 	-1.34396 	-0.0311609 	
1.955	0.328671 	-0.172724 	0.539665 	0.0226184 	-1.34396 	-0.0311609 	
1.96	0.328655 	-0.172732 	0.539659 	0.0208175 	-1.34269 	-0.0286798 	
1.965	0.32871 	-0.172727 	0.539668 	0.0208175 	-1.34269 	-0.0286798 	
1.97	0.328765 	-0.172722 	0.539677 	0.0208175 	-1.34269 	-0.0286798 	
1.975	0.328819 	-0.172717 	0.539685 	0.0208175 	-1.34269 	-0.0286798 	
1.98	0.328873 	-0.172713 	0.539694 	0.0208175 	-1.34269 	-0.0286798 	
1.985	0.328856 	-0.172721 	0.539688 	0.0190492 	-1.34145 	-0.0262435 	
1.99	0.328909 	-0.172716 	0.539697 	0.0190492 	-1.34145 	-0.0262435 	
1.995	0.328962 	-0.172711 	0.539705 	0.0190492 	-1.34145 	-0.0262435 	
2	0.329014 	-0.172706 	0.539713 	0.0190492 	-1.34145 	-0.0262435 	
2.005	0.329066 	-0.172702 	0.539722 	0.0190492 	-1.34145 	-0.0262435 	
2.01	0.329049 	-0.17271 	0.539717 	0.017347 	-1.34026 	-0.0238985 	
2.015	0.3291 	-0.172705 	0.539725 	0.017347 	-1.34026 	-0.0238985 	
2.02	0.329151 	-0.1727 	0.539733 	0.017347 	-1.34026 	-0.0238985 	
2.025	0.3292 	-0.172696 	0.53974 	0.017347 	-1.34026 	-0.0238985 	
2.03	0.32925 	-0.172691 	0.539748 	0.017347 	-1.34026 	-0.0238985 	
2.035	0.329234 	-0.172699 	0.539743 	0.0157161 	-1.33912 	-0.0216517 	
2.04	0.329283 	-0.172695 	0.539751 	0.0157161 	-1.33912 	-0.0216517 	
2.045	0.329331 	-0.17269 	0.539759 	0.0157161 	-1.33912 	-0.0216517 	
2.05	0.329379 	-0.172686 	0.539766 	0.0157161 	-1.33912 	-0.0216517 	
2.055	0.329426 	-0.172682 	0.539774 	0.0157161 	-1.33912 	-0.0216517 	
2.06	0.329411 	-0.172689 	0.539769 	0.0141584 	-1.33803 	-0.0195056 	
2.065	0.329457 	-0.172685 	0.539776 	0.0141584 	-1.33803 	-0.0195056 	
2.07	0.329503 	-0.172681 	0.539784 	0.0141584 	-1.33803 	-0.0195056 	
2.075	0.329548 	-0.172676 	0.539791 	0.0141584 	-1.33803 	-0.0195056 	
2.08	0.329593 	-0.172672 	0.539798 	0.0141584 	-1.33803 	-0.0195056 	
2.085	0.329637 	-0.172668 	0.539805 	0.0141584 	-1.33803 	-0.0195056 	
2.09	0.329613 	-0.172678 	0.539798 	0.0124188 	-1.33681 	-0.017109 	
2.095	0.329656 	-0.172673 	0.539805 	0.0124188 	-1.33681 	-0.017109 	
2.1	0.329699 	-0.172669 	0.539812 	0.0124188 	-1.33681 	-0.017109 	
2.105	0.329741 	-0.172665 	0.539819 	0.0124188 	-1.33681 	-0.017109 	
2.11	0.329783 	-0.172661 	0.539825 	0.0124188 	-1.33681 	-0.017109 	
2.115	0.329825 	-0.172657 	0.539832 	0.0124188 	-1.33681 	-0.017109 	
2.12	0.3298 	-0.172667 	0.539826 	0.0107596 	-1.33564 	-0.0148232 	
2.125	0.329841 	-0.172663 	0.539832 	0.0107596 	-1.33564 	-0.0148232 	
2.13	0.329881 	-0.172659 	0.539838 	0.0107596 	-1.33564 	-0.0148232 	
2.135	0.329921 	-0.172655 	0.539845 	0.0107596 	-1.33564 	-0.0148232 	
2.14	0.32996 	-0.172652 	0.539851 	0.0107596 	-1.33564 	-0.0148232 	
2.145	0.329998 	-0.172648 	0.539857 	0.0107596 	-1.33564 	-0.0148232 	
2.15	0.329975 	-0.172657 	0.539851 	0.00920986 	-1.33456 	-0.0126881 	
2.155	0.330013 	-0.172653 	0.539857 	0.00920986 	-1.33456 	-0.0126881 	
2.16	0.33005 	-0.17265 	0.539863 	0.00920986 	-1.33456 	-0.0126881 	
2.165	0.330087 	-0.172646 	0.539869 	0.00920986 	-1.33456 	-0.0126881 	
2.17	0.330123 	-0.172643 	0.539874 	0.00920986 	-1.33456 	-0.0126881 	
2.175	0.330159 	-0.172639 	0.53988 	0.00920986 	-1.33456 	-0.0126881 	
2.18	0.330194 	-0.172636 	0.539885 	0.00920986 	-1.33456 	-0.0126881 	
2.185	0.330164 	-0.172646 	0.539879 	0.0075717 	-1.33341 	-0.0104312 	
2.19	0.330198 	-0.172643 	0.539884 	0.0075717 	-1.33341 	-0.0104312 	
2.195	0.330232 	-0.17264 	0.539889 	0.0075717 	-1.33341 	-0.0104312 	
2.2	0.330265 	-0.172636 	0.539894 	0.0075717 	-1.33341 	-0.0104312 	
2.205	0.330298 	-0.172633 	0.5399 	0.0075717 	-1.33341 	-0.0104312 	
2.21	0.33033 	-0.17263 	0.539905 	0.0075717 	-1.33341 	-0.0104312 	
2.215	0.330361 	-0.172627 	0.53991 	0.0075717 	-1.33341 	-0.0104312 	
2.22	0.330393 	-0.172624 	0.539914 	0.0075717 	-1.33341 	-0.0104312 	
2.225	0.330357 	-0.172635 	0.539907 	0.00588859 	-1.33223 	-0.00811242 	
2.23	0.330387 	-0.172632 	0.539911 	0.00588859 	-1.33223 	-0.00811242 	
2.235	0.330417 	-0.172629 	0.539916 	0.00588859 	-1.33223 	-0.00811242 	
2.24	0.330446 	-0.172626 	0.539921 	0.00588859 	-1.33223 	-0.00811242 	
2.245	0.330474 	-0.172624 	0.539925 	0.00588859 	-1.33223 	-0.00811242 	
2.25	0.330502 	-0.172621 	0.539929 	0.00588859 	-1.33223 	-0.00811242 	
2.255	0.33053 	-0.172618 	0.539934 	0.00588859 	-1.33223 	-0.00811242 	
2.26	0.330557 	-0.172615 	0.539938 	0.00588859 	-1.33223 	-0.00811242 	
2.265	0.330583 	-0.172613 	0.539942 	0.00588859 	-1.33223 	-0.00811242 	
2.27	0.330544 	-0.172625 	0.539934 	0.00423965 	-1.33107 	-0.00584071 	
2.275	0.33057 	-0.172622 	0.539938 	0.00423965 	-1.33107 	-0.00584071 	
2.28	0.330595 	-0.17262 	0.539942 	0.00423965 	-1.33107 	-0.00584071 	
2.285	0.330619 	-0.172617 	0.539946 	0.00423965 	-1.33107 	-0.00584071 	
2.29	0.330643 	-0.172615 	0.539949 	0.00423965 	-1.33107 	-0.00584071 	
2.295	0.330667 	-0.172612 	0.539953 	0.00423965 	-1.33107 	-0.00584071 	
2.3	0.330689 	-0.17261 	0.539957 	0.00423965 	-1.33107 	-0.00584071 	
2.305	0.330712 	-0.172608 	0.53996 	0.00423965 	-1.33107 	-0.00584071 	
2.31	0.330734 	-0.172606 	0.539963 	0.00423965 	-1.33107 	-0.00584071 	
2.315	0.330755 	-0.172603 	0.539967 	0.00423965 	-1.33107 	-0.00584071 	
2.32	0.330716 	-0.172615 	0.539959 	0.00271901 	-1.33 	-0.00374578 	
2.325	0.330736 	-0.172613 	0.539962 	0.00271901 	-1.33 	-0.00374578 	
2.33	0.330756 	-0.172611 	0.539965 	0.00271901 	-1.33 	-0.00374578 	
2.335	0.330775 	-0.172609 	0.539968 	0.00271901 	-1.33 	-0.00374578 	
2.34	0.330793 	-0.172607 	0.539971 	0.00271901 	-1.33 	-0.00374578 	
2.345	0.330812 	-0.172605 	0.539974 	0.00271901 	-1.33 	-0.00374578 	
2.35	0.330829 	-0.172603 	0.539977 	0.00271901 	-1.33 	-0.00374578 	
2.355	0.330846 	-0.172602 	0.539979 	0.00271901 	-1.33 	-0.00374578 	
2.36	0.330863 	-0.1726 	0.539982 	0.00271901 	-1.33 	-0.00374578 	
2.365	0.330879 	-0.172598 	0.539984 	0.00271901 	-1.33 	-0.00374578 	
2.37	0.330894 	-0.172597 	0.539987 	0.00271901 	-1.33 	-0.00374578 	
2.375	0.330909 	-0.172595 	0.539989 	0.00271901 	-1.33 	-0.00374578 	
2.38	0.330923 	-0.172594 	0.539991 	0.00271901 	-1.33 	-0.00374578 	
2.385	0.330937 	-0.172593 	0.539993 	0.00271901 	-1.33 	-0.00374578 	
2.39	0.33089 	-0.172605 	0.539984 	0.00119116 	-1.32893 	-0.00164088 	
2.395	0.330903 	-0.172604 	0.539986 	0.00119116 	-1.32893 	-0.00164088 	
2.4	0.330915 	-0.172602 	0.539988 	0.00119116 	-1.32893 	-0.00164088 	
2.405	0.330927 	-0.172601 	0.53999 	0.00119116 	-1.32893 	-0.00164088 	
2.41	0.330938 	-0.1726 	0.539992 	0.00119116 	-1.32893 	-0.00164088 	
2.415	0.330949 	-0.172599 	0.539993 	0.00119116 	-1.32893 	-0.00164088 	
2.42	0.330959 	-0.172598 	0.539995 	0.00119116 	-1.32893 	-0.00164088 	
2.425	0.330967 	-0.172597 	0.539996 	0.00119116 	-1.32893 	-0.00164088 	
2.43	0.330977 	-0.172596 	0.539998 	0.00119116 	-1.32893 	-0.00164088 	
2.435	0.330985 	-0.172595 	0.539999 	0.00119116 	-1.32893 	-0.00164088 	
2.44	0.330993 	-0.172595 	0.54 	0.00119116 	-1.32893 	-0.00164088 	
2.445	0.331 	-0.172594 	0.540001 	0.00119116 	-1.32893 	-0.00164088 	
2.45	0.331007 	-0.172593 	0.540002 	0.00119116 	-1.32893 	-0.00164088 	
2.455	0.331013 	-0.172592 	0.540003 	0.00119116 	-1.32893 	-0.00164088 	
2.46	0.331019 	-0.172592 	0.540004 	0.00119116 	-1.32893 	-0.00164088 	
2.465	0.331024 	-0.172591 	0.540005 	0.00119116 	-1.32893 	-0.00164088 	
2.47	0.331029 	-0.172591 	0.540006 	0.00119116 	-1.32893 	-0.00164088 	
2.475	0.331033 	-0.17259 	0.540006 	0.00119116 	-1.32893 	-0.00164088 	
2.48	0.331037 	-0.17259 	0.540007 	0.00119116 	-1.32893 	-0.00164088 	
2.485	0.33104 	-0.17259 	0.540007 	0.00119116 	-1.32893 	-0.00164088 	
2.49	0.331042 	-0.172589 	0.540008 	0.00119116 	-1.32893 	-0.00164088 	
2.495	0.331044 	-0.172589 	0.540008 	0.00119116 	-1.32893 	-0.00164088 	
2.5	0.331046 	-0.172589 	0.540008 	0.00119116 	-1.32893 	-0.00164088 	
2.505	0.331046 	-0.172589 	0.540008 	0.00119116 	-1.32893 	-0.00164088 	
2.51	0.331047 	-0.172589 	0.540009 	0.00119116 	-1.32893 	-0.00164088 	
2.515	0.331048 	-0.172587 	0.540008 	0.00119116 	-1.32893 	-0.00164088 	
2.52	0.331048 	-0.172587 	0.540008 	0.00119116 	-1.32893 	-0.00164088 	
2.525	0.331049 	-0.172587 	0.540007 	0.00119116 	-1.32893 	-0.00164088 	
2.53	0.331047 	-0.17259 	0.540006 	0.00119116 	-1.32893 	-0.00164088 	
2.535	0.331047 	-0.17259 	0.540005 	0.00119116 	-1.32893 	-0.00164088 	
2.54	0.331047 	-0.172591 	0.540003 	0.00119116 	-1.32893 	-0.00164088 	
2.545	0.331048 	-0.172591 	0.540002 	0.00119116 	-1.32893 	-0.00164088 	
2.55	0.331048 	-0.172592 	0.539999 	0.00119116 	-1.32893 	-0.00164088 	
2.555	0.331048 	-0.172593 	0.539997 	0.00119116 	-1.32893 	-0.00164088 	
2.56	0.331049 	-0.172594 	0.539994 	0.00119116 	-1.32893 	-0.00164088 	
2.565	0.331049 	-0.172594 	0.539991 	0.00119116 	-1.32893 	-0.00164088 	
2.57	0.33105 	-0.172596 	0.539988 	0.00119116 	-1.32893 	-0.00164088 	
2.575	0.33105 	-0.172597 	0.539984 	0.00119116 	-1.32893 	-0.00164088 	
2.58	0.331051 	-0.172598 	0.53998 	0.00119116 	-1.32893 	-0.00164088 	
2.585	0.331052 	-0.172599 	0.539976 	0.00119116 	-1.32893 	-0.00164088 	
2.59	0.331052 	-0.1726 	0.539971 	0.00119116 	-1.32893 	-0.00164088 	
2.595	0.331053 	-0.172602 	0.539966 	0.00119116 	-1.32893 	-0.00164088 	
2.6	0.331054 	-0.172603 	0.539961 	0.00119116 	-1.32893 	-0.00164088 	
2.605	0.331055 	-0.172605 	0.539956 	0.00119116 	-1.32893 	-0.00164088 	
2.61	0.331056 	-0.172607 	0.53995 	0.00119116 	-1.32893 	-0.00164088 	
2.615	0.33103 	-0.172601 	0.539939 	0.000905586 	-1.32849 	-0.000165509 	
2.62	0.331031 	-0.172603 	0.539933 	0.000905587 	-1.32849 	-0.00016551 	
2.625	0.331032 	-0.172605 	0.539927 	0.000905587 	-1.32849 	-0.000165511 	
2.63	0.331033 	-0.172607 	0.53992 	0.000905588 	-1.32849 	-0.000165511 	
2.635	0.331034 	-0.172609 	0.539912 	0.000905589 	-1.32849 	-0.000165512 	
2.64	0.331036 	-0.172611 	0.539905 	0.00090559 	-1.32849 	-0.000165513 	
2.645	0.331037 	-0.172614 	0.539897 	0.000905591 	-1.32849 	-0.000165514 	
2.65	0.331038 	-0.172616 	0.539889 	0.000905592 	-1.32849 	-0.000165515 	
2.655	0.331039 	-0.172618 	0.539881 	0.000905593 	-1.32849 	-0.000165516 	
2.66	0.331041 	-0.172621 	0.539871 	0.000905594 	-1.32849 	-0.000165517 	
2.665	0.331042 	-0.172624 	0.539863 	0.000905595 	-1.32849 	-0.000165518 	
2.67	0.331044 	-0.172627 	0.539853 	0.000905596 	-1.32849 	-0.000165519 	
2.675	0.331065 	-0.172603 	0.539848 	0.00202195 	-1.3289 	-1.54231e-05 	
2.68	0.331067 	-0.172606 	0.539838 	0.00202195 	-1.3289 	-1.54243e-05 	
2.685	0.331068 	-0.172609 	0.539828 	0.00202195 	-1.3289 	-1.54256e-05 	
2.69	0.33107 	-0.172612 	0.539817 	0.00202195 	-1.3289 	-1.54269e-05 	
2.695	0.331072 	-0.172615 	0.539807 	0.00202195 	-1.3289 	-1.54283e-05 	
2.7	0.331073 	-0.172619 	0.539796 	0.00202195 	-1.3289 	-1.54298e-05 	
2.705	0.331075 	-0.172622 	0.539784 	0.00202195 	-1.3289 	-1.54314e-05 	
2.71	0.331077 	-0.172626 	0.539773 	0.00202196 	-1.3289 	-1.5433e-05 	
2.715	0.331079 	-0.172629 	0.539761 	0.00202196 	-1.3289 	-1.54348e-05 	
2.72	0.331106 	-0.172603 	0.539754 	0.00332014 	-1.32941 	-1.27826e-07 	
2.725	0.331108 	-0.172607 	0.539742 	0.00332014 	-1.32941 	-1.29724e-07 	
2.73	0.33111 	-0.172611 	0.539729 	0.00332014 	-1.32941 	-1.31707e-07 	
2.735	0.331112 	-0.172615 	0.539716 	0.00332014 	-1.32941 	-1.3378e-07 	
2.74	0.331114 	-0.172619 	0.539703 	0.00332014 	-1.32941 	-1.35942e-07 	
2.745	0.331114 	-0.172625 	0.53969 	0.00332015 	-1.32941 	-1.37568e-07 	
2.75	0.331116 	-0.17263 	0.539676 	0.00332015 	-1.32941 	-1.39909e-07 	
2.755	0.331142 	-0.172606 	0.539667 	0.00456246 	-1.32989 	1.27262e-06 	
2.76	0.331145 	-0.17261 	0.539653 	0.00456246 	-1.32989 	1.27008e-06 	
2.765	0.331147 	-0.172614 	0.539638 	0.00456246 	-1.32989 	1.26744e-06 	
2.77	0.331149 	-0.172619 	0.539623 	0.00456246 	-1.32989 	1.26469e-06 	
2.775	0.331152 	-0.172623 	0.539608 	0.00456247 	-1.32989 	1.26185e-06 	
2.78	0.331154 	-0.172628 	0.539593 	0.00456247 	-1.32989 	1.25891e-06 	
2.785	0.33118 	-0.172606 	0.539582 	0.00576925 	-1.33037 	1.34009e-06 	
2.79	0.331183 	-0.17261 	0.539566 	0.00576925 	-1.33037 	1.33693e-06 	
2.795	0.331185 	-0.172615 	0.53955 	0.00576926 	-1.33037 	1.33366e-06 	
2.8	0.331188 	-0.17262 	0.539533 	0.00576926 	-1.33037 	1.33029e-06 	
2.805	0.331191 	-0.172625 	0.539517 	0.00576926 	-1.33037 	1.3268e-06 	
2.81	0.331193 	-0.17263 	0.5395 	0.00576927 	-1.33037 	1.32321e-06 	
2.815	0.331222 	-0.172606 	0.539488 	0.00708873 	-1.33088 	1.5878e-06 	
2.82	0.331225 	-0.172611 	0.53947 	0.00708874 	-1.33088 	1.58397e-06 	
2.825	0.331227 	-0.172617 	0.539452 	0.00708874 	-1.33088 	1.58003e-06 	
2.83	0.33123 	-0.172622 	0.539434 	0.00708874 	-1.33088 	1.57597e-06 	
2.835	0.331233 	-0.172628 	0.539416 	0.00708875 	-1.33088 	1.57179e-06 	
2.84	0.33126 	-0.172606 	0.539403 	0.00830719 	-1.33136 	1.39802e-06 	
2.845	0.331263 	-0.172611 	0.539384 	0.0083072 	-1.33136 	1.39359e-06 	
2.85	0.331266 	-0.172617 	0.539365 	0.0083072 	-1.33136 	1.38905e-06 	
2.855	0.331269 	-0.172623 	0.539345 	0.00830721 	-1.33136 	1.38438e-06 	
2.86	0.331272 	-0.172629 	0.539326 	0.00830721 	-1.33136 	1.3796e-06 	
2.865	0.3313 	-0.172606 	0.539311 	0.00959258 	-1.33187 	1.52256e-06 	
2.87	0.331304 	-0.172612 	0.539291 	0.00959259 	-1.33187 	1.51751e-06 	
2.875	0.331307 	-0.172618 	0.539271 	0.00959259 	-1.33187 	1.51234e-06 	
2.88	0.33131 	-0.172624 	0.53925 	0.0095926 	-1.33187 	1.50704e-06 	
2.885	0.331314 	-0.17263 	0.539229 	0.0095926 	-1.33187 	1.50162e-06 	
2.89	0.331344 	-0.172606 	0.539214 	0.0109602 	-1.33241 	1.72158e-06 	
2.895	0.331347 	-0.172612 	0.539192 	0.0109602 	-1.33241 	1.71589e-06 	
2.9	0.33135 	-0.172619 	0.539171 	0.0109602 	-1.33241 	1.71006e-06 	
2.905	0.331354 	-0.172626 	0.539149 	0.0109602 	-1.33241 	1.7041e-06 	
2.91	0.331358 	-0.172632 	0.539127 	0.0109602 	-1.33241 	1.69801e-06 	
2.915	0.331389 	-0.172606 	0.539111 	0.0124097 	-1.33297 	1.9396e-06 	
2.92	0.331393 	-0.172613 	0.539088 	0.0124097 	-1.33297 	1.93323e-06 	
2.925	0.331397 	-0.17262 	0.539065 	0.0124097 	-1.33297 	1.92673e-06 	
2.93	0.3314 	-0.172627 	0.539042 	0.0124097 	-1.33297 	1.92009e-06 	
2.935	0.331428 	-0.172606 	0.539024 	0.013657 	-1.33346 	1.50055e-06 	
2.94	0.331432 	-0.172613 	0.539001 	0.013657 	-1.33346 	1.49363e-06 	
2.945	0.331436 	-0.17262 	0.538977 	0.013657 	-1.33346 	1.48658e-06 	
2.95	0.33144 	-0.172627 	0.538953 	0.013657 	-1.33346 	1.47939e-06 	
2.955	0.331468 	-0.172606 	0.538934 	0.0149284 	-1.33396 	1.51106e-06 	
2.96	0.331472 	-0.172613 	0.53891 	0.0149284 	-1.33396 	1.50358e-06 	
2.965	0.331476 	-0.172621 	0.538885 	0.0149284 	-1.33396 	1.49597e-06 	
2.97	0.33148 	-0.172628 	0.53886 	0.0149284 	-1.33396 	1.48821e-06 	
2.975	0.33151 	-0.172606 	0.538841 	0.0162457 	-1.33448 	1.61591e-06 	
2.98	0.331514 	-0.172614 	0.538815 	0.0162457 	-1.33448 	1.60786e-06 	
2.985	0.331518 	-0.172621 	0.53879 	0.0162457 	-1.33448 	1.59967e-06 	
2.99	0.331522 	-0.172629 	0.538764 	0.0162457 	-1.33448 	1.59134e-06 	
2.995	0.331553 	-0.172606 	0.538744 	0.01761 	-1.33502 	1.73667e-06 	
3	0.331557 	-0.172614 	0.538717 	0.01761 	-1.33502 	1.72804e-06 	
3.005	0.331561 	-0.172622 	0.538691 	0.01761 	-1.33502 	1.71928e-06 	
3.01	0.331565 	-0.17263 	0.538664 	0.01761 	-1.33502 	1.71038e-06 	
3.015	0.331597 	-0.172606 	0.538644 	0.0190201 	-1.33557 	1.86074e-06 	
3.02	0.331601 	-0.172614 	0.538617 	0.0190202 	-1.33557 	1.85154e-06 	
3.025	0.331606 	-0.172622 	0.538589 	0.0190202 	-1.33557 	1.8422e-06 	
3.03	0.33161 	-0.172631 	0.538562 	0.0190202 	-1.33557 	1.83273e-06 	
3.035	0.331643 	-0.172606 	0.53854 	0.0204748 	-1.33614 	1.98603e-06 	
3.04	0.331647 	-0.172615 	0.538512 	0.0204748 	-1.33614 	1.97625e-06 	
3.045	0.331652 	-0.172623 	0.538484 	0.0204748 	-1.33614 	1.96633e-06 	
3.05	0.331656 	-0.172631 	0.538456 	0.0204748 	-1.33614 	1.95627e-06 	
3.055	0.33169 	-0.172606 	0.538434 	0.0219725 	-1.33673 	2.11185e-06 	
3.06	0.331694 	-0.172615 	0.538405 	0.0219725 	-1.33673 	2.10149e-06 	
3.065	0.331705 	-0.172618 	0.538377 	0.0219725 	-1.33673 	2.08823e-06 	
3.07	0.331732 	-0.1726 	0.538353 	0.0231617 	-1.3372 	1.41114e-06 	
3.075	0.331737 	-0.172609 	0.538323 	0.0231617 	-1.3372 	1.40035e-06 	
3.08	0.331742 	-0.172618 	0.538294 	0.0231617 	-1.3372 	1.38942e-06 	
3.085	0.331747 	-0.172627 	0.538264 	0.0231617 	-1.3372 	1.37836e-06 	
3.09	0.331781 	-0.172601 	0.538241 	0.0246964 	-1.3378 	2.16105e-06 	
3.095	0.331786 	-0.17261 	0.538211 	0.0246964 	-1.3378 	2.14969e-06 	
3.1	0.331791 	-0.172619 	0.538181 	0.0246964 	-1.3378 	2.1382e-06 	
3.105	0.331819 	-0.1726 	0.538156 	0.0259359 	-1.33829 	1.52723e-06 	
3.11	0.331824 	-0.172609 	0.538126 	0.0259359 	-1.33829 	1.51545e-06 	
3.115	0.331829 	-0.172619 	0.538095 	0.0259359 	-1.33829 	1.50353e-06 	
3.12	0.331858 	-0.1726 	0.538069 	0.0271642 	-1.33877 	1.44336e-06 	
3.125	0.331863 	-0.17261 	0.538038 	0.0271642 	-1.33877 	1.43115e-06 	
3.13	0.331868 	-0.172619 	0.538007 	0.0271642 	-1.33877 	1.41882e-06 	
3.135	0.331897 	-0.1726 	0.537981 	0.0284096 	-1.33926 	1.47451e-06 	
3.14	0.331902 	-0.17261 	0.53795 	0.0284096 	-1.33926 	1.46189e-06 	
3.145	0.331908 	-0.172619 	0.537918 	0.0284096 	-1.33926 	1.44915e-06 	
3.15	0.331937 	-0.1726 	0.537892 	0.0296745 	-1.33976 	1.52269e-06 	
3.155	0.331942 	-0.17261 	0.53786 	0.0296745 	-1.33976 	1.50967e-06 	
3.16	0.331948 	-0.17262 	0.537827 	0.0296745 	-1.33976 	1.49651e-06 	
3.165	0.331977 	-0.1726 	0.537801 	0.0309584 	-1.34026 	1.57256e-06 	
3.17	0.331983 	-0.17261 	0.537768 	0.0309584 	-1.34026 	1.55913e-06 	
3.175	0.331988 	-0.17262 	0.537735 	0.0309584 	-1.34026 	1.54558e-06 	
3.18	0.332018 	-0.172601 	0.537709 	0.0322606 	-1.34077 	1.62193e-06 	
3.185	0.332024 	-0.17261 	0.537675 	0.0322606 	-1.34077 	1.60811e-06 	
3.19	0.332029 	-0.17262 	0.537642 	0.0322606 	-1.34077 	1.59417e-06 	
3.195	0.33206 	-0.172601 	0.537615 	0.0335804 	-1.34129 	1.67042e-06 	
3.2	0.332065 	-0.172611 	0.537582 	0.0335804 	-1.34129 	1.65622e-06 	
3.205	0.332071 	-0.172621 	0.537548 	0.0335804 	-1.34129 	1.6419e-06 	
3.21	0.332102 	-0.172601 	0.53752 	0.0349171 	-1.34182 	1.71792e-06 	
3.215	0.332107 	-0.172611 	0.537487 	0.0349171 	-1.34182 	1.70334e-06 	
3.22	0.332113 	-0.172621 	0.537452 	0.0349171 	-1.34182 	1.68865e-06 	
3.225	0.332144 	-0.172601 	0.537425 	0.0362699 	-1.34235 	1.7643e-06 	
3.23	0.33215 	-0.172611 	0.53739 	0.0362699 	-1.34235 	1.74936e-06 	
3.235	0.332156 	-0.172621 	0.537356 	0.0362699 	-1.34235 	1.73431e-06 	
3.24	0.332187 	-0.172601 	0.537328 	0.037638 	-1.34288 	1.80946e-06 	
3.245	0.332193 	-0.172611 	0.537293 	0.037638 	-1.34288 	1.79417e-06 	
3.25	0.332199 	-0.172621 	0.537258 	0.037638 	-1.34288 	1.77878e-06 	
3.255	0.332231 	-0.172601 	0.53723 	0.0390207 	-1.34343 	1.85331e-06 	
3.26	0.332237 	-0.172611 	0.537195 	0.0390207 	-1.34343 	1.83769e-06 	
3.265	0.332243 	-0.172622 	0.53716 	0.0390207 	-1.34343 	1.82196e-06 	
3.27	0.332275 	-0.172601 	0.537131 	0.0404173 	-1.34398 	1.89575e-06 	
3.275	0.332281 	-0.172611 	0.537096 	0.0404173 	-1.34398 	1.8798e-06 	
3.28	0.332287 	-0.172622 	0.53706 	0.0404173 	-1.34398 	1.86375e-06 	
3.285	0.332319 	-0.172601 	0.537031 	0.0418268 	-1.34453 	1.93669e-06 	
3.29	0.332325 	-0.172611 	0.536996 	0.0418268 	-1.34453 	1.92042e-06 	
3.295	0.332331 	-0.172622 	0.53696 	0.0418268 	-1.34453 	1.90407e-06 	
3.3	0.332364 	-0.172601 	0.536931 	0.0432486 	-1.34509 	1.97602e-06 	
3.305	0.33237 	-0.172611 	0.536895 	0.0432486 	-1.34509 	1.95946e-06 	
3.31	0.332376 	-0.172622 	0.536859 	0.0432486 	-1.34509 	1.94281e-06 	
3.315	0.332409 	-0.172601 	0.536829 	0.0446819 	-1.34565 	2.01366e-06 	
3.32	0.332415 	-0.172612 	0.536793 	0.0446819 	-1.34565 	1.99681e-06 	
3.325	0.332421 	-0.172622 	0.536757 	0.0446819 	-1.34565 	1.97989e-06 	
3.33	0.332454 	-0.172601 	0.536727 	0.0461257 	-1.34622 	2.04952e-06 	
3.335	0.33246 	-0.172612 	0.536691 	0.0461257 	-1.34622 	2.03241e-06 	
3.34	0.332467 	-0.172623 	0.536654 	0.0461258 	-1.34622 	2.01523e-06 	
3.345	0.3325 	-0.172601 	0.536624 	0.0475794 	-1.34679 	2.08352e-06 	
3.35	0.332506 	-0.172612 	0.536587 	0.0475795 	-1.34679 	2.06616e-06 	
3.355	0.332512 	-0.172623 	0.536551 	0.0475795 	-1.34679 	2.04874e-06 	
3.36	0.332546 	-0.172601 	0.536521 	0.0490422 	-1.34736 	2.11558e-06 	
3.365	0.332548 	-0.172616 	0.536484 	0.0490422 	-1.34736 	2.10055e-06 	
3.37	0.332555 	-0.172627 	0.536447 	0.0490422 	-1.34736 	2.08292e-06 	
3.375	0.332588 	-0.172605 	0.536417 	0.0505131 	-1.34794 	2.14586e-06 	
3.38	0.332595 	-0.172616 	0.536379 	0.0505131 	-1.34794 	2.12805e-06 	
3.385	0.332601 	-0.172627 	0.536342 	0.0505131 	-1.34794 	2.11019e-06 	
3.39	0.332635 	-0.172605 	0.536312 	0.0519913 	-1.34852 	2.17357e-06 	
3.395	0.332641 	-0.172616 	0.536275 	0.0519914 	-1.34852 	2.15556e-06 	
3.4	0.332648 	-0.172627 	0.536237 	0.0519914 	-1.34852 	2.13751e-06 	
3.405	0.332681 	-0.172605 	0.536207 	0.0534761 	-1.3491 	2.19933e-06 	
3.41	0.332688 	-0.172616 	0.53617 	0.0534762 	-1.3491 	2.18114e-06 	
3.415	0.332694 	-0.172627 	0.536132 	0.0534762 	-1.3491 	2.16292e-06 	
3.42	0.332728 	-0.172605 	0.536102 	0.0549667 	-1.34969 	2.22288e-06 	
3.425	0.332735 	-0.172616 	0.536064 	0.0549667 	-1.34969 	2.20454e-06 	
3.43	0.332741 	-0.172627 	0.536026 	0.0549667 	-1.34969 	2.18616e-06 	
3.435	0.332775 	-0.172605 	0.535996 	0.0564621 	-1.35028 	2.24414e-06 	
3.44	0.332782 	-0.172616 	0.535958 	0.0564621 	-1.35028 	2.22566e-06 	
