0	2.05348 	-0.0929488 	-1.55806 	0.000248857 	-0.0987258 	0.00451143 	
0.005	2.05348 	-0.0929485 	-1.55806 	0.000248876 	-0.0987258 	0.00451144 	
0.01	2.05348 	-0.0929481 	-1.55806 	0.000248894 	-0.0987258 	0.00451145 	
0.015	2.05348 	-0.0929478 	-1.55806 	0.000248911 	-0.0987258 	0.00451145 	
0.02	2.05348 	-0.0929475 	-1.55806 	0.000248926 	-0.0987258 	0.00451146 	
0.025	2.05348 	-0.0929472 	-1.55806 	0.00024894 	-0.0987259 	0.00451147 	
0.03	2.05348 	-0.0929469 	-1.55805 	0.000248951 	-0.0987259 	0.00451147 	
0.035	2.05348 	-0.0929465 	-1.55805 	0.00024896 	-0.098726 	0.00451147 	
0.04	2.05348 	-0.0929462 	-1.55805 	0.000248966 	-0.0987261 	0.00451147 	
0.045	2.05348 	-0.0929458 	-1.55805 	0.00024897 	-0.0987263 	0.00451146 	
0.05	2.05348 	-0.0929454 	-1.55804 	0.000248971 	-0.0987265 	0.00451145 	
0.055	2.05349 	-0.0929449 	-1.55804 	0.000248968 	-0.0987267 	0.00451144 	
0.06	2.05349 	-0.0929444 	-1.55803 	0.000248963 	-0.0987271 	0.00451142 	
0.065	2.05349 	-0.0929439 	-1.55802 	0.000248954 	-0.0987274 	0.0045114 	
0.07	2.0535 	-0.0929433 	-1.55802 	0.000248942 	-0.0987278 	0.00451137 	
0.075	2.0535 	-0.0929426 	-1.55801 	0.000248927 	-0.0987283 	0.00451134 	
0.08	2.05351 	-0.0929419 	-1.558 	0.000248907 	-0.0987289 	0.0045113 	
0.085	2.05352 	-0.0929412 	-1.55798 	0.000248884 	-0.0987295 	0.00451126 	
0.09	2.05352 	-0.0929403 	-1.55797 	0.000248857 	-0.0987302 	0.00451121 	
0.095	2.05353 	-0.0929394 	-1.55795 	0.000248826 	-0.0987309 	0.00451115 	
0.1	2.05354 	-0.0929385 	-1.55794 	0.000248791 	-0.0987318 	0.00451109 	
0.105	2.05355 	-0.0929374 	-1.55792 	0.000248752 	-0.0987327 	0.00451103 	
0.11	2.05356 	-0.0929363 	-1.5579 	0.000248708 	-0.0987337 	0.00451095 	
0.115	2.05357 	-0.0929351 	-1.55788 	0.00024866 	-0.0987348 	0.00451088 	
0.12	2.05359 	-0.0929338 	-1.55786 	0.000248608 	-0.098736 	0.00451079 	
0.125	2.0536 	-0.0929325 	-1.55783 	0.000248552 	-0.0987373 	0.0045107 	
0.13	2.05362 	-0.0929311 	-1.55781 	0.000248491 	-0.0987386 	0.0045106 	
0.135	2.05363 	-0.0929296 	-1.55778 	0.000248426 	-0.09874 	0.0045105 	
0.14	2.05365 	-0.092928 	-1.55775 	0.000248357 	-0.0987416 	0.00451038 	
0.145	2.05367 	-0.0929263 	-1.55772 	0.000248283 	-0.0987432 	0.00451027 	
0.15	2.05369 	-0.0929245 	-1.55769 	0.000248205 	-0.0987449 	0.00451014 	
0.155	2.05371 	-0.0929227 	-1.55765 	0.000248122 	-0.0987467 	0.00451001 	
0.16	2.05373 	-0.0929207 	-1.55761 	0.000248036 	-0.0987486 	0.00450987 	
0.165	2.0521 	-0.0915072 	-1.55999 	0.000313948 	-0.098754 	0.00449992 	
0.17	2.05244 	-0.0915749 	-1.56011 	0.000310305 	-0.0987686 	0.00449882 	
0.175	2.0527 	-0.0916511 	-1.56014 	0.000306065 	-0.0987814 	0.00449731 	
0.18	2.05286 	-0.0917134 	-1.56011 	0.00030246 	-0.0987908 	0.00449586 	
0.185	2.05301 	-0.0917709 	-1.56008 	0.000299106 	-0.0987997 	0.0044945 	
0.19	2.05316 	-0.091824 	-1.56004 	0.000295985 	-0.0988082 	0.00449322 	
0.195	2.05329 	-0.0918729 	-1.56 	0.00029308 	-0.0988164 	0.00449201 	
0.2	2.05342 	-0.0919179 	-1.55996 	0.000290374 	-0.0988243 	0.00449087 	
0.205	2.05355 	-0.0919594 	-1.55991 	0.000287853 	-0.0988319 	0.00448979 	
0.21	2.05366 	-0.0919975 	-1.55987 	0.000285502 	-0.0988393 	0.00448877 	
0.215	2.05378 	-0.0920325 	-1.55982 	0.000283309 	-0.0988464 	0.0044878 	
0.22	2.05389 	-0.0920646 	-1.55976 	0.000281263 	-0.0988533 	0.00448688 	
0.225	2.05236 	-0.0907098 	-1.56209 	0.000344431 	-0.0988633 	0.00447673 	
0.23	2.05277 	-0.0908058 	-1.56219 	0.000339132 	-0.0988822 	0.00447495 	
0.235	2.0531 	-0.0909079 	-1.5622 	0.000333361 	-0.0988992 	0.0044728 	
0.24	2.05333 	-0.0909942 	-1.56215 	0.000328333 	-0.0989124 	0.00447074 	
0.245	2.05354 	-0.0910739 	-1.5621 	0.000323656 	-0.0989251 	0.00446881 	
0.25	2.05374 	-0.0911474 	-1.56205 	0.000319305 	-0.0989372 	0.004467 	
0.255	2.05394 	-0.0912151 	-1.56199 	0.000315257 	-0.0989487 	0.00446529 	
0.26	2.05412 	-0.0912775 	-1.56193 	0.000311487 	-0.0989598 	0.00446368 	
0.265	2.05429 	-0.091335 	-1.56186 	0.000307977 	-0.0989704 	0.00446216 	
0.27	2.05446 	-0.0913878 	-1.56179 	0.000304706 	-0.0989807 	0.00446072 	
0.275	2.05289 	-0.0899762 	-1.56425 	0.000370673 	-0.0989942 	0.00444996 	
0.28	2.05338 	-0.0900949 	-1.56435 	0.000364063 	-0.0990172 	0.00444766 	
0.285	2.05377 	-0.0902183 	-1.56436 	0.000357034 	-0.0990378 	0.00444498 	
0.29	2.05427 	-0.0906036 	-1.5646 	0.000372751 	-0.0990822 	0.00441176 	
0.295	2.05453 	-0.0907007 	-1.56453 	0.00036702 	-0.0990977 	0.00440936 	
0.3	2.05478 	-0.0907903 	-1.56446 	0.00036169 	-0.0991126 	0.00440711 	
0.305	2.05502 	-0.0908728 	-1.56438 	0.000356731 	-0.0991269 	0.00440498 	
0.31	2.05524 	-0.0909489 	-1.56431 	0.000352115 	-0.0991405 	0.00440298 	
0.315	2.0538 	-0.0896342 	-1.56663 	0.000413594 	-0.0991569 	0.00439252 	
0.32	2.05432 	-0.0897689 	-1.56671 	0.000406002 	-0.0991821 	0.00438977 	
0.325	2.05475 	-0.0899068 	-1.5667 	0.000398088 	-0.099205 	0.00438668 	
0.33	2.05507 	-0.0900259 	-1.56662 	0.000391082 	-0.0992237 	0.00438373 	
0.335	2.05537 	-0.0901358 	-1.56654 	0.000384569 	-0.0992415 	0.00438097 	
0.34	2.05565 	-0.0902372 	-1.56645 	0.000378511 	-0.0992585 	0.00437838 	
0.345	2.05592 	-0.0903306 	-1.56636 	0.000372876 	-0.0992748 	0.00437594 	
0.35	2.05456 	-0.0890666 	-1.56863 	0.000432099 	-0.0992936 	0.00436562 	
0.355	2.05511 	-0.0892146 	-1.56869 	0.000423691 	-0.0993208 	0.00436249 	
0.36	2.05557 	-0.0893648 	-1.56867 	0.00041503 	-0.0993457 	0.00435905 	
0.365	2.05592 	-0.0894953 	-1.56858 	0.000407324 	-0.0993664 	0.00435577 	
0.37	2.05625 	-0.0896158 	-1.56849 	0.000400159 	-0.0993861 	0.0043527 	
0.375	2.05657 	-0.0897268 	-1.56839 	0.000393496 	-0.0994049 	0.00434981 	
0.38	2.05686 	-0.0898292 	-1.5683 	0.000387299 	-0.0994228 	0.0043471 	
0.385	2.05538 	-0.0884616 	-1.57076 	0.000451711 	-0.0994436 	0.00433624 	
0.39	2.056 	-0.0886244 	-1.57083 	0.000442457 	-0.099474 	0.00433279 	
0.395	2.05651 	-0.0887888 	-1.57081 	0.00043295 	-0.0995013 	0.00432897 	
0.4	2.05689 	-0.0889313 	-1.57071 	0.000424506 	-0.099524 	0.00432534 	
0.405	2.05726 	-0.0890629 	-1.57061 	0.000416656 	-0.0995456 	0.00432193 	
0.41	2.0576 	-0.0891841 	-1.5705 	0.000409357 	-0.0995661 	0.00431873 	
0.415	2.05625 	-0.0879238 	-1.57281 	0.000468806 	-0.0995891 	0.00430832 	
0.42	2.05688 	-0.088098 	-1.57286 	0.000458828 	-0.0996208 	0.00430449 	
0.425	2.05741 	-0.0882725 	-1.57282 	0.000448685 	-0.0996496 	0.00430034 	
0.43	2.05783 	-0.0884252 	-1.57272 	0.000439621 	-0.0996739 	0.0042964 	
0.435	2.05822 	-0.0885659 	-1.5726 	0.000431196 	-0.0996971 	0.0042927 	
0.44	2.05858 	-0.0886957 	-1.57249 	0.000423363 	-0.0997192 	0.00428923 	
0.445	2.05717 	-0.0873734 	-1.57493 	0.000486073 	-0.0997438 	0.00427859 	
0.45	2.05785 	-0.0875596 	-1.57498 	0.000475391 	-0.0997779 	0.00427446 	
0.455	2.05842 	-0.0877456 	-1.57494 	0.000464553 	-0.0998087 	0.00426999 	
0.46	2.05886 	-0.0879081 	-1.57483 	0.000454876 	-0.0998346 	0.00426574 	
0.465	2.05927 	-0.088058 	-1.57471 	0.000445883 	-0.0998593 	0.00426175 	
0.47	2.05966 	-0.0881962 	-1.57458 	0.000437522 	-0.0998828 	0.004258 	
0.475	2.05816 	-0.0867988 	-1.57717 	0.000504198 	-0.0999091 	0.00424714 	
0.48	2.05889 	-0.0869977 	-1.57724 	0.00049277 	-0.0999458 	0.0042427 	
0.485	2.0595 	-0.087196 	-1.5772 	0.000481192 	-0.0999787 	0.00423788 	
0.49	2.05997 	-0.0873689 	-1.57707 	0.000470867 	-0.100006 	0.00423329 	
0.495	2.06041 	-0.0875285 	-1.57694 	0.000461272 	-0.100032 	0.00422898 	
0.5	2.05914 	-0.0863168 	-1.57924 	0.000519089 	-0.100061 	0.0042188 	
0.505	2.05985 	-0.0865245 	-1.57927 	0.000507061 	-0.100098 	0.00421398 	
0.51	2.06047 	-0.0867301 	-1.57921 	0.000494997 	-0.100131 	0.00420886 	
0.515	2.06096 	-0.0869112 	-1.57908 	0.000484162 	-0.10016 	0.004204 	
0.52	2.06142 	-0.0870783 	-1.57894 	0.000474095 	-0.100188 	0.00419944 	
0.525	2.06012 	-0.0858414 	-1.5813 	0.000533429 	-0.100217 	0.00418928 	
0.53	2.06087 	-0.086058 	-1.58133 	0.000520861 	-0.100256 	0.0041842 	
0.535	2.06151 	-0.086272 	-1.58127 	0.000508272 	-0.100291 	0.0041788 	
0.54	2.06202 	-0.0864606 	-1.58113 	0.000496967 	-0.100321 	0.00417368 	
0.545	2.0625 	-0.0866344 	-1.58099 	0.000486463 	-0.10035 	0.00416887 	
0.55	2.06115 	-0.085354 	-1.58345 	0.000548271 	-0.10038 	0.00415871 	
0.555	2.06194 	-0.0855799 	-1.58348 	0.000535135 	-0.100421 	0.00415337 	
0.56	2.0626 	-0.0858031 	-1.58342 	0.000521986 	-0.100457 	0.00414769 	
0.565	2.06313 	-0.0859994 	-1.58327 	0.000510186 	-0.100489 	0.00414229 	
0.57	2.06363 	-0.0861805 	-1.58312 	0.000499224 	-0.100518 	0.00413722 	
0.575	2.06223 	-0.084857 	-1.58568 	0.000563525 	-0.10055 	0.0041271 	
0.58	2.06312 	-0.0851815 	-1.58582 	0.000556712 	-0.100602 	0.00411162 	
0.585	2.06382 	-0.0854141 	-1.58575 	0.00054298 	-0.10064 	0.00410563 	
0.59	2.06437 	-0.0856185 	-1.5856 	0.000530664 	-0.100672 	0.00409994 	
0.595	2.06489 	-0.0858071 	-1.58544 	0.000519225 	-0.100703 	0.0040946 	
0.6	2.06343 	-0.0844429 	-1.5881 	0.000585945 	-0.100737 	0.00408456 	
0.605	2.06429 	-0.0846886 	-1.58815 	0.000571609 	-0.100781 	0.00407866 	
0.61	2.06502 	-0.0849308 	-1.58808 	0.00055728 	-0.10082 	0.00407236 	
0.615	2.06559 	-0.0851436 	-1.58792 	0.000544436 	-0.100854 	0.00406636 	
0.62	2.06446 	-0.0840454 	-1.59013 	0.000598003 	-0.100889 	0.00405692 	
0.625	2.06529 	-0.0842973 	-1.59013 	0.000583192 	-0.100932 	0.00405059 	
0.63	2.066 	-0.0845439 	-1.59003 	0.000568537 	-0.100972 	0.00404402 	
0.635	2.06659 	-0.0847629 	-1.58987 	0.000555298 	-0.101007 	0.00403778 	
0.64	2.06547 	-0.0836697 	-1.59209 	0.000608888 	-0.101043 	0.00402851 	
0.645	2.06631 	-0.0839275 	-1.59208 	0.000593702 	-0.101087 	0.00402197 	
0.65	2.06704 	-0.0841794 	-1.59199 	0.00057869 	-0.101128 	0.00401518 	
0.655	2.06765 	-0.0844033 	-1.59182 	0.000565126 	-0.101163 	0.00400874 	
0.66	2.0665 	-0.0832909 	-1.59409 	0.000620004 	-0.1012 	0.00399962 	
0.665	2.06737 	-0.0835548 	-1.59409 	0.000604427 	-0.101245 	0.00399287 	
0.67	2.06812 	-0.0838127 	-1.59399 	0.000589032 	-0.101287 	0.00398585 	
0.675	2.06873 	-0.0840418 	-1.59382 	0.000575127 	-0.101323 	0.0039792 	
0.68	2.06756 	-0.0829092 	-1.59615 	0.000631367 	-0.101361 	0.00397024 	
0.685	2.06845 	-0.0831795 	-1.59615 	0.000615378 	-0.101408 	0.00396328 	
0.69	2.06921 	-0.0834437 	-1.59605 	0.000599579 	-0.10145 	0.00395602 	
0.695	2.06984 	-0.0836782 	-1.59587 	0.000585315 	-0.101487 	0.00394913 	
0.7	2.06864 	-0.0825267 	-1.59826 	0.000642876 	-0.101526 	0.00394038 	
0.705	2.06955 	-0.0828038 	-1.59825 	0.000626462 	-0.101573 	0.00393318 	
0.71	2.07034 	-0.0830744 	-1.59815 	0.000610246 	-0.101617 	0.00392568 	
0.715	2.07098 	-0.0833146 	-1.59797 	0.000595609 	-0.101655 	0.00391855 	
0.72	2.06975 	-0.0821456 	-1.60041 	0.000654444 	-0.101694 	0.00391001 	
0.725	2.07069 	-0.0824295 	-1.60041 	0.000637595 	-0.101743 	0.00390258 	
0.73	2.07149 	-0.0827068 	-1.60031 	0.000620953 	-0.101788 	0.00389482 	
0.735	2.07215 	-0.0829527 	-1.60012 	0.000605936 	-0.101826 	0.00388744 	
0.74	2.07089 	-0.0817677 	-1.60261 	0.000665999 	-0.101867 	0.00387915 	
0.745	2.07185 	-0.0820585 	-1.60262 	0.000648709 	-0.101917 	0.00387148 	
0.75	2.07267 	-0.0823424 	-1.60251 	0.000631636 	-0.101962 	0.00386345 	
0.755	2.07334 	-0.0825941 	-1.60232 	0.000616235 	-0.102001 	0.00385582 	
0.76	2.07206 	-0.0813944 	-1.60486 	0.000677482 	-0.102042 	0.00384781 	
0.765	2.07304 	-0.0816921 	-1.60487 	0.000659749 	-0.102094 	0.00383988 	
0.77	2.07388 	-0.0819827 	-1.60476 	0.000642243 	-0.10214 	0.00383159 	
0.775	2.07456 	-0.0822402 	-1.60456 	0.000626455 	-0.10218 	0.00382371 	
0.78	2.07325 	-0.0810272 	-1.60715 	0.000688844 	-0.102222 	0.003816 	
0.785	2.07425 	-0.0813317 	-1.60716 	0.000670667 	-0.102274 	0.00380782 	
0.79	2.07511 	-0.0816289 	-1.60705 	0.000652729 	-0.102322 	0.00379926 	
0.795	2.07581 	-0.0818922 	-1.60685 	0.000636554 	-0.102362 	0.00379111 	
0.8	2.07447 	-0.0806671 	-1.60948 	0.000700044 	-0.102405 	0.00378373 	
0.805	2.07549 	-0.0809785 	-1.60949 	0.000681425 	-0.102458 	0.00377531 	
0.81	2.07637 	-0.0812822 	-1.60938 	0.000663056 	-0.102507 	0.00376647 	
0.815	2.07707 	-0.0815512 	-1.60917 	0.000646496 	-0.102548 	0.00375806 	
0.82	2.07571 	-0.0803154 	-1.61186 	0.000711045 	-0.102591 	0.00375105 	
0.825	2.07676 	-0.0806335 	-1.61187 	0.000691988 	-0.102646 	0.00374237 	
0.83	2.07765 	-0.0809436 	-1.61176 	0.000673191 	-0.102695 	0.00373325 	
0.835	2.07836 	-0.0812183 	-1.61154 	0.000656248 	-0.102737 	0.00372458 	
0.84	2.07698 	-0.079973 	-1.61427 	0.000721815 	-0.102781 	0.00371796 	
0.845	2.07804 	-0.0802977 	-1.61428 	0.000702324 	-0.102836 	0.00370902 	
0.85	2.07895 	-0.0806142 	-1.61417 	0.000683103 	-0.102886 	0.00369963 	
0.855	2.07968 	-0.0808944 	-1.61395 	0.000665782 	-0.102929 	0.00369069 	
0.86	2.07827 	-0.0796409 	-1.61672 	0.000732326 	-0.102973 	0.00368449 	
0.865	2.07935 	-0.0799721 	-1.61673 	0.000712406 	-0.10303 	0.0036753 	
0.87	2.08027 	-0.0802948 	-1.61662 	0.000692766 	-0.10308 	0.00366564 	
0.875	2.08101 	-0.0805805 	-1.61639 	0.00067507 	-0.103124 	0.00365643 	
0.88	2.07958 	-0.07932 	-1.6192 	0.00074255 	-0.103169 	0.00365068 	
0.885	2.08068 	-0.0796575 	-1.61922 	0.000722206 	-0.103226 	0.00364123 	
0.89	2.08161 	-0.0799863 	-1.6191 	0.000702153 	-0.103278 	0.00363129 	
0.895	2.08068 	-0.0790891 	-1.62125 	0.000749966 	-0.103324 	0.00362451 	
0.9	2.0817 	-0.0794301 	-1.62118 	0.000729259 	-0.103379 	0.00361447 	
0.905	2.0826 	-0.0797596 	-1.62103 	0.000709069 	-0.103429 	0.00360425 	
0.91	2.08336 	-0.0800546 	-1.62081 	0.000690732 	-0.103474 	0.00359459 	
0.915	2.08124 	-0.0779024 	-1.62257 	0.00068693 	-0.103428 	0.003694 	
0.92	2.08236 	-0.0782482 	-1.62258 	0.000665992 	-0.103487 	0.00368414 	
0.925	2.08331 	-0.0785848 	-1.62246 	0.000645374 	-0.103539 	0.00367377 	
0.93	2.08236 	-0.0776863 	-1.62465 	0.000694135 	-0.103587 	0.0036677 	
0.935	2.0834 	-0.0780357 	-1.62459 	0.000672831 	-0.103643 	0.00365725 	
0.94	2.08432 	-0.0783732 	-1.62443 	0.000652061 	-0.103694 	0.0036466 	
0.945	2.08341 	-0.077506 	-1.62657 	0.000699408 	-0.103742 	0.00364068 	
0.95	2.08445 	-0.0778578 	-1.62651 	0.000677912 	-0.103798 	0.00363006 	
0.955	2.08537 	-0.0781973 	-1.62635 	0.000656974 	-0.10385 	0.00361926 	
0.96	2.08446 	-0.0773317 	-1.62851 	0.000704588 	-0.103898 	0.00361364 	
0.965	2.08551 	-0.0776858 	-1.62844 	0.000682902 	-0.103954 	0.00360288 	
0.97	2.08644 	-0.0780277 	-1.62829 	0.00066178 	-0.104006 	0.00359194 	
0.975	2.08551 	-0.0771615 	-1.63046 	0.000709794 	-0.104055 	0.00358664 	
0.98	2.08657 	-0.0775183 	-1.6304 	0.000687907 	-0.104112 	0.00357573 	
0.985	2.08751 	-0.0778628 	-1.63024 	0.000666586 	-0.104164 	0.00356463 	
0.99	2.08658 	-0.0769964 	-1.63243 	0.000714985 	-0.104213 	0.00355967 	
0.995	2.08765 	-0.077356 	-1.63237 	0.000692884 	-0.10427 	0.0035486 	
1	2.08859 	-0.0777032 	-1.63221 	0.000671354 	-0.104323 	0.00353734 	
1.005	2.08765 	-0.0768373 	-1.63442 	0.000720108 	-0.104372 	0.0035327 	
1.01	2.08872 	-0.0771999 	-1.63436 	0.000697786 	-0.104429 	0.00352147 	
1.015	2.08968 	-0.0775499 	-1.6342 	0.00067604 	-0.104482 	0.00351004 	
1.02	2.08872 	-0.0766852 	-1.63642 	0.00072512 	-0.104532 	0.00350573 	
1.025	2.08981 	-0.0770508 	-1.63636 	0.000702572 	-0.10459 	0.00349434 	
1.03	2.09077 	-0.0774037 	-1.6362 	0.000680607 	-0.104643 	0.00348274 	
1.035	2.08981 	-0.0765407 	-1.63844 	0.000729986 	-0.104693 	0.00347877 	
1.04	2.0909 	-0.0769093 	-1.63838 	0.00070721 	-0.104751 	0.00346721 	
1.045	2.09186 	-0.0772651 	-1.63822 	0.000685022 	-0.104804 	0.00345542 	
1.05	2.0909 	-0.0764045 	-1.64047 	0.000734676 	-0.104854 	0.0034518 	
1.055	2.092 	-0.0767761 	-1.64041 	0.00071167 	-0.104913 	0.00344007 	
1.06	2.09296 	-0.0771349 	-1.64025 	0.000689258 	-0.104967 	0.00342811 	
1.065	2.09199 	-0.0762771 	-1.64251 	0.000739165 	-0.105017 	0.00342483 	
1.07	2.0931 	-0.0766517 	-1.64245 	0.000715929 	-0.105076 	0.00341293 	
1.075	2.09407 	-0.0770134 	-1.64229 	0.000693295 	-0.10513 	0.00340079 	
1.08	2.09309 	-0.0761589 	-1.64457 	0.00074343 	-0.10518 	0.00339786 	
1.085	2.0942 	-0.0765366 	-1.64451 	0.000719967 	-0.105239 	0.00338579 	
1.09	2.09518 	-0.0769011 	-1.64435 	0.000697112 	-0.105294 	0.00337348 	
1.095	2.09419 	-0.0760504 	-1.64663 	0.000747455 	-0.105344 	0.00337091 	
1.1	2.09531 	-0.076431 	-1.64657 	0.000723766 	-0.105404 	0.00335867 	
1.105	2.09629 	-0.0767983 	-1.64641 	0.000700693 	-0.105458 	0.00334617 	
1.11	2.0953 	-0.0759519 	-1.6487 	0.000751222 	-0.105509 	0.00334397 	
1.115	2.09642 	-0.0763353 	-1.64864 	0.000727313 	-0.105569 	0.00333156 	
1.12	2.09741 	-0.0767054 	-1.64848 	0.000704024 	-0.105623 	0.00331889 	
1.125	2.09641 	-0.0758637 	-1.65078 	0.000754719 	-0.105674 	0.00331705 	
1.13	2.09754 	-0.0762499 	-1.65072 	0.000730592 	-0.105734 	0.00330448 	
1.135	2.09853 	-0.0766226 	-1.65056 	0.000707094 	-0.105789 	0.00329164 	
1.14	2.09753 	-0.0757861 	-1.65287 	0.000757934 	-0.10584 	0.00329017 	
1.145	2.09866 	-0.076175 	-1.65281 	0.000733595 	-0.1059 	0.00327743 	
1.15	2.09965 	-0.0765502 	-1.65264 	0.00070989 	-0.105955 	0.00326442 	
1.155	2.09864 	-0.0757193 	-1.65496 	0.000760856 	-0.106006 	0.00326334 	
1.16	2.09978 	-0.0761108 	-1.6549 	0.000736309 	-0.106067 	0.00325043 	
1.165	2.10078 	-0.0764885 	-1.65474 	0.000712404 	-0.106122 	0.00323725 	
1.17	2.09976 	-0.0756635 	-1.65706 	0.000763475 	-0.106173 	0.00323655 	
1.175	2.1009 	-0.0760574 	-1.657 	0.000738728 	-0.106234 	0.00322348 	
1.18	2.1019 	-0.0764375 	-1.65683 	0.000714627 	-0.106289 	0.00321014 	
1.185	2.10088 	-0.0756189 	-1.65916 	0.000765785 	-0.10634 	0.00320983 	
1.19	2.10202 	-0.0760152 	-1.6591 	0.000740842 	-0.106401 	0.0031966 	
1.195	2.10303 	-0.0763975 	-1.65894 	0.000716552 	-0.106456 	0.0031831 	
1.2	2.10201 	-0.0755856 	-1.66127 	0.000767776 	-0.106508 	0.00318318 	
1.205	2.10315 	-0.0759841 	-1.66121 	0.000742644 	-0.106568 	0.0031698 	
1.21	2.10415 	-0.0763686 	-1.66104 	0.000718171 	-0.106624 	0.00315613 	
1.215	2.10313 	-0.0755638 	-1.66338 	0.000769443 	-0.106675 	0.00315661 	
1.22	2.10427 	-0.0759644 	-1.66332 	0.000744129 	-0.106736 	0.00314308 	
1.225	2.10528 	-0.076351 	-1.66315 	0.00071948 	-0.106792 	0.00312926 	
1.23	2.10425 	-0.0755536 	-1.66549 	0.00077078 	-0.106843 	0.00313013 	
1.235	2.1054 	-0.0759562 	-1.66543 	0.000745291 	-0.106904 	0.00311645 	
1.24	2.10641 	-0.0763447 	-1.66526 	0.000720472 	-0.106959 	0.00310248 	
1.245	2.10538 	-0.075555 	-1.6676 	0.00077178 	-0.107011 	0.00310376 	
1.25	2.10652 	-0.0759596 	-1.66754 	0.000746124 	-0.107072 	0.00308994 	
1.255	2.10753 	-0.0763498 	-1.66737 	0.000721142 	-0.107127 	0.00307582 	
1.26	2.1065 	-0.0755682 	-1.66971 	0.000772441 	-0.107179 	0.00307749 	
1.265	2.10765 	-0.0759745 	-1.66965 	0.000746624 	-0.10724 	0.00306354 	
1.27	2.10866 	-0.0763664 	-1.66948 	0.000721487 	-0.107295 	0.00304928 	
1.275	2.10762 	-0.0755932 	-1.67182 	0.000772756 	-0.107347 	0.00305135 	
1.28	2.10877 	-0.0760011 	-1.67176 	0.000746787 	-0.107408 	0.00303726 	
1.285	2.10978 	-0.0763946 	-1.67159 	0.000721502 	-0.107463 	0.00302286 	
1.29	2.10926 	-0.0763077 	-1.67473 	0.000824409 	-0.107582 	0.00294609 	
1.295	2.1104 	-0.0767171 	-1.67466 	0.000798295 	-0.107643 	0.00293187 	
1.3	2.11141 	-0.0771119 	-1.67449 	0.000772871 	-0.107699 	0.00291734 	
1.305	2.11038 	-0.0763562 	-1.67683 	0.000823973 	-0.10775 	0.00292017 	
1.31	2.11152 	-0.0767669 	-1.67677 	0.000797723 	-0.107811 	0.00290582 	
1.315	2.11253 	-0.0771631 	-1.6766 	0.000772167 	-0.107866 	0.00289117 	
1.32	2.11149 	-0.0764166 	-1.67894 	0.000823183 	-0.107918 	0.00289441 	
1.325	2.11263 	-0.0768285 	-1.67887 	0.000796805 	-0.107978 	0.00287993 	
1.33	2.11364 	-0.0772258 	-1.6787 	0.000771125 	-0.108033 	0.00286516 	
1.335	2.1126 	-0.0764888 	-1.68104 	0.000822036 	-0.108085 	0.0028688 	
1.34	2.11375 	-0.0769018 	-1.68097 	0.000795539 	-0.108145 	0.00285421 	
1.345	2.11475 	-0.0773002 	-1.6808 	0.000769743 	-0.1082 	0.00283931 	
1.35	2.11371 	-0.0765729 	-1.68313 	0.00082053 	-0.108251 	0.00284336 	
1.355	2.11485 	-0.0769869 	-1.68307 	0.000793922 	-0.108312 	0.00282866 	
1.36	2.11586 	-0.0773861 	-1.68289 	0.000768019 	-0.108367 	0.00281365 	
1.365	2.11482 	-0.0766688 	-1.68522 	0.000818664 	-0.108418 	0.00281809 	
1.37	2.11595 	-0.0770836 	-1.68516 	0.000791954 	-0.108478 	0.00280329 	
1.375	2.11696 	-0.0774835 	-1.68498 	0.000765952 	-0.108533 	0.00278818 	
1.38	2.11592 	-0.0767765 	-1.6873 	0.000816436 	-0.108584 	0.00279302 	
1.385	2.11705 	-0.0771918 	-1.68724 	0.000789634 	-0.108644 	0.00277811 	
1.39	2.11805 	-0.0775924 	-1.68706 	0.000763543 	-0.108699 	0.0027629 	
1.395	2.11702 	-0.0768958 	-1.68938 	0.000813846 	-0.108749 	0.00276813 	
1.4	2.11815 	-0.0773116 	-1.68931 	0.00078696 	-0.108809 	0.00275314 	
1.405	2.11914 	-0.0777127 	-1.68914 	0.000760789 	-0.108864 	0.00273783 	
1.41	2.11811 	-0.0770267 	-1.69144 	0.000810893 	-0.108914 	0.00274345 	
1.415	2.11923 	-0.0774429 	-1.69138 	0.000783934 	-0.108974 	0.00272836 	
1.42	2.12023 	-0.0778443 	-1.6912 	0.000757692 	-0.109028 	0.00271297 	
1.425	2.1192 	-0.077169 	-1.6935 	0.000807578 	-0.109078 	0.00271898 	
1.43	2.12032 	-0.0775855 	-1.69343 	0.000780556 	-0.109138 	0.00270381 	
1.435	2.12131 	-0.077987 	-1.69326 	0.000754251 	-0.109192 	0.00268833 	
1.44	2.12028 	-0.0773228 	-1.69555 	0.000803902 	-0.109242 	0.00269472 	
1.445	2.12139 	-0.0777392 	-1.69548 	0.000776825 	-0.109301 	0.00267947 	
1.45	2.12238 	-0.0781408 	-1.69531 	0.000750468 	-0.109355 	0.00266393 	
1.455	2.12135 	-0.0774877 	-1.69758 	0.000799865 	-0.109405 	0.00267068 	
1.46	2.12246 	-0.0779041 	-1.69752 	0.000772744 	-0.109464 	0.00265537 	
1.465	2.12344 	-0.0783056 	-1.69734 	0.000746345 	-0.109517 	0.00263975 	
1.47	2.12242 	-0.0776638 	-1.69961 	0.000795469 	-0.109567 	0.00264687 	
1.475	2.12353 	-0.0780799 	-1.69954 	0.000768314 	-0.109625 	0.0026315 	
1.48	2.1245 	-0.0784811 	-1.69937 	0.000741882 	-0.109678 	0.00261582 	
1.485	2.12348 	-0.0778507 	-1.70162 	0.000790716 	-0.109728 	0.0026233 	
1.49	2.12458 	-0.0782664 	-1.70155 	0.000763537 	-0.109786 	0.00260787 	
1.495	2.12555 	-0.0786672 	-1.70138 	0.000737082 	-0.109839 	0.00259214 	
1.5	2.12454 	-0.0780484 	-1.70362 	0.000785607 	-0.109888 	0.00259997 	
1.505	2.12563 	-0.0784635 	-1.70355 	0.000758415 	-0.109946 	0.00258448 	
1.51	2.1266 	-0.0788637 	-1.70338 	0.000731948 	-0.109998 	0.00256871 	
1.515	2.12559 	-0.0782566 	-1.70561 	0.000780146 	-0.110047 	0.00257688 	
1.52	2.12667 	-0.078671 	-1.70553 	0.000752951 	-0.110105 	0.00256136 	
1.525	2.12763 	-0.0790705 	-1.70536 	0.000726482 	-0.110157 	0.00254554 	
1.53	2.12663 	-0.0784752 	-1.70758 	0.000774335 	-0.110205 	0.00255405 	
1.535	2.12771 	-0.0788887 	-1.7075 	0.000747149 	-0.110262 	0.00253849 	
1.54	2.12866 	-0.0792873 	-1.70733 	0.000720687 	-0.110314 	0.00252264 	
1.545	2.12766 	-0.0787039 	-1.70953 	0.000768179 	-0.110362 	0.00253147 	
1.55	2.12873 	-0.0791163 	-1.70946 	0.000741011 	-0.110419 	0.00251588 	
1.555	2.12968 	-0.0795139 	-1.70929 	0.000714569 	-0.11047 	0.00250001 	
1.56	2.12868 	-0.0789424 	-1.71147 	0.000761681 	-0.110518 	0.00250915 	
1.565	2.12975 	-0.0793536 	-1.7114 	0.000734543 	-0.110574 	0.00249354 	
1.57	2.13069 	-0.0797501 	-1.71123 	0.00070813 	-0.110625 	0.00247766 	
1.575	2.1297 	-0.0791906 	-1.71339 	0.000754845 	-0.110673 	0.0024871 	
1.58	2.13075 	-0.0796004 	-1.71332 	0.000727748 	-0.110729 	0.00247147 	
1.585	2.13169 	-0.0799956 	-1.71315 	0.000701375 	-0.110779 	0.00245558 	
1.59	2.13071 	-0.0794482 	-1.71529 	0.000747675 	-0.110826 	0.00246532 	
1.595	2.13175 	-0.0798565 	-1.71522 	0.000720631 	-0.110881 	0.00244968 	
1.6	2.13247 	-0.0799756 	-1.71472 	0.00067366 	-0.110904 	0.00246645 	
1.605	2.1315 	-0.0794403 	-1.71685 	0.000719548 	-0.110951 	0.00247649 	
1.61	2.13253 	-0.0798469 	-1.71678 	0.000692567 	-0.111006 	0.00246085 	
1.615	2.13345 	-0.080239 	-1.71661 	0.000666308 	-0.111056 	0.00244496 	
1.62	2.13424 	-0.0805897 	-1.71636 	0.00064249 	-0.111099 	0.00243001 	
1.625	2.13272 	-0.0797791 	-1.71918 	0.00071035 	-0.111144 	0.00244905 	
1.63	2.13383 	-0.0801845 	-1.71919 	0.000683564 	-0.111202 	0.00243414 	
1.635	2.13478 	-0.0805792 	-1.71906 	0.000657159 	-0.111253 	0.00241836 	
1.64	2.13377 	-0.0800467 	-1.72121 	0.000704035 	-0.111299 	0.00242973 	
1.645	2.13479 	-0.0804522 	-1.72114 	0.000677036 	-0.111353 	0.00241403 	
1.65	2.1357 	-0.0808435 	-1.72097 	0.000650735 	-0.111402 	0.00239804 	
1.655	2.13647 	-0.0811933 	-1.72072 	0.00062689 	-0.111445 	0.002383 	
1.66	2.13497 	-0.0804213 	-1.72348 	0.000693265 	-0.111489 	0.0024027 	
1.665	2.13606 	-0.0808244 	-1.72348 	0.000666527 	-0.111545 	0.0023877 	
1.67	2.13699 	-0.0812168 	-1.72335 	0.000640174 	-0.111595 	0.00237187 	
1.675	2.13774 	-0.0815643 	-1.7231 	0.000616432 	-0.111637 	0.00235683 	
1.68	2.13622 	-0.0807916 	-1.72588 	0.000683743 	-0.111681 	0.0023776 	
1.685	2.1373 	-0.081194 	-1.72589 	0.000657004 	-0.111737 	0.00236258 	
1.69	2.13822 	-0.0815861 	-1.72576 	0.00063063 	-0.111786 	0.0023467 	
1.695	2.13897 	-0.081933 	-1.72551 	0.000606877 	-0.111828 	0.00233162 	
1.7	2.13746 	-0.0811829 	-1.72825 	0.000673244 	-0.111871 	0.00235269 	
1.705	2.13852 	-0.0815838 	-1.72825 	0.000646545 	-0.111926 	0.00233762 	
1.71	2.13943 	-0.0819744 	-1.72812 	0.000620215 	-0.111975 	0.00232172 	
1.715	2.14017 	-0.0823202 	-1.72787 	0.000596497 	-0.112016 	0.00230663 	
1.72	2.13869 	-0.0815944 	-1.73057 	0.000661724 	-0.112058 	0.0023279 	
1.725	2.13973 	-0.081993 	-1.73057 	0.000635123 	-0.112112 	0.00231283 	
1.73	2.14062 	-0.0823812 	-1.73044 	0.000608894 	-0.11216 	0.00229694 	
1.735	2.14135 	-0.0827251 	-1.73019 	0.000585262 	-0.112201 	0.00228188 	
1.74	2.13989 	-0.0820233 	-1.73284 	0.000649318 	-0.112243 	0.00230333 	
1.745	2.14092 	-0.0824188 	-1.73284 	0.000622867 	-0.112296 	0.00228828 	
1.75	2.1418 	-0.082804 	-1.73271 	0.000596788 	-0.112343 	0.00227245 	
1.755	2.14252 	-0.0831453 	-1.73246 	0.000573286 	-0.112383 	0.00225744 	
1.76	2.14108 	-0.0824672 	-1.73507 	0.000636148 	-0.112424 	0.00227905 	
1.765	2.14209 	-0.082859 	-1.73506 	0.00060989 	-0.112476 	0.00226405 	
1.77	2.14295 	-0.0832405 	-1.73493 	0.000584003 	-0.112523 	0.0022483 	
1.775	2.14366 	-0.0835787 	-1.73469 	0.00056067 	-0.112562 	0.00223338 	
1.78	2.14225 	-0.0829241 	-1.73724 	0.000622312 	-0.112602 	0.00225512 	
1.785	2.14323 	-0.0833115 	-1.73723 	0.000596285 	-0.112654 	0.0022402 	
1.79	2.14408 	-0.0836889 	-1.7371 	0.000570628 	-0.112699 	0.00222455 	
1.795	2.14478 	-0.0840236 	-1.73686 	0.000547497 	-0.112738 	0.00220975 	
1.8	2.1434 	-0.083392 	-1.73937 	0.00060789 	-0.112778 	0.00223158 	
1.805	2.14436 	-0.0837747 	-1.73935 	0.000582128 	-0.112828 	0.00221676 	
1.81	2.1452 	-0.0841475 	-1.73922 	0.000556733 	-0.112872 	0.00220124 	
1.815	2.14588 	-0.0844781 	-1.73899 	0.000533834 	-0.11291 	0.00218657 	
1.82	2.14453 	-0.0838695 	-1.74144 	0.000592947 	-0.112949 	0.00220845 	
1.825	2.14547 	-0.0842469 	-1.74142 	0.000567481 	-0.112998 	0.00219375 	
1.83	2.14629 	-0.0846147 	-1.74129 	0.000542378 	-0.113042 	0.00217838 	
1.835	2.14696 	-0.084941 	-1.74107 	0.000519738 	-0.113079 	0.00216387 	
1.84	2.14563 	-0.0843549 	-1.74346 	0.000577537 	-0.113118 	0.00218576 	
1.845	2.14656 	-0.0847268 	-1.74345 	0.000552396 	-0.113165 	0.00217121 	
1.85	2.14736 	-0.0850892 	-1.74332 	0.000527613 	-0.113208 	0.00215601 	
1.855	2.14802 	-0.0854108 	-1.74309 	0.000505258 	-0.113245 	0.00214167 	
1.86	2.14672 	-0.0848471 	-1.74544 	0.000561709 	-0.113282 	0.00216353 	
1.865	2.14762 	-0.085213 	-1.74541 	0.00053692 	-0.113329 	0.00214913 	
1.87	2.1484 	-0.0855696 	-1.74529 	0.000512483 	-0.113371 	0.00213412 	
1.875	2.14905 	-0.0858863 	-1.74507 	0.000490436 	-0.113407 	0.00211997 	
1.88	2.14778 	-0.0853448 	-1.74735 	0.000545505 	-0.113443 	0.00214176 	
1.885	2.14866 	-0.0857044 	-1.74733 	0.000521093 	-0.113489 	0.00212754 	
1.89	2.14943 	-0.0860549 	-1.74721 	0.000497028 	-0.11353 	0.00211274 	
1.895	2.15006 	-0.0863663 	-1.74699 	0.000475312 	-0.113565 	0.00209879 	
1.9	2.14883 	-0.0858467 	-1.74922 	0.000528964 	-0.113601 	0.00212046 	
1.905	2.14968 	-0.0861996 	-1.74919 	0.000504953 	-0.113645 	0.00210643 	
1.91	2.15043 	-0.0865438 	-1.74907 	0.000481284 	-0.113685 	0.00209185 	
1.915	2.15114 	-0.0869622 	-1.749 	0.000468264 	-0.113731 	0.00206459 	
1.92	2.14993 	-0.0864643 	-1.75117 	0.000520456 	-0.113766 	0.00208608 	
1.925	2.15076 	-0.0868103 	-1.75114 	0.000496871 	-0.113809 	0.00207226 	
1.93	2.15149 	-0.0871478 	-1.75102 	0.000473621 	-0.113848 	0.00205793 	
1.935	2.1521 	-0.0874478 	-1.75082 	0.000452632 	-0.113881 	0.00204444 	
1.94	2.15267 	-0.0877228 	-1.75061 	0.000433278 	-0.113913 	0.00203192 	
1.945	2.1511 	-0.087059 	-1.75323 	0.000500897 	-0.113946 	0.00206166 	
1.95	2.15196 	-0.0873977 	-1.75327 	0.000477914 	-0.113991 	0.00204867 	
1.955	2.15269 	-0.087731 	-1.75317 	0.000454976 	-0.11403 	0.00203469 	
1.96	2.15328 	-0.0880246 	-1.75298 	0.000434392 	-0.114062 	0.00202144 	
1.965	2.15384 	-0.0882938 	-1.75278 	0.000415413 	-0.114093 	0.00200914 	
1.97	2.15228 	-0.0876486 	-1.75535 	0.000482093 	-0.114125 	0.0020391 	
1.975	2.15312 	-0.0879808 	-1.75538 	0.000459508 	-0.114168 	0.00202629 	
1.98	2.15383 	-0.0883081 	-1.75529 	0.000436952 	-0.114206 	0.00201252 	
1.985	2.1544 	-0.0885965 	-1.7551 	0.00041671 	-0.114237 	0.00199948 	
1.99	2.15494 	-0.0888608 	-1.75491 	0.000398046 	-0.114267 	0.00198737 	
1.995	2.15344 	-0.0882512 	-1.75739 	0.000462129 	-0.114298 	0.00201667 	
2	2.15424 	-0.0885756 	-1.75741 	0.000440024 	-0.114339 	0.00200405 	
2.005	2.15493 	-0.0888952 	-1.75732 	0.000417954 	-0.114376 	0.00199055 	
2.01	2.15549 	-0.0891772 	-1.75713 	0.000398136 	-0.114406 	0.00197777 	
2.015	2.15601 	-0.0894357 	-1.75695 	0.000379863 	-0.114435 	0.00196592 	
2.02	2.15457 	-0.0888623 	-1.75932 	0.000441169 	-0.114465 	0.00199443 	
2.025	2.15534 	-0.0891775 	-1.75934 	0.000419631 	-0.114505 	0.00198205 	
2.03	2.156 	-0.0894883 	-1.75925 	0.000398132 	-0.11454 	0.00196887 	
2.035	2.15654 	-0.0897628 	-1.75907 	0.000378816 	-0.114569 	0.00195642 	
2.04	2.15704 	-0.0900144 	-1.75889 	0.000361005 	-0.114597 	0.00194487 	
2.045	2.15567 	-0.0894762 	-1.76116 	0.000419491 	-0.114626 	0.00197251 	
2.05	2.1564 	-0.0897815 	-1.76117 	0.000398591 	-0.114664 	0.00196043 	
2.055	2.15704 	-0.0900824 	-1.76108 	0.000377732 	-0.114698 	0.00194761 	
2.06	2.15756 	-0.0903485 	-1.76091 	0.000358981 	-0.114726 	0.00193553 	
2.065	2.15804 	-0.0905925 	-1.76074 	0.00034169 	-0.114753 	0.00192432 	
2.07	2.15674 	-0.0900888 	-1.7629 	0.000397318 	-0.11478 	0.00195102 	
2.075	2.15743 	-0.0903832 	-1.76291 	0.000377114 	-0.114817 	0.00193928 	
2.08	2.15804 	-0.0906736 	-1.76282 	0.000356952 	-0.114849 	0.00192687 	
2.085	2.15854 	-0.0909306 	-1.76266 	0.000338818 	-0.114876 	0.00191519 	
2.09	2.15901 	-0.0911663 	-1.76249 	0.000322096 	-0.114902 	0.00190436 	
2.095	2.15945 	-0.0913822 	-1.76233 	0.000306683 	-0.114926 	0.00189431 	
2.1	2.1579 	-0.0907761 	-1.76477 	0.0003724 	-0.114952 	0.00192699 	
2.105	2.1586 	-0.0910584 	-1.76481 	0.000353092 	-0.114988 	0.0019161 	
2.11	2.1592 	-0.0913395 	-1.76475 	0.000333599 	-0.115019 	0.00190422 	
2.115	2.15967 	-0.0915865 	-1.76459 	0.000316152 	-0.115045 	0.00189298 	
2.12	2.16012 	-0.091813 	-1.76444 	0.000300064 	-0.11507 	0.00188255 	
2.125	2.16054 	-0.0920206 	-1.76428 	0.000285235 	-0.115093 	0.00187288 	
2.13	2.15906 	-0.0914522 	-1.7666 	0.000347778 	-0.115117 	0.00190448 	
2.135	2.15972 	-0.0917226 	-1.76664 	0.000329249 	-0.115151 	0.00189395 	
2.14	2.16028 	-0.0919921 	-1.76658 	0.000310534 	-0.115181 	0.00188252 	
2.145	2.16073 	-0.0922291 	-1.76643 	0.000293775 	-0.115205 	0.00187173 	
2.15	2.16116 	-0.0924466 	-1.76629 	0.000278319 	-0.115228 	0.00186172 	
2.155	2.16155 	-0.092646 	-1.76614 	0.000264071 	-0.11525 	0.00185244 	
2.16	2.16193 	-0.0928285 	-1.76599 	0.000250941 	-0.115271 	0.00184382 	
2.165	2.16029 	-0.0921959 	-1.76848 	0.000320077 	-0.115293 	0.00187967 	
2.17	2.16093 	-0.0924523 	-1.76855 	0.000302556 	-0.115326 	0.00186996 	
2.175	2.16148 	-0.0927101 	-1.7685 	0.000284673 	-0.115355 	0.00185912 	
2.18	2.1619 	-0.0929356 	-1.76837 	0.000268724 	-0.115378 	0.00184886 	
2.185	2.1623 	-0.0931426 	-1.76823 	0.000254014 	-0.115399 	0.00183934 	
2.19	2.16267 	-0.0933323 	-1.7681 	0.000240451 	-0.11542 	0.0018305 	
2.195	2.16302 	-0.0935061 	-1.76796 	0.000227951 	-0.115439 	0.00182231 	
2.2	2.16151 	-0.0929328 	-1.77026 	0.000291631 	-0.11546 	0.00185579 	
2.205	2.1621 	-0.0931738 	-1.77031 	0.000275122 	-0.11549 	0.00184651 	
2.21	2.1626 	-0.0934163 	-1.77027 	0.000258275 	-0.115516 	0.00183627 	
2.215	2.16299 	-0.093629 	-1.77015 	0.000243228 	-0.115538 	0.0018266 	
2.22	2.16336 	-0.0938243 	-1.77002 	0.000229349 	-0.115558 	0.00181764 	
2.225	2.16371 	-0.0940034 	-1.7699 	0.000216549 	-0.115577 	0.00180932 	
2.23	2.16404 	-0.0941676 	-1.76977 	0.000204751 	-0.115595 	0.0018016 	
2.235	2.16435 	-0.0943179 	-1.76965 	0.000193878 	-0.115612 	0.00179445 	
2.24	2.16277 	-0.0937238 	-1.77198 	0.000259768 	-0.11563 	0.00182979 	
2.245	2.16333 	-0.0939461 	-1.77204 	0.000244563 	-0.115658 	0.00182138 	
2.25	2.16379 	-0.0941718 	-1.77201 	0.000228898 	-0.115683 	0.00181191 	
2.255	2.16416 	-0.0943691 	-1.77191 	0.000214947 	-0.115702 	0.00180296 	
2.26	2.16449 	-0.0945503 	-1.7718 	0.000202075 	-0.115721 	0.00179466 	
2.265	2.16481 	-0.0947166 	-1.77169 	0.000190203 	-0.115738 	0.00178696 	
2.27	2.16511 	-0.0948691 	-1.77158 	0.000179255 	-0.115755 	0.00177983 	
2.275	2.16539 	-0.0950089 	-1.77146 	0.000169163 	-0.11577 	0.00177321 	
2.28	2.16566 	-0.0951369 	-1.77135 	0.000159865 	-0.115785 	0.00176707 	
2.285	2.1641 	-0.0945502 	-1.77362 	0.000225058 	-0.115801 	0.00180266 	
2.29	2.1646 	-0.0947509 	-1.7737 	0.000211347 	-0.115826 	0.00179513 	
2.295	2.16484 	-0.0947118 	-1.77338 	0.000179179 	-0.115823 	0.00181616 	
2.3	2.16516 	-0.0948912 	-1.77329 	0.000166509 	-0.115841 	0.00180805 	
2.305	2.16547 	-0.095056 	-1.7732 	0.000154816 	-0.115857 	0.00180054 	
2.31	2.16575 	-0.0952075 	-1.7731 	0.000144026 	-0.115873 	0.00179357 	
2.315	2.16602 	-0.0953465 	-1.77301 	0.000134072 	-0.115887 	0.00178711 	
2.32	2.16627 	-0.0954741 	-1.77292 	0.000124892 	-0.115901 	0.00178112 	
2.325	2.1665 	-0.095591 	-1.77282 	0.000116429 	-0.115914 	0.00177556 	
2.33	2.16672 	-0.0956982 	-1.77273 	0.000108629 	-0.115926 	0.00177041 	
2.335	2.16693 	-0.0957963 	-1.77264 	0.000101441 	-0.115937 	0.00176563 	
2.34	2.16535 	-0.0952021 	-1.77488 	0.000167226 	-0.115951 	0.0018022 	
2.345	2.16579 	-0.0953759 	-1.77496 	0.000155402 	-0.115973 	0.00179585 	
2.35	2.16616 	-0.0955567 	-1.77496 	0.000142904 	-0.115992 	0.00178839 	
2.355	2.16644 	-0.0957138 	-1.77489 	0.000131841 	-0.116006 	0.00178136 	
2.36	2.1667 	-0.0958584 	-1.77482 	0.000121625 	-0.11602 	0.00177483 	
2.365	2.16694 	-0.0959914 	-1.77474 	0.000112192 	-0.116034 	0.00176878 	
2.37	2.16717 	-0.0961136 	-1.77467 	0.000103484 	-0.116046 	0.00176317 	
2.375	2.16738 	-0.096226 	-1.7746 	9.54468e-05 	-0.116057 	0.00175796 	
2.38	2.16758 	-0.0963292 	-1.77453 	8.80303e-05 	-0.116068 	0.00175314 	
2.385	2.16777 	-0.096424 	-1.77446 	8.11878e-05 	-0.116079 	0.00174866 	
2.39	2.16794 	-0.096511 	-1.77439 	7.48761e-05 	-0.116088 	0.00174451 	
2.395	2.16811 	-0.0965908 	-1.77432 	6.90553e-05 	-0.116097 	0.00174067 	
2.4	2.16826 	-0.096664 	-1.77425 	6.36882e-05 	-0.116106 	0.0017371 	
2.405	2.1684 	-0.0967311 	-1.77418 	5.87405e-05 	-0.116114 	0.00173379 	
2.41	2.16854 	-0.0967925 	-1.77411 	5.41804e-05 	-0.116121 	0.00173072 	
2.415	2.16867 	-0.0968488 	-1.77405 	4.99782e-05 	-0.116128 	0.00172788 	
2.42	2.16878 	-0.0969003 	-1.77398 	4.61067e-05 	-0.116135 	0.00172524 	
2.425	2.16712 	-0.0962681 	-1.77625 	0.000115131 	-0.116144 	0.0017644 	
2.43	2.16748 	-0.0964032 	-1.77637 	0.000106081 	-0.116161 	0.00175985 	
2.435	2.16778 	-0.096549 	-1.7764 	9.61257e-05 	-0.116176 	0.00175407 	
2.44	2.16798 	-0.0966742 	-1.77636 	8.74029e-05 	-0.116187 	0.0017486 	
2.445	2.16818 	-0.0967898 	-1.77632 	7.9336e-05 	-0.116197 	0.00174352 	
2.45	2.16836 	-0.0968964 	-1.77628 	7.18756e-05 	-0.116207 	0.00173882 	
2.455	2.16853 	-0.0969948 	-1.77625 	6.49762e-05 	-0.116216 	0.00173445 	
2.46	2.16868 	-0.0970857 	-1.77621 	5.85955e-05 	-0.116224 	0.00173041 	
2.465	2.16883 	-0.0971695 	-1.77617 	5.26944e-05 	-0.116232 	0.00172666 	
2.47	2.16897 	-0.0972469 	-1.77614 	4.72365e-05 	-0.11624 	0.00172319 	
2.475	2.16909 	-0.0973183 	-1.7761 	4.21882e-05 	-0.116246 	0.00171996 	
2.48	2.16921 	-0.0973843 	-1.77607 	3.75184e-05 	-0.116253 	0.00171698 	
2.485	2.16932 	-0.0974452 	-1.77604 	3.31981e-05 	-0.116259 	0.00171421 	
2.49	2.16943 	-0.0975014 	-1.77601 	2.92005e-05 	-0.116264 	0.00171164 	
2.495	2.16952 	-0.0975534 	-1.77598 	2.55009e-05 	-0.11627 	0.00170926 	
2.5	2.16961 	-0.0976015 	-1.77595 	2.20762e-05 	-0.116274 	0.00170706 	
2.505	2.16969 	-0.097646 	-1.77593 	1.89048e-05 	-0.116279 	0.00170502 	
2.51	2.16977 	-0.0976872 	-1.7759 	1.59662e-05 	-0.116283 	0.00170312 	
2.515	2.16984 	-0.0977252 	-1.77588 	1.32514e-05 	-0.116287 	0.00170137 	
2.52	2.16991 	-0.09776 	-1.77586 	1.07594e-05 	-0.11629 	0.00169976 	
2.525	2.16997 	-0.0977923 	-1.77584 	8.44921e-06 	-0.116294 	0.00169826 	
2.53	2.17003 	-0.0978225 	-1.77582 	6.28366e-06 	-0.116297 	0.00169686 	
2.535	2.17008 	-0.097851 	-1.7758 	4.24518e-06 	-0.1163 	0.00169554 	
2.54	2.17014 	-0.0978781 	-1.77578 	2.31602e-06 	-0.116303 	0.0016943 	
2.545	2.17019 	-0.0979039 	-1.77577 	4.79551e-07 	-0.116306 	0.00169312 	
2.55	2.17024 	-0.0979287 	-1.77575 	-1.27963e-06 	-0.116308 	0.001692 	
2.555	2.17029 	-0.0979528 	-1.77574 	-2.97579e-06 	-0.116311 	0.00169093 	
2.56	2.17034 	-0.0979762 	-1.77572 	-4.62216e-06 	-0.116313 	0.00168989 	
2.565	2.17039 	-0.0979992 	-1.77571 	-6.231e-06 	-0.116316 	0.00168889 	
2.57	2.17044 	-0.0980219 	-1.77569 	-7.81367e-06 	-0.116318 	0.00168791 	
2.575	2.1705 	-0.0980445 	-1.77568 	-9.38291e-06 	-0.116321 	0.00168694 	
2.58	2.17055 	-0.0980673 	-1.77567 	-1.09539e-05 	-0.116324 	0.00168599 	
2.585	2.1706 	-0.0980903 	-1.77565 	-1.25302e-05 	-0.116326 	0.00168504 	
2.59	2.17066 	-0.0981136 	-1.77564 	-1.41167e-05 	-0.116329 	0.00168409 	
2.595	2.17072 	-0.0981372 	-1.77562 	-1.57225e-05 	-0.116332 	0.00168314 	
2.6	2.17078 	-0.0981613 	-1.7756 	-1.73547e-05 	-0.116335 	0.00168218 	
2.605	2.17083 	-0.09816 	-1.77556 	-2.0927e-05 	-0.116335 	0.00168437 	
2.61	2.17089 	-0.0981854 	-1.77554 	-2.26299e-05 	-0.116338 	0.00168339 	
2.615	2.17096 	-0.0982115 	-1.77552 	-2.43729e-05 	-0.116341 	0.00168239 	
2.62	2.17104 	-0.0982384 	-1.7755 	-2.61646e-05 	-0.116345 	0.00168136 	
2.625	2.17111 	-0.0982662 	-1.77548 	-2.80122e-05 	-0.116348 	0.00168031 	
2.63	2.17119 	-0.098295 	-1.77547 	-2.99197e-05 	-0.116352 	0.00167924 	
2.635	2.17128 	-0.0983249 	-1.77545 	-3.18911e-05 	-0.116355 	0.00167813 	
2.64	2.17137 	-0.0983558 	-1.77542 	-3.39303e-05 	-0.116359 	0.00167699 	
2.645	2.17146 	-0.0983879 	-1.7754 	-3.60407e-05 	-0.116363 	0.00167582 	
2.65	2.17155 	-0.0984212 	-1.77538 	-3.82255e-05 	-0.116368 	0.00167461 	
2.655	2.17165 	-0.0984558 	-1.77536 	-4.04878e-05 	-0.116372 	0.00167336 	
2.66	2.17175 	-0.0984916 	-1.77533 	-4.28303e-05 	-0.116376 	0.00167207 	
2.665	2.17186 	-0.0985288 	-1.77531 	-4.52555e-05 	-0.116381 	0.00167074 	
2.67	2.17197 	-0.0985673 	-1.77528 	-4.77657e-05 	-0.116386 	0.00166936 	
2.675	2.17209 	-0.0986071 	-1.77525 	-5.03632e-05 	-0.116391 	0.00166794 	
2.68	2.17221 	-0.0986484 	-1.77523 	-5.30497e-05 	-0.116397 	0.00166648 	
2.685	2.17233 	-0.0986912 	-1.7752 	-5.58272e-05 	-0.116402 	0.00166497 	
2.69	2.17246 	-0.0987353 	-1.77517 	-5.86973e-05 	-0.116408 	0.00166341 	
2.695	2.1726 	-0.098781 	-1.77514 	-6.16615e-05 	-0.116414 	0.0016618 	
2.7	2.17274 	-0.0988282 	-1.7751 	-6.47212e-05 	-0.11642 	0.00166014 	
2.705	2.17288 	-0.0988769 	-1.77507 	-6.78777e-05 	-0.116426 	0.00165843 	
2.71	2.17303 	-0.0989271 	-1.77504 	-7.1132e-05 	-0.116432 	0.00165667 	
2.715	2.17318 	-0.0989789 	-1.775 	-7.44853e-05 	-0.116439 	0.00165486 	
2.72	2.17334 	-0.0990322 	-1.77497 	-7.79384e-05 	-0.116446 	0.001653 	
2.725	2.1735 	-0.0990871 	-1.77493 	-8.14923e-05 	-0.116453 	0.00165108 	
2.73	2.17367 	-0.0991437 	-1.77489 	-8.51477e-05 	-0.11646 	0.00164911 	
2.735	2.17384 	-0.0992018 	-1.77485 	-8.89053e-05 	-0.116468 	0.00164709 	
2.74	2.17402 	-0.0992615 	-1.77481 	-9.27657e-05 	-0.116476 	0.00164501 	
2.745	2.1742 	-0.0993228 	-1.77477 	-9.67294e-05 	-0.116483 	0.00164287 	
2.75	2.17439 	-0.0993858 	-1.77473 	-0.000100797 	-0.116492 	0.00164069 	
2.755	2.17458 	-0.0994504 	-1.77468 	-0.000104969 	-0.1165 	0.00163845 	
2.76	2.17712 	-0.099246 	-1.77182 	-8.29384e-05 	-0.116508 	0.00165269 	
2.765	2.17731 	-0.0993577 	-1.77186 	-8.99104e-05 	-0.116515 	0.00164825 	
2.77	2.17737 	-0.0994674 	-1.77182 	-9.69527e-05 	-0.116517 	0.00164395 	
2.775	2.17741 	-0.0995675 	-1.77175 	-0.000103464 	-0.116519 	0.00164015 	
2.78	2.17747 	-0.0996672 	-1.77167 	-0.00010994 	-0.116521 	0.00163639 	
2.785	2.17754 	-0.0997665 	-1.7716 	-0.000116391 	-0.116525 	0.00163267 	
2.79	2.17763 	-0.0998657 	-1.77152 	-0.000122827 	-0.116529 	0.00162897 	
2.795	2.17774 	-0.0999648 	-1.77145 	-0.000129256 	-0.116533 	0.0016253 	
2.8	2.17785 	-0.100064 	-1.77138 	-0.000135688 	-0.116538 	0.00162164 	
2.805	2.17799 	-0.100163 	-1.77131 	-0.000142129 	-0.116544 	0.00161799 	
2.81	2.17813 	-0.100263 	-1.77124 	-0.000148587 	-0.116551 	0.00161434 	
2.815	2.17829 	-0.100363 	-1.77116 	-0.000155067 	-0.116558 	0.0016107 	
2.82	2.17846 	-0.100464 	-1.77109 	-0.000161577 	-0.116565 	0.00160705 	
2.825	2.17864 	-0.100565 	-1.77102 	-0.000168121 	-0.116573 	0.0016034 	
2.83	2.17883 	-0.100667 	-1.77095 	-0.000174705 	-0.116581 	0.00159974 	
2.835	2.18134 	-0.100746 	-1.76808 	-0.0001807 	-0.11659 	0.00159742 	
2.84	2.18154 	-0.100863 	-1.76808 	-0.000187948 	-0.116597 	0.00159333 	
2.845	2.18162 	-0.100971 	-1.76801 	-0.00019481 	-0.116599 	0.00158934 	
2.85	2.18168 	-0.101074 	-1.76791 	-0.000201451 	-0.116602 	0.00158546 	
2.855	2.18176 	-0.101178 	-1.76781 	-0.000208161 	-0.116605 	0.00158156 	
2.86	2.18186 	-0.101283 	-1.7677 	-0.000214943 	-0.11661 	0.00157765 	
2.865	2.18198 	-0.101389 	-1.76761 	-0.000221799 	-0.116615 	0.00157372 	
2.87	2.18212 	-0.101497 	-1.76751 	-0.00022873 	-0.116621 	0.00156976 	
2.875	2.18228 	-0.101605 	-1.76741 	-0.000235739 	-0.116627 	0.00156578 	
2.88	2.18245 	-0.101715 	-1.76732 	-0.000242827 	-0.116635 	0.00156177 	
2.885	2.18264 	-0.101826 	-1.76723 	-0.000249995 	-0.116643 	0.00155774 	
2.89	2.18284 	-0.101939 	-1.76713 	-0.000257244 	-0.116652 	0.00155368 	
2.895	2.18306 	-0.102053 	-1.76704 	-0.000264577 	-0.116661 	0.00154958 	
2.9	2.18571 	-0.102169 	-1.764 	-0.000273962 	-0.116671 	0.00154518 	
2.905	2.18595 	-0.102299 	-1.764 	-0.000281887 	-0.116679 	0.00154077 	
2.91	2.18606 	-0.102417 	-1.76391 	-0.000289376 	-0.116683 	0.00153645 	
2.915	2.18614 	-0.102531 	-1.76379 	-0.000296684 	-0.116686 	0.00153218 	
2.92	2.18625 	-0.102646 	-1.76367 	-0.000304105 	-0.116691 	0.00152787 	
2.925	2.18638 	-0.102763 	-1.76355 	-0.000311637 	-0.116696 	0.00152353 	
2.93	2.18653 	-0.102882 	-1.76343 	-0.00031928 	-0.116702 	0.00151915 	
2.935	2.18671 	-0.103002 	-1.76332 	-0.000327031 	-0.11671 	0.00151473 	
2.94	2.1869 	-0.103124 	-1.76321 	-0.000334891 	-0.116718 	0.00151027 	
2.945	2.18711 	-0.103248 	-1.7631 	-0.000342856 	-0.116727 	0.00150577 	
2.95	2.18734 	-0.103374 	-1.76299 	-0.000350927 	-0.116737 	0.00150123 	
2.955	2.18994 	-0.103505 	-1.75999 	-0.000361201 	-0.116747 	0.00149614 	
2.96	2.1902 	-0.103646 	-1.75997 	-0.000369868 	-0.116756 	0.00149129 	
2.965	2.19033 	-0.103776 	-1.75987 	-0.000378134 	-0.11676 	0.00148652 	
2.97	2.19044 	-0.103903 	-1.75973 	-0.000386248 	-0.116765 	0.00148178 	
2.975	2.19057 	-0.104031 	-1.7596 	-0.000394488 	-0.11677 	0.00147701 	
2.98	2.19074 	-0.104161 	-1.75947 	-0.000402853 	-0.116777 	0.00147219 	
2.985	2.19092 	-0.104294 	-1.75935 	-0.000411338 	-0.116785 	0.00146733 	
2.99	2.19113 	-0.104428 	-1.75922 	-0.000419941 	-0.116793 	0.00146243 	
2.995	2.19135 	-0.104564 	-1.7591 	-0.000428661 	-0.116803 	0.00145749 	
3	2.1916 	-0.104702 	-1.75898 	-0.000437494 	-0.116813 	0.0014525 	
3.005	2.19422 	-0.104845 	-1.75597 	-0.000448499 	-0.116824 	0.00144682 	
3.01	2.19449 	-0.104998 	-1.75594 	-0.000457947 	-0.116834 	0.00144153 	
3.015	2.19465 	-0.105142 	-1.75583 	-0.000466998 	-0.116839 	0.0014363 	
3.02	2.19478 	-0.105281 	-1.75568 	-0.000475902 	-0.116845 	0.00143111 	
3.025	2.19495 	-0.105422 	-1.75554 	-0.000484935 	-0.116852 	0.00142588 	
3.03	2.19514 	-0.105565 	-1.7554 	-0.000494094 	-0.116859 	0.0014206 	
3.035	2.19535 	-0.10571 	-1.75527 	-0.000503376 	-0.116868 	0.00141529 	
3.04	2.19559 	-0.105857 	-1.75514 	-0.000512778 	-0.116878 	0.00140993 	
3.045	2.19621 	-0.106507 	-1.75561 	-0.000485253 	-0.116939 	0.00134409 	
3.05	2.19878 	-0.106662 	-1.75266 	-0.000496765 	-0.11695 	0.00133794 	
3.055	2.19907 	-0.106827 	-1.75262 	-0.000506967 	-0.11696 	0.0013322 	
3.06	2.19924 	-0.106984 	-1.7525 	-0.000516848 	-0.116967 	0.0013265 	
3.065	2.1994 	-0.107137 	-1.75236 	-0.000526587 	-0.116973 	0.00132085 	
3.07	2.19958 	-0.107291 	-1.75221 	-0.000536446 	-0.11698 	0.00131516 	
3.075	2.1998 	-0.107447 	-1.75207 	-0.00054642 	-0.116989 	0.00130943 	
3.08	2.20003 	-0.107606 	-1.75193 	-0.000556508 	-0.116999 	0.00130368 	
3.085	2.2003 	-0.107766 	-1.7518 	-0.000566705 	-0.11701 	0.00129788 	
3.09	2.20058 	-0.107927 	-1.75167 	-0.00057701 	-0.117021 	0.00129205 	
3.095	2.20329 	-0.108095 	-1.74855 	-0.00058933 	-0.117034 	0.00128531 	
3.1	2.20362 	-0.108273 	-1.74852 	-0.000600275 	-0.117046 	0.00127916 	
3.105	2.20382 	-0.10844 	-1.7484 	-0.000610793 	-0.117053 	0.00127309 	
3.11	2.204 	-0.108602 	-1.74825 	-0.000621138 	-0.11706 	0.00126707 	
3.115	2.20421 	-0.108767 	-1.7481 	-0.000631605 	-0.117068 	0.00126102 	
3.12	2.20444 	-0.108933 	-1.74795 	-0.00064219 	-0.117078 	0.00125493 	
3.125	2.2047 	-0.109101 	-1.74781 	-0.000652888 	-0.117088 	0.0012488 	
3.13	2.20499 	-0.109271 	-1.74767 	-0.000663696 	-0.1171 	0.00124265 	
3.135	2.20757 	-0.109446 	-1.7447 	-0.000676344 	-0.117113 	0.00123553 	
3.14	2.20789 	-0.109631 	-1.74465 	-0.000687753 	-0.117124 	0.00122907 	
3.145	2.20811 	-0.109806 	-1.74453 	-0.000698785 	-0.117132 	0.00122269 	
3.15	2.2083 	-0.109977 	-1.74437 	-0.000709669 	-0.11714 	0.00121635 	
3.155	2.20853 	-0.11015 	-1.74422 	-0.000720673 	-0.117149 	0.00120997 	
3.16	2.20879 	-0.110325 	-1.74408 	-0.000731791 	-0.117159 	0.00120357 	
3.165	2.20907 	-0.110502 	-1.74393 	-0.000743021 	-0.11717 	0.00119713 	
3.17	2.20938 	-0.11068 	-1.7438 	-0.000754358 	-0.117183 	0.00119066 	
3.175	2.21205 	-0.110865 	-1.74073 	-0.000767528 	-0.117196 	0.00118308 	
3.18	2.21241 	-0.111059 	-1.74069 	-0.000779497 	-0.117209 	0.0011763 	
3.185	2.21264 	-0.111243 	-1.74056 	-0.000791058 	-0.117217 	0.00116961 	
3.19	2.21286 	-0.111423 	-1.74041 	-0.00080245 	-0.117226 	0.00116296 	
3.195	2.2131 	-0.111604 	-1.74026 	-0.000813959 	-0.117235 	0.00115629 	
3.2	2.21338 	-0.111787 	-1.74011 	-0.000825579 	-0.117246 	0.00114958 	
3.205	2.21368 	-0.111972 	-1.73997 	-0.000837306 	-0.117259 	0.00114285 	
3.21	2.21401 	-0.112159 	-1.73983 	-0.000849136 	-0.117272 	0.00113609 	
3.215	2.21678 	-0.112351 	-1.73665 	-0.000862791 	-0.117286 	0.00112804 	
3.22	2.21717 	-0.112555 	-1.73661 	-0.000875288 	-0.1173 	0.00112096 	
3.225	2.21742 	-0.112748 	-1.73649 	-0.000887341 	-0.117309 	0.00111397 	
3.23	2.21765 	-0.112935 	-1.73634 	-0.000899202 	-0.117318 	0.00110704 	
3.235	2.21791 	-0.113124 	-1.73619 	-0.000911173 	-0.117328 	0.00110009 	
3.24	2.2182 	-0.113315 	-1.73604 	-0.000923251 	-0.117339 	0.00109311 	
3.245	2.21852 	-0.113507 	-1.7359 	-0.000935432 	-0.117352 	0.00108611 	
3.25	2.21886 	-0.113701 	-1.73576 	-0.000947711 	-0.117366 	0.00107908 	
3.255	2.22173 	-0.113902 	-1.73248 	-0.000961791 	-0.117381 	0.00107058 	
3.26	2.22214 	-0.114114 	-1.73245 	-0.000974771 	-0.117395 	0.00106322 	
3.265	2.22241 	-0.114314 	-1.73234 	-0.000987272 	-0.117405 	0.00105596 	
3.27	2.22265 	-0.114508 	-1.73218 	-0.000999555 	-0.117414 	0.00104877 	
3.275	2.22292 	-0.114704 	-1.73203 	-0.00101194 	-0.117425 	0.00104156 	
3.28	2.22323 	-0.114902 	-1.73189 	-0.00102443 	-0.117437 	0.00103433 	
3.285	2.22356 	-0.115101 	-1.73175 	-0.00103702 	-0.11745 	0.00102707 	
3.29	2.22619 	-0.115306 	-1.72873 	-0.00105117 	-0.117464 	0.00101838 	
3.295	2.22657 	-0.115521 	-1.72869 	-0.00106437 	-0.117478 	0.00101084 	
3.3	2.22684 	-0.115726 	-1.72857 	-0.00107717 	-0.117487 	0.00100338 	
3.305	2.2271 	-0.115926 	-1.72842 	-0.0010898 	-0.117497 	0.000995979 	
3.31	2.22739 	-0.116128 	-1.72827 	-0.00110253 	-0.117508 	0.000988563 	
3.315	2.22771 	-0.116332 	-1.72813 	-0.00111535 	-0.117521 	0.000981131 	
3.32	2.22806 	-0.116536 	-1.72799 	-0.00112827 	-0.117535 	0.000973681 	
3.325	2.23072 	-0.116747 	-1.72496 	-0.00114268 	-0.117549 	0.000964656 	
3.33	2.23112 	-0.116968 	-1.72492 	-0.00115621 	-0.117564 	0.000956917 	
3.335	2.23141 	-0.117178 	-1.7248 	-0.00116933 	-0.117574 	0.000949265 	
3.34	2.23168 	-0.117384 	-1.72465 	-0.00118227 	-0.117584 	0.000941679 	
3.345	2.23198 	-0.117591 	-1.72451 	-0.0011953 	-0.117596 	0.000934081 	
3.35	2.23232 	-0.117799 	-1.72437 	-0.00120842 	-0.117609 	0.000926469 	
3.355	2.23268 	-0.118009 	-1.72424 	-0.00122162 	-0.117623 	0.000918844 	
3.36	2.23538 	-0.118225 	-1.72116 	-0.00123628 	-0.117638 	0.000909497 	
3.365	2.2358 	-0.118451 	-1.72113 	-0.00125011 	-0.117653 	0.000901578 	
3.37	2.23611 	-0.118667 	-1.72102 	-0.00126351 	-0.117664 	0.000893753 	
3.375	2.23639 	-0.118877 	-1.72088 	-0.00127671 	-0.117674 	0.000886003 	
3.38	2.23671 	-0.119089 	-1.72074 	-0.00129 	-0.117687 	0.000878243 	
3.385	2.23706 	-0.119302 	-1.72061 	-0.00130337 	-0.1177 	0.000870474 	
3.39	2.23743 	-0.119516 	-1.72048 	-0.00131682 	-0.117715 	0.000862696 	
3.395	2.24017 	-0.119736 	-1.71736 	-0.00133166 	-0.11773 	0.000853046 	
3.4	2.24061 	-0.119967 	-1.71734 	-0.00134575 	-0.117745 	0.00084497 	
3.405	2.24092 	-0.120187 	-1.71723 	-0.00135939 	-0.117756 	0.000836995 	
3.41	2.24122 	-0.120401 	-1.71709 	-0.00137281 	-0.117767 	0.000829101 	
3.415	2.24128 	-0.120264 	-1.71654 	-0.00141294 	-0.117745 	0.000863365 	
3.42	2.24164 	-0.120481 	-1.71641 	-0.00142651 	-0.117758 	0.00085547 	
3.425	2.24202 	-0.120697 	-1.71629 	-0.00144008 	-0.117773 	0.000847599 	
3.43	2.24479 	-0.120919 	-1.71314 	-0.00145501 	-0.117789 	0.000837677 	
3.435	2.24524 	-0.121153 	-1.71312 	-0.00146922 	-0.117805 	0.000829504 	
3.44	2.24557 	-0.121375 	-1.71303 	-0.00148298 	-0.117816 	0.000821436 	
3.445	2.24587 	-0.121591 	-1.71289 	-0.00149652 	-0.117827 	0.000813454 	
3.45	2.24621 	-0.121809 	-1.71277 	-0.00151013 	-0.11784 	0.000805469 	
3.455	2.24658 	-0.122028 	-1.71264 	-0.00152382 	-0.117854 	0.00079748 	
3.46	2.24697 	-0.122248 	-1.71252 	-0.00153757 	-0.117869 	0.000789489 	
3.465	2.24976 	-0.122474 	-1.70935 	-0.00155264 	-0.117886 	0.000779293 	
3.47	2.25022 	-0.122711 	-1.70934 	-0.00156705 	-0.117901 	0.000770994 	
3.475	2.25056 	-0.122937 	-1.70926 	-0.001581 	-0.117913 	0.000762808 	
3.48	2.25087 	-0.123156 	-1.70913 	-0.0015947 	-0.117924 	0.000754716 	
3.485	2.25121 	-0.123377 	-1.70901 	-0.00160848 	-0.117937 	0.000746625 	
3.49	2.25159 	-0.123599 	-1.70889 	-0.00162232 	-0.117951 	0.000738537 	
3.495	2.25199 	-0.123822 	-1.70878 	-0.00163622 	-0.117967 	0.000730451 	
3.5	2.25479 	-0.12405 	-1.70559 	-0.00165135 	-0.117983 	0.000720018 	
3.505	2.25526 	-0.12429 	-1.7056 	-0.0016659 	-0.117999 	0.000711625 	
3.51	2.2556 	-0.124519 	-1.70551 	-0.00167998 	-0.118011 	0.000703351 	
3.515	2.25592 	-0.124741 	-1.7054 	-0.0016938 	-0.118022 	0.000695177 	
3.52	2.25627 	-0.124964 	-1.70528 	-0.00170769 	-0.118035 	0.00068701 	
3.525	2.25665 	-0.125188 	-1.70517 	-0.00172163 	-0.11805 	0.000678851 	
3.53	2.25706 	-0.125413 	-1.70506 	-0.00173562 	-0.118065 	0.000670698 	
3.535	2.25986 	-0.125644 	-1.70188 	-0.00175076 	-0.118082 	0.000660061 	
3.54	2.26034 	-0.125886 	-1.70189 	-0.0017654 	-0.118098 	0.000651602 	
3.545	2.26068 	-0.126116 	-1.70181 	-0.00177956 	-0.118109 	0.000643268 	
3.55	2.26101 	-0.126339 	-1.7017 	-0.00179345 	-0.118121 	0.00063504 	
3.555	2.26136 	-0.126564 	-1.7016 	-0.0018074 	-0.118134 	0.000626823 	
3.56	2.26175 	-0.126789 	-1.70149 	-0.00182139 	-0.118149 	0.000618619 	
3.565	2.26216 	-0.127016 	-1.70139 	-0.00183543 	-0.118164 	0.000610425 	
3.57	2.26496 	-0.127247 	-1.69821 	-0.00185052 	-0.118181 	0.00059962 	
3.575	2.26544 	-0.12749 	-1.69823 	-0.0018652 	-0.118197 	0.000591123 	
3.58	2.26579 	-0.127722 	-1.69817 	-0.00187939 	-0.118209 	0.000582754 	
3.585	2.26612 	-0.127946 	-1.69806 	-0.00189331 	-0.11822 	0.000574498 	
3.59	2.26648 	-0.128172 	-1.69796 	-0.00190727 	-0.118234 	0.000566258 	
3.595	2.26687 	-0.128398 	-1.69787 	-0.00192127 	-0.118248 	0.000558035 	
3.6	2.26728 	-0.128624 	-1.69778 	-0.00193531 	-0.118264 	0.000549827 	
3.605	2.27007 	-0.128856 	-1.69461 	-0.00195031 	-0.11828 	0.000538886 	
3.61	2.27055 	-0.1291 	-1.69464 	-0.00196498 	-0.118296 	0.000530378 	
3.615	2.27091 	-0.129331 	-1.69458 	-0.00197915 	-0.118308 	0.000522001 	
3.62	2.27124 	-0.129556 	-1.69448 	-0.00199305 	-0.11832 	0.000513743 	
3.625	2.2716 	-0.129781 	-1.69439 	-0.00200698 	-0.118333 	0.000505506 	
3.63	2.272 	-0.130007 	-1.6943 	-0.00202095 	-0.118347 	0.000497289 	
3.635	2.27241 	-0.130234 	-1.69422 	-0.00203495 	-0.118363 	0.000489091 	
3.64	2.27517 	-0.130466 	-1.69108 	-0.0020498 	-0.11838 	0.000478052 	
3.645	2.27566 	-0.130708 	-1.69112 	-0.00206442 	-0.118396 	0.000469559 	
3.65	2.27602 	-0.13094 	-1.69107 	-0.00207853 	-0.118408 	0.000461201 	
3.655	2.27635 	-0.131164 	-1.69098 	-0.00209237 	-0.118419 	0.000452966 	
3.66	2.27672 	-0.131389 	-1.69089 	-0.00210623 	-0.118432 	0.000444756 	
3.665	2.27711 	-0.131614 	-1.69082 	-0.00212012 	-0.118447 	0.00043657 	
3.67	2.27753 	-0.131839 	-1.69074 	-0.00213403 	-0.118462 	0.000428409 	
3.675	2.28026 	-0.13207 	-1.68764 	-0.0021487 	-0.118479 	0.000417308 	
3.68	2.28075 	-0.132312 	-1.68768 	-0.00216321 	-0.118495 	0.000408857 	
3.685	2.2811 	-0.132541 	-1.68763 	-0.00217723 	-0.118506 	0.000400543 	
3.69	2.28122 	-0.132474 	-1.68721 	-0.00221324 	-0.118489 	0.000426804 	
3.695	2.28159 	-0.132698 	-1.68714 	-0.00222698 	-0.118502 	0.000418653 	
3.7	2.28198 	-0.13292 	-1.68706 	-0.00224068 	-0.118516 	0.000410556 	
3.705	2.2824 	-0.133143 	-1.687 	-0.00225438 	-0.118532 	0.000402492 	
3.71	2.28509 	-0.13337 	-1.68394 	-0.0022688 	-0.118548 	0.000391371 	
3.715	2.28557 	-0.133608 	-1.68398 	-0.00228309 	-0.118564 	0.000383017 	
3.72	2.28593 	-0.133835 	-1.68395 	-0.0022969 	-0.118576 	0.0003748 	
3.725	2.28627 	-0.134056 	-1.68388 	-0.00231043 	-0.118587 	0.000366711 	
3.73	2.28664 	-0.134276 	-1.68381 	-0.00232398 	-0.1186 	0.000358654 	
3.735	2.28703 	-0.134497 	-1.68375 	-0.00233753 	-0.118614 	0.000350628 	
3.74	2.28745 	-0.134718 	-1.68369 	-0.0023511 	-0.11863 	0.000342633 	
3.745	2.29009 	-0.134943 	-1.68069 	-0.00236528 	-0.118646 	0.000331517 	
3.75	2.29057 	-0.135179 	-1.68073 	-0.0023794 	-0.118661 	0.000323247 	
3.755	2.29093 	-0.135404 	-1.68071 	-0.00239306 	-0.118673 	0.000315114 	
3.76	2.29126 	-0.135622 	-1.68065 	-0.00240642 	-0.118684 	0.000307114 	
3.765	2.29163 	-0.13584 	-1.68059 	-0.00241979 	-0.118697 	0.00029915 	
3.77	2.29202 	-0.136058 	-1.68053 	-0.00243317 	-0.118711 	0.000291222 	
3.775	2.29244 	-0.136276 	-1.68048 	-0.00244654 	-0.118726 	0.000283328 	
3.78	2.29288 	-0.136495 	-1.68043 	-0.00245991 	-0.118742 	0.00027547 	
3.785	2.29576 	-0.136718 	-1.67714 	-0.00247387 	-0.118759 	0.000264004 	
3.79	2.29627 	-0.136954 	-1.67722 	-0.00248791 	-0.118775 	0.000255813 	
3.795	2.29663 	-0.137177 	-1.67721 	-0.00250137 	-0.118787 	0.000247791 	
3.8	2.29696 	-0.137391 	-1.67716 	-0.00251447 	-0.118798 	0.000239928 	
3.805	2.29732 	-0.137605 	-1.67711 	-0.00252757 	-0.11881 	0.000232107 	
3.81	2.2977 	-0.137819 	-1.67706 	-0.00254066 	-0.118824 	0.000224326 	
3.815	2.29811 	-0.138033 	-1.67702 	-0.00255375 	-0.118838 	0.000216585 	
3.82	2.29854 	-0.138247 	-1.67698 	-0.00256682 	-0.118854 	0.000208882 	
3.825	2.30136 	-0.138466 	-1.67374 	-0.00258036 	-0.11887 	0.000197493 	
3.83	2.30185 	-0.138697 	-1.67382 	-0.00259407 	-0.118886 	0.000189469 	
3.835	2.30221 	-0.138915 	-1.67382 	-0.00260721 	-0.118897 	0.000181614 	
3.84	2.30253 	-0.139124 	-1.67378 	-0.00262 	-0.118908 	0.000173922 	
3.845	2.30287 	-0.139334 	-1.67373 	-0.00263277 	-0.11892 	0.000166276 	
3.85	2.30325 	-0.139543 	-1.67369 	-0.00264553 	-0.118933 	0.000158674 	
3.855	2.30364 	-0.139752 	-1.67366 	-0.00265827 	-0.118946 	0.000151117 	
3.86	2.30406 	-0.13996 	-1.67362 	-0.00267099 	-0.118961 	0.000143604 	
3.865	2.30679 	-0.140173 	-1.67049 	-0.00268407 	-0.118977 	0.000132388 	
3.87	2.27466 	-0.20526 	-1.38525 	0.0124632 	-0.104022 	-0.00519794 	
3.875	2.18696 	-0.40049 	-0.52341 	0.0585628 	-0.0589753 	-0.0220106 	
3.88	2.25853 	-0.425545 	-0.381184 	0.0687815 	-0.0528754 	-0.0307743 	
3.885	2.36731 	-0.499293 	0.00264075 	0.093844 	-0.0351008 	-0.0486461 	
3.89	2.31519 	-0.501475 	0.00128962 	0.0922314 	-0.0343789 	-0.0452087 	
3.895	2.26688 	-0.440041 	0.00975184 	0.0936149 	-0.0336438 	-0.0497792 	
3.9	2.12562 	-0.312579 	0.280256 	0.111658 	-0.0190177 	-0.0698242 	
3.905	2.07702 	-0.266521 	0.254075 	0.110217 	-0.0200703 	-0.0705836 	
3.91	1.90686 	-0.154866 	0.44794 	0.122103 	-0.00882909 	-0.0831906 	
3.915	1.90623 	-0.121464 	0.359952 	0.117594 	-0.0133933 	-0.0824621 	
3.92	1.8589 	-0.0367172 	0.389644 	0.121243 	-0.0118402 	-0.0908856 	
3.925	1.88746 	-0.0390353 	0.250657 	0.112959 	-0.0190988 	-0.0851762 	
3.93	1.91899 	-0.0468154 	0.110295 	0.104472 	-0.0264318 	-0.0789464 	
3.935	1.94825 	-0.0540406 	-0.0197955 	0.0966058 	-0.0332295 	-0.0731731 	
3.94	1.97541 	-0.0607521 	-0.140366 	0.0893142 	-0.0395308 	-0.0678228 	
3.945	2.00064 	-0.0669839 	-0.252111 	0.0825554 	-0.0453737 	-0.0628645 	
3.95	2.02457 	-0.0727785 	-0.352908 	0.076371 	-0.0507908 	-0.0581638 	
3.955	2.03011 	-0.0626865 	-0.428133 	0.0720512 	-0.0546489 	-0.0558946 	
3.96	2.00054 	-0.0198702 	-0.452844 	0.0711212 	-0.0556898 	-0.0578644 	
3.965	2.00954 	-0.00864772 	-0.513494 	0.0678103 	-0.0588677 	-0.0565994 	
3.97	1.99797 	0.0298001 	-0.531403 	0.0676324 	-0.0597864 	-0.0594713 	
3.975	2.00867 	0.0352365 	-0.589242 	0.0643447 	-0.0628201 	-0.0577753 	
3.98	1.99757 	0.0697475 	-0.602661 	0.0643193 	-0.0635008 	-0.0604434 	
3.985	2.00814 	0.0727204 	-0.654686 	0.061315 	-0.0662334 	-0.0587496 	
3.99	1.99652 	0.105777 	-0.661687 	0.0616255 	-0.0665795 	-0.0615432 	
3.995	2.00025 	0.107202 	-0.70642 	0.0587384 	-0.0689754 	-0.0593734 	
4	1.96522 	0.140964 	-0.708619 	0.058758 	-0.0687805 	-0.0611276 	
4.005	1.97708 	0.139525 	-0.75173 	0.0562069 	-0.071059 	-0.0594648 	
4.01	1.96608 	0.171049 	-0.747061 	0.0572126 	-0.0708082 	-0.0627343 	
4.015	1.97614 	0.170879 	-0.781643 	0.0551988 	-0.0726445 	-0.0615457 	
4.02	1.9642 	0.200857 	-0.771747 	0.0564489 	-0.0721082 	-0.0648416 	
4.025	1.97435 	0.198878 	-0.804052 	0.0545221 	-0.0738267 	-0.0635615 	
4.03	1.96212 	0.228 	-0.791007 	0.0559268 	-0.0731249 	-0.0668977 	
4.035	1.97242 	0.224365 	-0.821494 	0.0540651 	-0.0747496 	-0.0655241 	
4.04	1.95995 	0.252795 	-0.805701 	0.055606 	-0.0739033 	-0.0689027 	
4.045	1.96229 	0.24853 	-0.832112 	0.053667 	-0.075347 	-0.0669237 	
4.05	1.92169 	0.279089 	-0.813938 	0.0546916 	-0.074046 	-0.0690327 	
4.055	1.93298 	0.272349 	-0.841871 	0.0529181 	-0.0755366 	-0.0674995 	
4.06	1.9228 	0.299454 	-0.821688 	0.0547442 	-0.0744765 	-0.0711046 	
4.065	1.93617 	0.29132 	-0.848856 	0.0530302 	-0.0759521 	-0.0695686 	
4.07	1.92555 	0.318059 	-0.82671 	0.0549523 	-0.0747845 	-0.0732045 	
4.075	1.93686 	0.311544 	-0.846405 	0.0537069 	-0.0758591 	-0.0721104 	
4.08	1.91964 	0.346918 	-0.803277 	0.0570452 	-0.0735662 	-0.0774237 	
4.085	1.93163 	0.338323 	-0.824709 	0.0556425 	-0.0747334 	-0.0760364 	
4.09	1.91463 	0.372901 	-0.781666 	0.0589449 	-0.0724437 	-0.0812608 	
4.095	1.92729 	0.362388 	-0.804775 	0.0573941 	-0.0737003 	-0.0796012 	
4.1	1.9111 	0.396284 	-0.759444 	0.0606887 	-0.071404 	-0.0845312 	
4.105	1.91625 	0.381482 	-0.788553 	0.0584292 	-0.0728613 	-0.0816384 	
4.11	1.87598 	0.412372 	-0.750538 	0.060679 	-0.0705369 	-0.0848376 	
4.115	1.89209 	0.398787 	-0.77611 	0.0589707 	-0.0719444 	-0.0829124 	
4.12	1.8782 	0.431408 	-0.732797 	0.0622946 	-0.0696457 	-0.0881339 	
4.125	1.8881 	0.424851 	-0.74217 	0.061663 	-0.0701688 	-0.0874809 	
4.13	1.87391 	0.454321 	-0.693666 	0.0651823 	-0.0675669 	-0.0925645 	
4.135	1.88451 	0.446045 	-0.706083 	0.0643248 	-0.0682536 	-0.0915931 	
4.14	1.87071 	0.47488 	-0.659009 	0.0677362 	-0.0657283 	-0.0965474 	
4.145	1.882 	0.465004 	-0.674234 	0.0666721 	-0.0665663 	-0.0952842 	
4.15	1.86856 	0.493347 	-0.628326 	0.0699962 	-0.0641037 	-0.100138 	
4.155	1.88565 	0.457712 	-0.637599 	0.0685349 	-0.0645369 	-0.0964208 	
4.16	1.8694 	0.429705 	-0.542232 	0.072715 	-0.0591919 	-0.0965205 	
4.165	1.64597 	0.31511 	-0.0117095 	0.0950085 	-0.0274822 	-0.0962508 	
4.17	0.893911 	-0.255334 	1.97031 	0.1763 	0.0909436 	-0.0836002 	
4.175	0.326947 	-0.69754 	3.32421 	0.229619 	0.172798 	-0.0663647 	
4.18	0.230031 	-0.811348 	3.58072 	0.238872 	0.188747 	-0.0600415 	
4.185	-0.275043 	-1.21044 	4.81939 	0.287836 	0.264473 	-0.0451999 	
4.19	-0.0990474 	-1.13867 	4.42717 	0.270836 	0.240991 	-0.0443536 	
4.195	-0.122566 	-1.14125 	4.48966 	0.273895 	0.244555 	-0.04578 	
4.2	-0.549385 	-1.29605 	5.56859 	0.323271 	0.308151 	-0.0563317 	
4.205	-0.547953 	-1.36728 	5.59971 	0.322744 	0.310721 	-0.0494857 	
4.21	-0.965735 	-1.71593 	6.69331 	0.366647 	0.377739 	-0.0381991 	
4.215	-1.00971 	-1.65238 	6.62921 	0.354705 	0.375457 	-0.0389785 	
4.22	-1.58655 	-1.77047 	7.68149 	0.37323 	0.442875 	-0.0403884 	
4.225	-1.37239 	-1.94047 	7.56355 	0.36426 	0.436001 	-0.026803 	
4.23	-1.93973 	-1.95249 	8.6525 	0.393204 	0.504368 	-0.0473595 	
4.235	-2.6564 	-1.83522 	9.09446 	0.374212 	0.539113 	-0.0492466 	
4.24	-3.12908 	-1.9174 	10.0122 	0.405506 	0.5964 	-0.0561089 	
