0	0.310421 	-0.173759 	0.537004 	0.180162 	-1.45442 	-0.248206 	
0.005	0.310421 	-0.173759 	0.537004 	0.180162 	-1.45442 	-0.248206 	
0.01	0.310421 	-0.173759 	0.537004 	0.180162 	-1.45442 	-0.248206 	
0.015	0.310422 	-0.173759 	0.537004 	0.180162 	-1.45442 	-0.248206 	
0.02	0.310423 	-0.173759 	0.537004 	0.180162 	-1.45442 	-0.248206 	
0.025	0.310425 	-0.173759 	0.537005 	0.180162 	-1.45442 	-0.248206 	
0.03	0.310427 	-0.173759 	0.537005 	0.180162 	-1.45442 	-0.248206 	
0.035	0.31043 	-0.173759 	0.537006 	0.180162 	-1.45442 	-0.248206 	
0.04	0.310434 	-0.173759 	0.537006 	0.180162 	-1.45442 	-0.248206 	
0.045	0.310438 	-0.17376 	0.537007 	0.180162 	-1.45442 	-0.248206 	
0.05	0.310442 	-0.17376 	0.537008 	0.180162 	-1.45442 	-0.248206 	
0.055	0.310447 	-0.17376 	0.537009 	0.180162 	-1.45442 	-0.248206 	
0.06	0.310453 	-0.17376 	0.53701 	0.180162 	-1.45442 	-0.248206 	
0.065	0.310459 	-0.17376 	0.537011 	0.180162 	-1.45442 	-0.248206 	
0.07	0.310466 	-0.17376 	0.537012 	0.180162 	-1.45442 	-0.248206 	
0.075	0.310473 	-0.17376 	0.537013 	0.180162 	-1.45442 	-0.248206 	
0.08	0.310481 	-0.17376 	0.537015 	0.180162 	-1.45442 	-0.248206 	
0.085	0.310489 	-0.173761 	0.537016 	0.180162 	-1.45442 	-0.248206 	
0.09	0.310498 	-0.173761 	0.537018 	0.180162 	-1.45442 	-0.248206 	
0.095	0.310508 	-0.173761 	0.53702 	0.180162 	-1.45442 	-0.248206 	
0.1	0.310518 	-0.173761 	0.537022 	0.180162 	-1.45442 	-0.248206 	
0.105	0.310529 	-0.173761 	0.537024 	0.180162 	-1.45442 	-0.248206 	
0.11	0.31054 	-0.173762 	0.537026 	0.180162 	-1.45442 	-0.248206 	
0.115	0.310551 	-0.173762 	0.537028 	0.180162 	-1.45442 	-0.248206 	
0.12	0.310563 	-0.173762 	0.53703 	0.180162 	-1.45442 	-0.248206 	
0.125	0.310576 	-0.173762 	0.537033 	0.180162 	-1.45442 	-0.248206 	
0.13	0.310589 	-0.173763 	0.537035 	0.180162 	-1.45442 	-0.248206 	
0.135	0.310603 	-0.173763 	0.537038 	0.180162 	-1.45442 	-0.248206 	
0.14	0.310617 	-0.173763 	0.53704 	0.180162 	-1.45442 	-0.248206 	
0.145	0.310632 	-0.173763 	0.537043 	0.180162 	-1.45442 	-0.248206 	
0.15	0.310647 	-0.173764 	0.537046 	0.180162 	-1.45442 	-0.248206 	
0.155	0.310663 	-0.173764 	0.537049 	0.180162 	-1.45442 	-0.248206 	
0.16	0.31068 	-0.173764 	0.537052 	0.180162 	-1.45442 	-0.248206 	
0.165	0.310634 	-0.173749 	0.537036 	0.178537 	-1.45328 	-0.245967 	
0.17	0.310651 	-0.17375 	0.537039 	0.178537 	-1.45328 	-0.245967 	
0.175	0.310669 	-0.17375 	0.537043 	0.178537 	-1.45328 	-0.245967 	
0.18	0.310688 	-0.17375 	0.537046 	0.178537 	-1.45328 	-0.245967 	
0.185	0.310707 	-0.173751 	0.537049 	0.178537 	-1.45328 	-0.245967 	
0.19	0.310727 	-0.173751 	0.537053 	0.178537 	-1.45328 	-0.245967 	
0.195	0.310747 	-0.173751 	0.537057 	0.178537 	-1.45328 	-0.245967 	
0.2	0.310767 	-0.173752 	0.537061 	0.178537 	-1.45328 	-0.245967 	
0.205	0.310788 	-0.173752 	0.537065 	0.178537 	-1.45328 	-0.245967 	
0.21	0.31081 	-0.173753 	0.537069 	0.178537 	-1.45328 	-0.245967 	
0.215	0.310832 	-0.173753 	0.537073 	0.178537 	-1.45328 	-0.245967 	
0.22	0.310855 	-0.173753 	0.537077 	0.178537 	-1.45328 	-0.245967 	
0.225	0.310817 	-0.173739 	0.537062 	0.176935 	-1.45215 	-0.243759 	
0.23	0.31084 	-0.173739 	0.537067 	0.176935 	-1.45215 	-0.243759 	
0.235	0.310865 	-0.17374 	0.537071 	0.176935 	-1.45215 	-0.243759 	
0.24	0.310889 	-0.17374 	0.537076 	0.176935 	-1.45215 	-0.243759 	
0.245	0.310915 	-0.173741 	0.537081 	0.176935 	-1.45215 	-0.243759 	
0.25	0.310941 	-0.173741 	0.537085 	0.176935 	-1.45215 	-0.243759 	
0.255	0.310967 	-0.173742 	0.53709 	0.176935 	-1.45215 	-0.243759 	
0.26	0.310994 	-0.173742 	0.537095 	0.176935 	-1.45215 	-0.243759 	
0.265	0.311021 	-0.173743 	0.5371 	0.176935 	-1.45215 	-0.243759 	
0.27	0.311049 	-0.173743 	0.537105 	0.176935 	-1.45215 	-0.243759 	
0.275	0.311012 	-0.173728 	0.537091 	0.175237 	-1.45096 	-0.241421 	
0.28	0.311041 	-0.173728 	0.537096 	0.175237 	-1.45096 	-0.241421 	
0.285	0.31107 	-0.173729 	0.537102 	0.175237 	-1.45096 	-0.241421 	
0.29	0.3111 	-0.173729 	0.537107 	0.175237 	-1.45096 	-0.241421 	
0.295	0.311131 	-0.17373 	0.537113 	0.175237 	-1.45096 	-0.241421 	
0.3	0.311162 	-0.173731 	0.537119 	0.175237 	-1.45096 	-0.241421 	
0.305	0.311193 	-0.173731 	0.537124 	0.175237 	-1.45096 	-0.241421 	
0.31	0.311225 	-0.173732 	0.53713 	0.175237 	-1.45096 	-0.241421 	
0.315	0.311195 	-0.173718 	0.537118 	0.173621 	-1.44983 	-0.239194 	
0.32	0.311228 	-0.173718 	0.537124 	0.173621 	-1.44983 	-0.239194 	
0.325	0.311262 	-0.173719 	0.53713 	0.173621 	-1.44983 	-0.239194 	
0.33	0.311296 	-0.173719 	0.537136 	0.173621 	-1.44983 	-0.239194 	
0.335	0.31133 	-0.17372 	0.537143 	0.173621 	-1.44983 	-0.239194 	
0.34	0.311365 	-0.17372 	0.537149 	0.173621 	-1.44983 	-0.239194 	
0.345	0.311401 	-0.173721 	0.537155 	0.173621 	-1.44983 	-0.239194 	
0.35	0.311375 	-0.173707 	0.537144 	0.172038 	-1.44872 	-0.237014 	
0.355	0.311412 	-0.173708 	0.537151 	0.172038 	-1.44872 	-0.237014 	
0.36	0.311449 	-0.173708 	0.537157 	0.172038 	-1.44872 	-0.237014 	
0.365	0.311486 	-0.173709 	0.537164 	0.172038 	-1.44872 	-0.237014 	
0.37	0.311524 	-0.17371 	0.537171 	0.172038 	-1.44872 	-0.237014 	
0.375	0.311563 	-0.17371 	0.537178 	0.172038 	-1.44872 	-0.237014 	
0.38	0.311601 	-0.173711 	0.537185 	0.172038 	-1.44872 	-0.237014 	
0.385	0.311574 	-0.173696 	0.537173 	0.170318 	-1.44751 	-0.234644 	
0.39	0.311614 	-0.173697 	0.53718 	0.170318 	-1.44751 	-0.234644 	
0.395	0.311654 	-0.173697 	0.537188 	0.170318 	-1.44751 	-0.234644 	
0.4	0.311695 	-0.173698 	0.537195 	0.170318 	-1.44751 	-0.234644 	
0.405	0.311737 	-0.173698 	0.537203 	0.170318 	-1.44751 	-0.234644 	
0.41	0.311778 	-0.173699 	0.53721 	0.170318 	-1.44751 	-0.234644 	
0.415	0.311758 	-0.173686 	0.5372 	0.168696 	-1.44638 	-0.232409 	
0.42	0.311801 	-0.173686 	0.537207 	0.168696 	-1.44638 	-0.232409 	
0.425	0.311844 	-0.173687 	0.537215 	0.168696 	-1.44638 	-0.232409 	
0.43	0.311887 	-0.173687 	0.537223 	0.168696 	-1.44638 	-0.232409 	
0.435	0.311932 	-0.173688 	0.537231 	0.168696 	-1.44638 	-0.232409 	
0.44	0.311976 	-0.173688 	0.53724 	0.168696 	-1.44638 	-0.232409 	
0.445	0.311955 	-0.173675 	0.537228 	0.166984 	-1.44518 	-0.23005 	
0.45	0.312 	-0.173675 	0.537237 	0.166984 	-1.44518 	-0.23005 	
0.455	0.312046 	-0.173676 	0.537245 	0.166984 	-1.44518 	-0.23005 	
0.46	0.312093 	-0.173676 	0.537254 	0.166984 	-1.44518 	-0.23005 	
0.465	0.31214 	-0.173677 	0.537262 	0.166984 	-1.44518 	-0.23005 	
0.47	0.312187 	-0.173677 	0.537271 	0.166984 	-1.44518 	-0.23005 	
0.475	0.312164 	-0.173663 	0.537259 	0.165165 	-1.4439 	-0.227545 	
0.48	0.312213 	-0.173664 	0.537268 	0.165165 	-1.4439 	-0.227545 	
0.485	0.312261 	-0.173664 	0.537277 	0.165165 	-1.4439 	-0.227545 	
0.49	0.312311 	-0.173665 	0.537286 	0.165165 	-1.4439 	-0.227545 	
0.495	0.31236 	-0.173665 	0.537295 	0.165165 	-1.4439 	-0.227545 	
0.5	0.312347 	-0.173652 	0.537285 	0.163537 	-1.44276 	-0.225302 	
0.505	0.312398 	-0.173653 	0.537295 	0.163537 	-1.44276 	-0.225302 	
0.51	0.312449 	-0.173653 	0.537304 	0.163537 	-1.44276 	-0.225302 	
0.515	0.3125 	-0.173654 	0.537313 	0.163537 	-1.44276 	-0.225302 	
0.52	0.312552 	-0.173654 	0.537323 	0.163537 	-1.44276 	-0.225302 	
0.525	0.312539 	-0.173642 	0.537313 	0.161864 	-1.44159 	-0.222996 	
0.53	0.312592 	-0.173642 	0.537323 	0.161864 	-1.44159 	-0.222996 	
0.535	0.312645 	-0.173643 	0.537333 	0.161864 	-1.44159 	-0.222997 	
0.54	0.312698 	-0.173643 	0.537342 	0.161864 	-1.44159 	-0.222997 	
0.545	0.312752 	-0.173643 	0.537352 	0.161864 	-1.44159 	-0.222997 	
0.55	0.312739 	-0.17363 	0.537342 	0.160123 	-1.44037 	-0.220598 	
0.555	0.312794 	-0.173631 	0.537352 	0.160123 	-1.44037 	-0.220598 	
0.56	0.312849 	-0.173631 	0.537362 	0.160123 	-1.44037 	-0.220598 	
0.565	0.312905 	-0.173632 	0.537373 	0.160123 	-1.44037 	-0.220598 	
0.57	0.312961 	-0.173632 	0.537383 	0.160123 	-1.44037 	-0.220598 	
0.575	0.312947 	-0.173619 	0.537373 	0.158313 	-1.4391 	-0.218104 	
0.58	0.313004 	-0.173619 	0.537383 	0.158313 	-1.4391 	-0.218104 	
0.585	0.313061 	-0.173619 	0.537393 	0.158313 	-1.4391 	-0.218104 	
0.59	0.313119 	-0.17362 	0.537404 	0.158313 	-1.4391 	-0.218104 	
0.595	0.313177 	-0.17362 	0.537415 	0.158313 	-1.4391 	-0.218104 	
0.6	0.313163 	-0.173607 	0.537404 	0.156436 	-1.43778 	-0.215518 	
0.605	0.313222 	-0.173607 	0.537415 	0.156436 	-1.43778 	-0.215518 	
0.61	0.313281 	-0.173607 	0.537426 	0.156436 	-1.43778 	-0.215518 	
0.615	0.313341 	-0.173607 	0.537436 	0.156436 	-1.43778 	-0.215518 	
0.62	0.313339 	-0.173596 	0.53743 	0.154848 	-1.43667 	-0.213332 	
0.625	0.313399 	-0.173597 	0.537441 	0.154848 	-1.43667 	-0.213332 	
0.63	0.31346 	-0.173597 	0.537452 	0.154849 	-1.43667 	-0.213332 	
0.635	0.313522 	-0.173597 	0.537463 	0.154849 	-1.43667 	-0.213332 	
0.64	0.313521 	-0.173586 	0.537456 	0.153254 	-1.43555 	-0.211135 	
0.645	0.313583 	-0.173586 	0.537467 	0.153254 	-1.43555 	-0.211135 	
0.65	0.313646 	-0.173586 	0.537479 	0.153254 	-1.43555 	-0.211135 	
0.655	0.313708 	-0.173587 	0.53749 	0.153254 	-1.43555 	-0.211135 	
0.66	0.313708 	-0.173576 	0.537483 	0.151624 	-1.43441 	-0.208889 	
0.665	0.313772 	-0.173576 	0.537495 	0.151624 	-1.43441 	-0.208889 	
0.67	0.313836 	-0.173576 	0.537506 	0.151624 	-1.43441 	-0.208889 	
0.675	0.3139 	-0.173576 	0.537518 	0.151624 	-1.43441 	-0.208889 	
0.68	0.313899 	-0.173565 	0.537511 	0.149955 	-1.43324 	-0.206589 	
0.685	0.313964 	-0.173565 	0.537523 	0.149955 	-1.43324 	-0.206589 	
0.69	0.31403 	-0.173565 	0.537535 	0.149955 	-1.43324 	-0.206589 	
0.695	0.314095 	-0.173565 	0.537547 	0.149955 	-1.43324 	-0.206589 	
0.7	0.314095 	-0.173554 	0.53754 	0.148248 	-1.43204 	-0.204238 	
0.705	0.314161 	-0.173554 	0.537552 	0.148248 	-1.43204 	-0.204238 	
0.71	0.314228 	-0.173554 	0.537564 	0.148248 	-1.43204 	-0.204238 	
0.715	0.314295 	-0.173554 	0.537576 	0.148248 	-1.43204 	-0.204238 	
0.72	0.314295 	-0.173543 	0.537569 	0.146505 	-1.43082 	-0.201836 	
0.725	0.314362 	-0.173542 	0.537581 	0.146505 	-1.43082 	-0.201836 	
0.73	0.314431 	-0.173542 	0.537593 	0.146505 	-1.43082 	-0.201836 	
0.735	0.314499 	-0.173542 	0.537606 	0.146505 	-1.43082 	-0.201836 	
0.74	0.314498 	-0.173531 	0.537598 	0.144726 	-1.42957 	-0.199386 	
0.745	0.314568 	-0.173531 	0.537611 	0.144726 	-1.42957 	-0.199386 	
0.75	0.314637 	-0.173531 	0.537623 	0.144726 	-1.42957 	-0.199386 	
0.755	0.314707 	-0.17353 	0.537636 	0.144726 	-1.42957 	-0.199386 	
0.76	0.314706 	-0.173519 	0.537629 	0.142913 	-1.4283 	-0.196888 	
0.765	0.314777 	-0.173519 	0.537641 	0.142913 	-1.4283 	-0.196888 	
0.77	0.314847 	-0.173519 	0.537654 	0.142913 	-1.4283 	-0.196888 	
0.775	0.314919 	-0.173518 	0.537667 	0.142913 	-1.4283 	-0.196888 	
0.78	0.314918 	-0.173507 	0.53766 	0.141067 	-1.42701 	-0.194344 	
0.785	0.314989 	-0.173507 	0.537672 	0.141067 	-1.42701 	-0.194344 	
0.79	0.315061 	-0.173507 	0.537685 	0.141067 	-1.42701 	-0.194344 	
0.795	0.315134 	-0.173506 	0.537698 	0.141067 	-1.42701 	-0.194344 	
0.8	0.315133 	-0.173495 	0.537691 	0.139188 	-1.42569 	-0.191757 	
0.805	0.315206 	-0.173495 	0.537704 	0.139188 	-1.42569 	-0.191757 	
0.81	0.315279 	-0.173494 	0.537717 	0.139188 	-1.42569 	-0.191757 	
0.815	0.315352 	-0.173494 	0.53773 	0.139188 	-1.42569 	-0.191757 	
0.82	0.315351 	-0.173483 	0.537723 	0.137279 	-1.42435 	-0.189126 	
0.825	0.315425 	-0.173482 	0.537736 	0.137279 	-1.42435 	-0.189126 	
0.83	0.3155 	-0.173482 	0.537749 	0.137279 	-1.42435 	-0.189126 	
0.835	0.315575 	-0.173481 	0.537763 	0.137279 	-1.42435 	-0.189126 	
0.84	0.315573 	-0.17347 	0.537755 	0.13534 	-1.42299 	-0.186455 	
0.845	0.315649 	-0.17347 	0.537768 	0.13534 	-1.42299 	-0.186455 	
0.85	0.315724 	-0.173469 	0.537782 	0.13534 	-1.42299 	-0.186455 	
0.855	0.3158 	-0.173468 	0.537795 	0.13534 	-1.42299 	-0.186455 	
0.86	0.315799 	-0.173458 	0.537788 	0.133372 	-1.42161 	-0.183744 	
0.865	0.315875 	-0.173457 	0.537801 	0.133372 	-1.42161 	-0.183744 	
0.87	0.315951 	-0.173456 	0.537815 	0.133372 	-1.42161 	-0.183744 	
0.875	0.316028 	-0.173455 	0.537829 	0.133372 	-1.42161 	-0.183744 	
0.88	0.316027 	-0.173445 	0.537821 	0.131378 	-1.42021 	-0.180996 	
0.885	0.316104 	-0.173444 	0.537835 	0.131378 	-1.42021 	-0.180996 	
0.89	0.316182 	-0.173443 	0.537849 	0.131378 	-1.42021 	-0.180996 	
0.895	0.316198 	-0.173435 	0.537846 	0.129813 	-1.41912 	-0.178841 	
0.9	0.316276 	-0.173434 	0.53786 	0.129813 	-1.41912 	-0.178841 	
0.905	0.316354 	-0.173433 	0.537873 	0.129813 	-1.41912 	-0.178841 	
0.91	0.316433 	-0.173432 	0.537887 	0.129813 	-1.41912 	-0.178841 	
0.915	0.316433 	-0.173422 	0.53788 	0.12782 	-1.41772 	-0.176095 	
0.92	0.316512 	-0.173421 	0.537894 	0.12782 	-1.41772 	-0.176095 	
0.925	0.316592 	-0.17342 	0.537908 	0.12782 	-1.41772 	-0.176095 	
0.93	0.316608 	-0.173412 	0.537905 	0.126227 	-1.4166 	-0.173901 	
0.935	0.316688 	-0.17341 	0.53792 	0.126227 	-1.4166 	-0.173901 	
0.94	0.316768 	-0.173409 	0.537934 	0.126227 	-1.4166 	-0.173901 	
0.945	0.316786 	-0.173402 	0.537931 	0.124664 	-1.41551 	-0.171747 	
0.95	0.316867 	-0.1734 	0.537946 	0.124664 	-1.41551 	-0.171747 	
0.955	0.316947 	-0.173399 	0.53796 	0.124664 	-1.41551 	-0.171747 	
0.96	0.316966 	-0.173392 	0.537958 	0.123093 	-1.4144 	-0.169582 	
0.965	0.317047 	-0.17339 	0.537972 	0.123093 	-1.4144 	-0.169582 	
0.97	0.317128 	-0.173389 	0.537986 	0.123093 	-1.4144 	-0.169582 	
0.975	0.317147 	-0.173381 	0.537984 	0.12151 	-1.41329 	-0.167402 	
0.98	0.317228 	-0.17338 	0.537998 	0.12151 	-1.41329 	-0.167402 	
0.985	0.31731 	-0.173378 	0.538013 	0.12151 	-1.41329 	-0.167402 	
0.99	0.317329 	-0.173371 	0.53801 	0.119917 	-1.41218 	-0.165207 	
0.995	0.317411 	-0.173369 	0.538025 	0.119917 	-1.41218 	-0.165207 	
1	0.317493 	-0.173368 	0.538039 	0.119917 	-1.41218 	-0.165207 	
1.005	0.317512 	-0.173361 	0.538037 	0.118313 	-1.41105 	-0.162997 	
1.01	0.317595 	-0.173359 	0.538052 	0.118313 	-1.41105 	-0.162997 	
1.015	0.317678 	-0.173357 	0.538066 	0.118313 	-1.41105 	-0.162997 	
1.02	0.317697 	-0.17335 	0.538064 	0.116699 	-1.40992 	-0.160773 	
1.025	0.31778 	-0.173348 	0.538079 	0.116699 	-1.40992 	-0.160773 	
1.03	0.317863 	-0.173347 	0.538093 	0.116699 	-1.40992 	-0.160773 	
1.035	0.317883 	-0.17334 	0.538091 	0.115075 	-1.40878 	-0.158537 	
1.04	0.317966 	-0.173338 	0.538106 	0.115075 	-1.40878 	-0.158537 	
1.045	0.31805 	-0.173336 	0.53812 	0.115075 	-1.40878 	-0.158537 	
1.05	0.318069 	-0.173329 	0.538118 	0.113443 	-1.40764 	-0.156288 	
1.055	0.318153 	-0.173327 	0.538133 	0.113443 	-1.40764 	-0.156288 	
1.06	0.318237 	-0.173325 	0.538148 	0.113443 	-1.40764 	-0.156288 	
1.065	0.318257 	-0.173319 	0.538145 	0.111802 	-1.40649 	-0.154028 	
1.07	0.318341 	-0.173316 	0.53816 	0.111802 	-1.40649 	-0.154028 	
1.075	0.318426 	-0.173314 	0.538175 	0.111802 	-1.40649 	-0.154028 	
1.08	0.318445 	-0.173308 	0.538173 	0.110154 	-1.40533 	-0.151757 	
1.085	0.31853 	-0.173306 	0.538188 	0.110154 	-1.40533 	-0.151757 	
1.09	0.318615 	-0.173303 	0.538202 	0.110154 	-1.40533 	-0.151757 	
1.095	0.318634 	-0.173297 	0.5382 	0.108499 	-1.40417 	-0.149476 	
1.1	0.31872 	-0.173295 	0.538215 	0.108499 	-1.40417 	-0.149476 	
1.105	0.318805 	-0.173293 	0.53823 	0.108499 	-1.40417 	-0.149476 	
1.11	0.318824 	-0.173287 	0.538228 	0.106837 	-1.40301 	-0.147187 	
1.115	0.31891 	-0.173284 	0.538243 	0.106837 	-1.40301 	-0.147187 	
1.12	0.318995 	-0.173282 	0.538258 	0.106837 	-1.40301 	-0.147187 	
1.125	0.319015 	-0.173276 	0.538256 	0.105169 	-1.40184 	-0.144889 	
1.13	0.319101 	-0.173273 	0.538271 	0.105169 	-1.40184 	-0.144889 	
1.135	0.319187 	-0.173271 	0.538286 	0.105169 	-1.40184 	-0.144889 	
1.14	0.319206 	-0.173265 	0.538284 	0.103496 	-1.40066 	-0.142584 	
1.145	0.319292 	-0.173262 	0.538299 	0.103496 	-1.40066 	-0.142584 	
1.15	0.319378 	-0.17326 	0.538313 	0.103496 	-1.40066 	-0.142584 	
1.155	0.319398 	-0.173254 	0.538312 	0.101818 	-1.39949 	-0.140272 	
1.16	0.319484 	-0.173251 	0.538326 	0.101818 	-1.39949 	-0.140272 	
1.165	0.31957 	-0.173249 	0.538341 	0.101818 	-1.39949 	-0.140272 	
1.17	0.31959 	-0.173243 	0.53834 	0.100136 	-1.39831 	-0.137955 	
1.175	0.319677 	-0.17324 	0.538354 	0.100136 	-1.39831 	-0.137955 	
1.18	0.319763 	-0.173238 	0.538369 	0.100136 	-1.39831 	-0.137955 	
1.185	0.319783 	-0.173232 	0.538368 	0.09845 	-1.39713 	-0.135632 	
1.19	0.319869 	-0.173229 	0.538382 	0.09845 	-1.39713 	-0.135632 	
1.195	0.319956 	-0.173226 	0.538397 	0.09845 	-1.39713 	-0.135632 	
1.2	0.319976 	-0.173222 	0.538396 	0.0967614 	-1.39594 	-0.133306 	
1.205	0.320062 	-0.173218 	0.538411 	0.0967614 	-1.39594 	-0.133306 	
1.21	0.320149 	-0.173215 	0.538425 	0.0967614 	-1.39594 	-0.133306 	
1.215	0.320169 	-0.173211 	0.538424 	0.0950704 	-1.39476 	-0.130976 	
1.22	0.320256 	-0.173207 	0.538439 	0.0950704 	-1.39476 	-0.130976 	
1.225	0.320343 	-0.173204 	0.538454 	0.0950704 	-1.39476 	-0.130976 	
1.23	0.320362 	-0.1732 	0.538452 	0.0933777 	-1.39357 	-0.128644 	
1.235	0.320449 	-0.173196 	0.538467 	0.0933777 	-1.39357 	-0.128644 	
1.24	0.320536 	-0.173193 	0.538482 	0.0933777 	-1.39357 	-0.128644 	
1.245	0.320556 	-0.173189 	0.53848 	0.0916838 	-1.39238 	-0.126311 	
1.25	0.320643 	-0.173185 	0.538495 	0.0916838 	-1.39238 	-0.126311 	
1.255	0.32073 	-0.173182 	0.53851 	0.0916838 	-1.39238 	-0.126311 	
1.26	0.320749 	-0.173178 	0.538508 	0.0899893 	-1.39119 	-0.123976 	
1.265	0.320836 	-0.173174 	0.538523 	0.0899893 	-1.39119 	-0.123976 	
1.27	0.320923 	-0.173171 	0.538538 	0.0899893 	-1.39119 	-0.123976 	
1.275	0.320943 	-0.173167 	0.538536 	0.0882949 	-1.39001 	-0.121642 	
1.28	0.32103 	-0.173163 	0.538551 	0.0882949 	-1.39001 	-0.121642 	
1.285	0.321117 	-0.17316 	0.538566 	0.0882949 	-1.39001 	-0.121642 	
1.29	0.321136 	-0.173156 	0.538565 	0.0866011 	-1.38882 	-0.119308 	
1.295	0.321223 	-0.173152 	0.538579 	0.0866011 	-1.38882 	-0.119308 	
1.3	0.32131 	-0.173149 	0.538594 	0.0866011 	-1.38882 	-0.119308 	
1.305	0.32133 	-0.173145 	0.538593 	0.0849085 	-1.38763 	-0.116977 	
1.31	0.321416 	-0.173141 	0.538607 	0.0849085 	-1.38763 	-0.116977 	
1.315	0.321503 	-0.173137 	0.538622 	0.0849085 	-1.38763 	-0.116977 	
1.32	0.321523 	-0.173134 	0.538621 	0.0832177 	-1.38645 	-0.114647 	
1.325	0.321609 	-0.17313 	0.538636 	0.0832177 	-1.38645 	-0.114647 	
1.33	0.321696 	-0.173126 	0.53865 	0.0832177 	-1.38645 	-0.114647 	
1.335	0.321715 	-0.173123 	0.538649 	0.0815294 	-1.38526 	-0.112321 	
1.34	0.321802 	-0.173119 	0.538664 	0.0815294 	-1.38526 	-0.112321 	
1.345	0.321889 	-0.173115 	0.538678 	0.0815294 	-1.38526 	-0.112321 	
1.35	0.321908 	-0.173112 	0.538677 	0.0798441 	-1.38408 	-0.11 	
1.355	0.321994 	-0.173108 	0.538692 	0.0798441 	-1.38408 	-0.11 	
1.36	0.322081 	-0.173104 	0.538706 	0.0798441 	-1.38408 	-0.11 	
1.365	0.3221 	-0.173102 	0.538705 	0.0781625 	-1.3829 	-0.107683 	
1.37	0.322186 	-0.173097 	0.538719 	0.0781625 	-1.3829 	-0.107683 	
1.375	0.322272 	-0.173093 	0.538734 	0.0781625 	-1.3829 	-0.107683 	
1.38	0.322292 	-0.173091 	0.538733 	0.076485 	-1.38172 	-0.105372 	
1.385	0.322378 	-0.173086 	0.538747 	0.076485 	-1.38172 	-0.105372 	
1.39	0.322463 	-0.173082 	0.538762 	0.076485 	-1.38172 	-0.105372 	
1.395	0.322483 	-0.17308 	0.538761 	0.0748124 	-1.38055 	-0.103067 	
1.4	0.322568 	-0.173076 	0.538775 	0.0748124 	-1.38055 	-0.103067 	
1.405	0.322654 	-0.173071 	0.538789 	0.0748124 	-1.38055 	-0.103067 	
1.41	0.322673 	-0.173069 	0.538788 	0.0731451 	-1.37938 	-0.10077 	
1.415	0.322758 	-0.173065 	0.538803 	0.0731451 	-1.37938 	-0.10077 	
1.42	0.322844 	-0.17306 	0.538817 	0.0731451 	-1.37938 	-0.10077 	
1.425	0.322863 	-0.173058 	0.538816 	0.0714839 	-1.37822 	-0.0984818 	
1.43	0.322948 	-0.173054 	0.53883 	0.0714839 	-1.37822 	-0.0984818 	
1.435	0.323033 	-0.173049 	0.538844 	0.0714839 	-1.37822 	-0.0984818 	
1.44	0.323051 	-0.173048 	0.538843 	0.0698292 	-1.37706 	-0.0962022 	
1.445	0.323136 	-0.173043 	0.538858 	0.0698292 	-1.37706 	-0.0962022 	
1.45	0.323221 	-0.173039 	0.538872 	0.0698292 	-1.37706 	-0.0962022 	
1.455	0.323239 	-0.173037 	0.538871 	0.0681817 	-1.3759 	-0.0939324 	
1.46	0.323324 	-0.173032 	0.538885 	0.0681817 	-1.3759 	-0.0939324 	
1.465	0.323408 	-0.173028 	0.538899 	0.0681817 	-1.3759 	-0.0939324 	
1.47	0.323427 	-0.173027 	0.538898 	0.0665419 	-1.37475 	-0.0916734 	
1.475	0.323511 	-0.173022 	0.538912 	0.0665419 	-1.37475 	-0.0916734 	
1.48	0.323594 	-0.173017 	0.538926 	0.0665419 	-1.37475 	-0.0916734 	
1.485	0.323613 	-0.173016 	0.538925 	0.0649105 	-1.37361 	-0.0894258 	
1.49	0.323696 	-0.173011 	0.538939 	0.0649105 	-1.37361 	-0.0894258 	
1.495	0.32378 	-0.173006 	0.538953 	0.0649105 	-1.37361 	-0.0894258 	
1.5	0.323798 	-0.173006 	0.538952 	0.063288 	-1.37247 	-0.0871905 	
1.505	0.323881 	-0.173001 	0.538966 	0.063288 	-1.37247 	-0.0871905 	
1.51	0.323964 	-0.172996 	0.53898 	0.063288 	-1.37247 	-0.0871905 	
1.515	0.323982 	-0.172995 	0.538979 	0.061675 	-1.37134 	-0.0849682 	
1.52	0.324065 	-0.17299 	0.538992 	0.061675 	-1.37134 	-0.0849682 	
1.525	0.324147 	-0.172985 	0.539006 	0.061675 	-1.37134 	-0.0849682 	
1.53	0.324165 	-0.172985 	0.539005 	0.060072 	-1.37022 	-0.0827598 	
1.535	0.324247 	-0.17298 	0.539019 	0.060072 	-1.37022 	-0.0827598 	
1.54	0.324329 	-0.172975 	0.539033 	0.060072 	-1.37022 	-0.0827598 	
1.545	0.324347 	-0.172975 	0.539032 	0.0584796 	-1.3691 	-0.0805661 	
1.55	0.324428 	-0.17297 	0.539045 	0.0584796 	-1.3691 	-0.0805661 	
1.555	0.324509 	-0.172965 	0.539059 	0.0584796 	-1.3691 	-0.0805661 	
1.56	0.324527 	-0.172964 	0.539058 	0.0568984 	-1.36799 	-0.0783877 	
1.565	0.324608 	-0.172959 	0.539071 	0.0568984 	-1.36799 	-0.0783877 	
1.57	0.324689 	-0.172954 	0.539085 	0.0568984 	-1.36799 	-0.0783877 	
1.575	0.324706 	-0.172954 	0.539084 	0.055329 	-1.36689 	-0.0762255 	
1.58	0.324786 	-0.172949 	0.539097 	0.055329 	-1.36689 	-0.0762255 	
1.585	0.324866 	-0.172944 	0.539111 	0.055329 	-1.36689 	-0.0762255 	
1.59	0.324884 	-0.172944 	0.53911 	0.0537718 	-1.3658 	-0.0740803 	
1.595	0.324963 	-0.172939 	0.539123 	0.0537718 	-1.3658 	-0.0740803 	
1.6	0.325043 	-0.172934 	0.539136 	0.0537718 	-1.3658 	-0.0740803 	
1.605	0.32506 	-0.172934 	0.539136 	0.0522275 	-1.36472 	-0.0719527 	
1.61	0.325139 	-0.172929 	0.539149 	0.0522275 	-1.36472 	-0.0719527 	
1.615	0.325217 	-0.172924 	0.539162 	0.0522275 	-1.36472 	-0.0719527 	
1.62	0.325235 	-0.172924 	0.539161 	0.0506966 	-1.36364 	-0.0698436 	
1.625	0.325313 	-0.172919 	0.539174 	0.0506966 	-1.36364 	-0.0698436 	
1.63	0.325391 	-0.172914 	0.539187 	0.0506966 	-1.36364 	-0.0698436 	
1.635	0.325468 	-0.172909 	0.539199 	0.0506966 	-1.36364 	-0.0698436 	
1.64	0.325467 	-0.172911 	0.539195 	0.0487292 	-1.36226 	-0.0671329 	
1.645	0.325544 	-0.172906 	0.539208 	0.0487292 	-1.36226 	-0.0671329 	
1.65	0.325621 	-0.172901 	0.53922 	0.0487292 	-1.36226 	-0.0671329 	
1.655	0.325636 	-0.172902 	0.53922 	0.0471849 	-1.36118 	-0.0650056 	
1.66	0.325712 	-0.172896 	0.539232 	0.0471849 	-1.36118 	-0.0650056 	
1.665	0.325788 	-0.172891 	0.539244 	0.0471849 	-1.36118 	-0.0650056 	
1.67	0.325864 	-0.172886 	0.539257 	0.0471849 	-1.36118 	-0.0650056 	
1.675	0.325863 	-0.172889 	0.539253 	0.0452579 	-1.35983 	-0.0623507 	
1.68	0.325938 	-0.172884 	0.539265 	0.0452579 	-1.35983 	-0.0623507 	
1.685	0.326013 	-0.172878 	0.539277 	0.0452579 	-1.35983 	-0.0623507 	
1.69	0.326088 	-0.172873 	0.539289 	0.0452579 	-1.35983 	-0.0623507 	
1.695	0.326085 	-0.172876 	0.539285 	0.0433171 	-1.35847 	-0.0596769 	
1.7	0.326159 	-0.172871 	0.539297 	0.0433171 	-1.35847 	-0.0596769 	
1.705	0.326233 	-0.172866 	0.539309 	0.0433171 	-1.35847 	-0.0596769 	
1.71	0.326306 	-0.17286 	0.539321 	0.0433171 	-1.35847 	-0.0596769 	
1.715	0.326303 	-0.172864 	0.539317 	0.0414014 	-1.35713 	-0.0570377 	
1.72	0.326376 	-0.172859 	0.539329 	0.0414014 	-1.35713 	-0.0570377 	
1.725	0.326449 	-0.172853 	0.53934 	0.0414014 	-1.35713 	-0.0570377 	
1.73	0.326521 	-0.172848 	0.539352 	0.0414014 	-1.35713 	-0.0570377 	
1.735	0.326518 	-0.172852 	0.539348 	0.0395159 	-1.3558 	-0.0544401 	
1.74	0.32659 	-0.172846 	0.53936 	0.0395159 	-1.3558 	-0.0544401 	
1.745	0.326661 	-0.172841 	0.539371 	0.0395159 	-1.3558 	-0.0544401 	
1.75	0.326732 	-0.172836 	0.539383 	0.0395159 	-1.3558 	-0.0544401 	
1.755	0.326729 	-0.17284 	0.539379 	0.0376622 	-1.3545 	-0.0518862 	
1.76	0.3268 	-0.172835 	0.53939 	0.0376622 	-1.3545 	-0.0518862 	
1.765	0.32687 	-0.172829 	0.539401 	0.0376622 	-1.3545 	-0.0518862 	
1.77	0.32694 	-0.172824 	0.539413 	0.0376622 	-1.3545 	-0.0518862 	
1.775	0.326937 	-0.172828 	0.539409 	0.0358414 	-1.35323 	-0.0493778 	
1.78	0.327006 	-0.172823 	0.53942 	0.0358414 	-1.35323 	-0.0493778 	
1.785	0.327075 	-0.172817 	0.539431 	0.0358414 	-1.35323 	-0.0493778 	
1.79	0.327143 	-0.172812 	0.539442 	0.0358414 	-1.35323 	-0.0493778 	
1.795	0.32714 	-0.172817 	0.539439 	0.0340547 	-1.35197 	-0.0469163 	
1.8	0.327208 	-0.172811 	0.539449 	0.0340547 	-1.35197 	-0.0469163 	
1.805	0.327275 	-0.172806 	0.53946 	0.0340547 	-1.35197 	-0.0469163 	
1.81	0.327343 	-0.172801 	0.539471 	0.0340547 	-1.35197 	-0.0469163 	
1.815	0.32734 	-0.172805 	0.539468 	0.0323033 	-1.35075 	-0.0445035 	
1.82	0.327406 	-0.1728 	0.539478 	0.0323033 	-1.35075 	-0.0445035 	
1.825	0.327472 	-0.172795 	0.539489 	0.0323033 	-1.35075 	-0.0445035 	
1.83	0.327538 	-0.17279 	0.539499 	0.0323033 	-1.35075 	-0.0445035 	
1.835	0.327535 	-0.172794 	0.539496 	0.0305883 	-1.34954 	-0.0421407 	
1.84	0.3276 	-0.172789 	0.539506 	0.0305883 	-1.34954 	-0.0421407 	
1.845	0.327665 	-0.172784 	0.539517 	0.0305883 	-1.34954 	-0.0421407 	
1.85	0.327729 	-0.172779 	0.539527 	0.0305883 	-1.34954 	-0.0421407 	
1.855	0.327726 	-0.172784 	0.539524 	0.0289106 	-1.34837 	-0.0398294 	
1.86	0.327789 	-0.172778 	0.539534 	0.0289106 	-1.34837 	-0.0398294 	
1.865	0.327853 	-0.172773 	0.539544 	0.0289106 	-1.34837 	-0.0398294 	
1.87	0.327915 	-0.172768 	0.539554 	0.0289106 	-1.34837 	-0.0398294 	
1.875	0.327913 	-0.172773 	0.539551 	0.0272715 	-1.34722 	-0.0375712 	
1.88	0.327975 	-0.172768 	0.539561 	0.0272715 	-1.34722 	-0.0375712 	
1.885	0.328036 	-0.172763 	0.539571 	0.0272715 	-1.34722 	-0.0375712 	
1.89	0.328097 	-0.172758 	0.53958 	0.0272715 	-1.34722 	-0.0375712 	
1.895	0.328095 	-0.172763 	0.539577 	0.0256718 	-1.3461 	-0.0353674 	
1.9	0.328155 	-0.172758 	0.539587 	0.0256718 	-1.3461 	-0.0353674 	
1.905	0.328215 	-0.172753 	0.539597 	0.0256718 	-1.3461 	-0.0353674 	
1.91	0.328275 	-0.172748 	0.539606 	0.0256718 	-1.3461 	-0.0353674 	
1.915	0.328272 	-0.172753 	0.539603 	0.0241127 	-1.345 	-0.0332195 	
1.92	0.328331 	-0.172748 	0.539613 	0.0241127 	-1.345 	-0.0332195 	
1.925	0.328389 	-0.172743 	0.539622 	0.0241127 	-1.345 	-0.0332195 	
1.93	0.328447 	-0.172738 	0.539631 	0.0241127 	-1.345 	-0.0332195 	
1.935	0.328445 	-0.172743 	0.539628 	0.0225951 	-1.34394 	-0.0311287 	
1.94	0.328502 	-0.172738 	0.539637 	0.0225951 	-1.34394 	-0.0311287 	
1.945	0.328559 	-0.172733 	0.539646 	0.0225951 	-1.34394 	-0.0311287 	
1.95	0.328615 	-0.172728 	0.539655 	0.0225951 	-1.34394 	-0.0311287 	
1.955	0.328671 	-0.172723 	0.539664 	0.0225951 	-1.34394 	-0.0311287 	
1.96	0.328655 	-0.172731 	0.539659 	0.0207961 	-1.34268 	-0.0286502 	
1.965	0.32871 	-0.172726 	0.539668 	0.0207961 	-1.34268 	-0.0286502 	
1.97	0.328765 	-0.172721 	0.539676 	0.0207961 	-1.34268 	-0.0286502 	
1.975	0.328819 	-0.172717 	0.539685 	0.0207961 	-1.34268 	-0.0286502 	
1.98	0.328873 	-0.172712 	0.539694 	0.0207961 	-1.34268 	-0.0286502 	
1.985	0.328856 	-0.17272 	0.539688 	0.0190295 	-1.34144 	-0.0262164 	
1.99	0.328909 	-0.172715 	0.539697 	0.0190295 	-1.34144 	-0.0262164 	
1.995	0.328962 	-0.17271 	0.539705 	0.0190295 	-1.34144 	-0.0262164 	
2	0.329014 	-0.172706 	0.539713 	0.0190295 	-1.34144 	-0.0262164 	
2.005	0.329065 	-0.172701 	0.539721 	0.0190295 	-1.34144 	-0.0262164 	
2.01	0.329049 	-0.172709 	0.539716 	0.0173292 	-1.34025 	-0.0238739 	
2.015	0.3291 	-0.172704 	0.539724 	0.0173292 	-1.34025 	-0.0238739 	
2.02	0.32915 	-0.1727 	0.539732 	0.0173292 	-1.34025 	-0.0238739 	
2.025	0.3292 	-0.172695 	0.53974 	0.0173292 	-1.34025 	-0.0238739 	
2.03	0.32925 	-0.172691 	0.539748 	0.0173292 	-1.34025 	-0.0238739 	
2.035	0.329234 	-0.172698 	0.539743 	0.0156999 	-1.33911 	-0.0216293 	
2.04	0.329283 	-0.172694 	0.539751 	0.0156999 	-1.33911 	-0.0216293 	
2.045	0.329331 	-0.17269 	0.539759 	0.0156999 	-1.33911 	-0.0216293 	
2.05	0.329378 	-0.172685 	0.539766 	0.0156999 	-1.33911 	-0.0216293 	
2.055	0.329426 	-0.172681 	0.539773 	0.0156999 	-1.33911 	-0.0216293 	
2.06	0.329411 	-0.172689 	0.539769 	0.0141438 	-1.33802 	-0.0194855 	
2.065	0.329457 	-0.172684 	0.539776 	0.0141438 	-1.33802 	-0.0194855 	
2.07	0.329503 	-0.17268 	0.539783 	0.0141438 	-1.33802 	-0.0194855 	
2.075	0.329548 	-0.172676 	0.539791 	0.0141438 	-1.33802 	-0.0194855 	
2.08	0.329593 	-0.172672 	0.539798 	0.0141438 	-1.33802 	-0.0194855 	
2.085	0.329637 	-0.172667 	0.539805 	0.0141438 	-1.33802 	-0.0194855 	
2.09	0.329612 	-0.172677 	0.539798 	0.012406 	-1.3368 	-0.0170913 	
2.095	0.329656 	-0.172673 	0.539805 	0.012406 	-1.3368 	-0.0170913 	
2.1	0.329699 	-0.172669 	0.539812 	0.012406 	-1.3368 	-0.0170913 	
2.105	0.329741 	-0.172665 	0.539819 	0.012406 	-1.3368 	-0.0170913 	
2.11	0.329783 	-0.172661 	0.539825 	0.012406 	-1.3368 	-0.0170913 	
2.115	0.329825 	-0.172657 	0.539832 	0.012406 	-1.3368 	-0.0170913 	
2.12	0.3298 	-0.172666 	0.539826 	0.0107486 	-1.33563 	-0.0148079 	
2.125	0.329841 	-0.172663 	0.539832 	0.0107486 	-1.33563 	-0.0148079 	
2.13	0.329881 	-0.172659 	0.539838 	0.0107486 	-1.33563 	-0.0148079 	
2.135	0.329921 	-0.172655 	0.539845 	0.0107486 	-1.33563 	-0.0148079 	
2.14	0.32996 	-0.172651 	0.539851 	0.0107486 	-1.33563 	-0.0148079 	
2.145	0.329998 	-0.172648 	0.539857 	0.0107486 	-1.33563 	-0.0148079 	
2.15	0.329975 	-0.172657 	0.539851 	0.00920037 	-1.33455 	-0.012675 	
2.155	0.330013 	-0.172653 	0.539857 	0.00920037 	-1.33455 	-0.012675 	
2.16	0.33005 	-0.172649 	0.539863 	0.00920037 	-1.33455 	-0.012675 	
2.165	0.330087 	-0.172646 	0.539869 	0.00920037 	-1.33455 	-0.012675 	
2.17	0.330123 	-0.172642 	0.539874 	0.00920037 	-1.33455 	-0.012675 	
2.175	0.330159 	-0.172639 	0.53988 	0.00920037 	-1.33455 	-0.012675 	
2.18	0.330194 	-0.172636 	0.539885 	0.00920037 	-1.33455 	-0.012675 	
2.185	0.330164 	-0.172646 	0.539879 	0.0075639 	-1.3334 	-0.0104205 	
2.19	0.330198 	-0.172643 	0.539884 	0.0075639 	-1.3334 	-0.0104205 	
2.195	0.330232 	-0.172639 	0.539889 	0.0075639 	-1.3334 	-0.0104205 	
2.2	0.330265 	-0.172636 	0.539894 	0.0075639 	-1.3334 	-0.0104205 	
2.205	0.330297 	-0.172633 	0.539899 	0.0075639 	-1.3334 	-0.0104205 	
2.21	0.33033 	-0.17263 	0.539904 	0.0075639 	-1.3334 	-0.0104205 	
2.215	0.330361 	-0.172627 	0.539909 	0.0075639 	-1.3334 	-0.0104205 	
2.22	0.330392 	-0.172624 	0.539914 	0.0075639 	-1.3334 	-0.0104205 	
2.225	0.330357 	-0.172635 	0.539907 	0.00588252 	-1.33222 	-0.00810403 	
2.23	0.330387 	-0.172632 	0.539911 	0.00588252 	-1.33222 	-0.00810403 	
2.235	0.330416 	-0.172629 	0.539916 	0.00588252 	-1.33222 	-0.00810403 	
2.24	0.330446 	-0.172626 	0.539921 	0.00588252 	-1.33222 	-0.00810403 	
2.245	0.330474 	-0.172623 	0.539925 	0.00588252 	-1.33222 	-0.00810403 	
2.25	0.330502 	-0.172621 	0.539929 	0.00588252 	-1.33222 	-0.00810403 	
2.255	0.33053 	-0.172618 	0.539934 	0.00588252 	-1.33222 	-0.00810403 	
2.26	0.330557 	-0.172615 	0.539938 	0.00588252 	-1.33222 	-0.00810403 	
2.265	0.330583 	-0.172613 	0.539942 	0.00588252 	-1.33222 	-0.00810403 	
2.27	0.330544 	-0.172624 	0.539934 	0.00423528 	-1.33107 	-0.00583467 	
2.275	0.33057 	-0.172622 	0.539938 	0.00423528 	-1.33107 	-0.00583467 	
2.28	0.330595 	-0.172619 	0.539942 	0.00423528 	-1.33107 	-0.00583467 	
2.285	0.330619 	-0.172617 	0.539946 	0.00423528 	-1.33107 	-0.00583467 	
2.29	0.330643 	-0.172615 	0.539949 	0.00423528 	-1.33107 	-0.00583467 	
2.295	0.330666 	-0.172612 	0.539953 	0.00423528 	-1.33107 	-0.00583467 	
2.3	0.330689 	-0.17261 	0.539957 	0.00423528 	-1.33107 	-0.00583467 	
2.305	0.330712 	-0.172608 	0.53996 	0.00423528 	-1.33107 	-0.00583467 	
2.31	0.330733 	-0.172606 	0.539963 	0.00423528 	-1.33107 	-0.00583467 	
2.315	0.330755 	-0.172603 	0.539967 	0.00423528 	-1.33107 	-0.00583467 	
2.32	0.330716 	-0.172615 	0.539959 	0.00271621 	-1.33 	-0.00374191 	
2.325	0.330736 	-0.172613 	0.539962 	0.00271621 	-1.33 	-0.00374191 	
2.33	0.330756 	-0.172611 	0.539965 	0.00271621 	-1.33 	-0.00374191 	
2.335	0.330775 	-0.172609 	0.539968 	0.00271621 	-1.33 	-0.00374191 	
2.34	0.330793 	-0.172607 	0.539971 	0.00271621 	-1.33 	-0.00374191 	
2.345	0.330811 	-0.172605 	0.539974 	0.00271621 	-1.33 	-0.00374191 	
2.35	0.330829 	-0.172603 	0.539977 	0.00271621 	-1.33 	-0.00374191 	
2.355	0.330846 	-0.172602 	0.539979 	0.00271621 	-1.33 	-0.00374191 	
2.36	0.330863 	-0.1726 	0.539982 	0.00271621 	-1.33 	-0.00374191 	
2.365	0.330879 	-0.172598 	0.539984 	0.00271621 	-1.33 	-0.00374191 	
2.37	0.330894 	-0.172597 	0.539987 	0.00271621 	-1.33 	-0.00374191 	
2.375	0.330909 	-0.172595 	0.539989 	0.00271621 	-1.33 	-0.00374191 	
2.38	0.330923 	-0.172594 	0.539991 	0.00271621 	-1.33 	-0.00374191 	
2.385	0.330937 	-0.172592 	0.539993 	0.00271621 	-1.33 	-0.00374191 	
2.39	0.33089 	-0.172605 	0.539984 	0.00118993 	-1.32893 	-0.00163918 	
2.395	0.330903 	-0.172604 	0.539986 	0.00118993 	-1.32893 	-0.00163918 	
2.4	0.330915 	-0.172602 	0.539988 	0.00118993 	-1.32893 	-0.00163918 	
2.405	0.330927 	-0.172601 	0.53999 	0.00118993 	-1.32893 	-0.00163918 	
2.41	0.330938 	-0.1726 	0.539992 	0.00118993 	-1.32893 	-0.00163918 	
2.415	0.330949 	-0.172599 	0.539993 	0.00118993 	-1.32893 	-0.00163918 	
2.42	0.330959 	-0.172598 	0.539995 	0.00118993 	-1.32893 	-0.00163918 	
2.425	0.330967 	-0.172597 	0.539996 	0.00118993 	-1.32893 	-0.00163918 	
2.43	0.330977 	-0.172596 	0.539998 	0.00118993 	-1.32893 	-0.00163918 	
2.435	0.330985 	-0.172595 	0.539999 	0.00118993 	-1.32893 	-0.00163918 	
2.44	0.330993 	-0.172595 	0.54 	0.00118993 	-1.32893 	-0.00163918 	
2.445	0.331 	-0.172594 	0.540001 	0.00118993 	-1.32893 	-0.00163918 	
2.45	0.331007 	-0.172593 	0.540002 	0.00118993 	-1.32893 	-0.00163918 	
2.455	0.331013 	-0.172592 	0.540003 	0.00118993 	-1.32893 	-0.00163918 	
2.46	0.331019 	-0.172592 	0.540004 	0.00118993 	-1.32893 	-0.00163918 	
2.465	0.331024 	-0.172591 	0.540005 	0.00118993 	-1.32893 	-0.00163918 	
2.47	0.331029 	-0.172591 	0.540006 	0.00118993 	-1.32893 	-0.00163918 	
2.475	0.331033 	-0.17259 	0.540006 	0.00118993 	-1.32893 	-0.00163918 	
2.48	0.331037 	-0.17259 	0.540007 	0.00118993 	-1.32893 	-0.00163918 	
2.485	0.33104 	-0.17259 	0.540007 	0.00118993 	-1.32893 	-0.00163918 	
2.49	0.331042 	-0.172589 	0.540008 	0.00118993 	-1.32893 	-0.00163918 	
2.495	0.331044 	-0.172589 	0.540008 	0.00118993 	-1.32893 	-0.00163918 	
2.5	0.331045 	-0.172589 	0.540008 	0.00118993 	-1.32893 	-0.00163918 	
2.505	0.331045 	-0.172589 	0.540008 	0.00118993 	-1.32893 	-0.00163918 	
2.51	0.331047 	-0.172589 	0.540009 	0.00118993 	-1.32893 	-0.00163918 	
2.515	0.331048 	-0.172588 	0.540008 	0.00118993 	-1.32893 	-0.00163918 	
2.52	0.331048 	-0.172588 	0.540008 	0.00118993 	-1.32893 	-0.00163918 	
2.525	0.331048 	-0.172587 	0.540007 	0.00118993 	-1.32893 	-0.00163918 	
2.53	0.331049 	-0.172586 	0.540006 	0.00118993 	-1.32893 	-0.00163918 	
2.535	0.331049 	-0.172586 	0.540005 	0.00118993 	-1.32893 	-0.00163918 	
2.54	0.331049 	-0.172585 	0.540003 	0.00118993 	-1.32893 	-0.00163918 	
2.545	0.331049 	-0.172584 	0.540002 	0.00118993 	-1.32893 	-0.00163918 	
2.55	0.331049 	-0.172583 	0.539999 	0.00118993 	-1.32893 	-0.00163918 	
2.555	0.33105 	-0.172582 	0.539997 	0.00118993 	-1.32893 	-0.00163918 	
2.56	0.33105 	-0.17258 	0.539994 	0.00118993 	-1.32893 	-0.00163918 	
2.565	0.331051 	-0.172579 	0.539991 	0.00118993 	-1.32893 	-0.00163918 	
2.57	0.331051 	-0.172577 	0.539988 	0.00118993 	-1.32893 	-0.00163918 	
2.575	0.331051 	-0.172575 	0.539984 	0.00118993 	-1.32893 	-0.00163918 	
2.58	0.331052 	-0.172573 	0.53998 	0.00118993 	-1.32893 	-0.00163918 	
2.585	0.331053 	-0.172571 	0.539976 	0.00118993 	-1.32893 	-0.00163918 	
2.59	0.331053 	-0.172569 	0.539971 	0.00118993 	-1.32893 	-0.00163918 	
2.595	0.331054 	-0.172566 	0.539967 	0.00118993 	-1.32893 	-0.00163918 	
2.6	0.331054 	-0.172564 	0.539961 	0.00118993 	-1.32893 	-0.00163918 	
2.605	0.331055 	-0.172561 	0.539956 	0.00118994 	-1.32893 	-0.00163918 	
2.61	0.331056 	-0.172558 	0.53995 	0.00118994 	-1.32893 	-0.00163918 	
2.615	0.331057 	-0.172555 	0.539944 	0.00118994 	-1.32893 	-0.00163918 	
2.62	0.331058 	-0.172552 	0.539938 	0.00118994 	-1.32893 	-0.00163918 	
2.625	0.331058 	-0.172548 	0.539931 	0.00118994 	-1.32893 	-0.00163919 	
2.63	0.331059 	-0.172545 	0.539925 	0.00118994 	-1.32893 	-0.00163919 	
2.635	0.33106 	-0.172541 	0.539917 	0.00118994 	-1.32893 	-0.00163919 	
2.64	0.331058 	-0.172541 	0.53991 	0.00118994 	-1.32893 	-0.00163919 	
2.645	0.331059 	-0.172537 	0.539902 	0.00118994 	-1.32893 	-0.00163919 	
2.65	0.33106 	-0.172533 	0.539893 	0.00118994 	-1.32893 	-0.00163919 	
2.655	0.331061 	-0.172529 	0.539886 	0.00118995 	-1.32893 	-0.00163919 	
2.66	0.331062 	-0.172524 	0.539876 	0.00118995 	-1.32893 	-0.0016392 	
2.665	0.331063 	-0.17252 	0.539867 	0.00118995 	-1.32893 	-0.0016392 	
2.67	0.331065 	-0.172515 	0.539858 	0.00118995 	-1.32893 	-0.0016392 	
2.675	0.331066 	-0.17251 	0.539849 	0.00118995 	-1.32893 	-0.0016392 	
2.68	0.331067 	-0.172505 	0.539839 	0.00118995 	-1.32893 	-0.0016392 	
2.685	0.331068 	-0.1725 	0.539829 	0.00118996 	-1.32893 	-0.00163921 	
2.69	0.33107 	-0.172495 	0.539819 	0.00118996 	-1.32893 	-0.00163921 	
2.695	0.331071 	-0.172489 	0.539808 	0.00118996 	-1.32893 	-0.00163921 	
2.7	0.331073 	-0.172484 	0.539797 	0.00118996 	-1.32893 	-0.00163921 	
2.705	0.331074 	-0.172478 	0.539786 	0.00118997 	-1.32893 	-0.00163922 	
2.71	0.331076 	-0.172472 	0.539774 	0.00118997 	-1.32893 	-0.00163922 	
2.715	0.331077 	-0.172466 	0.539763 	0.00118997 	-1.32893 	-0.00163922 	
2.72	0.331079 	-0.17246 	0.539751 	0.00118997 	-1.32893 	-0.00163923 	
2.725	0.33108 	-0.172454 	0.539738 	0.00118998 	-1.32893 	-0.00163923 	
2.73	0.331082 	-0.172448 	0.539726 	0.00118998 	-1.32893 	-0.00163923 	
2.735	0.331084 	-0.172441 	0.539713 	0.00118998 	-1.32893 	-0.00163924 	
2.74	0.331086 	-0.172435 	0.5397 	0.00118999 	-1.32893 	-0.00163924 	
2.745	0.331087 	-0.172428 	0.539686 	0.00118999 	-1.32893 	-0.00163924 	
2.75	0.331089 	-0.172421 	0.539672 	0.00118999 	-1.32893 	-0.00163925 	
2.755	0.331091 	-0.172414 	0.539659 	0.00119 	-1.32893 	-0.00163925 	
2.76	0.331093 	-0.172407 	0.539644 	0.00119 	-1.32893 	-0.00163926 	
2.765	0.331095 	-0.172399 	0.53963 	0.00119001 	-1.32893 	-0.00163926 	
2.77	0.331097 	-0.172392 	0.539615 	0.00119001 	-1.32893 	-0.00163927 	
2.775	0.331163 	-0.172394 	0.539611 	0.000118552 	-1.33012 	-0.000163176 	
2.78	0.331165 	-0.172386 	0.539596 	0.000118556 	-1.33012 	-0.000163181 	
2.785	0.331167 	-0.172378 	0.53958 	0.000118561 	-1.33012 	-0.000163186 	
2.79	0.331169 	-0.17237 	0.539564 	0.000118566 	-1.33012 	-0.000163192 	
2.795	0.331172 	-0.172362 	0.539548 	0.000118571 	-1.33012 	-0.000163198 	
2.8	0.331174 	-0.172354 	0.539531 	0.000118576 	-1.33012 	-0.000163204 	
2.805	0.331176 	-0.172345 	0.539515 	0.000118582 	-1.33012 	-0.00016321 	
2.81	0.331178 	-0.172337 	0.539498 	0.000118587 	-1.33012 	-0.000163216 	
2.815	0.331181 	-0.172328 	0.539481 	0.000118593 	-1.33012 	-0.000163222 	
2.82	0.331183 	-0.172319 	0.539463 	0.000118599 	-1.33012 	-0.000163229 	
2.825	0.331185 	-0.17231 	0.539445 	0.000118605 	-1.33012 	-0.000163236 	
2.83	0.331188 	-0.172301 	0.539427 	0.000118611 	-1.33012 	-0.000163243 	
2.835	0.33119 	-0.172292 	0.539409 	0.000118618 	-1.33012 	-0.00016325 	
2.84	0.331192 	-0.172283 	0.539391 	0.000118624 	-1.33012 	-0.000163258 	
2.845	0.331195 	-0.172273 	0.539372 	0.000118631 	-1.33012 	-0.000163266 	
2.85	0.331271 	-0.172264 	0.539366 	1.27772e-05 	-1.33147 	-1.73512e-05 	
2.855	0.331274 	-0.172255 	0.539347 	1.27844e-05 	-1.33147 	-1.73593e-05 	
2.86	0.331276 	-0.172245 	0.539327 	1.27917e-05 	-1.33147 	-1.73677e-05 	
2.865	0.331279 	-0.172235 	0.539307 	1.27993e-05 	-1.33147 	-1.73763e-05 	
2.87	0.331281 	-0.172225 	0.539287 	1.28071e-05 	-1.33147 	-1.73851e-05 	
2.875	0.331284 	-0.172214 	0.539267 	1.2815e-05 	-1.33147 	-1.73941e-05 	
2.88	0.331287 	-0.172204 	0.539246 	1.28232e-05 	-1.33147 	-1.74033e-05 	
2.885	0.33129 	-0.172194 	0.539226 	1.28315e-05 	-1.33147 	-1.74128e-05 	
2.89	0.331292 	-0.172183 	0.539205 	1.28401e-05 	-1.33147 	-1.74225e-05 	
2.895	0.331295 	-0.172172 	0.539183 	1.28488e-05 	-1.33147 	-1.74324e-05 	
2.9	0.331298 	-0.172161 	0.539162 	1.28578e-05 	-1.33147 	-1.74425e-05 	
2.905	0.331301 	-0.17215 	0.53914 	1.28669e-05 	-1.33147 	-1.74529e-05 	
2.91	0.331376 	-0.172139 	0.539131 	2.3255e-06 	-1.33278 	-2.93163e-06 	
2.915	0.331379 	-0.172128 	0.539109 	2.33507e-06 	-1.33278 	-2.94248e-06 	
2.92	0.331382 	-0.172117 	0.539086 	2.34485e-06 	-1.33278 	-2.95354e-06 	
2.925	0.331385 	-0.172105 	0.539064 	2.35483e-06 	-1.33278 	-2.96485e-06 	
2.93	0.331388 	-0.172094 	0.539041 	2.36502e-06 	-1.33278 	-2.97638e-06 	
2.935	0.331391 	-0.172082 	0.539017 	2.37541e-06 	-1.33278 	-2.98815e-06 	
2.94	0.331394 	-0.17207 	0.538994 	2.38601e-06 	-1.33278 	-3.00015e-06 	
2.945	0.331397 	-0.172058 	0.53897 	2.39681e-06 	-1.33278 	-3.01238e-06 	
2.95	0.3314 	-0.172046 	0.538947 	2.40782e-06 	-1.33278 	-3.02485e-06 	
2.955	0.331402 	-0.172035 	0.538922 	2.41885e-06 	-1.33278 	-3.03729e-06 	
2.96	0.331406 	-0.172022 	0.538898 	2.43027e-06 	-1.33278 	-3.05023e-06 	
2.965	0.331483 	-0.17201 	0.538887 	1.39087e-06 	-1.33413 	-1.61517e-06 	
2.97	0.331486 	-0.171997 	0.538862 	1.40276e-06 	-1.33413 	-1.62862e-06 	
2.975	0.33149 	-0.171985 	0.538837 	1.41486e-06 	-1.33413 	-1.6423e-06 	
2.98	0.331493 	-0.171972 	0.538812 	1.42717e-06 	-1.33413 	-1.65623e-06 	
2.985	0.331496 	-0.171959 	0.538786 	1.43968e-06 	-1.33413 	-1.67039e-06 	
2.99	0.3315 	-0.171946 	0.538761 	1.45241e-06 	-1.33413 	-1.68479e-06 	
2.995	0.331503 	-0.171933 	0.538735 	1.46535e-06 	-1.33413 	-1.69943e-06 	
3	0.331507 	-0.17192 	0.538709 	1.4785e-06 	-1.33413 	-1.71431e-06 	
3.005	0.33151 	-0.171907 	0.538683 	1.49186e-06 	-1.33413 	-1.72943e-06 	
3.01	0.331514 	-0.171893 	0.538656 	1.50544e-06 	-1.33413 	-1.74479e-06 	
3.015	0.331592 	-0.17188 	0.538643 	1.33949e-06 	-1.33548 	-1.52818e-06 	
3.02	0.331595 	-0.171866 	0.538616 	1.35353e-06 	-1.33548 	-1.54405e-06 	
3.025	0.331599 	-0.171852 	0.538589 	1.36778e-06 	-1.33548 	-1.56016e-06 	
3.03	0.331602 	-0.171839 	0.538561 	1.38224e-06 	-1.33548 	-1.57651e-06 	
3.035	0.331606 	-0.171825 	0.538534 	1.39691e-06 	-1.33548 	-1.5931e-06 	
3.04	0.33161 	-0.171811 	0.538506 	1.41179e-06 	-1.33548 	-1.60993e-06 	
3.045	0.331613 	-0.171797 	0.538478 	1.42688e-06 	-1.33548 	-1.62699e-06 	
3.05	0.331617 	-0.171782 	0.53845 	1.44219e-06 	-1.33548 	-1.64429e-06 	
3.055	0.331621 	-0.171768 	0.538422 	1.45769e-06 	-1.33548 	-1.66182e-06 	
3.06	0.331697 	-0.171754 	0.538406 	1.30922e-06 	-1.3368 	-1.48699e-06 	
3.065	0.331701 	-0.171739 	0.538378 	1.3252e-06 	-1.3368 	-1.50504e-06 	
3.07	0.331704 	-0.171725 	0.538349 	1.34138e-06 	-1.3368 	-1.52332e-06 	
3.075	0.331708 	-0.17171 	0.53832 	1.35777e-06 	-1.3368 	-1.54184e-06 	
3.08	0.331712 	-0.171695 	0.53829 	1.37436e-06 	-1.3368 	-1.56059e-06 	
3.085	0.331716 	-0.17168 	0.538261 	1.39116e-06 	-1.3368 	-1.57956e-06 	
3.09	0.33172 	-0.171665 	0.538231 	1.40816e-06 	-1.3368 	-1.59877e-06 	
3.095	0.331724 	-0.17165 	0.538201 	1.42537e-06 	-1.3368 	-1.61821e-06 	
3.1	0.331728 	-0.171635 	0.538171 	1.44277e-06 	-1.3368 	-1.63788e-06 	
3.105	0.331808 	-0.17162 	0.538155 	1.43492e-06 	-1.33819 	-1.62746e-06 	
3.11	0.331812 	-0.171604 	0.538125 	1.45279e-06 	-1.33819 	-1.64763e-06 	
3.115	0.331816 	-0.171589 	0.538094 	1.47085e-06 	-1.33819 	-1.66803e-06 	
3.12	0.33182 	-0.171573 	0.538064 	1.48912e-06 	-1.33819 	-1.68864e-06 	
3.125	0.331824 	-0.171558 	0.538033 	1.50758e-06 	-1.33819 	-1.70948e-06 	
3.13	0.331828 	-0.171542 	0.538002 	1.52623e-06 	-1.33819 	-1.73054e-06 	
3.135	0.331833 	-0.171526 	0.53797 	1.54508e-06 	-1.33819 	-1.75182e-06 	
3.14	0.331837 	-0.171511 	0.537939 	1.56412e-06 	-1.33819 	-1.77332e-06 	
3.145	0.331913 	-0.171495 	0.537921 	1.35675e-06 	-1.3395 	-1.53432e-06 	
3.15	0.331917 	-0.171479 	0.537889 	1.37624e-06 	-1.3395 	-1.5563e-06 	
3.155	0.331921 	-0.171463 	0.537857 	1.39591e-06 	-1.3395 	-1.57849e-06 	
3.16	0.331925 	-0.171446 	0.537825 	1.41577e-06 	-1.3395 	-1.60089e-06 	
3.165	0.33193 	-0.17143 	0.537793 	1.43581e-06 	-1.3395 	-1.6235e-06 	
3.17	0.331934 	-0.171414 	0.537761 	1.45604e-06 	-1.3395 	-1.64632e-06 	
3.175	0.331938 	-0.171397 	0.537728 	1.47644e-06 	-1.3395 	-1.66934e-06 	
3.18	0.331943 	-0.171381 	0.537696 	1.49703e-06 	-1.3395 	-1.69257e-06 	
3.185	0.332021 	-0.171364 	0.537677 	1.42856e-06 	-1.34085 	-1.61346e-06 	
3.19	0.332025 	-0.171348 	0.537644 	1.44958e-06 	-1.34085 	-1.63715e-06 	
3.195	0.33203 	-0.171331 	0.537611 	1.47076e-06 	-1.34085 	-1.66103e-06 	
3.2	0.332034 	-0.171314 	0.537577 	1.49212e-06 	-1.34085 	-1.6851e-06 	
3.205	0.332039 	-0.171298 	0.537544 	1.51365e-06 	-1.34085 	-1.70937e-06 	
3.21	0.332043 	-0.171281 	0.537511 	1.53534e-06 	-1.34085 	-1.73382e-06 	
3.215	0.332047 	-0.171264 	0.537477 	1.5572e-06 	-1.34085 	-1.75847e-06 	
3.22	0.332052 	-0.171247 	0.537443 	1.57923e-06 	-1.34085 	-1.7833e-06 	
3.225	0.332133 	-0.17123 	0.537424 	1.5258e-06 	-1.34225 	-1.72162e-06 	
3.23	0.332138 	-0.171212 	0.53739 	1.54823e-06 	-1.34225 	-1.74688e-06 	
3.235	0.332142 	-0.171195 	0.537356 	1.57081e-06 	-1.34225 	-1.77232e-06 	
3.24	0.332147 	-0.171178 	0.537321 	1.59355e-06 	-1.34225 	-1.79793e-06 	
3.245	0.332151 	-0.171161 	0.537287 	1.61644e-06 	-1.34225 	-1.82371e-06 	
3.25	0.332156 	-0.171143 	0.537252 	1.63948e-06 	-1.34225 	-1.84967e-06 	
3.255	0.33216 	-0.171126 	0.537218 	1.66268e-06 	-1.34225 	-1.87579e-06 	
3.26	0.332235 	-0.171108 	0.537196 	1.36652e-06 	-1.34353 	-1.53702e-06 	
3.265	0.33224 	-0.171091 	0.537161 	1.39008e-06 	-1.34353 	-1.56354e-06 	
3.27	0.332244 	-0.171073 	0.537126 	1.41378e-06 	-1.34353 	-1.59021e-06 	
3.275	0.332249 	-0.171055 	0.537091 	1.43761e-06 	-1.34353 	-1.61703e-06 	
3.28	0.332254 	-0.171038 	0.537056 	1.46159e-06 	-1.34353 	-1.64401e-06 	
3.285	0.33226 	-0.171018 	0.537021 	1.48639e-06 	-1.34353 	-1.67208e-06 	
3.29	0.332265 	-0.171 	0.536986 	1.51063e-06 	-1.34353 	-1.69937e-06 	
3.295	0.33234 	-0.170982 	0.536964 	1.38249e-06 	-1.34482 	-1.5529e-06 	
3.3	0.332345 	-0.170964 	0.536928 	1.40706e-06 	-1.34482 	-1.58053e-06 	
3.305	0.33235 	-0.170946 	0.536892 	1.43175e-06 	-1.34482 	-1.6083e-06 	
3.31	0.332355 	-0.170928 	0.536856 	1.45656e-06 	-1.34482 	-1.6362e-06 	
3.315	0.332359 	-0.17091 	0.536821 	1.48148e-06 	-1.34482 	-1.66424e-06 	
3.32	0.332364 	-0.170892 	0.536785 	1.50652e-06 	-1.34482 	-1.6924e-06 	
3.325	0.332369 	-0.170874 	0.536749 	1.53167e-06 	-1.34482 	-1.72069e-06 	
3.33	0.332446 	-0.170856 	0.536726 	1.42911e-06 	-1.34613 	-1.60374e-06 	
3.335	0.33245 	-0.170837 	0.53669 	1.45456e-06 	-1.34613 	-1.63235e-06 	
3.34	0.332455 	-0.170819 	0.536654 	1.48012e-06 	-1.34613 	-1.66107e-06 	
3.345	0.33246 	-0.170801 	0.536617 	1.50577e-06 	-1.34613 	-1.6899e-06 	
3.35	0.332465 	-0.170782 	0.536581 	1.53152e-06 	-1.34613 	-1.71884e-06 	
3.355	0.33247 	-0.170764 	0.536544 	1.55736e-06 	-1.34613 	-1.74788e-06 	
3.36	0.332475 	-0.170745 	0.536508 	1.58329e-06 	-1.34613 	-1.77703e-06 	
3.365	0.332553 	-0.170727 	0.536485 	1.47376e-06 	-1.34747 	-1.65236e-06 	
3.37	0.332558 	-0.170709 	0.536449 	1.49996e-06 	-1.34747 	-1.68178e-06 	
3.375	0.332562 	-0.17069 	0.536412 	1.52623e-06 	-1.34747 	-1.71129e-06 	
3.38	0.332567 	-0.170671 	0.536375 	1.55259e-06 	-1.34747 	-1.74089e-06 	
3.385	0.332572 	-0.170653 	0.536338 	1.57901e-06 	-1.34747 	-1.77057e-06 	
3.39	0.332577 	-0.170634 	0.536301 	1.60551e-06 	-1.34747 	-1.80033e-06 	
3.395	0.332582 	-0.170616 	0.536264 	1.63208e-06 	-1.34747 	-1.83017e-06 	
3.4	0.332661 	-0.170597 	0.536241 	1.51082e-06 	-1.34882 	-1.69238e-06 	
3.405	0.332666 	-0.170578 	0.536204 	1.53761e-06 	-1.34882 	-1.72245e-06 	
3.41	0.332671 	-0.170559 	0.536167 	1.56446e-06 	-1.34882 	-1.75257e-06 	
3.415	0.332676 	-0.170541 	0.53613 	1.59136e-06 	-1.34882 	-1.78276e-06 	
3.42	0.332681 	-0.170522 	0.536092 	1.61832e-06 	-1.34882 	-1.81301e-06 	
3.425	0.332686 	-0.170503 	0.536055 	1.64532e-06 	-1.34882 	-1.84332e-06 	
3.43	0.332691 	-0.170484 	0.536018 	1.67237e-06 	-1.34882 	-1.87367e-06 	
3.435	0.33277 	-0.170466 	0.535995 	1.53915e-06 	-1.35019 	-1.72254e-06 	
3.44	0.332775 	-0.170447 	0.535958 	1.56639e-06 	-1.35019 	-1.75308e-06 	
3.445	0.33278 	-0.170428 	0.53592 	1.59365e-06 	-1.35019 	-1.78365e-06 	
3.45	0.332785 	-0.170409 	0.535883 	1.62095e-06 	-1.35019 	-1.81426e-06 	
3.455	0.33279 	-0.17039 	0.535845 	1.64827e-06 	-1.35019 	-1.84489e-06 	
3.46	0.332795 	-0.170371 	0.535808 	1.67562e-06 	-1.35019 	-1.87556e-06 	
