0	0.310191 	-0.173717 	0.536939 	0.174486 	-1.45043 	-0.240385 	
0.005	0.310191 	-0.173717 	0.536939 	0.174486 	-1.45043 	-0.240385 	
0.01	0.310191 	-0.173717 	0.536939 	0.174486 	-1.45043 	-0.240385 	
0.015	0.310192 	-0.173717 	0.536939 	0.174486 	-1.45043 	-0.240385 	
0.02	0.310193 	-0.173717 	0.536939 	0.174486 	-1.45043 	-0.240385 	
0.025	0.310195 	-0.173717 	0.53694 	0.174486 	-1.45043 	-0.240385 	
0.03	0.310197 	-0.173717 	0.53694 	0.174486 	-1.45043 	-0.240385 	
0.035	0.3102 	-0.173717 	0.536941 	0.174486 	-1.45043 	-0.240385 	
0.04	0.310204 	-0.173717 	0.536941 	0.174486 	-1.45043 	-0.240385 	
0.045	0.310208 	-0.173717 	0.536942 	0.174486 	-1.45043 	-0.240385 	
0.05	0.310212 	-0.173717 	0.536943 	0.174486 	-1.45043 	-0.240385 	
0.055	0.310217 	-0.173717 	0.536944 	0.174486 	-1.45043 	-0.240385 	
0.06	0.310223 	-0.173718 	0.536945 	0.174486 	-1.45043 	-0.240385 	
0.065	0.310229 	-0.173718 	0.536946 	0.174486 	-1.45043 	-0.240385 	
0.07	0.310236 	-0.173718 	0.536947 	0.174486 	-1.45043 	-0.240385 	
0.075	0.310243 	-0.173718 	0.536948 	0.174486 	-1.45043 	-0.240385 	
0.08	0.310251 	-0.173718 	0.53695 	0.174486 	-1.45043 	-0.240385 	
0.085	0.310259 	-0.173718 	0.536951 	0.174486 	-1.45043 	-0.240385 	
0.09	0.310269 	-0.173718 	0.536953 	0.174486 	-1.45043 	-0.240385 	
0.095	0.310278 	-0.173718 	0.536955 	0.174486 	-1.45043 	-0.240385 	
0.1	0.310288 	-0.173719 	0.536957 	0.174486 	-1.45043 	-0.240385 	
0.105	0.310299 	-0.173719 	0.536959 	0.174486 	-1.45043 	-0.240385 	
0.11	0.31031 	-0.173719 	0.536961 	0.174486 	-1.45043 	-0.240385 	
0.115	0.310322 	-0.173719 	0.536963 	0.174486 	-1.45043 	-0.240385 	
0.12	0.310334 	-0.173719 	0.536965 	0.174486 	-1.45043 	-0.240385 	
0.125	0.310346 	-0.17372 	0.536967 	0.174486 	-1.45043 	-0.240385 	
0.13	0.31036 	-0.17372 	0.53697 	0.174486 	-1.45043 	-0.240385 	
0.135	0.310373 	-0.17372 	0.536972 	0.174486 	-1.45043 	-0.240385 	
0.14	0.310388 	-0.17372 	0.536975 	0.174486 	-1.45043 	-0.240385 	
0.145	0.310402 	-0.17372 	0.536978 	0.174486 	-1.45043 	-0.240385 	
0.15	0.310418 	-0.173721 	0.536981 	0.174486 	-1.45043 	-0.240385 	
0.155	0.310434 	-0.173721 	0.536984 	0.174486 	-1.45043 	-0.240385 	
0.16	0.31045 	-0.173721 	0.536987 	0.174486 	-1.45043 	-0.240385 	
0.165	0.310406 	-0.173707 	0.536972 	0.172912 	-1.44933 	-0.238216 	
0.17	0.310424 	-0.173708 	0.536975 	0.172912 	-1.44933 	-0.238216 	
0.175	0.310442 	-0.173708 	0.536978 	0.172912 	-1.44933 	-0.238216 	
0.18	0.31046 	-0.173708 	0.536981 	0.172912 	-1.44933 	-0.238216 	
0.185	0.310479 	-0.173708 	0.536985 	0.172912 	-1.44933 	-0.238216 	
0.19	0.310499 	-0.173709 	0.536989 	0.172912 	-1.44933 	-0.238216 	
0.195	0.310519 	-0.173709 	0.536992 	0.172912 	-1.44933 	-0.238216 	
0.2	0.31054 	-0.173709 	0.536996 	0.172912 	-1.44933 	-0.238216 	
0.205	0.310561 	-0.17371 	0.537 	0.172912 	-1.44933 	-0.238216 	
0.21	0.310583 	-0.17371 	0.537004 	0.172912 	-1.44933 	-0.238216 	
0.215	0.310605 	-0.17371 	0.537008 	0.172912 	-1.44933 	-0.238216 	
0.22	0.310628 	-0.173711 	0.537012 	0.172912 	-1.44933 	-0.238216 	
0.225	0.310651 	-0.173711 	0.537017 	0.172912 	-1.44933 	-0.238216 	
0.23	0.310609 	-0.173697 	0.537001 	0.171225 	-1.44815 	-0.235891 	
0.235	0.310634 	-0.173697 	0.537006 	0.171225 	-1.44815 	-0.235891 	
0.24	0.310659 	-0.173697 	0.53701 	0.171225 	-1.44815 	-0.235891 	
0.245	0.310684 	-0.173698 	0.537015 	0.171225 	-1.44815 	-0.235891 	
0.25	0.31071 	-0.173698 	0.53702 	0.171225 	-1.44815 	-0.235891 	
0.255	0.310736 	-0.173698 	0.537025 	0.171225 	-1.44815 	-0.235891 	
0.26	0.310763 	-0.173699 	0.53703 	0.171225 	-1.44815 	-0.235891 	
0.265	0.31079 	-0.173699 	0.537035 	0.171225 	-1.44815 	-0.235891 	
0.27	0.310818 	-0.173699 	0.53704 	0.171225 	-1.44815 	-0.235891 	
0.275	0.310847 	-0.1737 	0.537045 	0.171225 	-1.44815 	-0.235891 	
0.28	0.310811 	-0.173686 	0.537031 	0.169538 	-1.44696 	-0.233567 	
0.285	0.31084 	-0.173686 	0.537036 	0.169538 	-1.44696 	-0.233567 	
0.29	0.31087 	-0.173686 	0.537042 	0.169538 	-1.44696 	-0.233567 	
0.295	0.3109 	-0.173687 	0.537048 	0.169538 	-1.44696 	-0.233567 	
0.3	0.310931 	-0.173687 	0.537053 	0.169538 	-1.44696 	-0.233567 	
0.305	0.310963 	-0.173688 	0.537059 	0.169538 	-1.44696 	-0.233567 	
0.31	0.310995 	-0.173688 	0.537065 	0.169538 	-1.44696 	-0.233567 	
0.315	0.311027 	-0.173688 	0.537071 	0.169538 	-1.44696 	-0.233567 	
0.32	0.310999 	-0.173675 	0.537059 	0.167946 	-1.44585 	-0.231373 	
0.325	0.311032 	-0.173676 	0.537065 	0.167946 	-1.44585 	-0.231373 	
0.33	0.311066 	-0.173676 	0.537071 	0.167946 	-1.44585 	-0.231373 	
0.335	0.311101 	-0.173677 	0.537077 	0.167946 	-1.44585 	-0.231373 	
0.34	0.311136 	-0.173677 	0.537084 	0.167946 	-1.44585 	-0.231373 	
0.345	0.311171 	-0.173678 	0.53709 	0.167946 	-1.44585 	-0.231373 	
0.35	0.311207 	-0.173678 	0.537097 	0.167946 	-1.44585 	-0.231373 	
0.355	0.311244 	-0.173678 	0.537104 	0.167946 	-1.44585 	-0.231373 	
0.36	0.311212 	-0.173664 	0.53709 	0.16618 	-1.44461 	-0.228941 	
0.365	0.31125 	-0.173665 	0.537097 	0.16618 	-1.44461 	-0.228941 	
0.37	0.311288 	-0.173665 	0.537104 	0.16618 	-1.44461 	-0.228941 	
0.375	0.311326 	-0.173665 	0.537111 	0.16618 	-1.44461 	-0.228941 	
0.38	0.311365 	-0.173666 	0.537118 	0.16618 	-1.44461 	-0.228941 	
0.385	0.311405 	-0.173666 	0.537125 	0.16618 	-1.44461 	-0.228941 	
0.39	0.311445 	-0.173667 	0.537133 	0.16618 	-1.44461 	-0.228941 	
0.395	0.311418 	-0.173653 	0.53712 	0.164452 	-1.4434 	-0.226559 	
0.4	0.311459 	-0.173653 	0.537128 	0.164452 	-1.4434 	-0.226559 	
0.405	0.3115 	-0.173654 	0.537135 	0.164452 	-1.4434 	-0.226559 	
0.41	0.311542 	-0.173654 	0.537143 	0.164452 	-1.4434 	-0.226559 	
0.415	0.311584 	-0.173655 	0.537151 	0.164452 	-1.4434 	-0.226559 	
0.42	0.311627 	-0.173655 	0.537159 	0.164452 	-1.4434 	-0.226559 	
0.425	0.311608 	-0.173643 	0.537148 	0.162842 	-1.44227 	-0.224341 	
0.43	0.311651 	-0.173643 	0.537156 	0.162842 	-1.44227 	-0.224341 	
0.435	0.311696 	-0.173643 	0.537164 	0.162842 	-1.44227 	-0.224341 	
0.44	0.31174 	-0.173644 	0.537172 	0.162842 	-1.44227 	-0.224341 	
0.445	0.311785 	-0.173644 	0.537181 	0.162842 	-1.44227 	-0.224341 	
0.45	0.311831 	-0.173645 	0.537189 	0.162842 	-1.44227 	-0.224341 	
0.455	0.311811 	-0.173632 	0.537178 	0.161148 	-1.44108 	-0.222008 	
0.46	0.311858 	-0.173632 	0.537187 	0.161148 	-1.44108 	-0.222008 	
0.465	0.311905 	-0.173633 	0.537195 	0.161148 	-1.44108 	-0.222008 	
0.47	0.311952 	-0.173633 	0.537204 	0.161148 	-1.44108 	-0.222008 	
0.475	0.312 	-0.173633 	0.537213 	0.161148 	-1.44108 	-0.222008 	
0.48	0.312048 	-0.173634 	0.537221 	0.161148 	-1.44108 	-0.222008 	
0.485	0.312027 	-0.17362 	0.53721 	0.159352 	-1.43982 	-0.219534 	
0.49	0.312076 	-0.173621 	0.537219 	0.159352 	-1.43982 	-0.219534 	
0.495	0.312126 	-0.173621 	0.537228 	0.159352 	-1.43982 	-0.219534 	
0.5	0.312176 	-0.173621 	0.537237 	0.159352 	-1.43982 	-0.219534 	
0.505	0.312227 	-0.173622 	0.537246 	0.159352 	-1.43982 	-0.219534 	
0.51	0.312215 	-0.17361 	0.537238 	0.157747 	-1.4387 	-0.217322 	
0.515	0.312267 	-0.17361 	0.537247 	0.157747 	-1.4387 	-0.217322 	
0.52	0.312319 	-0.173611 	0.537256 	0.157747 	-1.4387 	-0.217322 	
0.525	0.312371 	-0.173611 	0.537266 	0.157747 	-1.4387 	-0.217322 	
0.53	0.312424 	-0.173611 	0.537275 	0.157747 	-1.4387 	-0.217322 	
0.535	0.312413 	-0.173599 	0.537267 	0.156098 	-1.43754 	-0.215051 	
0.54	0.312466 	-0.1736 	0.537276 	0.156098 	-1.43754 	-0.215051 	
0.545	0.31252 	-0.1736 	0.537286 	0.156098 	-1.43754 	-0.215051 	
0.55	0.312575 	-0.1736 	0.537296 	0.156098 	-1.43754 	-0.215051 	
0.555	0.31263 	-0.1736 	0.537306 	0.156098 	-1.43754 	-0.215051 	
0.56	0.312618 	-0.173588 	0.537297 	0.154385 	-1.43634 	-0.212691 	
0.565	0.312674 	-0.173589 	0.537307 	0.154385 	-1.43634 	-0.212691 	
0.57	0.31273 	-0.173589 	0.537317 	0.154385 	-1.43634 	-0.212691 	
0.575	0.312786 	-0.173589 	0.537327 	0.154385 	-1.43634 	-0.212691 	
0.58	0.312843 	-0.173589 	0.537338 	0.154385 	-1.43634 	-0.212691 	
0.585	0.312831 	-0.173577 	0.537328 	0.152606 	-1.43509 	-0.21024 	
0.59	0.312889 	-0.173577 	0.537339 	0.152606 	-1.43509 	-0.21024 	
0.595	0.312947 	-0.173577 	0.537349 	0.152606 	-1.43509 	-0.21024 	
0.6	0.313006 	-0.173577 	0.53736 	0.152606 	-1.43509 	-0.21024 	
0.605	0.313065 	-0.173577 	0.537371 	0.152606 	-1.43509 	-0.21024 	
0.61	0.313052 	-0.173565 	0.537361 	0.150763 	-1.4338 	-0.207701 	
0.615	0.313112 	-0.173565 	0.537372 	0.150763 	-1.4338 	-0.207701 	
0.62	0.313172 	-0.173565 	0.537382 	0.150763 	-1.4338 	-0.207701 	
0.625	0.313233 	-0.173565 	0.537393 	0.150763 	-1.4338 	-0.207701 	
0.63	0.313294 	-0.173565 	0.537404 	0.150763 	-1.4338 	-0.207701 	
0.635	0.313281 	-0.173553 	0.537394 	0.148857 	-1.43246 	-0.205075 	
0.64	0.313342 	-0.173553 	0.537406 	0.148857 	-1.43246 	-0.205075 	
0.645	0.313405 	-0.173553 	0.537417 	0.148857 	-1.43246 	-0.205075 	
0.65	0.313467 	-0.173553 	0.537428 	0.148857 	-1.43246 	-0.205075 	
0.655	0.313467 	-0.173543 	0.537422 	0.14725 	-1.43134 	-0.202861 	
0.66	0.31353 	-0.173543 	0.537433 	0.14725 	-1.43134 	-0.202861 	
0.665	0.313594 	-0.173542 	0.537445 	0.14725 	-1.43134 	-0.202861 	
0.67	0.313658 	-0.173542 	0.537456 	0.14725 	-1.43134 	-0.202861 	
0.675	0.313659 	-0.173532 	0.53745 	0.145639 	-1.43021 	-0.200641 	
0.68	0.313724 	-0.173532 	0.537462 	0.145639 	-1.43021 	-0.200641 	
0.685	0.313789 	-0.173532 	0.537473 	0.145639 	-1.43021 	-0.200641 	
0.69	0.313855 	-0.173532 	0.537485 	0.145639 	-1.43021 	-0.200641 	
0.695	0.313856 	-0.173522 	0.537479 	0.143994 	-1.42905 	-0.198376 	
0.7	0.313922 	-0.173521 	0.537491 	0.143994 	-1.42905 	-0.198376 	
0.705	0.313989 	-0.173521 	0.537503 	0.143994 	-1.42905 	-0.198376 	
0.71	0.314055 	-0.173521 	0.537515 	0.143994 	-1.42905 	-0.198376 	
0.715	0.314057 	-0.173511 	0.537508 	0.142315 	-1.42788 	-0.196062 	
0.72	0.314124 	-0.173511 	0.537521 	0.142315 	-1.42788 	-0.196062 	
0.725	0.314192 	-0.17351 	0.537533 	0.142315 	-1.42788 	-0.196062 	
0.73	0.314261 	-0.17351 	0.537545 	0.142315 	-1.42788 	-0.196062 	
0.735	0.314262 	-0.1735 	0.537539 	0.140601 	-1.42667 	-0.1937 	
0.74	0.314331 	-0.1735 	0.537551 	0.140601 	-1.42667 	-0.1937 	
0.745	0.3144 	-0.173499 	0.537563 	0.140601 	-1.42667 	-0.1937 	
0.75	0.31447 	-0.173499 	0.537576 	0.140601 	-1.42667 	-0.1937 	
0.755	0.314471 	-0.173489 	0.537569 	0.138853 	-1.42545 	-0.191293 	
0.76	0.314541 	-0.173488 	0.537582 	0.138853 	-1.42545 	-0.191293 	
0.765	0.314612 	-0.173488 	0.537595 	0.138853 	-1.42545 	-0.191293 	
0.77	0.314683 	-0.173487 	0.537607 	0.138853 	-1.42545 	-0.191293 	
0.775	0.314684 	-0.173477 	0.537601 	0.137073 	-1.4242 	-0.18884 	
0.78	0.314755 	-0.173477 	0.537613 	0.137073 	-1.4242 	-0.18884 	
0.785	0.314827 	-0.173476 	0.537626 	0.137073 	-1.4242 	-0.18884 	
0.79	0.314899 	-0.173475 	0.537639 	0.137073 	-1.4242 	-0.18884 	
0.795	0.3149 	-0.173466 	0.537633 	0.135261 	-1.42293 	-0.186344 	
0.8	0.314973 	-0.173465 	0.537646 	0.135261 	-1.42293 	-0.186344 	
0.805	0.315046 	-0.173464 	0.537659 	0.135261 	-1.42293 	-0.186344 	
0.81	0.315119 	-0.173464 	0.537672 	0.135261 	-1.42293 	-0.186344 	
0.815	0.315121 	-0.173454 	0.537665 	0.133419 	-1.42164 	-0.183807 	
0.82	0.315194 	-0.173453 	0.537678 	0.133419 	-1.42164 	-0.183807 	
0.825	0.315269 	-0.173452 	0.537691 	0.133419 	-1.42164 	-0.183807 	
0.83	0.315343 	-0.173451 	0.537705 	0.133419 	-1.42164 	-0.183807 	
0.835	0.315344 	-0.173442 	0.537698 	0.131548 	-1.42033 	-0.181229 	
0.84	0.315419 	-0.173441 	0.537711 	0.131548 	-1.42033 	-0.181229 	
0.845	0.315495 	-0.17344 	0.537725 	0.131548 	-1.42033 	-0.181229 	
0.85	0.31557 	-0.173439 	0.537738 	0.131548 	-1.42033 	-0.181229 	
0.855	0.315571 	-0.17343 	0.537731 	0.12965 	-1.419 	-0.178614 	
0.86	0.315647 	-0.173429 	0.537745 	0.12965 	-1.419 	-0.178614 	
0.865	0.315724 	-0.173428 	0.537758 	0.12965 	-1.419 	-0.178614 	
0.87	0.3158 	-0.173427 	0.537772 	0.12965 	-1.419 	-0.178614 	
0.875	0.315801 	-0.173417 	0.537765 	0.127724 	-1.41765 	-0.175961 	
0.88	0.315878 	-0.173416 	0.537779 	0.127724 	-1.41765 	-0.175961 	
0.885	0.315956 	-0.173415 	0.537792 	0.127724 	-1.41765 	-0.175961 	
0.89	0.316033 	-0.173414 	0.537806 	0.127724 	-1.41765 	-0.175961 	
0.895	0.316034 	-0.173405 	0.537799 	0.125774 	-1.41628 	-0.173273 	
0.9	0.316112 	-0.173403 	0.537813 	0.125774 	-1.41628 	-0.173273 	
0.905	0.316191 	-0.173402 	0.537827 	0.125774 	-1.41628 	-0.173273 	
0.91	0.316269 	-0.173401 	0.537841 	0.125774 	-1.41628 	-0.173274 	
0.915	0.31627 	-0.173392 	0.537834 	0.123798 	-1.41489 	-0.170552 	
0.92	0.316349 	-0.173391 	0.537848 	0.123798 	-1.41489 	-0.170552 	
0.925	0.316429 	-0.173389 	0.537862 	0.123798 	-1.41489 	-0.170552 	
0.93	0.316508 	-0.173388 	0.537876 	0.123798 	-1.41489 	-0.170552 	
0.935	0.316509 	-0.173379 	0.537869 	0.1218 	-1.41349 	-0.1678 	
0.94	0.316589 	-0.173378 	0.537883 	0.1218 	-1.41349 	-0.1678 	
0.945	0.316669 	-0.173376 	0.537897 	0.1218 	-1.41349 	-0.1678 	
0.95	0.316688 	-0.173369 	0.537895 	0.120236 	-1.4124 	-0.165645 	
0.955	0.316768 	-0.173368 	0.537909 	0.120236 	-1.4124 	-0.165645 	
0.96	0.316849 	-0.173366 	0.537924 	0.120236 	-1.4124 	-0.165645 	
0.965	0.31693 	-0.173365 	0.537938 	0.120236 	-1.4124 	-0.165645 	
0.97	0.316933 	-0.173356 	0.537932 	0.118247 	-1.411 	-0.162904 	
0.975	0.317014 	-0.173355 	0.537946 	0.118247 	-1.411 	-0.162904 	
0.98	0.317096 	-0.173353 	0.53796 	0.118247 	-1.411 	-0.162904 	
0.985	0.317115 	-0.173346 	0.537958 	0.11666 	-1.40989 	-0.160718 	
0.99	0.317197 	-0.173344 	0.537972 	0.11666 	-1.40989 	-0.160718 	
0.995	0.317279 	-0.173343 	0.537987 	0.11666 	-1.40989 	-0.160718 	
1	0.3173 	-0.173336 	0.537985 	0.115105 	-1.4088 	-0.158576 	
1.005	0.317382 	-0.173334 	0.538 	0.115105 	-1.4088 	-0.158576 	
1.01	0.317465 	-0.173333 	0.538014 	0.115105 	-1.4088 	-0.158576 	
1.015	0.317486 	-0.173326 	0.538013 	0.113544 	-1.4077 	-0.156426 	
1.02	0.317569 	-0.173324 	0.538027 	0.113544 	-1.4077 	-0.156426 	
1.025	0.317652 	-0.173322 	0.538042 	0.113545 	-1.4077 	-0.156426 	
1.03	0.317673 	-0.173316 	0.53804 	0.111975 	-1.4066 	-0.154264 	
1.035	0.317757 	-0.173314 	0.538055 	0.111975 	-1.4066 	-0.154264 	
1.04	0.31784 	-0.173312 	0.538069 	0.111975 	-1.4066 	-0.154264 	
1.045	0.317861 	-0.173306 	0.538068 	0.110397 	-1.4055 	-0.15209 	
1.05	0.317945 	-0.173304 	0.538083 	0.110397 	-1.4055 	-0.15209 	
1.055	0.318029 	-0.173302 	0.538097 	0.110397 	-1.4055 	-0.15209 	
1.06	0.318051 	-0.173296 	0.538096 	0.108811 	-1.40439 	-0.149905 	
1.065	0.318135 	-0.173294 	0.53811 	0.108811 	-1.40439 	-0.149905 	
1.07	0.31822 	-0.173291 	0.538125 	0.108811 	-1.40439 	-0.149905 	
1.075	0.318241 	-0.173286 	0.538124 	0.107217 	-1.40327 	-0.147709 	
1.08	0.318326 	-0.173283 	0.538138 	0.107217 	-1.40327 	-0.147709 	
1.085	0.318411 	-0.173281 	0.538153 	0.107217 	-1.40327 	-0.147709 	
1.09	0.318432 	-0.173275 	0.538152 	0.105616 	-1.40215 	-0.145503 	
1.095	0.318517 	-0.173273 	0.538167 	0.105616 	-1.40215 	-0.145503 	
1.1	0.318602 	-0.17327 	0.538181 	0.105616 	-1.40215 	-0.145503 	
1.105	0.318624 	-0.173265 	0.53818 	0.104008 	-1.40102 	-0.143288 	
1.11	0.318709 	-0.173262 	0.538195 	0.104008 	-1.40102 	-0.143288 	
1.115	0.318795 	-0.17326 	0.53821 	0.104008 	-1.40102 	-0.143288 	
1.12	0.318816 	-0.173255 	0.538208 	0.102395 	-1.39989 	-0.141066 	
1.125	0.318902 	-0.173252 	0.538223 	0.102395 	-1.39989 	-0.141066 	
1.13	0.318988 	-0.173249 	0.538238 	0.102395 	-1.39989 	-0.141066 	
1.135	0.31901 	-0.173244 	0.538237 	0.100776 	-1.39875 	-0.138835 	
1.14	0.319096 	-0.173242 	0.538252 	0.100776 	-1.39875 	-0.138835 	
1.145	0.319182 	-0.173239 	0.538267 	0.100776 	-1.39875 	-0.138835 	
1.15	0.319203 	-0.173234 	0.538265 	0.0991523 	-1.39761 	-0.136599 	
1.155	0.31929 	-0.173231 	0.53828 	0.0991523 	-1.39761 	-0.136599 	
1.16	0.319376 	-0.173228 	0.538295 	0.0991523 	-1.39761 	-0.136599 	
1.165	0.319397 	-0.173223 	0.538294 	0.0975245 	-1.39647 	-0.134356 	
1.17	0.319484 	-0.17322 	0.538309 	0.0975245 	-1.39647 	-0.134356 	
1.175	0.31957 	-0.173217 	0.538324 	0.0975245 	-1.39647 	-0.134356 	
1.18	0.319592 	-0.173213 	0.538323 	0.095893 	-1.39533 	-0.132108 	
1.185	0.319679 	-0.17321 	0.538337 	0.095893 	-1.39533 	-0.132108 	
1.19	0.319765 	-0.173207 	0.538352 	0.0958931 	-1.39533 	-0.132108 	
1.195	0.319787 	-0.173202 	0.538351 	0.0942585 	-1.39418 	-0.129857 	
1.2	0.319874 	-0.173199 	0.538366 	0.0942585 	-1.39418 	-0.129857 	
1.205	0.319961 	-0.173196 	0.538381 	0.0942585 	-1.39418 	-0.129857 	
1.21	0.319982 	-0.173192 	0.53838 	0.0926215 	-1.39304 	-0.127601 	
1.215	0.320069 	-0.173189 	0.538395 	0.0926215 	-1.39304 	-0.127601 	
1.22	0.320156 	-0.173185 	0.53841 	0.0926215 	-1.39304 	-0.127601 	
1.225	0.320178 	-0.173181 	0.538409 	0.0909826 	-1.39189 	-0.125343 	
1.23	0.320265 	-0.173178 	0.538424 	0.0909826 	-1.39189 	-0.125343 	
1.235	0.320352 	-0.173175 	0.538438 	0.0909826 	-1.39189 	-0.125343 	
1.24	0.320373 	-0.173171 	0.538437 	0.0893424 	-1.39074 	-0.123084 	
1.245	0.320461 	-0.173167 	0.538452 	0.0893424 	-1.39074 	-0.123084 	
1.25	0.320548 	-0.173164 	0.538467 	0.0893424 	-1.39074 	-0.123084 	
1.255	0.320569 	-0.17316 	0.538466 	0.0877014 	-1.38959 	-0.120823 	
1.26	0.320656 	-0.173157 	0.538481 	0.0877014 	-1.38959 	-0.120823 	
1.265	0.320743 	-0.173153 	0.538496 	0.0877014 	-1.38959 	-0.120823 	
1.27	0.320765 	-0.17315 	0.538495 	0.0860603 	-1.38844 	-0.118562 	
1.275	0.320852 	-0.173146 	0.53851 	0.0860603 	-1.38844 	-0.118562 	
1.28	0.320939 	-0.173143 	0.538525 	0.0860603 	-1.38844 	-0.118562 	
1.285	0.320961 	-0.173139 	0.538524 	0.0844196 	-1.38728 	-0.116302 	
1.29	0.321048 	-0.173136 	0.538539 	0.0844196 	-1.38728 	-0.116302 	
1.295	0.321135 	-0.173132 	0.538553 	0.0844196 	-1.38728 	-0.116302 	
1.3	0.321156 	-0.173129 	0.538553 	0.0827799 	-1.38614 	-0.114043 	
1.305	0.321243 	-0.173125 	0.538567 	0.0827799 	-1.38614 	-0.114043 	
1.31	0.32133 	-0.173121 	0.538582 	0.0827799 	-1.38614 	-0.114043 	
1.315	0.321351 	-0.173118 	0.538581 	0.0811417 	-1.38499 	-0.111786 	
1.32	0.321438 	-0.173114 	0.538596 	0.0811417 	-1.38499 	-0.111786 	
1.325	0.321525 	-0.17311 	0.538611 	0.0811417 	-1.38499 	-0.111786 	
1.33	0.321547 	-0.173108 	0.53861 	0.0795057 	-1.38384 	-0.109532 	
1.335	0.321633 	-0.173104 	0.538625 	0.0795057 	-1.38384 	-0.109532 	
1.34	0.32172 	-0.1731 	0.538639 	0.0795057 	-1.38384 	-0.109532 	
1.345	0.321741 	-0.173097 	0.538639 	0.0778725 	-1.38269 	-0.107282 	
1.35	0.321828 	-0.173093 	0.538653 	0.0778725 	-1.38269 	-0.107282 	
1.355	0.321914 	-0.173089 	0.538668 	0.0778725 	-1.38269 	-0.107282 	
1.36	0.321936 	-0.173087 	0.538667 	0.0762426 	-1.38155 	-0.105037 	
1.365	0.322022 	-0.173083 	0.538682 	0.0762426 	-1.38155 	-0.105037 	
1.37	0.322108 	-0.173078 	0.538696 	0.0762426 	-1.38155 	-0.105037 	
1.375	0.322129 	-0.173076 	0.538696 	0.0746165 	-1.38041 	-0.102796 	
1.38	0.322216 	-0.173072 	0.53871 	0.0746165 	-1.38041 	-0.102796 	
1.385	0.322302 	-0.173068 	0.538725 	0.0746165 	-1.38041 	-0.102796 	
1.39	0.322323 	-0.173066 	0.538724 	0.072995 	-1.37928 	-0.100562 	
1.395	0.322409 	-0.173062 	0.538739 	0.072995 	-1.37928 	-0.100563 	
1.4	0.322494 	-0.173057 	0.538753 	0.072995 	-1.37928 	-0.100563 	
1.405	0.322515 	-0.173056 	0.538752 	0.0713784 	-1.37814 	-0.0983355 	
1.41	0.322601 	-0.173051 	0.538767 	0.0713784 	-1.37814 	-0.0983355 	
1.415	0.322686 	-0.173047 	0.538781 	0.0713784 	-1.37814 	-0.0983355 	
1.42	0.322707 	-0.173045 	0.538781 	0.0697675 	-1.37701 	-0.0961162 	
1.425	0.322793 	-0.173041 	0.538795 	0.0697675 	-1.37701 	-0.0961162 	
1.43	0.322878 	-0.173036 	0.538809 	0.0697675 	-1.37701 	-0.0961162 	
1.435	0.322899 	-0.173035 	0.538809 	0.0681628 	-1.37589 	-0.0939054 	
1.44	0.322984 	-0.17303 	0.538823 	0.0681628 	-1.37589 	-0.0939054 	
1.445	0.323068 	-0.173026 	0.538837 	0.0681628 	-1.37589 	-0.0939054 	
1.45	0.323089 	-0.173025 	0.538837 	0.0665648 	-1.37477 	-0.0917039 	
1.455	0.323174 	-0.17302 	0.538851 	0.0665648 	-1.37477 	-0.0917039 	
1.46	0.323258 	-0.173015 	0.538865 	0.0665648 	-1.37477 	-0.0917039 	
1.465	0.323279 	-0.173014 	0.538865 	0.0649741 	-1.37365 	-0.0895125 	
1.47	0.323363 	-0.17301 	0.538879 	0.0649741 	-1.37365 	-0.0895125 	
1.475	0.323447 	-0.173005 	0.538893 	0.0649741 	-1.37365 	-0.0895125 	
1.48	0.323467 	-0.173004 	0.538892 	0.0633914 	-1.37254 	-0.087332 	
1.485	0.323551 	-0.173 	0.538906 	0.0633914 	-1.37254 	-0.087332 	
1.49	0.323634 	-0.172995 	0.53892 	0.0633914 	-1.37254 	-0.087332 	
1.495	0.323655 	-0.172994 	0.53892 	0.061817 	-1.37144 	-0.085163 	
1.5	0.323738 	-0.172989 	0.538934 	0.061817 	-1.37144 	-0.085163 	
1.505	0.323821 	-0.172985 	0.538948 	0.061817 	-1.37144 	-0.085163 	
1.51	0.323842 	-0.172984 	0.538947 	0.0602517 	-1.37034 	-0.0830065 	
1.515	0.323924 	-0.172979 	0.538961 	0.0602517 	-1.37034 	-0.0830065 	
1.52	0.324007 	-0.172974 	0.538975 	0.0602517 	-1.37034 	-0.0830065 	
1.525	0.324027 	-0.172974 	0.538975 	0.0586959 	-1.36925 	-0.0808632 	
1.53	0.324109 	-0.172969 	0.538988 	0.0586959 	-1.36925 	-0.0808632 	
1.535	0.324191 	-0.172964 	0.539002 	0.0586959 	-1.36925 	-0.0808632 	
1.54	0.324211 	-0.172964 	0.539002 	0.0571502 	-1.36817 	-0.0787337 	
1.545	0.324293 	-0.172959 	0.539015 	0.0571502 	-1.36817 	-0.0787337 	
1.55	0.324374 	-0.172954 	0.539029 	0.0571502 	-1.36817 	-0.0787337 	
1.555	0.324394 	-0.172954 	0.539029 	0.0556151 	-1.36709 	-0.0766189 	
1.56	0.324475 	-0.172949 	0.539042 	0.0556151 	-1.36709 	-0.0766189 	
1.565	0.324556 	-0.172944 	0.539055 	0.0556151 	-1.36709 	-0.0766189 	
1.57	0.324636 	-0.172939 	0.539069 	0.0556151 	-1.36709 	-0.0766189 	
1.575	0.324638 	-0.172941 	0.539065 	0.0536381 	-1.3657 	-0.0738951 	
1.58	0.324718 	-0.172936 	0.539078 	0.0536381 	-1.3657 	-0.0738951 	
1.585	0.324798 	-0.172931 	0.539091 	0.0536381 	-1.3657 	-0.0738951 	
1.59	0.324816 	-0.172932 	0.539091 	0.0520831 	-1.36461 	-0.071753 	
1.595	0.324895 	-0.172927 	0.539104 	0.0520831 	-1.36461 	-0.071753 	
1.6	0.324974 	-0.172921 	0.539117 	0.0520831 	-1.36461 	-0.071753 	
1.605	0.325053 	-0.172916 	0.53913 	0.0520831 	-1.36461 	-0.071753 	
1.61	0.325055 	-0.172919 	0.539126 	0.0501382 	-1.36325 	-0.0690734 	
1.615	0.325133 	-0.172914 	0.539139 	0.0501382 	-1.36325 	-0.0690734 	
1.62	0.325211 	-0.172908 	0.539152 	0.0501382 	-1.36325 	-0.0690734 	
1.625	0.325289 	-0.172903 	0.539165 	0.0501382 	-1.36325 	-0.0690734 	
1.63	0.325289 	-0.172906 	0.53916 	0.0481744 	-1.36187 	-0.066368 	
1.635	0.325367 	-0.172901 	0.539173 	0.0481744 	-1.36187 	-0.066368 	
1.64	0.325444 	-0.172896 	0.539186 	0.0481744 	-1.36187 	-0.066368 	
1.645	0.325521 	-0.172891 	0.539199 	0.0481744 	-1.36187 	-0.066368 	
1.65	0.325521 	-0.172894 	0.539194 	0.0462309 	-1.36051 	-0.0636904 	
1.655	0.325597 	-0.172888 	0.539207 	0.0462309 	-1.36051 	-0.0636904 	
1.66	0.325673 	-0.172883 	0.53922 	0.0462309 	-1.36051 	-0.0636904 	
1.665	0.325749 	-0.172878 	0.539232 	0.0462309 	-1.36051 	-0.0636904 	
1.67	0.325749 	-0.172881 	0.539228 	0.0443127 	-1.35917 	-0.0610478 	
1.675	0.325824 	-0.172876 	0.53924 	0.0443127 	-1.35917 	-0.0610478 	
1.68	0.3259 	-0.172871 	0.539253 	0.0443127 	-1.35917 	-0.0610478 	
1.685	0.325975 	-0.172866 	0.539265 	0.0443127 	-1.35917 	-0.0610478 	
1.69	0.325974 	-0.172869 	0.539261 	0.0424214 	-1.35784 	-0.0584423 	
1.695	0.326048 	-0.172864 	0.539273 	0.0424214 	-1.35784 	-0.0584423 	
1.7	0.326122 	-0.172859 	0.539285 	0.0424214 	-1.35784 	-0.0584423 	
1.705	0.326196 	-0.172853 	0.539297 	0.0424214 	-1.35784 	-0.0584423 	
1.71	0.326196 	-0.172857 	0.539294 	0.0405584 	-1.35653 	-0.0558756 	
1.715	0.326269 	-0.172852 	0.539306 	0.0405584 	-1.35653 	-0.0558756 	
1.72	0.326342 	-0.172847 	0.539318 	0.0405584 	-1.35653 	-0.0558756 	
1.725	0.326414 	-0.172842 	0.539329 	0.0405584 	-1.35653 	-0.0558756 	
1.73	0.326414 	-0.172846 	0.539326 	0.0387247 	-1.35525 	-0.0533494 	
1.735	0.326486 	-0.17284 	0.539338 	0.0387247 	-1.35525 	-0.0533494 	
1.74	0.326557 	-0.172835 	0.539349 	0.0387247 	-1.35525 	-0.0533494 	
1.745	0.326629 	-0.17283 	0.539361 	0.0387247 	-1.35525 	-0.0533494 	
1.75	0.326628 	-0.172834 	0.539357 	0.0369215 	-1.35398 	-0.0508653 	
1.755	0.326699 	-0.172829 	0.539369 	0.0369215 	-1.35398 	-0.0508653 	
1.76	0.326769 	-0.172824 	0.53938 	0.0369215 	-1.35398 	-0.0508653 	
1.765	0.32684 	-0.172818 	0.539392 	0.0369215 	-1.35398 	-0.0508653 	
1.77	0.326839 	-0.172823 	0.539388 	0.03515 	-1.35274 	-0.0484248 	
1.775	0.326908 	-0.172817 	0.5394 	0.03515 	-1.35274 	-0.0484248 	
1.78	0.326978 	-0.172812 	0.539411 	0.03515 	-1.35274 	-0.0484248 	
1.785	0.327046 	-0.172807 	0.539422 	0.03515 	-1.35274 	-0.0484248 	
1.79	0.327046 	-0.172812 	0.539419 	0.0334113 	-1.35152 	-0.0460294 	
1.795	0.327114 	-0.172806 	0.53943 	0.0334113 	-1.35152 	-0.0460294 	
1.8	0.327182 	-0.172801 	0.539441 	0.0334113 	-1.35152 	-0.0460294 	
1.805	0.327249 	-0.172796 	0.539452 	0.0334113 	-1.35152 	-0.0460294 	
1.81	0.327248 	-0.172801 	0.539449 	0.0317064 	-1.35033 	-0.0436807 	
1.815	0.327315 	-0.172795 	0.539459 	0.0317064 	-1.35033 	-0.0436807 	
1.82	0.327382 	-0.17279 	0.53947 	0.0317064 	-1.35033 	-0.0436807 	
1.825	0.327448 	-0.172785 	0.539481 	0.0317064 	-1.35033 	-0.0436807 	
1.83	0.327447 	-0.17279 	0.539478 	0.0300365 	-1.34916 	-0.0413801 	
1.835	0.327512 	-0.172785 	0.539488 	0.0300365 	-1.34916 	-0.0413801 	
1.84	0.327577 	-0.17278 	0.539499 	0.0300365 	-1.34916 	-0.0413801 	
1.845	0.327642 	-0.172775 	0.539509 	0.0300365 	-1.34916 	-0.0413801 	
1.85	0.327641 	-0.17278 	0.539506 	0.0284026 	-1.34801 	-0.0391291 	
1.855	0.327705 	-0.172774 	0.539517 	0.0284026 	-1.34801 	-0.0391291 	
1.86	0.327769 	-0.172769 	0.539527 	0.0284026 	-1.34801 	-0.0391291 	
1.865	0.327832 	-0.172764 	0.539537 	0.0284026 	-1.34801 	-0.0391291 	
1.87	0.327831 	-0.172769 	0.539534 	0.0268056 	-1.34689 	-0.036929 	
1.875	0.327893 	-0.172764 	0.539544 	0.0268056 	-1.34689 	-0.036929 	
1.88	0.327955 	-0.172759 	0.539554 	0.0268056 	-1.34689 	-0.036929 	
1.885	0.328017 	-0.172754 	0.539564 	0.0268056 	-1.34689 	-0.036929 	
1.89	0.328016 	-0.172759 	0.539561 	0.0252467 	-1.3458 	-0.0347814 	
1.895	0.328077 	-0.172754 	0.539571 	0.0252467 	-1.3458 	-0.0347814 	
1.9	0.328137 	-0.172749 	0.539581 	0.0252467 	-1.3458 	-0.0347814 	
1.905	0.328197 	-0.172744 	0.53959 	0.0252467 	-1.3458 	-0.0347814 	
1.91	0.328197 	-0.17275 	0.539588 	0.0237268 	-1.34473 	-0.0326875 	
1.915	0.328256 	-0.172745 	0.539597 	0.0237268 	-1.34473 	-0.0326875 	
1.92	0.328315 	-0.17274 	0.539607 	0.0237268 	-1.34473 	-0.0326875 	
1.925	0.328373 	-0.172735 	0.539616 	0.0237268 	-1.34473 	-0.0326875 	
1.93	0.328431 	-0.17273 	0.539625 	0.0237268 	-1.34473 	-0.0326875 	
1.935	0.328417 	-0.172738 	0.53962 	0.0219215 	-1.34347 	-0.0302003 	
1.94	0.328474 	-0.172733 	0.53963 	0.0219215 	-1.34347 	-0.0302003 	
1.945	0.328531 	-0.172728 	0.539639 	0.0219215 	-1.34347 	-0.0302003 	
1.95	0.328588 	-0.172723 	0.539648 	0.0219215 	-1.34347 	-0.0302003 	
1.955	0.328644 	-0.172718 	0.539657 	0.0219215 	-1.34347 	-0.0302003 	
1.96	0.328629 	-0.172726 	0.539652 	0.0201448 	-1.34222 	-0.0277526 	
1.965	0.328684 	-0.172722 	0.53966 	0.0201448 	-1.34222 	-0.0277526 	
1.97	0.328738 	-0.172717 	0.539669 	0.0201448 	-1.34222 	-0.0277526 	
1.975	0.328793 	-0.172712 	0.539678 	0.0201448 	-1.34222 	-0.0277526 	
1.98	0.328847 	-0.172708 	0.539686 	0.0201448 	-1.34222 	-0.0277526 	
1.985	0.328832 	-0.172715 	0.539681 	0.0184304 	-1.34102 	-0.0253907 	
1.99	0.328885 	-0.172711 	0.53969 	0.0184304 	-1.34102 	-0.0253907 	
1.995	0.328938 	-0.172706 	0.539698 	0.0184304 	-1.34102 	-0.0253907 	
2	0.32899 	-0.172702 	0.539706 	0.0184304 	-1.34102 	-0.0253907 	
2.005	0.329041 	-0.172697 	0.539715 	0.0184304 	-1.34102 	-0.0253907 	
2.01	0.329027 	-0.172705 	0.53971 	0.0167832 	-1.33986 	-0.0231215 	
2.015	0.329078 	-0.1727 	0.539718 	0.0167832 	-1.33986 	-0.0231215 	
2.02	0.329128 	-0.172696 	0.539726 	0.0167832 	-1.33986 	-0.0231215 	
2.025	0.329178 	-0.172692 	0.539734 	0.0167832 	-1.33986 	-0.0231215 	
2.03	0.329228 	-0.172687 	0.539742 	0.0167832 	-1.33986 	-0.0231215 	
2.035	0.329214 	-0.172695 	0.539738 	0.0152053 	-1.33876 	-0.0209476 	
2.04	0.329263 	-0.172691 	0.539745 	0.0152053 	-1.33876 	-0.0209476 	
2.045	0.329311 	-0.172686 	0.539753 	0.0152053 	-1.33876 	-0.0209476 	
2.05	0.329358 	-0.172682 	0.53976 	0.0152053 	-1.33876 	-0.0209476 	
2.055	0.329406 	-0.172678 	0.539768 	0.0152053 	-1.33876 	-0.0209476 	
2.06	0.329452 	-0.172674 	0.539775 	0.0152053 	-1.33876 	-0.0209476 	
2.065	0.329429 	-0.172683 	0.539769 	0.0134368 	-1.33752 	-0.0185112 	
2.07	0.329474 	-0.172679 	0.539776 	0.0134368 	-1.33752 	-0.0185112 	
2.075	0.32952 	-0.172675 	0.539784 	0.0134368 	-1.33752 	-0.0185112 	
2.08	0.329565 	-0.172671 	0.539791 	0.0134368 	-1.33752 	-0.0185112 	
2.085	0.329609 	-0.172667 	0.539798 	0.0134368 	-1.33752 	-0.0185112 	
2.09	0.329653 	-0.172663 	0.539805 	0.0134368 	-1.33752 	-0.0185112 	
2.095	0.329629 	-0.172672 	0.539799 	0.0117428 	-1.33633 	-0.0161775 	
2.1	0.329672 	-0.172669 	0.539805 	0.0117428 	-1.33633 	-0.0161775 	
2.105	0.329715 	-0.172665 	0.539812 	0.0117428 	-1.33633 	-0.0161775 	
2.11	0.329757 	-0.172661 	0.539819 	0.0117428 	-1.33633 	-0.0161775 	
2.115	0.329798 	-0.172657 	0.539825 	0.0117428 	-1.33633 	-0.0161775 	
2.12	0.329839 	-0.172653 	0.539832 	0.0117428 	-1.33633 	-0.0161775 	
2.125	0.329817 	-0.172662 	0.539826 	0.0101526 	-1.33522 	-0.0139868 	
2.13	0.329857 	-0.172659 	0.539833 	0.0101526 	-1.33522 	-0.0139868 	
2.135	0.329897 	-0.172655 	0.539839 	0.0101526 	-1.33522 	-0.0139868 	
2.14	0.329936 	-0.172651 	0.539845 	0.0101526 	-1.33522 	-0.0139868 	
2.145	0.329975 	-0.172648 	0.539851 	0.0101526 	-1.33522 	-0.0139868 	
2.15	0.330013 	-0.172644 	0.539857 	0.0101526 	-1.33522 	-0.0139868 	
2.155	0.33005 	-0.172641 	0.539863 	0.0101526 	-1.33522 	-0.0139868 	
2.16	0.330021 	-0.172651 	0.539856 	0.00846118 	-1.33403 	-0.0116565 	
2.165	0.330057 	-0.172648 	0.539862 	0.00846118 	-1.33403 	-0.0116565 	
2.17	0.330094 	-0.172645 	0.539868 	0.00846118 	-1.33403 	-0.0116565 	
2.175	0.330129 	-0.172641 	0.539873 	0.00846118 	-1.33403 	-0.0116565 	
2.18	0.330164 	-0.172638 	0.539879 	0.00846118 	-1.33403 	-0.0116565 	
2.185	0.330199 	-0.172635 	0.539884 	0.00846118 	-1.33403 	-0.0116565 	
2.19	0.330233 	-0.172631 	0.53989 	0.00846118 	-1.33403 	-0.0116565 	
2.195	0.330205 	-0.172642 	0.539883 	0.0068959 	-1.33293 	-0.00950007 	
2.2	0.330238 	-0.172638 	0.539889 	0.0068959 	-1.33293 	-0.00950007 	
2.205	0.330271 	-0.172635 	0.539894 	0.0068959 	-1.33293 	-0.00950007 	
2.21	0.330303 	-0.172632 	0.539899 	0.0068959 	-1.33293 	-0.00950007 	
2.215	0.330335 	-0.172629 	0.539904 	0.0068959 	-1.33293 	-0.00950007 	
2.22	0.330366 	-0.172626 	0.539909 	0.0068959 	-1.33293 	-0.00950007 	
2.225	0.330397 	-0.172623 	0.539913 	0.0068959 	-1.33293 	-0.00950007 	
2.23	0.330427 	-0.172621 	0.539918 	0.0068959 	-1.33293 	-0.00950007 	
2.235	0.330394 	-0.172631 	0.539911 	0.00531531 	-1.33182 	-0.00732255 	
2.24	0.330423 	-0.172629 	0.539916 	0.00531531 	-1.33182 	-0.00732255 	
2.245	0.330452 	-0.172626 	0.53992 	0.00531531 	-1.33182 	-0.00732255 	
2.25	0.33048 	-0.172623 	0.539925 	0.00531531 	-1.33182 	-0.00732255 	
2.255	0.330507 	-0.172621 	0.539929 	0.00531531 	-1.33182 	-0.00732254 	
2.26	0.330534 	-0.172618 	0.539933 	0.00531531 	-1.33182 	-0.00732254 	
2.265	0.330561 	-0.172615 	0.539937 	0.00531531 	-1.33182 	-0.00732254 	
2.27	0.330587 	-0.172613 	0.539941 	0.00531531 	-1.33182 	-0.00732254 	
2.275	0.330612 	-0.17261 	0.539945 	0.00531531 	-1.33182 	-0.00732254 	
2.28	0.330577 	-0.172622 	0.539938 	0.00377742 	-1.33075 	-0.00520385 	
2.285	0.330601 	-0.172619 	0.539942 	0.00377742 	-1.33075 	-0.00520385 	
2.29	0.330625 	-0.172617 	0.539946 	0.00377742 	-1.33075 	-0.00520385 	
2.295	0.330648 	-0.172615 	0.539949 	0.00377742 	-1.33075 	-0.00520385 	
2.3	0.330671 	-0.172612 	0.539953 	0.00377742 	-1.33075 	-0.00520385 	
2.305	0.330694 	-0.17261 	0.539956 	0.00377742 	-1.33075 	-0.00520385 	
2.31	0.330715 	-0.172608 	0.53996 	0.00377742 	-1.33075 	-0.00520385 	
2.315	0.330737 	-0.172606 	0.539963 	0.00377742 	-1.33075 	-0.00520385 	
2.32	0.330757 	-0.172604 	0.539966 	0.00377742 	-1.33075 	-0.00520385 	
2.325	0.330778 	-0.172602 	0.539969 	0.00377742 	-1.33075 	-0.00520385 	
2.33	0.330797 	-0.1726 	0.539973 	0.00377742 	-1.33075 	-0.00520385 	
2.335	0.330757 	-0.172612 	0.539964 	0.00226312 	-1.32969 	-0.00311767 	
2.34	0.330775 	-0.17261 	0.539967 	0.00226312 	-1.32969 	-0.00311767 	
2.345	0.330794 	-0.172608 	0.53997 	0.00226312 	-1.32969 	-0.00311767 	
2.35	0.330811 	-0.172607 	0.539973 	0.00226312 	-1.32969 	-0.00311767 	
2.355	0.330828 	-0.172605 	0.539976 	0.00226312 	-1.32969 	-0.00311767 	
2.36	0.330845 	-0.172603 	0.539978 	0.00226312 	-1.32969 	-0.00311767 	
2.365	0.330861 	-0.172602 	0.539981 	0.00226312 	-1.32969 	-0.00311767 	
2.37	0.330876 	-0.1726 	0.539983 	0.00226312 	-1.32969 	-0.00311767 	
2.375	0.330891 	-0.172599 	0.539985 	0.00226312 	-1.32969 	-0.00311767 	
2.38	0.330905 	-0.172597 	0.539988 	0.00226312 	-1.32969 	-0.00311767 	
2.385	0.330919 	-0.172596 	0.53999 	0.00226312 	-1.32969 	-0.00311767 	
2.39	0.330932 	-0.172595 	0.539992 	0.00226312 	-1.32969 	-0.00311767 	
2.395	0.330945 	-0.172593 	0.539994 	0.00226312 	-1.32969 	-0.00311767 	
2.4	0.330957 	-0.172592 	0.539996 	0.00226312 	-1.32969 	-0.00311767 	
2.405	0.330969 	-0.172591 	0.539998 	0.00226312 	-1.32969 	-0.00311767 	
2.41	0.33098 	-0.17259 	0.539999 	0.00226312 	-1.32969 	-0.00311767 	
2.415	0.330991 	-0.172589 	0.540001 	0.00226312 	-1.32969 	-0.00311767 	
2.42	0.33094 	-0.172602 	0.539991 	0.000727907 	-1.32861 	-0.00100264 	
2.425	0.330949 	-0.172601 	0.539993 	0.000727907 	-1.32861 	-0.00100264 	
2.43	0.330959 	-0.1726 	0.539994 	0.000727907 	-1.32861 	-0.00100264 	
2.435	0.330967 	-0.172599 	0.539996 	0.000727907 	-1.32861 	-0.00100264 	
2.44	0.330974 	-0.172599 	0.539997 	0.000727907 	-1.32861 	-0.00100264 	
2.445	0.330982 	-0.172598 	0.539998 	0.000727907 	-1.32861 	-0.00100264 	
2.45	0.330989 	-0.172597 	0.539999 	0.000727907 	-1.32861 	-0.00100264 	
2.455	0.330995 	-0.172597 	0.54 	0.000727907 	-1.32861 	-0.00100264 	
2.46	0.331001 	-0.172596 	0.540001 	0.000727907 	-1.32861 	-0.00100264 	
2.465	0.331006 	-0.172595 	0.540002 	0.000727907 	-1.32861 	-0.00100264 	
2.47	0.331011 	-0.172595 	0.540002 	0.000727907 	-1.32861 	-0.00100264 	
2.475	0.331015 	-0.172595 	0.540003 	0.000727907 	-1.32861 	-0.00100264 	
2.48	0.331018 	-0.172594 	0.540004 	0.000727907 	-1.32861 	-0.00100264 	
2.485	0.331021 	-0.172594 	0.540004 	0.000727907 	-1.32861 	-0.00100264 	
2.49	0.331024 	-0.172594 	0.540005 	0.000727907 	-1.32861 	-0.00100264 	
2.495	0.331026 	-0.172594 	0.540005 	0.000727907 	-1.32861 	-0.00100264 	
2.5	0.331027 	-0.172593 	0.540005 	0.000727907 	-1.32861 	-0.00100264 	
2.505	0.331027 	-0.172593 	0.540005 	0.000727907 	-1.32861 	-0.00100264 	
2.51	0.331028 	-0.172593 	0.540005 	0.000727907 	-1.32861 	-0.00100264 	
2.515	0.331032 	-0.17259 	0.540005 	0.000727907 	-1.32861 	-0.00100264 	
2.52	0.331032 	-0.17259 	0.540005 	0.000727907 	-1.32861 	-0.00100264 	
2.525	0.331032 	-0.17259 	0.540004 	0.000727907 	-1.32861 	-0.00100264 	
2.53	0.331033 	-0.17259 	0.540003 	0.000727907 	-1.32861 	-0.00100264 	
2.535	0.331028 	-0.172596 	0.540002 	0.000727907 	-1.32861 	-0.00100264 	
2.54	0.331028 	-0.172596 	0.54 	0.000727907 	-1.32861 	-0.00100264 	
2.545	0.331029 	-0.172597 	0.539998 	0.000727907 	-1.32861 	-0.00100264 	
2.55	0.331029 	-0.172597 	0.539996 	0.000727907 	-1.32861 	-0.00100264 	
2.555	0.33103 	-0.172598 	0.539993 	0.000727907 	-1.32861 	-0.00100264 	
2.56	0.331031 	-0.172599 	0.539991 	0.000727907 	-1.32861 	-0.00100264 	
2.565	0.331032 	-0.172599 	0.539988 	0.000727907 	-1.32861 	-0.00100264 	
2.57	0.331033 	-0.1726 	0.539984 	0.000727907 	-1.32861 	-0.00100264 	
2.575	0.331034 	-0.172601 	0.539981 	0.000727908 	-1.32861 	-0.00100264 	
2.58	0.331036 	-0.172602 	0.539977 	0.000727908 	-1.32861 	-0.00100264 	
2.585	0.331037 	-0.172603 	0.539972 	0.000727908 	-1.32861 	-0.00100264 	
2.59	0.331038 	-0.172604 	0.539968 	0.000727909 	-1.32861 	-0.00100264 	
2.595	0.33104 	-0.172605 	0.539963 	0.000727909 	-1.32861 	-0.00100264 	
2.6	0.331042 	-0.172606 	0.539958 	0.000727909 	-1.32861 	-0.00100264 	
2.605	0.331043 	-0.172607 	0.539952 	0.00072791 	-1.32861 	-0.00100264 	
2.61	0.331045 	-0.172608 	0.539947 	0.00072791 	-1.32861 	-0.00100265 	
2.615	0.331047 	-0.17261 	0.539941 	0.000727911 	-1.32861 	-0.00100265 	
2.62	0.331049 	-0.172611 	0.539934 	0.000727912 	-1.32861 	-0.00100265 	
2.625	0.331051 	-0.172612 	0.539928 	0.000727912 	-1.32861 	-0.00100265 	
2.63	0.33106 	-0.172607 	0.53992 	0.000727914 	-1.32861 	-0.00100265 	
2.635	0.331062 	-0.172609 	0.539914 	0.000727915 	-1.32861 	-0.00100265 	
2.64	0.331065 	-0.17261 	0.539906 	0.000727915 	-1.32861 	-0.00100265 	
2.645	0.331067 	-0.172612 	0.539898 	0.000727916 	-1.32861 	-0.00100265 	
2.65	0.33107 	-0.172614 	0.53989 	0.000727917 	-1.32861 	-0.00100265 	
2.655	0.331077 	-0.172597 	0.539883 	0.00115937 	-1.32874 	-9.98101e-05 	
2.66	0.33108 	-0.172599 	0.539874 	0.00115937 	-1.32874 	-9.98114e-05 	
2.665	0.331082 	-0.172601 	0.539866 	0.00115937 	-1.32874 	-9.98125e-05 	
2.67	0.331086 	-0.172603 	0.539856 	0.00115938 	-1.32874 	-9.98139e-05 	
2.675	0.331089 	-0.172605 	0.539846 	0.00115938 	-1.32874 	-9.98152e-05 	
2.68	0.331092 	-0.172608 	0.539836 	0.00115938 	-1.32874 	-9.98166e-05 	
2.685	0.331095 	-0.17261 	0.539826 	0.00115938 	-1.32874 	-9.9818e-05 	
2.69	0.331098 	-0.172612 	0.539816 	0.00115938 	-1.32874 	-9.98195e-05 	
2.695	0.331102 	-0.172614 	0.539805 	0.00115938 	-1.32874 	-9.98211e-05 	
2.7	0.331105 	-0.172617 	0.539794 	0.00115938 	-1.32874 	-9.98228e-05 	
2.705	0.331109 	-0.172619 	0.539783 	0.00115939 	-1.32874 	-9.98246e-05 	
2.71	0.331112 	-0.172622 	0.539771 	0.00115939 	-1.32874 	-9.98265e-05 	
2.715	0.331145 	-0.1726 	0.539766 	0.00227768 	-1.32933 	-8.47166e-06 	
2.72	0.331149 	-0.172603 	0.539754 	0.00227768 	-1.32933 	-8.47372e-06 	
2.725	0.331153 	-0.172605 	0.539741 	0.00227768 	-1.32933 	-8.47588e-06 	
2.73	0.331157 	-0.172608 	0.539729 	0.00227769 	-1.32933 	-8.47814e-06 	
2.735	0.331161 	-0.172611 	0.539716 	0.00227769 	-1.32933 	-8.4805e-06 	
2.74	0.331165 	-0.172614 	0.539703 	0.00227769 	-1.32933 	-8.48297e-06 	
2.745	0.331169 	-0.172617 	0.539689 	0.00227769 	-1.32933 	-8.48553e-06 	
2.75	0.331174 	-0.17262 	0.539675 	0.0022777 	-1.32933 	-8.4882e-06 	
2.755	0.331178 	-0.172623 	0.539661 	0.0022777 	-1.32933 	-8.49098e-06 	
2.76	0.331215 	-0.1726 	0.539653 	0.0034298 	-1.32995 	6.20986e-07 	
2.765	0.331219 	-0.172603 	0.539639 	0.0034298 	-1.32995 	6.17979e-07 	
2.77	0.331224 	-0.172606 	0.539624 	0.0034298 	-1.32995 	6.14858e-07 	
2.775	0.331229 	-0.17261 	0.539609 	0.00342981 	-1.32995 	6.11622e-07 	
2.78	0.331234 	-0.172613 	0.539593 	0.00342981 	-1.32995 	6.08269e-07 	
2.785	0.331239 	-0.172617 	0.539578 	0.00342981 	-1.32995 	6.04798e-07 	
2.79	0.331244 	-0.17262 	0.539562 	0.00342982 	-1.32995 	6.01207e-07 	
2.795	0.331249 	-0.172624 	0.539546 	0.00342982 	-1.32995 	5.97494e-07 	
2.8	0.331287 	-0.1726 	0.539536 	0.00463266 	-1.3306 	1.65196e-06 	
2.805	0.331293 	-0.172604 	0.539519 	0.00463266 	-1.3306 	1.64799e-06 	
2.81	0.331295 	-0.172611 	0.539502 	0.00463266 	-1.3306 	1.64488e-06 	
2.815	0.331301 	-0.172614 	0.539485 	0.00463267 	-1.3306 	1.64066e-06 	
2.82	0.331306 	-0.172618 	0.539467 	0.00463267 	-1.3306 	1.63631e-06 	
2.825	0.331312 	-0.172622 	0.53945 	0.00463268 	-1.3306 	1.63183e-06 	
2.83	0.331318 	-0.172626 	0.539431 	0.00463268 	-1.3306 	1.62722e-06 	
2.835	0.331357 	-0.172603 	0.53942 	0.00582715 	-1.33125 	1.73267e-06 	
2.84	0.331362 	-0.172607 	0.539401 	0.00582716 	-1.33125 	1.72778e-06 	
2.845	0.331369 	-0.172611 	0.539383 	0.00582716 	-1.33125 	1.72275e-06 	
2.85	0.331375 	-0.172616 	0.539363 	0.00582717 	-1.33125 	1.71759e-06 	
2.855	0.331381 	-0.17262 	0.539344 	0.00582717 	-1.33125 	1.71229e-06 	
2.86	0.331387 	-0.172624 	0.539324 	0.00582718 	-1.33125 	1.70685e-06 	
2.865	0.331425 	-0.172603 	0.539311 	0.00695584 	-1.33186 	1.57159e-06 	
2.87	0.331428 	-0.172611 	0.539291 	0.00695584 	-1.33186 	1.56709e-06 	
2.875	0.331434 	-0.172615 	0.539271 	0.00695585 	-1.33186 	1.56123e-06 	
2.88	0.331441 	-0.17262 	0.53925 	0.00695585 	-1.33186 	1.5552e-06 	
2.885	0.331447 	-0.172624 	0.539229 	0.00695586 	-1.33186 	1.54904e-06 	
2.89	0.331454 	-0.172629 	0.539208 	0.00695586 	-1.33186 	1.54272e-06 	
2.895	0.331494 	-0.172607 	0.539194 	0.00815673 	-1.33251 	1.74571e-06 	
2.9	0.331501 	-0.172611 	0.539172 	0.00815674 	-1.33251 	1.73909e-06 	
2.905	0.331508 	-0.172616 	0.53915 	0.00815675 	-1.33251 	1.73232e-06 	
2.91	0.331515 	-0.172621 	0.539128 	0.00815675 	-1.33251 	1.7254e-06 	
2.915	0.331522 	-0.172626 	0.539106 	0.00815676 	-1.33251 	1.71833e-06 	
2.92	0.33153 	-0.172631 	0.539083 	0.00815677 	-1.33251 	1.71111e-06 	
2.925	0.331572 	-0.172607 	0.539068 	0.00944152 	-1.3332 	1.99905e-06 	
2.93	0.33158 	-0.172612 	0.539045 	0.00944153 	-1.3332 	1.99151e-06 	
2.935	0.331587 	-0.172617 	0.539021 	0.00944154 	-1.3332 	1.98381e-06 	
2.94	0.331595 	-0.172622 	0.538998 	0.00944154 	-1.3332 	1.97575e-06 	
2.945	0.331603 	-0.172627 	0.538974 	0.00944155 	-1.3332 	1.96775e-06 	
2.95	0.331642 	-0.172606 	0.538957 	0.0105978 	-1.33382 	1.67403e-06 	
2.955	0.33165 	-0.172611 	0.538933 	0.0105979 	-1.33382 	1.6657e-06 	
2.96	0.331658 	-0.172617 	0.538908 	0.0105979 	-1.33382 	1.65722e-06 	
2.965	0.331666 	-0.172622 	0.538883 	0.0105979 	-1.33382 	1.64858e-06 	
2.97	0.331674 	-0.172627 	0.538859 	0.0105979 	-1.33382 	1.63978e-06 	
2.975	0.331714 	-0.172606 	0.53884 	0.0117907 	-1.33447 	1.74151e-06 	
2.98	0.331722 	-0.172612 	0.538815 	0.0117907 	-1.33447 	1.73239e-06 	
2.985	0.331731 	-0.172617 	0.53879 	0.0117908 	-1.33447 	1.7231e-06 	
2.99	0.331739 	-0.172623 	0.538764 	0.0117908 	-1.33447 	1.71366e-06 	
2.995	0.331747 	-0.172628 	0.538738 	0.0117908 	-1.33447 	1.70406e-06 	
3	0.33179 	-0.172606 	0.538719 	0.0130354 	-1.33514 	1.89377e-06 	
3.005	0.331798 	-0.172612 	0.538692 	0.0130354 	-1.33514 	1.88384e-06 	
3.01	0.331807 	-0.172618 	0.538666 	0.0130354 	-1.33514 	1.87374e-06 	
3.015	0.331815 	-0.172624 	0.538639 	0.0130355 	-1.33514 	1.86349e-06 	
3.02	0.331824 	-0.172629 	0.538612 	0.0130355 	-1.33514 	1.85308e-06 	
3.025	0.331868 	-0.172606 	0.538592 	0.0143317 	-1.33584 	2.06102e-06 	
3.03	0.331877 	-0.172612 	0.538565 	0.0143317 	-1.33584 	2.05027e-06 	
3.035	0.331886 	-0.172618 	0.538537 	0.0143317 	-1.33584 	2.03936e-06 	
3.04	0.3319 	-0.172619 	0.538509 	0.0143318 	-1.33584 	2.0258e-06 	
3.045	0.331909 	-0.172625 	0.538481 	0.0143318 	-1.33584 	2.01455e-06 	
3.05	0.331955 	-0.172601 	0.538461 	0.0156778 	-1.33657 	2.23124e-06 	
3.055	0.331964 	-0.172608 	0.538432 	0.0156778 	-1.33657 	2.21968e-06 	
3.06	0.331973 	-0.172614 	0.538404 	0.0156778 	-1.33657 	2.20796e-06 	
3.065	0.331983 	-0.17262 	0.538375 	0.0156778 	-1.33657 	2.19608e-06 	
3.07	0.332023 	-0.172601 	0.538353 	0.0168171 	-1.33718 	1.66622e-06 	
3.075	0.332033 	-0.172607 	0.538323 	0.0168171 	-1.33718 	1.65401e-06 	
3.08	0.332042 	-0.172614 	0.538294 	0.0168171 	-1.33718 	1.64165e-06 	
3.085	0.332052 	-0.17262 	0.538264 	0.0168171 	-1.33718 	1.62913e-06 	
3.09	0.332092 	-0.172601 	0.538241 	0.0179614 	-1.3378 	1.62712e-06 	
3.095	0.332102 	-0.172607 	0.538211 	0.0179614 	-1.3378 	1.61427e-06 	
3.1	0.332112 	-0.172614 	0.538181 	0.0179614 	-1.3378 	1.60127e-06 	
3.105	0.332122 	-0.172621 	0.538151 	0.0179615 	-1.3378 	1.58811e-06 	
3.11	0.332163 	-0.172601 	0.538127 	0.0191315 	-1.33843 	1.69469e-06 	
3.115	0.332168 	-0.172613 	0.538097 	0.0191315 	-1.33843 	1.68431e-06 	
3.12	0.332178 	-0.17262 	0.538066 	0.0191316 	-1.33843 	1.67071e-06 	
3.125	0.332188 	-0.172627 	0.538035 	0.0191316 	-1.33843 	1.65693e-06 	
3.13	0.33223 	-0.172607 	0.538011 	0.0203285 	-1.33908 	1.77798e-06 	
3.135	0.33224 	-0.172613 	0.537979 	0.0203285 	-1.33908 	1.76388e-06 	
3.14	0.332251 	-0.17262 	0.537948 	0.0203285 	-1.33908 	1.74962e-06 	
3.145	0.332261 	-0.172627 	0.537916 	0.0203285 	-1.33908 	1.73523e-06 	
3.15	0.332304 	-0.172607 	0.537891 	0.0215513 	-1.33974 	1.8618e-06 	
3.155	0.332315 	-0.172614 	0.537859 	0.0215513 	-1.33974 	1.84708e-06 	
3.16	0.332325 	-0.172621 	0.537827 	0.0215513 	-1.33974 	1.83223e-06 	
3.165	0.332335 	-0.172628 	0.537795 	0.0215513 	-1.33974 	1.81723e-06 	
3.17	0.33238 	-0.172607 	0.53777 	0.0227988 	-1.34041 	1.94472e-06 	
3.175	0.33239 	-0.172614 	0.537737 	0.0227988 	-1.34041 	1.92941e-06 	
3.18	0.332401 	-0.172621 	0.537704 	0.0227988 	-1.34041 	1.91397e-06 	
3.185	0.332412 	-0.172628 	0.537672 	0.0227988 	-1.34041 	1.89839e-06 	
3.19	0.332457 	-0.172607 	0.537646 	0.0240697 	-1.3411 	2.02596e-06 	
3.195	0.332476 	-0.172606 	0.537613 	0.0240697 	-1.3411 	2.00518e-06 	
3.2	0.332487 	-0.172613 	0.53758 	0.0240697 	-1.3411 	1.98912e-06 	
3.205	0.332498 	-0.17262 	0.537546 	0.0240697 	-1.3411 	1.97298e-06 	
3.21	0.332544 	-0.172598 	0.53752 	0.0253627 	-1.3418 	2.10475e-06 	
3.215	0.332554 	-0.172606 	0.537486 	0.0253627 	-1.3418 	2.08831e-06 	
3.22	0.332565 	-0.172613 	0.537452 	0.0253628 	-1.3418 	2.07175e-06 	
3.225	0.332576 	-0.17262 	0.537418 	0.0253628 	-1.3418 	2.05506e-06 	
3.23	0.332623 	-0.172598 	0.537392 	0.0266766 	-1.34251 	2.18205e-06 	
3.235	0.332634 	-0.172606 	0.537358 	0.0266767 	-1.34251 	2.16508e-06 	
3.24	0.332645 	-0.172613 	0.537323 	0.0266767 	-1.34251 	2.148e-06 	
3.245	0.332657 	-0.172621 	0.537289 	0.0266767 	-1.34251 	2.13079e-06 	
3.25	0.332704 	-0.172598 	0.537262 	0.0280101 	-1.34323 	2.2563e-06 	
3.255	0.332714 	-0.172607 	0.537228 	0.0280102 	-1.34323 	2.23962e-06 	
3.26	0.332725 	-0.172615 	0.537193 	0.0280102 	-1.34323 	2.22204e-06 	
3.265	0.332736 	-0.172622 	0.537158 	0.0280102 	-1.34323 	2.20434e-06 	
3.27	0.332784 	-0.1726 	0.537131 	0.0293619 	-1.34396 	2.32763e-06 	
3.275	0.332796 	-0.172607 	0.537096 	0.0293619 	-1.34396 	2.30967e-06 	
3.28	0.332807 	-0.172615 	0.53706 	0.0293619 	-1.34396 	2.29161e-06 	
3.285	0.332819 	-0.172623 	0.537025 	0.0293619 	-1.34396 	2.27344e-06 	
3.29	0.332867 	-0.1726 	0.536998 	0.0307305 	-1.34469 	2.39559e-06 	
3.295	0.332879 	-0.172607 	0.536962 	0.0307305 	-1.34469 	2.37718e-06 	
3.3	0.33289 	-0.172615 	0.536926 	0.0307305 	-1.34469 	2.35867e-06 	
3.305	0.332902 	-0.172623 	0.53689 	0.0307305 	-1.34469 	2.34006e-06 	
3.31	0.332951 	-0.1726 	0.536863 	0.0321146 	-1.34544 	2.46011e-06 	
3.315	0.332963 	-0.172608 	0.536827 	0.0321146 	-1.34544 	2.44127e-06 	
3.32	0.332974 	-0.172615 	0.536791 	0.0321146 	-1.34544 	2.42235e-06 	
3.325	0.332986 	-0.172623 	0.536754 	0.0321147 	-1.34544 	2.40333e-06 	
3.33	0.333036 	-0.1726 	0.536727 	0.0335129 	-1.3462 	2.52087e-06 	
3.335	0.333047 	-0.172608 	0.53669 	0.0335129 	-1.3462 	2.50164e-06 	
3.34	0.333059 	-0.172616 	0.536654 	0.0335129 	-1.3462 	2.48233e-06 	
3.345	0.333071 	-0.172624 	0.536617 	0.0335129 	-1.3462 	2.46294e-06 	
3.35	0.333114 	-0.172607 	0.53659 	0.0349238 	-1.34696 	2.66168e-06 	
3.355	0.333126 	-0.172615 	0.536553 	0.0349238 	-1.34696 	2.64213e-06 	
3.36	0.333138 	-0.172623 	0.536516 	0.0349239 	-1.34696 	2.62247e-06 	
3.365	0.33315 	-0.172631 	0.536479 	0.0349239 	-1.34696 	2.60275e-06 	
3.37	0.3332 	-0.172607 	0.536451 	0.0363462 	-1.34773 	2.63841e-06 	
3.375	0.333212 	-0.172615 	0.536414 	0.0363463 	-1.34773 	2.61849e-06 	
3.38	0.333224 	-0.172623 	0.536377 	0.0363463 	-1.34773 	2.59852e-06 	
3.385	0.333236 	-0.172631 	0.53634 	0.0363463 	-1.34773 	2.57849e-06 	
3.39	0.333287 	-0.172607 	0.536312 	0.0377785 	-1.3485 	2.67884e-06 	
3.395	0.333299 	-0.172615 	0.536275 	0.0377786 	-1.3485 	2.65864e-06 	
3.4	0.333311 	-0.172623 	0.536237 	0.0377786 	-1.3485 	2.63839e-06 	
3.405	0.333323 	-0.172631 	0.5362 	0.0377786 	-1.3485 	2.61809e-06 	
3.41	0.333374 	-0.172607 	0.536172 	0.0392193 	-1.34928 	2.72138e-06 	
3.415	0.333386 	-0.172615 	0.536134 	0.0392193 	-1.34928 	2.70093e-06 	
3.42	0.333398 	-0.172623 	0.536097 	0.0392194 	-1.34928 	2.68044e-06 	
3.425	0.333446 	-0.172601 	0.536066 	0.0403418 	-1.34988 	1.6942e-06 	
3.43	0.333458 	-0.172609 	0.536029 	0.0403418 	-1.34988 	1.67355e-06 	
3.435	0.33347 	-0.172617 	0.535991 	0.0403418 	-1.34988 	1.6529e-06 	
3.44	0.333482 	-0.172625 	0.535954 	0.0403418 	-1.34988 	1.63222e-06 	
3.445	0.333533 	-0.172602 	0.535925 	0.0417606 	-1.35065 	2.56641e-06 	
3.45	0.333545 	-0.17261 	0.535887 	0.0417607 	-1.35065 	2.54561e-06 	
3.455	0.333557 	-0.172618 	0.53585 	0.0417607 	-1.35065 	2.52479e-06 	
3.46	0.3336 	-0.172601 	0.535819 	0.0428868 	-1.35126 	1.75006e-06 	
3.465	0.333612 	-0.172609 	0.535781 	0.0428868 	-1.35126 	1.72916e-06 	
3.47	0.333624 	-0.172617 	0.535743 	0.0428868 	-1.35126 	1.70823e-06 	
3.475	0.333637 	-0.172625 	0.535706 	0.0428868 	-1.35126 	1.6873e-06 	
3.48	0.333687 	-0.172602 	0.535677 	0.0443121 	-1.35203 	2.61095e-06 	
3.485	0.333699 	-0.17261 	0.535639 	0.0443121 	-1.35203 	2.58993e-06 	
3.49	0.333715 	-0.172615 	0.535601 	0.0443121 	-1.35203 	2.56684e-06 	
3.495	0.333757 	-0.172598 	0.535571 	0.0454419 	-1.35264 	1.77464e-06 	
3.5	0.33377 	-0.172606 	0.535533 	0.0454419 	-1.35264 	1.75357e-06 	
3.505	0.333782 	-0.172614 	0.535495 	0.0454419 	-1.35264 	1.73249e-06 	
3.51	0.333794 	-0.172622 	0.535457 	0.0454419 	-1.35264 	1.71143e-06 	
3.515	0.333845 	-0.172599 	0.535428 	0.0468695 	-1.35341 	2.63916e-06 	
3.52	0.333857 	-0.172607 	0.53539 	0.0468696 	-1.35341 	2.61804e-06 	
3.525	0.33387 	-0.172615 	0.535353 	0.0468696 	-1.35341 	2.59694e-06 	
3.53	0.333912 	-0.172598 	0.535322 	0.0479996 	-1.35402 	1.78968e-06 	
3.535	0.333924 	-0.172606 	0.535284 	0.0479996 	-1.35402 	1.76856e-06 	
3.54	0.333937 	-0.172614 	0.535246 	0.0479996 	-1.35402 	1.74746e-06 	
3.545	0.333949 	-0.172622 	0.535208 	0.0479997 	-1.35402 	1.72639e-06 	
3.55	0.333999 	-0.172599 	0.53518 	0.0494253 	-1.35479 	2.65158e-06 	
3.555	0.334012 	-0.172607 	0.535142 	0.0494253 	-1.35479 	2.63049e-06 	
3.56	0.334024 	-0.172615 	0.535104 	0.0494253 	-1.35479 	2.60944e-06 	
3.565	0.334066 	-0.172598 	0.535074 	0.0505521 	-1.3554 	1.79337e-06 	
3.57	0.334079 	-0.172606 	0.535036 	0.0505521 	-1.3554 	1.77234e-06 	
3.575	0.334091 	-0.172614 	0.534998 	0.0505522 	-1.3554 	1.75134e-06 	
3.58	0.334094 	-0.172632 	0.534961 	0.0505522 	-1.3554 	1.7372e-06 	
3.585	0.334143 	-0.172608 	0.534933 	0.0519715 	-1.35616 	2.64958e-06 	
3.59	0.334156 	-0.172617 	0.534895 	0.0519715 	-1.35616 	2.62865e-06 	
3.595	0.334168 	-0.172625 	0.534857 	0.0519715 	-1.35616 	2.60778e-06 	
3.6	0.33418 	-0.172633 	0.53482 	0.0519715 	-1.35616 	2.58696e-06 	
3.605	0.334231 	-0.172608 	0.534792 	0.0534157 	-1.35694 	2.8307e-06 	
3.61	0.334243 	-0.172617 	0.534754 	0.0534157 	-1.35694 	2.80993e-06 	
3.615	0.334256 	-0.172625 	0.534717 	0.0534157 	-1.35694 	2.78921e-06 	
3.62	0.334268 	-0.172633 	0.53468 	0.0534157 	-1.35694 	2.76856e-06 	
3.625	0.334318 	-0.172608 	0.534652 	0.0548559 	-1.35772 	2.84491e-06 	
3.63	0.33433 	-0.172617 	0.534615 	0.054856 	-1.35772 	2.82432e-06 	
3.635	0.334342 	-0.172625 	0.534577 	0.054856 	-1.35772 	2.8038e-06 	
3.64	0.334355 	-0.172633 	0.53454 	0.054856 	-1.35772 	2.78336e-06 	
3.645	0.334405 	-0.172608 	0.534513 	0.056288 	-1.35849 	2.82752e-06 	
3.65	0.334417 	-0.172616 	0.534476 	0.056288 	-1.35849 	2.80717e-06 	
3.655	0.334429 	-0.172624 	0.534439 	0.056288 	-1.35849 	2.78689e-06 	
3.66	0.334441 	-0.172632 	0.534402 	0.0562881 	-1.35849 	2.7667e-06 	
3.665	0.334491 	-0.172608 	0.534375 	0.0577101 	-1.35926 	2.80088e-06 	
3.67	0.334503 	-0.172616 	0.534338 	0.0577102 	-1.35926 	2.7808e-06 	
3.675	0.334515 	-0.172624 	0.534301 	0.0577102 	-1.35926 	2.7608e-06 	
3.68	0.334527 	-0.172632 	0.534265 	0.0577102 	-1.35926 	2.74089e-06 	
3.685	0.334576 	-0.172608 	0.534238 	0.0591209 	-1.36002 	2.76817e-06 	
3.69	0.334589 	-0.172615 	0.534201 	0.0591209 	-1.36002 	2.74745e-06 	
3.695	0.334601 	-0.172623 	0.534165 	0.059121 	-1.36002 	2.72776e-06 	
3.7	0.334613 	-0.17263 	0.534129 	0.059121 	-1.36002 	2.70818e-06 	
3.705	0.334662 	-0.172607 	0.534102 	0.0605189 	-1.36078 	2.72979e-06 	
3.71	0.334674 	-0.172615 	0.534066 	0.0605189 	-1.36078 	2.71036e-06 	
3.715	0.334686 	-0.172622 	0.53403 	0.060519 	-1.36078 	2.69104e-06 	
3.72	0.334697 	-0.17263 	0.533994 	0.060519 	-1.36078 	2.67182e-06 	
3.725	0.334745 	-0.172607 	0.533968 	0.0619027 	-1.36153 	2.68618e-06 	
3.73	0.334757 	-0.172615 	0.533932 	0.0619028 	-1.36153 	2.66713e-06 	
3.735	0.334769 	-0.172622 	0.533896 	0.0619028 	-1.36153 	2.6482e-06 	
3.74	0.334781 	-0.17263 	0.533861 	0.0619028 	-1.36153 	2.62938e-06 	
3.745	0.334828 	-0.172607 	0.533835 	0.063271 	-1.36227 	2.63724e-06 	
3.75	0.33484 	-0.172614 	0.5338 	0.063271 	-1.36227 	2.61861e-06 	
3.755	0.334851 	-0.172622 	0.533764 	0.0632711 	-1.36227 	2.6001e-06 	
3.76	0.334863 	-0.172629 	0.533729 	0.0632711 	-1.36227 	2.58171e-06 	
3.765	0.33491 	-0.172607 	0.533704 	0.0646224 	-1.36299 	2.58322e-06 	
3.77	0.334921 	-0.172614 	0.533669 	0.0646224 	-1.36299 	2.56503e-06 	
3.775	0.334933 	-0.172622 	0.533634 	0.0646224 	-1.36299 	2.54698e-06 	
3.78	0.334944 	-0.172629 	0.5336 	0.0646224 	-1.36299 	2.52906e-06 	
3.785	0.33499 	-0.172607 	0.533574 	0.0659555 	-1.36371 	2.52432e-06 	
3.79	0.335002 	-0.172614 	0.53354 	0.0659555 	-1.36371 	2.50661e-06 	
3.795	0.335013 	-0.172621 	0.533506 	0.0659555 	-1.36371 	2.48905e-06 	
3.8	0.33503 	-0.172623 	0.533472 	0.0659555 	-1.36371 	2.46805e-06 	
3.805	0.335076 	-0.172601 	0.533447 	0.067269 	-1.36442 	2.45972e-06 	
3.81	0.335087 	-0.172608 	0.533413 	0.067269 	-1.36442 	2.44253e-06 	
3.815	0.335098 	-0.172615 	0.533379 	0.067269 	-1.36442 	2.42548e-06 	
3.82	0.335109 	-0.172622 	0.533346 	0.067269 	-1.36442 	2.40858e-06 	
3.825	0.335154 	-0.1726 	0.533322 	0.0685616 	-1.36512 	2.39273e-06 	
3.83	0.335165 	-0.172608 	0.533288 	0.0685616 	-1.36512 	2.37608e-06 	
3.835	0.335176 	-0.172615 	0.533255 	0.0685616 	-1.36512 	2.35958e-06 	
3.84	0.335187 	-0.172622 	0.533222 	0.0685616 	-1.36512 	2.34323e-06 	
3.845	0.335231 	-0.1726 	0.533198 	0.069832 	-1.36581 	2.3207e-06 	
3.85	0.335242 	-0.172607 	0.533166 	0.069832 	-1.36581 	2.30461e-06 	
3.855	0.335252 	-0.172614 	0.533133 	0.069832 	-1.36581 	2.28868e-06 	
3.86	0.335261 	-0.172623 	0.533101 	0.0698321 	-1.36581 	2.27395e-06 	
3.865	0.335304 	-0.172602 	0.533077 	0.071079 	-1.36648 	2.24501e-06 	
3.87	0.335315 	-0.172609 	0.533045 	0.071079 	-1.36648 	2.22951e-06 	
3.875	0.335325 	-0.172616 	0.533014 	0.071079 	-1.36648 	2.21417e-06 	
3.88	0.335336 	-0.172623 	0.532982 	0.071079 	-1.36648 	2.19899e-06 	
3.885	0.335378 	-0.172602 	0.532959 	0.0723012 	-1.36714 	2.16517e-06 	
3.89	0.335388 	-0.172609 	0.532928 	0.0723012 	-1.36714 	2.15028e-06 	
3.895	0.335399 	-0.172616 	0.532896 	0.0723013 	-1.36714 	2.13555e-06 	
3.9	0.335409 	-0.172622 	0.532865 	0.0723013 	-1.36714 	2.12099e-06 	
3.905	0.33545 	-0.172602 	0.532843 	0.0734976 	-1.36779 	2.08234e-06 	
3.91	0.33546 	-0.172609 	0.532812 	0.0734976 	-1.36779 	2.06808e-06 	
3.915	0.335471 	-0.172615 	0.532782 	0.0734976 	-1.36779 	2.05398e-06 	
3.92	0.335481 	-0.172622 	0.532751 	0.0734976 	-1.36779 	2.04006e-06 	
3.925	0.335521 	-0.172602 	0.53273 	0.0746668 	-1.36842 	1.99664e-06 	
3.93	0.335531 	-0.172608 	0.5327 	0.0746668 	-1.36842 	1.98302e-06 	
3.935	0.335541 	-0.172615 	0.53267 	0.0746668 	-1.36842 	1.96958e-06 	
3.94	0.335551 	-0.172621 	0.53264 	0.0746669 	-1.36842 	1.9563e-06 	
3.945	0.33559 	-0.172602 	0.532619 	0.0758078 	-1.36903 	1.9084e-06 	
3.95	0.335599 	-0.172608 	0.53259 	0.0758078 	-1.36903 	1.89544e-06 	
3.955	0.335609 	-0.172614 	0.532561 	0.0758078 	-1.36903 	1.88257e-06 	
3.96	0.335619 	-0.17262 	0.532532 	0.0758078 	-1.36903 	1.86996e-06 	
3.965	0.335628 	-0.172626 	0.532503 	0.0758078 	-1.36903 	1.85752e-06 	
3.97	0.335673 	-0.172602 	0.532485 	0.0771636 	-1.36977 	2.63196e-06 	
3.975	0.335682 	-0.172608 	0.532456 	0.0771636 	-1.36977 	2.61983e-06 	
3.98	0.335692 	-0.172614 	0.532428 	0.0771636 	-1.36977 	2.60788e-06 	
3.985	0.335701 	-0.17262 	0.532401 	0.0771636 	-1.36977 	2.59611e-06 	
3.99	0.33571 	-0.172626 	0.532373 	0.0771636 	-1.36977 	2.58451e-06 	
3.995	0.335753 	-0.172602 	0.532355 	0.0784982 	-1.37049 	2.63674e-06 	
4	0.335762 	-0.172608 	0.532328 	0.0784982 	-1.37049 	2.62546e-06 	
4.005	0.335771 	-0.172614 	0.532301 	0.0784982 	-1.37049 	2.61436e-06 	
4.01	0.33578 	-0.17262 	0.532274 	0.0784982 	-1.37049 	2.60343e-06 	
4.015	0.335789 	-0.172625 	0.532248 	0.0784982 	-1.37049 	2.59269e-06 	
4.02	0.335831 	-0.172602 	0.532231 	0.0797854 	-1.37118 	2.47977e-06 	
4.025	0.33584 	-0.172608 	0.532205 	0.0797854 	-1.37118 	2.46934e-06 	
4.03	0.335848 	-0.172613 	0.532179 	0.0797854 	-1.37118 	2.45909e-06 	
4.035	0.335857 	-0.172619 	0.532153 	0.0797855 	-1.37118 	2.44902e-06 	
4.04	0.335866 	-0.172624 	0.532128 	0.0797855 	-1.37118 	2.43896e-06 	
4.045	0.335906 	-0.172602 	0.532111 	0.0810208 	-1.37185 	2.2965e-06 	
4.05	0.335914 	-0.172607 	0.532086 	0.0810208 	-1.37185 	2.28693e-06 	
4.055	0.335923 	-0.172612 	0.532061 	0.0810208 	-1.37185 	2.27753e-06 	
4.06	0.335931 	-0.172617 	0.532037 	0.0810208 	-1.37185 	2.26831e-06 	
4.065	0.335939 	-0.172623 	0.532013 	0.0810208 	-1.37185 	2.25926e-06 	
4.07	0.335977 	-0.172602 	0.531997 	0.0822021 	-1.37249 	2.10954e-06 	
4.075	0.335985 	-0.172607 	0.531973 	0.0822021 	-1.37249 	2.10081e-06 	
4.08	0.335993 	-0.172612 	0.53195 	0.0822021 	-1.37249 	2.09226e-06 	
4.085	0.336001 	-0.172617 	0.531926 	0.0822021 	-1.37249 	2.08388e-06 	
4.09	0.336009 	-0.172622 	0.531903 	0.0822021 	-1.37249 	2.07567e-06 	
4.095	0.336045 	-0.172601 	0.531888 	0.0833275 	-1.37309 	1.92287e-06 	
4.1	0.336053 	-0.172606 	0.531866 	0.0833275 	-1.37309 	1.91499e-06 	
4.105	0.33606 	-0.172611 	0.531843 	0.0833275 	-1.37309 	1.90727e-06 	
4.11	0.336068 	-0.172616 	0.531821 	0.0833275 	-1.37309 	1.89972e-06 	
4.115	0.336075 	-0.17262 	0.531799 	0.0833275 	-1.37309 	1.89233e-06 	
4.12	0.336082 	-0.172625 	0.531777 	0.0833275 	-1.37309 	1.88512e-06 	
4.125	0.336121 	-0.172602 	0.531765 	0.0845793 	-1.37377 	2.32854e-06 	
4.13	0.336126 	-0.172608 	0.531744 	0.0845793 	-1.37377 	2.32241e-06 	
4.135	0.336133 	-0.172613 	0.531723 	0.0845793 	-1.37377 	2.31567e-06 	
4.14	0.33614 	-0.172617 	0.531702 	0.0845793 	-1.37377 	2.30909e-06 	
4.145	0.336147 	-0.172621 	0.531682 	0.0845793 	-1.37377 	2.30267e-06 	
4.15	0.336154 	-0.172626 	0.531662 	0.0845793 	-1.37377 	2.29642e-06 	
4.155	0.336191 	-0.172604 	0.53165 	0.0857668 	-1.37441 	2.16122e-06 	
4.16	0.336197 	-0.172608 	0.531631 	0.0857668 	-1.37441 	2.15526e-06 	
4.165	0.336204 	-0.172612 	0.531611 	0.0857668 	-1.37441 	2.14946e-06 	
4.17	0.33621 	-0.172616 	0.531592 	0.0857668 	-1.37441 	2.14381e-06 	
4.175	0.336217 	-0.17262 	0.531573 	0.0857668 	-1.37441 	2.13831e-06 	
4.18	0.336223 	-0.172624 	0.531555 	0.0857668 	-1.37441 	2.13297e-06 	
4.185	0.336229 	-0.172628 	0.531536 	0.0857668 	-1.37441 	2.12778e-06 	
4.19	0.336267 	-0.172604 	0.531527 	0.0870232 	-1.37509 	2.3902e-06 	
4.195	0.336273 	-0.172608 	0.53151 	0.0870232 	-1.37509 	2.3853e-06 	
4.2	0.336279 	-0.172611 	0.531492 	0.0870232 	-1.37509 	2.38053e-06 	
4.205	0.336284 	-0.172616 	0.531475 	0.0870232 	-1.37509 	2.37614e-06 	
4.21	0.33629 	-0.172619 	0.531458 	0.0870232 	-1.37509 	2.37167e-06 	
4.215	0.336295 	-0.172623 	0.531441 	0.0870232 	-1.37509 	2.36734e-06 	
4.22	0.336301 	-0.172626 	0.531425 	0.0870232 	-1.37509 	2.36315e-06 	
4.225	0.336336 	-0.172604 	0.531417 	0.0881749 	-1.37571 	2.07089e-06 	
4.23	0.336341 	-0.172608 	0.531401 	0.0881749 	-1.37571 	2.06696e-06 	
4.235	0.336346 	-0.172611 	0.531385 	0.0881749 	-1.37571 	2.06316e-06 	
4.24	0.336351 	-0.172614 	0.53137 	0.0881749 	-1.37571 	2.0595e-06 	
4.245	0.336356 	-0.172617 	0.531355 	0.0881749 	-1.37571 	2.05597e-06 	
4.25	0.336361 	-0.172621 	0.53134 	0.0881749 	-1.37571 	2.05257e-06 	
4.255	0.336366 	-0.172624 	0.531325 	0.0881749 	-1.37571 	2.04929e-06 	
4.26	0.336371 	-0.172627 	0.531311 	0.0881749 	-1.37571 	2.04614e-06 	
4.265	0.336405 	-0.172604 	0.531305 	0.0893208 	-1.37633 	2.03141e-06 	
4.27	0.336409 	-0.172607 	0.531292 	0.0893208 	-1.37633 	2.0285e-06 	
