0	2.05286 	-0.0925526 	-1.55658 	0.000209123 	-0.0986367 	0.00457554 	
0.005	2.05286 	-0.0925526 	-1.55658 	0.000209123 	-0.0986367 	0.00457554 	
0.01	2.05286 	-0.0925526 	-1.55658 	0.000209123 	-0.0986367 	0.00457554 	
0.015	2.05286 	-0.0925526 	-1.55658 	0.000209123 	-0.0986367 	0.00457554 	
0.02	2.05286 	-0.0925526 	-1.55658 	0.000209123 	-0.0986367 	0.00457554 	
0.025	2.05286 	-0.0925525 	-1.55658 	0.000209122 	-0.0986368 	0.00457554 	
0.03	2.05286 	-0.0925524 	-1.55657 	0.00020912 	-0.0986368 	0.00457554 	
0.035	2.05286 	-0.0925523 	-1.55657 	0.000209116 	-0.0986369 	0.00457553 	
0.04	2.05287 	-0.0925522 	-1.55657 	0.000209111 	-0.098637 	0.00457552 	
0.045	2.05287 	-0.092552 	-1.55657 	0.000209104 	-0.0986372 	0.00457551 	
0.05	2.05287 	-0.0925518 	-1.55656 	0.000209095 	-0.0986374 	0.00457549 	
0.055	2.05287 	-0.0925515 	-1.55656 	0.000209083 	-0.0986376 	0.00457547 	
0.06	2.05287 	-0.0925511 	-1.55655 	0.000209069 	-0.0986379 	0.00457545 	
0.065	2.05288 	-0.0925508 	-1.55654 	0.000209052 	-0.0986383 	0.00457542 	
0.07	2.05288 	-0.0925503 	-1.55654 	0.000209033 	-0.0986387 	0.00457539 	
0.075	2.05289 	-0.0925498 	-1.55653 	0.00020901 	-0.0986392 	0.00457536 	
0.08	2.05289 	-0.0925492 	-1.55652 	0.000208984 	-0.0986397 	0.00457532 	
0.085	2.0529 	-0.0925486 	-1.5565 	0.000208955 	-0.0986403 	0.00457527 	
0.09	2.05291 	-0.0925478 	-1.55649 	0.000208922 	-0.098641 	0.00457522 	
0.095	2.05283 	-0.0924404 	-1.55636 	0.000200546 	-0.0986311 	0.00458678 	
0.1	2.05284 	-0.0924395 	-1.55634 	0.000200506 	-0.098632 	0.00458672 	
0.105	2.05285 	-0.0924386 	-1.55633 	0.000200462 	-0.0986329 	0.00458665 	
0.11	2.05286 	-0.0924375 	-1.55631 	0.000200413 	-0.0986339 	0.00458657 	
0.115	2.05288 	-0.0924364 	-1.55628 	0.000200361 	-0.098635 	0.00458649 	
0.12	2.05289 	-0.0924353 	-1.55626 	0.000200304 	-0.0986362 	0.0045864 	
0.125	2.0529 	-0.092434 	-1.55624 	0.000200244 	-0.0986374 	0.00458631 	
0.13	2.05292 	-0.0924326 	-1.55621 	0.000200179 	-0.0986388 	0.00458621 	
0.135	2.05293 	-0.0924312 	-1.55618 	0.00020011 	-0.0986402 	0.0045861 	
0.14	2.05295 	-0.0924297 	-1.55615 	0.000200037 	-0.0986417 	0.00458599 	
0.145	2.05297 	-0.092428 	-1.55612 	0.00019996 	-0.0986433 	0.00458587 	
0.15	2.05299 	-0.0924263 	-1.55609 	0.000199878 	-0.098645 	0.00458575 	
0.155	2.05301 	-0.0924246 	-1.55606 	0.000199792 	-0.0986468 	0.00458561 	
0.16	2.05303 	-0.0924227 	-1.55602 	0.000199702 	-0.0986487 	0.00458547 	
0.165	2.05139 	-0.0910034 	-1.5584 	0.000265826 	-0.0986542 	0.00457541 	
0.17	2.05173 	-0.0910715 	-1.55852 	0.000262173 	-0.0986688 	0.00457431 	
0.175	2.052 	-0.0911479 	-1.55856 	0.000257923 	-0.0986817 	0.0045728 	
0.18	2.05216 	-0.0912104 	-1.55852 	0.000254309 	-0.0986911 	0.00457135 	
0.185	2.05231 	-0.0912681 	-1.55849 	0.000250947 	-0.0987 	0.00456999 	
0.19	2.05246 	-0.0913213 	-1.55845 	0.000247818 	-0.0987086 	0.00456871 	
0.195	2.05259 	-0.0913704 	-1.55841 	0.000244906 	-0.0987168 	0.00456751 	
0.2	2.05272 	-0.0914156 	-1.55837 	0.000242193 	-0.0987247 	0.00456637 	
0.205	2.05285 	-0.0914572 	-1.55832 	0.000239665 	-0.0987323 	0.00456529 	
0.21	2.05297 	-0.0914954 	-1.55828 	0.000237308 	-0.0987397 	0.00456427 	
0.215	2.05308 	-0.0915306 	-1.55823 	0.000235109 	-0.0987468 	0.0045633 	
0.22	2.05319 	-0.0915628 	-1.55818 	0.000233057 	-0.0987537 	0.00456238 	
0.225	2.05166 	-0.0902025 	-1.56051 	0.000296431 	-0.0987638 	0.00455213 	
0.23	2.05207 	-0.0902988 	-1.56061 	0.00029112 	-0.0987828 	0.00455035 	
0.235	2.0524 	-0.0904012 	-1.56062 	0.000285336 	-0.0987998 	0.0045482 	
0.24	2.05263 	-0.0904878 	-1.56057 	0.000280297 	-0.0988131 	0.00454615 	
0.245	2.05284 	-0.0905677 	-1.56052 	0.00027561 	-0.0988257 	0.00454422 	
0.25	2.05305 	-0.0906414 	-1.56046 	0.00027125 	-0.0988378 	0.00454241 	
0.255	2.05324 	-0.0907094 	-1.56041 	0.000267192 	-0.0988494 	0.00454071 	
0.26	2.05342 	-0.090772 	-1.56034 	0.000263414 	-0.0988605 	0.0045391 	
0.265	2.0536 	-0.0908296 	-1.56028 	0.000259895 	-0.0988712 	0.00453758 	
0.27	2.05376 	-0.0908827 	-1.56021 	0.000256616 	-0.0988814 	0.00453614 	
0.275	2.05219 	-0.0894653 	-1.56267 	0.0003228 	-0.098895 	0.00452527 	
0.28	2.05268 	-0.0895843 	-1.56278 	0.000316174 	-0.0989181 	0.00452297 	
0.285	2.05307 	-0.0897082 	-1.56278 	0.00030913 	-0.0989387 	0.0045203 	
0.29	2.05335 	-0.0898137 	-1.56272 	0.000302955 	-0.0989551 	0.00451775 	
0.295	2.05362 	-0.0899111 	-1.56265 	0.000297212 	-0.0989707 	0.00451535 	
0.3	2.05387 	-0.0900009 	-1.56258 	0.00029187 	-0.0989856 	0.0045131 	
0.305	2.0541 	-0.0900837 	-1.5625 	0.0002869 	-0.0989999 	0.00451098 	
0.31	2.05433 	-0.09016 	-1.56242 	0.000282274 	-0.0990135 	0.00450898 	
0.315	2.05288 	-0.0888401 	-1.56475 	0.000343975 	-0.0990301 	0.00449845 	
0.32	2.05341 	-0.0889753 	-1.56483 	0.000336366 	-0.0990554 	0.0044957 	
0.325	2.05384 	-0.0891136 	-1.56482 	0.000328435 	-0.0990782 	0.00449261 	
0.33	2.05416 	-0.089233 	-1.56474 	0.000321415 	-0.099097 	0.00448967 	
0.335	2.05446 	-0.0893433 	-1.56466 	0.000314888 	-0.0991149 	0.00448692 	
0.34	2.05474 	-0.0894449 	-1.56458 	0.000308817 	-0.0991319 	0.00448433 	
0.345	2.05501 	-0.0895386 	-1.56449 	0.000303169 	-0.0991482 	0.00448189 	
0.35	2.05364 	-0.0882695 	-1.56676 	0.000362609 	-0.0991671 	0.0044715 	
0.355	2.0542 	-0.0884181 	-1.56682 	0.000354182 	-0.0991944 	0.00446838 	
0.36	2.05466 	-0.0885686 	-1.5668 	0.000345503 	-0.0992193 	0.00446494 	
0.365	2.05501 	-0.0886996 	-1.56671 	0.00033778 	-0.09924 	0.00446167 	
0.37	2.05534 	-0.0888203 	-1.56662 	0.000330601 	-0.0992598 	0.0044586 	
0.375	2.05566 	-0.0889317 	-1.56653 	0.000323924 	-0.0992786 	0.00445571 	
0.38	2.05596 	-0.0890344 	-1.56643 	0.000317712 	-0.0992966 	0.004453 	
0.385	2.05447 	-0.0876614 	-1.5689 	0.000382361 	-0.0993175 	0.00444208 	
0.39	2.05509 	-0.0878247 	-1.56897 	0.000373085 	-0.099348 	0.00443862 	
0.395	2.0556 	-0.0879895 	-1.56895 	0.000363558 	-0.0993754 	0.00443481 	
0.4	2.05599 	-0.0881325 	-1.56885 	0.000355096 	-0.0993981 	0.00443118 	
0.405	2.05635 	-0.0882644 	-1.56875 	0.000347229 	-0.0994197 	0.00442778 	
0.41	2.05669 	-0.088386 	-1.56864 	0.000339915 	-0.0994403 	0.00442458 	
0.415	2.05535 	-0.0871206 	-1.57095 	0.000399584 	-0.0994634 	0.0044141 	
0.42	2.05598 	-0.0872954 	-1.57101 	0.000389584 	-0.0994951 	0.00441027 	
0.425	2.05721 	-0.0883745 	-1.57196 	0.000449995 	-0.0996144 	0.00430659 	
0.43	2.05763 	-0.0885275 	-1.57186 	0.000440912 	-0.0996388 	0.00430265 	
0.435	2.05802 	-0.0886687 	-1.57174 	0.00043247 	-0.099662 	0.00429896 	
0.44	2.05839 	-0.0887989 	-1.57163 	0.00042462 	-0.0996841 	0.00429549 	
0.445	2.05697 	-0.0874707 	-1.57407 	0.000487501 	-0.0997088 	0.00428469 	
0.45	2.05765 	-0.0876575 	-1.57413 	0.000476795 	-0.099743 	0.00428056 	
0.455	2.05822 	-0.087844 	-1.57409 	0.000465934 	-0.0997739 	0.00427609 	
0.46	2.05866 	-0.088007 	-1.57397 	0.000456237 	-0.0997998 	0.00427185 	
0.465	2.05907 	-0.0881573 	-1.57385 	0.000447224 	-0.0998246 	0.00426786 	
0.47	2.05947 	-0.0882959 	-1.57373 	0.000438846 	-0.0998481 	0.00426412 	
0.475	2.05796 	-0.0868924 	-1.57633 	0.000505703 	-0.0998745 	0.00425308 	
0.48	2.0587 	-0.0870919 	-1.5764 	0.000494249 	-0.0999112 	0.00424865 	
0.485	2.05931 	-0.0872908 	-1.57635 	0.000482647 	-0.0999442 	0.00424383 	
0.49	2.05977 	-0.0874642 	-1.57623 	0.0004723 	-0.0999718 	0.00423925 	
0.495	2.06021 	-0.0876242 	-1.5761 	0.000462685 	-0.0999981 	0.00423494 	
0.5	2.05894 	-0.0864071 	-1.5784 	0.00052066 	-0.100026 	0.00422462 	
0.505	2.05966 	-0.0866154 	-1.57843 	0.000508606 	-0.100063 	0.0042198 	
0.51	2.06028 	-0.0868217 	-1.57837 	0.000496517 	-0.100097 	0.00421468 	
0.515	2.06076 	-0.0870033 	-1.57824 	0.000485659 	-0.100126 	0.00420982 	
0.52	2.06123 	-0.0871708 	-1.5781 	0.000475571 	-0.100154 	0.00420527 	
0.525	2.05992 	-0.0859284 	-1.58047 	0.000535068 	-0.100183 	0.00419496 	
0.53	2.06068 	-0.0861457 	-1.5805 	0.000522472 	-0.100222 	0.00418988 	
0.535	2.06132 	-0.0863604 	-1.58044 	0.000509856 	-0.100257 	0.00418449 	
0.54	2.06183 	-0.0865494 	-1.5803 	0.000498527 	-0.100287 	0.00417937 	
0.545	2.06231 	-0.0867238 	-1.58015 	0.000488002 	-0.100316 	0.00417457 	
0.55	2.06096 	-0.0854376 	-1.58262 	0.00054998 	-0.100347 	0.00416426 	
0.555	2.06175 	-0.0856643 	-1.58266 	0.000536814 	-0.100387 	0.00415892 	
0.56	2.06242 	-0.0858881 	-1.5826 	0.000523637 	-0.100424 	0.00415324 	
0.565	2.06295 	-0.086085 	-1.58245 	0.000511812 	-0.100455 	0.00414784 	
0.57	2.06345 	-0.0862666 	-1.5823 	0.000500827 	-0.100485 	0.00414278 	
0.575	2.06204 	-0.0849372 	-1.58486 	0.000565305 	-0.100517 	0.0041325 	
0.58	2.06287 	-0.0851736 	-1.58491 	0.000551546 	-0.10056 	0.00412689 	
0.585	2.06356 	-0.0854069 	-1.58484 	0.000537784 	-0.100598 	0.00412091 	
0.59	2.06412 	-0.085612 	-1.58469 	0.000525443 	-0.10063 	0.00411521 	
0.595	2.06463 	-0.085801 	-1.58453 	0.00051398 	-0.100661 	0.00410988 	
0.6	2.06317 	-0.0844308 	-1.58719 	0.00058089 	-0.100695 	0.00409969 	
0.605	2.06404 	-0.0846773 	-1.58724 	0.000566522 	-0.100739 	0.0040938 	
0.61	2.06477 	-0.0849203 	-1.58717 	0.000552162 	-0.100779 	0.00408749 	
0.615	2.06534 	-0.0851336 	-1.58701 	0.000539292 	-0.100813 	0.00408149 	
0.62	2.06421 	-0.0840305 	-1.58923 	0.000593015 	-0.100848 	0.00407193 	
0.625	2.06504 	-0.0842832 	-1.58923 	0.000578171 	-0.100891 	0.00406561 	
0.63	2.06575 	-0.0845305 	-1.58913 	0.000563485 	-0.100931 	0.00405904 	
0.635	2.06634 	-0.08475 	-1.58897 	0.000550218 	-0.100966 	0.00405281 	
0.64	2.06522 	-0.083652 	-1.5912 	0.000603965 	-0.101002 	0.00404341 	
0.645	2.06606 	-0.0839105 	-1.59119 	0.000588745 	-0.101046 	0.00403687 	
0.65	2.0668 	-0.0841632 	-1.59109 	0.000573701 	-0.101087 	0.00403008 	
0.655	2.0674 	-0.0843877 	-1.59092 	0.000560109 	-0.101122 	0.00402364 	
0.66	2.06625 	-0.0832703 	-1.59321 	0.000615147 	-0.101159 	0.0040144 	
0.665	2.06712 	-0.083535 	-1.5932 	0.000599536 	-0.101205 	0.00400765 	
0.67	2.06787 	-0.0837937 	-1.59311 	0.000584108 	-0.101247 	0.00400064 	
0.675	2.06849 	-0.0840234 	-1.59293 	0.000570173 	-0.101283 	0.00399398 	
0.68	2.06731 	-0.0828857 	-1.59527 	0.000626577 	-0.101321 	0.00398491 	
0.685	2.0682 	-0.0831569 	-1.59527 	0.000610553 	-0.101367 	0.00397794 	
0.69	2.06897 	-0.0834218 	-1.59517 	0.000594721 	-0.10141 	0.00397069 	
0.695	2.0696 	-0.083657 	-1.59499 	0.000580426 	-0.101447 	0.0039638 	
0.7	2.0684 	-0.0825003 	-1.59739 	0.000638155 	-0.101486 	0.00395492 	
0.705	2.06931 	-0.0827782 	-1.59739 	0.000621705 	-0.101534 	0.00394772 	
0.71	2.0701 	-0.0830497 	-1.59728 	0.000605454 	-0.101577 	0.00394022 	
0.715	2.07074 	-0.0832905 	-1.5971 	0.000590786 	-0.101615 	0.00393309 	
0.72	2.06951 	-0.0821163 	-1.59955 	0.000649793 	-0.101655 	0.00392443 	
0.725	2.07045 	-0.0824011 	-1.59955 	0.000632906 	-0.101704 	0.00391699 	
0.73	2.07126 	-0.0826791 	-1.59945 	0.000616229 	-0.101748 	0.00390923 	
0.735	2.07191 	-0.0829257 	-1.59926 	0.00060118 	-0.101787 	0.00390186 	
0.74	2.07065 	-0.0817354 	-1.60176 	0.000661419 	-0.101827 	0.00389344 	
0.745	2.07161 	-0.0820271 	-1.60176 	0.00064409 	-0.101878 	0.00388577 	
0.75	2.07244 	-0.0823118 	-1.60166 	0.00062698 	-0.101923 	0.00387774 	
0.755	2.07311 	-0.0825642 	-1.60147 	0.000611546 	-0.101963 	0.00387012 	
0.76	2.07182 	-0.0813592 	-1.60402 	0.000672973 	-0.102004 	0.00386197 	
0.765	2.0728 	-0.0816578 	-1.60402 	0.0006552 	-0.102055 	0.00385405 	
0.77	2.07352 	-0.081785 	-1.60373 	0.000624903 	-0.102085 	0.00386423 	
0.775	2.0742 	-0.0820432 	-1.60353 	0.000609081 	-0.102125 	0.00385635 	
0.78	2.07289 	-0.0808249 	-1.60613 	0.000671665 	-0.102167 	0.00384852 	
0.785	2.07389 	-0.0811304 	-1.60614 	0.000653448 	-0.10222 	0.00384035 	
0.79	2.07475 	-0.0814284 	-1.60603 	0.000635471 	-0.102267 	0.00383179 	
0.795	2.07545 	-0.0816924 	-1.60583 	0.000619262 	-0.102308 	0.00382364 	
0.8	2.07411 	-0.080462 	-1.60847 	0.00068295 	-0.102351 	0.00381615 	
0.805	2.07514 	-0.0807743 	-1.60848 	0.00066429 	-0.102404 	0.00380772 	
0.81	2.07601 	-0.0810789 	-1.60837 	0.000645881 	-0.102452 	0.00379888 	
0.815	2.07672 	-0.0813487 	-1.60816 	0.000629286 	-0.102494 	0.00379048 	
0.82	2.07536 	-0.0801074 	-1.61085 	0.000694037 	-0.102537 	0.00378335 	
0.825	2.0764 	-0.0804265 	-1.61087 	0.000674937 	-0.102592 	0.00377467 	
0.83	2.0773 	-0.0807375 	-1.61075 	0.000656099 	-0.102641 	0.00376555 	
0.835	2.07801 	-0.081013 	-1.61054 	0.00063912 	-0.102683 	0.00375688 	
0.84	2.07663 	-0.0797622 	-1.61328 	0.000704894 	-0.102727 	0.00375014 	
0.845	2.07769 	-0.0800879 	-1.61329 	0.000685359 	-0.102783 	0.00374121 	
0.85	2.0786 	-0.0804053 	-1.61318 	0.000666096 	-0.102833 	0.00373181 	
0.855	2.07933 	-0.0806863 	-1.61296 	0.000648737 	-0.102876 	0.00372287 	
0.86	2.07792 	-0.0794273 	-1.61573 	0.000715491 	-0.10292 	0.00371656 	
0.865	2.07901 	-0.0797595 	-1.61575 	0.000695526 	-0.102977 	0.00370737 	
0.87	2.07993 	-0.0800831 	-1.61563 	0.000675843 	-0.103028 	0.0036977 	
0.875	2.08067 	-0.0803696 	-1.61541 	0.000658109 	-0.103071 	0.00368849 	
0.88	2.07923 	-0.0791037 	-1.61823 	0.000725802 	-0.103116 	0.00368263 	
0.885	2.08034 	-0.0794422 	-1.61825 	0.000705412 	-0.103174 	0.00367318 	
0.89	2.08127 	-0.0797719 	-1.61813 	0.000685315 	-0.103225 	0.00366323 	
0.895	2.08034 	-0.0788706 	-1.62028 	0.000733284 	-0.103272 	0.00365637 	
0.9	2.08136 	-0.0792126 	-1.62022 	0.000712531 	-0.103327 	0.00364633 	
0.905	2.08226 	-0.079543 	-1.62007 	0.000692298 	-0.103377 	0.00363611 	
0.91	2.08303 	-0.0798389 	-1.61984 	0.000673921 	-0.103422 	0.00362644 	
0.915	2.0816 	-0.078598 	-1.62265 	0.000741242 	-0.103468 	0.00362136 	
0.92	2.08273 	-0.0789448 	-1.62267 	0.000720257 	-0.103527 	0.0036115 	
0.925	2.08368 	-0.0792824 	-1.62255 	0.000699593 	-0.103579 	0.00360113 	
0.93	2.08273 	-0.0783794 	-1.62474 	0.000748451 	-0.103627 	0.00359489 	
0.935	2.08377 	-0.0787299 	-1.62468 	0.0007271 	-0.103683 	0.00358444 	
0.94	2.08469 	-0.0790684 	-1.62453 	0.000706285 	-0.103734 	0.00357379 	
0.945	2.08378 	-0.0781968 	-1.62668 	0.000753726 	-0.103783 	0.00356771 	
0.95	2.08482 	-0.0785496 	-1.62661 	0.000732182 	-0.103839 	0.00355708 	
0.955	2.08575 	-0.0788901 	-1.62645 	0.000711199 	-0.10389 	0.00354628 	
0.96	2.08483 	-0.0780202 	-1.62862 	0.000758907 	-0.103939 	0.00354051 	
0.965	2.08588 	-0.0783754 	-1.62855 	0.000737173 	-0.103995 	0.00352974 	
0.97	2.08682 	-0.0787182 	-1.6284 	0.000716004 	-0.104047 	0.00351879 	
0.975	2.08589 	-0.0778477 	-1.63058 	0.000764114 	-0.104096 	0.00351335 	
0.98	2.08695 	-0.0782056 	-1.63052 	0.000742177 	-0.104153 	0.00350243 	
0.985	2.08789 	-0.078551 	-1.63036 	0.00072081 	-0.104205 	0.00349132 	
0.99	2.08695 	-0.0776803 	-1.63256 	0.000769305 	-0.104254 	0.00348621 	
0.995	2.08802 	-0.078041 	-1.6325 	0.000747154 	-0.104312 	0.00347513 	
1	2.08897 	-0.0783892 	-1.63234 	0.000725577 	-0.104364 	0.00346386 	
1.005	2.08803 	-0.077519 	-1.63456 	0.000774427 	-0.104414 	0.00345907 	
1.01	2.08911 	-0.0778827 	-1.63449 	0.000752055 	-0.104471 	0.00344784 	
1.015	2.09006 	-0.0782337 	-1.63434 	0.000730261 	-0.104524 	0.0034364 	
1.02	2.0891 	-0.0773647 	-1.63657 	0.000779439 	-0.104574 	0.00343194 	
1.025	2.09019 	-0.0777313 	-1.63651 	0.00075684 	-0.104632 	0.00342054 	
1.03	2.09115 	-0.0780853 	-1.63635 	0.000734825 	-0.104685 	0.00340893 	
1.035	2.09019 	-0.077218 	-1.63859 	0.000784303 	-0.104735 	0.00340481 	
1.04	2.09128 	-0.0775877 	-1.63853 	0.000761474 	-0.104794 	0.00339324 	
1.045	2.09225 	-0.0779446 	-1.63837 	0.000739237 	-0.104847 	0.00338145 	
1.05	2.09128 	-0.0770797 	-1.64063 	0.00078899 	-0.104897 	0.00337768 	
1.055	2.09198 	-0.0769268 	-1.63997 	0.000725443 	-0.104903 	0.00342638 	
1.06	2.09295 	-0.0772866 	-1.63981 	0.000702981 	-0.104957 	0.00341441 	
1.065	2.09197 	-0.0764247 	-1.64208 	0.000753024 	-0.105008 	0.00341103 	
1.07	2.09308 	-0.0768005 	-1.64202 	0.000729736 	-0.105067 	0.00339912 	
1.075	2.09406 	-0.0771632 	-1.64186 	0.00070705 	-0.105121 	0.00338697 	
1.08	2.09307 	-0.0763047 	-1.64414 	0.000757323 	-0.105171 	0.00338395 	
1.085	2.09419 	-0.0766835 	-1.64408 	0.000733806 	-0.105231 	0.00337187 	
1.09	2.09517 	-0.0770491 	-1.64392 	0.000710899 	-0.105285 	0.00335954 	
1.095	2.09418 	-0.0761945 	-1.64621 	0.00076138 	-0.105336 	0.00335687 	
1.1	2.0953 	-0.0765762 	-1.64615 	0.000737638 	-0.105395 	0.00334462 	
1.105	2.09628 	-0.0769445 	-1.64599 	0.000714512 	-0.10545 	0.00333211 	
1.11	2.09529 	-0.0760942 	-1.64829 	0.00076518 	-0.105501 	0.00332981 	
1.115	2.09641 	-0.0764788 	-1.64823 	0.000741215 	-0.105561 	0.00331739 	
1.12	2.0974 	-0.0768499 	-1.64807 	0.000717874 	-0.105615 	0.00330471 	
1.125	2.0964 	-0.0760043 	-1.65038 	0.000768708 	-0.105666 	0.00330278 	
1.13	2.09753 	-0.0763916 	-1.65032 	0.000744525 	-0.105727 	0.00329019 	
1.135	2.09852 	-0.0767654 	-1.65016 	0.000720973 	-0.105781 	0.00327733 	
1.14	2.09752 	-0.075925 	-1.65248 	0.000771953 	-0.105833 	0.00327578 	
1.145	2.09865 	-0.076315 	-1.65242 	0.000747557 	-0.105893 	0.00326302 	
1.15	2.09965 	-0.0766914 	-1.65225 	0.000723798 	-0.105948 	0.00325 	
1.155	2.09864 	-0.0758566 	-1.65458 	0.000774904 	-0.105999 	0.00324882 	
1.16	2.09977 	-0.0762492 	-1.65452 	0.000750301 	-0.10606 	0.0032359 	
1.165	2.10078 	-0.076628 	-1.65436 	0.00072634 	-0.106115 	0.00322271 	
1.17	2.09976 	-0.0757992 	-1.65669 	0.000777552 	-0.106167 	0.00322192 	
1.175	2.1009 	-0.0761943 	-1.65663 	0.000752747 	-0.106227 	0.00320884 	
1.18	2.1019 	-0.0765755 	-1.65646 	0.00072859 	-0.106282 	0.00319548 	
1.185	2.10088 	-0.0757531 	-1.6588 	0.000779889 	-0.106334 	0.00319508 	
1.19	2.10203 	-0.0761505 	-1.65874 	0.000754887 	-0.106395 	0.00318184 	
1.195	2.10303 	-0.076534 	-1.65857 	0.000730541 	-0.10645 	0.00316832 	
1.2	2.10201 	-0.0757183 	-1.66092 	0.000781907 	-0.106502 	0.00316831 	
1.205	2.10315 	-0.076118 	-1.66085 	0.000756716 	-0.106563 	0.00315492 	
1.21	2.10416 	-0.0765036 	-1.66069 	0.000732186 	-0.106618 	0.00314124 	
1.215	2.10313 	-0.0756951 	-1.66303 	0.000783599 	-0.10667 	0.00314163 	
1.22	2.10428 	-0.0760969 	-1.66297 	0.000758225 	-0.106731 	0.00312808 	
1.225	2.10529 	-0.0764846 	-1.6628 	0.000733518 	-0.106786 	0.00311424 	
1.23	2.10426 	-0.0756835 	-1.66515 	0.00078496 	-0.106838 	0.00311504 	
1.235	2.10541 	-0.0760873 	-1.66509 	0.00075941 	-0.106899 	0.00310134 	
1.24	2.10642 	-0.0764769 	-1.66492 	0.000734533 	-0.106955 	0.00308735 	
1.245	2.10538 	-0.0756836 	-1.66727 	0.000785984 	-0.107006 	0.00308855 	
1.25	2.10653 	-0.0760893 	-1.66721 	0.000760266 	-0.107067 	0.00307471 	
1.255	2.10754 	-0.0764807 	-1.66704 	0.000735225 	-0.107123 	0.00306057 	
1.26	2.10651 	-0.0756956 	-1.6694 	0.000786666 	-0.107175 	0.00306217 	
1.265	2.10766 	-0.076103 	-1.66933 	0.000760787 	-0.107236 	0.00304819 	
1.27	2.10867 	-0.0764961 	-1.66916 	0.000735591 	-0.107291 	0.00303391 	
1.275	2.10763 	-0.0757194 	-1.67152 	0.000787002 	-0.107343 	0.00303592 	
1.28	2.10878 	-0.0761285 	-1.67145 	0.00076097 	-0.107404 	0.00302181 	
1.285	2.10979 	-0.0765231 	-1.67128 	0.000735626 	-0.107459 	0.00300739 	
1.29	2.10875 	-0.0757551 	-1.67363 	0.000786988 	-0.107511 	0.0030098 	
1.295	2.1099 	-0.0761657 	-1.67357 	0.000760812 	-0.107572 	0.00299556 	
1.3	2.11091 	-0.0765617 	-1.6734 	0.000735326 	-0.107628 	0.002981 	
1.305	2.10987 	-0.0758027 	-1.67575 	0.000786622 	-0.107679 	0.00298382 	
1.31	2.11102 	-0.0762147 	-1.67569 	0.000760308 	-0.10774 	0.00296945 	
1.315	2.11203 	-0.076612 	-1.67552 	0.00073469 	-0.107795 	0.00295477 	
1.32	2.11099 	-0.0758623 	-1.67786 	0.000785899 	-0.107847 	0.002958 	
1.325	2.11214 	-0.0762755 	-1.6778 	0.000759457 	-0.107908 	0.0029435 	
1.33	2.11315 	-0.0766739 	-1.67763 	0.000733715 	-0.107963 	0.0029287 	
1.335	2.11211 	-0.0759338 	-1.67997 	0.000784819 	-0.108014 	0.00293233 	
1.34	2.11325 	-0.076348 	-1.67991 	0.000758257 	-0.108075 	0.00291772 	
1.345	2.11426 	-0.0767475 	-1.67974 	0.000732398 	-0.10813 	0.0029028 	
1.35	2.11322 	-0.0760172 	-1.68208 	0.000783377 	-0.108182 	0.00290684 	
1.355	2.11436 	-0.0764324 	-1.68201 	0.000756705 	-0.108242 	0.00289211 	
1.36	2.11537 	-0.0768328 	-1.68184 	0.000730739 	-0.108297 	0.00287708 	
1.365	2.11433 	-0.0761125 	-1.68417 	0.000781574 	-0.108349 	0.00288152 	
1.37	2.11547 	-0.0765284 	-1.68411 	0.000754799 	-0.108409 	0.00286669 	
1.375	2.11647 	-0.0769296 	-1.68394 	0.000728735 	-0.108464 	0.00285155 	
1.38	2.11543 	-0.0762195 	-1.68626 	0.000779409 	-0.108515 	0.00285638 	
1.385	2.11703 	-0.0772432 	-1.68691 	0.000798658 	-0.108636 	0.00277007 	
1.39	2.11803 	-0.0776449 	-1.68674 	0.000772504 	-0.108691 	0.00275483 	
1.395	2.11699 	-0.0769452 	-1.68906 	0.000822951 	-0.108741 	0.00276001 	
1.4	2.11812 	-0.0773623 	-1.689 	0.000796 	-0.108801 	0.00274499 	
1.405	2.11912 	-0.0777645 	-1.68882 	0.000769764 	-0.108856 	0.00272966 	
1.41	2.11809 	-0.0770754 	-1.69114 	0.000820012 	-0.108907 	0.00273523 	
1.415	2.11921 	-0.0774929 	-1.69107 	0.000792987 	-0.108967 	0.00272012 	
1.42	2.12021 	-0.0778954 	-1.6909 	0.000766679 	-0.109021 	0.0027047 	
1.425	2.11917 	-0.0772172 	-1.6932 	0.00081671 	-0.109071 	0.00271066 	
1.43	2.1203 	-0.0776349 	-1.69314 	0.00078962 	-0.109131 	0.00269547 	
1.435	2.12129 	-0.0780376 	-1.69296 	0.00076325 	-0.109185 	0.00267997 	
1.44	2.12026 	-0.0773704 	-1.69526 	0.000813044 	-0.109235 	0.00268631 	
1.445	2.12138 	-0.0777881 	-1.69519 	0.000785899 	-0.109294 	0.00267104 	
1.45	2.12237 	-0.0781909 	-1.69502 	0.000759477 	-0.109348 	0.00265547 	
1.455	2.12134 	-0.077535 	-1.69731 	0.000809016 	-0.109398 	0.00266218 	
1.46	2.12245 	-0.0779526 	-1.69724 	0.000781827 	-0.109457 	0.00264684 	
1.465	2.12343 	-0.0783552 	-1.69707 	0.000755362 	-0.109511 	0.0026312 	
1.47	2.12241 	-0.0777106 	-1.69934 	0.000804627 	-0.109561 	0.00263828 	
1.475	2.12352 	-0.0781279 	-1.69927 	0.000777404 	-0.109619 	0.00262288 	
1.48	2.12449 	-0.0785303 	-1.6991 	0.000750905 	-0.109673 	0.00260717 	
1.485	2.12347 	-0.0778972 	-1.70136 	0.00079988 	-0.109722 	0.00261462 	
1.49	2.12457 	-0.0783141 	-1.70129 	0.000772632 	-0.10978 	0.00259916 	
1.495	2.12555 	-0.0787161 	-1.70112 	0.000746111 	-0.109834 	0.0025834 	
1.5	2.12453 	-0.0780946 	-1.70337 	0.000794776 	-0.109883 	0.0025912 	
1.505	2.12562 	-0.078511 	-1.7033 	0.000767514 	-0.109941 	0.00257569 	
1.51	2.12659 	-0.0789124 	-1.70313 	0.00074098 	-0.109993 	0.00255988 	
1.515	2.12558 	-0.0783027 	-1.70536 	0.000789317 	-0.110042 	0.00256803 	
1.52	2.12667 	-0.0787183 	-1.70529 	0.000762053 	-0.1101 	0.00255247 	
1.525	2.12763 	-0.079119 	-1.70512 	0.000735517 	-0.110152 	0.00253663 	
1.53	2.12662 	-0.0785211 	-1.70734 	0.000783508 	-0.110201 	0.00254511 	
1.535	2.1277 	-0.0789358 	-1.70727 	0.000756252 	-0.110258 	0.00252952 	
1.54	2.12866 	-0.0793357 	-1.7071 	0.000729723 	-0.11031 	0.00251364 	
1.545	2.12766 	-0.0787497 	-1.70931 	0.000777352 	-0.110358 	0.00252245 	
1.55	2.12873 	-0.0791633 	-1.70924 	0.000750114 	-0.110415 	0.00250683 	
1.555	2.12968 	-0.0795622 	-1.70906 	0.000723604 	-0.110467 	0.00249093 	
1.56	2.12868 	-0.0789882 	-1.71125 	0.000770852 	-0.110514 	0.00250005 	
1.565	2.12975 	-0.0794006 	-1.71118 	0.000743644 	-0.110571 	0.0024844 	
1.57	2.13069 	-0.0797983 	-1.71101 	0.000717163 	-0.110622 	0.00246849 	
1.575	2.1297 	-0.0792364 	-1.71318 	0.000764012 	-0.110669 	0.00247792 	
1.58	2.13076 	-0.0796475 	-1.71311 	0.000736845 	-0.110725 	0.00246226 	
1.585	2.13169 	-0.0800439 	-1.71294 	0.000710405 	-0.110776 	0.00244633 	
1.59	2.13071 	-0.0794941 	-1.7151 	0.000756838 	-0.110823 	0.00245606 	
1.595	2.13176 	-0.0799036 	-1.71502 	0.000729724 	-0.110879 	0.00244039 	
1.6	2.13268 	-0.0802985 	-1.71486 	0.000703334 	-0.110929 	0.00242446 	
1.605	2.13171 	-0.0797609 	-1.71699 	0.000749335 	-0.110976 	0.00243447 	
1.61	2.13275 	-0.0801687 	-1.71692 	0.000722284 	-0.111031 	0.0024188 	
1.615	2.13367 	-0.080562 	-1.71675 	0.000695956 	-0.111081 	0.00240288 	
1.62	2.1327 	-0.0800366 	-1.71887 	0.000741508 	-0.111127 	0.00241316 	
1.625	2.13373 	-0.0804426 	-1.71879 	0.000714531 	-0.111181 	0.00239749 	
1.63	2.13464 	-0.080834 	-1.71862 	0.000688277 	-0.111231 	0.00238159 	
1.635	2.13542 	-0.0811842 	-1.71838 	0.000664463 	-0.111274 	0.00236662 	
1.64	2.13391 	-0.0803868 	-1.72118 	0.000731856 	-0.111319 	0.00238596 	
1.645	2.13501 	-0.0807914 	-1.72119 	0.000705092 	-0.111376 	0.00237103 	
1.65	2.13595 	-0.0811852 	-1.72106 	0.000678708 	-0.111427 	0.00235525 	
1.655	2.13495 	-0.0806631 	-1.72319 	0.000725196 	-0.111472 	0.00236685 	
1.66	2.13596 	-0.0810675 	-1.72312 	0.000698229 	-0.111526 	0.00235113 	
1.665	2.13686 	-0.0814579 	-1.72296 	0.00067196 	-0.111574 	0.00233515 	
1.67	2.13763 	-0.0818068 	-1.72271 	0.000648142 	-0.111617 	0.00232011 	
1.675	2.13614 	-0.0810484 	-1.72545 	0.000713986 	-0.111661 	0.00234007 	
1.68	2.13722 	-0.0814502 	-1.72545 	0.000687298 	-0.111716 	0.00232507 	
1.685	2.13814 	-0.0818413 	-1.72532 	0.000660994 	-0.111766 	0.00230924 	
1.69	2.13889 	-0.0821878 	-1.72507 	0.000637294 	-0.111808 	0.00229423 	
1.695	2.13746 	-0.0815327 	-1.72795 	0.00071178 	-0.111861 	0.00230285 	
1.7	2.13852 	-0.0819336 	-1.72796 	0.000685107 	-0.111917 	0.00228785 	
1.705	2.13944 	-0.0823242 	-1.72783 	0.000658797 	-0.111966 	0.00227199 	
1.71	2.14018 	-0.0826699 	-1.72759 	0.000635101 	-0.112007 	0.00225693 	
1.715	2.13868 	-0.0819339 	-1.7303 	0.000700844 	-0.11205 	0.00227821 	
1.72	2.13974 	-0.0823331 	-1.73031 	0.000674228 	-0.112104 	0.00226316 	
1.725	2.14064 	-0.0827219 	-1.73018 	0.000647978 	-0.112152 	0.00224729 	
1.73	2.14137 	-0.0830662 	-1.72993 	0.000624331 	-0.112193 	0.00223223 	
1.735	2.1399 	-0.0823547 	-1.7326 	0.000688899 	-0.112235 	0.00225369 	
1.74	2.14093 	-0.0827513 	-1.7326 	0.000662398 	-0.112289 	0.00223864 	
1.745	2.14181 	-0.0831376 	-1.73247 	0.000636266 	-0.112336 	0.0022228 	
1.75	2.14254 	-0.0834798 	-1.73223 	0.00061272 	-0.112376 	0.00220778 	
1.755	2.14109 	-0.0827924 	-1.73485 	0.000676081 	-0.112418 	0.00222939 	
1.76	2.1421 	-0.0831856 	-1.73485 	0.000649746 	-0.11247 	0.00221438 	
1.765	2.14297 	-0.0835686 	-1.73472 	0.000623781 	-0.112517 	0.0021986 	
1.77	2.14369 	-0.0839081 	-1.73448 	0.00060038 	-0.112557 	0.00218365 	
1.775	2.14226 	-0.0832444 	-1.73705 	0.000662513 	-0.112597 	0.00220539 	
1.78	2.14326 	-0.0836337 	-1.73705 	0.000636388 	-0.112649 	0.00219044 	
1.785	2.14411 	-0.0840128 	-1.73691 	0.000610633 	-0.112695 	0.00217475 	
1.79	2.14481 	-0.084349 	-1.73668 	0.000587415 	-0.112734 	0.0021599 	
1.795	2.14342 	-0.0837088 	-1.7392 	0.000648294 	-0.112773 	0.00218173 	
1.8	2.14439 	-0.0840935 	-1.73919 	0.000622417 	-0.112824 	0.00216687 	
1.805	2.14523 	-0.0844683 	-1.73906 	0.000596908 	-0.112869 	0.0021513 	
1.81	2.14592 	-0.0848007 	-1.73883 	0.000573908 	-0.112907 	0.00213657 	
1.815	2.14455 	-0.0841836 	-1.7413 	0.000633505 	-0.112946 	0.00215847 	
1.82	2.1455 	-0.0845633 	-1.74129 	0.00060791 	-0.112996 	0.00214372 	
1.825	2.14633 	-0.0849332 	-1.74116 	0.00058268 	-0.11304 	0.00212829 	
1.83	2.14701 	-0.0852614 	-1.74093 	0.000559927 	-0.113078 	0.0021137 	
1.835	2.14567 	-0.0846672 	-1.74335 	0.00061821 	-0.113116 	0.00213562 	
1.84	2.1466 	-0.0850415 	-1.74333 	0.000592929 	-0.113164 	0.00212101 	
1.845	2.1474 	-0.0854062 	-1.7432 	0.000568008 	-0.113207 	0.00210574 	
1.85	2.14807 	-0.0857298 	-1.74298 	0.00054553 	-0.113244 	0.00209132 	
1.855	2.14676 	-0.0851583 	-1.74535 	0.000602466 	-0.113282 	0.00211322 	
1.86	2.14767 	-0.0855267 	-1.74533 	0.000577527 	-0.113329 	0.00209875 	
1.865	2.14846 	-0.0858857 	-1.7452 	0.000552944 	-0.113371 	0.00208367 	
1.87	2.14911 	-0.0862045 	-1.74498 	0.000530765 	-0.113407 	0.00206944 	
1.875	2.14783 	-0.0856553 	-1.74729 	0.000586322 	-0.113444 	0.00209127 	
1.88	2.14872 	-0.0860175 	-1.74727 	0.000561752 	-0.11349 	0.00207697 	
1.885	2.14949 	-0.0863706 	-1.74714 	0.000537532 	-0.113532 	0.00206209 	
1.89	2.15013 	-0.0866842 	-1.74693 	0.000515677 	-0.113567 	0.00204806 	
1.895	2.14888 	-0.0861571 	-1.74918 	0.00056982 	-0.113603 	0.00206978 	
1.9	2.14974 	-0.0865127 	-1.74915 	0.000545644 	-0.113648 	0.00205568 	
1.905	2.1505 	-0.0868595 	-1.74903 	0.000521813 	-0.113688 	0.00204101 	
1.91	2.15112 	-0.0871676 	-1.74882 	0.000500305 	-0.113723 	0.0020272 	
1.915	2.14991 	-0.0866624 	-1.75101 	0.000552999 	-0.113758 	0.00204877 	
1.92	2.15075 	-0.0870112 	-1.75099 	0.000529243 	-0.113801 	0.00203486 	
1.925	2.15148 	-0.0873514 	-1.75086 	0.000505824 	-0.113841 	0.00202043 	
1.93	2.1521 	-0.0876538 	-1.75066 	0.000484684 	-0.113875 	0.00200685 	
1.935	2.15092 	-0.0871702 	-1.75279 	0.000535896 	-0.113909 	0.00202822 	
1.94	2.15173 	-0.0875118 	-1.75276 	0.000512583 	-0.113951 	0.00201454 	
1.945	2.15245 	-0.087845 	-1.75264 	0.0004896 	-0.11399 	0.00200036 	
1.95	2.15305 	-0.0881414 	-1.75245 	0.00046885 	-0.114023 	0.00198703 	
1.955	2.15361 	-0.088413 	-1.75225 	0.000449717 	-0.114054 	0.00197466 	
1.96	2.15206 	-0.0877678 	-1.75482 	0.000516027 	-0.114086 	0.00200415 	
1.965	2.15291 	-0.0881016 	-1.75485 	0.000493339 	-0.11413 	0.00199129 	
1.97	2.15363 	-0.0884304 	-1.75476 	0.000470695 	-0.114168 	0.00197748 	
1.975	2.15421 	-0.0887201 	-1.75457 	0.00045037 	-0.1142 	0.0019644 	
1.98	2.15475 	-0.0889857 	-1.75437 	0.000431629 	-0.11423 	0.00195226 	
1.985	2.15322 	-0.0883593 	-1.7569 	0.000496924 	-0.114262 	0.00198191 	
1.99	2.15404 	-0.0886864 	-1.75692 	0.000474659 	-0.114304 	0.00196925 	
1.995	2.15474 	-0.0890087 	-1.75683 	0.00045242 	-0.114341 	0.00195566 	
2	2.15531 	-0.0892929 	-1.75665 	0.000432459 	-0.114372 	0.00194281 	
2.005	2.15584 	-0.0895534 	-1.75646 	0.000414054 	-0.114401 	0.00193087 	
2.01	2.15436 	-0.0889626 	-1.75888 	0.000476701 	-0.114431 	0.00195981 	
2.015	2.15515 	-0.0892815 	-1.7589 	0.000454939 	-0.114472 	0.00194736 	
2.02	2.15582 	-0.0895959 	-1.75882 	0.00043321 	-0.114507 	0.00193405 	
2.025	2.15637 	-0.0898734 	-1.75864 	0.000413694 	-0.114537 	0.00192148 	
2.03	2.15666 	-0.0898202 	-1.75808 	0.00037301 	-0.114535 	0.00194688 	
2.035	2.15525 	-0.0892654 	-1.7604 	0.000432856 	-0.114564 	0.00197498 	
2.04	2.156 	-0.089575 	-1.76042 	0.000411684 	-0.114603 	0.00196279 	
2.045	2.15665 	-0.0898802 	-1.76033 	0.000390548 	-0.114637 	0.00194982 	
2.05	2.15717 	-0.0901499 	-1.76016 	0.000371554 	-0.114666 	0.00193758 	
2.055	2.15767 	-0.0903972 	-1.75998 	0.00035404 	-0.114693 	0.00192623 	
2.06	2.15633 	-0.0898776 	-1.76219 	0.00041102 	-0.114721 	0.00195341 	
2.065	2.15704 	-0.0901768 	-1.7622 	0.000390507 	-0.114758 	0.00194153 	
2.07	2.15766 	-0.0904719 	-1.76211 	0.000370034 	-0.114791 	0.00192894 	
2.075	2.15817 	-0.090733 	-1.76195 	0.000351624 	-0.114819 	0.00191709 	
2.08	2.15865 	-0.0909725 	-1.76178 	0.000334649 	-0.114845 	0.00190609 	
2.085	2.1591 	-0.0911918 	-1.76161 	0.000319003 	-0.11487 	0.00189589 	
2.09	2.15751 	-0.0905666 	-1.76412 	0.000386373 	-0.114896 	0.00192921 	
2.095	2.15823 	-0.0908544 	-1.76417 	0.00036672 	-0.114933 	0.00191816 	
2.1	2.15884 	-0.0911408 	-1.7641 	0.000346878 	-0.114965 	0.00190608 	
2.105	2.15932 	-0.0913923 	-1.76394 	0.000329126 	-0.114992 	0.00189464 	
2.11	2.15978 	-0.0916229 	-1.76379 	0.000312756 	-0.115017 	0.00188403 	
2.115	2.1602 	-0.0918342 	-1.76362 	0.000297667 	-0.11504 	0.00187419 	
2.12	2.15868 	-0.0912472 	-1.76601 	0.000361899 	-0.115065 	0.00190647 	
2.125	2.15936 	-0.0915233 	-1.76605 	0.000342997 	-0.1151 	0.00189577 	
2.13	2.15994 	-0.0917985 	-1.76599 	0.000323906 	-0.11513 	0.00188412 	
2.135	2.1604 	-0.0920404 	-1.76584 	0.000306815 	-0.115155 	0.00187311 	
2.14	2.16083 	-0.0922623 	-1.76569 	0.000291053 	-0.115179 	0.00186291 	
2.145	2.16124 	-0.0924657 	-1.76554 	0.000276524 	-0.115201 	0.00185343 	
2.15	2.15982 	-0.0919291 	-1.76776 	0.000336241 	-0.115225 	0.00188387 	
2.155	2.16045 	-0.0921919 	-1.76779 	0.000318207 	-0.115257 	0.00187355 	
2.16	2.161 	-0.0924538 	-1.76773 	0.000300003 	-0.115286 	0.00186241 	
2.165	2.16143 	-0.0926846 	-1.76759 	0.000283687 	-0.115309 	0.00185192 	
2.17	2.16184 	-0.0928963 	-1.76745 	0.00026864 	-0.115332 	0.00184218 	
2.175	2.16223 	-0.0930904 	-1.76731 	0.000254767 	-0.115353 	0.00183315 	
2.18	2.16259 	-0.0932682 	-1.76717 	0.000241983 	-0.115373 	0.00182478 	
2.185	2.16103 	-0.0926735 	-1.76954 	0.000307603 	-0.115394 	0.00185907 	
2.19	2.16164 	-0.0929207 	-1.7696 	0.000290681 	-0.115426 	0.00184961 	
2.195	2.16216 	-0.0931694 	-1.76955 	0.000273415 	-0.115453 	0.00183912 	
2.2	2.16257 	-0.0933873 	-1.76943 	0.000258001 	-0.115475 	0.00182922 	
2.205	2.16295 	-0.0935873 	-1.7693 	0.000243784 	-0.115496 	0.00182003 	
2.21	2.16331 	-0.0937707 	-1.76917 	0.000230675 	-0.115515 	0.0018115 	
2.215	2.16365 	-0.0939388 	-1.76904 	0.000218593 	-0.115534 	0.0018036 	
2.22	2.16396 	-0.0940927 	-1.76891 	0.00020746 	-0.115552 	0.00179626 	
2.225	2.16231 	-0.0934624 	-1.77136 	0.000276856 	-0.115571 	0.00183332 	
2.23	2.16289 	-0.0936928 	-1.77144 	0.000261127 	-0.1156 	0.00182469 	
2.235	2.16338 	-0.0939267 	-1.77141 	0.000244913 	-0.115626 	0.00181492 	
2.24	2.16376 	-0.0941306 	-1.7713 	0.000230488 	-0.115646 	0.00180566 	
2.245	2.16411 	-0.094318 	-1.77118 	0.00021718 	-0.115665 	0.00179707 	
2.25	2.16444 	-0.0944898 	-1.77106 	0.000204907 	-0.115683 	0.0017891 	
2.255	2.16475 	-0.0946475 	-1.77095 	0.00019359 	-0.1157 	0.00178171 	
2.26	2.16504 	-0.0947919 	-1.77083 	0.00018316 	-0.115716 	0.00177486 	
2.265	2.16531 	-0.0949241 	-1.77071 	0.00017355 	-0.115731 	0.00176851 	
2.27	2.16366 	-0.0942965 	-1.77312 	0.000242864 	-0.115748 	0.0018062 	
2.275	2.16419 	-0.0945068 	-1.77321 	0.000228529 	-0.115775 	0.00179841 	
2.28	2.16464 	-0.0947221 	-1.77319 	0.000213618 	-0.115798 	0.00178947 	
2.285	2.16497 	-0.0949095 	-1.7731 	0.000200383 	-0.115816 	0.00178099 	
2.29	2.16529 	-0.0950817 	-1.773 	0.000188167 	-0.115834 	0.00177313 	
2.295	2.16559 	-0.0952398 	-1.7729 	0.000176897 	-0.11585 	0.00176584 	
2.3	2.16587 	-0.095385 	-1.7728 	0.000166502 	-0.115865 	0.00175908 	
2.305	2.16613 	-0.0955181 	-1.7727 	0.000156916 	-0.11588 	0.00175281 	
2.31	2.16638 	-0.0956401 	-1.7726 	0.00014808 	-0.115893 	0.001747 	
2.315	2.16661 	-0.0957519 	-1.7725 	0.000139938 	-0.115906 	0.0017416 	
2.32	2.16506 	-0.0951697 	-1.77473 	0.00020464 	-0.11592 	0.00177733 	
2.325	2.16552 	-0.0953547 	-1.7748 	0.000192025 	-0.115943 	0.00177046 	
2.33	2.1659 	-0.0955458 	-1.77479 	0.000178804 	-0.115963 	0.00176253 	
2.335	2.16589 	-0.0952909 	-1.77421 	0.000136252 	-0.115937 	0.00180604 	
2.34	2.16617 	-0.0954439 	-1.77413 	0.000125421 	-0.115952 	0.00179911 	
2.345	2.16643 	-0.0955847 	-1.77405 	0.000115424 	-0.115966 	0.00179268 	
2.35	2.16667 	-0.095714 	-1.77397 	0.000106197 	-0.115979 	0.00178672 	
2.355	2.1669 	-0.0958327 	-1.77389 	9.76835e-05 	-0.115992 	0.00178119 	
2.36	2.16711 	-0.0959418 	-1.77381 	8.98301e-05 	-0.116003 	0.00177606 	
2.365	2.16731 	-0.0960418 	-1.77373 	8.25874e-05 	-0.116014 	0.0017713 	
2.37	2.1675 	-0.0961336 	-1.77365 	7.59094e-05 	-0.116025 	0.0017669 	
2.375	2.16767 	-0.0962176 	-1.77357 	6.97537e-05 	-0.116034 	0.00176281 	
2.38	2.16784 	-0.0962946 	-1.77349 	6.40809e-05 	-0.116043 	0.00175901 	
2.385	2.16799 	-0.0963651 	-1.77342 	5.88546e-05 	-0.116052 	0.0017555 	
2.39	2.16636 	-0.0957473 	-1.77568 	0.000126733 	-0.116063 	0.00179373 	
2.395	2.16675 	-0.0958985 	-1.77578 	0.000116534 	-0.116082 	0.00178844 	
2.4	2.16708 	-0.0960587 	-1.7758 	0.000105524 	-0.116099 	0.00178197 	
2.405	2.16732 	-0.0961971 	-1.77575 	9.58318e-05 	-0.116111 	0.00177584 	
2.41	2.16754 	-0.0963246 	-1.77569 	8.68746e-05 	-0.116123 	0.00177016 	
2.415	2.16774 	-0.0964421 	-1.77564 	7.85973e-05 	-0.116134 	0.0017649 	
2.42	2.16794 	-0.0965504 	-1.77559 	7.09489e-05 	-0.116144 	0.00176001 	
2.425	2.16812 	-0.0966501 	-1.77554 	6.3882e-05 	-0.116154 	0.00175549 	
2.43	2.16828 	-0.0967419 	-1.77549 	5.73521e-05 	-0.116163 	0.00175129 	
2.435	2.16844 	-0.0968265 	-1.77544 	5.13203e-05 	-0.116172 	0.0017474 	
2.44	2.16859 	-0.0969044 	-1.77539 	4.57478e-05 	-0.11618 	0.00174379 	
2.445	2.16872 	-0.0969761 	-1.77534 	4.05999e-05 	-0.116187 	0.00174045 	
2.45	2.16885 	-0.0970421 	-1.77529 	3.5845e-05 	-0.116194 	0.00173735 	
2.455	2.16897 	-0.0971028 	-1.77525 	3.1453e-05 	-0.116201 	0.00173448 	
2.46	2.16908 	-0.0971588 	-1.7752 	2.73963e-05 	-0.116207 	0.00173181 	
2.465	2.16919 	-0.0972102 	-1.77516 	2.36491e-05 	-0.116213 	0.00172934 	
2.47	2.16929 	-0.0972576 	-1.77512 	2.01876e-05 	-0.116218 	0.00172705 	
2.475	2.16938 	-0.0973013 	-1.77508 	1.69895e-05 	-0.116223 	0.00172493 	
2.48	2.16946 	-0.0973414 	-1.77504 	1.40345e-05 	-0.116228 	0.00172296 	
2.485	2.16954 	-0.0973785 	-1.775 	1.13036e-05 	-0.116232 	0.00172113 	
2.49	2.16961 	-0.0974126 	-1.77497 	8.7791e-06 	-0.116236 	0.00171944 	
2.495	2.16968 	-0.0974441 	-1.77493 	6.44474e-06 	-0.11624 	0.00171787 	
2.5	2.16975 	-0.0974732 	-1.7749 	4.2854e-06 	-0.116244 	0.00171642 	
2.505	2.16981 	-0.0975 	-1.77487 	2.28667e-06 	-0.116247 	0.00171507 	
2.51	2.16986 	-0.0975247 	-1.77484 	4.48956e-07 	-0.11625 	0.00171383 	
2.515	2.16991 	-0.0975466 	-1.77482 	-1.20452e-06 	-0.116253 	0.0017127 	
2.52	2.16996 	-0.0975666 	-1.77479 	-2.71559e-06 	-0.116255 	0.00171166 	
2.525	2.17001 	-0.097585 	-1.77477 	-4.11114e-06 	-0.116258 	0.0017107 	
2.53	2.17005 	-0.0976019 	-1.77475 	-5.39511e-06 	-0.11626 	0.00170981 	
2.535	2.17009 	-0.0976172 	-1.77473 	-6.5639e-06 	-0.116262 	0.00170899 	
2.54	2.17013 	-0.0976309 	-1.77471 	-7.61983e-06 	-0.116265 	0.00170825 	
2.545	2.17016 	-0.0976432 	-1.77469 	-8.5705e-06 	-0.116266 	0.00170758 	
2.55	2.1702 	-0.097654 	-1.77468 	-9.41832e-06 	-0.116268 	0.00170697 	
2.555	2.17023 	-0.0976634 	-1.77466 	-1.01656e-05 	-0.11627 	0.00170642 	
2.56	2.17027 	-0.0976713 	-1.77465 	-1.08145e-05 	-0.116272 	0.00170593 	
2.565	2.1703 	-0.0976779 	-1.77464 	-1.13669e-05 	-0.116273 	0.0017055 	
2.57	2.17033 	-0.0976831 	-1.77463 	-1.18248e-05 	-0.116275 	0.00170512 	
2.575	2.17036 	-0.0976869 	-1.77462 	-1.21899e-05 	-0.116276 	0.0017048 	
2.58	2.1704 	-0.0976893 	-1.77462 	-1.24637e-05 	-0.116278 	0.00170453 	
2.585	2.17043 	-0.0976904 	-1.77461 	-1.26477e-05 	-0.116279 	0.00170431 	
2.59	2.17046 	-0.0976902 	-1.7746 	-1.27433e-05 	-0.116281 	0.00170414 	
2.595	2.1705 	-0.0976886 	-1.7746 	-1.27518e-05 	-0.116282 	0.00170402 	
2.6	2.17053 	-0.0976858 	-1.7746 	-1.26744e-05 	-0.116283 	0.00170394 	
2.605	2.17057 	-0.0976816 	-1.77459 	-1.25121e-05 	-0.116285 	0.00170391 	
2.61	2.1706 	-0.0976762 	-1.77459 	-1.22661e-05 	-0.116286 	0.00170393 	
2.615	2.17064 	-0.0976694 	-1.77459 	-1.19372e-05 	-0.116288 	0.00170399 	
2.62	2.17068 	-0.0976614 	-1.77459 	-1.15264e-05 	-0.116289 	0.00170409 	
2.625	2.17072 	-0.0976521 	-1.77459 	-1.10346e-05 	-0.11629 	0.00170423 	
2.63	2.17076 	-0.0976415 	-1.77459 	-1.04624e-05 	-0.116292 	0.00170442 	
2.635	2.1708 	-0.0976297 	-1.7746 	-9.81068e-06 	-0.116293 	0.00170464 	
2.64	2.17085 	-0.0976166 	-1.7746 	-9.07794e-06 	-0.116295 	0.00170491 	
2.645	2.17089 	-0.0976022 	-1.7746 	-8.26136e-06 	-0.116296 	0.00170522 	
2.65	2.17094 	-0.0975866 	-1.77461 	-7.36887e-06 	-0.116298 	0.00170556 	
2.655	2.17099 	-0.0975696 	-1.77462 	-6.39579e-06 	-0.116299 	0.00170595 	
2.66	2.17104 	-0.0975514 	-1.77462 	-5.34255e-06 	-0.116301 	0.00170637 	
2.665	2.1711 	-0.0975319 	-1.77463 	-4.21401e-06 	-0.116303 	0.00170683 	
2.67	2.17115 	-0.0975113 	-1.77464 	-3.01035e-06 	-0.116305 	0.00170733 	
2.675	2.17158 	-0.098004 	-1.77527 	3.588e-05 	-0.116358 	0.00164556 	
2.68	2.17164 	-0.0979814 	-1.77528 	3.72053e-05 	-0.11636 	0.00164612 	
2.685	2.1717 	-0.0979593 	-1.77529 	3.85112e-05 	-0.116361 	0.00164667 	
2.69	2.17177 	-0.0979364 	-1.7753 	3.9863e-05 	-0.116363 	0.00164725 	
2.695	2.17183 	-0.097912 	-1.77531 	4.13089e-05 	-0.116365 	0.00164787 	
2.7	2.1719 	-0.0978862 	-1.77532 	4.28371e-05 	-0.116367 	0.00164853 	
2.705	2.17197 	-0.0978591 	-1.77534 	4.44464e-05 	-0.116369 	0.00164923 	
2.71	2.17204 	-0.0978307 	-1.77535 	4.6136e-05 	-0.116372 	0.00164996 	
2.715	2.17211 	-0.0978009 	-1.77537 	4.79049e-05 	-0.116374 	0.00165073 	
2.72	2.17219 	-0.0977699 	-1.77538 	4.97523e-05 	-0.116376 	0.00165154 	
2.725	2.17226 	-0.0977376 	-1.7754 	5.16774e-05 	-0.116378 	0.00165238 	
2.73	2.17234 	-0.0977039 	-1.77541 	5.36795e-05 	-0.116381 	0.00165326 	
2.735	2.17243 	-0.0976691 	-1.77543 	5.57578e-05 	-0.116383 	0.00165417 	
2.74	2.17251 	-0.0976329 	-1.77544 	5.79118e-05 	-0.116386 	0.00165512 	
2.745	2.1726 	-0.0975956 	-1.77546 	6.01407e-05 	-0.116388 	0.0016561 	
2.75	2.17269 	-0.0975569 	-1.77548 	6.2444e-05 	-0.116391 	0.00165711 	
2.755	2.17278 	-0.0975171 	-1.7755 	6.48212e-05 	-0.116394 	0.00165816 	
2.76	2.17288 	-0.097476 	-1.77552 	6.72716e-05 	-0.116396 	0.00165924 	
2.765	2.17297 	-0.0974338 	-1.77554 	6.97948e-05 	-0.116399 	0.00166035 	
2.77	2.17307 	-0.0973903 	-1.77556 	7.23903e-05 	-0.116402 	0.0016615 	
2.775	2.17533 	-0.0968708 	-1.77299 	0.000122773 	-0.116404 	0.00169191 	
2.78	2.17541 	-0.0968944 	-1.77309 	0.0001211 	-0.116405 	0.00168972 	
2.785	2.17539 	-0.0969191 	-1.77313 	0.000119231 	-0.116403 	0.00168776 	
2.79	2.17534 	-0.0969265 	-1.77313 	0.00011845 	-0.116399 	0.00168669 	
2.795	2.1753 	-0.0969286 	-1.77313 	0.000118006 	-0.116396 	0.00168583 	
2.8	2.17528 	-0.0969257 	-1.77314 	0.000117879 	-0.116394 	0.00168516 	
2.805	2.17527 	-0.0969183 	-1.77314 	0.000118051 	-0.116392 	0.00168467 	
2.81	2.17527 	-0.0969064 	-1.77315 	0.000118504 	-0.116391 	0.00168434 	
2.815	2.17528 	-0.0968905 	-1.77316 	0.000119223 	-0.11639 	0.00168417 	
2.82	2.1753 	-0.0968706 	-1.77318 	0.000120193 	-0.116389 	0.00168415 	
2.825	2.17534 	-0.096847 	-1.77319 	0.0001214 	-0.116389 	0.00168427 	
2.83	2.17538 	-0.0968199 	-1.7732 	0.000122832 	-0.116389 	0.00168451 	
2.835	2.17543 	-0.0967895 	-1.77322 	0.000124476 	-0.116389 	0.00168488 	
2.84	2.17548 	-0.0967559 	-1.77324 	0.000126322 	-0.11639 	0.00168537 	
2.845	2.17555 	-0.0967193 	-1.77326 	0.000128359 	-0.116391 	0.00168597 	
2.85	2.17802 	-0.0966373 	-1.77038 	0.00013303 	-0.116392 	0.00168964 	
2.855	2.17809 	-0.096618 	-1.77049 	0.000134348 	-0.116392 	0.00168986 	
2.86	2.17803 	-0.096583 	-1.77052 	0.000136401 	-0.116387 	0.00169032 	
2.865	2.17794 	-0.0965355 	-1.77051 	0.000139104 	-0.116381 	0.00169104 	
2.87	2.17787 	-0.0964855 	-1.7705 	0.000141957 	-0.116376 	0.00169187 	
2.875	2.17782 	-0.0964334 	-1.77049 	0.000144954 	-0.116372 	0.00169279 	
2.88	2.17779 	-0.0963791 	-1.77049 	0.000148088 	-0.116368 	0.00169381 	
2.885	2.17777 	-0.0963227 	-1.77049 	0.000151353 	-0.116365 	0.00169491 	
2.89	2.17777 	-0.0962643 	-1.77049 	0.000154744 	-0.116363 	0.00169609 	
2.895	2.17778 	-0.096204 	-1.7705 	0.000158257 	-0.116361 	0.00169735 	
2.9	2.1778 	-0.0961418 	-1.77051 	0.000161887 	-0.11636 	0.00169869 	
2.905	2.17784 	-0.0960779 	-1.77052 	0.000165629 	-0.116359 	0.00170009 	
2.91	2.18021 	-0.0960127 	-1.76771 	0.000167523 	-0.116359 	0.001702 	
2.915	2.18026 	-0.0959633 	-1.76781 	0.000170726 	-0.116357 	0.00170326 	
2.92	2.18019 	-0.0958983 	-1.76783 	0.000174662 	-0.11635 	0.0017047 	
2.925	2.18009 	-0.0958224 	-1.76781 	0.000179139 	-0.116344 	0.0017063 	
2.93	2.18001 	-0.0957454 	-1.7678 	0.000183686 	-0.116338 	0.00170796 	
2.935	2.17996 	-0.0956673 	-1.76779 	0.000188303 	-0.116333 	0.00170968 	
2.94	2.17992 	-0.095588 	-1.76779 	0.000192988 	-0.116328 	0.00171145 	
2.945	2.1799 	-0.0955077 	-1.76779 	0.000197739 	-0.116325 	0.00171328 	
2.95	2.1799 	-0.0954263 	-1.76779 	0.000202558 	-0.116322 	0.00171516 	
2.955	2.17992 	-0.0953439 	-1.7678 	0.000207442 	-0.11632 	0.00171708 	
2.96	2.17995 	-0.0952604 	-1.76781 	0.00021239 	-0.116318 	0.00171906 	
2.965	2.18239 	-0.0951811 	-1.7649 	0.000214883 	-0.116317 	0.00172132 	
2.97	2.18244 	-0.0951148 	-1.76501 	0.000219155 	-0.116315 	0.00172311 	
2.975	2.18236 	-0.0950325 	-1.76503 	0.000224171 	-0.116308 	0.00172506 	
2.98	2.18226 	-0.0949389 	-1.76501 	0.000229729 	-0.116301 	0.00172716 	
2.985	2.18218 	-0.0948448 	-1.765 	0.00023532 	-0.116294 	0.0017293 	
2.99	2.18212 	-0.0947501 	-1.76499 	0.000240946 	-0.116289 	0.00173149 	
2.995	2.18209 	-0.0946549 	-1.76499 	0.000246608 	-0.116284 	0.00173371 	
3	2.18207 	-0.094559 	-1.76499 	0.000252307 	-0.11628 	0.00173597 	
3.005	2.18207 	-0.0944625 	-1.76499 	0.000258045 	-0.116277 	0.00173827 	
3.01	2.18209 	-0.0943653 	-1.765 	0.000263822 	-0.116275 	0.00174061 	
3.015	2.18453 	-0.0942734 	-1.76208 	0.000267028 	-0.116273 	0.00174327 	
3.02	2.18457 	-0.0941949 	-1.76219 	0.00027204 	-0.116271 	0.00174539 	
3.025	2.18449 	-0.0941004 	-1.76221 	0.000277788 	-0.116263 	0.00174766 	
3.03	2.18439 	-0.0939947 	-1.76219 	0.000284076 	-0.116255 	0.00175008 	
3.035	2.18431 	-0.0938887 	-1.76218 	0.00029038 	-0.116248 	0.00175253 	
3.04	2.18413 	-0.093625 	-1.76199 	0.000285065 	-0.116227 	0.00177399 	
3.045	2.1841 	-0.0935183 	-1.76198 	0.000291415 	-0.116222 	0.00177651 	
3.05	2.18409 	-0.0934106 	-1.76199 	0.000297815 	-0.116218 	0.00177908 	
3.055	2.18409 	-0.0933024 	-1.76199 	0.000304247 	-0.116214 	0.00178168 	
3.06	2.18645 	-0.0931998 	-1.75915 	0.000308099 	-0.116212 	0.00178465 	
3.065	2.18648 	-0.0931105 	-1.75925 	0.000313732 	-0.116208 	0.00178702 	
3.07	2.1864 	-0.0930061 	-1.75927 	0.000320062 	-0.116201 	0.00178954 	
3.075	2.18629 	-0.0928909 	-1.75925 	0.000326913 	-0.116192 	0.00179219 	
3.08	2.18621 	-0.0927756 	-1.75924 	0.000333767 	-0.116185 	0.00179487 	
3.085	2.18616 	-0.0926602 	-1.75924 	0.000340628 	-0.116179 	0.00179758 	
3.09	2.18613 	-0.0925446 	-1.75924 	0.000347498 	-0.116174 	0.00180032 	
3.095	2.18612 	-0.0924288 	-1.75924 	0.000354379 	-0.11617 	0.00180309 	
3.1	2.18613 	-0.0923128 	-1.75925 	0.000361274 	-0.116167 	0.00180589 	
3.105	2.18861 	-0.092203 	-1.75626 	0.000365394 	-0.116164 	0.00180914 	
3.11	2.18867 	-0.0921084 	-1.75638 	0.000371376 	-0.116161 	0.00181167 	
3.115	2.18859 	-0.0919974 	-1.75641 	0.000378106 	-0.116153 	0.00181435 	
3.12	2.18848 	-0.0918746 	-1.75639 	0.000385403 	-0.116144 	0.00181717 	
3.125	2.1884 	-0.0917518 	-1.75638 	0.000392696 	-0.116137 	0.00182003 	
3.13	2.18834 	-0.091629 	-1.75638 	0.000399989 	-0.11613 	0.00182291 	
3.135	2.18831 	-0.0915061 	-1.75638 	0.000407286 	-0.116125 	0.00182583 	
3.14	2.18831 	-0.0913831 	-1.75639 	0.000414587 	-0.116121 	0.00182877 	
3.145	2.19063 	-0.091266 	-1.75356 	0.000419235 	-0.116117 	0.00183221 	
3.15	2.19066 	-0.0911632 	-1.75366 	0.000425659 	-0.116113 	0.0018349 	
3.155	2.19058 	-0.0910455 	-1.75368 	0.000432768 	-0.116105 	0.00183772 	
3.16	2.19047 	-0.0909167 	-1.75367 	0.000440406 	-0.116096 	0.00184068 	
3.165	2.19039 	-0.0907882 	-1.75367 	0.000448036 	-0.116088 	0.00184367 	
3.17	2.19034 	-0.0906596 	-1.75367 	0.000455662 	-0.116082 	0.00184668 	
3.175	2.19031 	-0.0905311 	-1.75367 	0.000463287 	-0.116076 	0.00184973 	
3.18	2.19031 	-0.0904025 	-1.75368 	0.000470914 	-0.116072 	0.0018528 	
3.185	2.19271 	-0.0902803 	-1.75076 	0.000475753 	-0.116069 	0.00185646 	
3.19	2.19276 	-0.0901735 	-1.75088 	0.000482425 	-0.116065 	0.00185925 	
3.195	2.19267 	-0.0900511 	-1.7509 	0.000489811 	-0.116056 	0.00186218 	
3.2	2.19256 	-0.0899171 	-1.75089 	0.000497753 	-0.116047 	0.00186525 	
3.205	2.19249 	-0.0897833 	-1.75089 	0.000505683 	-0.116039 	0.00186835 	
3.21	2.19244 	-0.0896495 	-1.75089 	0.000513606 	-0.116032 	0.00187149 	
3.215	2.19241 	-0.0895159 	-1.7509 	0.000521524 	-0.116027 	0.00187465 	
3.22	2.19241 	-0.0893823 	-1.75091 	0.000529439 	-0.116023 	0.00187783 	
3.225	2.1949 	-0.0892556 	-1.74789 	0.000534419 	-0.116019 	0.0018817 	
3.23	2.19495 	-0.0891456 	-1.74802 	0.000541296 	-0.116015 	0.00188457 	
3.235	2.19487 	-0.0890191 	-1.74805 	0.00054892 	-0.116006 	0.00188758 	
3.24	2.19476 	-0.0888803 	-1.74804 	0.00055713 	-0.115997 	0.00189076 	
3.245	2.19468 	-0.0887418 	-1.74804 	0.000565326 	-0.115989 	0.00189396 	
3.25	2.19463 	-0.0886035 	-1.74805 	0.00057351 	-0.115982 	0.00189719 	
3.255	2.19461 	-0.0884653 	-1.74806 	0.000581685 	-0.115976 	0.00190044 	
3.26	2.19685 	-0.0883333 	-1.74529 	0.000587157 	-0.115972 	0.0019044 	
3.265	2.19687 	-0.088216 	-1.74539 	0.000594393 	-0.115966 	0.00190737 	
3.27	2.19678 	-0.0880846 	-1.74542 	0.000602275 	-0.115957 	0.00191047 	
3.275	2.19668 	-0.0879424 	-1.74542 	0.000610678 	-0.115948 	0.00191371 	
3.28	2.1966 	-0.0878006 	-1.74542 	0.000619064 	-0.11594 	0.00191698 	
3.285	2.19656 	-0.0876589 	-1.74543 	0.000627436 	-0.115933 	0.00192028 	
3.29	2.19654 	-0.0875174 	-1.74544 	0.000635797 	-0.115927 	0.00192361 	
3.295	2.19881 	-0.0873823 	-1.74264 	0.000641384 	-0.115923 	0.00192771 	
3.3	2.19883 	-0.0872625 	-1.74275 	0.000648769 	-0.115917 	0.00193073 	
3.305	2.19875 	-0.0871283 	-1.74279 	0.000656805 	-0.115908 	0.00193389 	
3.31	2.19864 	-0.0869832 	-1.74279 	0.000665372 	-0.115899 	0.00193719 	
3.315	2.19857 	-0.0868385 	-1.74279 	0.000673921 	-0.115891 	0.00194052 	
3.32	2.19853 	-0.0866939 	-1.7428 	0.000682453 	-0.115884 	0.00194388 	
3.325	2.19851 	-0.0865496 	-1.74282 	0.000690972 	-0.115878 	0.00194726 	
3.33	2.20083 	-0.086412 	-1.73997 	0.000696626 	-0.115873 	0.0019515 	
3.335	2.20086 	-0.0862902 	-1.74009 	0.000704122 	-0.115868 	0.00195457 	
3.34	2.19834 	-0.0853123 	-1.73622 	0.000659282 	-0.115679 	0.00193049 	
3.345	1.90375 	0.0244916 	-1.09566 	-0.0116161 	-0.0893225 	0.00237312 	
3.35	1.06319 	0.33824 	0.744637 	-0.0470994 	-0.0137809 	0.00391659 	
3.355	0.847908 	0.416779 	1.20443 	-0.0559126 	0.00507183 	0.0042039 	
3.36	0.0518387 	0.70891 	2.91596 	-0.0887763 	0.075211 	0.00534082 	
3.365	-0.299481 	0.791821 	3.32662 	-0.0935159 	0.0972046 	0.000836758 	
3.37	-1.62968 	1.14578 	5.19489 	-0.120261 	0.189104 	-0.0114569 	
3.375	-1.25717 	1.05212 	4.75769 	-0.11562 	0.165684 	-0.00623371 	
3.38	-0.774316 	0.960125 	4.45758 	-0.117617 	0.142316 	0.0049131 	
3.385	-0.669011 	0.875782 	4.48103 	-0.109418 	0.139473 	0.0067791 	
3.39	-0.796345 	0.78161 	5.45648 	-0.102768 	0.168913 	0.0126607 	
3.395	-0.655962 	0.666002 	5.34597 	-0.0891797 	0.16146 	0.0128965 	
3.4	-0.726335 	0.462248 	6.11136 	-0.0649389 	0.183364 	0.0145254 	
3.405	-0.697828 	0.412676 	5.9444 	-0.0553707 	0.178078 	0.0114102 	
3.41	-0.770836 	0.256118 	6.40571 	-0.0316231 	0.192469 	0.00881763 	
3.415	-0.912838 	0.23225 	6.71745 	-0.0284048 	0.205474 	0.00813273 	
3.42	-1.45864 	0.398071 	7.75816 	-0.0483446 	0.250542 	0.00865735 	
3.425	-1.51456 	0.424615 	7.96192 	-0.0498386 	0.257967 	0.00631851 	
3.43	-2.15531 	0.360911 	8.96262 	-0.0311108 	0.305574 	-0.0108228 	
3.435	-1.90258 	0.250963 	8.73424 	-0.0179614 	0.291182 	-0.0123794 	
3.44	-1.82176 	0.165985 	8.78407 	-0.00607337 	0.289839 	-0.0117445 	
3.445	-1.68177 	0.169004 	8.71925 	-0.0116531 	0.28379 	-0.0063602 	
3.45	-1.62704 	0.185637 	8.98579 	-0.0187029 	0.289163 	-0.000118453 	
3.455	-1.52609 	0.195564 	9.0817 	-0.0281585 	0.288739 	0.00709842 	
3.46	-1.59634 	0.0208889 	9.40824 	-0.00654621 	0.299874 	0.00604377 	
3.465	-1.66956 	-0.0989314 	9.59882 	0.0072579 	0.307537 	0.00586062 	
