0	0.310328 	-0.173748 	0.536979 	0.177997 	-1.45289 	-0.245221 	
0.005	0.310328 	-0.173748 	0.536979 	0.177997 	-1.45289 	-0.245221 	
0.01	0.310328 	-0.173748 	0.536979 	0.177997 	-1.45289 	-0.245221 	
0.015	0.310329 	-0.173748 	0.536979 	0.177997 	-1.45289 	-0.245221 	
0.02	0.310331 	-0.173748 	0.536979 	0.177997 	-1.45289 	-0.245221 	
0.025	0.310332 	-0.173748 	0.536979 	0.177997 	-1.45289 	-0.245221 	
0.03	0.310335 	-0.173748 	0.53698 	0.177997 	-1.45289 	-0.245221 	
0.035	0.310338 	-0.173748 	0.53698 	0.177997 	-1.45289 	-0.245221 	
0.04	0.310341 	-0.173748 	0.536981 	0.177997 	-1.45289 	-0.245221 	
0.045	0.310345 	-0.173749 	0.536982 	0.177997 	-1.45289 	-0.245221 	
0.05	0.31035 	-0.173749 	0.536983 	0.177997 	-1.45289 	-0.245221 	
0.055	0.310355 	-0.173749 	0.536983 	0.177997 	-1.45289 	-0.245221 	
0.06	0.31036 	-0.173749 	0.536985 	0.177997 	-1.45289 	-0.245221 	
0.065	0.310367 	-0.173749 	0.536986 	0.177997 	-1.45289 	-0.245221 	
0.07	0.310373 	-0.173749 	0.536987 	0.177997 	-1.45289 	-0.245221 	
0.075	0.31038 	-0.173749 	0.536988 	0.177997 	-1.45289 	-0.245221 	
0.08	0.310388 	-0.173749 	0.53699 	0.177997 	-1.45289 	-0.245221 	
0.085	0.310397 	-0.17375 	0.536991 	0.177997 	-1.45289 	-0.245221 	
0.09	0.310406 	-0.17375 	0.536993 	0.177997 	-1.45289 	-0.245221 	
0.095	0.310415 	-0.17375 	0.536995 	0.177997 	-1.45289 	-0.245221 	
0.1	0.310426 	-0.17375 	0.536997 	0.177997 	-1.45289 	-0.245221 	
0.105	0.310436 	-0.17375 	0.536999 	0.177997 	-1.45289 	-0.245221 	
0.11	0.310447 	-0.17375 	0.537001 	0.177997 	-1.45289 	-0.245221 	
0.115	0.310459 	-0.173751 	0.537003 	0.177997 	-1.45289 	-0.245221 	
0.12	0.310471 	-0.173751 	0.537005 	0.177997 	-1.45289 	-0.245221 	
0.125	0.310484 	-0.173751 	0.537007 	0.177997 	-1.45289 	-0.245221 	
0.13	0.310497 	-0.173751 	0.53701 	0.177997 	-1.45289 	-0.245221 	
0.135	0.310511 	-0.173752 	0.537012 	0.177997 	-1.45289 	-0.245221 	
0.14	0.310525 	-0.173752 	0.537015 	0.177997 	-1.45289 	-0.245221 	
0.145	0.31054 	-0.173752 	0.537018 	0.177997 	-1.45289 	-0.245221 	
0.15	0.310555 	-0.173752 	0.537021 	0.177997 	-1.45289 	-0.245221 	
0.155	0.310571 	-0.173753 	0.537023 	0.177997 	-1.45289 	-0.245221 	
0.16	0.310587 	-0.173753 	0.537027 	0.177997 	-1.45289 	-0.245221 	
0.165	0.310542 	-0.173738 	0.537011 	0.176391 	-1.45177 	-0.243008 	
0.17	0.31056 	-0.173739 	0.537014 	0.176391 	-1.45177 	-0.243008 	
0.175	0.310578 	-0.173739 	0.537017 	0.176391 	-1.45177 	-0.243008 	
0.18	0.310596 	-0.173739 	0.537021 	0.176391 	-1.45177 	-0.243008 	
0.185	0.310615 	-0.17374 	0.537024 	0.176391 	-1.45177 	-0.243008 	
0.19	0.310635 	-0.17374 	0.537028 	0.176391 	-1.45177 	-0.243008 	
0.195	0.310655 	-0.17374 	0.537032 	0.176391 	-1.45177 	-0.243008 	
0.2	0.310676 	-0.173741 	0.537036 	0.176391 	-1.45177 	-0.243008 	
0.205	0.310697 	-0.173741 	0.53704 	0.176391 	-1.45177 	-0.243008 	
0.21	0.310719 	-0.173741 	0.537044 	0.176391 	-1.45177 	-0.243008 	
0.215	0.310741 	-0.173742 	0.537048 	0.176391 	-1.45177 	-0.243008 	
0.22	0.310763 	-0.173742 	0.537052 	0.176391 	-1.45177 	-0.243008 	
0.225	0.310726 	-0.173728 	0.537038 	0.174808 	-1.45066 	-0.240828 	
0.23	0.310749 	-0.173728 	0.537042 	0.174808 	-1.45066 	-0.240828 	
0.235	0.310774 	-0.173729 	0.537047 	0.174808 	-1.45066 	-0.240828 	
0.24	0.310799 	-0.173729 	0.537051 	0.174808 	-1.45066 	-0.240828 	
0.245	0.310824 	-0.17373 	0.537056 	0.174808 	-1.45066 	-0.240828 	
0.25	0.31085 	-0.17373 	0.537061 	0.174808 	-1.45066 	-0.240828 	
0.255	0.310876 	-0.173731 	0.537065 	0.174808 	-1.45066 	-0.240828 	
0.26	0.310903 	-0.173731 	0.53707 	0.174808 	-1.45066 	-0.240828 	
0.265	0.31093 	-0.173731 	0.537076 	0.174808 	-1.45066 	-0.240828 	
0.27	0.310958 	-0.173732 	0.537081 	0.174808 	-1.45066 	-0.240828 	
0.275	0.310922 	-0.173717 	0.537066 	0.173131 	-1.44948 	-0.238517 	
0.28	0.310951 	-0.173718 	0.537072 	0.173131 	-1.44948 	-0.238517 	
0.285	0.31098 	-0.173718 	0.537077 	0.173131 	-1.44948 	-0.238517 	
0.29	0.31101 	-0.173719 	0.537083 	0.173131 	-1.44948 	-0.238517 	
0.295	0.311041 	-0.173719 	0.537088 	0.173131 	-1.44948 	-0.238517 	
0.3	0.311072 	-0.17372 	0.537094 	0.173131 	-1.44948 	-0.238517 	
0.305	0.311103 	-0.17372 	0.5371 	0.173131 	-1.44948 	-0.238517 	
0.31	0.311135 	-0.17372 	0.537106 	0.173131 	-1.44948 	-0.238517 	
0.315	0.311106 	-0.173707 	0.537093 	0.171534 	-1.44836 	-0.236317 	
0.32	0.311139 	-0.173707 	0.537099 	0.171534 	-1.44836 	-0.236317 	
0.325	0.311173 	-0.173708 	0.537106 	0.171534 	-1.44836 	-0.236317 	
0.33	0.311207 	-0.173708 	0.537112 	0.171534 	-1.44836 	-0.236317 	
0.335	0.311241 	-0.173709 	0.537118 	0.171534 	-1.44836 	-0.236317 	
0.34	0.311276 	-0.173709 	0.537125 	0.171534 	-1.44836 	-0.236317 	
0.345	0.311312 	-0.17371 	0.537131 	0.171534 	-1.44836 	-0.236317 	
0.35	0.311347 	-0.17371 	0.537138 	0.171534 	-1.44836 	-0.236317 	
0.355	0.311315 	-0.173695 	0.537124 	0.169759 	-1.44712 	-0.233871 	
0.36	0.311352 	-0.173696 	0.537131 	0.169759 	-1.44712 	-0.233871 	
0.365	0.31139 	-0.173696 	0.537138 	0.169759 	-1.44712 	-0.233871 	
0.37	0.311428 	-0.173697 	0.537145 	0.169759 	-1.44712 	-0.233871 	
0.375	0.311466 	-0.173697 	0.537152 	0.169759 	-1.44712 	-0.233871 	
0.38	0.311505 	-0.173698 	0.537159 	0.169759 	-1.44712 	-0.233871 	
0.385	0.311544 	-0.173698 	0.537166 	0.169759 	-1.44712 	-0.233871 	
0.39	0.311517 	-0.173684 	0.537153 	0.168018 	-1.4459 	-0.231473 	
0.395	0.311557 	-0.173685 	0.537161 	0.168018 	-1.4459 	-0.231473 	
0.4	0.311598 	-0.173685 	0.537168 	0.168018 	-1.4459 	-0.231473 	
0.405	0.311639 	-0.173686 	0.537176 	0.168018 	-1.4459 	-0.231473 	
0.41	0.311681 	-0.173686 	0.537184 	0.168018 	-1.4459 	-0.231473 	
0.415	0.311724 	-0.173687 	0.537191 	0.168018 	-1.4459 	-0.231473 	
0.42	0.311703 	-0.173674 	0.537181 	0.166395 	-1.44476 	-0.229236 	
0.425	0.311747 	-0.173674 	0.537189 	0.166395 	-1.44476 	-0.229236 	
0.43	0.31179 	-0.173675 	0.537197 	0.166395 	-1.44476 	-0.229236 	
0.435	0.311834 	-0.173675 	0.537205 	0.166395 	-1.44476 	-0.229236 	
0.44	0.311879 	-0.173676 	0.537213 	0.166395 	-1.44476 	-0.229236 	
0.445	0.311924 	-0.173676 	0.537221 	0.166395 	-1.44476 	-0.229236 	
0.45	0.311903 	-0.173663 	0.53721 	0.164685 	-1.44356 	-0.226881 	
0.455	0.311949 	-0.173663 	0.537218 	0.164685 	-1.44356 	-0.226881 	
0.46	0.311996 	-0.173664 	0.537227 	0.164685 	-1.44356 	-0.226881 	
0.465	0.312043 	-0.173664 	0.537235 	0.164685 	-1.44356 	-0.226881 	
0.47	0.31209 	-0.173664 	0.537244 	0.164685 	-1.44356 	-0.226881 	
0.475	0.312138 	-0.173665 	0.537253 	0.164685 	-1.44356 	-0.226881 	
0.48	0.312116 	-0.173651 	0.537241 	0.162871 	-1.44229 	-0.224381 	
0.485	0.312165 	-0.173651 	0.53725 	0.162871 	-1.44229 	-0.224381 	
0.49	0.312214 	-0.173652 	0.537259 	0.162871 	-1.44229 	-0.224381 	
0.495	0.312264 	-0.173652 	0.537268 	0.162871 	-1.44229 	-0.224381 	
0.5	0.312314 	-0.173653 	0.537277 	0.162871 	-1.44229 	-0.224381 	
0.505	0.312301 	-0.17364 	0.537268 	0.161248 	-1.44115 	-0.222145 	
0.51	0.312352 	-0.173641 	0.537277 	0.161248 	-1.44115 	-0.222145 	
0.515	0.312403 	-0.173641 	0.537287 	0.161248 	-1.44115 	-0.222145 	
0.52	0.312455 	-0.173642 	0.537296 	0.161248 	-1.44115 	-0.222145 	
0.525	0.312508 	-0.173642 	0.537306 	0.161248 	-1.44115 	-0.222145 	
0.53	0.312496 	-0.17363 	0.537296 	0.15958 	-1.43998 	-0.219848 	
0.535	0.312549 	-0.17363 	0.537306 	0.15958 	-1.43998 	-0.219848 	
0.54	0.312602 	-0.17363 	0.537316 	0.15958 	-1.43998 	-0.219848 	
0.545	0.312656 	-0.173631 	0.537326 	0.15958 	-1.43998 	-0.219848 	
0.55	0.312711 	-0.173631 	0.537336 	0.15958 	-1.43998 	-0.219848 	
0.555	0.312698 	-0.173618 	0.537326 	0.157846 	-1.43876 	-0.217459 	
0.56	0.312753 	-0.173619 	0.537336 	0.157846 	-1.43876 	-0.217459 	
0.565	0.312809 	-0.173619 	0.537346 	0.157846 	-1.43876 	-0.217459 	
0.57	0.312865 	-0.173619 	0.537356 	0.157846 	-1.43876 	-0.217459 	
0.575	0.312922 	-0.17362 	0.537367 	0.157846 	-1.43876 	-0.217459 	
0.58	0.312908 	-0.173607 	0.537357 	0.156045 	-1.4375 	-0.214977 	
0.585	0.312966 	-0.173607 	0.537367 	0.156045 	-1.4375 	-0.214977 	
0.59	0.313024 	-0.173607 	0.537378 	0.156045 	-1.4375 	-0.214977 	
0.595	0.313082 	-0.173607 	0.537388 	0.156045 	-1.4375 	-0.214977 	
0.6	0.31314 	-0.173608 	0.537399 	0.156045 	-1.4375 	-0.214977 	
0.605	0.313126 	-0.173595 	0.537389 	0.154177 	-1.43619 	-0.212404 	
0.61	0.313186 	-0.173595 	0.537399 	0.154177 	-1.43619 	-0.212404 	
0.615	0.313246 	-0.173595 	0.53741 	0.154177 	-1.43619 	-0.212404 	
0.62	0.313306 	-0.173595 	0.537421 	0.154177 	-1.43619 	-0.212404 	
0.625	0.313305 	-0.173584 	0.537415 	0.152599 	-1.43509 	-0.21023 	
0.63	0.313366 	-0.173585 	0.537426 	0.152599 	-1.43509 	-0.21023 	
0.635	0.313427 	-0.173585 	0.537437 	0.152599 	-1.43509 	-0.21023 	
0.64	0.313489 	-0.173585 	0.537448 	0.152599 	-1.43509 	-0.21023 	
0.645	0.313489 	-0.173574 	0.537441 	0.151013 	-1.43397 	-0.208046 	
0.65	0.313551 	-0.173574 	0.537453 	0.151013 	-1.43397 	-0.208046 	
0.655	0.313614 	-0.173574 	0.537464 	0.151013 	-1.43397 	-0.208046 	
0.66	0.313677 	-0.173574 	0.537476 	0.151013 	-1.43397 	-0.208046 	
0.665	0.313678 	-0.173564 	0.537469 	0.149393 	-1.43284 	-0.205813 	
0.67	0.313742 	-0.173564 	0.537481 	0.149393 	-1.43284 	-0.205813 	
0.675	0.313806 	-0.173564 	0.537492 	0.149393 	-1.43284 	-0.205813 	
0.68	0.313871 	-0.173564 	0.537504 	0.149393 	-1.43284 	-0.205813 	
0.685	0.313871 	-0.173553 	0.537497 	0.147734 	-1.43168 	-0.203528 	
0.69	0.313936 	-0.173553 	0.537509 	0.147734 	-1.43168 	-0.203528 	
0.695	0.314002 	-0.173553 	0.537521 	0.147734 	-1.43168 	-0.203528 	
0.7	0.314068 	-0.173553 	0.537533 	0.147734 	-1.43168 	-0.203528 	
0.705	0.314069 	-0.173542 	0.537526 	0.146039 	-1.43049 	-0.201193 	
0.71	0.314135 	-0.173542 	0.537538 	0.146039 	-1.43049 	-0.201193 	
0.715	0.314203 	-0.173542 	0.53755 	0.146039 	-1.43049 	-0.201193 	
0.72	0.31427 	-0.173541 	0.537563 	0.146039 	-1.43049 	-0.201193 	
0.725	0.31427 	-0.173531 	0.537556 	0.144308 	-1.42927 	-0.198808 	
0.73	0.314338 	-0.173531 	0.537568 	0.144308 	-1.42927 	-0.198808 	
0.735	0.314407 	-0.17353 	0.53758 	0.144308 	-1.42927 	-0.198808 	
0.74	0.314476 	-0.17353 	0.537593 	0.144308 	-1.42927 	-0.198808 	
0.745	0.314476 	-0.173519 	0.537586 	0.142542 	-1.42804 	-0.196375 	
0.75	0.314545 	-0.173519 	0.537598 	0.142542 	-1.42804 	-0.196375 	
0.755	0.314615 	-0.173519 	0.537611 	0.142542 	-1.42804 	-0.196375 	
0.76	0.314686 	-0.173518 	0.537623 	0.142542 	-1.42804 	-0.196375 	
0.765	0.314685 	-0.173508 	0.537616 	0.140742 	-1.42677 	-0.193896 	
0.77	0.314756 	-0.173507 	0.537629 	0.140742 	-1.42677 	-0.193896 	
0.775	0.314827 	-0.173507 	0.537642 	0.140742 	-1.42677 	-0.193896 	
0.78	0.314899 	-0.173506 	0.537655 	0.140742 	-1.42677 	-0.193896 	
0.785	0.314899 	-0.173496 	0.537648 	0.13891 	-1.42549 	-0.191372 	
0.79	0.314971 	-0.173495 	0.537661 	0.13891 	-1.42549 	-0.191372 	
0.795	0.315043 	-0.173495 	0.537673 	0.13891 	-1.42549 	-0.191372 	
0.8	0.315116 	-0.173494 	0.537686 	0.13891 	-1.42549 	-0.191372 	
0.805	0.315116 	-0.173484 	0.537679 	0.137047 	-1.42418 	-0.188804 	
0.81	0.315189 	-0.173483 	0.537692 	0.137047 	-1.42418 	-0.188804 	
0.815	0.315263 	-0.173483 	0.537706 	0.137047 	-1.42418 	-0.188804 	
0.82	0.315337 	-0.173482 	0.537719 	0.137047 	-1.42418 	-0.188804 	
0.825	0.315336 	-0.173472 	0.537712 	0.135153 	-1.42285 	-0.186195 	
0.83	0.315411 	-0.173471 	0.537725 	0.135153 	-1.42285 	-0.186195 	
0.835	0.315485 	-0.17347 	0.537738 	0.135153 	-1.42285 	-0.186195 	
0.84	0.31556 	-0.173469 	0.537752 	0.135153 	-1.42285 	-0.186195 	
0.845	0.31556 	-0.173459 	0.537744 	0.13323 	-1.42151 	-0.183546 	
0.85	0.315636 	-0.173458 	0.537758 	0.13323 	-1.42151 	-0.183546 	
0.855	0.315711 	-0.173457 	0.537771 	0.13323 	-1.42151 	-0.183546 	
0.86	0.315788 	-0.173457 	0.537785 	0.13323 	-1.42151 	-0.183546 	
0.865	0.315787 	-0.173446 	0.537778 	0.131279 	-1.42014 	-0.180859 	
0.87	0.315864 	-0.173445 	0.537791 	0.131279 	-1.42014 	-0.180859 	
0.875	0.315941 	-0.173445 	0.537805 	0.131279 	-1.42014 	-0.180859 	
0.88	0.316018 	-0.173444 	0.537818 	0.131279 	-1.42014 	-0.180859 	
0.885	0.316017 	-0.173434 	0.537811 	0.129302 	-1.41875 	-0.178135 	
0.89	0.316095 	-0.173433 	0.537825 	0.129302 	-1.41875 	-0.178135 	
0.895	0.316173 	-0.173431 	0.537839 	0.129302 	-1.41875 	-0.178135 	
0.9	0.316251 	-0.17343 	0.537853 	0.129302 	-1.41875 	-0.178135 	
0.905	0.31625 	-0.173421 	0.537845 	0.1273 	-1.41735 	-0.175376 	
0.91	0.316329 	-0.173419 	0.537859 	0.1273 	-1.41735 	-0.175376 	
0.915	0.316408 	-0.173418 	0.537873 	0.1273 	-1.41735 	-0.175376 	
0.92	0.316425 	-0.173411 	0.53787 	0.12573 	-1.41625 	-0.173214 	
0.925	0.316504 	-0.173409 	0.537884 	0.12573 	-1.41625 	-0.173214 	
0.93	0.316584 	-0.173408 	0.537899 	0.12573 	-1.41625 	-0.173214 	
0.935	0.316663 	-0.173407 	0.537913 	0.12573 	-1.41625 	-0.173214 	
0.94	0.316664 	-0.173398 	0.537906 	0.123733 	-1.41485 	-0.170462 	
0.945	0.316745 	-0.173396 	0.53792 	0.123733 	-1.41485 	-0.170462 	
0.95	0.316825 	-0.173395 	0.537934 	0.123733 	-1.41485 	-0.170462 	
0.955	0.316843 	-0.173387 	0.537932 	0.122137 	-1.41373 	-0.168264 	
0.96	0.316923 	-0.173386 	0.537946 	0.122137 	-1.41373 	-0.168264 	
0.965	0.317004 	-0.173384 	0.53796 	0.122137 	-1.41373 	-0.168264 	
0.97	0.317024 	-0.173377 	0.537958 	0.120573 	-1.41263 	-0.166109 	
0.975	0.317105 	-0.173376 	0.537972 	0.120573 	-1.41263 	-0.166109 	
0.98	0.317187 	-0.173374 	0.537987 	0.120573 	-1.41263 	-0.166109 	
0.985	0.317206 	-0.173367 	0.537985 	0.119002 	-1.41153 	-0.163945 	
0.99	0.317288 	-0.173365 	0.537999 	0.119002 	-1.41153 	-0.163945 	
0.995	0.31737 	-0.173364 	0.538013 	0.119002 	-1.41153 	-0.163945 	
1	0.31739 	-0.173357 	0.538012 	0.11742 	-1.41042 	-0.161766 	
1.005	0.317473 	-0.173355 	0.538026 	0.11742 	-1.41042 	-0.161766 	
1.01	0.317555 	-0.173353 	0.53804 	0.11742 	-1.41042 	-0.161766 	
1.015	0.317575 	-0.173347 	0.538039 	0.115829 	-1.40931 	-0.159573 	
1.02	0.317658 	-0.173345 	0.538053 	0.115829 	-1.40931 	-0.159573 	
1.025	0.317741 	-0.173343 	0.538068 	0.115829 	-1.40931 	-0.159573 	
1.03	0.317761 	-0.173336 	0.538066 	0.114228 	-1.40818 	-0.157368 	
1.035	0.317845 	-0.173334 	0.53808 	0.114228 	-1.40818 	-0.157368 	
1.04	0.317928 	-0.173332 	0.538095 	0.114228 	-1.40818 	-0.157368 	
1.045	0.317948 	-0.173326 	0.538093 	0.112618 	-1.40706 	-0.15515 	
1.05	0.318032 	-0.173324 	0.538108 	0.112618 	-1.40706 	-0.15515 	
1.055	0.318116 	-0.173322 	0.538122 	0.112618 	-1.40706 	-0.15515 	
1.06	0.318136 	-0.173315 	0.538121 	0.111 	-1.40592 	-0.152921 	
1.065	0.318221 	-0.173313 	0.538135 	0.111 	-1.40592 	-0.152921 	
1.07	0.318305 	-0.173311 	0.53815 	0.111 	-1.40592 	-0.152921 	
1.075	0.318325 	-0.173305 	0.538148 	0.109374 	-1.40478 	-0.15068 	
1.08	0.31841 	-0.173303 	0.538163 	0.109374 	-1.40478 	-0.15068 	
1.085	0.318495 	-0.1733 	0.538178 	0.109374 	-1.40478 	-0.15068 	
1.09	0.318515 	-0.173294 	0.538176 	0.107741 	-1.40364 	-0.14843 	
1.095	0.3186 	-0.173292 	0.538191 	0.107741 	-1.40364 	-0.14843 	
1.1	0.318686 	-0.173289 	0.538206 	0.107741 	-1.40364 	-0.14843 	
1.105	0.318706 	-0.173284 	0.538204 	0.106101 	-1.40249 	-0.146171 	
1.11	0.318791 	-0.173281 	0.538219 	0.106101 	-1.40249 	-0.146171 	
1.115	0.318877 	-0.173279 	0.538233 	0.106101 	-1.40249 	-0.146171 	
1.12	0.318897 	-0.173273 	0.538232 	0.104455 	-1.40133 	-0.143904 	
1.125	0.318983 	-0.17327 	0.538247 	0.104455 	-1.40133 	-0.143904 	
1.13	0.319069 	-0.173268 	0.538261 	0.104455 	-1.40133 	-0.143904 	
1.135	0.319089 	-0.173262 	0.53826 	0.102803 	-1.40017 	-0.141629 	
1.14	0.319175 	-0.17326 	0.538275 	0.102803 	-1.40017 	-0.141629 	
1.145	0.319261 	-0.173257 	0.53829 	0.102803 	-1.40017 	-0.141629 	
1.15	0.319281 	-0.173252 	0.538288 	0.101147 	-1.39901 	-0.139347 	
1.155	0.319368 	-0.173249 	0.538303 	0.101147 	-1.39901 	-0.139347 	
1.16	0.319454 	-0.173246 	0.538318 	0.101147 	-1.39901 	-0.139347 	
1.165	0.319474 	-0.173241 	0.538316 	0.0994866 	-1.39785 	-0.137059 	
1.17	0.319561 	-0.173238 	0.538331 	0.0994866 	-1.39785 	-0.137059 	
1.175	0.319647 	-0.173235 	0.538346 	0.0994866 	-1.39785 	-0.137059 	
1.18	0.319668 	-0.17323 	0.538344 	0.0978224 	-1.39668 	-0.134766 	
1.185	0.319754 	-0.173227 	0.538359 	0.0978224 	-1.39668 	-0.134766 	
1.19	0.319841 	-0.173224 	0.538374 	0.0978224 	-1.39668 	-0.134766 	
1.195	0.319861 	-0.173219 	0.538373 	0.096155 	-1.39551 	-0.132469 	
1.2	0.319948 	-0.173216 	0.538388 	0.096155 	-1.39551 	-0.132469 	
1.205	0.320035 	-0.173213 	0.538402 	0.096155 	-1.39551 	-0.132469 	
1.21	0.320055 	-0.173208 	0.538401 	0.094485 	-1.39434 	-0.130169 	
1.215	0.320142 	-0.173205 	0.538416 	0.094485 	-1.39434 	-0.130169 	
1.22	0.320229 	-0.173202 	0.538431 	0.094485 	-1.39434 	-0.130169 	
1.225	0.320249 	-0.173198 	0.538429 	0.0928131 	-1.39317 	-0.127865 	
1.23	0.320336 	-0.173194 	0.538444 	0.0928131 	-1.39317 	-0.127865 	
1.235	0.320423 	-0.173191 	0.538459 	0.0928131 	-1.39317 	-0.127865 	
1.24	0.320444 	-0.173187 	0.538458 	0.0911399 	-1.392 	-0.12556 	
1.245	0.320531 	-0.173183 	0.538473 	0.0911399 	-1.392 	-0.12556 	
1.25	0.320618 	-0.17318 	0.538488 	0.0911399 	-1.392 	-0.12556 	
1.255	0.320638 	-0.173176 	0.538486 	0.0894659 	-1.39082 	-0.123254 	
1.26	0.320725 	-0.173172 	0.538501 	0.0894659 	-1.39082 	-0.123254 	
1.265	0.320812 	-0.173169 	0.538516 	0.0894659 	-1.39082 	-0.123254 	
1.27	0.320833 	-0.173165 	0.538515 	0.0877918 	-1.38965 	-0.120948 	
1.275	0.32092 	-0.173162 	0.538529 	0.0877918 	-1.38965 	-0.120948 	
1.28	0.321007 	-0.173158 	0.538544 	0.0877918 	-1.38965 	-0.120948 	
1.285	0.321027 	-0.173154 	0.538543 	0.0861181 	-1.38848 	-0.118642 	
1.29	0.321114 	-0.173151 	0.538558 	0.0861181 	-1.38848 	-0.118642 	
1.295	0.321201 	-0.173147 	0.538573 	0.0861181 	-1.38848 	-0.118642 	
1.3	0.321221 	-0.173143 	0.538571 	0.0844453 	-1.3873 	-0.116337 	
1.305	0.321308 	-0.17314 	0.538586 	0.0844453 	-1.3873 	-0.116337 	
1.31	0.321395 	-0.173136 	0.538601 	0.0844453 	-1.3873 	-0.116337 	
1.315	0.321415 	-0.173133 	0.5386 	0.0827742 	-1.38613 	-0.114035 	
1.32	0.321502 	-0.173129 	0.538614 	0.0827742 	-1.38613 	-0.114035 	
1.325	0.321589 	-0.173125 	0.538629 	0.0827742 	-1.38613 	-0.114035 	
1.33	0.321609 	-0.173122 	0.538628 	0.0811054 	-1.38496 	-0.111736 	
1.335	0.321696 	-0.173118 	0.538643 	0.0811054 	-1.38496 	-0.111736 	
1.34	0.321782 	-0.173114 	0.538657 	0.0811054 	-1.38496 	-0.111736 	
1.345	0.321803 	-0.173111 	0.538656 	0.0794392 	-1.38379 	-0.109441 	
1.35	0.321889 	-0.173107 	0.538671 	0.0794392 	-1.38379 	-0.109441 	
1.355	0.321976 	-0.173103 	0.538686 	0.0794392 	-1.38379 	-0.109441 	
1.36	0.321996 	-0.1731 	0.538685 	0.0777765 	-1.38263 	-0.10715 	
1.365	0.322082 	-0.173096 	0.538699 	0.0777765 	-1.38263 	-0.10715 	
1.37	0.322168 	-0.173092 	0.538714 	0.0777765 	-1.38263 	-0.10715 	
1.375	0.322188 	-0.17309 	0.538713 	0.0761178 	-1.38146 	-0.104865 	
1.38	0.322274 	-0.173085 	0.538727 	0.0761178 	-1.38146 	-0.104865 	
1.385	0.32236 	-0.173081 	0.538742 	0.0761178 	-1.38146 	-0.104865 	
1.39	0.32238 	-0.173079 	0.538741 	0.0744636 	-1.3803 	-0.102586 	
1.395	0.322466 	-0.173075 	0.538755 	0.0744636 	-1.3803 	-0.102586 	
1.4	0.322552 	-0.17307 	0.53877 	0.0744636 	-1.3803 	-0.102586 	
1.405	0.322572 	-0.173068 	0.538769 	0.0728145 	-1.37915 	-0.100314 	
1.41	0.322657 	-0.173064 	0.538783 	0.0728145 	-1.37915 	-0.100314 	
1.415	0.322743 	-0.173059 	0.538797 	0.0728145 	-1.37915 	-0.100314 	
1.42	0.322762 	-0.173058 	0.538797 	0.0711712 	-1.378 	-0.09805 	
1.425	0.322848 	-0.173053 	0.538811 	0.0711712 	-1.378 	-0.09805 	
1.43	0.322933 	-0.173049 	0.538825 	0.0711712 	-1.378 	-0.09805 	
1.435	0.322952 	-0.173047 	0.538824 	0.0695342 	-1.37685 	-0.0957947 	
1.44	0.323037 	-0.173042 	0.538839 	0.0695342 	-1.37685 	-0.0957947 	
1.445	0.323122 	-0.173038 	0.538853 	0.0695342 	-1.37685 	-0.0957947 	
1.45	0.323142 	-0.173037 	0.538852 	0.0679041 	-1.37571 	-0.0935489 	
1.455	0.323226 	-0.173032 	0.538866 	0.0679041 	-1.37571 	-0.0935489 	
1.46	0.32331 	-0.173027 	0.53888 	0.0679041 	-1.37571 	-0.0935489 	
1.465	0.32333 	-0.173026 	0.53888 	0.0662814 	-1.37457 	-0.0913134 	
1.47	0.323414 	-0.173021 	0.538894 	0.0662814 	-1.37457 	-0.0913134 	
1.475	0.323498 	-0.173017 	0.538908 	0.0662814 	-1.37457 	-0.0913134 	
1.48	0.323517 	-0.173016 	0.538907 	0.0646668 	-1.37344 	-0.089089 	
1.485	0.323601 	-0.173011 	0.538921 	0.0646668 	-1.37344 	-0.089089 	
1.49	0.323684 	-0.173006 	0.538935 	0.0646668 	-1.37344 	-0.089089 	
1.495	0.323704 	-0.173005 	0.538934 	0.0630607 	-1.37231 	-0.0868765 	
1.5	0.323787 	-0.173 	0.538948 	0.0630607 	-1.37231 	-0.0868765 	
1.505	0.32387 	-0.172996 	0.538962 	0.0630607 	-1.37231 	-0.0868765 	
1.51	0.323889 	-0.172995 	0.538961 	0.0614639 	-1.37119 	-0.0846766 	
1.515	0.323972 	-0.17299 	0.538975 	0.0614639 	-1.37119 	-0.0846766 	
1.52	0.324054 	-0.172985 	0.538989 	0.0614639 	-1.37119 	-0.0846766 	
1.525	0.324073 	-0.172985 	0.538988 	0.0598768 	-1.37008 	-0.0824901 	
1.53	0.324155 	-0.17298 	0.539002 	0.0598768 	-1.37008 	-0.0824901 	
1.535	0.324237 	-0.172975 	0.539015 	0.0598768 	-1.37008 	-0.0824901 	
1.54	0.324256 	-0.172974 	0.539015 	0.0583 	-1.36897 	-0.0803178 	
1.545	0.324338 	-0.172969 	0.539028 	0.0583 	-1.36897 	-0.0803178 	
1.55	0.324419 	-0.172964 	0.539042 	0.0583 	-1.36897 	-0.0803178 	
1.555	0.324438 	-0.172964 	0.539041 	0.0567341 	-1.36787 	-0.0781605 	
1.56	0.324519 	-0.172959 	0.539055 	0.0567341 	-1.36787 	-0.0781605 	
1.565	0.324599 	-0.172954 	0.539068 	0.0567341 	-1.36787 	-0.0781605 	
1.57	0.324618 	-0.172954 	0.539068 	0.0551796 	-1.36679 	-0.0760189 	
1.575	0.324698 	-0.172949 	0.539081 	0.0551796 	-1.36679 	-0.0760189 	
1.58	0.324779 	-0.172944 	0.539094 	0.0551796 	-1.36679 	-0.0760189 	
1.585	0.324797 	-0.172944 	0.539094 	0.053637 	-1.3657 	-0.0738938 	
1.59	0.324877 	-0.172939 	0.539107 	0.053637 	-1.3657 	-0.0738938 	
1.595	0.324956 	-0.172934 	0.53912 	0.053637 	-1.3657 	-0.0738938 	
1.6	0.324974 	-0.172934 	0.53912 	0.052107 	-1.36463 	-0.0717859 	
1.605	0.325054 	-0.172929 	0.539133 	0.052107 	-1.36463 	-0.0717859 	
1.61	0.325132 	-0.172924 	0.539146 	0.052107 	-1.36463 	-0.0717859 	
1.615	0.325211 	-0.172919 	0.539159 	0.052107 	-1.36463 	-0.0717859 	
1.62	0.325211 	-0.172921 	0.539154 	0.0501393 	-1.36325 	-0.0690749 	
1.625	0.325289 	-0.172916 	0.539167 	0.0501393 	-1.36325 	-0.0690749 	
1.63	0.325367 	-0.172911 	0.53918 	0.0501393 	-1.36325 	-0.0690749 	
1.635	0.325383 	-0.172912 	0.539179 	0.0485939 	-1.36217 	-0.066946 	
1.64	0.32546 	-0.172906 	0.539192 	0.0485939 	-1.36217 	-0.066946 	
1.645	0.325537 	-0.172901 	0.539205 	0.0485939 	-1.36217 	-0.066946 	
1.65	0.325614 	-0.172896 	0.539217 	0.0485939 	-1.36217 	-0.066946 	
1.655	0.325614 	-0.172899 	0.539213 	0.046664 	-1.36081 	-0.0642872 	
1.66	0.32569 	-0.172893 	0.539226 	0.046664 	-1.36081 	-0.0642872 	
1.665	0.325766 	-0.172888 	0.539238 	0.046664 	-1.36081 	-0.0642872 	
1.67	0.325842 	-0.172883 	0.539251 	0.046664 	-1.36081 	-0.0642872 	
1.675	0.32584 	-0.172886 	0.539246 	0.0447188 	-1.35945 	-0.0616072 	
1.68	0.325915 	-0.172881 	0.539259 	0.0447188 	-1.35945 	-0.0616072 	
1.685	0.32599 	-0.172875 	0.539271 	0.0447188 	-1.35945 	-0.0616072 	
1.69	0.326065 	-0.17287 	0.539283 	0.0447188 	-1.35945 	-0.0616072 	
1.695	0.326063 	-0.172874 	0.539279 	0.042797 	-1.3581 	-0.0589597 	
1.7	0.326137 	-0.172868 	0.539291 	0.042797 	-1.3581 	-0.0589597 	
1.705	0.326211 	-0.172863 	0.539303 	0.042797 	-1.3581 	-0.0589597 	
1.71	0.326284 	-0.172858 	0.539315 	0.042797 	-1.3581 	-0.0589597 	
1.715	0.326282 	-0.172861 	0.539311 	0.0409039 	-1.35678 	-0.0563517 	
1.72	0.326355 	-0.172856 	0.539323 	0.0409039 	-1.35678 	-0.0563517 	
1.725	0.326428 	-0.172851 	0.539335 	0.0409039 	-1.35678 	-0.0563517 	
1.73	0.3265 	-0.172845 	0.539346 	0.0409039 	-1.35678 	-0.0563517 	
1.735	0.326498 	-0.172849 	0.539342 	0.039041 	-1.35547 	-0.0537852 	
1.74	0.32657 	-0.172844 	0.539354 	0.039041 	-1.35547 	-0.0537852 	
1.745	0.326641 	-0.172839 	0.539366 	0.039041 	-1.35547 	-0.0537852 	
1.75	0.326712 	-0.172833 	0.539377 	0.039041 	-1.35547 	-0.0537852 	
1.755	0.32671 	-0.172838 	0.539373 	0.0372095 	-1.35419 	-0.0512621 	
1.76	0.32678 	-0.172832 	0.539385 	0.0372095 	-1.35419 	-0.0512621 	
1.765	0.326851 	-0.172827 	0.539396 	0.0372095 	-1.35419 	-0.0512621 	
1.77	0.32692 	-0.172822 	0.539407 	0.0372095 	-1.35419 	-0.0512621 	
1.775	0.326918 	-0.172826 	0.539404 	0.0354107 	-1.35292 	-0.0487838 	
1.78	0.326987 	-0.172821 	0.539415 	0.0354107 	-1.35292 	-0.0487838 	
1.785	0.327056 	-0.172815 	0.539426 	0.0354107 	-1.35292 	-0.0487838 	
1.79	0.327125 	-0.17281 	0.539437 	0.0354107 	-1.35292 	-0.0487838 	
1.795	0.327123 	-0.172815 	0.539434 	0.0336455 	-1.35169 	-0.046352 	
1.8	0.327191 	-0.172809 	0.539445 	0.0336455 	-1.35169 	-0.046352 	
1.805	0.327258 	-0.172804 	0.539456 	0.0336455 	-1.35169 	-0.046352 	
1.81	0.327325 	-0.172799 	0.539466 	0.0336455 	-1.35169 	-0.046352 	
1.815	0.327323 	-0.172804 	0.539463 	0.0319151 	-1.35047 	-0.0439681 	
1.82	0.32739 	-0.172798 	0.539474 	0.0319151 	-1.35047 	-0.0439681 	
1.825	0.327456 	-0.172793 	0.539484 	0.0319151 	-1.35047 	-0.0439681 	
1.83	0.327521 	-0.172788 	0.539495 	0.0319151 	-1.35047 	-0.0439681 	
1.835	0.327519 	-0.172793 	0.539492 	0.0302207 	-1.34929 	-0.0416338 	
1.84	0.327584 	-0.172787 	0.539502 	0.0302207 	-1.34929 	-0.0416338 	
1.845	0.327649 	-0.172782 	0.539512 	0.0302207 	-1.34929 	-0.0416338 	
1.85	0.327713 	-0.172777 	0.539523 	0.0302207 	-1.34929 	-0.0416338 	
1.855	0.327711 	-0.172782 	0.53952 	0.0285632 	-1.34812 	-0.0393503 	
1.86	0.327775 	-0.172777 	0.53953 	0.0285632 	-1.34812 	-0.0393503 	
1.865	0.327838 	-0.172772 	0.53954 	0.0285632 	-1.34812 	-0.0393503 	
1.87	0.3279 	-0.172766 	0.53955 	0.0285632 	-1.34812 	-0.0393503 	
1.875	0.327899 	-0.172772 	0.539547 	0.0269437 	-1.34699 	-0.0371193 	
1.88	0.327961 	-0.172766 	0.539557 	0.0269437 	-1.34699 	-0.0371193 	
1.885	0.328022 	-0.172761 	0.539567 	0.0269437 	-1.34699 	-0.0371193 	
1.89	0.328083 	-0.172756 	0.539577 	0.0269437 	-1.34699 	-0.0371193 	
1.895	0.328081 	-0.172761 	0.539574 	0.0253633 	-1.34588 	-0.034942 	
1.9	0.328142 	-0.172756 	0.539583 	0.0253633 	-1.34588 	-0.034942 	
1.905	0.328202 	-0.172751 	0.539593 	0.0253633 	-1.34588 	-0.034942 	
1.91	0.328261 	-0.172746 	0.539603 	0.0253633 	-1.34588 	-0.034942 	
1.915	0.32826 	-0.172751 	0.5396 	0.0238229 	-1.3448 	-0.0328199 	
1.92	0.328318 	-0.172746 	0.539609 	0.0238229 	-1.3448 	-0.0328199 	
1.925	0.328377 	-0.172741 	0.539619 	0.0238229 	-1.3448 	-0.0328199 	
1.93	0.328435 	-0.172736 	0.539628 	0.0238229 	-1.3448 	-0.0328199 	
1.935	0.328492 	-0.172732 	0.539637 	0.0238229 	-1.3448 	-0.0328199 	
1.94	0.328477 	-0.172739 	0.539632 	0.021994 	-1.34352 	-0.0303002 	
1.945	0.328534 	-0.172734 	0.539641 	0.021994 	-1.34352 	-0.0303002 	
1.95	0.32859 	-0.172729 	0.53965 	0.021994 	-1.34352 	-0.0303002 	
1.955	0.328646 	-0.172725 	0.539659 	0.021994 	-1.34352 	-0.0303002 	
1.96	0.328702 	-0.17272 	0.539667 	0.021994 	-1.34352 	-0.0303002 	
1.965	0.328686 	-0.172728 	0.539662 	0.0201948 	-1.34226 	-0.0278215 	
1.97	0.32874 	-0.172723 	0.539671 	0.0201948 	-1.34226 	-0.0278215 	
1.975	0.328794 	-0.172718 	0.539679 	0.0201948 	-1.34226 	-0.0278215 	
1.98	0.328848 	-0.172713 	0.539688 	0.0201948 	-1.34226 	-0.0278215 	
1.985	0.328902 	-0.172709 	0.539696 	0.0201948 	-1.34226 	-0.0278215 	
1.99	0.328886 	-0.172716 	0.539691 	0.0184596 	-1.34104 	-0.0254309 	
1.995	0.328939 	-0.172712 	0.5397 	0.0184596 	-1.34104 	-0.0254309 	
2	0.328991 	-0.172707 	0.539708 	0.0184596 	-1.34104 	-0.0254309 	
2.005	0.329042 	-0.172703 	0.539716 	0.0184596 	-1.34104 	-0.0254309 	
2.01	0.329093 	-0.172698 	0.539724 	0.0184596 	-1.34104 	-0.0254309 	
2.015	0.329078 	-0.172706 	0.539719 	0.0167933 	-1.33987 	-0.0231353 	
2.02	0.329129 	-0.172701 	0.539727 	0.0167933 	-1.33987 	-0.0231353 	
2.025	0.329179 	-0.172697 	0.539735 	0.0167933 	-1.33987 	-0.0231353 	
2.03	0.329228 	-0.172692 	0.539743 	0.0167933 	-1.33987 	-0.0231353 	
2.035	0.329277 	-0.172688 	0.539751 	0.0167933 	-1.33987 	-0.0231353 	
2.04	0.329262 	-0.172696 	0.539746 	0.0151979 	-1.33875 	-0.0209375 	
2.045	0.32931 	-0.172691 	0.539754 	0.0151979 	-1.33875 	-0.0209375 	
2.05	0.329358 	-0.172687 	0.539761 	0.0151979 	-1.33875 	-0.0209375 	
2.055	0.329405 	-0.172683 	0.539769 	0.0151979 	-1.33875 	-0.0209375 	
2.06	0.329452 	-0.172678 	0.539776 	0.0151979 	-1.33875 	-0.0209375 	
2.065	0.329438 	-0.172686 	0.539772 	0.0136751 	-1.33769 	-0.0188396 	
2.07	0.329484 	-0.172682 	0.539779 	0.0136751 	-1.33769 	-0.0188396 	
2.075	0.329529 	-0.172677 	0.539786 	0.0136751 	-1.33769 	-0.0188396 	
2.08	0.329574 	-0.172673 	0.539793 	0.0136751 	-1.33769 	-0.0188396 	
2.085	0.329618 	-0.172669 	0.5398 	0.0136751 	-1.33769 	-0.0188396 	
2.09	0.329662 	-0.172665 	0.539807 	0.0136751 	-1.33769 	-0.0188396 	
2.095	0.329638 	-0.172675 	0.539801 	0.0119758 	-1.33649 	-0.0164985 	
2.1	0.329681 	-0.172671 	0.539808 	0.0119758 	-1.33649 	-0.0164985 	
2.105	0.329724 	-0.172667 	0.539815 	0.0119758 	-1.33649 	-0.0164985 	
2.11	0.329766 	-0.172663 	0.539821 	0.0119758 	-1.33649 	-0.0164985 	
2.115	0.329807 	-0.172659 	0.539828 	0.0119758 	-1.33649 	-0.0164985 	
2.12	0.329848 	-0.172655 	0.539834 	0.0119758 	-1.33649 	-0.0164985 	
2.125	0.329825 	-0.172664 	0.539829 	0.0103566 	-1.33536 	-0.0142678 	
2.13	0.329865 	-0.17266 	0.539835 	0.0103566 	-1.33536 	-0.0142678 	
2.135	0.329905 	-0.172657 	0.539841 	0.0103566 	-1.33536 	-0.0142678 	
2.14	0.329944 	-0.172653 	0.539847 	0.0103566 	-1.33536 	-0.0142678 	
2.145	0.329983 	-0.172649 	0.539853 	0.0103566 	-1.33536 	-0.0142678 	
2.15	0.330021 	-0.172646 	0.539859 	0.0103566 	-1.33536 	-0.0142678 	
2.155	0.329999 	-0.172655 	0.539854 	0.00884574 	-1.3343 	-0.0121863 	
2.16	0.330036 	-0.172651 	0.53986 	0.00884574 	-1.3343 	-0.0121863 	
2.165	0.330072 	-0.172648 	0.539866 	0.00884574 	-1.3343 	-0.0121863 	
2.17	0.330109 	-0.172644 	0.539871 	0.00884574 	-1.3343 	-0.0121863 	
2.175	0.330144 	-0.172641 	0.539877 	0.00884574 	-1.3343 	-0.0121863 	
2.18	0.330179 	-0.172637 	0.539882 	0.00884574 	-1.3343 	-0.0121863 	
2.185	0.330214 	-0.172634 	0.539888 	0.00884574 	-1.3343 	-0.0121863 	
2.19	0.330185 	-0.172644 	0.539881 	0.00725086 	-1.33318 	-0.00998909 	
2.195	0.330219 	-0.172641 	0.539887 	0.00725086 	-1.33318 	-0.00998909 	
2.2	0.330252 	-0.172638 	0.539892 	0.00725086 	-1.33318 	-0.00998909 	
2.205	0.330285 	-0.172635 	0.539897 	0.00725086 	-1.33318 	-0.00998909 	
2.21	0.330317 	-0.172631 	0.539902 	0.00725086 	-1.33318 	-0.00998909 	
2.215	0.330349 	-0.172628 	0.539907 	0.00725086 	-1.33318 	-0.00998909 	
2.22	0.33038 	-0.172625 	0.539912 	0.00725086 	-1.33318 	-0.00998909 	
2.225	0.33041 	-0.172622 	0.539916 	0.00725086 	-1.33318 	-0.00998909 	
2.23	0.330376 	-0.172633 	0.539909 	0.00561526 	-1.33204 	-0.00773577 	
2.235	0.330406 	-0.172631 	0.539914 	0.00561526 	-1.33204 	-0.00773577 	
2.24	0.330435 	-0.172628 	0.539918 	0.00561526 	-1.33204 	-0.00773577 	
2.245	0.330463 	-0.172625 	0.539923 	0.00561526 	-1.33204 	-0.00773577 	
2.25	0.330491 	-0.172622 	0.539927 	0.00561526 	-1.33204 	-0.00773577 	
2.255	0.330519 	-0.172619 	0.539931 	0.00561526 	-1.33204 	-0.00773577 	
2.26	0.330546 	-0.172617 	0.539936 	0.00561526 	-1.33204 	-0.00773577 	
2.265	0.330573 	-0.172614 	0.53994 	0.00561526 	-1.33204 	-0.00773577 	
2.27	0.330599 	-0.172612 	0.539944 	0.00561526 	-1.33204 	-0.00773577 	
2.275	0.330561 	-0.172623 	0.539936 	0.00401722 	-1.33091 	-0.00553421 	
2.28	0.330586 	-0.172621 	0.53994 	0.00401722 	-1.33091 	-0.00553421 	
2.285	0.33061 	-0.172618 	0.539944 	0.00401722 	-1.33091 	-0.00553421 	
2.29	0.330634 	-0.172616 	0.539948 	0.00401722 	-1.33091 	-0.00553421 	
2.295	0.330658 	-0.172614 	0.539951 	0.00401722 	-1.33091 	-0.00553421 	
2.3	0.330681 	-0.172611 	0.539955 	0.00401722 	-1.33091 	-0.00553421 	
2.305	0.330703 	-0.172609 	0.539958 	0.00401722 	-1.33091 	-0.00553421 	
2.31	0.330725 	-0.172607 	0.539962 	0.00401722 	-1.33091 	-0.00553421 	
2.315	0.330746 	-0.172605 	0.539965 	0.00401722 	-1.33091 	-0.00553421 	
2.32	0.330767 	-0.172603 	0.539968 	0.00401722 	-1.33091 	-0.00553421 	
2.325	0.330787 	-0.172601 	0.539971 	0.00401722 	-1.33091 	-0.00553421 	
2.33	0.330744 	-0.172613 	0.539963 	0.00243606 	-1.32981 	-0.00335589 	
2.335	0.330764 	-0.172611 	0.539966 	0.00243606 	-1.32981 	-0.00335589 	
2.34	0.330782 	-0.172609 	0.539969 	0.00243606 	-1.32981 	-0.00335589 	
2.345	0.3308 	-0.172607 	0.539972 	0.00243606 	-1.32981 	-0.00335589 	
2.35	0.330818 	-0.172606 	0.539974 	0.00243606 	-1.32981 	-0.00335589 	
2.355	0.330835 	-0.172604 	0.539977 	0.00243606 	-1.32981 	-0.00335589 	
2.36	0.330851 	-0.172602 	0.53998 	0.00243606 	-1.32981 	-0.00335589 	
2.365	0.330867 	-0.172601 	0.539982 	0.00243606 	-1.32981 	-0.00335589 	
2.37	0.330883 	-0.172599 	0.539984 	0.00243606 	-1.32981 	-0.00335589 	
2.375	0.330898 	-0.172598 	0.539987 	0.00243606 	-1.32981 	-0.00335589 	
2.38	0.330912 	-0.172596 	0.539989 	0.00243606 	-1.32981 	-0.00335589 	
2.385	0.330926 	-0.172595 	0.539991 	0.00243606 	-1.32981 	-0.00335589 	
2.39	0.330939 	-0.172593 	0.539993 	0.00243606 	-1.32981 	-0.00335589 	
2.395	0.330952 	-0.172592 	0.539995 	0.00243606 	-1.32981 	-0.00335589 	
2.4	0.330964 	-0.172591 	0.539997 	0.00243606 	-1.32981 	-0.00335589 	
2.405	0.330976 	-0.17259 	0.539999 	0.00243606 	-1.32981 	-0.00335589 	
2.41	0.330926 	-0.172603 	0.539989 	0.000874718 	-1.32871 	-0.00120489 	
2.415	0.330936 	-0.172602 	0.539991 	0.000874718 	-1.32871 	-0.00120489 	
2.42	0.330946 	-0.172601 	0.539993 	0.000874718 	-1.32871 	-0.00120489 	
2.425	0.330955 	-0.1726 	0.539994 	0.000874718 	-1.32871 	-0.00120489 	
2.43	0.330965 	-0.172599 	0.539995 	0.000874718 	-1.32871 	-0.00120489 	
2.435	0.330972 	-0.172598 	0.539997 	0.000874718 	-1.32871 	-0.00120489 	
2.44	0.33098 	-0.172597 	0.539998 	0.000874718 	-1.32871 	-0.00120489 	
2.445	0.330988 	-0.172597 	0.539999 	0.000874718 	-1.32871 	-0.00120489 	
2.45	0.330994 	-0.172596 	0.54 	0.000874718 	-1.32871 	-0.00120489 	
2.455	0.331001 	-0.172595 	0.540001 	0.000874718 	-1.32871 	-0.00120489 	
2.46	0.331006 	-0.172595 	0.540002 	0.000874718 	-1.32871 	-0.00120489 	
2.465	0.331012 	-0.172594 	0.540003 	0.000874718 	-1.32871 	-0.00120489 	
2.47	0.331016 	-0.172594 	0.540004 	0.000874718 	-1.32871 	-0.00120489 	
2.475	0.331021 	-0.172593 	0.540004 	0.000874718 	-1.32871 	-0.00120489 	
2.48	0.331024 	-0.172593 	0.540005 	0.000874718 	-1.32871 	-0.00120489 	
2.485	0.331027 	-0.172593 	0.540005 	0.000874718 	-1.32871 	-0.00120489 	
2.49	0.33103 	-0.172592 	0.540006 	0.000874718 	-1.32871 	-0.00120489 	
2.495	0.331032 	-0.172592 	0.540006 	0.000874718 	-1.32871 	-0.00120489 	
2.5	0.331033 	-0.172592 	0.540006 	0.000874718 	-1.32871 	-0.00120489 	
2.505	0.331033 	-0.172592 	0.540006 	0.000874718 	-1.32871 	-0.00120489 	
2.51	0.331037 	-0.172589 	0.540006 	0.000874718 	-1.32871 	-0.00120489 	
2.515	0.331037 	-0.172589 	0.540006 	0.000874718 	-1.32871 	-0.00120489 	
2.52	0.331037 	-0.172589 	0.540006 	0.000874718 	-1.32871 	-0.00120489 	
2.525	0.331038 	-0.172589 	0.540005 	0.000874718 	-1.32871 	-0.00120489 	
2.53	0.331038 	-0.17259 	0.540004 	0.000874718 	-1.32871 	-0.00120489 	
2.535	0.331038 	-0.17259 	0.540003 	0.000874718 	-1.32871 	-0.00120489 	
2.54	0.331038 	-0.172591 	0.540001 	0.000874718 	-1.32871 	-0.00120489 	
2.545	0.331039 	-0.172592 	0.539999 	0.000874718 	-1.32871 	-0.00120489 	
2.55	0.331039 	-0.172593 	0.539997 	0.000874718 	-1.32871 	-0.00120489 	
2.555	0.33104 	-0.172594 	0.539994 	0.000874718 	-1.32871 	-0.00120489 	
2.56	0.33104 	-0.172596 	0.539992 	0.000874718 	-1.32871 	-0.00120489 	
2.565	0.331041 	-0.172597 	0.539989 	0.000874718 	-1.32871 	-0.00120489 	
2.57	0.331041 	-0.172599 	0.539985 	0.000874718 	-1.32871 	-0.00120489 	
2.575	0.331042 	-0.172601 	0.539981 	0.000874719 	-1.32871 	-0.00120489 	
2.58	0.331043 	-0.172603 	0.539977 	0.000874719 	-1.32871 	-0.00120489 	
2.585	0.331044 	-0.172605 	0.539973 	0.000874719 	-1.32871 	-0.00120489 	
2.59	0.331022 	-0.172591 	0.539965 	0.00112911 	-1.32834 	-0.000121782 	
2.595	0.331023 	-0.172593 	0.53996 	0.00112911 	-1.32834 	-0.000121782 	
2.6	0.331023 	-0.172596 	0.539955 	0.00112911 	-1.32834 	-0.000121783 	
2.605	0.331025 	-0.172598 	0.539949 	0.00112911 	-1.32834 	-0.000121783 	
2.61	0.331026 	-0.172601 	0.539944 	0.00112911 	-1.32834 	-0.000121783 	
2.615	0.331027 	-0.172604 	0.539938 	0.00112911 	-1.32834 	-0.000121784 	
2.62	0.331028 	-0.172607 	0.539931 	0.00112911 	-1.32834 	-0.000121784 	
2.625	0.331029 	-0.17261 	0.539925 	0.00112911 	-1.32834 	-0.000121785 	
2.63	0.331038 	-0.172583 	0.53992 	0.00244947 	-1.32853 	-1.15681e-05 	
2.635	0.331039 	-0.172586 	0.539913 	0.00244947 	-1.32853 	-1.15687e-05 	
2.64	0.331041 	-0.17259 	0.539905 	0.00244947 	-1.32853 	-1.15693e-05 	
2.645	0.331042 	-0.172594 	0.539897 	0.00244947 	-1.32853 	-1.157e-05 	
2.65	0.331044 	-0.172598 	0.539888 	0.00244947 	-1.32853 	-1.15708e-05 	
2.655	0.331046 	-0.172602 	0.539881 	0.00244947 	-1.32853 	-1.15715e-05 	
2.66	0.331058 	-0.172574 	0.539874 	0.00388982 	-1.32877 	-3.61252e-07 	
2.665	0.331055 	-0.172583 	0.539865 	0.00388982 	-1.32877 	-3.61165e-07 	
2.67	0.331057 	-0.172587 	0.539856 	0.00388982 	-1.32877 	-3.61989e-07 	
2.675	0.331058 	-0.172592 	0.539846 	0.00388982 	-1.32877 	-3.62874e-07 	
2.68	0.33106 	-0.172597 	0.539836 	0.00388982 	-1.32877 	-3.63814e-07 	
2.685	0.331073 	-0.172569 	0.539829 	0.00534195 	-1.32902 	7.784e-07 	
2.69	0.331075 	-0.172574 	0.539819 	0.00534195 	-1.32902 	7.77347e-07 	
2.695	0.331077 	-0.172579 	0.539808 	0.00534195 	-1.32902 	7.76234e-07 	
2.7	0.331079 	-0.172585 	0.539797 	0.00534195 	-1.32902 	7.75061e-07 	
2.705	0.331091 	-0.17256 	0.539788 	0.00667481 	-1.32925 	7.65261e-07 	
2.71	0.331094 	-0.172566 	0.539777 	0.00667482 	-1.32925 	7.63962e-07 	
2.715	0.331096 	-0.172571 	0.539765 	0.00667482 	-1.32925 	7.62598e-07 	
2.72	0.331098 	-0.172577 	0.539752 	0.00667482 	-1.32925 	7.61169e-07 	
2.725	0.331111 	-0.172551 	0.539743 	0.00811961 	-1.3295 	8.85456e-07 	
2.73	0.331114 	-0.172557 	0.53973 	0.00811961 	-1.3295 	8.83889e-07 	
2.735	0.331116 	-0.172563 	0.539717 	0.00811961 	-1.3295 	8.82251e-07 	
2.74	0.331119 	-0.17257 	0.539704 	0.00811962 	-1.3295 	8.80542e-07 	
2.745	0.331133 	-0.172541 	0.539694 	0.00969836 	-1.32977 	1.05558e-06 	
2.75	0.331136 	-0.172547 	0.53968 	0.00969836 	-1.32977 	1.05372e-06 	
2.755	0.331139 	-0.172554 	0.539665 	0.00969836 	-1.32977 	1.05179e-06 	
2.76	0.331151 	-0.172532 	0.539654 	0.0110121 	-1.33 	7.75779e-07 	
2.765	0.331154 	-0.172539 	0.539639 	0.0110121 	-1.33 	7.73687e-07 	
2.77	0.331157 	-0.172546 	0.539624 	0.0110121 	-1.33 	7.71516e-07 	
2.775	0.33117 	-0.172523 	0.539612 	0.0123665 	-1.33023 	7.91127e-07 	
2.78	0.331173 	-0.17253 	0.539596 	0.0123666 	-1.33023 	7.8879e-07 	
2.785	0.331176 	-0.172538 	0.53958 	0.0123666 	-1.33023 	7.8637e-07 	
2.79	0.33119 	-0.172514 	0.539567 	0.013792 	-1.33048 	8.7029e-07 	
2.795	0.331193 	-0.172522 	0.539551 	0.013792 	-1.33048 	8.67696e-07 	
2.8	0.331196 	-0.17253 	0.539534 	0.013792 	-1.33048 	8.65016e-07 	
2.805	0.33121 	-0.172504 	0.539521 	0.0152908 	-1.33073 	9.62618e-07 	
2.81	0.331214 	-0.172512 	0.539503 	0.0152908 	-1.33073 	9.59757e-07 	
2.815	0.331217 	-0.172521 	0.539486 	0.0152908 	-1.33073 	9.56806e-07 	
2.82	0.331232 	-0.172494 	0.539472 	0.0168623 	-1.331 	1.06003e-06 	
2.825	0.331236 	-0.172503 	0.539454 	0.0168623 	-1.331 	1.05689e-06 	
2.83	0.331239 	-0.172511 	0.539435 	0.0168623 	-1.331 	1.05366e-06 	
2.835	0.331252 	-0.172486 	0.53942 	0.0185058 	-1.33129 	1.17304e-06 	
2.84	0.331256 	-0.172495 	0.539402 	0.0185058 	-1.33129 	1.16963e-06 	
2.845	0.33126 	-0.172504 	0.539382 	0.0185058 	-1.33129 	1.1661e-06 	
2.85	0.331276 	-0.172475 	0.539367 	0.0202203 	-1.33158 	1.26713e-06 	
2.855	0.33128 	-0.172484 	0.539347 	0.0202203 	-1.33158 	1.2634e-06 	
2.86	0.331284 	-0.172494 	0.539327 	0.0202203 	-1.33158 	1.25958e-06 	
2.865	0.3313 	-0.172463 	0.539311 	0.0220048 	-1.33189 	1.37401e-06 	
2.87	0.331304 	-0.172473 	0.539291 	0.0220048 	-1.33189 	1.36998e-06 	
2.875	0.331318 	-0.172454 	0.539273 	0.0232938 	-1.33211 	7.88391e-07 	
2.88	0.331322 	-0.172464 	0.539252 	0.0232938 	-1.33211 	7.84148e-07 	
2.885	0.331335 	-0.172446 	0.539234 	0.02456 	-1.33233 	7.08062e-07 	
2.89	0.33134 	-0.172456 	0.539213 	0.02456 	-1.33233 	7.03606e-07 	
2.895	0.331353 	-0.172437 	0.539194 	0.0258509 	-1.33255 	7.25518e-07 	
2.9	0.331357 	-0.172448 	0.539172 	0.0258509 	-1.33255 	7.20845e-07 	
2.905	0.331371 	-0.172429 	0.539153 	0.027171 	-1.33278 	7.57872e-07 	
2.91	0.331376 	-0.172439 	0.539131 	0.027171 	-1.33278 	7.52979e-07 	
2.915	0.33139 	-0.17242 	0.539111 	0.0285204 	-1.33301 	7.92614e-07 	
2.92	0.331395 	-0.172431 	0.539088 	0.0285204 	-1.33301 	7.87498e-07 	
2.925	0.331409 	-0.172411 	0.539068 	0.0298989 	-1.33325 	8.28035e-07 	
2.93	0.331414 	-0.172422 	0.539045 	0.0298989 	-1.33325 	8.22693e-07 	
2.935	0.331428 	-0.172402 	0.539024 	0.0313061 	-1.33349 	8.63894e-07 	
2.94	0.331433 	-0.172413 	0.539001 	0.0313061 	-1.33349 	8.58323e-07 	
2.945	0.331448 	-0.172392 	0.53898 	0.0327417 	-1.33374 	9.00133e-07 	
2.95	0.331453 	-0.172404 	0.538955 	0.0327417 	-1.33374 	8.9433e-07 	
2.955	0.331468 	-0.172383 	0.538934 	0.0342053 	-1.33399 	9.36718e-07 	
2.96	0.331473 	-0.172395 	0.53891 	0.0342053 	-1.33399 	9.3068e-07 	
2.965	0.331489 	-0.172373 	0.538888 	0.0356966 	-1.33425 	9.73614e-07 	
2.97	0.331494 	-0.172385 	0.538863 	0.0356966 	-1.33425 	9.6734e-07 	
2.975	0.33151 	-0.172363 	0.538841 	0.0372151 	-1.33451 	1.01079e-06 	
2.98	0.331515 	-0.172375 	0.538815 	0.0372151 	-1.33451 	1.00428e-06 	
2.985	0.331531 	-0.172353 	0.538793 	0.0387605 	-1.33478 	1.04821e-06 	
2.99	0.331537 	-0.172366 	0.538767 	0.0387605 	-1.33478 	1.04146e-06 	
2.995	0.331553 	-0.172343 	0.538744 	0.0403324 	-1.33505 	1.08584e-06 	
3	0.331558 	-0.172356 	0.538717 	0.0403324 	-1.33505 	1.07885e-06 	
3.005	0.331575 	-0.172332 	0.538694 	0.0419305 	-1.33532 	1.12366e-06 	
3.01	0.331581 	-0.172345 	0.538667 	0.0419305 	-1.33532 	1.11642e-06 	
3.015	0.331605 	-0.172314 	0.538644 	0.0435543 	-1.3356 	1.12739e-06 	
3.02	0.331611 	-0.172327 	0.538616 	0.0435543 	-1.3356 	1.11987e-06 	
3.025	0.331627 	-0.172304 	0.538593 	0.0452034 	-1.33589 	1.19627e-06 	
3.03	0.331634 	-0.172317 	0.538565 	0.0452034 	-1.33589 	1.18854e-06 	
3.035	0.331651 	-0.172293 	0.538541 	0.0468774 	-1.33617 	1.23749e-06 	
3.04	0.331657 	-0.172306 	0.538512 	0.0468774 	-1.33617 	1.22952e-06 	
3.045	0.331674 	-0.172282 	0.538488 	0.0485759 	-1.33647 	1.27599e-06 	
3.05	0.33168 	-0.172295 	0.538459 	0.0485759 	-1.33647 	1.26776e-06 	
3.055	0.331698 	-0.17227 	0.538434 	0.0502985 	-1.33676 	1.31421e-06 	
3.06	0.331704 	-0.172284 	0.538405 	0.0502985 	-1.33676 	1.30574e-06 	
3.065	0.331722 	-0.172259 	0.53838 	0.0520447 	-1.33706 	1.35237e-06 	
3.07	0.331728 	-0.172273 	0.538351 	0.0520447 	-1.33706 	1.34365e-06 	
3.075	0.331746 	-0.172247 	0.538325 	0.0538141 	-1.33737 	1.39047e-06 	
3.08	0.331753 	-0.172262 	0.538295 	0.0538141 	-1.33737 	1.3815e-06 	
3.085	0.331771 	-0.172236 	0.53827 	0.0556062 	-1.33768 	1.42847e-06 	
3.09	0.331778 	-0.17225 	0.538239 	0.0556063 	-1.33768 	1.41925e-06 	
3.095	0.331796 	-0.172224 	0.538213 	0.0574207 	-1.33799 	1.46633e-06 	
3.1	0.331803 	-0.172238 	0.538183 	0.0574207 	-1.33799 	1.45687e-06 	
3.105	0.331821 	-0.172212 	0.538156 	0.0592571 	-1.33831 	1.50403e-06 	
3.11	0.331828 	-0.172227 	0.538125 	0.0592571 	-1.33831 	1.49432e-06 	
3.115	0.331847 	-0.1722 	0.538099 	0.0611148 	-1.33863 	1.54152e-06 	
3.12	0.331854 	-0.172215 	0.538067 	0.0611149 	-1.33863 	1.53156e-06 	
3.125	0.331873 	-0.172188 	0.53804 	0.0629936 	-1.33895 	1.57877e-06 	
3.13	0.33188 	-0.172203 	0.538009 	0.0629936 	-1.33895 	1.56857e-06 	
3.135	0.331899 	-0.172175 	0.537981 	0.0648927 	-1.33928 	1.61575e-06 	
3.14	0.331906 	-0.17219 	0.537949 	0.0648927 	-1.33928 	1.60531e-06 	
3.145	0.331925 	-0.172163 	0.537922 	0.0668119 	-1.33961 	1.65242e-06 	
3.15	0.331933 	-0.172178 	0.537889 	0.0668119 	-1.33961 	1.64174e-06 	
3.155	0.331952 	-0.17215 	0.537862 	0.0687506 	-1.33994 	1.68875e-06 	
3.16	0.33196 	-0.172165 	0.537829 	0.0687506 	-1.33994 	1.67782e-06 	
3.165	0.331979 	-0.172137 	0.537801 	0.0707084 	-1.34028 	1.7247e-06 	
3.17	0.331987 	-0.172153 	0.537768 	0.0707084 	-1.34028 	1.71353e-06 	
3.175	0.332006 	-0.172124 	0.53774 	0.0726847 	-1.34062 	1.76023e-06 	
3.18	0.332014 	-0.17214 	0.537706 	0.0726847 	-1.34062 	1.74883e-06 	
3.185	0.332028 	-0.172118 	0.537678 	0.074679 	-1.34096 	1.83167e-06 	
3.19	0.332036 	-0.172133 	0.537644 	0.074679 	-1.34096 	1.82007e-06 	
3.195	0.332055 	-0.172104 	0.537615 	0.0766909 	-1.34131 	1.83355e-06 	
3.2	0.332063 	-0.17212 	0.537581 	0.0766909 	-1.34131 	1.82169e-06 	
3.205	0.332083 	-0.172091 	0.537552 	0.0787199 	-1.34166 	1.86438e-06 	
3.21	0.332092 	-0.172107 	0.537518 	0.0787199 	-1.34166 	1.85228e-06 	
3.215	0.332112 	-0.172078 	0.537489 	0.0807654 	-1.34201 	1.8976e-06 	
3.22	0.33212 	-0.172094 	0.537454 	0.0807655 	-1.34201 	1.88528e-06 	
3.225	0.33214 	-0.172064 	0.537425 	0.082827 	-1.34237 	1.93054e-06 	
3.23	0.332148 	-0.172081 	0.53739 	0.082827 	-1.34237 	1.918e-06 	
3.235	0.332169 	-0.172051 	0.53736 	0.0849041 	-1.34272 	1.9629e-06 	
3.24	0.332177 	-0.172067 	0.537325 	0.0849041 	-1.34272 	1.95014e-06 	
3.245	0.332197 	-0.172037 	0.537295 	0.0869963 	-1.34308 	1.99462e-06 	
3.25	0.332206 	-0.172054 	0.53726 	0.0869963 	-1.34308 	1.98165e-06 	
3.255	0.332227 	-0.172023 	0.53723 	0.0891029 	-1.34345 	2.02566e-06 	
3.26	0.332235 	-0.17204 	0.537194 	0.0891029 	-1.34345 	2.01248e-06 	
3.265	0.332256 	-0.17201 	0.537164 	0.0912235 	-1.34381 	2.056e-06 	
3.27	0.332265 	-0.172026 	0.537128 	0.0912235 	-1.34381 	2.04261e-06 	
3.275	0.332285 	-0.171996 	0.537098 	0.0933575 	-1.34418 	2.08561e-06 	
3.28	0.332294 	-0.172012 	0.537062 	0.0933575 	-1.34418 	2.07201e-06 	
3.285	0.332315 	-0.171982 	0.537031 	0.0955044 	-1.34455 	2.11445e-06 	
3.29	0.332324 	-0.171998 	0.536995 	0.0955045 	-1.34455 	2.10066e-06 	
3.295	0.332345 	-0.171967 	0.536964 	0.0976638 	-1.34492 	2.14249e-06 	
3.3	0.332354 	-0.171984 	0.536928 	0.0976638 	-1.34492 	2.12851e-06 	
3.305	0.332375 	-0.171953 	0.536897 	0.0998349 	-1.3453 	2.16971e-06 	
3.31	0.332384 	-0.17197 	0.53686 	0.0998349 	-1.3453 	2.15554e-06 	
3.315	0.332405 	-0.171939 	0.536829 	0.102017 	-1.34567 	2.19608e-06 	
3.32	0.332414 	-0.171956 	0.536792 	0.102017 	-1.34567 	2.18173e-06 	
3.325	0.332435 	-0.171925 	0.536761 	0.104211 	-1.34605 	2.22157e-06 	
3.33	0.332444 	-0.171942 	0.536724 	0.104211 	-1.34605 	2.20705e-06 	
3.335	0.332467 	-0.171908 	0.536693 	0.106414 	-1.34643 	2.23188e-06 	
3.34	0.332477 	-0.171925 	0.536656 	0.106414 	-1.34643 	2.21717e-06 	
3.345	0.332498 	-0.171894 	0.536624 	0.108627 	-1.34681 	2.2684e-06 	
3.35	0.332508 	-0.171911 	0.536587 	0.108627 	-1.34681 	2.25353e-06 	
3.355	0.332529 	-0.171879 	0.536555 	0.110849 	-1.34719 	2.29239e-06 	
3.36	0.332538 	-0.171896 	0.536518 	0.110849 	-1.34719 	2.27736e-06 	
3.365	0.332559 	-0.171864 	0.536486 	0.11308 	-1.34758 	2.31424e-06 	
3.37	0.332569 	-0.171882 	0.536448 	0.11308 	-1.34758 	2.29906e-06 	
3.375	0.33259 	-0.17185 	0.536417 	0.115319 	-1.34796 	2.33497e-06 	
3.38	0.3326 	-0.171867 	0.536379 	0.115319 	-1.34796 	2.31964e-06 	
3.385	0.332621 	-0.171835 	0.536347 	0.117565 	-1.34835 	2.35467e-06 	
3.39	0.332631 	-0.171853 	0.536309 	0.117565 	-1.34835 	2.3392e-06 	
3.395	0.332652 	-0.17182 	0.536277 	0.119818 	-1.34874 	2.37332e-06 	
3.4	0.332662 	-0.171838 	0.536239 	0.119818 	-1.34874 	2.35771e-06 	
3.405	0.332683 	-0.171806 	0.536207 	0.122077 	-1.34913 	2.3909e-06 	
3.41	0.332694 	-0.171823 	0.536169 	0.122077 	-1.34913 	2.37516e-06 	
3.415	0.332715 	-0.171791 	0.536137 	0.124342 	-1.34952 	2.40739e-06 	
3.42	0.332725 	-0.171808 	0.536098 	0.124342 	-1.34952 	2.39154e-06 	
3.425	0.332746 	-0.171776 	0.536066 	0.126612 	-1.34991 	2.42277e-06 	
3.43	0.332756 	-0.171794 	0.536028 	0.126612 	-1.34991 	2.40681e-06 	
3.435	0.332777 	-0.171761 	0.535996 	0.128887 	-1.3503 	2.43703e-06 	
3.44	0.332788 	-0.171779 	0.535957 	0.128887 	-1.3503 	2.42096e-06 	
3.445	0.332809 	-0.171746 	0.535925 	0.131166 	-1.35069 	2.45016e-06 	
3.45	0.332825 	-0.171736 	0.53589 	0.132422 	-1.35091 	9.10101e-07 	
3.455	0.332836 	-0.171754 	0.535852 	0.132422 	-1.35091 	8.93883e-07 	
3.46	0.332856 	-0.171723 	0.535819 	0.134603 	-1.35128 	2.1177e-06 	
3.465	0.332867 	-0.171741 	0.53578 	0.134603 	-1.35128 	2.1014e-06 	
3.47	0.332887 	-0.171709 	0.535748 	0.136879 	-1.35168 	2.42291e-06 	
3.475	0.332904 	-0.171699 	0.535713 	0.138138 	-1.35189 	9.13035e-07 	
3.48	0.332914 	-0.171716 	0.535674 	0.138138 	-1.35189 	8.96613e-07 	
3.485	0.332935 	-0.171686 	0.535642 	0.140323 	-1.35227 	2.13646e-06 	
3.49	0.332946 	-0.171704 	0.535603 	0.140323 	-1.35227 	2.11997e-06 	
3.495	0.332966 	-0.171671 	0.535571 	0.142603 	-1.35266 	2.44251e-06 	
3.5	0.332983 	-0.171661 	0.535536 	0.143863 	-1.35288 	9.19715e-07 	
3.505	0.332994 	-0.171679 	0.535497 	0.143863 	-1.35288 	9.03138e-07 	
3.51	0.333014 	-0.171649 	0.535464 	0.14605 	-1.35326 	2.14958e-06 	
3.515	0.333026 	-0.171665 	0.535425 	0.14605 	-1.35326 	2.13228e-06 	
3.52	0.333046 	-0.171633 	0.535393 	0.148331 	-1.35365 	2.45464e-06 	
3.525	0.333063 	-0.171623 	0.535358 	0.149591 	-1.35387 	9.2358e-07 	
3.53	0.333074 	-0.17164 	0.535319 	0.149591 	-1.35387 	9.06898e-07 	
3.535	0.333094 	-0.17161 	0.535287 	0.151777 	-1.35424 	2.15609e-06 	
3.54	0.333105 	-0.171628 	0.535248 	0.151777 	-1.35424 	2.13938e-06 	
3.545	0.333125 	-0.171595 	0.535216 	0.154054 	-1.35463 	2.45944e-06 	
3.55	0.333141 	-0.171585 	0.535181 	0.155312 	-1.35485 	9.24612e-07 	
3.555	0.333152 	-0.171603 	0.535142 	0.155312 	-1.35485 	9.07877e-07 	
3.56	0.333172 	-0.171573 	0.535109 	0.157493 	-1.35523 	2.1559e-06 	
3.565	0.333184 	-0.17159 	0.535071 	0.157493 	-1.35523 	2.13916e-06 	
3.57	0.333204 	-0.171558 	0.535039 	0.159764 	-1.35562 	2.45646e-06 	
3.575	0.333215 	-0.171575 	0.535 	0.159764 	-1.35562 	2.43973e-06 	
