0	0.0491884 	0.0215061 	-2.01122 	0.262477 	0.532739 	-0.010357 	
0.005	0.0491884 	0.0215061 	-2.01122 	0.262477 	0.532739 	-0.010357 	
0.01	0.0491884 	0.0215019 	-2.01122 	0.262477 	0.53274 	-0.0103568 	
0.015	0.0491884 	0.0214963 	-2.01121 	0.262477 	0.532741 	-0.0103564 	
0.02	0.0491885 	0.0214884 	-2.0112 	0.262478 	0.532743 	-0.0103559 	
0.025	0.0491885 	0.0214782 	-2.0112 	0.262478 	0.532745 	-0.0103553 	
0.03	0.0491885 	0.0214658 	-2.01119 	0.262478 	0.532747 	-0.0103545 	
0.035	0.0491885 	0.0214509 	-2.01118 	0.262479 	0.53275 	-0.0103536 	
0.04	0.0491886 	0.0214338 	-2.01116 	0.262479 	0.532754 	-0.0103525 	
0.045	0.0491886 	0.0214144 	-2.01115 	0.26248 	0.532758 	-0.0103513 	
0.05	0.0491886 	0.0213926 	-2.01113 	0.262481 	0.532763 	-0.0103499 	
0.055	0.0491887 	0.0213685 	-2.01111 	0.262481 	0.532768 	-0.0103484 	
0.06	0.0491887 	0.0213421 	-2.01109 	0.262482 	0.532773 	-0.0103467 	
0.065	0.0491888 	0.0213134 	-2.01107 	0.262483 	0.532779 	-0.0103449 	
0.07	0.0491888 	0.0212824 	-2.01104 	0.262484 	0.532786 	-0.0103429 	
0.075	0.0491889 	0.0212491 	-2.01102 	0.262485 	0.532793 	-0.0103409 	
0.08	0.049189 	0.0212134 	-2.01099 	0.262487 	0.5328 	-0.0103386 	
0.085	0.049189 	0.0211717 	-2.01096 	0.262488 	0.532809 	-0.010336 	
0.09	0.0491891 	0.0211349 	-2.01093 	0.262489 	0.532816 	-0.0103337 	
0.095	0.0491892 	0.0210884 	-2.01089 	0.262491 	0.532826 	-0.0103308 	
0.1	0.0491893 	0.0210433 	-2.01086 	0.262492 	0.532835 	-0.0103279 	
0.105	0.0491894 	0.0209959 	-2.01082 	0.262494 	0.532845 	-0.010325 	
0.11	0.0491895 	0.0209462 	-2.01078 	0.262495 	0.532856 	-0.0103219 	
0.115	0.0491896 	0.0208943 	-2.01074 	0.262497 	0.532866 	-0.0103186 	
0.12	0.0491897 	0.02084 	-2.0107 	0.262499 	0.532878 	-0.0103152 	
0.125	0.0491899 	0.0207834 	-2.01065 	0.262501 	0.532889 	-0.0103117 	
0.13	0.04919 	0.0207246 	-2.01061 	0.262503 	0.532902 	-0.010308 	
0.135	0.0491901 	0.0206634 	-2.01056 	0.262505 	0.532914 	-0.0103042 	
0.14	0.0491903 	0.0206 	-2.01051 	0.262507 	0.532927 	-0.0103003 	
0.145	0.0491904 	0.0205343 	-2.01046 	0.262509 	0.532941 	-0.0102962 	
0.15	0.0491906 	0.0204663 	-2.0104 	0.262511 	0.532955 	-0.010292 	
0.155	0.0491907 	0.020396 	-2.01035 	0.262513 	0.53297 	-0.0102876 	
0.16	0.0492939 	0.0201013 	-2.01047 	0.262621 	0.534548 	-0.00964992 	
0.165	0.0492941 	0.0200264 	-2.01041 	0.262624 	0.534563 	-0.00964529 	
0.17	0.0492943 	0.0199494 	-2.01035 	0.262626 	0.534579 	-0.00964052 	
0.175	0.0492945 	0.01987 	-2.01028 	0.262629 	0.534595 	-0.00963561 	
0.18	0.0492947 	0.0197884 	-2.01022 	0.262631 	0.534612 	-0.00963057 	
0.185	0.0492949 	0.0197046 	-2.01015 	0.262634 	0.534629 	-0.00962541 	
0.19	0.0492951 	0.0196185 	-2.01009 	0.262637 	0.534647 	-0.0096201 	
0.195	0.0492954 	0.0195301 	-2.01002 	0.26264 	0.534665 	-0.00961467 	
0.2	0.0492956 	0.0194395 	-2.00995 	0.262643 	0.534684 	-0.00960911 	
0.205	0.0492959 	0.0193467 	-2.00987 	0.262646 	0.534703 	-0.00960342 	
0.21	0.0492961 	0.0192516 	-2.0098 	0.262649 	0.534723 	-0.0095976 	
0.215	0.0492964 	0.0191543 	-2.00972 	0.262652 	0.534743 	-0.00959166 	
0.22	0.0493992 	0.0188356 	-2.00982 	0.262765 	0.536303 	-0.00896005 	
0.225	0.0493995 	0.0187338 	-2.00974 	0.262768 	0.536323 	-0.00895385 	
0.23	0.0493998 	0.0186298 	-2.00965 	0.262772 	0.536345 	-0.00894752 	
0.235	0.0494001 	0.0185236 	-2.00957 	0.262775 	0.536367 	-0.00894106 	
0.24	0.0494004 	0.0184151 	-2.00948 	0.262779 	0.536389 	-0.00893448 	
0.245	0.0494008 	0.0183045 	-2.0094 	0.262782 	0.536411 	-0.00892778 	
0.25	0.0494011 	0.0181917 	-2.00931 	0.262786 	0.536434 	-0.00892097 	
0.255	0.0494015 	0.0180766 	-2.00922 	0.26279 	0.536458 	-0.00891403 	
0.26	0.0494019 	0.0179594 	-2.00913 	0.262793 	0.536482 	-0.00890697 	
0.265	0.0494023 	0.01784 	-2.00903 	0.262797 	0.536506 	-0.00889979 	
0.27	0.0495123 	0.0174859 	-2.00912 	0.262924 	0.538162 	-0.00822788 	
0.275	0.0495128 	0.017362 	-2.00902 	0.262928 	0.538187 	-0.00822046 	
0.28	0.0495132 	0.0172361 	-2.00892 	0.262932 	0.538213 	-0.00821293 	
0.285	0.0495137 	0.017108 	-2.00882 	0.262936 	0.538239 	-0.00820528 	
0.29	0.0495142 	0.0169777 	-2.00872 	0.26294 	0.538265 	-0.00819752 	
0.295	0.0495147 	0.0168452 	-2.00861 	0.262944 	0.538292 	-0.00818965 	
0.3	0.0495152 	0.0167106 	-2.0085 	0.262949 	0.538319 	-0.00818168 	
0.305	0.0495157 	0.0165739 	-2.0084 	0.262953 	0.538347 	-0.00817359 	
0.31	0.0496216 	0.0162133 	-2.00846 	0.263081 	0.539928 	-0.0075307 	
0.315	0.0496222 	0.0160722 	-2.00835 	0.263085 	0.539956 	-0.00752239 	
0.32	0.0496228 	0.0159291 	-2.00823 	0.26309 	0.539985 	-0.00751397 	
0.325	0.0496234 	0.0157838 	-2.00812 	0.263094 	0.540014 	-0.00750545 	
0.33	0.049624 	0.0156364 	-2.008 	0.263099 	0.540044 	-0.00749682 	
0.335	0.0496247 	0.0154869 	-2.00788 	0.263104 	0.540074 	-0.0074881 	
0.34	0.0496254 	0.0153353 	-2.00776 	0.263108 	0.540105 	-0.00747928 	
0.345	0.0496261 	0.0151816 	-2.00764 	0.263113 	0.540136 	-0.00747035 	
0.35	0.049745 	0.014779 	-2.00771 	0.263262 	0.541893 	-0.00675364 	
0.355	0.0497458 	0.0146211 	-2.00758 	0.263267 	0.541925 	-0.00674451 	
0.36	0.0497465 	0.0144611 	-2.00746 	0.263272 	0.541957 	-0.00673529 	
0.365	0.0497473 	0.0142991 	-2.00733 	0.263277 	0.541989 	-0.00672597 	
0.37	0.0497481 	0.014135 	-2.0072 	0.263282 	0.542022 	-0.00671656 	
0.375	0.049749 	0.0139688 	-2.00707 	0.263287 	0.542055 	-0.00670706 	
0.38	0.0497498 	0.0138006 	-2.00693 	0.263293 	0.542088 	-0.00669747 	
0.385	0.0498679 	0.013388 	-2.00698 	0.263446 	0.543815 	-0.00599156 	
0.39	0.0498688 	0.0132157 	-2.00685 	0.263451 	0.543849 	-0.00598179 	
0.395	0.0498697 	0.0130413 	-2.00671 	0.263457 	0.543884 	-0.00597192 	
0.4	0.0498706 	0.012865 	-2.00657 	0.263462 	0.543918 	-0.00596198 	
0.405	0.0498716 	0.0126866 	-2.00643 	0.263468 	0.543954 	-0.00595195 	
0.41	0.0498726 	0.0125062 	-2.00628 	0.263474 	0.543989 	-0.00594184 	
0.415	0.049984 	0.0120977 	-2.00631 	0.263624 	0.545603 	-0.00528059 	
0.42	0.049985 	0.0119133 	-2.00616 	0.263629 	0.54564 	-0.00527031 	
0.425	0.0499861 	0.0117269 	-2.00601 	0.263635 	0.545676 	-0.00525995 	
0.43	0.0499873 	0.0115386 	-2.00586 	0.263641 	0.545713 	-0.00524952 	
0.435	0.0499884 	0.0113483 	-2.00571 	0.263647 	0.54575 	-0.00523902 	
0.44	0.0499896 	0.011156 	-2.00556 	0.263653 	0.545788 	-0.00522845 	
0.445	0.0501081 	0.0107232 	-2.00558 	0.263817 	0.547488 	-0.00452999 	
0.45	0.0501093 	0.010527 	-2.00543 	0.263823 	0.547526 	-0.00451926 	
0.455	0.0501106 	0.0103289 	-2.00527 	0.26383 	0.547565 	-0.00450847 	
0.46	0.0501119 	0.0101289 	-2.00511 	0.263836 	0.547604 	-0.00449761 	
0.465	0.0501133 	0.00992695 	-2.00495 	0.263842 	0.547643 	-0.00448669 	
0.47	0.0501147 	0.00972309 	-2.00478 	0.263848 	0.547683 	-0.00447571 	
0.475	0.0502418 	0.00926385 	-2.00481 	0.26403 	0.549486 	-0.00373234 	
0.48	0.0502432 	0.00905614 	-2.00464 	0.264037 	0.549526 	-0.00372122 	
0.485	0.0502447 	0.00884659 	-2.00448 	0.264043 	0.549567 	-0.00371004 	
0.49	0.0502462 	0.00863516 	-2.00431 	0.26405 	0.549607 	-0.00369881 	
0.495	0.0502478 	0.00842185 	-2.00413 	0.264056 	0.549648 	-0.00368752 	
0.5	0.0503629 	0.00797974 	-2.00413 	0.264226 	0.551267 	-0.00301908 	
0.505	0.0503645 	0.0077627 	-2.00396 	0.264233 	0.551308 	-0.00300767 	
0.51	0.0503662 	0.00754385 	-2.00378 	0.26424 	0.55135 	-0.00299622 	
0.515	0.0503679 	0.00732316 	-2.0036 	0.264246 	0.551392 	-0.00298472 	
0.52	0.0503697 	0.00710065 	-2.00343 	0.264253 	0.551435 	-0.00297317 	
0.525	0.0504892 	0.00664288 	-2.00342 	0.264434 	0.553098 	-0.00228443 	
0.53	0.050491 	0.00641672 	-2.00324 	0.264441 	0.553141 	-0.00227278 	
0.535	0.0504928 	0.00618879 	-2.00305 	0.264448 	0.553184 	-0.00226109 	
0.54	0.0504948 	0.00595907 	-2.00287 	0.264455 	0.553227 	-0.00224936 	
0.545	0.0504967 	0.00572758 	-2.00268 	0.264462 	0.553271 	-0.00223759 	
0.55	0.0506223 	0.00525128 	-2.00267 	0.264657 	0.555 	-0.00151933 	
0.555	0.0506243 	0.00501623 	-2.00248 	0.264664 	0.555044 	-0.00150748 	
0.56	0.0506264 	0.00477947 	-2.00229 	0.264671 	0.555089 	-0.00149559 	
0.565	0.0506285 	0.00454097 	-2.0021 	0.264678 	0.555133 	-0.00148367 	
0.57	0.0506307 	0.00430074 	-2.00191 	0.264686 	0.555178 	-0.00147173 	
0.575	0.0507626 	0.00380603 	-2.0019 	0.264896 	0.556973 	-0.000723421 	
0.58	0.0507648 	0.00356234 	-2.0017 	0.264903 	0.557019 	-0.000711402 	
0.585	0.0507671 	0.00331699 	-2.0015 	0.26491 	0.557064 	-0.00069936 	
0.59	0.0507694 	0.00306995 	-2.0013 	0.264918 	0.55711 	-0.000687298 	
0.595	0.0507718 	0.00282124 	-2.0011 	0.264925 	0.557156 	-0.000675219 	
0.6	0.0509101 	0.00230856 	-2.00109 	0.265151 	0.559016 	0.000102767 	
0.605	0.0509125 	0.00205649 	-2.00088 	0.265158 	0.559063 	0.000114907 	
0.61	0.050915 	0.0018028 	-2.00068 	0.265166 	0.559109 	0.000127061 	
0.615	0.0509176 	0.00154749 	-2.00047 	0.265173 	0.559156 	0.000139226 	
0.62	0.0510361 	0.00106869 	-2.00042 	0.265372 	0.560735 	0.000800797 	
0.625	0.0510388 	0.000810107 	-2.00021 	0.26538 	0.560783 	0.000813004 	
0.63	0.0510415 	0.000549948 	-2 	0.265387 	0.56083 	0.000825218 	
0.635	0.0510443 	0.000288198 	-1.99979 	0.265395 	0.560878 	0.000837435 	
0.64	0.0511645 	-0.000198175 	-1.99973 	0.2656 	0.562464 	0.00150379 	
0.645	0.0511674 	-0.000463104 	-1.99952 	0.265608 	0.562512 	0.00151604 	
0.65	0.0511703 	-0.000729566 	-1.9993 	0.265616 	0.56256 	0.00152829 	
0.655	0.0511733 	-0.000997575 	-1.99908 	0.265623 	0.562609 	0.00154053 	
0.66	0.0512974 	-0.00149539 	-1.99902 	0.265839 	0.56423 	0.00222367 	
0.665	0.0513004 	-0.00176649 	-1.9988 	0.265847 	0.564279 	0.00223593 	
0.67	0.0513036 	-0.00203907 	-1.99858 	0.265855 	0.564328 	0.00224818 	
0.675	0.0513068 	-0.00231316 	-1.99835 	0.265863 	0.564377 	0.00226042 	
0.68	0.051435 	-0.00282251 	-1.9983 	0.26609 	0.566035 	0.00296129 	
0.685	0.0514383 	-0.0030996 	-1.99807 	0.266098 	0.566084 	0.00297354 	
0.69	0.0514417 	-0.00337813 	-1.99784 	0.266106 	0.566133 	0.00298577 	
0.695	0.0514451 	-0.00365812 	-1.99761 	0.266114 	0.566183 	0.00299798 	
0.7	0.0515775 	-0.00417872 	-1.99755 	0.266353 	0.567877 	0.00371642 	
0.705	0.051581 	-0.00446162 	-1.99732 	0.266361 	0.567927 	0.00372862 	
0.71	0.0515846 	-0.00474591 	-1.99708 	0.266369 	0.567977 	0.0037408 	
0.715	0.0515882 	-0.00503161 	-1.99685 	0.266377 	0.568027 	0.00375296 	
0.72	0.0517248 	-0.00556314 	-1.99678 	0.266629 	0.569755 	0.00448868 	
0.725	0.0517286 	-0.00585166 	-1.99655 	0.266637 	0.569806 	0.00450081 	
0.73	0.0517324 	-0.00614152 	-1.99631 	0.266645 	0.569856 	0.00451291 	
0.735	0.0517363 	-0.00643274 	-1.99607 	0.266653 	0.569907 	0.00452499 	
0.74	0.051877 	-0.00697486 	-1.996 	0.266916 	0.571669 	0.00527767 	
0.745	0.051881 	-0.0072688 	-1.99576 	0.266924 	0.57172 	0.00528971 	
0.75	0.0518851 	-0.00756404 	-1.99551 	0.266933 	0.57177 	0.00530171 	
0.755	0.0518892 	-0.00786059 	-1.99527 	0.266941 	0.571821 	0.00531368 	
0.76	0.0520341 	-0.00841294 	-1.9952 	0.267217 	0.573616 	0.00608301 	
0.765	0.0520383 	-0.00871212 	-1.99495 	0.267225 	0.573667 	0.00609492 	
0.77	0.0520426 	-0.00901254 	-1.9947 	0.267233 	0.573718 	0.0061068 	
0.775	0.052047 	-0.00931422 	-1.99445 	0.267241 	0.573769 	0.00611863 	
0.78	0.0521961 	-0.00987646 	-1.99438 	0.26753 	0.575595 	0.00690427 	
0.785	0.0522006 	-0.0101807 	-1.99413 	0.267539 	0.575646 	0.00691604 	
0.79	0.0522051 	-0.0104861 	-1.99388 	0.267547 	0.575698 	0.00692776 	
0.795	0.0522098 	-0.0107927 	-1.99362 	0.267555 	0.575749 	0.00693943 	
0.8	0.052363 	-0.0113645 	-1.99355 	0.267857 	0.577605 	0.00774104 	
0.805	0.0523678 	-0.0116735 	-1.99329 	0.267865 	0.577656 	0.00775263 	
0.81	0.0523726 	-0.0119837 	-1.99303 	0.267874 	0.577708 	0.00776418 	
0.815	0.0523774 	-0.012295 	-1.99277 	0.267882 	0.57776 	0.00777566 	
0.82	0.0525349 	-0.0128759 	-1.99269 	0.268197 	0.579644 	0.00859289 	
0.825	0.0525399 	-0.0131896 	-1.99243 	0.268205 	0.579696 	0.00860429 	
0.83	0.0525449 	-0.0135044 	-1.99217 	0.268214 	0.579747 	0.00861563 	
0.835	0.0525501 	-0.0138202 	-1.99191 	0.268222 	0.579799 	0.0086269 	
0.84	0.0527117 	-0.0144099 	-1.99182 	0.268551 	0.581711 	0.00945939 	
0.845	0.0527169 	-0.014728 	-1.99156 	0.268559 	0.581763 	0.00947057 	
0.85	0.0527222 	-0.0150471 	-1.99129 	0.268567 	0.581814 	0.00948168 	
0.855	0.0527276 	-0.0153673 	-1.99102 	0.268576 	0.581866 	0.00949272 	
0.86	0.0528934 	-0.0159654 	-1.99094 	0.268918 	0.583804 	0.0103401 	
0.865	0.0528989 	-0.0162877 	-1.99067 	0.268926 	0.583856 	0.010351 	
0.87	0.0529045 	-0.016611 	-1.9904 	0.268935 	0.583907 	0.0103619 	
0.875	0.0529101 	-0.0169353 	-1.99013 	0.268943 	0.583959 	0.0103727 	
0.88	0.05308 	-0.0175413 	-1.99004 	0.269299 	0.585921 	0.0112345 	
0.885	0.0530857 	-0.0178676 	-1.98976 	0.269308 	0.585973 	0.0112452 	
0.89	0.0530916 	-0.0181949 	-1.98949 	0.269316 	0.586025 	0.0112558 	
0.895	0.0530976 	-0.018523 	-1.98921 	0.269324 	0.586077 	0.0112663 	
0.9	0.0532715 	-0.0191367 	-1.98912 	0.269695 	0.588062 	0.0121423 	
0.905	0.0532775 	-0.0194668 	-1.98884 	0.269703 	0.588114 	0.0121526 	
0.91	0.0532836 	-0.0197977 	-1.98857 	0.269711 	0.588166 	0.0121629 	
0.915	0.0534226 	-0.0203525 	-1.98843 	0.27001 	0.58973 	0.0128536 	
0.92	0.0534288 	-0.0206853 	-1.98815 	0.270018 	0.589782 	0.0128637 	
0.925	0.0534352 	-0.0210189 	-1.98787 	0.270026 	0.589834 	0.0128738 	
0.93	0.0534416 	-0.0213534 	-1.98759 	0.270035 	0.589886 	0.0128837 	
0.935	0.0536187 	-0.0219729 	-1.98748 	0.270421 	0.591864 	0.0137636 	
0.94	0.0536252 	-0.0223091 	-1.9872 	0.27043 	0.591916 	0.0137734 	
0.945	0.0536318 	-0.0226461 	-1.98692 	0.270438 	0.591968 	0.0137831 	
0.95	0.0537759 	-0.0232106 	-1.98677 	0.270755 	0.593555 	0.0144895 	
0.955	0.0537827 	-0.0235492 	-1.98649 	0.270763 	0.593607 	0.0144991 	
0.96	0.0537895 	-0.0238885 	-1.9862 	0.270771 	0.593658 	0.0145086 	
0.965	0.0539322 	-0.0244512 	-1.98605 	0.271089 	0.595216 	0.0152037 	
0.97	0.0539392 	-0.0247921 	-1.98576 	0.271097 	0.595267 	0.015213 	
0.975	0.0539462 	-0.0251337 	-1.98547 	0.271105 	0.595318 	0.0152222 	
0.98	0.0540908 	-0.0256996 	-1.98532 	0.27143 	0.596882 	0.0159223 	
0.985	0.054098 	-0.0260426 	-1.98503 	0.271438 	0.596932 	0.0159313 	
0.99	0.0541052 	-0.0263863 	-1.98474 	0.271446 	0.596983 	0.0159402 	
0.995	0.054252 	-0.0269559 	-1.98458 	0.271779 	0.598556 	0.0166468 	
1	0.0542594 	-0.0273009 	-1.98429 	0.271787 	0.598606 	0.0166555 	
1.005	0.0542669 	-0.0276466 	-1.98399 	0.271795 	0.598657 	0.0166641 	
1.01	0.0544159 	-0.0282196 	-1.98384 	0.272135 	0.600237 	0.0173772 	
1.015	0.0544235 	-0.0285665 	-1.98354 	0.272143 	0.600288 	0.0173856 	
1.02	0.0544311 	-0.0289141 	-1.98324 	0.272151 	0.600338 	0.0173939 	
1.025	0.0545823 	-0.0294902 	-1.98309 	0.2725 	0.601927 	0.0181132 	
1.03	0.0545901 	-0.029839 	-1.98279 	0.272508 	0.601977 	0.0181213 	
1.035	0.054598 	-0.0301883 	-1.98249 	0.272516 	0.602027 	0.0181293 	
1.04	0.0547513 	-0.0307674 	-1.98233 	0.272873 	0.603622 	0.0188547 	
1.045	0.0547593 	-0.0311178 	-1.98203 	0.272881 	0.603672 	0.0188625 	
1.05	0.0547673 	-0.0314687 	-1.98173 	0.272889 	0.603722 	0.0188702 	
1.055	0.0549228 	-0.0320507 	-1.98156 	0.273254 	0.605324 	0.0196014 	
1.06	0.054931 	-0.0324026 	-1.98126 	0.273262 	0.605373 	0.0196088 	
1.065	0.0549393 	-0.032755 	-1.98096 	0.27327 	0.605423 	0.0196162 	
1.07	0.0550968 	-0.0333395 	-1.98079 	0.273643 	0.607031 	0.020353 	
1.075	0.0551052 	-0.0336928 	-1.98049 	0.273651 	0.60708 	0.0203602 	
1.08	0.0551137 	-0.0340465 	-1.98018 	0.273659 	0.607129 	0.0203672 	
1.085	0.0552732 	-0.0346335 	-1.98002 	0.27404 	0.608743 	0.0211095 	
1.09	0.0552818 	-0.034988 	-1.97971 	0.274048 	0.608791 	0.0211163 	
1.095	0.0552905 	-0.035343 	-1.9794 	0.274055 	0.60884 	0.021123 	
1.1	0.0554521 	-0.035932 	-1.97923 	0.274445 	0.610458 	0.0218704 	
1.105	0.0554609 	-0.0362877 	-1.97893 	0.274452 	0.610506 	0.0218769 	
1.11	0.0554698 	-0.0366437 	-1.97862 	0.27446 	0.610554 	0.0218832 	
1.115	0.0556333 	-0.0372347 	-1.97845 	0.274857 	0.612177 	0.0226357 	
1.12	0.0556423 	-0.0375914 	-1.97814 	0.274865 	0.612224 	0.0226418 	
1.125	0.0556514 	-0.0379484 	-1.97783 	0.274872 	0.612272 	0.0226478 	
1.13	0.0558169 	-0.0385411 	-1.97765 	0.275278 	0.613898 	0.023405 	
1.135	0.0558261 	-0.0388987 	-1.97734 	0.275285 	0.613945 	0.0234107 	
1.14	0.0558354 	-0.0392565 	-1.97703 	0.275292 	0.613992 	0.0234163 	
1.145	0.0560027 	-0.0398506 	-1.97686 	0.275705 	0.615621 	0.0241781 	
1.15	0.0560121 	-0.040209 	-1.97654 	0.275713 	0.615668 	0.0241835 	
1.155	0.0560216 	-0.0405675 	-1.97623 	0.27572 	0.615714 	0.0241887 	
1.16	0.0561908 	-0.0411629 	-1.97605 	0.276141 	0.617345 	0.0249548 	
1.165	0.0562004 	-0.0415219 	-1.97574 	0.276148 	0.617392 	0.0249598 	
1.17	0.05621 	-0.041881 	-1.97543 	0.276155 	0.617438 	0.0249647 	
1.175	0.056381 	-0.0424774 	-1.97525 	0.276584 	0.61907 	0.0257348 	
1.18	0.0563908 	-0.0428369 	-1.97493 	0.276591 	0.619116 	0.0257394 	
1.185	0.0564007 	-0.0431964 	-1.97462 	0.276597 	0.619161 	0.0257439 	
1.19	0.0565734 	-0.0437937 	-1.97444 	0.277034 	0.620795 	0.0265179 	
1.195	0.0565833 	-0.0441535 	-1.97412 	0.277041 	0.62084 	0.0265221 	
1.2	0.0565934 	-0.0445133 	-1.97381 	0.277047 	0.620885 	0.0265262 	
1.205	0.0567678 	-0.0451112 	-1.97362 	0.277491 	0.62252 	0.0273038 	
1.21	0.056778 	-0.0454712 	-1.97331 	0.277498 	0.622564 	0.0273077 	
1.215	0.0567882 	-0.0458313 	-1.97299 	0.277505 	0.622608 	0.0273114 	
1.22	0.0569642 	-0.0464295 	-1.9728 	0.277956 	0.624242 	0.0280923 	
1.225	0.0569746 	-0.0467896 	-1.97249 	0.277962 	0.624286 	0.0280958 	
1.23	0.0569849 	-0.0471498 	-1.97217 	0.277969 	0.62433 	0.0280991 	
1.235	0.0571626 	-0.0477481 	-1.97198 	0.278427 	0.625963 	0.0288831 	
1.24	0.0571731 	-0.0481082 	-1.97166 	0.278434 	0.626006 	0.0288862 	
1.245	0.0571837 	-0.0484683 	-1.97135 	0.27844 	0.626049 	0.0288891 	
1.25	0.0573628 	-0.0490665 	-1.97116 	0.278906 	0.627681 	0.0296759 	
1.255	0.0573735 	-0.0494265 	-1.97084 	0.278912 	0.627724 	0.0296786 	
1.26	0.0573842 	-0.0497864 	-1.97052 	0.278918 	0.627766 	0.0296812 	
1.265	0.0575649 	-0.0503843 	-1.97033 	0.279391 	0.629396 	0.0304705 	
1.27	0.0575757 	-0.050744 	-1.97001 	0.279397 	0.629438 	0.0304729 	
1.275	0.0575866 	-0.0511036 	-1.96969 	0.279403 	0.62948 	0.030475 	
1.28	0.0577686 	-0.051701 	-1.9695 	0.279882 	0.631107 	0.0312667 	
1.285	0.0577796 	-0.0520603 	-1.96918 	0.279888 	0.631148 	0.0312686 	
1.29	0.0577907 	-0.0524194 	-1.96886 	0.279894 	0.631189 	0.0312704 	
1.295	0.057974 	-0.0530161 	-1.96867 	0.28038 	0.632813 	0.0320641 	
1.3	0.0579852 	-0.0533748 	-1.96835 	0.280386 	0.632854 	0.0320657 	
1.305	0.0579964 	-0.0537333 	-1.96803 	0.280391 	0.632894 	0.0320671 	
1.31	0.058181 	-0.0543291 	-1.96784 	0.280884 	0.634514 	0.0328626 	
1.315	0.0581923 	-0.0546871 	-1.96752 	0.280889 	0.634554 	0.0328637 	
1.32	0.0582037 	-0.0550449 	-1.9672 	0.280895 	0.634594 	0.0328647 	
1.325	0.0583895 	-0.0556395 	-1.967 	0.281394 	0.636209 	0.0336617 	
1.33	0.0584009 	-0.0559968 	-1.96668 	0.281399 	0.636248 	0.0336625 	
1.335	0.0584124 	-0.0563537 	-1.96636 	0.281404 	0.636287 	0.0336631 	
1.34	0.0585994 	-0.056947 	-1.96617 	0.281909 	0.637898 	0.0344613 	
1.345	0.058611 	-0.0573033 	-1.96585 	0.281914 	0.637937 	0.0344617 	
1.35	0.0586226 	-0.0576593 	-1.96553 	0.28192 	0.637975 	0.0344619 	
1.355	0.0588107 	-0.0582509 	-1.96533 	0.28243 	0.63958 	0.0352611 	
1.36	0.0588224 	-0.0586062 	-1.96501 	0.282435 	0.639618 	0.035261 	
1.365	0.0588341 	-0.0589611 	-1.96469 	0.28244 	0.639655 	0.0352609 	
1.37	0.0590232 	-0.0595509 	-1.96449 	0.282957 	0.641254 	0.0360607 	
1.375	0.059035 	-0.059905 	-1.96417 	0.282962 	0.641291 	0.0360603 	
1.38	0.0590469 	-0.0602587 	-1.96386 	0.282966 	0.641328 	0.0360598 	
1.385	0.0592368 	-0.0608464 	-1.96365 	0.283488 	0.64292 	0.03686 	
1.39	0.0592488 	-0.0611992 	-1.96334 	0.283493 	0.642956 	0.0368592 	
1.395	0.0592608 	-0.0615516 	-1.96302 	0.283498 	0.642992 	0.0368583 	
1.4	0.0594516 	-0.0621371 	-1.96282 	0.284024 	0.644577 	0.0376586 	
1.405	0.0594636 	-0.0624885 	-1.9625 	0.284029 	0.644613 	0.0376574 	
1.41	0.0594757 	-0.0628394 	-1.96218 	0.284033 	0.644648 	0.0376562 	
1.415	0.0596672 	-0.0634224 	-1.96198 	0.284565 	0.646225 	0.0384562 	
1.42	0.0596794 	-0.0637723 	-1.96166 	0.28457 	0.64626 	0.0384547 	
1.425	0.0596916 	-0.0641216 	-1.96135 	0.284574 	0.646294 	0.0384531 	
1.43	0.0598838 	-0.0647019 	-1.96114 	0.28511 	0.647863 	0.0392527 	
1.435	0.0598961 	-0.0650501 	-1.96083 	0.285115 	0.647897 	0.0392508 	
1.44	0.0599084 	-0.0653977 	-1.96051 	0.285119 	0.64793 	0.0392487 	
1.445	0.0601012 	-0.0659752 	-1.96031 	0.28566 	0.64949 	0.0400475 	
1.45	0.0601135 	-0.0663216 	-1.95999 	0.285664 	0.649523 	0.0400453 	
1.455	0.0601259 	-0.0666674 	-1.95968 	0.285668 	0.649556 	0.0400429 	
1.46	0.0603192 	-0.0672418 	-1.95948 	0.286213 	0.651106 	0.0408406 	
1.465	0.0603316 	-0.0675863 	-1.95916 	0.286217 	0.651139 	0.040838 	
1.47	0.0603441 	-0.0679301 	-1.95885 	0.28622 	0.651171 	0.0408353 	
1.475	0.0605378 	-0.0685012 	-1.95864 	0.286769 	0.652711 	0.0416316 	
1.48	0.0605503 	-0.0688437 	-1.95833 	0.286773 	0.652742 	0.0416286 	
1.485	0.0605629 	-0.0691854 	-1.95802 	0.286777 	0.652774 	0.0416255 	
1.49	0.0607569 	-0.069753 	-1.95781 	0.287329 	0.654303 	0.0424201 	
1.495	0.0607695 	-0.0700933 	-1.9575 	0.287332 	0.654334 	0.0424168 	
1.5	0.0607821 	-0.0704329 	-1.95719 	0.287336 	0.654365 	0.0424134 	
1.505	0.0609764 	-0.0709968 	-1.95699 	0.287892 	0.655883 	0.043206 	
1.51	0.060989 	-0.0713349 	-1.95668 	0.287895 	0.655913 	0.0432023 	
1.515	0.0610017 	-0.0716721 	-1.95637 	0.287898 	0.655943 	0.0431986 	
1.52	0.0611961 	-0.0722321 	-1.95616 	0.288457 	0.65745 	0.0439888 	
1.525	0.0612088 	-0.0725678 	-1.95585 	0.28846 	0.657479 	0.0439848 	
1.53	0.0612215 	-0.0729027 	-1.95554 	0.288463 	0.657508 	0.0439808 	
1.535	0.061416 	-0.0734586 	-1.95534 	0.289025 	0.659002 	0.0447684 	
1.54	0.0614287 	-0.0737918 	-1.95503 	0.289028 	0.659031 	0.0447641 	
1.545	0.0614415 	-0.0741241 	-1.95473 	0.28903 	0.65906 	0.0447597 	
1.55	0.0616359 	-0.0746757 	-1.95452 	0.289594 	0.660541 	0.0455443 	
1.555	0.0616487 	-0.0750063 	-1.95422 	0.289597 	0.660569 	0.0455398 	
1.56	0.0616615 	-0.0753359 	-1.95391 	0.2896 	0.660597 	0.0455351 	
1.565	0.0618558 	-0.075883 	-1.95371 	0.290165 	0.662065 	0.0463164 	
1.57	0.0618686 	-0.0762109 	-1.9534 	0.290168 	0.662092 	0.0463115 	
1.575	0.0618814 	-0.0765378 	-1.9531 	0.290171 	0.662119 	0.0463065 	
1.58	0.0620755 	-0.0770802 	-1.9529 	0.290738 	0.663574 	0.0470843 	
1.585	0.0620883 	-0.0774053 	-1.95259 	0.290741 	0.6636 	0.0470791 	
1.59	0.0621011 	-0.0777293 	-1.95229 	0.290743 	0.663626 	0.0470738 	
1.595	0.0621139 	-0.0780524 	-1.95199 	0.290745 	0.663652 	0.0470685 	
1.6	0.0623618 	-0.0786529 	-1.95182 	0.291484 	0.665514 	0.0480746 	
1.605	0.0623746 	-0.078974 	-1.95152 	0.291486 	0.665539 	0.048069 	
1.61	0.0623874 	-0.079294 	-1.95122 	0.291488 	0.665565 	0.0480634 	
1.615	0.0625861 	-0.0798312 	-1.95102 	0.292076 	0.667028 	0.0488554 	
1.62	0.0625989 	-0.0801492 	-1.95073 	0.292078 	0.667053 	0.0488496 	
1.625	0.0626118 	-0.0804661 	-1.95043 	0.29208 	0.667077 	0.0488436 	
1.63	0.0626246 	-0.080782 	-1.95014 	0.292082 	0.667101 	0.0488376 	
1.635	0.0628714 	-0.0813694 	-1.94996 	0.292824 	0.668922 	0.0498327 	
1.64	0.0628842 	-0.0816831 	-1.94967 	0.292826 	0.668946 	0.0498265 	
1.645	0.062897 	-0.0819957 	-1.94938 	0.292828 	0.668969 	0.0498203 	
1.65	0.0629099 	-0.0823072 	-1.94909 	0.292829 	0.668993 	0.0498139 	
1.655	0.0631604 	-0.082892 	-1.94891 	0.293588 	0.670824 	0.0508217 	
1.66	0.0631732 	-0.0832013 	-1.94862 	0.29359 	0.670847 	0.0508152 	
1.665	0.063186 	-0.0835093 	-1.94834 	0.293591 	0.670869 	0.0508086 	
1.67	0.0631988 	-0.0838162 	-1.94805 	0.293593 	0.670891 	0.0508019 	
1.675	0.0634484 	-0.0843929 	-1.94788 	0.294352 	0.672698 	0.0518022 	
1.68	0.0634612 	-0.0846974 	-1.94759 	0.294354 	0.672719 	0.0517954 	
1.685	0.0634739 	-0.0850008 	-1.94731 	0.294355 	0.672741 	0.0517885 	
1.69	0.0634866 	-0.085303 	-1.94702 	0.294356 	0.672762 	0.0517815 	
1.695	0.0637346 	-0.0858705 	-1.94685 	0.295114 	0.674539 	0.0527715 	
1.7	0.0637473 	-0.0861703 	-1.94657 	0.295116 	0.67456 	0.0527645 	
1.705	0.06376 	-0.0864688 	-1.94629 	0.295117 	0.674581 	0.0527573 	
1.71	0.0637726 	-0.086766 	-1.94601 	0.295118 	0.674601 	0.0527501 	
1.715	0.0640187 	-0.0873241 	-1.94584 	0.295874 	0.676347 	0.0537289 	
1.72	0.0640313 	-0.0876189 	-1.94556 	0.295875 	0.676367 	0.0537215 	
1.725	0.0640439 	-0.0879123 	-1.94528 	0.295876 	0.676387 	0.0537141 	
1.73	0.0640565 	-0.0882044 	-1.94501 	0.295877 	0.676406 	0.0537066 	
1.735	0.0643003 	-0.0887527 	-1.94484 	0.296629 	0.67812 	0.0546734 	
1.74	0.0643128 	-0.0890423 	-1.94457 	0.29663 	0.678139 	0.0546658 	
1.745	0.0643253 	-0.0893304 	-1.94429 	0.296631 	0.678158 	0.0546582 	
1.75	0.0643378 	-0.0896173 	-1.94402 	0.296631 	0.678177 	0.0546505 	
1.755	0.0645793 	-0.0901555 	-1.94385 	0.29738 	0.679858 	0.0556044 	
1.76	0.0645917 	-0.0904397 	-1.94358 	0.29738 	0.679876 	0.0555966 	
1.765	0.0646041 	-0.0907224 	-1.94332 	0.297381 	0.679894 	0.0555888 	
1.77	0.0646164 	-0.0910038 	-1.94305 	0.297381 	0.679912 	0.0555808 	
1.775	0.0648552 	-0.0915316 	-1.94288 	0.298125 	0.681559 	0.0565212 	
1.78	0.0648675 	-0.0918103 	-1.94262 	0.298125 	0.681577 	0.0565132 	
1.785	0.0648798 	-0.0920875 	-1.94236 	0.298125 	0.681594 	0.0565052 	
1.79	0.064892 	-0.0923632 	-1.9421 	0.298126 	0.681611 	0.0564971 	
1.795	0.0651278 	-0.0928803 	-1.94193 	0.298863 	0.683224 	0.0574231 	
1.8	0.06514 	-0.0931532 	-1.94167 	0.298863 	0.68324 	0.0574149 	
1.805	0.0651521 	-0.0934247 	-1.94141 	0.298863 	0.683256 	0.0574068 	
1.81	0.0651642 	-0.0936947 	-1.94116 	0.298864 	0.683272 	0.0573985 	
1.815	0.0653969 	-0.0942007 	-1.94099 	0.299594 	0.68485 	0.0583094 	
1.82	0.0654089 	-0.0944678 	-1.94074 	0.299594 	0.684866 	0.0583011 	
1.825	0.0654209 	-0.0947334 	-1.94048 	0.299594 	0.684881 	0.0582928 	
1.83	0.0654328 	-0.0949974 	-1.94023 	0.299594 	0.684896 	0.0582844 	
1.835	0.0656621 	-0.0954921 	-1.94007 	0.300316 	0.686438 	0.0591794 	
1.84	0.065674 	-0.0957532 	-1.93982 	0.300316 	0.686452 	0.059171 	
1.845	0.0656858 	-0.0960127 	-1.93957 	0.300316 	0.686467 	0.0591625 	
1.85	0.0656975 	-0.0962707 	-1.93933 	0.300316 	0.686481 	0.0591541 	
1.855	0.0659232 	-0.0967537 	-1.93917 	0.301029 	0.687986 	0.0600324 	
1.86	0.0659348 	-0.0970086 	-1.93892 	0.301029 	0.688 	0.0600239 	
1.865	0.0659465 	-0.097262 	-1.93868 	0.301029 	0.688014 	0.0600154 	
1.87	0.0659581 	-0.0975137 	-1.93844 	0.301029 	0.688027 	0.0600068 	
1.875	0.0661798 	-0.0979849 	-1.93828 	0.301732 	0.689494 	0.0608677 	
1.88	0.0661913 	-0.0982335 	-1.93804 	0.301732 	0.689507 	0.0608592 	
1.885	0.0662027 	-0.0984804 	-1.93781 	0.301732 	0.68952 	0.0608506 	
1.89	0.0662141 	-0.0987258 	-1.93757 	0.301731 	0.689533 	0.060842 	
1.895	0.0664317 	-0.0991848 	-1.93742 	0.302424 	0.690961 	0.0616848 	
1.9	0.066443 	-0.0994269 	-1.93719 	0.302424 	0.690974 	0.0616762 	
1.905	0.0664542 	-0.0996674 	-1.93695 	0.302423 	0.690986 	0.0616676 	
1.91	0.0664654 	-0.0999062 	-1.93673 	0.302423 	0.690998 	0.0616589 	
1.915	0.0666787 	-0.100353 	-1.93657 	0.303104 	0.692387 	0.0624828 	
1.92	0.0666897 	-0.100588 	-1.93635 	0.303103 	0.692399 	0.0624742 	
1.925	0.0667007 	-0.100822 	-1.93612 	0.303103 	0.69241 	0.0624656 	
1.93	0.0667116 	-0.101054 	-1.9359 	0.303102 	0.692422 	0.0624569 	
1.935	0.0667225 	-0.101285 	-1.93568 	0.303102 	0.692433 	0.0624483 	
1.94	0.0669748 	-0.101762 	-1.93554 	0.303918 	0.694076 	0.0634318 	
1.945	0.0669856 	-0.101989 	-1.93533 	0.303918 	0.694087 	0.0634231 	
1.95	0.0669962 	-0.102214 	-1.93511 	0.303917 	0.694098 	0.0634145 	
1.955	0.0670069 	-0.102438 	-1.93489 	0.303916 	0.694109 	0.0634059 	
1.96	0.0670175 	-0.10266 	-1.93468 	0.303915 	0.694119 	0.0633974 	
1.965	0.0672669 	-0.103124 	-1.93455 	0.304727 	0.69573 	0.0643683 	
1.97	0.0672774 	-0.103342 	-1.93434 	0.304726 	0.69574 	0.0643597 	
1.975	0.0672877 	-0.103559 	-1.93413 	0.304725 	0.69575 	0.0643511 	
1.98	0.067298 	-0.103774 	-1.93392 	0.304724 	0.69576 	0.0643426 	
1.985	0.0673083 	-0.103987 	-1.93372 	0.304723 	0.69577 	0.0643341 	
1.99	0.0675503 	-0.104433 	-1.93359 	0.305514 	0.697319 	0.0652736 	
1.995	0.0675604 	-0.104642 	-1.93339 	0.305513 	0.697329 	0.0652652 	
2	0.0675704 	-0.10485 	-1.93319 	0.305512 	0.697338 	0.0652567 	
2.005	0.0675803 	-0.105056 	-1.93299 	0.305511 	0.697347 	0.0652483 	
2.01	0.0675902 	-0.10526 	-1.93279 	0.30551 	0.697356 	0.0652399 	
2.015	0.0678239 	-0.105687 	-1.93267 	0.306275 	0.69884 	0.066145 	
2.02	0.0678336 	-0.105888 	-1.93248 	0.306274 	0.698849 	0.0661366 	
2.025	0.0678433 	-0.106086 	-1.93229 	0.306273 	0.698857 	0.0661283 	
2.03	0.0678529 	-0.106283 	-1.9321 	0.306272 	0.698866 	0.0661201 	
2.035	0.0678624 	-0.106478 	-1.93191 	0.306271 	0.698874 	0.0661118 	
2.04	0.0680873 	-0.106886 	-1.93179 	0.307011 	0.700291 	0.0669809 	
2.045	0.0680966 	-0.107077 	-1.93161 	0.30701 	0.700299 	0.0669727 	
2.05	0.0681059 	-0.107267 	-1.93142 	0.307009 	0.700307 	0.0669646 	
2.055	0.0681151 	-0.107455 	-1.93124 	0.307008 	0.700314 	0.0669565 	
2.06	0.0681243 	-0.10764 	-1.93106 	0.307007 	0.700322 	0.0669485 	
2.065	0.0681333 	-0.107824 	-1.93088 	0.307005 	0.700329 	0.0669405 	
2.07	0.0683849 	-0.108246 	-1.93078 	0.307841 	0.701911 	0.0679183 	
2.075	0.0683938 	-0.108426 	-1.93061 	0.30784 	0.701918 	0.0679104 	
2.08	0.0684026 	-0.108604 	-1.93043 	0.307839 	0.701925 	0.0679025 	
2.085	0.0684113 	-0.108781 	-1.93026 	0.307838 	0.701932 	0.0678947 	
2.09	0.06842 	-0.108955 	-1.93009 	0.307836 	0.701939 	0.0678869 	
2.095	0.0684285 	-0.109127 	-1.92992 	0.307835 	0.701946 	0.0678792 	
2.1	0.0686704 	-0.109527 	-1.92983 	0.308642 	0.703454 	0.0688179 	
2.105	0.0686787 	-0.109695 	-1.92967 	0.308641 	0.703461 	0.0688103 	
2.11	0.068687 	-0.109862 	-1.9295 	0.30864 	0.703467 	0.0688028 	
2.115	0.0686953 	-0.110027 	-1.92934 	0.308638 	0.703473 	0.0687953 	
2.12	0.0687034 	-0.110189 	-1.92919 	0.308637 	0.703479 	0.0687878 	
2.125	0.0687114 	-0.11035 	-1.92903 	0.308636 	0.703485 	0.0687805 	
2.13	0.0689393 	-0.110723 	-1.92894 	0.309399 	0.704895 	0.0696632 	
2.135	0.0689471 	-0.11088 	-1.92879 	0.309397 	0.704901 	0.0696559 	
2.14	0.0689549 	-0.111035 	-1.92864 	0.309396 	0.704907 	0.0696487 	
2.145	0.0689626 	-0.111188 	-1.92849 	0.309395 	0.704912 	0.0696416 	
2.15	0.0689702 	-0.111339 	-1.92834 	0.309394 	0.704918 	0.0696345 	
2.155	0.0689777 	-0.111488 	-1.92819 	0.309393 	0.704923 	0.0696275 	
2.16	0.0689851 	-0.111635 	-1.92805 	0.309392 	0.704928 	0.0696206 	
2.165	0.0692271 	-0.112006 	-1.92798 	0.310208 	0.706421 	0.0705619 	
2.17	0.0692344 	-0.112149 	-1.92784 	0.310207 	0.706426 	0.0705551 	
2.175	0.0692415 	-0.11229 	-1.9277 	0.310206 	0.706431 	0.0705483 	
2.18	0.0692485 	-0.112429 	-1.92757 	0.310205 	0.706436 	0.0705417 	
2.185	0.0692554 	-0.112566 	-1.92743 	0.310204 	0.70644 	0.0705351 	
2.19	0.0692623 	-0.112701 	-1.9273 	0.310203 	0.706445 	0.0705286 	
2.195	0.069269 	-0.112834 	-1.92717 	0.310202 	0.70645 	0.0705222 	
2.2	0.0694934 	-0.113173 	-1.9271 	0.310962 	0.707824 	0.0713938 	
2.205	0.0695 	-0.113302 	-1.92698 	0.31096 	0.707828 	0.0713876 	
2.21	0.0695064 	-0.113429 	-1.92685 	0.310959 	0.707832 	0.0713814 	
2.215	0.0695128 	-0.113553 	-1.92673 	0.310958 	0.707836 	0.0713753 	
2.22	0.069519 	-0.113676 	-1.92661 	0.310957 	0.70784 	0.0713693 	
2.225	0.0695252 	-0.113797 	-1.92649 	0.310956 	0.707844 	0.0713634 	
2.23	0.0695312 	-0.113915 	-1.92638 	0.310955 	0.707848 	0.0713575 	
2.235	0.0695372 	-0.114032 	-1.92626 	0.310954 	0.707852 	0.0713517 	
2.24	0.0697632 	-0.114356 	-1.92621 	0.311725 	0.70923 	0.0722322 	
2.245	0.069769 	-0.114468 	-1.9261 	0.311724 	0.709234 	0.0722266 	
2.25	0.0697746 	-0.114578 	-1.926 	0.311723 	0.709237 	0.0722211 	
2.255	0.0697802 	-0.114687 	-1.92589 	0.311722 	0.709241 	0.0722157 	
2.26	0.0697856 	-0.114793 	-1.92578 	0.311721 	0.709244 	0.0722104 	
2.265	0.069791 	-0.114897 	-1.92568 	0.31172 	0.709247 	0.0722052 	
2.27	0.0697962 	-0.114999 	-1.92558 	0.311719 	0.70925 	0.0722001 	
2.275	0.0698013 	-0.115099 	-1.92548 	0.311718 	0.709253 	0.072195 	
2.28	0.0698064 	-0.115197 	-1.92539 	0.311717 	0.709256 	0.0721901 	
2.285	0.0698113 	-0.115292 	-1.92529 	0.311716 	0.709259 	0.0721852 	
2.29	0.0700495 	-0.115606 	-1.92527 	0.312536 	0.710709 	0.0731178 	
2.295	0.0700542 	-0.115697 	-1.92518 	0.312535 	0.710711 	0.0731131 	
2.3	0.0700588 	-0.115787 	-1.92509 	0.312534 	0.710714 	0.0731085 	
2.305	0.0700633 	-0.115874 	-1.925 	0.312533 	0.710716 	0.0731041 	
2.31	0.0700677 	-0.115959 	-1.92492 	0.312532 	0.710719 	0.0730997 	
2.315	0.070072 	-0.116042 	-1.92484 	0.312531 	0.710721 	0.0730955 	
2.32	0.0700761 	-0.116123 	-1.92476 	0.312531 	0.710724 	0.0730913 	
2.325	0.0700802 	-0.116202 	-1.92468 	0.31253 	0.710726 	0.0730872 	
2.33	0.0700842 	-0.116279 	-1.92461 	0.312529 	0.710728 	0.0730833 	
2.335	0.070088 	-0.116353 	-1.92453 	0.312528 	0.710731 	0.0730794 	
2.34	0.0700918 	-0.116426 	-1.92446 	0.312528 	0.710733 	0.0730757 	
2.345	0.0700954 	-0.116496 	-1.92439 	0.312527 	0.710735 	0.073072 	
2.35	0.0703201 	-0.116771 	-1.92438 	0.313306 	0.712097 	0.0739552 	
2.355	0.0703235 	-0.116837 	-1.92432 	0.313306 	0.712099 	0.0739517 	
2.36	0.0703268 	-0.116901 	-1.92426 	0.313305 	0.7121 	0.0739484 	
2.365	0.07033 	-0.116963 	-1.9242 	0.313304 	0.712102 	0.0739452 	
2.37	0.0703331 	-0.117022 	-1.92414 	0.313304 	0.712104 	0.0739421 	
2.375	0.0703361 	-0.11708 	-1.92408 	0.313303 	0.712105 	0.0739391 	
2.38	0.070339 	-0.117135 	-1.92403 	0.313302 	0.712107 	0.0739362 	
2.385	0.0703417 	-0.117188 	-1.92397 	0.313302 	0.712108 	0.0739334 	
2.39	0.0703444 	-0.117239 	-1.92392 	0.313301 	0.71211 	0.0739308 	
2.395	0.0703469 	-0.117288 	-1.92388 	0.313301 	0.712111 	0.0739282 	
2.4	0.0703494 	-0.117335 	-1.92383 	0.3133 	0.712113 	0.0739257 	
2.405	0.0703517 	-0.117379 	-1.92379 	0.3133 	0.712114 	0.0739234 	
2.41	0.0703539 	-0.117421 	-1.92374 	0.313299 	0.712115 	0.0739212 	
2.415	0.070356 	-0.117462 	-1.9237 	0.313299 	0.712116 	0.073919 	
2.42	0.0703578 	-0.117496 	-1.92367 	0.313298 	0.712117 	0.0739172 	
2.425	0.0703598 	-0.117535 	-1.92363 	0.313298 	0.712118 	0.0739151 	
2.43	0.0703614 	-0.117566 	-1.9236 	0.313298 	0.712119 	0.0739135 	
2.435	0.0703631 	-0.117597 	-1.92357 	0.313297 	0.71212 	0.0739119 	
2.44	0.0703646 	-0.117627 	-1.92354 	0.313297 	0.712121 	0.0739103 	
2.445	0.070366 	-0.117654 	-1.92351 	0.313297 	0.712121 	0.0739088 	
2.45	0.0703674 	-0.11768 	-1.92349 	0.313296 	0.712122 	0.0739075 	
2.455	0.0703686 	-0.117703 	-1.92347 	0.313296 	0.712123 	0.0739063 	
2.46	0.0705899 	-0.117928 	-1.9235 	0.314075 	0.713469 	0.0747871 	
2.465	0.0705909 	-0.117947 	-1.92349 	0.314075 	0.713469 	0.0747859 	
2.47	0.0705918 	-0.117963 	-1.92347 	0.314075 	0.713469 	0.0747851 	
2.475	0.0705925 	-0.117978 	-1.92346 	0.314075 	0.71347 	0.0747843 	
2.48	0.0705931 	-0.11799 	-1.92344 	0.314075 	0.71347 	0.0747836 	
2.485	0.0705937 	-0.118 	-1.92343 	0.314075 	0.71347 	0.0747831 	
2.49	0.0705941 	-0.118008 	-1.92343 	0.314074 	0.713471 	0.0747827 	
2.495	0.0705944 	-0.118014 	-1.92342 	0.314074 	0.713471 	0.0747824 	
2.5	0.0705944 	-0.118014 	-1.92342 	0.314074 	0.713471 	0.0747824 	
2.505	0.0705946 	-0.118018 	-1.92342 	0.314074 	0.713471 	0.0747822 	
2.51	0.0705858 	-0.11801 	-1.92343 	0.314078 	0.713472 	0.0747935 	
2.515	0.0705858 	-0.11801 	-1.92343 	0.314078 	0.713472 	0.0747935 	
2.52	0.0705831 	-0.118015 	-1.92342 	0.314077 	0.713466 	0.0747943 	
2.525	0.0706019 	-0.118044 	-1.92337 	0.314068 	0.713456 	0.0747667 	
2.53	0.0706001 	-0.118051 	-1.92336 	0.314066 	0.713449 	0.0747661 	
2.535	0.0705975 	-0.11806 	-1.92334 	0.314065 	0.713441 	0.0747656 	
2.54	0.0705944 	-0.11807 	-1.92332 	0.314063 	0.713431 	0.0747651 	
2.545	0.0705908 	-0.118083 	-1.9233 	0.314061 	0.713419 	0.0747644 	
2.55	0.0705867 	-0.118096 	-1.92327 	0.314059 	0.713405 	0.0747637 	
2.555	0.0705821 	-0.118112 	-1.92324 	0.314056 	0.71339 	0.0747629 	
2.56	0.0705771 	-0.118129 	-1.92321 	0.314053 	0.713373 	0.074762 	
2.565	0.0705715 	-0.118148 	-1.92317 	0.31405 	0.713355 	0.074761 	
2.57	0.0705655 	-0.118168 	-1.92313 	0.314047 	0.713335 	0.07476 	
2.575	0.0705589 	-0.11819 	-1.92309 	0.314043 	0.713314 	0.0747588 	
2.58	0.0705519 	-0.118214 	-1.92304 	0.314039 	0.713291 	0.0747576 	
2.585	0.0705437 	-0.118242 	-1.92299 	0.314034 	0.713263 	0.0747561 	
2.59	0.0705364 	-0.118267 	-1.92294 	0.31403 	0.713239 	0.0747548 	
2.595	0.0705271 	-0.118298 	-1.92288 	0.314025 	0.713209 	0.0747532 	
2.6	0.0705181 	-0.118328 	-1.92282 	0.31402 	0.713179 	0.0747516 	
2.605	0.0705087 	-0.11836 	-1.92276 	0.314014 	0.713148 	0.0747499 	
2.61	0.0704987 	-0.118394 	-1.92269 	0.314009 	0.713115 	0.0747482 	
2.615	0.0704883 	-0.118429 	-1.92262 	0.314003 	0.713081 	0.0747463 	
2.62	0.0704773 	-0.118466 	-1.92255 	0.313997 	0.713045 	0.0747444 	
2.625	0.0704659 	-0.118505 	-1.92248 	0.31399 	0.713007 	0.0747424 	
2.63	0.0704541 	-0.118545 	-1.9224 	0.313983 	0.712968 	0.0747403 	
2.635	0.0704417 	-0.118587 	-1.92232 	0.313976 	0.712927 	0.0747381 	
2.64	0.0704289 	-0.11863 	-1.92223 	0.313969 	0.712885 	0.0747358 	
2.645	0.0704156 	-0.118675 	-1.92215 	0.313961 	0.712841 	0.0747334 	
2.65	0.0704018 	-0.118722 	-1.92206 	0.313954 	0.712795 	0.074731 	
2.655	0.0703875 	-0.11877 	-1.92196 	0.313945 	0.712748 	0.0747285 	
2.66	0.0703728 	-0.11882 	-1.92187 	0.313937 	0.7127 	0.0747258 	
2.665	0.0703576 	-0.118872 	-1.92177 	0.313928 	0.712649 	0.0747231 	
2.67	0.0703419 	-0.118925 	-1.92166 	0.313919 	0.712598 	0.0747203 	
2.675	0.0703258 	-0.11898 	-1.92156 	0.31391 	0.712544 	0.0747175 	
2.68	0.0703092 	-0.119036 	-1.92145 	0.313901 	0.712489 	0.0747145 	
2.685	0.0702921 	-0.119094 	-1.92134 	0.313891 	0.712433 	0.0747115 	
2.69	0.0702745 	-0.119153 	-1.92122 	0.313881 	0.712375 	0.0747083 	
2.695	0.0702565 	-0.119214 	-1.9211 	0.313871 	0.712316 	0.0747051 	
2.7	0.0702381 	-0.119277 	-1.92098 	0.31386 	0.712254 	0.0747018 	
2.705	0.0702191 	-0.119341 	-1.92086 	0.31385 	0.712192 	0.0746984 	
2.71	0.0701997 	-0.119407 	-1.92073 	0.313838 	0.712128 	0.0746949 	
2.715	0.0701799 	-0.119474 	-1.9206 	0.313827 	0.712062 	0.0746914 	
2.72	0.0701596 	-0.119543 	-1.92046 	0.313816 	0.711995 	0.0746877 	
2.725	0.0701388 	-0.119613 	-1.92033 	0.313804 	0.711926 	0.074684 	
2.73	0.0701176 	-0.119685 	-1.92019 	0.313792 	0.711856 	0.0746802 	
2.735	0.0700025 	-0.119458 	-1.91997 	0.313703 	0.710128 	0.0747216 	
2.74	0.0699804 	-0.119533 	-1.91983 	0.313691 	0.710054 	0.0747176 	
2.745	0.0699578 	-0.11961 	-1.91968 	0.313678 	0.70998 	0.0747136 	
2.75	0.0699348 	-0.119688 	-1.91952 	0.313665 	0.709903 	0.0747094 	
2.755	0.0699113 	-0.119768 	-1.91937 	0.313651 	0.709826 	0.0747052 	
2.76	0.0698874 	-0.119849 	-1.91921 	0.313638 	0.709746 	0.0747009 	
2.765	0.0698631 	-0.119932 	-1.91905 	0.313624 	0.709666 	0.0746965 	
2.77	0.0698383 	-0.120016 	-1.91889 	0.31361 	0.709583 	0.074692 	
2.775	0.069813 	-0.120102 	-1.91872 	0.313595 	0.7095 	0.0746875 	
2.78	0.0697637 	-0.120164 	-1.91859 	0.31359 	0.709419 	0.074714 	
2.785	0.0697373 	-0.120252 	-1.91842 	0.313576 	0.709332 	0.0747096 	
2.79	0.0697108 	-0.120343 	-1.91824 	0.313561 	0.709244 	0.0747048 	
2.795	0.0696838 	-0.120434 	-1.91806 	0.313545 	0.709155 	0.0746999 	
2.8	0.0696564 	-0.120528 	-1.91788 	0.31353 	0.709064 	0.0746949 	
2.805	0.0696285 	-0.120623 	-1.9177 	0.313514 	0.708971 	0.0746898 	
2.81	0.0696003 	-0.120719 	-1.91751 	0.313498 	0.708877 	0.0746846 	
2.815	0.0694553 	-0.120517 	-1.91725 	0.313299 	0.707094 	0.074591 	
2.82	0.0694262 	-0.120616 	-1.91705 	0.313282 	0.706997 	0.0745857 	
2.825	0.0693967 	-0.120717 	-1.91686 	0.313265 	0.706899 	0.0745803 	
2.83	0.0693667 	-0.120819 	-1.91666 	0.313248 	0.7068 	0.0745749 	
2.835	0.0693364 	-0.120923 	-1.91646 	0.313231 	0.706699 	0.0745693 	
2.84	0.0693056 	-0.121028 	-1.91626 	0.313214 	0.706596 	0.0745637 	
2.845	0.0692744 	-0.121134 	-1.91605 	0.313196 	0.706492 	0.074558 	
2.85	0.0692428 	-0.121242 	-1.91584 	0.313178 	0.706387 	0.0745522 	
2.855	0.0692108 	-0.121352 	-1.91563 	0.31316 	0.706281 	0.0745463 	
2.86	0.0691784 	-0.121463 	-1.91541 	0.313141 	0.706173 	0.0745404 	
2.865	0.0691456 	-0.121575 	-1.91519 	0.313123 	0.706063 	0.0745343 	
2.87	0.0691124 	-0.121688 	-1.91497 	0.313104 	0.705953 	0.0745282 	
2.875	0.0690788 	-0.121803 	-1.91475 	0.313085 	0.70584 	0.074522 	
2.88	0.0689252 	-0.121618 	-1.91445 	0.312871 	0.704018 	0.0744138 	
2.885	0.0688909 	-0.121736 	-1.91422 	0.312851 	0.703903 	0.0744075 	
2.89	0.0688561 	-0.121855 	-1.91399 	0.312832 	0.703787 	0.074401 	
2.895	0.0688209 	-0.121975 	-1.91375 	0.312812 	0.70367 	0.0743945 	
2.9	0.0687854 	-0.122097 	-1.91352 	0.312791 	0.703551 	0.074388 	
2.905	0.0687494 	-0.122221 	-1.91328 	0.312771 	0.703431 	0.0743813 	
2.91	0.0687131 	-0.122345 	-1.91304 	0.31275 	0.70331 	0.0743746 	
2.915	0.0686764 	-0.122471 	-1.91279 	0.31273 	0.703187 	0.0743678 	
2.92	0.0686393 	-0.122598 	-1.91255 	0.312708 	0.703063 	0.0743609 	
2.925	0.0686019 	-0.122727 	-1.9123 	0.312687 	0.702937 	0.0743539 	
2.93	0.0685641 	-0.122857 	-1.91204 	0.312666 	0.702811 	0.0743468 	
2.935	0.0684089 	-0.122694 	-1.91171 	0.312454 	0.701009 	0.0742394 	
2.94	0.0683703 	-0.122826 	-1.91145 	0.312432 	0.70088 	0.0742323 	
2.945	0.0683314 	-0.12296 	-1.91119 	0.31241 	0.70075 	0.074225 	
2.95	0.0682922 	-0.123095 	-1.91093 	0.312388 	0.700618 	0.0742177 	
2.955	0.0682526 	-0.123232 	-1.91067 	0.312365 	0.700485 	0.0742102 	
2.96	0.0682126 	-0.123369 	-1.9104 	0.312342 	0.700351 	0.0742027 	
2.965	0.0681723 	-0.123508 	-1.91013 	0.31232 	0.700216 	0.0741952 	
2.97	0.0681316 	-0.123648 	-1.90986 	0.312296 	0.700079 	0.0741875 	
2.975	0.0680906 	-0.12379 	-1.90959 	0.312273 	0.699942 	0.0741798 	
2.98	0.0680492 	-0.123932 	-1.90931 	0.31225 	0.699802 	0.074172 	
2.985	0.0678901 	-0.123781 	-1.90895 	0.312036 	0.69798 	0.074064 	
2.99	0.0678481 	-0.123926 	-1.90867 	0.312012 	0.697839 	0.0740561 	
2.995	0.0678058 	-0.124073 	-1.90839 	0.311988 	0.697696 	0.0740481 	
3	0.0677631 	-0.12422 	-1.9081 	0.311964 	0.697553 	0.07404 	
3.005	0.0677201 	-0.124369 	-1.90781 	0.311939 	0.697408 	0.0740318 	
3.01	0.0676767 	-0.124519 	-1.90752 	0.311915 	0.697262 	0.0740236 	
3.015	0.0676331 	-0.12467 	-1.90723 	0.31189 	0.697114 	0.0740153 	
3.02	0.0675891 	-0.124822 	-1.90693 	0.311865 	0.696966 	0.0740069 	
3.025	0.0675448 	-0.124976 	-1.90663 	0.31184 	0.696817 	0.0739984 	
3.03	0.0675002 	-0.12513 	-1.90633 	0.311814 	0.696666 	0.0739899 	
3.035	0.0673289 	-0.124969 	-1.90595 	0.311585 	0.6947 	0.0738742 	
3.04	0.0672837 	-0.125126 	-1.90564 	0.311559 	0.694547 	0.0738656 	
3.045	0.0672381 	-0.125284 	-1.90533 	0.311533 	0.694393 	0.0738568 	
3.05	0.0671923 	-0.125443 	-1.90503 	0.311508 	0.694238 	0.0738481 	
3.055	0.0671462 	-0.125603 	-1.90471 	0.311481 	0.694082 	0.0738392 	
3.06	0.0670998 	-0.125764 	-1.9044 	0.311455 	0.693925 	0.0738303 	
3.065	0.0670531 	-0.125927 	-1.90409 	0.311429 	0.693767 	0.0738212 	
3.07	0.0670061 	-0.12609 	-1.90377 	0.311402 	0.693608 	0.0738122 	
3.075	0.0669588 	-0.126255 	-1.90345 	0.311375 	0.693448 	0.073803 	
3.08	0.0667885 	-0.126112 	-1.90304 	0.311151 	0.691519 	0.0736904 	
3.085	0.0667406 	-0.126279 	-1.90272 	0.311124 	0.691356 	0.0736812 	
3.09	0.0666926 	-0.126447 	-1.9024 	0.311096 	0.691193 	0.0736718 	
3.095	0.0666512 	-0.126623 	-1.90206 	0.311066 	0.691028 	0.0736534 	
3.1	0.0666026 	-0.126793 	-1.90173 	0.311039 	0.690862 	0.0736438 	
3.105	0.0665537 	-0.126964 	-1.9014 	0.311011 	0.690696 	0.0736343 	
3.11	0.0665045 	-0.127135 	-1.90106 	0.310983 	0.690529 	0.0736247 	
3.115	0.0664551 	-0.127308 	-1.90073 	0.310955 	0.690361 	0.073615 	
3.12	0.0662901 	-0.127193 	-1.90031 	0.310742 	0.688529 	0.0735088 	
3.125	0.0662402 	-0.127368 	-1.89997 	0.310714 	0.688359 	0.0734991 	
3.13	0.0661901 	-0.127543 	-1.89963 	0.310686 	0.688188 	0.0734892 	
3.135	0.0661397 	-0.12772 	-1.89929 	0.310657 	0.688016 	0.0734793 	
3.14	0.0660891 	-0.127897 	-1.89895 	0.310628 	0.687844 	0.0734693 	
3.145	0.0660382 	-0.128075 	-1.8986 	0.3106 	0.68767 	0.0734593 	
3.15	0.0659871 	-0.128255 	-1.89825 	0.310571 	0.687495 	0.0734492 	
3.155	0.0659357 	-0.128435 	-1.8979 	0.310542 	0.68732 	0.073439 	
3.16	0.0657652 	-0.128319 	-1.89747 	0.310322 	0.685426 	0.07333 	
3.165	0.0657135 	-0.128501 	-1.89711 	0.310293 	0.685249 	0.0733197 	
3.17	0.0656615 	-0.128684 	-1.89676 	0.310264 	0.685071 	0.0733094 	
3.175	0.0656092 	-0.128867 	-1.8964 	0.310234 	0.684892 	0.073299 	
3.18	0.0655568 	-0.129052 	-1.89604 	0.310205 	0.684713 	0.0732886 	
3.185	0.0655042 	-0.129237 	-1.89568 	0.310175 	0.684532 	0.073278 	
3.19	0.0654513 	-0.129423 	-1.89532 	0.310145 	0.684351 	0.0732675 	
3.195	0.0653983 	-0.12961 	-1.89496 	0.310115 	0.684169 	0.0732568 	
3.2	0.0652219 	-0.129491 	-1.89451 	0.309889 	0.682203 	0.0731444 	
3.205	0.0651685 	-0.12968 	-1.89414 	0.309859 	0.68202 	0.0731337 	
3.21	0.0651149 	-0.129869 	-1.89377 	0.309828 	0.681836 	0.073123 	
3.215	0.065061 	-0.130059 	-1.89341 	0.309798 	0.681651 	0.0731121 	
3.22	0.0650071 	-0.13025 	-1.89304 	0.309768 	0.681465 	0.0731012 	
3.225	0.0649529 	-0.130441 	-1.89266 	0.309737 	0.681279 	0.0730903 	
3.23	0.0648985 	-0.130634 	-1.89229 	0.309706 	0.681091 	0.0730792 	
3.235	0.064844 	-0.130827 	-1.89192 	0.309675 	0.680904 	0.0730682 	
3.24	0.0646623 	-0.130704 	-1.89145 	0.309443 	0.678873 	0.0729529 	
3.245	0.0646075 	-0.130899 	-1.89107 	0.309412 	0.678684 	0.0729418 	
3.25	0.0645525 	-0.131094 	-1.89069 	0.309381 	0.678494 	0.0729306 	
3.255	0.0644973 	-0.13129 	-1.89031 	0.30935 	0.678303 	0.0729193 	
3.26	0.064442 	-0.131486 	-1.88993 	0.309319 	0.678112 	0.072908 	
3.265	0.0643865 	-0.131683 	-1.88955 	0.309288 	0.67792 	0.0728966 	
3.27	0.0643309 	-0.131881 	-1.88916 	0.309256 	0.677728 	0.0728852 	
3.275	0.0641597 	-0.131792 	-1.88869 	0.309042 	0.675857 	0.0727797 	
3.28	0.0641038 	-0.131991 	-1.88831 	0.309011 	0.675663 	0.0727683 	
3.285	0.0640477 	-0.132191 	-1.88792 	0.308979 	0.675469 	0.0727567 	
3.29	0.0639916 	-0.132391 	-1.88753 	0.308948 	0.675274 	0.0727451 	
3.295	0.0639353 	-0.132592 	-1.88714 	0.308916 	0.675079 	0.0727335 	
3.3	0.0638789 	-0.132793 	-1.88675 	0.308884 	0.674883 	0.0727218 	
3.305	0.0638223 	-0.132995 	-1.88636 	0.308852 	0.674687 	0.07271 	
3.31	0.0636494 	-0.132909 	-1.88588 	0.308637 	0.672797 	0.0726042 	
3.315	0.0635927 	-0.133112 	-1.88549 	0.308605 	0.6726 	0.0725924 	
3.32	0.0635358 	-0.133315 	-1.88509 	0.308573 	0.672402 	0.0725805 	
3.325	0.0634788 	-0.133519 	-1.8847 	0.308541 	0.672204 	0.0725687 	
3.33	0.0634217 	-0.133724 	-1.8843 	0.308509 	0.672005 	0.0725567 	
3.335	0.0633645 	-0.133929 	-1.8839 	0.308477 	0.671805 	0.0725447 	
3.34	0.0633072 	-0.134134 	-1.8835 	0.308445 	0.671606 	0.0725327 	
3.345	0.063132 	-0.134048 	-1.88301 	0.308227 	0.669685 	0.0724258 	
3.35	0.0630745 	-0.134254 	-1.88261 	0.308195 	0.669484 	0.0724137 	
3.355	0.063017 	-0.134461 	-1.88221 	0.308162 	0.669284 	0.0724016 	
3.36	0.0629594 	-0.134668 	-1.88181 	0.30813 	0.669082 	0.0723894 	
3.365	0.0629016 	-0.134875 	-1.88141 	0.308098 	0.66888 	0.0723772 	
3.37	0.0628439 	-0.135083 	-1.881 	0.308065 	0.668678 	0.072365 	
3.375	0.062786 	-0.135291 	-1.8806 	0.308033 	0.668476 	0.0723527 	
3.38	0.0626088 	-0.135205 	-1.8801 	0.307813 	0.666528 	0.072245 	
3.385	0.0625508 	-0.135414 	-1.8797 	0.307781 	0.666325 	0.0722327 	
3.39	0.0624928 	-0.135623 	-1.87929 	0.307748 	0.666121 	0.0722203 	
3.395	0.0624347 	-0.135833 	-1.87888 	0.307716 	0.665918 	0.0722079 	
3.4	0.0623766 	-0.136043 	-1.87848 	0.307683 	0.665713 	0.0721955 	
3.405	0.0623184 	-0.136253 	-1.87807 	0.30765 	0.665509 	0.072183 	
3.41	0.0622602 	-0.136464 	-1.87766 	0.307617 	0.665304 	0.0721704 	
3.415	0.0620816 	-0.136377 	-1.87716 	0.307397 	0.663336 	0.0720623 	
3.42	0.0620233 	-0.136588 	-1.87675 	0.307364 	0.66313 	0.0720498 	
3.425	0.061965 	-0.1368 	-1.87634 	0.307332 	0.662925 	0.0720372 	
3.43	0.0619066 	-0.137011 	-1.87593 	0.307299 	0.662719 	0.0720246 	
3.435	0.0618635 	-0.13724 	-1.87549 	0.307261 	0.66251 	0.0719923 	
3.44	0.0618052 	-0.137452 	-1.87508 	0.307228 	0.662304 	0.0719795 	
3.445	0.0617468 	-0.137664 	-1.87467 	0.307195 	0.662098 	0.0719667 	
3.45	0.0615673 	-0.137578 	-1.87416 	0.306974 	0.660114 	0.0718586 	
3.455	0.0615089 	-0.137791 	-1.87375 	0.306941 	0.659907 	0.0718459 	
3.46	0.0614505 	-0.138003 	-1.87333 	0.306909 	0.659701 	0.0718331 	
3.465	0.061392 	-0.138216 	-1.87292 	0.306876 	0.659494 	0.0718203 	
3.47	0.0613336 	-0.138429 	-1.87251 	0.306843 	0.659287 	0.0718075 	
3.475	0.0612751 	-0.138642 	-1.87209 	0.30681 	0.65908 	0.0717947 	
3.48	0.0612167 	-0.138855 	-1.87168 	0.306778 	0.658873 	0.0717818 	
3.485	0.0610369 	-0.13877 	-1.87117 	0.306557 	0.656879 	0.0716739 	
3.49	0.0609785 	-0.138983 	-1.87075 	0.306524 	0.656672 	0.0716611 	
3.495	0.0609201 	-0.139197 	-1.87034 	0.306492 	0.656465 	0.0716482 	
3.5	0.0608617 	-0.13941 	-1.86993 	0.306459 	0.656257 	0.0716353 	
3.505	0.0608034 	-0.139624 	-1.86951 	0.306426 	0.65605 	0.0716224 	
3.51	0.0607451 	-0.139837 	-1.8691 	0.306394 	0.655843 	0.0716094 	
3.515	0.0606868 	-0.14005 	-1.86868 	0.306361 	0.655635 	0.0715964 	
3.52	0.0605072 	-0.139966 	-1.86817 	0.306141 	0.653639 	0.0714891 	
3.525	0.0604491 	-0.14018 	-1.86776 	0.306109 	0.653431 	0.0714761 	
3.53	0.0603909 	-0.140393 	-1.86734 	0.306076 	0.653224 	0.0714631 	
3.535	0.0603328 	-0.140607 	-1.86693 	0.306044 	0.653017 	0.0714502 	
3.54	0.0602748 	-0.14082 	-1.86651 	0.306011 	0.652809 	0.0714371 	
3.545	0.0602168 	-0.141033 	-1.8661 	0.305979 	0.652602 	0.0714241 	
3.55	0.0601588 	-0.141246 	-1.86569 	0.305946 	0.652395 	0.0714111 	
3.555	0.0599801 	-0.141163 	-1.86517 	0.305728 	0.650402 	0.0713046 	
3.56	0.0599223 	-0.141376 	-1.86476 	0.305696 	0.650195 	0.0712916 	
3.565	0.0598645 	-0.141589 	-1.86435 	0.305664 	0.649988 	0.0712786 	
3.57	0.0598069 	-0.141802 	-1.86393 	0.305632 	0.649782 	0.0712655 	
3.575	0.0597493 	-0.142014 	-1.86352 	0.305599 	0.649575 	0.0712525 	
3.58	0.0596918 	-0.142227 	-1.86311 	0.305567 	0.649369 	0.0712394 	
3.585	0.0596343 	-0.142439 	-1.8627 	0.305535 	0.649162 	0.0712263 	
3.59	0.0594569 	-0.142357 	-1.86218 	0.305319 	0.647178 	0.0711211 	
3.595	0.0593997 	-0.142569 	-1.86177 	0.305287 	0.646973 	0.071108 	
3.6	0.0593425 	-0.142781 	-1.86136 	0.305256 	0.646767 	0.071095 	
3.605	0.0592855 	-0.142992 	-1.86095 	0.305224 	0.646562 	0.0710819 	
3.61	0.0592285 	-0.143203 	-1.86054 	0.305192 	0.646357 	0.0710689 	
3.615	0.0591717 	-0.143414 	-1.86013 	0.30516 	0.646152 	0.0710558 	
3.62	0.0591149 	-0.143625 	-1.85972 	0.305129 	0.645947 	0.0710428 	
3.625	0.0589393 	-0.143545 	-1.85921 	0.304915 	0.643978 	0.070939 	
3.63	0.0588828 	-0.143755 	-1.85881 	0.304884 	0.643774 	0.070926 	
3.635	0.0588264 	-0.143964 	-1.8584 	0.304853 	0.643571 	0.070913 	
3.64	0.0587702 	-0.144174 	-1.85799 	0.304821 	0.643367 	0.0709 	
3.645	0.058714 	-0.144383 	-1.85759 	0.30479 	0.643164 	0.070887 	
3.65	0.058658 	-0.144592 	-1.85718 	0.304759 	0.642962 	0.070874 	
3.655	0.0586021 	-0.1448 	-1.85678 	0.304728 	0.642759 	0.0708609 	
3.66	0.0584289 	-0.144722 	-1.85627 	0.304518 	0.640811 	0.070759 	
3.665	0.0583732 	-0.144929 	-1.85587 	0.304487 	0.64061 	0.0707461 	
3.67	0.0583178 	-0.145137 	-1.85547 	0.304456 	0.640409 	0.0707331 	
3.675	0.0582625 	-0.145343 	-1.85507 	0.304425 	0.640208 	0.0707202 	
3.68	0.0582073 	-0.14555 	-1.85467 	0.304395 	0.640007 	0.0707073 	
3.685	0.0581522 	-0.145756 	-1.85427 	0.304364 	0.639808 	0.0706943 	
3.69	0.0580974 	-0.145961 	-1.85387 	0.304333 	0.639608 	0.0706814 	
3.695	0.057927 	-0.145885 	-1.85337 	0.304128 	0.637687 	0.0705816 	
3.7	0.0578725 	-0.146089 	-1.85297 	0.304097 	0.637489 	0.0705687 	
3.705	0.0578181 	-0.146293 	-1.85257 	0.304067 	0.637291 	0.0705559 	
3.71	0.0577638 	-0.146497 	-1.85218 	0.304037 	0.637093 	0.0705431 	
3.715	0.0577098 	-0.1467 	-1.85179 	0.304007 	0.636896 	0.0705303 	
3.72	0.0576559 	-0.146902 	-1.85139 	0.303977 	0.6367 	0.0705175 	
3.725	0.0576022 	-0.147104 	-1.851 	0.303947 	0.636504 	0.0705047 	
3.73	0.0574352 	-0.14703 	-1.85051 	0.303746 	0.634616 	0.0704072 	
3.735	0.0573819 	-0.147231 	-1.85012 	0.303717 	0.634421 	0.0703945 	
3.74	0.0573168 	-0.147418 	-1.84975 	0.303691 	0.634229 	0.0703971 	
3.745	0.0572637 	-0.147617 	-1.84936 	0.303662 	0.634036 	0.0703846 	
3.75	0.0572109 	-0.147816 	-1.84898 	0.303633 	0.633842 	0.070372 	
3.755	0.0571583 	-0.148015 	-1.84859 	0.303603 	0.63365 	0.0703594 	
3.76	0.0571059 	-0.148212 	-1.84821 	0.303574 	0.633458 	0.0703468 	
3.765	0.0569428 	-0.148141 	-1.84773 	0.303378 	0.631609 	0.0702519 	
3.77	0.0568909 	-0.148338 	-1.84735 	0.30335 	0.631418 	0.0702394 	
3.775	0.0568391 	-0.148533 	-1.84697 	0.303321 	0.631228 	0.0702269 	
3.78	0.0567876 	-0.148728 	-1.84659 	0.303292 	0.631039 	0.0702145 	
3.785	0.0567362 	-0.148923 	-1.84621 	0.303264 	0.63085 	0.0702021 	
3.79	0.0566851 	-0.149116 	-1.84583 	0.303235 	0.630662 	0.0701897 	
3.795	0.0566342 	-0.149309 	-1.84546 	0.303207 	0.630475 	0.0701773 	
3.8	0.0565835 	-0.149501 	-1.84509 	0.303179 	0.630288 	0.070165 	
3.805	0.0564113 	-0.149399 	-1.8446 	0.302969 	0.62828 	0.070063 	
3.81	0.0563611 	-0.14959 	-1.84423 	0.302941 	0.628095 	0.0700508 	
3.815	0.0563111 	-0.14978 	-1.84386 	0.302913 	0.627911 	0.0700386 	
3.82	0.0562613 	-0.149969 	-1.8435 	0.302886 	0.627727 	0.0700264 	
3.825	0.0562118 	-0.150157 	-1.84313 	0.302858 	0.627545 	0.0700143 	
3.83	0.0561625 	-0.150345 	-1.84277 	0.302831 	0.627363 	0.0700023 	
3.835	0.0561134 	-0.150531 	-1.8424 	0.302804 	0.627181 	0.0699902 	
3.84	0.0560646 	-0.150717 	-1.84204 	0.302777 	0.627001 	0.0699782 	
3.845	0.0558971 	-0.150615 	-1.84158 	0.302572 	0.625037 	0.0698792 	
3.85	0.0558488 	-0.1508 	-1.84122 	0.302545 	0.624858 	0.0698673 	
3.855	0.0558007 	-0.150983 	-1.84086 	0.302519 	0.62468 	0.0698555 	
3.86	0.0557529 	-0.151165 	-1.84051 	0.302492 	0.624503 	0.0698437 	
3.865	0.0557054 	-0.151347 	-1.84016 	0.302466 	0.624327 	0.069832 	
3.87	0.0556581 	-0.151528 	-1.8398 	0.30244 	0.624151 	0.0698203 	
3.875	0.0556111 	-0.151707 	-1.83946 	0.302414 	0.623977 	0.0698086 	
3.88	0.0555643 	-0.151886 	-1.83911 	0.302388 	0.623803 	0.069797 	
3.885	0.0554033 	-0.151789 	-1.83866 	0.302192 	0.62191 	0.0697022 	
3.89	0.0553571 	-0.151966 	-1.83831 	0.302166 	0.621738 	0.0696907 	
3.895	0.0553112 	-0.152142 	-1.83797 	0.302141 	0.621568 	0.0696793 	
3.9	0.0552655 	-0.152317 	-1.83763 	0.302116 	0.621398 	0.0696679 	
3.905	0.0552202 	-0.152491 	-1.83729 	0.302091 	0.621229 	0.0696566 	
3.91	0.0551751 	-0.152664 	-1.83696 	0.302066 	0.621061 	0.0696453 	
3.915	0.0551302 	-0.152835 	-1.83662 	0.302041 	0.620894 	0.0696341 	
3.92	0.0550857 	-0.153006 	-1.83629 	0.302016 	0.620728 	0.069623 	
3.925	0.054932 	-0.152914 	-1.83586 	0.30183 	0.618915 	0.0695328 	
3.93	0.0548881 	-0.153083 	-1.83553 	0.301805 	0.618751 	0.0695218 	
3.935	0.0548444 	-0.153251 	-1.83521 	0.301781 	0.618589 	0.0695108 	
3.94	0.0548011 	-0.153417 	-1.83488 	0.301757 	0.618427 	0.0694999 	
3.945	0.054758 	-0.153583 	-1.83456 	0.301734 	0.618266 	0.069489 	
3.95	0.0547153 	-0.153748 	-1.83424 	0.30171 	0.618106 	0.0694783 	
3.955	0.0546728 	-0.153911 	-1.83392 	0.301687 	0.617947 	0.0694675 	
3.96	0.0546307 	-0.154074 	-1.83361 	0.301663 	0.61779 	0.0694569 	
3.965	0.0545888 	-0.154235 	-1.83329 	0.30164 	0.617633 	0.0694463 	
3.97	0.0544237 	-0.15411 	-1.83289 	0.30145 	0.615741 	0.0693635 	
3.975	0.0543824 	-0.154269 	-1.83258 	0.301427 	0.615587 	0.0693532 	
3.98	0.0543415 	-0.154427 	-1.83227 	0.301405 	0.615434 	0.0693428 	
3.985	0.0543009 	-0.154584 	-1.83197 	0.301382 	0.615281 	0.0693325 	
3.99	0.0542607 	-0.15474 	-1.83166 	0.30136 	0.615131 	0.0693223 	
3.995	0.0542207 	-0.154894 	-1.83136 	0.301338 	0.614981 	0.0693121 	
4	0.0541811 	-0.155047 	-1.83107 	0.301316 	0.614832 	0.069302 	
4.005	0.0541418 	-0.155199 	-1.83077 	0.301295 	0.614684 	0.0692919 	
4.01	0.0541028 	-0.15535 	-1.83048 	0.301273 	0.614538 	0.069282 	
4.015	0.0539551 	-0.155239 	-1.83008 	0.301091 	0.612745 	0.0691943 	
4.02	0.0539168 	-0.155388 	-1.82979 	0.30107 	0.612601 	0.0691845 	
4.025	0.0538789 	-0.155535 	-1.82951 	0.301049 	0.612458 	0.0691748 	
4.03	0.0538413 	-0.155681 	-1.82922 	0.301029 	0.612316 	0.0691651 	
4.035	0.053804 	-0.155825 	-1.82894 	0.301008 	0.612176 	0.0691555 	
4.04	0.053767 	-0.155969 	-1.82867 	0.300988 	0.612037 	0.069146 	
4.045	0.0537304 	-0.156111 	-1.82839 	0.300968 	0.611899 	0.0691366 	
4.05	0.0536942 	-0.156252 	-1.82812 	0.300948 	0.611762 	0.0691273 	
4.055	0.0536583 	-0.156391 	-1.82784 	0.300928 	0.611627 	0.069118 	
4.06	0.0536227 	-0.15653 	-1.82758 	0.300908 	0.611493 	0.0691088 	
4.065	0.0534766 	-0.156403 	-1.8272 	0.300726 	0.609682 	0.0690211 	
4.07	0.0534418 	-0.156538 	-1.82694 	0.300707 	0.609551 	0.0690121 	
4.075	0.0534073 	-0.156673 	-1.82668 	0.300688 	0.60942 	0.0690032 	
4.08	0.0533732 	-0.156806 	-1.82642 	0.300669 	0.609291 	0.0689944 	
4.085	0.0533394 	-0.156937 	-1.82616 	0.300651 	0.609164 	0.0689856 	
4.09	0.0533059 	-0.157068 	-1.82591 	0.300632 	0.609037 	0.0689769 	
4.095	0.0532729 	-0.157196 	-1.82566 	0.300614 	0.608912 	0.0689683 	
4.1	0.0532402 	-0.157324 	-1.82541 	0.300596 	0.608789 	0.0689598 	
4.105	0.0532078 	-0.15745 	-1.82517 	0.300579 	0.608666 	0.0689514 	
4.11	0.0531759 	-0.157575 	-1.82492 	0.300561 	0.608545 	0.0689431 	
4.115	0.0531442 	-0.157698 	-1.82468 	0.300544 	0.608425 	0.0689348 	
4.12	0.053003 	-0.157559 	-1.82434 	0.300365 	0.606639 	0.0688492 	
4.125	0.0529721 	-0.157679 	-1.82411 	0.300349 	0.606522 	0.0688411 	
4.13	0.0529417 	-0.157798 	-1.82387 	0.300332 	0.606406 	0.0688332 	
4.135	0.0529115 	-0.157916 	-1.82365 	0.300315 	0.606292 	0.0688253 	
4.14	0.0528818 	-0.158032 	-1.82342 	0.300299 	0.606179 	0.0688175 	
4.145	0.0528525 	-0.158147 	-1.8232 	0.300283 	0.606068 	0.0688098 	
4.15	0.0528235 	-0.158261 	-1.82298 	0.300267 	0.605958 	0.0688022 	
4.155	0.0527949 	-0.158373 	-1.82276 	0.300251 	0.605849 	0.0687947 	
4.16	0.0527667 	-0.158483 	-1.82254 	0.300236 	0.605742 	0.0687873 	
4.165	0.0527389 	-0.158592 	-1.82233 	0.300221 	0.605636 	0.06878 	
4.17	0.0527114 	-0.1587 	-1.82212 	0.300206 	0.605532 	0.0687728 	
4.175	0.0526844 	-0.158806 	-1.82192 	0.300191 	0.605429 	0.0687656 	
4.18	0.0526577 	-0.15891 	-1.82171 	0.300176 	0.605328 	0.0687586 	
4.185	0.0525192 	-0.158747 	-1.8214 	0.299998 	0.603523 	0.0686732 	
4.19	0.0524933 	-0.158849 	-1.82121 	0.299984 	0.603425 	0.0686664 	
4.195	0.0524678 	-0.158949 	-1.82101 	0.29997 	0.603328 	0.0686597 	
4.2	0.0524427 	-0.159047 	-1.82082 	0.299956 	0.603232 	0.068653 	
4.205	0.0524181 	-0.159144 	-1.82063 	0.299943 	0.603138 	0.0686465 	
4.21	0.0523938 	-0.15924 	-1.82045 	0.299929 	0.603046 	0.0686401 	
4.215	0.0523699 	-0.159334 	-1.82026 	0.299916 	0.602955 	0.0686338 	
4.22	0.0523464 	-0.159426 	-1.82008 	0.299903 	0.602865 	0.0686275 	
4.225	0.0523233 	-0.159517 	-1.81991 	0.299891 	0.602777 	0.0686214 	
4.23	0.0523006 	-0.159606 	-1.81973 	0.299878 	0.60269 	0.0686154 	
4.235	0.0522788 	-0.159694 	-1.81956 	0.299866 	0.602605 	0.0686087 	
4.24	0.052257 	-0.15978 	-1.8194 	0.299854 	0.602522 	0.0686029 	
4.245	0.0522355 	-0.159865 	-1.81923 	0.299842 	0.60244 	0.0685972 	
4.25	0.0522144 	-0.159948 	-1.81907 	0.299831 	0.602359 	0.0685916 	
4.255	0.0521937 	-0.160029 	-1.81891 	0.299819 	0.60228 	0.0685861 	
4.26	0.0521734 	-0.160109 	-1.81876 	0.299808 	0.602203 	0.0685807 	
4.265	0.0520425 	-0.159924 	-1.81849 	0.299636 	0.600437 	0.0684982 	
4.27	0.0520231 	-0.160001 	-1.81835 	0.299625 	0.600363 	0.0684931 	
4.275	0.0520041 	-0.160076 	-1.8182 	0.299615 	0.60029 	0.068488 	
4.28	0.0519854 	-0.160149 	-1.81806 	0.299605 	0.600219 	0.068483 	
4.285	0.0519673 	-0.160221 	-1.81792 	0.299595 	0.600149 	0.0684782 	
4.29	0.0519495 	-0.160291 	-1.81778 	0.299585 	0.600081 	0.0684734 	
4.295	0.0519321 	-0.16036 	-1.81765 	0.299575 	0.600015 	0.0684688 	
4.3	0.0519152 	-0.160427 	-1.81752 	0.299566 	0.59995 	0.0684643 	
4.305	0.0518986 	-0.160492 	-1.81739 	0.299557 	0.599887 	0.0684599 	
4.31	0.0518825 	-0.160555 	-1.81727 	0.299548 	0.599825 	0.0684556 	
4.315	0.0518668 	-0.160617 	-1.81715 	0.29954 	0.599765 	0.0684514 	
4.32	0.0518515 	-0.160678 	-1.81703 	0.299531 	0.599706 	0.0684473 	
4.325	0.0518367 	-0.160736 	-1.81692 	0.299523 	0.59965 	0.0684433 	
4.33	0.0518222 	-0.160793 	-1.81681 	0.299515 	0.599594 	0.0684394 	
4.335	0.0518082 	-0.160849 	-1.8167 	0.299508 	0.599541 	0.0684357 	
4.34	0.0517946 	-0.160902 	-1.81659 	0.2995 	0.599489 	0.068432 	
4.345	0.0517815 	-0.160954 	-1.81649 	0.299493 	0.599438 	0.0684285 	
4.35	0.0517687 	-0.161005 	-1.8164 	0.299486 	0.599389 	0.0684251 	
4.355	0.0517564 	-0.161053 	-1.8163 	0.299479 	0.599342 	0.0684218 	
4.36	0.0517445 	-0.1611 	-1.81621 	0.299473 	0.599297 	0.0684186 	
4.365	0.0517331 	-0.161146 	-1.81612 	0.299467 	0.599253 	0.0684155 	
4.37	0.051722 	-0.161189 	-1.81604 	0.299461 	0.59921 	0.0684125 	
4.375	0.0517114 	-0.161231 	-1.81596 	0.299455 	0.59917 	0.0684097 	
4.38	0.0517013 	-0.161271 	-1.81588 	0.299449 	0.599131 	0.0684069 	
4.385	0.0516915 	-0.16131 	-1.8158 	0.299444 	0.599093 	0.0684043 	
4.39	0.0515727 	-0.161088 	-1.81562 	0.29928 	0.597389 	0.0683263 	
4.395	0.0515638 	-0.161123 	-1.81555 	0.299275 	0.597355 	0.0683239 	
4.4	0.0515554 	-0.161157 	-1.81549 	0.299271 	0.597322 	0.0683216 	
4.405	0.0515474 	-0.161189 	-1.81542 	0.299266 	0.597292 	0.0683194 	
4.41	0.0515398 	-0.161219 	-1.81537 	0.299262 	0.597262 	0.0683174 	
4.415	0.0515333 	-0.161244 	-1.81532 	0.299259 	0.597237 	0.0683157 	
4.42	0.0515259 	-0.161274 	-1.81526 	0.299255 	0.597209 	0.0683137 	
4.425	0.0515201 	-0.161296 	-1.81522 	0.299252 	0.597187 	0.0683121 	
4.43	0.0515143 	-0.161319 	-1.81517 	0.299248 	0.597165 	0.0683106 	
4.435	0.0515088 	-0.161341 	-1.81513 	0.299245 	0.597144 	0.0683091 	
4.44	0.0515038 	-0.161361 	-1.81509 	0.299243 	0.597124 	0.0683077 	
4.445	0.0514992 	-0.161379 	-1.81505 	0.29924 	0.597107 	0.0683065 	
4.45	0.051495 	-0.161396 	-1.81502 	0.299238 	0.597091 	0.0683054 	
4.455	0.0514913 	-0.161411 	-1.81499 	0.299236 	0.597076 	0.0683044 	
4.46	0.051488 	-0.161424 	-1.81497 	0.299234 	0.597064 	0.0683035 	
4.465	0.0514851 	-0.161435 	-1.81495 	0.299232 	0.597053 	0.0683027 	
4.47	0.0514826 	-0.161445 	-1.81493 	0.299231 	0.597043 	0.068302 	
4.475	0.0514806 	-0.161453 	-1.81491 	0.29923 	0.597035 	0.0683015 	
4.48	0.0514791 	-0.161459 	-1.8149 	0.299229 	0.597029 	0.0683011 	
4.485	0.0514779 	-0.161463 	-1.81489 	0.299228 	0.597025 	0.0683008 	
4.49	0.0514772 	-0.161466 	-1.81489 	0.299228 	0.597022 	0.0683006 	
4.495	0.0514772 	-0.161466 	-1.81489 	0.299228 	0.597022 	0.0683006 	
