0	0.0493856 	0.0210598 	-2.01165 	0.26272 	0.53612 	-0.00895258 	
0.005	0.0493856 	0.0210598 	-2.01165 	0.26272 	0.53612 	-0.00895258 	
0.01	0.0493856 	0.0210556 	-2.01165 	0.26272 	0.53612 	-0.00895232 	
0.015	0.0493856 	0.02105 	-2.01164 	0.26272 	0.536122 	-0.00895198 	
0.02	0.0493857 	0.0210421 	-2.01164 	0.262721 	0.536123 	-0.0089515 	
0.025	0.0493857 	0.0210319 	-2.01163 	0.262721 	0.536125 	-0.00895087 	
0.03	0.0493857 	0.0210194 	-2.01162 	0.262721 	0.536128 	-0.00895011 	
0.035	0.0493858 	0.0210046 	-2.01161 	0.262722 	0.536131 	-0.0089492 	
0.04	0.0493858 	0.0209875 	-2.01159 	0.262722 	0.536135 	-0.00894816 	
0.045	0.0493859 	0.020968 	-2.01158 	0.262723 	0.536139 	-0.00894697 	
0.05	0.049386 	0.0209462 	-2.01156 	0.262724 	0.536143 	-0.00894564 	
0.055	0.0493861 	0.0209222 	-2.01154 	0.262724 	0.536148 	-0.00894417 	
0.06	0.0493862 	0.0208958 	-2.01152 	0.262725 	0.536154 	-0.00894256 	
0.065	0.0493863 	0.0208671 	-2.0115 	0.262726 	0.53616 	-0.00894081 	
0.07	0.0493864 	0.020836 	-2.01148 	0.262727 	0.536166 	-0.00893891 	
0.075	0.0493865 	0.0208027 	-2.01145 	0.262728 	0.536173 	-0.00893688 	
0.08	0.0493866 	0.0207671 	-2.01142 	0.26273 	0.53618 	-0.00893471 	
0.085	0.0493868 	0.0207253 	-2.01139 	0.262731 	0.536189 	-0.00893217 	
0.09	0.0493869 	0.0206885 	-2.01136 	0.262732 	0.536197 	-0.00892993 	
0.095	0.0493871 	0.0206421 	-2.01132 	0.262734 	0.536206 	-0.00892711 	
0.1	0.0493872 	0.0205969 	-2.01129 	0.262735 	0.536215 	-0.00892437 	
0.105	0.0493874 	0.0205495 	-2.01125 	0.262737 	0.536225 	-0.00892149 	
0.11	0.0493876 	0.0204998 	-2.01121 	0.262738 	0.536236 	-0.00891848 	
0.115	0.0493878 	0.0204479 	-2.01117 	0.26274 	0.536246 	-0.00891533 	
0.12	0.049388 	0.0203936 	-2.01113 	0.262742 	0.536258 	-0.00891204 	
0.125	0.0493882 	0.020337 	-2.01108 	0.262743 	0.536269 	-0.00890862 	
0.13	0.0493884 	0.0202781 	-2.01104 	0.262745 	0.536281 	-0.00890506 	
0.135	0.0493886 	0.020217 	-2.01099 	0.262747 	0.536294 	-0.00890137 	
0.14	0.0493889 	0.0201536 	-2.01094 	0.262749 	0.536307 	-0.00889754 	
0.145	0.0493891 	0.0200878 	-2.01089 	0.262752 	0.536321 	-0.00889358 	
0.15	0.0493894 	0.0200198 	-2.01083 	0.262754 	0.536335 	-0.00888949 	
0.155	0.0493897 	0.0199496 	-2.01078 	0.262756 	0.536349 	-0.00888527 	
0.16	0.04939 	0.019877 	-2.01072 	0.262758 	0.536364 	-0.00888091 	
0.165	0.0495001 	0.0195699 	-2.01084 	0.262884 	0.538009 	-0.00821251 	
0.17	0.0495004 	0.0194928 	-2.01078 	0.262887 	0.538025 	-0.00820789 	
0.175	0.0495007 	0.0194135 	-2.01072 	0.262889 	0.538041 	-0.00820313 	
0.18	0.049501 	0.0193319 	-2.01066 	0.262892 	0.538058 	-0.00819825 	
0.185	0.0495014 	0.019248 	-2.01059 	0.262895 	0.538075 	-0.00819324 	
0.19	0.0495018 	0.0191619 	-2.01052 	0.262897 	0.538093 	-0.0081881 	
0.195	0.0495021 	0.0190735 	-2.01045 	0.2629 	0.538111 	-0.00818283 	
0.2	0.0495025 	0.0189829 	-2.01038 	0.262903 	0.53813 	-0.00817744 	
0.205	0.0495029 	0.0188901 	-2.01031 	0.262906 	0.538149 	-0.00817192 	
0.21	0.0495033 	0.018795 	-2.01023 	0.262909 	0.538168 	-0.00816628 	
0.215	0.0495038 	0.0186976 	-2.01016 	0.262912 	0.538188 	-0.00816052 	
0.22	0.0495042 	0.0185981 	-2.01008 	0.262915 	0.538209 	-0.00815463 	
0.225	0.0496105 	0.0182745 	-2.01017 	0.263043 	0.539784 	-0.0075134 	
0.23	0.0496109 	0.0181704 	-2.01009 	0.263046 	0.539805 	-0.00750726 	
0.235	0.0496114 	0.0180642 	-2.01001 	0.263049 	0.539827 	-0.00750101 	
0.24	0.0496119 	0.0179558 	-2.00992 	0.263053 	0.539849 	-0.00749463 	
0.245	0.0496124 	0.0178451 	-2.00983 	0.263056 	0.539871 	-0.00748813 	
0.25	0.049613 	0.0177323 	-2.00974 	0.26306 	0.539894 	-0.00748152 	
0.255	0.0496135 	0.0176172 	-2.00965 	0.263064 	0.539918 	-0.00747479 	
0.26	0.0496141 	0.0175 	-2.00956 	0.263067 	0.539941 	-0.00746795 	
0.265	0.0496147 	0.0173805 	-2.00946 	0.263071 	0.539966 	-0.00746099 	
0.27	0.0496153 	0.0172589 	-2.00937 	0.263075 	0.53999 	-0.00745392 	
0.275	0.0497281 	0.0169019 	-2.00945 	0.263216 	0.541648 	-0.00677765 	
0.28	0.0497287 	0.0167759 	-2.00935 	0.26322 	0.541673 	-0.00677034 	
0.285	0.0497294 	0.0166477 	-2.00925 	0.263224 	0.541699 	-0.00676293 	
0.29	0.0497301 	0.0165174 	-2.00915 	0.263228 	0.541726 	-0.00675541 	
0.295	0.0497308 	0.0163849 	-2.00904 	0.263232 	0.541752 	-0.00674778 	
0.3	0.0497315 	0.0162503 	-2.00894 	0.263236 	0.541779 	-0.00674004 	
0.305	0.0497322 	0.0161136 	-2.00883 	0.263241 	0.541807 	-0.0067322 	
0.31	0.049733 	0.0159747 	-2.00872 	0.263245 	0.541835 	-0.00672425 	
0.315	0.0498412 	0.015612 	-2.00878 	0.263385 	0.543412 	-0.00607958 	
0.32	0.049842 	0.0154688 	-2.00866 	0.26339 	0.543441 	-0.00607142 	
0.325	0.0498428 	0.0153236 	-2.00855 	0.263394 	0.54347 	-0.00606316 	
0.33	0.0498437 	0.0151761 	-2.00843 	0.263399 	0.543499 	-0.00605479 	
0.335	0.0498445 	0.0150266 	-2.00831 	0.263404 	0.543529 	-0.00604633 	
0.34	0.0498454 	0.014875 	-2.00819 	0.263408 	0.54356 	-0.00603778 	
0.345	0.0498464 	0.0147213 	-2.00807 	0.263413 	0.54359 	-0.00602913 	
0.35	0.0498473 	0.0145654 	-2.00795 	0.263418 	0.543621 	-0.00602038 	
0.355	0.0499685 	0.0141615 	-2.00801 	0.26358 	0.54537 	-0.00530336 	
0.36	0.0499695 	0.0140015 	-2.00788 	0.263585 	0.545402 	-0.00529441 	
0.365	0.0499705 	0.0138394 	-2.00775 	0.26359 	0.545434 	-0.00528538 	
0.37	0.0499716 	0.0136753 	-2.00762 	0.263595 	0.545467 	-0.00527625 	
0.375	0.0499727 	0.0135091 	-2.00749 	0.263601 	0.5455 	-0.00526704 	
0.38	0.0499738 	0.0133409 	-2.00736 	0.263606 	0.545533 	-0.00525774 	
0.385	0.0499749 	0.0131706 	-2.00722 	0.263611 	0.545567 	-0.00524836 	
0.39	0.050095 	0.0127571 	-2.00727 	0.263777 	0.547282 	-0.00454333 	
0.395	0.0500961 	0.0125827 	-2.00713 	0.263783 	0.547316 	-0.00453376 	
0.4	0.0500973 	0.0124063 	-2.00699 	0.263788 	0.547351 	-0.00452411 	
0.405	0.0500986 	0.0122279 	-2.00684 	0.263794 	0.547386 	-0.00451439 	
0.41	0.0500998 	0.0120475 	-2.0067 	0.263799 	0.547422 	-0.00450459 	
0.415	0.0501011 	0.0118652 	-2.00655 	0.263805 	0.547457 	-0.00449471 	
0.42	0.0502143 	0.0114559 	-2.00658 	0.263967 	0.549059 	-0.00383509 	
0.425	0.0502156 	0.0112695 	-2.00643 	0.263973 	0.549095 	-0.00382505 	
0.43	0.050217 	0.0110812 	-2.00628 	0.263978 	0.549132 	-0.00381493 	
0.435	0.0502184 	0.0108908 	-2.00613 	0.263984 	0.549169 	-0.00380475 	
0.44	0.0502199 	0.0106986 	-2.00597 	0.26399 	0.549207 	-0.00379449 	
0.445	0.0502214 	0.0105043 	-2.00582 	0.263996 	0.549244 	-0.00378417 	
0.45	0.0503416 	0.0100713 	-2.00584 	0.264173 	0.550929 	-0.00308813 	
0.455	0.0503432 	0.00987311 	-2.00568 	0.264179 	0.550968 	-0.00307766 	
0.46	0.0503447 	0.00967306 	-2.00552 	0.264185 	0.551006 	-0.00306713 	
0.465	0.0503464 	0.00947108 	-2.00536 	0.264191 	0.551045 	-0.00305653 	
0.47	0.050348 	0.0092672 	-2.00519 	0.264198 	0.551085 	-0.00304588 	
0.475	0.0503497 	0.00906141 	-2.00503 	0.264204 	0.551124 	-0.00303517 	
0.48	0.0504786 	0.00860226 	-2.00505 	0.264398 	0.552911 	-0.00229499 	
0.485	0.0504803 	0.00839265 	-2.00488 	0.264405 	0.552951 	-0.00228415 	
0.49	0.0504821 	0.0081812 	-2.00471 	0.264411 	0.552991 	-0.00227325 	
0.495	0.0504839 	0.00796788 	-2.00454 	0.264418 	0.553032 	-0.0022623 	
0.5	0.0504858 	0.00775271 	-2.00437 	0.264424 	0.553073 	-0.00225131 	
0.505	0.0506025 	0.00731068 	-2.00436 	0.264606 	0.554675 	-0.00158621 	
0.51	0.0506044 	0.00709179 	-2.00418 	0.264612 	0.554717 	-0.0015751 	
0.515	0.0506064 	0.00687108 	-2.004 	0.264619 	0.554758 	-0.00156394 	
0.52	0.0506084 	0.00664855 	-2.00382 	0.264626 	0.554801 	-0.00155274 	
0.525	0.0506105 	0.00642421 	-2.00364 	0.264632 	0.554843 	-0.0015415 	
0.53	0.0507315 	0.00596678 	-2.00363 	0.264825 	0.556488 	-0.000856613 	
0.535	0.0507336 	0.00573881 	-2.00345 	0.264832 	0.556531 	-0.000845269 	
0.54	0.0507358 	0.00550908 	-2.00326 	0.264839 	0.556574 	-0.000833888 	
0.545	0.0507381 	0.00527757 	-2.00308 	0.264846 	0.556618 	-0.000822473 	
0.55	0.0507403 	0.0050443 	-2.00289 	0.264853 	0.556661 	-0.000811026 	
0.555	0.0508674 	0.00456862 	-2.00287 	0.265059 	0.55837 	-9.71603e-05 	
0.56	0.0508697 	0.00433181 	-2.00268 	0.265066 	0.558415 	-8.56259e-05 	
0.565	0.0508721 	0.00409329 	-2.00249 	0.265073 	0.558459 	-7.40631e-05 	
0.57	0.0508746 	0.00385305 	-2.00229 	0.26508 	0.558504 	-6.24745e-05 	
0.575	0.0508771 	0.00361109 	-2.0021 	0.265088 	0.558549 	-5.08617e-05 	
0.58	0.0510104 	0.00311729 	-2.00208 	0.265309 	0.560322 	0.000692509 	
0.585	0.0510129 	0.00287189 	-2.00188 	0.265317 	0.560368 	0.000704194 	
0.59	0.0510156 	0.00262483 	-2.00168 	0.265324 	0.560413 	0.000715898 	
0.595	0.0510183 	0.0023761 	-2.00148 	0.265331 	0.560459 	0.00072762 	
0.6	0.051021 	0.00212571 	-2.00128 	0.265339 	0.560505 	0.000739358 	
0.605	0.0511606 	0.00161423 	-2.00126 	0.265576 	0.562342 	0.00151186 	
0.61	0.0511634 	0.00136049 	-2.00105 	0.265584 	0.562388 	0.00152366 	
0.615	0.0511663 	0.00110516 	-2.00085 	0.265591 	0.562435 	0.00153546 	
0.62	0.0511692 	0.000848202 	-2.00064 	0.265599 	0.562482 	0.00154728 	
0.625	0.0511722 	0.000589633 	-2.00043 	0.265606 	0.562529 	0.0015591 	
0.63	0.0513181 	6.09762e-05 	-2.00041 	0.26586 	0.564426 	0.00236026 	
0.635	0.0513211 	-0.000200828 	-2.00019 	0.265868 	0.564474 	0.00237213 	
0.64	0.0513243 	-0.000464177 	-1.99998 	0.265875 	0.564521 	0.00238399 	
0.645	0.0513274 	-0.000729094 	-1.99976 	0.265883 	0.564569 	0.00239586 	
0.65	0.0514523 	-0.00122215 	-1.99971 	0.266105 	0.566177 	0.00307564 	
0.655	0.0514556 	-0.0014902 	-1.99949 	0.266113 	0.566225 	0.00308752 	
0.66	0.0514589 	-0.00175976 	-1.99927 	0.266121 	0.566273 	0.00309941 	
0.665	0.0514623 	-0.00203085 	-1.99905 	0.266128 	0.566321 	0.00311129 	
0.67	0.0515887 	-0.00253078 	-1.99898 	0.266357 	0.567933 	0.00379471 	
0.675	0.0515922 	-0.00280491 	-1.99876 	0.266365 	0.567982 	0.0038066 	
0.68	0.0515957 	-0.00308051 	-1.99853 	0.266373 	0.568031 	0.00381848 	
0.685	0.0515993 	-0.00335759 	-1.99831 	0.266381 	0.56808 	0.00383034 	
0.69	0.0517297 	-0.00386835 	-1.99824 	0.266621 	0.569724 	0.0045298 	
0.695	0.0517333 	-0.00414839 	-1.99801 	0.266629 	0.569773 	0.00454166 	
0.7	0.0517371 	-0.00442984 	-1.99778 	0.266637 	0.569823 	0.0045535 	
0.705	0.0517409 	-0.00471272 	-1.99755 	0.266645 	0.569872 	0.00456532 	
0.71	0.0518753 	-0.00523442 	-1.99748 	0.266896 	0.571551 	0.00528179 	
0.715	0.0518792 	-0.00552017 	-1.99724 	0.266904 	0.571601 	0.0052936 	
0.72	0.0518832 	-0.00580728 	-1.99701 	0.266912 	0.57165 	0.00530538 	
0.725	0.0518873 	-0.00609578 	-1.99677 	0.26692 	0.571701 	0.00531714 	
0.73	0.0520258 	-0.00662813 	-1.9967 	0.267184 	0.573412 	0.00605045 	
0.735	0.05203 	-0.00691939 	-1.99646 	0.267192 	0.573463 	0.00606218 	
0.74	0.0520342 	-0.00721199 	-1.99622 	0.2672 	0.573513 	0.00607387 	
0.745	0.0520385 	-0.00750591 	-1.99597 	0.267208 	0.573564 	0.00608554 	
0.75	0.0521811 	-0.00804856 	-1.9959 	0.267484 	0.575308 	0.00683538 	
0.755	0.0521855 	-0.00834516 	-1.99565 	0.267492 	0.575358 	0.006847 	
0.76	0.0521899 	-0.00864303 	-1.99541 	0.2675 	0.575409 	0.00685859 	
0.765	0.0521945 	-0.00894219 	-1.99516 	0.267508 	0.57546 	0.00687014 	
0.77	0.0523412 	-0.00949479 	-1.99508 	0.267797 	0.577235 	0.00763619 	
0.775	0.0523459 	-0.00979653 	-1.99483 	0.267805 	0.577286 	0.00764769 	
0.78	0.0523505 	-0.0100995 	-1.99458 	0.267813 	0.577337 	0.00765914 	
0.785	0.0523553 	-0.0104037 	-1.99433 	0.267821 	0.577388 	0.00767055 	
0.79	0.0525062 	-0.0109659 	-1.99425 	0.268123 	0.579193 	0.00845248 	
0.795	0.0525111 	-0.0112725 	-1.994 	0.268131 	0.579244 	0.00846382 	
0.8	0.052516 	-0.0115804 	-1.99374 	0.268139 	0.579296 	0.00847512 	
0.805	0.052521 	-0.0118894 	-1.99348 	0.268147 	0.579347 	0.00848635 	
0.81	0.052676 	-0.0124608 	-1.9934 	0.268462 	0.581181 	0.00928382 	
0.815	0.0526811 	-0.0127722 	-1.99314 	0.26847 	0.581232 	0.00929498 	
0.82	0.0526863 	-0.0130848 	-1.99288 	0.268478 	0.581284 	0.00930609 	
0.825	0.0526916 	-0.0133984 	-1.99262 	0.268486 	0.581335 	0.00931714 	
0.83	0.0528506 	-0.0139787 	-1.99253 	0.268814 	0.583196 	0.0101298 	
0.835	0.052856 	-0.0142946 	-1.99227 	0.268822 	0.583248 	0.0101407 	
0.84	0.0528615 	-0.0146116 	-1.992 	0.26883 	0.583299 	0.0101516 	
0.845	0.052867 	-0.0149297 	-1.99174 	0.268839 	0.583351 	0.0101625 	
0.85	0.0530301 	-0.0155185 	-1.99165 	0.269179 	0.585238 	0.0109899 	
0.855	0.0530357 	-0.0158387 	-1.99138 	0.269188 	0.585289 	0.0110007 	
0.86	0.0530415 	-0.01616 	-1.99111 	0.269196 	0.585341 	0.0110114 	
0.865	0.0530472 	-0.0164823 	-1.99084 	0.269204 	0.585393 	0.0110219 	
0.87	0.0532144 	-0.0170791 	-1.99075 	0.269558 	0.587305 	0.0118639 	
0.875	0.0532203 	-0.0174035 	-1.99048 	0.269567 	0.587356 	0.0118743 	
0.88	0.0532263 	-0.0177288 	-1.99021 	0.269575 	0.587408 	0.0118848 	
0.885	0.0532323 	-0.0180551 	-1.98993 	0.269583 	0.58746 	0.0118951 	
0.89	0.0534035 	-0.0186597 	-1.98984 	0.269951 	0.589395 	0.0127511 	
0.895	0.0534097 	-0.0189879 	-1.98956 	0.26996 	0.589446 	0.0127613 	
0.9	0.0534159 	-0.0193171 	-1.98928 	0.269968 	0.589498 	0.0127714 	
0.905	0.0534222 	-0.0196471 	-1.989 	0.269976 	0.58955 	0.0127815 	
0.91	0.0535974 	-0.020259 	-1.98891 	0.270358 	0.591507 	0.0136511 	
0.915	0.0536038 	-0.0205909 	-1.98863 	0.270366 	0.591558 	0.013661 	
0.92	0.0536103 	-0.0209237 	-1.98835 	0.270374 	0.59161 	0.0136709 	
0.925	0.0536169 	-0.0212573 	-1.98806 	0.270383 	0.591661 	0.0136806 	
0.93	0.053796 	-0.0218762 	-1.98796 	0.270778 	0.593639 	0.0145635 	
0.935	0.0538026 	-0.0222115 	-1.98768 	0.270787 	0.59369 	0.0145731 	
0.94	0.0538094 	-0.0225477 	-1.98739 	0.270795 	0.593742 	0.0145827 	
0.945	0.0539524 	-0.0231072 	-1.98725 	0.271113 	0.595299 	0.0152779 	
0.95	0.0539593 	-0.023445 	-1.98696 	0.271121 	0.59535 	0.0152873 	
0.955	0.0539663 	-0.0237836 	-1.98668 	0.27113 	0.595401 	0.0152966 	
0.96	0.0539733 	-0.0241229 	-1.98639 	0.271138 	0.595453 	0.0153058 	
0.965	0.0541552 	-0.0247464 	-1.98628 	0.271549 	0.59742 	0.0161908 	
0.97	0.0541624 	-0.0250873 	-1.98599 	0.271557 	0.597471 	0.0161998 	
0.975	0.0541696 	-0.0254289 	-1.9857 	0.271565 	0.597522 	0.0162088 	
0.98	0.0543176 	-0.0259971 	-1.98555 	0.271902 	0.599099 	0.0169186 	
0.985	0.0543249 	-0.0263402 	-1.98525 	0.27191 	0.599149 	0.0169273 	
0.99	0.0543324 	-0.0266839 	-1.98496 	0.271918 	0.5992 	0.016936 	
0.995	0.0543399 	-0.0270283 	-1.98467 	0.271926 	0.599251 	0.0169445 	
1	0.0545282 	-0.0276614 	-1.98455 	0.272361 	0.601246 	0.0178497 	
1.005	0.0545359 	-0.0280072 	-1.98425 	0.272369 	0.601296 	0.0178581 	
1.01	0.0545436 	-0.0283535 	-1.98396 	0.272377 	0.601346 	0.0178664 	
1.015	0.0546967 	-0.0289299 	-1.9838 	0.272733 	0.602943 	0.0185916 	
1.02	0.0547045 	-0.0292775 	-1.9835 	0.272741 	0.602994 	0.0185997 	
1.025	0.0547124 	-0.0296257 	-1.98321 	0.272749 	0.603044 	0.0186077 	
1.03	0.0548638 	-0.0301992 	-1.98304 	0.273103 	0.604608 	0.0193201 	
1.035	0.0548718 	-0.0305485 	-1.98274 	0.273111 	0.604658 	0.0193279 	
1.04	0.0548799 	-0.0308984 	-1.98244 	0.273119 	0.604707 	0.0193355 	
1.045	0.055033 	-0.0314741 	-1.98228 	0.27348 	0.606274 	0.0200519 	
1.05	0.0550412 	-0.0318251 	-1.98198 	0.273488 	0.606324 	0.0200594 	
1.055	0.0550495 	-0.0321765 	-1.98168 	0.273496 	0.606373 	0.0200667 	
1.06	0.0552046 	-0.0327549 	-1.98151 	0.273865 	0.607946 	0.0207886 	
1.065	0.055213 	-0.0331074 	-1.9812 	0.273873 	0.607995 	0.0207957 	
1.07	0.0552215 	-0.0334602 	-1.9809 	0.273881 	0.608044 	0.0208028 	
1.075	0.0553786 	-0.0340411 	-1.98073 	0.274258 	0.609622 	0.0215301 	
1.08	0.0553872 	-0.0343949 	-1.98043 	0.274265 	0.609671 	0.0215369 	
1.085	0.0553959 	-0.0347491 	-1.98012 	0.274273 	0.609719 	0.0215436 	
1.09	0.0555549 	-0.0353322 	-1.97995 	0.274658 	0.611303 	0.0222761 	
1.095	0.0555637 	-0.0356872 	-1.97964 	0.274666 	0.611351 	0.0222826 	
1.1	0.0555726 	-0.0360426 	-1.97933 	0.274673 	0.611399 	0.022289 	
1.105	0.0557336 	-0.0366278 	-1.97916 	0.275066 	0.612987 	0.0230265 	
1.11	0.0557426 	-0.0369839 	-1.97885 	0.275073 	0.613035 	0.0230327 	
1.115	0.0557517 	-0.0373403 	-1.97854 	0.275081 	0.613083 	0.0230387 	
1.12	0.0559146 	-0.0379273 	-1.97837 	0.275481 	0.614674 	0.0237811 	
1.125	0.0559238 	-0.0382844 	-1.97806 	0.275489 	0.614722 	0.0237869 	
1.13	0.055933 	-0.0386417 	-1.97774 	0.275496 	0.614769 	0.0237926 	
1.135	0.0560978 	-0.0392303 	-1.97757 	0.275904 	0.616364 	0.0245395 	
1.14	0.0561071 	-0.0395882 	-1.97726 	0.275911 	0.616411 	0.024545 	
1.145	0.0561166 	-0.0399463 	-1.97694 	0.275918 	0.616457 	0.0245503 	
1.15	0.0562832 	-0.0405363 	-1.97676 	0.276334 	0.618055 	0.0253016 	
1.155	0.0562927 	-0.0408949 	-1.97645 	0.276341 	0.618101 	0.0253067 	
1.16	0.0563023 	-0.0412537 	-1.97614 	0.276348 	0.618148 	0.0253117 	
1.165	0.0564707 	-0.0418449 	-1.97596 	0.276772 	0.619747 	0.0260671 	
1.17	0.0564804 	-0.0422041 	-1.97564 	0.276779 	0.619793 	0.0260719 	
1.175	0.0564902 	-0.0425634 	-1.97533 	0.276786 	0.619839 	0.0260765 	
1.18	0.0566603 	-0.0431555 	-1.97514 	0.277216 	0.62144 	0.0268358 	
1.185	0.0566702 	-0.0435151 	-1.97483 	0.277223 	0.621485 	0.0268402 	
1.19	0.0566802 	-0.0438749 	-1.97451 	0.27723 	0.62153 	0.0268445 	
1.195	0.0568519 	-0.0444677 	-1.97433 	0.277668 	0.623132 	0.0276074 	
1.2	0.056862 	-0.0448277 	-1.97401 	0.277675 	0.623176 	0.0276114 	
1.205	0.0568721 	-0.0451877 	-1.97369 	0.277682 	0.623221 	0.0276153 	
1.21	0.0570455 	-0.045781 	-1.97351 	0.278127 	0.624823 	0.0283817 	
1.215	0.0570557 	-0.0461412 	-1.97319 	0.278133 	0.624867 	0.0283853 	
1.22	0.057066 	-0.0465013 	-1.97287 	0.27814 	0.624911 	0.0283888 	
1.225	0.057241 	-0.047095 	-1.97268 	0.278592 	0.626512 	0.0291583 	
1.23	0.0572514 	-0.0474552 	-1.97237 	0.278599 	0.626556 	0.0291616 	
1.235	0.0572619 	-0.0478154 	-1.97205 	0.278605 	0.626599 	0.0291648 	
1.24	0.0574383 	-0.0484091 	-1.97186 	0.279064 	0.6282 	0.0299372 	
1.245	0.0574488 	-0.0487692 	-1.97154 	0.279071 	0.628242 	0.0299401 	
1.25	0.0574595 	-0.0491293 	-1.97122 	0.279077 	0.628285 	0.0299429 	
1.255	0.0576374 	-0.0497228 	-1.97103 	0.279543 	0.629884 	0.030718 	
1.26	0.0576481 	-0.0500828 	-1.97071 	0.279549 	0.629926 	0.0307205 	
1.265	0.0576589 	-0.0504426 	-1.97039 	0.279555 	0.629968 	0.0307229 	
1.27	0.0578381 	-0.0510358 	-1.9702 	0.280028 	0.631565 	0.0315004 	
1.275	0.057849 	-0.0513954 	-1.96988 	0.280034 	0.631607 	0.0315025 	
1.28	0.05786 	-0.0517549 	-1.96956 	0.28004 	0.631648 	0.0315045 	
1.285	0.0580405 	-0.0523474 	-1.96936 	0.280519 	0.633242 	0.0322842 	
1.29	0.0580516 	-0.0527066 	-1.96904 	0.280525 	0.633283 	0.0322859 	
1.295	0.0580627 	-0.0530656 	-1.96872 	0.280531 	0.633323 	0.0322876 	
1.3	0.0582445 	-0.0536574 	-1.96853 	0.281016 	0.634914 	0.0330691 	
1.305	0.0582557 	-0.054016 	-1.96821 	0.281022 	0.634954 	0.0330705 	
1.31	0.0582669 	-0.0543743 	-1.96789 	0.281028 	0.634994 	0.0330718 	
1.315	0.05845 	-0.0549651 	-1.96769 	0.281519 	0.636581 	0.0338549 	
1.32	0.0584613 	-0.055323 	-1.96737 	0.281525 	0.63662 	0.0338559 	
1.325	0.0584726 	-0.0556806 	-1.96705 	0.28153 	0.63666 	0.0338568 	
1.33	0.0586568 	-0.0562701 	-1.96685 	0.282028 	0.638242 	0.0346413 	
1.335	0.0586682 	-0.0566271 	-1.96653 	0.282033 	0.63828 	0.0346419 	
1.34	0.0586797 	-0.0569839 	-1.96621 	0.282038 	0.638319 	0.0346424 	
1.345	0.0588649 	-0.0575719 	-1.96601 	0.282542 	0.639896 	0.035428 	
1.35	0.0588765 	-0.057928 	-1.96569 	0.282547 	0.639934 	0.0354282 	
1.355	0.0588881 	-0.0582837 	-1.96537 	0.282552 	0.639972 	0.0354284 	
1.36	0.0590743 	-0.0588701 	-1.96517 	0.283061 	0.641543 	0.0362147 	
1.365	0.059086 	-0.0592252 	-1.96485 	0.283066 	0.641581 	0.0362146 	
1.37	0.0590978 	-0.0595798 	-1.96453 	0.283071 	0.641618 	0.0362144 	
1.375	0.0592849 	-0.0601643 	-1.96433 	0.283585 	0.643183 	0.0370012 	
1.38	0.0592967 	-0.0605181 	-1.96401 	0.28359 	0.64322 	0.0370008 	
1.385	0.0593085 	-0.0608714 	-1.96369 	0.283595 	0.643256 	0.0370002 	
1.39	0.0594965 	-0.0614538 	-1.96349 	0.284114 	0.644814 	0.0377873 	
1.395	0.0595084 	-0.0618063 	-1.96317 	0.284119 	0.64485 	0.0377864 	
1.4	0.0595203 	-0.0621583 	-1.96285 	0.284123 	0.644886 	0.0377855 	
1.405	0.059709 	-0.0627384 	-1.96264 	0.284648 	0.646437 	0.0385725 	
1.41	0.059721 	-0.0630894 	-1.96233 	0.284652 	0.646472 	0.0385713 	
1.415	0.0597331 	-0.0634399 	-1.96201 	0.284657 	0.646507 	0.03857 	
1.42	0.0599225 	-0.0640175 	-1.9618 	0.285185 	0.64805 	0.0393567 	
1.425	0.0599346 	-0.0643669 	-1.96149 	0.28519 	0.648084 	0.0393551 	
1.43	0.0599467 	-0.0647158 	-1.96117 	0.285194 	0.648118 	0.0393534 	
1.435	0.0601367 	-0.0652907 	-1.96096 	0.285727 	0.649653 	0.0401395 	
1.44	0.0601489 	-0.0656384 	-1.96065 	0.285731 	0.649686 	0.0401376 	
1.445	0.0601611 	-0.0659855 	-1.96033 	0.285735 	0.64972 	0.0401355 	
1.45	0.0603516 	-0.0665574 	-1.96013 	0.286272 	0.651245 	0.0409207 	
1.455	0.0603638 	-0.0669033 	-1.95981 	0.286276 	0.651278 	0.0409184 	
1.46	0.0603761 	-0.0672486 	-1.9595 	0.28628 	0.651311 	0.0409161 	
1.465	0.0605671 	-0.0678174 	-1.95929 	0.286821 	0.652827 	0.0417 	
1.47	0.0605794 	-0.0681614 	-1.95898 	0.286825 	0.652859 	0.0416974 	
1.475	0.0605918 	-0.0685046 	-1.95866 	0.286829 	0.652891 	0.0416946 	
1.48	0.060783 	-0.0690701 	-1.95846 	0.287373 	0.654397 	0.0424771 	
1.485	0.0607954 	-0.069412 	-1.95814 	0.287377 	0.654428 	0.0424741 	
1.49	0.0608079 	-0.0697532 	-1.95783 	0.287381 	0.654459 	0.0424711 	
1.495	0.0609994 	-0.0703151 	-1.95762 	0.287929 	0.655955 	0.0432516 	
1.5	0.0610118 	-0.0706548 	-1.95731 	0.287932 	0.655985 	0.0432484 	
1.505	0.0610243 	-0.0709938 	-1.957 	0.287935 	0.656016 	0.043245 	
1.51	0.061216 	-0.071552 	-1.95679 	0.288486 	0.6575 	0.0440234 	
1.515	0.0612285 	-0.0718894 	-1.95648 	0.28849 	0.65753 	0.0440198 	
1.52	0.0612411 	-0.072226 	-1.95617 	0.288493 	0.65756 	0.0440161 	
1.525	0.0614328 	-0.0727803 	-1.95597 	0.289046 	0.659032 	0.0447922 	
1.53	0.0614454 	-0.0731153 	-1.95566 	0.289049 	0.659061 	0.0447882 	
1.535	0.061458 	-0.0734495 	-1.95535 	0.289052 	0.65909 	0.0447842 	
1.54	0.0616497 	-0.0739996 	-1.95514 	0.289608 	0.660551 	0.0455575 	
1.545	0.0616623 	-0.0743321 	-1.95484 	0.289611 	0.660579 	0.0455533 	
1.55	0.0616749 	-0.0746637 	-1.95453 	0.289614 	0.660607 	0.045549 	
1.555	0.0616875 	-0.0749944 	-1.95423 	0.289617 	0.660635 	0.0455445 	
1.56	0.0619327 	-0.0756035 	-1.95405 	0.290341 	0.662506 	0.0465459 	
1.565	0.0619453 	-0.0759324 	-1.95374 	0.290344 	0.662533 	0.0465412 	
1.57	0.061958 	-0.0762604 	-1.95344 	0.290347 	0.662561 	0.0465365 	
1.575	0.0621548 	-0.0768066 	-1.95324 	0.290924 	0.664034 	0.0473259 	
1.58	0.0621674 	-0.0771327 	-1.95293 	0.290926 	0.66406 	0.047321 	
1.585	0.0621801 	-0.0774579 	-1.95263 	0.290929 	0.664087 	0.047316 	
1.59	0.0621928 	-0.0777821 	-1.95233 	0.290931 	0.664113 	0.0473109 	
1.595	0.0624376 	-0.0783795 	-1.95215 	0.291662 	0.665948 	0.0483038 	
1.6	0.0624503 	-0.0787018 	-1.95185 	0.291664 	0.665973 	0.0482986 	
1.605	0.0624629 	-0.079023 	-1.95156 	0.291666 	0.665999 	0.0482932 	
1.61	0.0626589 	-0.0795577 	-1.95135 	0.292246 	0.667438 	0.0490733 	
1.615	0.0626715 	-0.0798769 	-1.95106 	0.292248 	0.667463 	0.0490677 	
1.62	0.0626842 	-0.080195 	-1.95076 	0.292251 	0.667488 	0.0490621 	
1.625	0.0626968 	-0.0805121 	-1.95046 	0.292253 	0.667512 	0.0490564 	
1.63	0.0629402 	-0.0810962 	-1.95029 	0.292985 	0.669304 	0.0500363 	
1.635	0.0629528 	-0.0814111 	-1.94999 	0.292987 	0.669328 	0.0500304 	
1.64	0.0629654 	-0.081725 	-1.9497 	0.292989 	0.669351 	0.0500245 	
1.645	0.0629781 	-0.0820377 	-1.94941 	0.292991 	0.669375 	0.0500184 	
1.65	0.0632251 	-0.0826193 	-1.94923 	0.29374 	0.671177 	0.0510109 	
1.655	0.0632377 	-0.0829298 	-1.94894 	0.293741 	0.6712 	0.0510047 	
1.66	0.0632503 	-0.0832392 	-1.94865 	0.293743 	0.671222 	0.0509984 	
1.665	0.0632629 	-0.0835474 	-1.94836 	0.293745 	0.671245 	0.0509921 	
1.67	0.0635091 	-0.0841209 	-1.94819 	0.294494 	0.673022 	0.0519773 	
1.675	0.0635216 	-0.0844269 	-1.9479 	0.294496 	0.673044 	0.0519708 	
1.68	0.0635342 	-0.0847316 	-1.94762 	0.294497 	0.673066 	0.0519642 	
1.685	0.0635467 	-0.0850351 	-1.94733 	0.294498 	0.673088 	0.0519576 	
1.69	0.0637912 	-0.0855997 	-1.94716 	0.295247 	0.674837 	0.0529328 	
1.695	0.0638037 	-0.0859009 	-1.94687 	0.295248 	0.674858 	0.0529261 	
1.7	0.0638162 	-0.0862007 	-1.94659 	0.295249 	0.674879 	0.0529192 	
1.705	0.0638287 	-0.0864994 	-1.94631 	0.29525 	0.674899 	0.0529123 	
1.71	0.0640713 	-0.0870548 	-1.94614 	0.295996 	0.676618 	0.0538767 	
1.715	0.0640837 	-0.0873509 	-1.94586 	0.295997 	0.676638 	0.0538696 	
1.72	0.0640961 	-0.0876458 	-1.94558 	0.295998 	0.676658 	0.0538625 	
1.725	0.0641085 	-0.0879394 	-1.94531 	0.295999 	0.676678 	0.0538554 	
1.73	0.064349 	-0.0884851 	-1.94513 	0.296742 	0.678366 	0.054808 	
1.735	0.0643613 	-0.0887761 	-1.94486 	0.296743 	0.678385 	0.0548008 	
1.74	0.0643736 	-0.0890658 	-1.94459 	0.296744 	0.678404 	0.0547935 	
1.745	0.0643859 	-0.0893541 	-1.94431 	0.296744 	0.678423 	0.0547861 	
1.75	0.064624 	-0.08989 	-1.94414 	0.297483 	0.680079 	0.0557263 	
1.755	0.0646362 	-0.0901757 	-1.94387 	0.297484 	0.680098 	0.0557188 	
1.76	0.0646484 	-0.09046 	-1.9436 	0.297484 	0.680116 	0.0557113 	
1.765	0.0646606 	-0.0907429 	-1.94334 	0.297485 	0.680134 	0.0557037 	
1.77	0.0648961 	-0.0912685 	-1.94316 	0.298218 	0.681757 	0.0566306 	
1.775	0.0649082 	-0.0915487 	-1.9429 	0.298219 	0.681775 	0.056623 	
1.78	0.0649203 	-0.0918275 	-1.94264 	0.298219 	0.681792 	0.0566153 	
1.785	0.0649324 	-0.0921048 	-1.94237 	0.29822 	0.681809 	0.0566075 	
1.79	0.065165 	-0.0926199 	-1.9422 	0.298947 	0.683399 	0.0575205 	
1.795	0.0651769 	-0.0928944 	-1.94194 	0.298948 	0.683415 	0.0575127 	
1.8	0.0651889 	-0.0931675 	-1.94168 	0.298948 	0.683432 	0.0575048 	
1.805	0.0652008 	-0.0934391 	-1.94143 	0.298948 	0.683448 	0.0574969 	
1.81	0.0654304 	-0.0939433 	-1.94126 	0.299669 	0.685003 	0.0583951 	
1.815	0.0654422 	-0.094212 	-1.941 	0.299669 	0.685019 	0.0583872 	
1.82	0.065454 	-0.0944793 	-1.94075 	0.299669 	0.685035 	0.0583792 	
1.825	0.0654657 	-0.094745 	-1.9405 	0.299669 	0.68505 	0.0583711 	
1.83	0.065692 	-0.095238 	-1.94033 	0.300382 	0.68657 	0.0592539 	
1.835	0.0657036 	-0.0955008 	-1.94008 	0.300382 	0.686585 	0.0592458 	
1.84	0.0657152 	-0.095762 	-1.93983 	0.300382 	0.6866 	0.0592377 	
1.845	0.0657268 	-0.0960217 	-1.93958 	0.300382 	0.686615 	0.0592295 	
1.85	0.0659495 	-0.0965033 	-1.93942 	0.301087 	0.688099 	0.0600961 	
1.855	0.065961 	-0.0967599 	-1.93918 	0.301086 	0.688113 	0.0600879 	
1.86	0.0659724 	-0.0970149 	-1.93893 	0.301086 	0.688127 	0.0600797 	
1.865	0.0659838 	-0.0972684 	-1.93869 	0.301086 	0.688141 	0.0600714 	
1.87	0.0662027 	-0.0977383 	-1.93853 	0.301781 	0.689588 	0.060921 	
1.875	0.066214 	-0.0979887 	-1.93829 	0.301781 	0.689601 	0.0609128 	
1.88	0.0662253 	-0.0982374 	-1.93805 	0.30178 	0.689615 	0.0609045 	
1.885	0.0662365 	-0.0984845 	-1.93782 	0.30178 	0.689628 	0.0608962 	
1.89	0.0664513 	-0.0989425 	-1.93766 	0.302464 	0.691037 	0.0617281 	
1.895	0.0664624 	-0.0991864 	-1.93742 	0.302464 	0.69105 	0.0617198 	
1.9	0.0664735 	-0.0994287 	-1.93719 	0.302464 	0.691062 	0.0617115 	
1.905	0.0664845 	-0.0996693 	-1.93696 	0.302463 	0.691075 	0.0617032 	
1.91	0.0664954 	-0.0999083 	-1.93673 	0.302463 	0.691087 	0.0616948 	
1.915	0.0667501 	-0.100398 	-1.9366 	0.303285 	0.692758 	0.0626897 	
1.92	0.0667609 	-0.100634 	-1.93637 	0.303284 	0.692769 	0.0626813 	
1.925	0.0667717 	-0.100868 	-1.93614 	0.303284 	0.692781 	0.062673 	
1.93	0.0667824 	-0.1011 	-1.93592 	0.303283 	0.692793 	0.0626647 	
1.935	0.0667931 	-0.101331 	-1.9357 	0.303283 	0.692804 	0.0626563 	
1.94	0.0670454 	-0.101808 	-1.93557 	0.304101 	0.694445 	0.0636407 	
1.945	0.067056 	-0.102035 	-1.93535 	0.304101 	0.694456 	0.0636323 	
1.95	0.0670664 	-0.10226 	-1.93513 	0.3041 	0.694467 	0.063624 	
1.955	0.0670768 	-0.102484 	-1.93492 	0.3041 	0.694478 	0.0636157 	
1.96	0.0670872 	-0.102706 	-1.9347 	0.304099 	0.694489 	0.0636074 	
1.965	0.0673326 	-0.103166 	-1.93457 	0.304898 	0.696071 	0.0645623 	
1.97	0.0673428 	-0.103384 	-1.93436 	0.304897 	0.696081 	0.064554 	
1.975	0.067353 	-0.103601 	-1.93415 	0.304897 	0.696091 	0.0645458 	
1.98	0.0673631 	-0.103816 	-1.93394 	0.304896 	0.696101 	0.0645375 	
1.985	0.0673731 	-0.10403 	-1.93374 	0.304895 	0.696111 	0.0645293 	
1.99	0.0676108 	-0.104471 	-1.93361 	0.305672 	0.69763 	0.0654516 	
1.995	0.0676206 	-0.104681 	-1.93341 	0.305671 	0.69764 	0.0654434 	
2	0.0676304 	-0.104889 	-1.93321 	0.30567 	0.697649 	0.0654352 	
2.005	0.0676402 	-0.105095 	-1.93301 	0.305669 	0.697658 	0.0654271 	
2.01	0.0676499 	-0.105299 	-1.93281 	0.305668 	0.697667 	0.065419 	
2.015	0.0678793 	-0.105722 	-1.93269 	0.30642 	0.699122 	0.0663072 	
2.02	0.0678888 	-0.105922 	-1.9325 	0.306419 	0.699131 	0.0662991 	
2.025	0.0678982 	-0.106121 	-1.9323 	0.306419 	0.699139 	0.0662911 	
2.03	0.0679076 	-0.106318 	-1.93211 	0.306418 	0.699148 	0.0662831 	
2.035	0.0679169 	-0.106514 	-1.93192 	0.306417 	0.699156 	0.0662751 	
2.04	0.0681377 	-0.106917 	-1.93181 	0.307143 	0.700545 	0.067128 	
2.045	0.0681468 	-0.107109 	-1.93162 	0.307142 	0.700553 	0.0671201 	
2.05	0.0681559 	-0.107298 	-1.93144 	0.307141 	0.700561 	0.0671122 	
2.055	0.0681649 	-0.107486 	-1.93125 	0.30714 	0.700569 	0.0671044 	
2.06	0.0681738 	-0.107672 	-1.93107 	0.307139 	0.700577 	0.0670966 	
2.065	0.0681827 	-0.107856 	-1.93089 	0.307138 	0.700584 	0.0670889 	
2.07	0.0684296 	-0.108273 	-1.93079 	0.307958 	0.702135 	0.0680483 	
2.075	0.0684383 	-0.108453 	-1.93062 	0.307957 	0.702142 	0.0680407 	
2.08	0.0684469 	-0.108632 	-1.93045 	0.307956 	0.702149 	0.0680331 	
2.085	0.0684554 	-0.108808 	-1.93027 	0.307955 	0.702156 	0.0680255 	
2.09	0.0684638 	-0.108983 	-1.9301 	0.307954 	0.702163 	0.068018 	
2.095	0.0684722 	-0.109155 	-1.92994 	0.307953 	0.70217 	0.0680106 	
2.1	0.0687096 	-0.10955 	-1.92984 	0.308745 	0.703649 	0.0689316 	
2.105	0.0687177 	-0.109719 	-1.92968 	0.308744 	0.703655 	0.0689242 	
2.11	0.0687258 	-0.109886 	-1.92952 	0.308743 	0.703661 	0.0689169 	
2.115	0.0687339 	-0.110051 	-1.92935 	0.308742 	0.703668 	0.0689097 	
2.12	0.0687418 	-0.110214 	-1.9292 	0.308741 	0.703674 	0.0689025 	
2.125	0.0687497 	-0.110375 	-1.92904 	0.30874 	0.70368 	0.0688953 	
2.13	0.0689733 	-0.110743 	-1.92895 	0.309488 	0.705063 	0.0697613 	
2.135	0.0689809 	-0.1109 	-1.9288 	0.309487 	0.705068 	0.0697543 	
2.14	0.0689885 	-0.111055 	-1.92865 	0.309486 	0.705074 	0.0697474 	
2.145	0.068996 	-0.111208 	-1.9285 	0.309485 	0.70508 	0.0697405 	
2.15	0.0690034 	-0.111359 	-1.92835 	0.309484 	0.705085 	0.0697336 	
2.155	0.0690108 	-0.111509 	-1.9282 	0.309483 	0.70509 	0.0697269 	
2.16	0.069018 	-0.111656 	-1.92806 	0.309482 	0.705096 	0.0697202 	
2.165	0.0692555 	-0.112023 	-1.92799 	0.310283 	0.706559 	0.0706435 	
2.17	0.0692625 	-0.112166 	-1.92785 	0.310282 	0.706564 	0.0706369 	
2.175	0.0692694 	-0.112307 	-1.92771 	0.310281 	0.706569 	0.0706305 	
2.18	0.0692763 	-0.112446 	-1.92757 	0.31028 	0.706574 	0.070624 	
2.185	0.0692831 	-0.112583 	-1.92744 	0.310279 	0.706579 	0.0706177 	
2.19	0.0692898 	-0.112718 	-1.92731 	0.310278 	0.706584 	0.0706114 	
2.195	0.0692964 	-0.112851 	-1.92718 	0.310277 	0.706588 	0.0706052 	
2.2	0.0695165 	-0.113187 	-1.92711 	0.311023 	0.707935 	0.0714602 	
2.205	0.0695229 	-0.113316 	-1.92698 	0.311022 	0.70794 	0.0714541 	
2.21	0.0695292 	-0.113442 	-1.92686 	0.311021 	0.707944 	0.0714481 	
2.215	0.0695354 	-0.113567 	-1.92674 	0.31102 	0.707948 	0.0714422 	
2.22	0.0695415 	-0.11369 	-1.92662 	0.311019 	0.707952 	0.0714364 	
2.225	0.0695475 	-0.113811 	-1.9265 	0.311018 	0.707956 	0.0714307 	
2.23	0.0695534 	-0.11393 	-1.92638 	0.311017 	0.70796 	0.071425 	
2.235	0.0695592 	-0.114046 	-1.92627 	0.311016 	0.707964 	0.0714195 	
2.24	0.0697809 	-0.114366 	-1.92622 	0.311772 	0.709315 	0.0722831 	
2.245	0.0697865 	-0.114478 	-1.92611 	0.311771 	0.709319 	0.0722777 	
2.25	0.069792 	-0.114589 	-1.926 	0.31177 	0.709323 	0.0722724 	
2.255	0.0697975 	-0.114697 	-1.92589 	0.311769 	0.709326 	0.0722671 	
2.26	0.0698028 	-0.114804 	-1.92579 	0.311768 	0.709329 	0.072262 	
2.265	0.069808 	-0.114908 	-1.92569 	0.311767 	0.709333 	0.072257 	
2.27	0.0698131 	-0.11501 	-1.92559 	0.311767 	0.709336 	0.072252 	
2.275	0.0698181 	-0.11511 	-1.92549 	0.311766 	0.709339 	0.0722471 	
2.28	0.069823 	-0.115208 	-1.92539 	0.311765 	0.709342 	0.0722423 	
2.285	0.0698278 	-0.115303 	-1.9253 	0.311764 	0.709345 	0.0722376 	
2.29	0.0700614 	-0.115613 	-1.92527 	0.312568 	0.710766 	0.0731522 	
2.295	0.070066 	-0.115704 	-1.92518 	0.312567 	0.710769 	0.0731477 	
2.3	0.0700705 	-0.115794 	-1.92509 	0.312566 	0.710771 	0.0731433 	
2.305	0.0700749 	-0.115881 	-1.92501 	0.312565 	0.710774 	0.073139 	
2.31	0.0700792 	-0.115967 	-1.92492 	0.312565 	0.710776 	0.0731348 	
2.315	0.0700834 	-0.11605 	-1.92484 	0.312564 	0.710779 	0.0731307 	
2.32	0.0700874 	-0.116131 	-1.92476 	0.312563 	0.710781 	0.0731266 	
2.325	0.0700914 	-0.11621 	-1.92468 	0.312562 	0.710784 	0.0731227 	
2.33	0.0700953 	-0.116286 	-1.92461 	0.312562 	0.710786 	0.0731189 	
2.335	0.0700991 	-0.116361 	-1.92453 	0.312561 	0.710788 	0.0731152 	
2.34	0.0701027 	-0.116433 	-1.92446 	0.31256 	0.71079 	0.0731115 	
2.345	0.0701063 	-0.116504 	-1.92439 	0.312559 	0.710792 	0.073108 	
2.35	0.0703266 	-0.116775 	-1.92439 	0.313324 	0.712128 	0.0739741 	
2.355	0.0703299 	-0.116841 	-1.92432 	0.313323 	0.71213 	0.0739707 	
2.36	0.0703331 	-0.116905 	-1.92426 	0.313323 	0.712132 	0.0739675 	
2.365	0.0703363 	-0.116967 	-1.9242 	0.313322 	0.712133 	0.0739644 	
2.37	0.0703393 	-0.117026 	-1.92414 	0.313321 	0.712135 	0.0739614 	
2.375	0.0703422 	-0.117084 	-1.92408 	0.313321 	0.712137 	0.0739585 	
2.38	0.070345 	-0.117139 	-1.92403 	0.31332 	0.712138 	0.0739557 	
2.385	0.0703477 	-0.117192 	-1.92398 	0.31332 	0.71214 	0.073953 	
2.39	0.0703503 	-0.117243 	-1.92392 	0.313319 	0.712141 	0.0739504 	
2.395	0.0703528 	-0.117292 	-1.92388 	0.313319 	0.712143 	0.073948 	
2.4	0.0703551 	-0.117339 	-1.92383 	0.313318 	0.712144 	0.0739456 	
2.405	0.0703574 	-0.117383 	-1.92379 	0.313318 	0.712145 	0.0739433 	
2.41	0.0703595 	-0.117426 	-1.92374 	0.313317 	0.712146 	0.0739412 	
2.415	0.0703616 	-0.117466 	-1.92371 	0.313317 	0.712147 	0.0739391 	
2.42	0.0703633 	-0.117501 	-1.92367 	0.313317 	0.712148 	0.0739374 	
2.425	0.0703653 	-0.11754 	-1.92363 	0.313316 	0.712149 	0.0739354 	
2.43	0.0703669 	-0.117571 	-1.9236 	0.313316 	0.71215 	0.0739338 	
2.435	0.0703685 	-0.117602 	-1.92357 	0.313316 	0.712151 	0.0739322 	
2.44	0.07037 	-0.117632 	-1.92354 	0.313315 	0.712152 	0.0739307 	
2.445	0.0703714 	-0.117659 	-1.92352 	0.313315 	0.712153 	0.0739293 	
2.45	0.0703727 	-0.117684 	-1.92349 	0.313315 	0.712153 	0.073928 	
2.455	0.0703739 	-0.117707 	-1.92347 	0.313314 	0.712154 	0.0739268 	
2.46	0.0703749 	-0.117728 	-1.92345 	0.313314 	0.712155 	0.0739257 	
2.465	0.0705956 	-0.117951 	-1.92349 	0.314092 	0.713497 	0.0748046 	
2.47	0.0705965 	-0.117968 	-1.92347 	0.314091 	0.713498 	0.0748036 	
2.475	0.0705972 	-0.117982 	-1.92346 	0.314091 	0.713498 	0.0748028 	
2.48	0.0705978 	-0.117994 	-1.92344 	0.314091 	0.713498 	0.0748022 	
2.485	0.0705983 	-0.118004 	-1.92343 	0.314091 	0.713499 	0.0748017 	
2.49	0.0705987 	-0.118012 	-1.92343 	0.314091 	0.713499 	0.0748013 	
2.495	0.070599 	-0.118018 	-1.92342 	0.314091 	0.713499 	0.074801 	
2.5	0.070599 	-0.118018 	-1.92342 	0.314091 	0.713499 	0.074801 	
2.505	0.0705993 	-0.118022 	-1.92342 	0.314091 	0.713499 	0.0748007 	
2.51	0.0706061 	-0.118031 	-1.9234 	0.314088 	0.713497 	0.0747913 	
2.515	0.0706056 	-0.118034 	-1.9234 	0.314087 	0.713494 	0.0747904 	
2.52	0.0706018 	-0.118035 	-1.92339 	0.314087 	0.713489 	0.074793 	
2.525	0.0705989 	-0.118039 	-1.92338 	0.314086 	0.713481 	0.0747934 	
2.53	0.0705952 	-0.118044 	-1.92337 	0.314084 	0.713471 	0.0747936 	
2.535	0.0705908 	-0.118051 	-1.92335 	0.314083 	0.713459 	0.0747939 	
2.54	0.0705855 	-0.118058 	-1.92333 	0.31408 	0.713444 	0.0747942 	
2.545	0.0705795 	-0.118067 	-1.9233 	0.314078 	0.713428 	0.0747946 	
2.55	0.070576 	-0.118081 	-1.92327 	0.314074 	0.713408 	0.0747905 	
2.555	0.0705686 	-0.118093 	-1.92324 	0.31407 	0.713387 	0.0747905 	
2.56	0.0705601 	-0.118106 	-1.9232 	0.314067 	0.713363 	0.074791 	
2.565	0.0705508 	-0.11812 	-1.92316 	0.314063 	0.713338 	0.0747915 	
2.57	0.0705406 	-0.118135 	-1.92312 	0.314059 	0.71331 	0.0747921 	
2.575	0.0705296 	-0.118151 	-1.92308 	0.314054 	0.71328 	0.0747928 	
2.58	0.0705166 	-0.11817 	-1.92302 	0.314049 	0.713244 	0.0747936 	
2.585	0.070505 	-0.118188 	-1.92298 	0.314044 	0.713212 	0.0747943 	
2.59	0.0704904 	-0.118209 	-1.92292 	0.314038 	0.713172 	0.0747951 	
2.595	0.070476 	-0.118231 	-1.92286 	0.314032 	0.713133 	0.074796 	
2.6	0.0704609 	-0.118253 	-1.9228 	0.314026 	0.713091 	0.0747969 	
2.605	0.0704449 	-0.118277 	-1.92273 	0.314019 	0.713047 	0.0747979 	
2.61	0.0704281 	-0.118302 	-1.92266 	0.314012 	0.713001 	0.0747989 	
2.615	0.0704109 	-0.118328 	-1.92259 	0.314005 	0.712953 	0.0747994 	
2.62	0.0703925 	-0.118356 	-1.92252 	0.313997 	0.712902 	0.0748005 	
2.625	0.0703733 	-0.118384 	-1.92244 	0.313989 	0.712849 	0.0748017 	
2.63	0.0703533 	-0.118414 	-1.92236 	0.313981 	0.712794 	0.0748029 	
2.635	0.0703325 	-0.118445 	-1.92227 	0.313972 	0.712737 	0.0748041 	
2.64	0.0703109 	-0.118477 	-1.92218 	0.313963 	0.712678 	0.0748054 	
2.645	0.0702896 	-0.118512 	-1.92209 	0.313953 	0.712616 	0.0748053 	
2.65	0.0702663 	-0.118546 	-1.92199 	0.313944 	0.712552 	0.0748066 	
2.655	0.0702423 	-0.118582 	-1.9219 	0.313934 	0.712486 	0.0748081 	
2.66	0.0702175 	-0.118619 	-1.92179 	0.313924 	0.712418 	0.0748095 	
2.665	0.0701919 	-0.118657 	-1.92169 	0.313913 	0.712347 	0.0748111 	
2.67	0.0701655 	-0.118696 	-1.92158 	0.313902 	0.712275 	0.0748126 	
2.675	0.0701383 	-0.118737 	-1.92147 	0.313891 	0.7122 	0.0748143 	
2.68	0.0701103 	-0.118778 	-1.92136 	0.313879 	0.712123 	0.0748159 	
2.685	0.0700815 	-0.118821 	-1.92124 	0.313867 	0.712044 	0.0748176 	
2.69	0.070052 	-0.118865 	-1.92112 	0.313855 	0.711963 	0.0748194 	
2.695	0.0700198 	-0.118908 	-1.921 	0.313843 	0.71188 	0.0748236 	
2.7	0.0699887 	-0.118955 	-1.92087 	0.313831 	0.711794 	0.0748255 	
2.705	0.0699568 	-0.119002 	-1.92074 	0.313817 	0.711706 	0.0748273 	
2.71	0.0699241 	-0.119051 	-1.9206 	0.313804 	0.711616 	0.0748293 	
2.715	0.0698907 	-0.119101 	-1.92047 	0.31379 	0.711524 	0.0748312 	
2.72	0.0698564 	-0.119152 	-1.92033 	0.313776 	0.71143 	0.0748333 	
2.725	0.0698214 	-0.119204 	-1.92018 	0.313761 	0.711334 	0.0748353 	
2.73	0.0697857 	-0.119257 	-1.92004 	0.313747 	0.711235 	0.0748374 	
2.735	0.0696516 	-0.119007 	-1.91981 	0.313641 	0.709453 	0.0748682 	
2.74	0.0696143 	-0.119063 	-1.91966 	0.313625 	0.70935 	0.0748704 	
2.745	0.0695656 	-0.119108 	-1.91952 	0.313614 	0.709247 	0.0748866 	
2.75	0.0695267 	-0.119166 	-1.91936 	0.313598 	0.70914 	0.0748891 	
2.755	0.0694872 	-0.119225 	-1.9192 	0.313582 	0.709031 	0.0748914 	
2.76	0.0694469 	-0.119285 	-1.91903 	0.313565 	0.70892 	0.0748938 	
2.765	0.0694058 	-0.119347 	-1.91886 	0.313548 	0.708807 	0.0748962 	
2.77	0.069364 	-0.119409 	-1.91869 	0.313531 	0.708692 	0.0748986 	
2.775	0.0693215 	-0.119473 	-1.91852 	0.313513 	0.708575 	0.0749011 	
2.78	0.0692782 	-0.119538 	-1.91834 	0.313495 	0.708455 	0.0749037 	
2.785	0.0692342 	-0.119604 	-1.91816 	0.313477 	0.708334 	0.0749063 	
2.79	0.0691895 	-0.119671 	-1.91798 	0.313459 	0.708211 	0.0749089 	
2.795	0.069144 	-0.119739 	-1.91779 	0.31344 	0.708085 	0.0749115 	
2.8	0.0691021 	-0.119813 	-1.91759 	0.313419 	0.707957 	0.0749087 	
2.805	0.0690552 	-0.119883 	-1.9174 	0.3134 	0.707827 	0.0749113 	
2.81	0.0690075 	-0.119955 	-1.9172 	0.31338 	0.707696 	0.0749141 	
2.815	0.0688424 	-0.119728 	-1.91693 	0.313176 	0.705872 	0.074827 	
2.82	0.0687934 	-0.119802 	-1.91673 	0.313156 	0.705736 	0.0748299 	
2.825	0.0687436 	-0.119876 	-1.91652 	0.313136 	0.705599 	0.0748328 	
2.83	0.0686931 	-0.119952 	-1.91631 	0.313115 	0.705459 	0.0748358 	
2.835	0.068642 	-0.120029 	-1.9161 	0.313094 	0.705318 	0.0748388 	
2.84	0.0685915 	-0.120109 	-1.91589 	0.313072 	0.705174 	0.07484 	
2.845	0.0685389 	-0.120188 	-1.91567 	0.31305 	0.705029 	0.074843 	
2.85	0.0684857 	-0.120268 	-1.91545 	0.313029 	0.704882 	0.0748461 	
2.855	0.0684317 	-0.12035 	-1.91523 	0.313006 	0.704732 	0.0748493 	
2.86	0.0683771 	-0.120432 	-1.915 	0.312984 	0.704581 	0.0748525 	
2.865	0.0683218 	-0.120516 	-1.91477 	0.312961 	0.704428 	0.0748557 	
2.87	0.0682658 	-0.1206 	-1.91454 	0.312938 	0.704273 	0.0748589 	
2.875	0.0681991 	-0.120675 	-1.91432 	0.312919 	0.704118 	0.0748754 	
2.88	0.0680219 	-0.12046 	-1.91401 	0.312701 	0.70225 	0.0747769 	
2.885	0.067964 	-0.120548 	-1.91377 	0.312677 	0.70209 	0.0747803 	
2.89	0.0679053 	-0.120636 	-1.91353 	0.312653 	0.701927 	0.0747837 	
2.895	0.0678461 	-0.120726 	-1.91328 	0.312629 	0.701763 	0.0747872 	
2.9	0.0677861 	-0.120817 	-1.91303 	0.312605 	0.701597 	0.0747907 	
2.905	0.0677255 	-0.120909 	-1.91278 	0.31258 	0.701429 	0.0747942 	
2.91	0.0676643 	-0.121002 	-1.91253 	0.312555 	0.701259 	0.0747977 	
2.915	0.0676024 	-0.121095 	-1.91227 	0.312529 	0.701087 	0.0748013 	
2.92	0.0675399 	-0.12119 	-1.91201 	0.312504 	0.700914 	0.0748049 	
2.925	0.0674768 	-0.121286 	-1.91175 	0.312478 	0.700739 	0.0748085 	
2.93	0.067412 	-0.121382 	-1.91149 	0.312452 	0.700562 	0.0748135 	
2.935	0.0672304 	-0.121186 	-1.91114 	0.312236 	0.698709 	0.0747172 	
2.94	0.0671654 	-0.121285 	-1.91087 	0.312209 	0.698529 	0.074721 	
2.945	0.0670998 	-0.121385 	-1.9106 	0.312182 	0.698346 	0.0747248 	
2.95	0.0670336 	-0.121486 	-1.91033 	0.312155 	0.698162 	0.0747286 	
2.955	0.0669668 	-0.121588 	-1.91005 	0.312128 	0.697977 	0.0747324 	
2.96	0.0668994 	-0.12169 	-1.90977 	0.312101 	0.697789 	0.0747363 	
2.965	0.0668314 	-0.121794 	-1.90948 	0.312073 	0.6976 	0.0747402 	
2.97	0.0667628 	-0.121899 	-1.9092 	0.312045 	0.697409 	0.0747441 	
2.975	0.0666936 	-0.122004 	-1.90891 	0.312017 	0.697217 	0.0747481 	
2.98	0.0666239 	-0.122111 	-1.90862 	0.311988 	0.697023 	0.0747521 	
2.985	0.0664359 	-0.121925 	-1.90825 	0.311769 	0.695144 	0.0746564 	
2.99	0.066365 	-0.122033 	-1.90795 	0.31174 	0.694947 	0.0746604 	
2.995	0.0663094 	-0.12216 	-1.90763 	0.311705 	0.694745 	0.0746439 	
3	0.0662376 	-0.122271 	-1.90733 	0.311676 	0.694544 	0.0746478 	
3.005	0.066165 	-0.122382 	-1.90703 	0.311646 	0.694342 	0.0746519 	
3.01	0.0660919 	-0.122494 	-1.90672 	0.311617 	0.694138 	0.0746561 	
3.015	0.0660182 	-0.122607 	-1.90641 	0.311587 	0.693933 	0.0746603 	
3.02	0.065944 	-0.122721 	-1.9061 	0.311557 	0.693726 	0.0746645 	
3.025	0.0658693 	-0.122836 	-1.90579 	0.311526 	0.693517 	0.0746687 	
3.03	0.065794 	-0.122952 	-1.90548 	0.311496 	0.693307 	0.074673 	
3.035	0.0655776 	-0.122737 	-1.90509 	0.311266 	0.691283 	0.0745888 	
3.04	0.0655012 	-0.122855 	-1.90477 	0.311235 	0.69107 	0.0745933 	
3.045	0.0654244 	-0.122973 	-1.90445 	0.311204 	0.690855 	0.0745977 	
3.05	0.0653471 	-0.123093 	-1.90413 	0.311173 	0.690639 	0.0746021 	
3.055	0.0652693 	-0.123213 	-1.9038 	0.311141 	0.690421 	0.0746065 	
3.06	0.0651909 	-0.123334 	-1.90347 	0.31111 	0.690202 	0.0746109 	
3.065	0.0651085 	-0.123451 	-1.90315 	0.311079 	0.689983 	0.0746201 	
3.07	0.0650292 	-0.123574 	-1.90282 	0.311047 	0.689761 	0.0746246 	
3.075	0.0649494 	-0.123698 	-1.90248 	0.311015 	0.689537 	0.0746291 	
3.08	0.0647459 	-0.123516 	-1.90206 	0.310785 	0.687544 	0.0745307 	
3.085	0.0646652 	-0.123641 	-1.90172 	0.310752 	0.687318 	0.0745353 	
3.09	0.064584 	-0.123767 	-1.90137 	0.310719 	0.687091 	0.0745399 	
3.095	0.0645024 	-0.123894 	-1.90103 	0.310686 	0.686862 	0.0745445 	
3.1	0.0644203 	-0.124021 	-1.90069 	0.310653 	0.686632 	0.0745491 	
3.105	0.0643378 	-0.124149 	-1.90034 	0.31062 	0.6864 	0.0745537 	
3.11	0.0642557 	-0.12428 	-1.89999 	0.310586 	0.686167 	0.0745571 	
3.115	0.0641723 	-0.124409 	-1.89964 	0.310553 	0.685933 	0.0745617 	
3.12	0.0639727 	-0.124253 	-1.8992 	0.310334 	0.684034 	0.0744705 	
3.125	0.0638885 	-0.124385 	-1.89884 	0.3103 	0.683797 	0.0744752 	
3.13	0.0638038 	-0.124517 	-1.89848 	0.310266 	0.683559 	0.07448 	
3.135	0.0637187 	-0.12465 	-1.89813 	0.310232 	0.68332 	0.0744847 	
3.14	0.0636332 	-0.124784 	-1.89776 	0.310197 	0.68308 	0.0744895 	
3.145	0.0635473 	-0.124918 	-1.8974 	0.310163 	0.682838 	0.0744943 	
3.15	0.063461 	-0.125053 	-1.89704 	0.310128 	0.682595 	0.074499 	
3.155	0.0633743 	-0.125189 	-1.89667 	0.310093 	0.682351 	0.0745038 	
3.16	0.0631678 	-0.12503 	-1.89621 	0.309868 	0.680387 	0.0744104 	
3.165	0.063084 	-0.125172 	-1.89584 	0.309832 	0.68014 	0.0744105 	
3.17	0.0629962 	-0.125309 	-1.89546 	0.309797 	0.679892 	0.0744154 	
3.175	0.062908 	-0.125448 	-1.89509 	0.309761 	0.679644 	0.0744202 	
3.18	0.0628195 	-0.125587 	-1.89471 	0.309726 	0.679394 	0.0744251 	
3.185	0.0627306 	-0.125727 	-1.89434 	0.30969 	0.679143 	0.07443 	
3.19	0.0626413 	-0.125868 	-1.89396 	0.309655 	0.678891 	0.0744349 	
3.195	0.0625517 	-0.126009 	-1.89357 	0.309619 	0.678638 	0.0744398 	
3.2	0.0623381 	-0.125846 	-1.8931 	0.309386 	0.676601 	0.0743437 	
3.205	0.0622478 	-0.125989 	-1.89272 	0.30935 	0.676346 	0.0743487 	
3.21	0.0621572 	-0.126132 	-1.89233 	0.309314 	0.67609 	0.0743537 	
3.215	0.0620663 	-0.126276 	-1.89194 	0.309278 	0.675833 	0.0743587 	
3.22	0.0619794 	-0.126425 	-1.89155 	0.30924 	0.675574 	0.0743582 	
3.225	0.0618879 	-0.12657 	-1.89116 	0.309204 	0.675315 	0.0743631 	
3.23	0.0617961 	-0.126715 	-1.89076 	0.309167 	0.675055 	0.0743681 	
3.235	0.0617039 	-0.126861 	-1.89037 	0.30913 	0.674794 	0.0743731 	
3.24	0.0614839 	-0.126695 	-1.88988 	0.308891 	0.672689 	0.0742747 	
3.245	0.0613912 	-0.126842 	-1.88948 	0.308855 	0.672426 	0.0742798 	
3.25	0.0612982 	-0.12699 	-1.88909 	0.308818 	0.672162 	0.0742848 	
3.255	0.061205 	-0.127138 	-1.88869 	0.308781 	0.671898 	0.0742899 	
3.26	0.0611089 	-0.127285 	-1.88829 	0.308745 	0.671633 	0.0742983 	
3.265	0.0610151 	-0.127434 	-1.88789 	0.308707 	0.671367 	0.0743033 	
3.27	0.0609211 	-0.127584 	-1.88748 	0.30867 	0.6711 	0.0743084 	
3.275	0.0607107 	-0.12745 	-1.88699 	0.30845 	0.669153 	0.0742202 	
3.28	0.0606163 	-0.127601 	-1.88659 	0.308412 	0.668884 	0.0742253 	
3.285	0.0605216 	-0.127753 	-1.88618 	0.308375 	0.668615 	0.0742304 	
3.29	0.0604266 	-0.127905 	-1.88577 	0.308337 	0.668345 	0.0742355 	
3.295	0.0603315 	-0.128058 	-1.88536 	0.3083 	0.668074 	0.0742406 	
3.3	0.0602361 	-0.128211 	-1.88495 	0.308262 	0.667803 	0.0742456 	
3.305	0.0601405 	-0.128364 	-1.88454 	0.308224 	0.667531 	0.0742507 	
3.31	0.0599417 	-0.128248 	-1.88401 	0.307998 	0.665561 	0.0741445 	
3.315	0.0598459 	-0.128402 	-1.8836 	0.30796 	0.665287 	0.0741495 	
3.32	0.0597497 	-0.128557 	-1.88318 	0.307922 	0.665013 	0.0741546 	
3.325	0.0596534 	-0.128712 	-1.88277 	0.307884 	0.664738 	0.0741597 	
3.33	0.0595568 	-0.128868 	-1.88235 	0.307846 	0.664463 	0.0741648 	
3.335	0.0594601 	-0.129024 	-1.88193 	0.307808 	0.664187 	0.0741699 	
3.34	0.0593632 	-0.129181 	-1.88151 	0.30777 	0.66391 	0.074175 	
3.345	0.0591475 	-0.129048 	-1.881 	0.307546 	0.661911 	0.0740862 	
3.35	0.0590503 	-0.129206 	-1.88058 	0.307507 	0.661633 	0.0740913 	
3.355	0.0589341 	-0.129343 	-1.88019 	0.307476 	0.661359 	0.0741207 	
3.36	0.0588365 	-0.1295 	-1.87977 	0.307438 	0.66108 	0.0741261 	
3.365	0.0587389 	-0.129659 	-1.87934 	0.3074 	0.660801 	0.0741312 	
3.37	0.0586412 	-0.129817 	-1.87892 	0.307361 	0.660521 	0.0741363 	
3.375	0.0585433 	-0.129976 	-1.87849 	0.307323 	0.660241 	0.0741414 	
3.38	0.0583251 	-0.129844 	-1.87797 	0.307097 	0.658214 	0.074052 	
3.385	0.0582271 	-0.130004 	-1.87754 	0.307059 	0.657933 	0.0740572 	
3.39	0.0581253 	-0.13016 	-1.87712 	0.307022 	0.657652 	0.074067 	
3.395	0.058027 	-0.13032 	-1.8767 	0.306983 	0.65737 	0.0740721 	
3.4	0.0579286 	-0.13048 	-1.87627 	0.306945 	0.657088 	0.0740772 	
3.405	0.0578302 	-0.130641 	-1.87584 	0.306906 	0.656805 	0.0740823 	
3.41	0.0577317 	-0.130802 	-1.87541 	0.306868 	0.656522 	0.0740873 	
3.415	0.0575117 	-0.13067 	-1.87488 	0.306641 	0.654474 	0.0739978 	
3.42	0.0574114 	-0.13083 	-1.87445 	0.306603 	0.65419 	0.074005 	
3.425	0.0573127 	-0.130992 	-1.87402 	0.306564 	0.653906 	0.0740102 	
3.43	0.057214 	-0.131154 	-1.87359 	0.306526 	0.653622 	0.0740152 	
3.435	0.0571152 	-0.131316 	-1.87316 	0.306488 	0.653338 	0.0740203 	
3.44	0.0570163 	-0.131479 	-1.87272 	0.306449 	0.653053 	0.0740253 	
3.445	0.0569175 	-0.131641 	-1.87229 	0.306411 	0.652768 	0.0740303 	
3.45	0.0566964 	-0.13151 	-1.87176 	0.306183 	0.650704 	0.0739409 	
3.455	0.0565975 	-0.131673 	-1.87132 	0.306145 	0.650419 	0.0739459 	
3.46	0.0564986 	-0.131836 	-1.87089 	0.306106 	0.650134 	0.073951 	
3.465	0.0563997 	-0.131999 	-1.87045 	0.306068 	0.649848 	0.073956 	
3.47	0.0563007 	-0.132163 	-1.87002 	0.30603 	0.649562 	0.073961 	
3.475	0.0562018 	-0.132327 	-1.86958 	0.305991 	0.649277 	0.0739659 	
3.48	0.0561029 	-0.13249 	-1.86915 	0.305953 	0.648991 	0.0739709 	
3.485	0.0559023 	-0.132383 	-1.86858 	0.305718 	0.646913 	0.0738553 	
3.49	0.0558036 	-0.132547 	-1.86814 	0.30568 	0.646627 	0.07386 	
3.495	0.0557048 	-0.132711 	-1.8677 	0.305642 	0.646341 	0.073865 	
3.5	0.055606 	-0.132875 	-1.86727 	0.305604 	0.646055 	0.0738699 	
3.505	0.0555072 	-0.133039 	-1.86683 	0.305565 	0.645769 	0.0738748 	
3.51	0.0554084 	-0.133204 	-1.8664 	0.305527 	0.645483 	0.0738797 	
3.515	0.0553098 	-0.133368 	-1.86596 	0.305489 	0.645197 	0.0738846 	
3.52	0.0550794 	-0.133229 	-1.86543 	0.305266 	0.643122 	0.073808 	
3.525	0.0549808 	-0.133393 	-1.865 	0.305228 	0.642836 	0.073813 	
3.53	0.0548823 	-0.133558 	-1.86456 	0.30519 	0.64255 	0.0738179 	
3.535	0.0547839 	-0.133723 	-1.86413 	0.305152 	0.642265 	0.0738227 	
3.54	0.0546856 	-0.133887 	-1.86369 	0.305115 	0.641979 	0.0738276 	
3.545	0.0545873 	-0.134052 	-1.86326 	0.305077 	0.641694 	0.0738324 	
3.55	0.0544892 	-0.134216 	-1.86282 	0.305039 	0.641408 	0.0738372 	
3.555	0.054269 	-0.134089 	-1.86228 	0.304814 	0.639335 	0.0737497 	
3.56	0.0541711 	-0.134253 	-1.86184 	0.304777 	0.63905 	0.0737545 	
3.565	0.0540733 	-0.134418 	-1.86141 	0.304739 	0.638766 	0.0737593 	
3.57	0.0539756 	-0.134582 	-1.86097 	0.304702 	0.638481 	0.073764 	
3.575	0.053871 	-0.134739 	-1.86055 	0.304667 	0.638198 	0.0737776 	
3.58	0.0537735 	-0.134903 	-1.86012 	0.30463 	0.637914 	0.0737824 	
3.585	0.0536762 	-0.135067 	-1.85968 	0.304592 	0.63763 	0.0737871 	
3.59	0.0534576 	-0.134942 	-1.85914 	0.30437 	0.635567 	0.0737008 	
3.595	0.0533606 	-0.135106 	-1.85871 	0.304333 	0.635284 	0.0737055 	
3.6	0.0532638 	-0.13527 	-1.85828 	0.304296 	0.635001 	0.0737102 	
3.605	0.0531671 	-0.135433 	-1.85785 	0.304259 	0.634719 	0.0737148 	
3.61	0.0530706 	-0.135597 	-1.85741 	0.304222 	0.634437 	0.0737194 	
3.615	0.0529929 	-0.13578 	-1.85695 	0.304179 	0.634151 	0.0737003 	
3.62	0.0528969 	-0.135944 	-1.85652 	0.304142 	0.63387 	0.0737047 	
3.625	0.0526806 	-0.135821 	-1.85599 	0.303923 	0.631823 	0.0736198 	
3.63	0.0525848 	-0.135984 	-1.85556 	0.303886 	0.631542 	0.0736244 	
3.635	0.0524892 	-0.136147 	-1.85513 	0.30385 	0.631262 	0.0736289 	
3.64	0.0523938 	-0.136309 	-1.8547 	0.303814 	0.630983 	0.0736334 	
3.645	0.0522986 	-0.136472 	-1.85427 	0.303777 	0.630704 	0.0736379 	
3.65	0.0522036 	-0.136634 	-1.85385 	0.303741 	0.630425 	0.0736423 	
3.655	0.0521089 	-0.136795 	-1.85342 	0.303705 	0.630147 	0.0736468 	
3.66	0.0518955 	-0.136676 	-1.85289 	0.303489 	0.628122 	0.0735635 	
3.665	0.0517856 	-0.13682 	-1.85249 	0.303459 	0.627849 	0.0735876 	
3.67	0.0516913 	-0.136981 	-1.85206 	0.303423 	0.627572 	0.0735922 	
3.675	0.0515975 	-0.137142 	-1.85164 	0.303388 	0.627297 	0.0735966 	
3.68	0.0515039 	-0.137302 	-1.85122 	0.303352 	0.627022 	0.0736009 	
3.685	0.0514106 	-0.137462 	-1.8508 	0.303317 	0.626747 	0.0736052 	
3.69	0.0513175 	-0.137622 	-1.85038 	0.303282 	0.626473 	0.0736095 	
3.695	0.0511077 	-0.137506 	-1.84985 	0.30307 	0.624477 	0.0735281 	
3.7	0.0510151 	-0.137665 	-1.84943 	0.303035 	0.624204 	0.0735324 	
3.705	0.0509229 	-0.137824 	-1.84902 	0.303 	0.623932 	0.0735366 	
3.71	0.0508303 	-0.137982 	-1.8486 	0.302966 	0.623661 	0.0735415 	
3.715	0.0507386 	-0.13814 	-1.84819 	0.302931 	0.623391 	0.0735457 	
3.72	0.0506472 	-0.138297 	-1.84777 	0.302897 	0.623122 	0.0735499 	
3.725	0.0505561 	-0.138455 	-1.84736 	0.302862 	0.622853 	0.073554 	
3.73	0.0503504 	-0.138342 	-1.84684 	0.302655 	0.62089 	0.0734747 	
3.735	0.0502599 	-0.138499 	-1.84643 	0.302621 	0.620623 	0.0734788 	
3.74	0.0501697 	-0.138655 	-1.84602 	0.302587 	0.620357 	0.0734829 	
3.745	0.0500798 	-0.138811 	-1.84561 	0.302553 	0.620091 	0.0734869 	
3.75	0.0499903 	-0.138966 	-1.8452 	0.30252 	0.619827 	0.0734909 	
3.755	0.0498944 	-0.139113 	-1.84481 	0.302488 	0.619564 	0.0735032 	
3.76	0.0498055 	-0.139268 	-1.84441 	0.302455 	0.619301 	0.0735073 	
3.765	0.0496045 	-0.139159 	-1.8439 	0.302253 	0.617379 	0.0734302 	
3.77	0.0495163 	-0.139312 	-1.84349 	0.30222 	0.617118 	0.0734341 	
3.775	0.0494285 	-0.139465 	-1.84309 	0.302187 	0.616858 	0.073438 	
3.78	0.0493409 	-0.139618 	-1.84269 	0.302155 	0.616599 	0.0734419 	
3.785	0.0492538 	-0.13977 	-1.8423 	0.302122 	0.61634 	0.0734458 	
3.79	0.049167 	-0.139921 	-1.8419 	0.302089 	0.616083 	0.0734496 	
3.795	0.0490908 	-0.140083 	-1.84149 	0.302054 	0.615824 	0.0734405 	
3.8	0.0490049 	-0.140234 	-1.8411 	0.302022 	0.615569 	0.0734441 	
3.805	0.0487958 	-0.140096 	-1.84059 	0.301805 	0.61349 	0.0733596 	
3.81	0.0487105 	-0.140245 	-1.8402 	0.301773 	0.613237 	0.0733634 	
3.815	0.0486256 	-0.140394 	-1.83981 	0.301742 	0.612984 	0.0733671 	
3.82	0.0485412 	-0.140542 	-1.83942 	0.30171 	0.612733 	0.0733708 	
