0	2.05429 	-0.0930241 	-1.56033 	0.00028552 	-0.0988458 	0.00445288 	
0.005	2.05428 	-0.0930254 	-1.56033 	0.000285454 	-0.0988458 	0.00445284 	
0.01	2.05428 	-0.0930265 	-1.56033 	0.000285394 	-0.0988458 	0.00445281 	
0.015	2.05428 	-0.0930275 	-1.56033 	0.000285337 	-0.0988457 	0.00445278 	
0.02	2.05428 	-0.0930285 	-1.56033 	0.000285285 	-0.0988457 	0.00445275 	
0.025	2.05428 	-0.0930293 	-1.56033 	0.000285235 	-0.0988457 	0.00445272 	
0.03	2.05428 	-0.0930301 	-1.56033 	0.000285188 	-0.0988458 	0.00445269 	
0.035	2.05371 	-0.0923035 	-1.55954 	0.000228284 	-0.0987731 	0.00453204 	
0.04	2.05372 	-0.092304 	-1.55954 	0.000228241 	-0.0987732 	0.00453201 	
0.045	2.05372 	-0.0923045 	-1.55953 	0.000228198 	-0.0987733 	0.00453197 	
0.05	2.05372 	-0.0923049 	-1.55953 	0.000228156 	-0.0987735 	0.00453194 	
0.055	2.05372 	-0.0923052 	-1.55952 	0.000228115 	-0.0987738 	0.00453191 	
0.06	2.05372 	-0.0923054 	-1.55952 	0.000228073 	-0.098774 	0.00453187 	
0.065	2.05373 	-0.0923054 	-1.55951 	0.00022803 	-0.0987744 	0.00453183 	
0.07	2.05373 	-0.0923054 	-1.5595 	0.000227987 	-0.0987748 	0.00453178 	
0.075	2.05374 	-0.0923053 	-1.55949 	0.000227942 	-0.0987753 	0.00453173 	
0.08	2.05374 	-0.0923051 	-1.55948 	0.000227896 	-0.0987758 	0.00453168 	
0.085	2.05375 	-0.0923048 	-1.55947 	0.000227848 	-0.0987764 	0.00453162 	
0.09	2.05375 	-0.0923044 	-1.55946 	0.000227799 	-0.0987771 	0.00453156 	
0.095	2.05376 	-0.0923039 	-1.55944 	0.000227747 	-0.0987778 	0.0045315 	
0.1	2.05377 	-0.0923033 	-1.55943 	0.000227692 	-0.0987787 	0.00453142 	
0.105	2.05378 	-0.0923026 	-1.55941 	0.000227635 	-0.0987796 	0.00453135 	
0.11	2.05379 	-0.0923018 	-1.55939 	0.000227575 	-0.0987806 	0.00453127 	
0.115	2.05435 	-0.092997 	-1.56013 	0.000281937 	-0.0988513 	0.00445521 	
0.12	2.05436 	-0.092996 	-1.56011 	0.000281871 	-0.0988525 	0.00445511 	
0.125	2.05438 	-0.0929949 	-1.56008 	0.000281802 	-0.0988537 	0.00445501 	
0.13	2.05439 	-0.0929937 	-1.56006 	0.00028173 	-0.0988551 	0.00445491 	
0.135	2.05441 	-0.0929924 	-1.56003 	0.000281654 	-0.0988565 	0.0044548 	
0.14	2.05442 	-0.092991 	-1.56 	0.000281575 	-0.098858 	0.00445468 	
0.145	2.05444 	-0.0929895 	-1.55997 	0.000281493 	-0.0988596 	0.00445456 	
0.15	2.05446 	-0.0929879 	-1.55994 	0.000281407 	-0.0988613 	0.00445443 	
0.155	2.05448 	-0.0929861 	-1.5599 	0.000281317 	-0.0988631 	0.00445429 	
0.16	2.0545 	-0.0929843 	-1.55987 	0.000281224 	-0.098865 	0.00445415 	
0.165	2.05288 	-0.091583 	-1.56223 	0.000346751 	-0.0988703 	0.00444449 	
0.17	2.05321 	-0.0916504 	-1.56235 	0.00034312 	-0.0988848 	0.00444338 	
0.175	2.05347 	-0.0917263 	-1.56238 	0.00033889 	-0.0988976 	0.00444186 	
0.18	2.05363 	-0.0917884 	-1.56235 	0.000335291 	-0.0989069 	0.00444041 	
0.185	2.05378 	-0.0918457 	-1.56231 	0.000331944 	-0.0989158 	0.00443904 	
0.19	2.05393 	-0.0918986 	-1.56228 	0.000328829 	-0.0989243 	0.00443775 	
0.195	2.05406 	-0.0919473 	-1.56224 	0.00032593 	-0.0989325 	0.00443653 	
0.2	2.05419 	-0.0919922 	-1.56219 	0.00032323 	-0.0989403 	0.00443539 	
0.205	2.05432 	-0.0920335 	-1.56215 	0.000320715 	-0.0989479 	0.0044343 	
0.21	2.05444 	-0.0920714 	-1.5621 	0.00031837 	-0.0989552 	0.00443327 	
0.215	2.05455 	-0.0921063 	-1.56205 	0.000316183 	-0.0989623 	0.0044323 	
0.22	2.05423 	-0.0915928 	-1.5614 	0.000271505 	-0.0989146 	0.00449099 	
0.225	2.05271 	-0.0902501 	-1.56372 	0.000334338 	-0.0989246 	0.00448118 	
0.23	2.05312 	-0.0903455 	-1.56381 	0.000329061 	-0.0989434 	0.0044794 	
0.235	2.05344 	-0.0904471 	-1.56383 	0.000323309 	-0.0989603 	0.00447724 	
0.24	2.05367 	-0.0905331 	-1.56378 	0.000318296 	-0.0989735 	0.00447517 	
0.245	2.05389 	-0.0906124 	-1.56373 	0.000313634 	-0.0989861 	0.00447324 	
0.25	2.05409 	-0.0906855 	-1.56367 	0.000309298 	-0.0989981 	0.00447142 	
0.255	2.05428 	-0.0907529 	-1.56361 	0.000305262 	-0.0990096 	0.0044697 	
0.26	2.05446 	-0.090815 	-1.56355 	0.000301506 	-0.0990206 	0.00446808 	
0.265	2.05463 	-0.0908722 	-1.56349 	0.000298007 	-0.0990312 	0.00446656 	
0.27	2.0548 	-0.0909247 	-1.56342 	0.000294748 	-0.0990415 	0.00446511 	
0.275	2.05323 	-0.0895258 	-1.56586 	0.000360365 	-0.0990549 	0.0044547 	
0.28	2.05398 	-0.0899773 	-1.56633 	0.000379847 	-0.0991111 	0.00441582 	
0.285	2.05437 	-0.0901001 	-1.56634 	0.000372844 	-0.0991316 	0.00441314 	
0.29	2.05465 	-0.0902048 	-1.56627 	0.000366702 	-0.0991479 	0.00441057 	
0.295	2.05491 	-0.0903014 	-1.5662 	0.000360992 	-0.0991634 	0.00440816 	
0.3	2.05516 	-0.0903905 	-1.56613 	0.00035568 	-0.0991783 	0.0044059 	
0.305	2.0554 	-0.0904727 	-1.56605 	0.000350739 	-0.0991924 	0.00440377 	
0.31	2.05562 	-0.0905483 	-1.56598 	0.00034614 	-0.099206 	0.00440176 	
0.315	2.05419 	-0.0892454 	-1.56829 	0.000407288 	-0.0992223 	0.00439162 	
0.32	2.0547 	-0.0893793 	-1.56836 	0.000399727 	-0.0992474 	0.00438887 	
0.325	2.05513 	-0.0895165 	-1.56835 	0.000391843 	-0.0992701 	0.00438576 	
0.33	2.05545 	-0.089635 	-1.56827 	0.000384862 	-0.0992888 	0.00438281 	
0.335	2.05575 	-0.0897444 	-1.56819 	0.000378372 	-0.0993065 	0.00438004 	
0.34	2.05603 	-0.0898452 	-1.56811 	0.000372336 	-0.0993235 	0.00437744 	
0.345	2.0563 	-0.0899381 	-1.56802 	0.000366722 	-0.0993397 	0.00437499 	
0.35	2.05655 	-0.0900237 	-1.56793 	0.000361497 	-0.0993552 	0.00437268 	
0.355	2.05497 	-0.0885835 	-1.5705 	0.000429449 	-0.0993739 	0.00436179 	
0.36	2.05556 	-0.088735 	-1.57059 	0.000420881 	-0.0994028 	0.00435866 	
0.365	2.05605 	-0.0888893 	-1.57059 	0.000411989 	-0.0994285 	0.00435512 	
0.37	2.05641 	-0.0890222 	-1.57049 	0.000404133 	-0.0994495 	0.00435176 	
0.375	2.05676 	-0.0891717 	-1.57043 	0.000398932 	-0.0994722 	0.00434564 	
0.38	2.05708 	-0.0892847 	-1.57033 	0.000392142 	-0.0994912 	0.00434267 	
0.385	2.05738 	-0.0893889 	-1.57023 	0.000385826 	-0.0995094 	0.00433988 	
0.39	2.05587 	-0.0880019 	-1.57274 	0.00045145 	-0.0995305 	0.00432917 	
0.395	2.0565 	-0.0881678 	-1.57282 	0.000442006 	-0.0995615 	0.00432563 	
0.4	2.05702 	-0.0883353 	-1.5728 	0.000432308 	-0.0995893 	0.00432171 	
0.405	2.05741 	-0.0884805 	-1.57269 	0.000423696 	-0.0996123 	0.00431798 	
0.41	2.05777 	-0.0886145 	-1.57259 	0.000415691 	-0.0996342 	0.00431447 	
0.415	2.05812 	-0.088738 	-1.57248 	0.000408249 	-0.099655 	0.00431118 	
0.42	2.05677 	-0.0874752 	-1.5748 	0.000468077 	-0.0996783 	0.00430098 	
0.425	2.0574 	-0.0876519 	-1.57486 	0.000457939 	-0.0997103 	0.00429706 	
0.43	2.05794 	-0.0878288 	-1.57482 	0.000447637 	-0.0997395 	0.00429282 	
0.435	2.05836 	-0.0879836 	-1.57471 	0.000438431 	-0.0997641 	0.00428878 	
0.44	2.05845 	-0.0877444 	-1.57417 	0.000400064 	-0.0997493 	0.00432713 	
0.445	2.05882 	-0.087876 	-1.57405 	0.00039211 	-0.0997717 	0.00432357 	
0.45	2.0574 	-0.0865539 	-1.5765 	0.000455131 	-0.0997966 	0.00431322 	
0.455	2.05809 	-0.086742 	-1.57656 	0.000444313 	-0.099831 	0.00430902 	
0.46	2.05866 	-0.08693 	-1.57652 	0.000433342 	-0.0998621 	0.00430445 	
0.465	2.0591 	-0.0870942 	-1.5764 	0.000423545 	-0.0998882 	0.00430011 	
0.47	2.05952 	-0.0872457 	-1.57628 	0.000414441 	-0.0999131 	0.00429604 	
0.475	2.05992 	-0.0873854 	-1.57615 	0.000405978 	-0.0999369 	0.00429222 	
0.48	2.05841 	-0.0859893 	-1.57875 	0.000472937 	-0.0999634 	0.00428169 	
0.485	2.05915 	-0.0861898 	-1.57882 	0.000461392 	-0.1 	0.00427718 	
0.49	2.05976 	-0.0863898 	-1.57878 	0.000449698 	-0.100034 	0.00427227 	
0.495	2.06023 	-0.0865642 	-1.57865 	0.000439269 	-0.100061 	0.00426759 	
0.5	2.06067 	-0.086725 	-1.57852 	0.000429578 	-0.100088 	0.00426321 	
0.505	2.05949 	-0.0856417 	-1.58096 	0.000497431 	-0.100129 	0.00423936 	
0.51	2.06022 	-0.0858508 	-1.58099 	0.000485297 	-0.100166 	0.00423446 	
0.515	2.06083 	-0.0860578 	-1.58093 	0.000473129 	-0.1002 	0.00422926 	
0.52	2.06133 	-0.0862402 	-1.5808 	0.0004622 	-0.100229 	0.00422431 	
0.525	2.06179 	-0.0864084 	-1.58066 	0.000452046 	-0.100256 	0.00421968 	
0.53	2.06049 	-0.0851743 	-1.58303 	0.000511551 	-0.100286 	0.00420982 	
0.535	2.06124 	-0.0853921 	-1.58306 	0.000498887 	-0.100325 	0.00420467 	
0.54	2.06188 	-0.0856074 	-1.58299 	0.000486203 	-0.10036 	0.00419919 	
0.545	2.0624 	-0.085797 	-1.58285 	0.000474812 	-0.100391 	0.00419399 	
0.55	2.06288 	-0.0859719 	-1.58271 	0.00046423 	-0.100419 	0.00418911 	
0.555	2.06152 	-0.084695 	-1.58517 	0.000526189 	-0.10045 	0.00417928 	
0.56	2.06231 	-0.084922 	-1.58521 	0.000512965 	-0.100491 	0.00417387 	
0.565	2.06299 	-0.0851462 	-1.58514 	0.000499728 	-0.100528 	0.0041681 	
0.57	2.06352 	-0.0853435 	-1.58499 	0.000487848 	-0.100559 	0.00416262 	
0.575	2.06402 	-0.0855254 	-1.58484 	0.000476814 	-0.100589 	0.00415749 	
0.58	2.06261 	-0.0842063 	-1.5874 	0.000541245 	-0.100621 	0.00414772 	
0.585	2.06344 	-0.0844429 	-1.58745 	0.000527435 	-0.100664 	0.00414203 	
0.59	2.06414 	-0.0846765 	-1.58738 	0.000513622 	-0.100702 	0.00413597 	
0.595	2.06469 	-0.0848818 	-1.58722 	0.000501233 	-0.100735 	0.00413019 	
0.6	2.06521 	-0.0850711 	-1.58706 	0.000489727 	-0.100766 	0.00412478 	
0.605	2.06375 	-0.083712 	-1.58972 	0.000556561 	-0.100799 	0.00411513 	
0.61	2.06461 	-0.0839585 	-1.58977 	0.00054215 	-0.100843 	0.00410916 	
0.615	2.06534 	-0.0842016 	-1.5897 	0.000527745 	-0.100883 	0.00410278 	
0.62	2.06622 	-0.0848128 	-1.58998 	0.000545798 	-0.100957 	0.00405237 	
0.625	2.0651 	-0.0837193 	-1.5922 	0.000599401 	-0.100992 	0.00404321 	
0.63	2.06592 	-0.083972 	-1.59219 	0.000584518 	-0.101035 	0.00403681 	
0.635	2.06664 	-0.0842193 	-1.5921 	0.000569791 	-0.101075 	0.00403016 	
0.64	2.06723 	-0.0844389 	-1.59193 	0.000556488 	-0.10111 	0.00402385 	
0.645	2.06611 	-0.0833509 	-1.59415 	0.000610097 	-0.101146 	0.00401485 	
0.65	2.06695 	-0.0836093 	-1.59415 	0.000594843 	-0.10119 	0.00400824 	
0.655	2.06769 	-0.0838619 	-1.59405 	0.000579765 	-0.101231 	0.00400137 	
0.66	2.06829 	-0.0840863 	-1.59388 	0.00056614 	-0.101267 	0.00399485 	
0.665	2.06714 	-0.0829795 	-1.59615 	0.000621022 	-0.101304 	0.00398602 	
0.67	2.06801 	-0.083244 	-1.59615 	0.000605381 	-0.101349 	0.00397921 	
0.675	2.06876 	-0.0835024 	-1.59605 	0.000589923 	-0.101391 	0.00397211 	
0.68	2.06938 	-0.083732 	-1.59587 	0.000575961 	-0.101427 	0.00396538 	
0.685	2.0682 	-0.0826054 	-1.59821 	0.00063219 	-0.101465 	0.00395673 	
0.69	2.06841 	-0.0819991 	-1.59722 	0.000547933 	-0.101424 	0.00404798 	
0.695	2.06918 	-0.0822638 	-1.59712 	0.000532075 	-0.101467 	0.00404065 	
0.7	2.06981 	-0.0824987 	-1.59694 	0.000517756 	-0.101504 	0.00403369 	
0.705	2.06861 	-0.0813541 	-1.59932 	0.000575353 	-0.101542 	0.00402533 	
0.71	2.06952 	-0.0816316 	-1.59932 	0.000558884 	-0.10159 	0.00401806 	
0.715	2.07031 	-0.0819027 	-1.59922 	0.000542612 	-0.101634 	0.00401048 	
0.72	2.07095 	-0.0821431 	-1.59904 	0.000527925 	-0.101672 	0.00400328 	
0.725	2.06972 	-0.0809816 	-1.60147 	0.000586782 	-0.101711 	0.00399515 	
0.73	2.07066 	-0.0812658 	-1.60147 	0.000569881 	-0.10176 	0.00398765 	
0.735	2.07146 	-0.0815434 	-1.60137 	0.000553187 	-0.101805 	0.00397981 	
0.74	2.07212 	-0.0817896 	-1.60118 	0.000538123 	-0.101843 	0.00397236 	
0.745	2.07086 	-0.0806125 	-1.60367 	0.000598193 	-0.101884 	0.00396449 	
0.75	2.07182 	-0.0809035 	-1.60367 	0.000580855 	-0.101934 	0.00395675 	
0.755	2.07265 	-0.0811876 	-1.60357 	0.000563734 	-0.101979 	0.00394865 	
0.76	2.07332 	-0.0814396 	-1.60337 	0.000548288 	-0.102019 	0.00394095 	
0.765	2.07203 	-0.0802482 	-1.60591 	0.000609528 	-0.10206 	0.00393336 	
0.77	2.07301 	-0.080546 	-1.60591 	0.00059175 	-0.102111 	0.00392537 	
0.775	2.07385 	-0.0808367 	-1.60581 	0.0005742 	-0.102157 	0.003917 	
0.78	2.07454 	-0.0810944 	-1.60561 	0.000558371 	-0.102197 	0.00390905 	
0.785	2.07373 	-0.0805426 	-1.60893 	0.000671369 	-0.102305 	0.00382815 	
0.79	2.07474 	-0.0808473 	-1.60894 	0.000653152 	-0.102357 	0.00381991 	
0.795	2.07559 	-0.0811445 	-1.60883 	0.000635172 	-0.102404 	0.00381127 	
0.8	2.07629 	-0.0814079 	-1.60862 	0.000618959 	-0.102445 	0.00380305 	
0.805	2.07495 	-0.0801916 	-1.61125 	0.000682361 	-0.102487 	0.00379605 	
0.81	2.07598 	-0.080503 	-1.61126 	0.000663706 	-0.102541 	0.00378756 	
0.815	2.07685 	-0.0808067 	-1.61115 	0.000645299 	-0.102589 	0.00377865 	
0.82	2.07756 	-0.0810758 	-1.61094 	0.000628704 	-0.102631 	0.00377018 	
0.825	2.0762 	-0.0798491 	-1.61362 	0.000693149 	-0.102674 	0.00376355 	
0.83	2.07724 	-0.0801671 	-1.61363 	0.000674059 	-0.102728 	0.0037548 	
0.835	2.07813 	-0.0804772 	-1.61351 	0.000655228 	-0.102777 	0.00374562 	
0.84	2.07885 	-0.0807519 	-1.6133 	0.000638253 	-0.102819 	0.00373688 	
0.845	2.07746 	-0.0795162 	-1.61602 	0.000703701 	-0.102863 	0.00373065 	
0.85	2.07853 	-0.0798407 	-1.61603 	0.000684181 	-0.102919 	0.00372165 	
0.855	2.07943 	-0.080157 	-1.61592 	0.000664929 	-0.102968 	0.00371219 	
0.86	2.08016 	-0.0804372 	-1.6157 	0.000647579 	-0.103011 	0.00370318 	
0.865	2.07875 	-0.0791937 	-1.61846 	0.000713988 	-0.103056 	0.00369738 	
0.87	2.07983 	-0.0795246 	-1.61847 	0.000694043 	-0.103112 	0.00368813 	
0.875	2.08044 	-0.0794455 	-1.6179 	0.000643278 	-0.103122 	0.00372398 	
0.88	2.08118 	-0.0797311 	-1.61768 	0.000625556 	-0.103166 	0.0037147 	
0.885	2.07975 	-0.0784811 	-1.62047 	0.00069292 	-0.103211 	0.0037094 	
0.89	2.08085 	-0.0788183 	-1.62049 	0.000672555 	-0.103268 	0.00369989 	
0.895	2.08178 	-0.0791468 	-1.62037 	0.000652478 	-0.103319 	0.00368988 	
0.9	2.08253 	-0.0794377 	-1.62014 	0.00063439 	-0.103363 	0.00368034 	
0.905	2.08108 	-0.0781824 	-1.62298 	0.000702633 	-0.103409 	0.00367553 	
0.91	2.0822 	-0.0785256 	-1.623 	0.000681855 	-0.103467 	0.00366577 	
0.915	2.08315 	-0.07886 	-1.62288 	0.000661376 	-0.103519 	0.00365548 	
0.92	2.0822 	-0.0779693 	-1.62504 	0.000709633 	-0.103566 	0.00364935 	
0.925	2.08323 	-0.0783159 	-1.62498 	0.000688497 	-0.103622 	0.00363898 	
0.93	2.08421 	-0.0787417 	-1.62493 	0.000674918 	-0.103682 	0.00361806 	
0.935	2.08498 	-0.0790415 	-1.62469 	0.000656206 	-0.103727 	0.00360807 	
0.94	2.08355 	-0.0778137 	-1.62752 	0.000723943 	-0.103773 	0.00360404 	
0.945	2.08468 	-0.0781649 	-1.62754 	0.000702594 	-0.103832 	0.00359388 	
0.95	2.08564 	-0.0785067 	-1.62741 	0.00068157 	-0.103885 	0.00358318 	
0.955	2.08468 	-0.0776161 	-1.62962 	0.000730634 	-0.103933 	0.00357771 	
0.96	2.08574 	-0.0779707 	-1.62955 	0.000708924 	-0.10399 	0.00356693 	
0.965	2.08666 	-0.0783132 	-1.6294 	0.00068776 	-0.104042 	0.00355595 	
0.97	2.08574 	-0.0774547 	-1.63155 	0.000735358 	-0.10409 	0.00355062 	
0.975	2.0868 	-0.0778114 	-1.63149 	0.000713467 	-0.104147 	0.00353968 	
0.98	2.08773 	-0.0781557 	-1.63133 	0.000692147 	-0.104199 	0.00352855 	
0.985	2.0868 	-0.0772995 	-1.6335 	0.00073998 	-0.104247 	0.00352355 	
0.99	2.08786 	-0.0776584 	-1.63343 	0.00071791 	-0.104304 	0.00351247 	
0.995	2.0888 	-0.0780049 	-1.63327 	0.000696416 	-0.104357 	0.0035012 	
1	2.08787 	-0.0771488 	-1.63546 	0.000744621 	-0.104405 	0.00349653 	
1.005	2.08894 	-0.0775102 	-1.63539 	0.00072236 	-0.104463 	0.00348531 	
1.01	2.08988 	-0.077859 	-1.63523 	0.000700678 	-0.104515 	0.00347389 	
1.015	2.08894 	-0.0770035 	-1.63743 	0.000749237 	-0.104565 	0.00346957 	
1.02	2.09001 	-0.0773675 	-1.63737 	0.000726774 	-0.104622 	0.0034582 	
1.025	2.09097 	-0.0777188 	-1.63721 	0.000704894 	-0.104675 	0.00344662 	
1.03	2.09001 	-0.0768645 	-1.63943 	0.000753777 	-0.104725 	0.00344264 	
1.035	2.0911 	-0.0772313 	-1.63936 	0.000731105 	-0.104782 	0.00343111 	
1.04	2.09193 	-0.0774211 	-1.63901 	0.00069637 	-0.104819 	0.00343823 	
1.045	2.09097 	-0.0765687 	-1.64124 	0.00074556 	-0.104869 	0.00343461 	
1.05	2.09206 	-0.0769382 	-1.64118 	0.000722673 	-0.104927 	0.00342292 	
1.055	2.09302 	-0.0772949 	-1.64102 	0.000700378 	-0.104981 	0.00341101 	
1.06	2.09206 	-0.076445 	-1.64326 	0.000749837 	-0.105031 	0.00340774 	
1.065	2.09316 	-0.0768174 	-1.6432 	0.000726732 	-0.105089 	0.00339589 	
1.07	2.09412 	-0.0771768 	-1.64304 	0.000704225 	-0.105143 	0.00338381 	
1.075	2.09315 	-0.0763298 	-1.64529 	0.000753928 	-0.105193 	0.00338089 	
1.08	2.09426 	-0.076705 	-1.64523 	0.000730605 	-0.105252 	0.00336888 	
1.085	2.09523 	-0.0770671 	-1.64507 	0.000707886 	-0.105306 	0.00335662 	
1.09	2.09421 	-0.0761681 	-1.64727 	0.000753533 	-0.10535 	0.00336048 	
1.095	2.09532 	-0.0765461 	-1.64721 	0.000729992 	-0.10541 	0.0033483 	
1.1	2.09629 	-0.0769109 	-1.64705 	0.000707061 	-0.105464 	0.00333588 	
1.105	2.09531 	-0.0760715 	-1.64932 	0.000757186 	-0.105514 	0.00333368 	
1.11	2.09642 	-0.0764522 	-1.64926 	0.000733429 	-0.105574 	0.00332134 	
1.115	2.0974 	-0.0768197 	-1.6491 	0.000710289 	-0.105628 	0.00330874 	
1.12	2.09641 	-0.0759848 	-1.65138 	0.000760589 	-0.105679 	0.00330691 	
1.125	2.09753 	-0.0763682 	-1.65132 	0.00073662 	-0.105738 	0.00329441 	
1.13	2.09852 	-0.0767383 	-1.65115 	0.000713272 	-0.105793 	0.00328164 	
1.135	2.09752 	-0.0759082 	-1.65345 	0.000763728 	-0.105844 	0.00328018 	
1.14	2.09865 	-0.0762943 	-1.65339 	0.000739548 	-0.105903 	0.00326751 	
1.145	2.09963 	-0.0766669 	-1.65322 	0.000715998 	-0.105958 	0.00325457 	
1.15	2.09863 	-0.0758422 	-1.65552 	0.000766587 	-0.106009 	0.0032535 	
1.155	2.09976 	-0.0762308 	-1.65546 	0.000742203 	-0.106069 	0.00324066 	
1.16	2.10075 	-0.0766059 	-1.65529 	0.000718454 	-0.106124 	0.00322756 	
1.165	2.09975 	-0.0757869 	-1.6576 	0.000769157 	-0.106175 	0.00322686 	
1.17	2.10088 	-0.076178 	-1.65754 	0.000744573 	-0.106235 	0.00321387 	
1.175	2.10187 	-0.0765554 	-1.65737 	0.00072063 	-0.10629 	0.0032006 	
1.18	2.10086 	-0.0757425 	-1.65968 	0.000771427 	-0.106341 	0.00320029 	
1.185	2.102 	-0.0761359 	-1.65962 	0.000746648 	-0.106401 	0.00318714 	
1.19	2.10299 	-0.0765156 	-1.65945 	0.000722517 	-0.106456 	0.00317371 	
1.195	2.1023 	-0.0761299 	-1.66226 	0.000805607 	-0.10655 	0.00312487 	
1.2	2.10344 	-0.0765256 	-1.6622 	0.000780641 	-0.10661 	0.00311156 	
1.205	2.10444 	-0.0769074 	-1.66203 	0.000756327 	-0.106665 	0.00309798 	
1.21	2.10342 	-0.0761078 	-1.66435 	0.00080722 	-0.106716 	0.00309841 	
1.215	2.10456 	-0.0765056 	-1.66429 	0.000782072 	-0.106777 	0.00308496 	
1.22	2.10556 	-0.0768895 	-1.66412 	0.000757581 	-0.106832 	0.00307122 	
1.225	2.10454 	-0.076097 	-1.66644 	0.00080851 	-0.106883 	0.00307204 	
1.23	2.10568 	-0.0764969 	-1.66638 	0.000783186 	-0.106944 	0.00305844 	
1.235	2.10668 	-0.0768826 	-1.66621 	0.000758526 	-0.106999 	0.00304455 	
1.24	2.10566 	-0.0760977 	-1.66854 	0.00080947 	-0.10705 	0.00304577 	
1.245	2.1068 	-0.0764995 	-1.66847 	0.000783978 	-0.107111 	0.00303203 	
1.25	2.1078 	-0.0768871 	-1.6683 	0.000759154 	-0.107166 	0.003018 	
1.255	2.10677 	-0.07611 	-1.67063 	0.000810095 	-0.107217 	0.00301961 	
1.26	2.10791 	-0.0765136 	-1.67057 	0.000784442 	-0.107278 	0.00300573 	
1.265	2.10892 	-0.0769028 	-1.67039 	0.000759462 	-0.107333 	0.00299156 	
1.27	2.10789 	-0.076134 	-1.67272 	0.000810381 	-0.107385 	0.00299357 	
1.275	2.10903 	-0.0765392 	-1.67266 	0.000784574 	-0.107445 	0.00297956 	
1.28	2.11003 	-0.07693 	-1.67249 	0.000759446 	-0.1075 	0.00296524 	
1.285	2.10901 	-0.0761697 	-1.67481 	0.000810322 	-0.107552 	0.00296766 	
1.29	2.11023 	-0.0766896 	-1.67488 	0.000793009 	-0.107623 	0.00294027 	
1.295	2.11124 	-0.0770819 	-1.67471 	0.000767739 	-0.107679 	0.00292582 	
1.3	2.11021 	-0.0763303 	-1.67704 	0.000818547 	-0.10773 	0.00292863 	
1.305	2.11134 	-0.0767384 	-1.67697 	0.000792457 	-0.10779 	0.00291436 	
1.31	2.11235 	-0.077132 	-1.6768 	0.000767055 	-0.107845 	0.00289978 	
1.315	2.11132 	-0.0763894 	-1.67912 	0.000817783 	-0.107896 	0.00290299 	
1.32	2.11245 	-0.0767987 	-1.67906 	0.000791563 	-0.107957 	0.00288859 	
1.325	2.11346 	-0.0771935 	-1.67889 	0.000766035 	-0.108012 	0.0028739 	
1.33	2.11242 	-0.0764603 	-1.68121 	0.000816666 	-0.108063 	0.0028775 	
1.335	2.11356 	-0.0768707 	-1.68114 	0.000790325 	-0.108123 	0.00286299 	
1.34	2.11456 	-0.0772666 	-1.68097 	0.00076468 	-0.108178 	0.00284818 	
1.345	2.11353 	-0.0765429 	-1.68328 	0.000815193 	-0.108229 	0.00285218 	
1.35	2.11432 	-0.0765058 	-1.68269 	0.00075462 	-0.108244 	0.00289022 	
1.355	2.11532 	-0.0769025 	-1.68252 	0.000728866 	-0.108299 	0.00287529 	
1.36	2.11429 	-0.0761888 	-1.68483 	0.000779277 	-0.10835 	0.00287973 	
1.365	2.11542 	-0.076601 	-1.68476 	0.00075272 	-0.10841 	0.002865 	
1.37	2.11642 	-0.0769985 	-1.68459 	0.000726866 	-0.108465 	0.00284997 	
1.375	2.11539 	-0.0762948 	-1.6869 	0.000777123 	-0.108515 	0.00285479 	
1.38	2.11652 	-0.0767077 	-1.68683 	0.000750472 	-0.108575 	0.00283996 	
1.385	2.11751 	-0.0771059 	-1.68665 	0.000724527 	-0.10863 	0.00282483 	
1.39	2.11648 	-0.0764124 	-1.68895 	0.00077461 	-0.10868 	0.00283004 	
1.395	2.11761 	-0.0768259 	-1.68889 	0.000747874 	-0.10874 	0.00281512 	
1.4	2.1186 	-0.0772246 	-1.68871 	0.000721846 	-0.108794 	0.0027999 	
1.405	2.11757 	-0.0765415 	-1.691 	0.000771738 	-0.108844 	0.00280549 	
1.41	2.1187 	-0.0769553 	-1.69094 	0.000744926 	-0.108904 	0.00279048 	
1.415	2.11968 	-0.0773544 	-1.69076 	0.000718825 	-0.108958 	0.00277517 	
1.42	2.11869 	-0.0767289 	-1.6931 	0.00077206 	-0.109013 	0.00277562 	
1.425	2.11981 	-0.0771429 	-1.69303 	0.000745182 	-0.109072 	0.00276052 	
1.43	2.1208 	-0.0775422 	-1.69286 	0.000719016 	-0.109126 	0.00274513 	
1.435	2.11977 	-0.0768806 	-1.69513 	0.000768466 	-0.109176 	0.00275148 	
1.44	2.12088 	-0.0772948 	-1.69506 	0.000741531 	-0.109235 	0.00273631 	
1.445	2.12187 	-0.0776942 	-1.69489 	0.000715312 	-0.109288 	0.00272084 	
1.45	2.12085 	-0.0770435 	-1.69715 	0.000764514 	-0.109338 	0.00272755 	
1.455	2.12195 	-0.0774576 	-1.69708 	0.000737533 	-0.109397 	0.00271231 	
1.46	2.12293 	-0.0778569 	-1.69691 	0.000711268 	-0.10945 	0.00269677 	
1.465	2.12191 	-0.0772174 	-1.69916 	0.000760206 	-0.1095 	0.00270385 	
1.47	2.12301 	-0.0776313 	-1.69909 	0.000733188 	-0.109558 	0.00268855 	
1.475	2.12399 	-0.0780304 	-1.69892 	0.000706888 	-0.109611 	0.00267295 	
1.48	2.12297 	-0.0774021 	-1.70116 	0.000755543 	-0.10966 	0.00268039 	
1.485	2.12407 	-0.0778156 	-1.70109 	0.000728499 	-0.109718 	0.00266502 	
1.49	2.12504 	-0.0782144 	-1.70092 	0.000702173 	-0.109771 	0.00264937 	
1.495	2.12428 	-0.0779369 	-1.70355 	0.00077616 	-0.109854 	0.00261697 	
1.5	2.12537 	-0.0783498 	-1.70348 	0.0007491 	-0.109911 	0.00260156 	
1.505	2.12634 	-0.0787481 	-1.7033 	0.000722759 	-0.109964 	0.00258586 	
1.51	2.12533 	-0.0781426 	-1.70552 	0.000770769 	-0.110013 	0.00259396 	
1.515	2.12641 	-0.078555 	-1.70545 	0.000743703 	-0.11007 	0.0025785 	
1.52	2.12737 	-0.0789525 	-1.70528 	0.000717358 	-0.110122 	0.00256276 	
1.525	2.12637 	-0.0783587 	-1.70748 	0.000765031 	-0.11017 	0.00257119 	
1.53	2.12744 	-0.0787702 	-1.7074 	0.00073797 	-0.110227 	0.00255569 	
1.535	2.12839 	-0.079167 	-1.70723 	0.00071163 	-0.110279 	0.00253992 	
1.54	2.1274 	-0.0785849 	-1.70942 	0.000758949 	-0.110327 	0.00254868 	
1.545	2.12847 	-0.0789953 	-1.70935 	0.000731904 	-0.110383 	0.00253315 	
1.55	2.12941 	-0.0793912 	-1.70917 	0.00070558 	-0.110435 	0.00251735 	
1.555	2.12842 	-0.0788208 	-1.71135 	0.000752528 	-0.110482 	0.00252642 	
1.56	2.12948 	-0.0792302 	-1.71127 	0.000725509 	-0.110538 	0.00251087 	
1.565	2.13042 	-0.0796249 	-1.7111 	0.000699211 	-0.11059 	0.00249505 	
1.57	2.12944 	-0.0790664 	-1.71326 	0.00074577 	-0.110637 	0.00250442 	
1.575	2.13049 	-0.0794744 	-1.71318 	0.000718789 	-0.110692 	0.00248885 	
1.58	2.13142 	-0.0798679 	-1.71301 	0.000692528 	-0.110743 	0.00247303 	
1.585	2.13044 	-0.0793214 	-1.71515 	0.000738681 	-0.11079 	0.00248269 	
1.59	2.13148 	-0.0797279 	-1.71507 	0.000711749 	-0.110845 	0.00246711 	
1.595	2.13241 	-0.0801199 	-1.7149 	0.000685536 	-0.110895 	0.00245128 	
1.6	2.13107 	-0.0790923 	-1.71643 	0.000694213 	-0.110892 	0.0025199 	
1.605	2.1321 	-0.0794972 	-1.71636 	0.000667342 	-0.110947 	0.00250432 	
1.61	2.13302 	-0.0798876 	-1.71619 	0.000641188 	-0.110997 	0.0024885 	
1.615	2.1338 	-0.0802369 	-1.71594 	0.000617464 	-0.111041 	0.0024736 	
1.62	2.13229 	-0.0794277 	-1.71874 	0.000685139 	-0.111086 	0.00249253 	
1.625	2.1334 	-0.0798314 	-1.71876 	0.000658458 	-0.111143 	0.00247767 	
1.63	2.13434 	-0.0802246 	-1.71862 	0.000632154 	-0.111194 	0.00246196 	
1.635	2.13334 	-0.0796927 	-1.72076 	0.000678918 	-0.11124 	0.00247326 	
1.64	2.13436 	-0.0800966 	-1.72069 	0.000652022 	-0.111293 	0.00245761 	
1.645	2.13526 	-0.0804864 	-1.72052 	0.000625818 	-0.111342 	0.00244168 	
1.65	2.13603 	-0.0808349 	-1.72027 	0.00060206 	-0.111385 	0.00242669 	
1.655	2.13454 	-0.0800638 	-1.72302 	0.000668278 	-0.111429 	0.00244629 	
1.66	2.13562 	-0.0804654 	-1.72302 	0.000641636 	-0.111486 	0.00243133 	
1.665	2.13655 	-0.0808563 	-1.72289 	0.000615378 	-0.111536 	0.00241556 	
1.67	2.13767 	-0.0816902 	-1.72322 	0.000628266 	-0.111627 	0.00234241 	
1.675	2.13615 	-0.0809182 	-1.72599 	0.000695388 	-0.11167 	0.00236303 	
1.68	2.13723 	-0.0813192 	-1.726 	0.000668741 	-0.111726 	0.00234806 	
1.685	2.13815 	-0.0817099 	-1.72586 	0.000642455 	-0.111775 	0.00233223 	
1.69	2.1389 	-0.0820556 	-1.72562 	0.000618782 	-0.111817 	0.0023172 	
1.695	2.13739 	-0.0813059 	-1.72835 	0.000684976 	-0.11186 	0.00233812 	
1.7	2.13845 	-0.0817055 	-1.72835 	0.000658364 	-0.111915 	0.00232311 	
1.705	2.13936 	-0.0820948 	-1.72822 	0.000632118 	-0.111963 	0.00230725 	
1.71	2.1401 	-0.0824394 	-1.72797 	0.000608475 	-0.112005 	0.00229221 	
1.715	2.13862 	-0.0817139 	-1.73066 	0.000673548 	-0.112047 	0.00231335 	
1.72	2.13966 	-0.0821112 	-1.73066 	0.000647029 	-0.112101 	0.00229831 	
1.725	2.14055 	-0.0824982 	-1.73052 	0.000620879 	-0.112149 	0.00228247 	
1.73	2.14128 	-0.082841 	-1.73028 	0.000597317 	-0.11219 	0.00226745 	
1.735	2.13983 	-0.0821392 	-1.73292 	0.000661236 	-0.112231 	0.00228878 	
1.74	2.14085 	-0.0825336 	-1.73292 	0.000634861 	-0.112284 	0.00227376 	
1.745	2.14173 	-0.0829176 	-1.73278 	0.000608855 	-0.112332 	0.00225797 	
1.75	2.14245 	-0.0832579 	-1.73254 	0.000585419 	-0.112372 	0.002243 	
1.755	2.14107 	-0.082658 	-1.73523 	0.000654004 	-0.112421 	0.00225512 	
1.76	2.14208 	-0.0830487 	-1.73522 	0.000627816 	-0.112473 	0.00224015 	
1.765	2.14294 	-0.0834292 	-1.73508 	0.000601998 	-0.112519 	0.00222444 	
1.77	2.14365 	-0.0837665 	-1.73484 	0.000578725 	-0.112559 	0.00220956 	
1.775	2.14224 	-0.0831114 	-1.73739 	0.00064026 	-0.112599 	0.00223117 	
1.78	2.14322 	-0.0834978 	-1.73738 	0.000614297 	-0.11265 	0.00221629 	
1.785	2.14407 	-0.0838743 	-1.73725 	0.000588701 	-0.112696 	0.00220067 	
1.79	2.14477 	-0.0842081 	-1.73701 	0.000565625 	-0.112734 	0.0021859 	
1.795	2.14339 	-0.0835759 	-1.73951 	0.00062593 	-0.112774 	0.00220761 	
1.8	2.14435 	-0.0839577 	-1.73949 	0.000600225 	-0.112824 	0.00219283 	
1.805	2.14519 	-0.0843297 	-1.73936 	0.000574886 	-0.112869 	0.00217734 	
1.81	2.14587 	-0.0846596 	-1.73913 	0.000552037 	-0.112907 	0.0021627 	
1.815	2.14452 	-0.0840501 	-1.74158 	0.000611079 	-0.112946 	0.00218447 	
1.82	2.14546 	-0.0844267 	-1.74156 	0.000585664 	-0.112995 	0.0021698 	
1.825	2.14628 	-0.0847938 	-1.74143 	0.000560611 	-0.113039 	0.00215446 	
1.83	2.14692 	-0.0850797 	-1.74115 	0.000535058 	-0.113072 	0.00214474 	
1.835	2.1456 	-0.0844926 	-1.74354 	0.000592808 	-0.11311 	0.00216654 	
1.84	2.14652 	-0.0848638 	-1.74352 	0.000567712 	-0.113158 	0.002152 	
1.845	2.14732 	-0.0852255 	-1.74339 	0.000542972 	-0.113201 	0.00213683 	
1.85	2.14798 	-0.0855466 	-1.74317 	0.000520655 	-0.113238 	0.00212251 	
1.855	2.14668 	-0.0849817 	-1.74551 	0.000577075 	-0.113275 	0.00214428 	
1.86	2.14758 	-0.085347 	-1.74549 	0.000552323 	-0.113322 	0.00212991 	
1.865	2.14837 	-0.0857031 	-1.74536 	0.000527923 	-0.113364 	0.00211492 	
1.87	2.14902 	-0.0860193 	-1.74514 	0.000505909 	-0.1134 	0.00210078 	
1.875	2.14775 	-0.0854765 	-1.74742 	0.000560964 	-0.113436 	0.00212249 	
1.88	2.14863 	-0.0858356 	-1.7474 	0.000536583 	-0.113482 	0.00210828 	
1.885	2.14939 	-0.0861857 	-1.74727 	0.000512548 	-0.113523 	0.0020935 	
1.89	2.15003 	-0.0864966 	-1.74706 	0.000490858 	-0.113558 	0.00207957 	
1.895	2.14879 	-0.0859756 	-1.74928 	0.000544515 	-0.113594 	0.00210116 	
1.9	2.14965 	-0.0863282 	-1.74926 	0.000520528 	-0.113638 	0.00208715 	
1.905	2.1504 	-0.086672 	-1.74913 	0.000496882 	-0.113678 	0.00207258 	
1.91	2.15102 	-0.0869775 	-1.74892 	0.000475539 	-0.113713 	0.00205887 	
1.915	2.14982 	-0.086478 	-1.75109 	0.000527762 	-0.113748 	0.0020803 	
1.92	2.15062 	-0.08679 	-1.75102 	0.000501697 	-0.113788 	0.00207055 	
1.925	2.15135 	-0.0871272 	-1.7509 	0.000478463 	-0.113827 	0.00205622 	
1.93	2.15196 	-0.087427 	-1.7507 	0.000457488 	-0.11386 	0.00204274 	
1.935	2.15254 	-0.0877017 	-1.75049 	0.000438147 	-0.113892 	0.00203023 	
1.94	2.15096 	-0.0870359 	-1.75311 	0.000505828 	-0.113925 	0.00205991 	
1.945	2.15182 	-0.0873744 	-1.75315 	0.000482852 	-0.11397 	0.00204692 	
1.95	2.15256 	-0.0877076 	-1.75305 	0.000459921 	-0.114009 	0.00203295 	
1.955	2.15315 	-0.0880012 	-1.75285 	0.000439344 	-0.114041 	0.0020197 	
1.96	2.1537 	-0.0882702 	-1.75265 	0.00042037 	-0.114072 	0.0020074 	
1.965	2.15214 	-0.0876227 	-1.75523 	0.000487142 	-0.114104 	0.00203731 	
1.97	2.15298 	-0.0879549 	-1.75526 	0.000464556 	-0.114147 	0.00202451 	
1.975	2.1537 	-0.0882822 	-1.75517 	0.000441997 	-0.114185 	0.00201073 	
1.98	2.15427 	-0.0885706 	-1.75497 	0.000421754 	-0.114217 	0.00199769 	
1.985	2.15481 	-0.0888349 	-1.75478 	0.000403088 	-0.114247 	0.00198558 	
1.99	2.15331 	-0.0882267 	-1.75726 	0.000467582 	-0.114278 	0.00201439 	
1.995	2.15411 	-0.0885512 	-1.75729 	0.000445466 	-0.11432 	0.00200176 	
2	2.1548 	-0.088871 	-1.75719 	0.000423384 	-0.114356 	0.00198825 	
2.005	2.15536 	-0.089153 	-1.75701 	0.000403556 	-0.114387 	0.00197546 	
2.01	2.15589 	-0.0894116 	-1.75682 	0.000385273 	-0.114416 	0.0019636 	
2.015	2.15444 	-0.0888354 	-1.7592 	0.000446732 	-0.114446 	0.00199211 	
2.02	2.15521 	-0.089151 	-1.75921 	0.000425174 	-0.114485 	0.00197972 	
2.025	2.15588 	-0.0894621 	-1.75912 	0.000403654 	-0.114521 	0.00196652 	
2.03	2.15642 	-0.0897368 	-1.75894 	0.000384319 	-0.11455 	0.00195406 	
2.035	2.15692 	-0.0899886 	-1.75876 	0.00036649 	-0.114578 	0.00194249 	
2.04	2.15554 	-0.0894475 	-1.76104 	0.000425159 	-0.114607 	0.00197015 	
2.045	2.15628 	-0.0897532 	-1.76105 	0.000404229 	-0.114645 	0.00195806 	
2.05	2.15692 	-0.0900546 	-1.76096 	0.000383339 	-0.114679 	0.00194522 	
2.055	2.15744 	-0.090321 	-1.76078 	0.000364561 	-0.114707 	0.00193311 	
2.06	2.15793 	-0.0905653 	-1.76061 	0.000347245 	-0.114734 	0.00192188 	
2.065	2.15661 	-0.0900585 	-1.76278 	0.000403086 	-0.114762 	0.00194862 	
2.07	2.15732 	-0.0903534 	-1.76278 	0.000382842 	-0.114798 	0.00193687 	
2.075	2.15793 	-0.0906444 	-1.76269 	0.00036264 	-0.114831 	0.00192442 	
2.08	2.15843 	-0.0909019 	-1.76253 	0.000344469 	-0.114858 	0.00191272 	
2.085	2.15874 	-0.0909176 	-1.7621 	0.000311482 	-0.114862 	0.00192847 	
2.09	2.15918 	-0.0911339 	-1.76193 	0.000296038 	-0.114886 	0.00191839 	
2.095	2.15762 	-0.0905237 	-1.76438 	0.00036207 	-0.114912 	0.00195117 	
2.1	2.15832 	-0.0908068 	-1.76443 	0.000342709 	-0.114948 	0.00194025 	
2.105	2.15892 	-0.0910887 	-1.76436 	0.000323163 	-0.11498 	0.00192833 	
2.11	2.1594 	-0.0913363 	-1.7642 	0.00030567 	-0.115006 	0.00191706 	
2.115	2.15985 	-0.0915633 	-1.76405 	0.000289538 	-0.115031 	0.0019066 	
2.12	2.16027 	-0.0917714 	-1.76389 	0.000274668 	-0.115054 	0.0018969 	
2.125	2.15878 	-0.0911987 	-1.76622 	0.000337574 	-0.115078 	0.00192862 	
2.13	2.15944 	-0.09147 	-1.76626 	0.00031898 	-0.115112 	0.00191806 	
2.135	2.16001 	-0.0917405 	-1.76619 	0.0003002 	-0.115142 	0.00190658 	
2.14	2.16047 	-0.0919783 	-1.76605 	0.000283382 	-0.115167 	0.00189575 	
2.145	2.16089 	-0.0921965 	-1.7659 	0.000267872 	-0.11519 	0.00188571 	
2.15	2.16171 	-0.0929667 	-1.76644 	0.000295476 	-0.115269 	0.00180751 	
2.155	2.16033 	-0.0924437 	-1.76861 	0.000353859 	-0.115292 	0.00183735 	
2.16	2.16094 	-0.0927015 	-1.76864 	0.000336142 	-0.115324 	0.00182719 	
2.165	2.16147 	-0.0929586 	-1.76857 	0.000318257 	-0.115352 	0.00181623 	
2.17	2.1619 	-0.0931852 	-1.76844 	0.000302224 	-0.115376 	0.00180592 	
2.175	2.16231 	-0.0933931 	-1.7683 	0.000287436 	-0.115398 	0.00179635 	
2.18	2.16269 	-0.0935838 	-1.76816 	0.000273803 	-0.115418 	0.00178748 	
2.185	2.16304 	-0.0937584 	-1.76802 	0.000261238 	-0.115438 	0.00177924 	
2.19	2.16152 	-0.093179 	-1.77033 	0.000325318 	-0.115459 	0.00181281 	
2.195	2.16212 	-0.0934212 	-1.77039 	0.000308719 	-0.115489 	0.0018035 	
2.2	2.16262 	-0.093665 	-1.77034 	0.000291783 	-0.115516 	0.0017932 	
2.205	2.16302 	-0.0938786 	-1.77022 	0.000276659 	-0.115538 	0.00178348 	
2.21	2.1634 	-0.0940747 	-1.77009 	0.000262709 	-0.115558 	0.00177446 	
2.215	2.16375 	-0.0942546 	-1.76996 	0.000249845 	-0.115578 	0.0017661 	
2.22	2.16367 	-0.093847 	-1.76914 	0.000195996 	-0.115539 	0.00182754 	
2.225	2.16398 	-0.0939979 	-1.76901 	0.000185071 	-0.115556 	0.00182035 	
2.23	2.16236 	-0.0933847 	-1.7714 	0.000252759 	-0.115575 	0.00185657 	
2.235	2.16293 	-0.09361 	-1.77147 	0.000237362 	-0.115603 	0.00184809 	
2.24	2.16341 	-0.0938387 	-1.77144 	0.000221487 	-0.115628 	0.0018385 	
2.245	2.16378 	-0.0940384 	-1.77133 	0.00020736 	-0.115648 	0.00182944 	
2.25	2.16412 	-0.0942217 	-1.77122 	0.000194325 	-0.115667 	0.00182103 	
2.255	2.16445 	-0.09439 	-1.7711 	0.000182303 	-0.115685 	0.00181323 	
2.26	2.16475 	-0.0945443 	-1.77099 	0.000171219 	-0.115702 	0.00180599 	
2.265	2.16504 	-0.0946857 	-1.77087 	0.000161002 	-0.115717 	0.00179928 	
2.27	2.1653 	-0.0948151 	-1.77076 	0.000151588 	-0.115732 	0.00179305 	
2.275	2.16369 	-0.0942061 	-1.7731 	0.000219008 	-0.115749 	0.00182978 	
2.28	2.16421 	-0.0944112 	-1.77318 	0.000205011 	-0.115775 	0.00182214 	
2.285	2.16464 	-0.0946213 	-1.77316 	0.000190449 	-0.115797 	0.00181339 	
2.29	2.16498 	-0.0948042 	-1.77307 	0.000177517 	-0.115815 	0.00180511 	
2.295	2.16529 	-0.0949724 	-1.77297 	0.000165582 	-0.115832 	0.00179743 	
2.3	2.16558 	-0.0951269 	-1.77287 	0.000154569 	-0.115848 	0.00179031 	
2.305	2.16585 	-0.0952686 	-1.77277 	0.000144411 	-0.115863 	0.00178371 	
2.31	2.16611 	-0.0953987 	-1.77268 	0.000135044 	-0.115877 	0.00177758 	
2.315	2.16635 	-0.0955179 	-1.77258 	0.000126408 	-0.11589 	0.0017719 	
2.32	2.16657 	-0.0956271 	-1.77248 	0.00011845 	-0.115903 	0.00176664 	
2.325	2.16679 	-0.095727 	-1.77238 	0.000111118 	-0.115914 	0.00176175 	
2.33	2.16518 	-0.0951524 	-1.77477 	0.000183259 	-0.115933 	0.00179409 	
2.335	2.16564 	-0.0953319 	-1.77487 	0.000171063 	-0.115956 	0.00178759 	
2.34	2.16602 	-0.0955186 	-1.77487 	0.000158168 	-0.115975 	0.00177992 	
2.345	2.1663 	-0.0956804 	-1.77479 	0.000146764 	-0.115991 	0.00177265 	
2.35	2.16657 	-0.0958293 	-1.77472 	0.000136234 	-0.116005 	0.00176591 	
2.355	2.16682 	-0.0959663 	-1.77464 	0.000126512 	-0.116019 	0.00175967 	
2.36	2.16706 	-0.0960921 	-1.77456 	0.000117537 	-0.116032 	0.00175387 	
2.365	2.16728 	-0.0962078 	-1.77449 	0.000109256 	-0.116043 	0.0017485 	
2.37	2.16748 	-0.096314 	-1.77441 	0.000101614 	-0.116055 	0.00174352 	
2.375	2.16768 	-0.0964115 	-1.77433 	9.45648e-05 	-0.116065 	0.0017389 	
2.38	2.16786 	-0.096501 	-1.77426 	8.80635e-05 	-0.116075 	0.00173461 	
2.385	2.16803 	-0.096583 	-1.77419 	8.2069e-05 	-0.116085 	0.00173064 	
2.39	2.16794 	-0.0963189 	-1.7737 	5.17247e-05 	-0.11606 	0.00176802 	
2.395	2.16809 	-0.0963878 	-1.77363 	4.66316e-05 	-0.116068 	0.0017646 	
2.4	2.16823 	-0.0964508 	-1.77356 	4.19388e-05 	-0.116076 	0.00176143 	
2.405	2.16836 	-0.0965085 	-1.77349 	3.76158e-05 	-0.116083 	0.00175849 	
2.41	2.16666 	-0.0958624 	-1.77582 	0.000108245 	-0.116092 	0.00179847 	
2.415	2.16704 	-0.0960055 	-1.77593 	9.86475e-05 	-0.116111 	0.00179363 	
2.42	2.16735 	-0.0961588 	-1.77596 	8.81523e-05 	-0.116127 	0.00178752 	
2.425	2.16757 	-0.0962906 	-1.77592 	7.89494e-05 	-0.116139 	0.00178172 	
2.43	2.16778 	-0.0964122 	-1.77587 	7.04398e-05 	-0.11615 	0.00177635 	
2.435	2.16797 	-0.0965244 	-1.77583 	6.25728e-05 	-0.11616 	0.00177137 	
2.44	2.16815 	-0.0966278 	-1.77578 	5.52992e-05 	-0.11617 	0.00176675 	
2.445	2.16832 	-0.0967232 	-1.77574 	4.85745e-05 	-0.116179 	0.00176246 	
2.45	2.16847 	-0.0968111 	-1.7757 	4.2358e-05 	-0.116187 	0.00175849 	
2.455	2.16862 	-0.0968922 	-1.77566 	3.66112e-05 	-0.116195 	0.00175481 	
2.46	2.16876 	-0.096967 	-1.77562 	3.12987e-05 	-0.116202 	0.0017514 	
2.465	2.16888 	-0.097036 	-1.77558 	2.63874e-05 	-0.116209 	0.00174824 	
2.47	2.169 	-0.0970996 	-1.77554 	2.18468e-05 	-0.116215 	0.0017453 	
2.475	2.16911 	-0.0971582 	-1.7755 	1.76486e-05 	-0.116221 	0.00174258 	
2.48	2.16979 	-0.0980069 	-1.77643 	7.18326e-05 	-0.116306 	0.00164386 	
2.485	2.16989 	-0.0980569 	-1.77639 	6.82424e-05 	-0.116312 	0.00164152 	
2.49	2.16998 	-0.098103 	-1.77636 	6.49213e-05 	-0.116317 	0.00163935 	
2.495	2.17006 	-0.0981456 	-1.77633 	6.18487e-05 	-0.116321 	0.00163734 	
2.5	2.17014 	-0.0981849 	-1.7763 	5.9005e-05 	-0.116325 	0.00163548 	
2.505	2.17021 	-0.0982213 	-1.77627 	5.6372e-05 	-0.116329 	0.00163376 	
2.51	2.17028 	-0.098255 	-1.77624 	5.39325e-05 	-0.116333 	0.00163216 	
2.515	2.17034 	-0.0982866 	-1.77622 	5.16533e-05 	-0.116336 	0.00163067 	
2.52	2.1704 	-0.098317 	-1.7762 	4.94738e-05 	-0.116339 	0.00162926 	
2.525	2.17045 	-0.0983456 	-1.77618 	4.74277e-05 	-0.116342 	0.00162795 	
2.53	2.1705 	-0.0983721 	-1.77616 	4.55362e-05 	-0.116345 	0.00162673 	
2.535	2.17054 	-0.0983966 	-1.77614 	4.37861e-05 	-0.116347 	0.0016256 	
2.54	2.17059 	-0.0984192 	-1.77613 	4.21719e-05 	-0.11635 	0.00162456 	
2.545	2.17063 	-0.09844 	-1.77612 	4.06849e-05 	-0.116352 	0.0016236 	
2.55	2.17067 	-0.0984591 	-1.7761 	3.93173e-05 	-0.116354 	0.00162271 	
2.555	2.17071 	-0.0984765 	-1.77609 	3.80622e-05 	-0.116356 	0.00162189 	
2.56	2.17075 	-0.0984925 	-1.77608 	3.69131e-05 	-0.116358 	0.00162114 	
2.565	2.17078 	-0.098507 	-1.77607 	3.58639e-05 	-0.11636 	0.00162045 	
2.57	2.17082 	-0.0985202 	-1.77606 	3.49091e-05 	-0.116362 	0.00161982 	
2.575	2.17066 	-0.098258 	-1.77572 	1.40134e-05 	-0.116336 	0.00165243 	
2.58	2.17069 	-0.0982685 	-1.77572 	1.32455e-05 	-0.116338 	0.00165191 	
2.585	2.17073 	-0.0982769 	-1.77571 	1.26042e-05 	-0.116339 	0.00165145 	
2.59	2.17076 	-0.098284 	-1.77571 	1.20561e-05 	-0.116341 	0.00165105 	
2.595	2.1708 	-0.0982901 	-1.7757 	1.15714e-05 	-0.116343 	0.00165069 	
2.6	2.17084 	-0.0982954 	-1.7757 	1.11498e-05 	-0.116344 	0.00165036 	
2.605	2.17087 	-0.0982998 	-1.7757 	1.07887e-05 	-0.116346 	0.00165008 	
2.61	2.17091 	-0.0983033 	-1.7757 	1.04855e-05 	-0.116347 	0.00164982 	
2.615	2.17095 	-0.098306 	-1.7757 	1.02376e-05 	-0.116349 	0.0016496 	
2.62	2.17099 	-0.098308 	-1.7757 	1.00426e-05 	-0.11635 	0.00164941 	
2.625	2.17103 	-0.0983092 	-1.7757 	9.89847e-06 	-0.116352 	0.00164925 	
2.63	2.17108 	-0.0983097 	-1.7757 	9.80316e-06 	-0.116354 	0.00164912 	
2.635	2.17112 	-0.0983095 	-1.7757 	9.7548e-06 	-0.116355 	0.00164901 	
2.64	2.17117 	-0.0983086 	-1.77571 	9.75166e-06 	-0.116357 	0.00164893 	
2.645	2.17121 	-0.0983071 	-1.77571 	9.79214e-06 	-0.116359 	0.00164888 	
2.65	2.17126 	-0.0983049 	-1.77572 	9.87474e-06 	-0.11636 	0.00164884 	
2.655	2.17131 	-0.0983022 	-1.77572 	9.99808e-06 	-0.116362 	0.00164883 	
2.66	2.17137 	-0.0982988 	-1.77573 	1.01614e-05 	-0.116364 	0.00164884 	
2.665	2.17142 	-0.0982948 	-1.77573 	1.03648e-05 	-0.116366 	0.00164887 	
2.67	2.17148 	-0.0982902 	-1.77574 	1.06055e-05 	-0.116368 	0.00164892 	
2.675	2.17145 	-0.0981682 	-1.77561 	2.34044e-06 	-0.116358 	0.00166315 	
2.68	2.17151 	-0.0981624 	-1.77562 	2.66068e-06 	-0.11636 	0.00166324 	
2.685	2.17157 	-0.0981557 	-1.77563 	3.03665e-06 	-0.116362 	0.00166336 	
2.69	2.17164 	-0.0981484 	-1.77564 	3.45214e-06 	-0.116364 	0.00166349 	
2.695	2.1717 	-0.0981406 	-1.77565 	3.89532e-06 	-0.116367 	0.00166364 	
2.7	2.17177 	-0.0981324 	-1.77566 	4.36814e-06 	-0.116369 	0.00166381 	
2.705	2.17184 	-0.0981238 	-1.77567 	4.87009e-06 	-0.116371 	0.00166399 	
2.71	2.17191 	-0.0981146 	-1.77568 	5.40072e-06 	-0.116374 	0.00166419 	
2.715	2.17199 	-0.0981051 	-1.7757 	5.95957e-06 	-0.116376 	0.0016644 	
2.72	2.17206 	-0.0980951 	-1.77571 	6.54622e-06 	-0.116378 	0.00166462 	
2.725	2.17214 	-0.0980847 	-1.77572 	7.1603e-06 	-0.116381 	0.00166486 	
2.73	2.17207 	-0.0978618 	-1.77548 	-7.69798e-06 	-0.116363 	0.00169079 	
2.735	2.17215 	-0.0978503 	-1.7755 	-7.01889e-06 	-0.116365 	0.00169106 	
2.74	2.17224 	-0.0978377 	-1.77551 	-6.27495e-06 	-0.116368 	0.00169135 	
2.745	2.17233 	-0.0978246 	-1.77553 	-5.4935e-06 	-0.116371 	0.00169166 	
2.75	2.17242 	-0.0978111 	-1.77554 	-4.69488e-06 	-0.116374 	0.00169198 	
2.755	2.17251 	-0.0977973 	-1.77556 	-3.87463e-06 	-0.116377 	0.00169232 	
2.76	2.1726 	-0.0977832 	-1.77558 	-3.03268e-06 	-0.11638 	0.00169266 	
2.765	2.17495 	-0.0974202 	-1.7729 	3.23164e-05 	-0.116382 	0.00171448 	
2.77	2.17503 	-0.0974598 	-1.773 	2.98606e-05 	-0.116384 	0.00171226 	
2.775	2.17499 	-0.0974975 	-1.77303 	2.73628e-05 	-0.11638 	0.00171023 	
2.78	2.17493 	-0.0975212 	-1.77302 	2.56981e-05 	-0.116377 	0.00170889 	
2.785	2.17488 	-0.0975417 	-1.77302 	2.42444e-05 	-0.116374 	0.00170768 	
2.79	2.17485 	-0.0975592 	-1.77302 	2.29879e-05 	-0.116371 	0.0017066 	
2.795	2.17483 	-0.0975739 	-1.77302 	2.19157e-05 	-0.116369 	0.00170564 	
2.8	2.17482 	-0.097586 	-1.77302 	2.10159e-05 	-0.116368 	0.00170479 	
2.805	2.17482 	-0.0975956 	-1.77303 	2.02774e-05 	-0.116366 	0.00170404 	
2.81	2.17483 	-0.0976029 	-1.77303 	1.96899e-05 	-0.116366 	0.00170338 	
2.815	2.17485 	-0.097608 	-1.77304 	1.92439e-05 	-0.116366 	0.00170282 	
2.82	2.17488 	-0.0976111 	-1.77305 	1.89306e-05 	-0.116366 	0.00170234 	
2.825	2.17493 	-0.0976123 	-1.77307 	1.87418e-05 	-0.116366 	0.00170194 	
2.83	2.17521 	-0.0979291 	-1.77346 	4.19222e-05 	-0.116399 	0.00166321 	
2.835	2.17526 	-0.0979271 	-1.77348 	4.19434e-05 	-0.1164 	0.00166294 	
2.84	2.17766 	-0.0978939 	-1.77067 	4.32931e-05 	-0.116401 	0.00166482 	
2.845	2.17772 	-0.0979088 	-1.77077 	4.26134e-05 	-0.1164 	0.00166418 	
2.85	2.17765 	-0.0979103 	-1.77079 	4.25447e-05 	-0.116395 	0.00166372 	
2.855	2.17756 	-0.0979019 	-1.77078 	4.29707e-05 	-0.11639 	0.00166347 	
2.86	2.17749 	-0.0978922 	-1.77077 	4.34769e-05 	-0.116385 	0.00166329 	
2.865	2.17744 	-0.0978814 	-1.77076 	4.40589e-05 	-0.116381 	0.00166316 	
2.87	2.1774 	-0.0978694 	-1.77076 	4.47125e-05 	-0.116378 	0.0016631 	
2.875	2.17738 	-0.0978564 	-1.77076 	4.54339e-05 	-0.116375 	0.00166308 	
2.88	2.17737 	-0.0978425 	-1.77076 	4.62196e-05 	-0.116373 	0.00166312 	
2.885	2.17738 	-0.0978276 	-1.77076 	4.70664e-05 	-0.116372 	0.0016632 	
2.89	2.1774 	-0.0978118 	-1.77077 	4.79711e-05 	-0.116371 	0.00166333 	
2.895	2.17743 	-0.0977951 	-1.77078 	4.8931e-05 	-0.11637 	0.0016635 	
2.9	2.1797 	-0.0977188 	-1.76796 	4.36e-05 	-0.116364 	0.00167114 	
2.905	2.17974 	-0.0977157 	-1.76806 	4.40686e-05 	-0.116363 	0.00167114 	
2.91	2.17966 	-0.097699 	-1.76807 	4.51553e-05 	-0.116357 	0.00167129 	
2.915	2.17956 	-0.0976737 	-1.76805 	4.66545e-05 	-0.11635 	0.00167156 	
2.92	2.17949 	-0.0976481 	-1.76804 	4.81704e-05 	-0.116345 	0.00167187 	
2.925	2.17943 	-0.0976222 	-1.76803 	4.97042e-05 	-0.11634 	0.00167221 	
2.93	2.17939 	-0.0975961 	-1.76803 	5.12559e-05 	-0.116337 	0.00167258 	
2.935	2.17937 	-0.0975697 	-1.76803 	5.28256e-05 	-0.116334 	0.00167298 	
2.94	2.17937 	-0.097543 	-1.76803 	5.44133e-05 	-0.116332 	0.0016734 	
2.945	2.17938 	-0.0975161 	-1.76804 	5.6019e-05 	-0.11633 	0.00167385 	
2.95	2.17941 	-0.0974889 	-1.76804 	5.76427e-05 	-0.116329 	0.00167432 	
2.955	2.1818 	-0.097466 	-1.7652 	5.69036e-05 	-0.116328 	0.00167485 	
2.96	2.18184 	-0.0974546 	-1.7653 	5.79214e-05 	-0.116327 	0.00167512 	
2.965	2.18176 	-0.0974293 	-1.76532 	5.95637e-05 	-0.11632 	0.00167552 	
2.97	2.18166 	-0.0973952 	-1.7653 	6.16153e-05 	-0.116313 	0.00167604 	
2.975	2.18158 	-0.0973611 	-1.76529 	6.36577e-05 	-0.116308 	0.00167658 	
2.98	2.18153 	-0.0973273 	-1.76528 	6.5693e-05 	-0.116303 	0.00167714 	
2.985	2.18116 	-0.0968449 	-1.76473 	3.46452e-05 	-0.116254 	0.00173185 	
2.99	2.18114 	-0.0968107 	-1.76473 	3.66946e-05 	-0.116251 	0.00173246 	
2.995	2.18115 	-0.0967752 	-1.76473 	3.8822e-05 	-0.116248 	0.00173312 	
3	2.18117 	-0.0967393 	-1.76474 	4.0973e-05 	-0.116247 	0.0017338 	
3.005	2.18356 	-0.0967088 	-1.76187 	4.05919e-05 	-0.116245 	0.00173449 	
3.01	2.1836 	-0.0966904 	-1.76197 	4.2043e-05 	-0.116243 	0.00173493 	
3.015	2.18352 	-0.0966581 	-1.76199 	4.41078e-05 	-0.116236 	0.0017355 	
3.02	2.18342 	-0.096617 	-1.76197 	4.65764e-05 	-0.116229 	0.00173618 	
3.025	2.18334 	-0.0965764 	-1.76196 	4.90164e-05 	-0.116223 	0.00173688 	
3.03	2.18328 	-0.0965362 	-1.76195 	5.14311e-05 	-0.116218 	0.00173759 	
3.035	2.18325 	-0.0964964 	-1.76195 	5.38233e-05 	-0.116214 	0.00173831 	
3.04	2.18324 	-0.0964569 	-1.76195 	5.6196e-05 	-0.116211 	0.00173904 	
3.045	2.18324 	-0.0964177 	-1.76195 	5.85516e-05 	-0.116208 	0.00173978 	
3.05	2.18556 	-0.0963838 	-1.75915 	5.84298e-05 	-0.116206 	0.00174055 	
3.055	2.18559 	-0.0963617 	-1.75925 	6.00875e-05 	-0.116203 	0.00174106 	
3.06	2.18586 	-0.0968019 	-1.75984 	9.75369e-05 	-0.116244 	0.0016844 	
3.065	2.18576 	-0.0967585 	-1.75983 	0.00010015 	-0.116236 	0.00168513 	
3.07	2.18568 	-0.0967171 	-1.75982 	0.000102646 	-0.11623 	0.00168583 	
3.075	2.18562 	-0.0966767 	-1.75981 	0.000105088 	-0.116225 	0.00168653 	
3.08	2.18559 	-0.0966364 	-1.75981 	0.000107523 	-0.11622 	0.00168725 	
3.085	2.18558 	-0.0965962 	-1.75982 	0.000109943 	-0.116217 	0.00168799 	
3.09	2.18559 	-0.0965563 	-1.75983 	0.000112352 	-0.116214 	0.00168874 	
3.095	2.18804 	-0.0965222 	-1.75688 	0.000112205 	-0.116213 	0.00168958 	
3.1	2.18809 	-0.0965013 	-1.75699 	0.000113836 	-0.11621 	0.00169007 	
3.105	2.188 	-0.0964659 	-1.75702 	0.000116113 	-0.116203 	0.00169069 	
3.11	2.1879 	-0.0964208 	-1.757 	0.000118829 	-0.116195 	0.00169143 	
3.115	2.18782 	-0.0963762 	-1.75699 	0.000121515 	-0.116188 	0.00169219 	
3.12	2.18776 	-0.096332 	-1.75699 	0.000124175 	-0.116183 	0.00169296 	
3.125	2.18773 	-0.0962883 	-1.75699 	0.00012681 	-0.116178 	0.00169374 	
3.13	2.18772 	-0.0962448 	-1.757 	0.000129424 	-0.116175 	0.00169454 	
3.135	2.19002 	-0.0962069 	-1.7542 	0.000129609 	-0.116172 	0.00169545 	
3.14	2.19005 	-0.0961814 	-1.7543 	0.000131475 	-0.116168 	0.001696 	
3.145	2.18996 	-0.0961428 	-1.75432 	0.000133928 	-0.116161 	0.00169666 	
3.15	2.18986 	-0.0960953 	-1.75431 	0.000136786 	-0.116153 	0.00169744 	
3.155	2.18937 	-0.095502 	-1.75365 	9.89791e-05 	-0.116091 	0.00176394 	
3.16	2.18932 	-0.0954551 	-1.75364 	0.0001018 	-0.116086 	0.00176476 	
3.165	2.1893 	-0.0954069 	-1.75365 	0.00010469 	-0.116081 	0.00176564 	
3.17	2.18929 	-0.0953585 	-1.75365 	0.000107586 	-0.116078 	0.00176654 	
3.175	2.19167 	-0.0953166 	-1.75076 	0.00010784 	-0.116075 	0.00176751 	
3.18	2.19171 	-0.0952882 	-1.75087 	0.000109891 	-0.116072 	0.00176812 	
3.185	2.19163 	-0.095246 	-1.7509 	0.000112547 	-0.116064 	0.00176884 	
3.19	2.19152 	-0.0951947 	-1.75089 	0.000115623 	-0.116056 	0.00176969 	
3.195	2.19144 	-0.0951441 	-1.75088 	0.000118655 	-0.116049 	0.00177055 	
3.2	2.1914 	-0.0950941 	-1.75088 	0.000121646 	-0.116043 	0.00177141 	
3.205	2.19137 	-0.0950448 	-1.75089 	0.0001246 	-0.116039 	0.00177229 	
3.21	2.19137 	-0.0949961 	-1.7509 	0.00012752 	-0.116035 	0.00177318 	
3.215	2.19384 	-0.0949539 	-1.7479 	0.000127697 	-0.116033 	0.00177417 	
3.22	2.1939 	-0.0949477 	-1.74805 	0.000131313 	-0.116032 	0.0017722 	
3.225	2.19382 	-0.0949055 	-1.74808 	0.000133979 	-0.116024 	0.00177291 	
3.23	2.19371 	-0.0948535 	-1.74807 	0.000137095 	-0.116015 	0.00177374 	
3.235	2.19363 	-0.0948022 	-1.74807 	0.000140165 	-0.116008 	0.00177459 	
3.24	2.19358 	-0.0947515 	-1.74807 	0.000143196 	-0.116002 	0.00177545 	
3.245	2.19356 	-0.0947015 	-1.74808 	0.000146192 	-0.115997 	0.00177632 	
3.25	2.19356 	-0.094652 	-1.74809 	0.000149154 	-0.115994 	0.00177721 	
3.255	2.1961 	-0.0946094 	-1.745 	0.000149273 	-0.115991 	0.00177823 	
3.26	2.19616 	-0.0945826 	-1.74514 	0.000151279 	-0.115988 	0.00177878 	
3.265	2.19608 	-0.0945402 	-1.74517 	0.000153961 	-0.11598 	0.00177947 	
3.27	2.19597 	-0.0944873 	-1.74516 	0.000157124 	-0.115971 	0.00178029 	
3.275	2.19589 	-0.0944351 	-1.74516 	0.000160243 	-0.115964 	0.00178113 	
3.28	2.19584 	-0.0943835 	-1.74517 	0.000163323 	-0.115958 	0.00178199 	
3.285	2.19581 	-0.0943325 	-1.74518 	0.000166367 	-0.115953 	0.00178286 	
3.29	2.1981 	-0.0942877 	-1.74236 	0.000166824 	-0.115949 	0.00178389 	
3.295	2.19812 	-0.0942565 	-1.74246 	0.000169016 	-0.115944 	0.00178446 	
3.3	2.19803 	-0.0942122 	-1.74249 	0.000171785 	-0.115936 	0.00178515 	
3.305	2.19842 	-0.0948265 	-1.74329 	0.000225061 	-0.115994 	0.00170594 	
3.31	2.19834 	-0.0947744 	-1.74329 	0.00022817 	-0.115986 	0.00170676 	
3.315	2.19829 	-0.0947252 	-1.7433 	0.000231122 	-0.11598 	0.00170754 	
3.32	2.19827 	-0.0946771 	-1.74332 	0.000234002 	-0.115975 	0.00170832 	
3.325	2.20057 	-0.0946349 	-1.74048 	0.000234392 	-0.115972 	0.00170935 	
3.33	2.2006 	-0.0946064 	-1.74059 	0.000236437 	-0.115967 	0.00170985 	
3.335	2.20051 	-0.0945644 	-1.74063 	0.000239073 	-0.115958 	0.00171046 	
3.34	1.90601 	0.0308029 	-1.1064 	-0.0108568 	-0.0899648 	0.000760309 	
3.345	1.04422 	0.397918 	0.75154 	-0.0433808 	-0.0138573 	-0.00200532 	
3.35	0.82957 	0.490002 	1.21636 	-0.0515625 	0.00507704 	-0.00266535 	
3.355	0.0330564 	0.828902 	2.92653 	-0.0815173 	0.0749988 	-0.00529303 	
3.36	0.134927 	0.79731 	2.83825 	-0.0818396 	0.0693992 	-0.00255404 	
3.365	0.0605373 	0.871448 	3.39969 	-0.0968876 	0.0865714 	0.00409662 	
3.37	-0.215348 	1.00688 	3.91951 	-0.103543 	0.108555 	-0.000294493 	
3.375	-0.785504 	1.23699 	5.09281 	-0.117259 	0.156876 	-0.00591803 	
3.38	-0.857479 	1.0685 	5.41663 	-0.0999323 	0.167785 	-0.00485108 	
3.385	-1.15575 	0.964246 	6.27065 	-0.073258 	0.198815 	-0.0130669 	
3.39	-1.25394 	0.815736 	6.54105 	-0.0569549 	0.209169 	-0.0113706 	
3.395	-1.84164 	0.699644 	7.60715 	-0.0408339 	0.256024 	-0.00861934 	
3.4	-2.05181 	0.810946 	7.83272 	-0.0532865 	0.268988 	-0.0100643 	
3.405	-2.71475 	1.07957 	8.88861 	-0.0784494 	0.318241 	-0.0142681 	
3.41	-2.80824 	1.14073 	9.04789 	-0.0830492 	0.325543 	-0.01555 	
3.415	-3.20049 	1.2538 	9.94643 	-0.0934116 	0.362023 	-0.015281 	
3.42	-3.27579 	1.30927 	10.0434 	-0.0996186 	0.367071 	-0.0129621 	
