0	2.05392 	-0.0926831 	-1.55991 	0.000249107 	-0.0988026 	0.004496 	
0.005	2.05392 	-0.0926831 	-1.55991 	0.000249107 	-0.0988026 	0.004496 	
0.01	2.05392 	-0.0926831 	-1.55991 	0.000249107 	-0.0988026 	0.004496 	
0.015	2.05392 	-0.0926831 	-1.55991 	0.000249107 	-0.0988026 	0.004496 	
0.02	2.05392 	-0.0926831 	-1.55991 	0.000249107 	-0.0988026 	0.004496 	
0.025	2.05392 	-0.092683 	-1.55991 	0.000249106 	-0.0988026 	0.004496 	
0.03	2.05392 	-0.0926829 	-1.55991 	0.000249104 	-0.0988027 	0.00449599 	
0.035	2.05392 	-0.0926828 	-1.55991 	0.000249101 	-0.0988028 	0.00449599 	
0.04	2.05392 	-0.0926827 	-1.55991 	0.000249096 	-0.0988029 	0.00449598 	
0.045	2.05392 	-0.0926825 	-1.55991 	0.000249089 	-0.098803 	0.00449597 	
0.05	2.05392 	-0.0926822 	-1.5599 	0.00024908 	-0.0988032 	0.00449595 	
0.055	2.05392 	-0.0926819 	-1.5599 	0.000249069 	-0.0988035 	0.00449593 	
0.06	2.05393 	-0.0926816 	-1.55989 	0.000249056 	-0.0988038 	0.00449591 	
0.065	2.05393 	-0.0926812 	-1.55988 	0.00024904 	-0.0988041 	0.00449588 	
0.07	2.05394 	-0.0926807 	-1.55987 	0.000249022 	-0.0988046 	0.00449585 	
0.075	2.05394 	-0.0926802 	-1.55987 	0.000249 	-0.098805 	0.00449582 	
0.08	2.05395 	-0.0926796 	-1.55985 	0.000248975 	-0.0988056 	0.00449577 	
0.085	2.05425 	-0.0930541 	-1.56025 	0.000278279 	-0.0988437 	0.00445478 	
0.09	2.05425 	-0.0930533 	-1.56024 	0.000278248 	-0.0988444 	0.00445473 	
0.095	2.05426 	-0.0930525 	-1.56022 	0.000278213 	-0.0988452 	0.00445468 	
0.1	2.05427 	-0.0930516 	-1.56021 	0.000278174 	-0.098846 	0.00445461 	
0.105	2.05428 	-0.0930506 	-1.56019 	0.000278132 	-0.0988469 	0.00445454 	
0.11	2.05429 	-0.0930496 	-1.56017 	0.000278086 	-0.0988479 	0.00445447 	
0.115	2.0543 	-0.0930484 	-1.56015 	0.000278036 	-0.098849 	0.00445439 	
0.12	2.05432 	-0.0930472 	-1.56013 	0.000277982 	-0.0988502 	0.0044543 	
0.125	2.05433 	-0.0930459 	-1.5601 	0.000277925 	-0.0988515 	0.00445421 	
0.13	2.05435 	-0.0930445 	-1.56007 	0.000277863 	-0.0988528 	0.00445411 	
0.135	2.05436 	-0.093043 	-1.56005 	0.000277798 	-0.0988542 	0.004454 	
0.14	2.05438 	-0.0930414 	-1.56002 	0.000277728 	-0.0988558 	0.00445389 	
0.145	2.0544 	-0.0930397 	-1.55999 	0.000277655 	-0.0988574 	0.00445377 	
0.15	2.05442 	-0.093038 	-1.55995 	0.000277577 	-0.0988591 	0.00445365 	
0.155	2.05444 	-0.0930361 	-1.55992 	0.000277495 	-0.0988609 	0.00445352 	
0.16	2.05446 	-0.0930341 	-1.55988 	0.000277409 	-0.0988628 	0.00445338 	
0.165	2.05283 	-0.0916327 	-1.56225 	0.000342941 	-0.0988681 	0.00444373 	
0.17	2.05317 	-0.0917 	-1.56236 	0.000339316 	-0.0988826 	0.00444263 	
0.175	2.05343 	-0.0917757 	-1.5624 	0.000335092 	-0.0988954 	0.00444111 	
0.18	2.05359 	-0.0918378 	-1.56237 	0.000331499 	-0.0989047 	0.00443966 	
0.185	2.05374 	-0.091895 	-1.56233 	0.000328158 	-0.0989136 	0.00443829 	
0.19	2.05389 	-0.0919478 	-1.56229 	0.000325049 	-0.0989221 	0.004437 	
0.195	2.05402 	-0.0919964 	-1.56225 	0.000322155 	-0.0989303 	0.00443579 	
0.2	2.05415 	-0.0920412 	-1.56221 	0.00031946 	-0.0989381 	0.00443464 	
0.205	2.05428 	-0.0920824 	-1.56217 	0.000316949 	-0.0989457 	0.00443356 	
0.21	2.05439 	-0.0921202 	-1.56212 	0.000314608 	-0.098953 	0.00443254 	
0.215	2.05451 	-0.092155 	-1.56207 	0.000312426 	-0.0989601 	0.00443157 	
0.22	2.05461 	-0.092187 	-1.56202 	0.000310389 	-0.098967 	0.00443064 	
0.225	2.05309 	-0.0908439 	-1.56433 	0.00037319 	-0.098977 	0.00442079 	
0.23	2.0535 	-0.0909392 	-1.56443 	0.000367916 	-0.0989958 	0.004419 	
0.235	2.05383 	-0.0910407 	-1.56444 	0.000362169 	-0.0990126 	0.00441685 	
0.24	2.05406 	-0.0911266 	-1.56439 	0.00035716 	-0.0990258 	0.00441478 	
0.245	2.05427 	-0.0912058 	-1.56434 	0.000352502 	-0.0990384 	0.00441285 	
0.25	2.05447 	-0.0912789 	-1.56429 	0.000348169 	-0.0990504 	0.00441103 	
0.255	2.05466 	-0.0913462 	-1.56423 	0.000344137 	-0.0990619 	0.00440932 	
0.26	2.05485 	-0.0914083 	-1.56417 	0.000340384 	-0.099073 	0.0044077 	
0.265	2.05502 	-0.0914654 	-1.5641 	0.000336889 	-0.0990836 	0.00440618 	
0.27	2.05518 	-0.0915179 	-1.56404 	0.000333633 	-0.0990938 	0.00440473 	
0.275	2.05362 	-0.0901185 	-1.56648 	0.000399215 	-0.0991072 	0.00439427 	
0.28	2.0541 	-0.0902364 	-1.56658 	0.000392637 	-0.0991301 	0.00439197 	
0.285	2.0545 	-0.0903591 	-1.56658 	0.000385637 	-0.0991506 	0.00438928 	
0.29	2.05477 	-0.0904638 	-1.56652 	0.000379498 	-0.0991669 	0.00438672 	
0.295	2.05504 	-0.0905603 	-1.56645 	0.000373791 	-0.0991824 	0.00438431 	
0.3	2.05529 	-0.0906494 	-1.56638 	0.000368483 	-0.0991972 	0.00438205 	
0.305	2.05552 	-0.0907314 	-1.5663 	0.000363545 	-0.0992114 	0.00437992 	
0.31	2.05574 	-0.090807 	-1.56622 	0.00035895 	-0.099225 	0.00437792 	
0.315	2.05431 	-0.089504 	-1.56853 	0.000420085 	-0.0992413 	0.00436776 	
0.32	2.05483 	-0.0896378 	-1.56861 	0.000412528 	-0.0992664 	0.00436501 	
0.325	2.05525 	-0.089775 	-1.5686 	0.000404647 	-0.0992891 	0.00436191 	
0.33	2.05557 	-0.0898934 	-1.56852 	0.00039767 	-0.0993078 	0.00435896 	
0.335	2.05587 	-0.0900027 	-1.56844 	0.000391183 	-0.0993255 	0.00435619 	
0.34	2.05615 	-0.0901034 	-1.56836 	0.000385151 	-0.0993425 	0.00435359 	
0.345	2.05642 	-0.0901963 	-1.56827 	0.00037954 	-0.0993587 	0.00435114 	
0.35	2.05668 	-0.0902818 	-1.56818 	0.000374319 	-0.0993742 	0.00434884 	
0.355	2.05509 	-0.0888414 	-1.57075 	0.000442257 	-0.0993928 	0.00433793 	
0.36	2.05569 	-0.0889929 	-1.57084 	0.000433693 	-0.0994217 	0.0043348 	
0.365	2.05617 	-0.0891471 	-1.57083 	0.000424805 	-0.0994475 	0.00433127 	
0.37	2.05584 	-0.0884007 	-1.56978 	0.000348293 	-0.0993806 	0.00442459 	
0.375	2.05618 	-0.0885232 	-1.56968 	0.000340994 	-0.0994005 	0.00442143 	
0.38	2.0565 	-0.0886362 	-1.56958 	0.000334207 	-0.0994196 	0.00441846 	
0.385	2.0568 	-0.0887403 	-1.56948 	0.000327895 	-0.0994378 	0.00441567 	
0.39	2.05528 	-0.0873537 	-1.57199 	0.000393569 	-0.0994589 	0.00440505 	
0.395	2.05591 	-0.0875195 	-1.57207 	0.000384129 	-0.0994899 	0.00440151 	
0.4	2.05643 	-0.0876869 	-1.57205 	0.000374434 	-0.0995177 	0.00439759 	
0.405	2.05682 	-0.087832 	-1.57195 	0.000365826 	-0.0995407 	0.00439385 	
0.41	2.05719 	-0.0879659 	-1.57184 	0.000357825 	-0.0995626 	0.00439035 	
0.415	2.05754 	-0.0880893 	-1.57173 	0.000350387 	-0.0995834 	0.00438706 	
0.42	2.05618 	-0.0868269 	-1.57406 	0.000410263 	-0.0996067 	0.00437694 	
0.425	2.05682 	-0.0870035 	-1.57411 	0.000400128 	-0.0996388 	0.00437302 	
0.43	2.05736 	-0.0871803 	-1.57407 	0.000389831 	-0.099668 	0.00436878 	
0.435	2.05777 	-0.0873351 	-1.57396 	0.000380629 	-0.0996926 	0.00436475 	
0.44	2.05817 	-0.0874777 	-1.57384 	0.000372078 	-0.099716 	0.00436096 	
0.445	2.05854 	-0.0876093 	-1.57373 	0.000364128 	-0.0997383 	0.00435741 	
0.45	2.05712 	-0.0862873 	-1.57617 	0.000427172 	-0.0997632 	0.0043471 	
0.455	2.0578 	-0.0864753 	-1.57623 	0.000416359 	-0.0997976 	0.0043429 	
0.46	2.05838 	-0.0866632 	-1.57619 	0.000405393 	-0.0998288 	0.00433834 	
0.465	2.05882 	-0.0868274 	-1.57607 	0.0003956 	-0.0998549 	0.004334 	
0.47	2.05924 	-0.0869788 	-1.57595 	0.0003865 	-0.0998798 	0.00432993 	
0.475	2.05963 	-0.0871184 	-1.57582 	0.000378042 	-0.0999036 	0.00432611 	
0.48	2.05812 	-0.0857225 	-1.57842 	0.000445027 	-0.0999301 	0.00431562 	
0.485	2.05886 	-0.0859229 	-1.57849 	0.000433486 	-0.0999671 	0.00431111 	
0.49	2.05947 	-0.0861227 	-1.57845 	0.000421797 	-0.1 	0.0043062 	
0.495	2.05994 	-0.086297 	-1.57832 	0.000411372 	-0.100028 	0.00430153 	
0.5	2.06039 	-0.0864578 	-1.57819 	0.000401686 	-0.100054 	0.00429715 	
0.505	2.05911 	-0.0852484 	-1.58049 	0.000459729 	-0.100083 	0.00428731 	
0.51	2.05984 	-0.0854574 	-1.58052 	0.000447601 	-0.10012 	0.00428241 	
0.515	2.06045 	-0.0856644 	-1.58046 	0.000435438 	-0.100154 	0.00427721 	
0.52	2.06094 	-0.0858466 	-1.58033 	0.000424514 	-0.100183 	0.00427227 	
0.525	2.06141 	-0.0860147 	-1.58019 	0.000414365 	-0.100211 	0.00426764 	
0.53	2.06011 	-0.0847809 	-1.58256 	0.000473903 	-0.10024 	0.00425783 	
0.535	2.06086 	-0.0849986 	-1.58259 	0.000461244 	-0.100279 	0.00425268 	
0.54	2.0615 	-0.0852138 	-1.58252 	0.000448565 	-0.100315 	0.00424721 	
0.545	2.06202 	-0.0854033 	-1.58238 	0.000437179 	-0.100345 	0.00424201 	
0.55	2.0625 	-0.085578 	-1.58224 	0.000426602 	-0.100373 	0.00423713 	
0.555	2.06114 	-0.0843013 	-1.5847 	0.000488596 	-0.100404 	0.00422735 	
0.56	2.06194 	-0.0845282 	-1.58474 	0.000475377 	-0.100445 	0.00422194 	
0.565	2.06261 	-0.0847524 	-1.58467 	0.000462146 	-0.100482 	0.00421618 	
0.57	2.06314 	-0.0849495 	-1.58452 	0.000450272 	-0.100513 	0.0042107 	
0.575	2.06364 	-0.0851314 	-1.58437 	0.000439243 	-0.100543 	0.00420557 	
0.58	2.06223 	-0.0838124 	-1.58693 	0.00050371 	-0.100575 	0.00419585 	
0.585	2.06306 	-0.0840489 	-1.58698 	0.000489906 	-0.100618 	0.00419017 	
0.59	2.06376 	-0.0842824 	-1.58691 	0.000476098 	-0.100656 	0.0041841 	
0.595	2.06431 	-0.0844876 	-1.58675 	0.000463715 	-0.100689 	0.00417833 	
0.6	2.06483 	-0.0846767 	-1.58659 	0.000452214 	-0.10072 	0.00417292 	
0.605	2.06337 	-0.0833179 	-1.58925 	0.000519086 	-0.100753 	0.00416333 	
0.61	2.06424 	-0.0835643 	-1.5893 	0.00050468 	-0.100798 	0.00415736 	
0.615	2.06496 	-0.0838072 	-1.58923 	0.000490281 	-0.100838 	0.00415098 	
0.62	2.06554 	-0.0840206 	-1.58907 	0.000477376 	-0.100871 	0.0041449 	
0.625	2.06441 	-0.0829275 	-1.59128 	0.000531038 	-0.100907 	0.00413582 	
0.63	2.06524 	-0.0831801 	-1.59127 	0.00051616 	-0.10095 	0.00412943 	
0.635	2.06595 	-0.0834272 	-1.59118 	0.00050144 	-0.10099 	0.00412278 	
0.64	2.06654 	-0.0836467 	-1.59101 	0.000488143 	-0.101025 	0.00411647 	
0.645	2.06542 	-0.0825591 	-1.59324 	0.000541811 	-0.101061 	0.00410756 	
0.65	2.06627 	-0.0828173 	-1.59323 	0.000526563 	-0.101105 	0.00410095 	
0.655	2.067 	-0.0830698 	-1.59313 	0.000511491 	-0.101146 	0.00409408 	
0.66	2.0676 	-0.0832942 	-1.59296 	0.000497873 	-0.101181 	0.00408757 	
0.665	2.06646 	-0.0821877 	-1.59524 	0.000552815 	-0.101218 	0.00407882 	
0.67	2.06732 	-0.082452 	-1.59523 	0.000537181 	-0.101264 	0.00407201 	
0.675	2.06808 	-0.0827104 	-1.59513 	0.00052173 	-0.101306 	0.00406491 	
0.68	2.06869 	-0.0829398 	-1.59496 	0.000507774 	-0.101342 	0.00405818 	
0.685	2.06752 	-0.0818136 	-1.59729 	0.000564065 	-0.10138 	0.00404962 	
0.69	2.06841 	-0.0820843 	-1.59728 	0.000548024 	-0.101426 	0.00404259 	
0.695	2.06918 	-0.0823488 	-1.59718 	0.000532173 	-0.101469 	0.00403526 	
0.7	2.06981 	-0.0825836 	-1.597 	0.000517861 	-0.101506 	0.0040283 	
0.705	2.06861 	-0.081439 	-1.59939 	0.000575459 	-0.101545 	0.00401994 	
0.71	2.0696 	-0.0818189 	-1.5995 	0.000566969 	-0.101603 	0.00400117 	
0.715	2.07039 	-0.0820898 	-1.5994 	0.000550705 	-0.101646 	0.00399359 	
0.72	2.07103 	-0.0823301 	-1.59921 	0.000536024 	-0.101684 	0.0039864 	
0.725	2.0698 	-0.0811684 	-1.60165 	0.000594875 	-0.101724 	0.00397826 	
0.73	2.07074 	-0.0814525 	-1.60165 	0.000577981 	-0.101773 	0.00397076 	
0.735	2.07154 	-0.08173 	-1.60155 	0.000561295 	-0.101817 	0.00396293 	
0.74	2.0722 	-0.081976 	-1.60136 	0.000546238 	-0.101856 	0.00395549 	
0.745	2.07094 	-0.0807987 	-1.60385 	0.000606302 	-0.101896 	0.00394761 	
0.75	2.0719 	-0.0810896 	-1.60385 	0.000588971 	-0.101946 	0.00393986 	
0.755	2.07273 	-0.0813736 	-1.60374 	0.000571858 	-0.101992 	0.00393177 	
0.76	2.0734 	-0.0816254 	-1.60355 	0.000556419 	-0.102031 	0.00392407 	
0.765	2.07211 	-0.0804338 	-1.60609 	0.000617653 	-0.102072 	0.00391648 	
0.77	2.07309 	-0.0807316 	-1.60609 	0.000599883 	-0.102124 	0.00390849 	
0.775	2.07393 	-0.0810221 	-1.60599 	0.00058234 	-0.10217 	0.00390013 	
0.78	2.07462 	-0.0812797 	-1.60579 	0.000566518 	-0.10221 	0.00389218 	
0.785	2.07331 	-0.0800752 	-1.60837 	0.00062888 	-0.102252 	0.0038849 	
0.79	2.07431 	-0.0803797 	-1.60838 	0.00061067 	-0.102304 	0.00387666 	
0.795	2.07517 	-0.0806768 	-1.60827 	0.000592698 	-0.102352 	0.00386803 	
0.8	2.07586 	-0.08094 	-1.60806 	0.000576493 	-0.102393 	0.00385982 	
0.805	2.07453 	-0.0797239 	-1.61069 	0.00063994 	-0.102435 	0.00385288 	
0.81	2.07555 	-0.0800352 	-1.6107 	0.000621293 	-0.102488 	0.00384439 	
0.815	2.07642 	-0.0803387 	-1.61059 	0.000602893 	-0.102537 	0.00383548 	
0.82	2.07713 	-0.0806076 	-1.61038 	0.000586306 	-0.102578 	0.00382701 	
0.825	2.07577 	-0.0793812 	-1.61306 	0.000650798 	-0.102621 	0.00382044 	
0.83	2.07681 	-0.079699 	-1.61307 	0.000631716 	-0.102676 	0.0038117 	
0.835	2.0777 	-0.080009 	-1.61296 	0.000612892 	-0.102725 	0.00380252 	
0.84	2.07842 	-0.0802835 	-1.61274 	0.000595926 	-0.102767 	0.00379378 	
0.845	2.07704 	-0.0790479 	-1.61546 	0.000661421 	-0.102811 	0.00378761 	
0.85	2.0781 	-0.0793723 	-1.61547 	0.000641909 	-0.102866 	0.00377862 	
0.855	2.07901 	-0.0796885 	-1.61536 	0.000622665 	-0.102916 	0.00376917 	
0.86	2.07974 	-0.0799685 	-1.61514 	0.000605323 	-0.102959 	0.00376016 	
0.865	2.07833 	-0.0787251 	-1.6179 	0.00067178 	-0.103003 	0.00375442 	
0.87	2.07941 	-0.0790559 	-1.61791 	0.000651843 	-0.10306 	0.00374517 	
0.875	2.08033 	-0.0793782 	-1.61779 	0.000632184 	-0.10311 	0.00373544 	
0.88	2.08107 	-0.0796637 	-1.61757 	0.000614471 	-0.103154 	0.00372617 	
0.885	2.07964 	-0.0784136 	-1.62037 	0.00068185 	-0.103199 	0.00372089 	
0.89	2.08074 	-0.0787507 	-1.62039 	0.000661493 	-0.103256 	0.00371139 	
0.895	2.08167 	-0.079079 	-1.62027 	0.000641425 	-0.103307 	0.00370138 	
0.9	2.08242 	-0.0793698 	-1.62004 	0.000623345 	-0.103351 	0.00369184 	
0.905	2.08097 	-0.0781143 	-1.62287 	0.000691603 	-0.103397 	0.00368705 	
0.91	2.08209 	-0.0784575 	-1.62289 	0.000670834 	-0.103455 	0.00367729 	
0.915	2.08303 	-0.0787917 	-1.62277 	0.000650363 	-0.103507 	0.00366701 	
0.92	2.08209 	-0.0779009 	-1.62494 	0.000698635 	-0.103554 	0.0036609 	
0.925	2.08312 	-0.0782473 	-1.62487 	0.000677507 	-0.10361 	0.00365053 	
0.93	2.08403 	-0.0785821 	-1.62472 	0.00065691 	-0.103661 	0.00363997 	
0.935	2.0848 	-0.0788817 	-1.62448 	0.000638206 	-0.103706 	0.00362998 	
0.94	2.08337 	-0.0776539 	-1.62731 	0.000705967 	-0.103752 	0.00362599 	
0.945	2.0845 	-0.0780049 	-1.62733 	0.000684626 	-0.103811 	0.00361583 	
0.95	2.08546 	-0.0783465 	-1.6272 	0.000663611 	-0.103864 	0.00360513 	
0.955	2.0845 	-0.077456 	-1.62941 	0.000712696 	-0.103912 	0.00359968 	
0.96	2.08555 	-0.0778104 	-1.62934 	0.000690994 	-0.103969 	0.00358891 	
0.965	2.08648 	-0.0781528 	-1.62919 	0.000669839 	-0.10402 	0.00357793 	
0.97	2.08556 	-0.0772941 	-1.63134 	0.000717458 	-0.104069 	0.00357263 	
0.975	2.08662 	-0.0776507 	-1.63128 	0.000695575 	-0.104126 	0.00356169 	
0.98	2.08755 	-0.0779948 	-1.63112 	0.000674264 	-0.104178 	0.00355057 	
0.985	2.08662 	-0.0771386 	-1.63329 	0.000722118 	-0.104226 	0.00354559 	
0.99	2.08768 	-0.0774973 	-1.63322 	0.000700057 	-0.104283 	0.00353451 	
0.995	2.08862 	-0.0778436 	-1.63306 	0.000678572 	-0.104335 	0.00352324 	
1	2.08769 	-0.0769875 	-1.63525 	0.000726798 	-0.104384 	0.0035186 	
1.005	2.08876 	-0.0773487 	-1.63518 	0.000704546 	-0.104442 	0.00350739 	
1.01	2.0897 	-0.0776973 	-1.63502 	0.000682873 	-0.104494 	0.00349597 	
1.015	2.08876 	-0.0768418 	-1.63722 	0.000731453 	-0.104544 	0.00349167 	
1.02	2.08984 	-0.0772056 	-1.63716 	0.000708999 	-0.104601 	0.0034803 	
1.025	2.09106 	-0.0779135 	-1.63741 	0.000714626 	-0.10469 	0.00342779 	
1.03	2.09011 	-0.077059 	-1.63962 	0.000763506 	-0.104739 	0.0034238 	
1.035	2.0912 	-0.0774255 	-1.63956 	0.000740843 	-0.104797 	0.00341228 	
1.04	2.09215 	-0.0777793 	-1.6394 	0.000718767 	-0.10485 	0.00340054 	
1.045	2.09119 	-0.0769267 	-1.64163 	0.000767942 	-0.1049 	0.0033969 	
1.05	2.09229 	-0.077296 	-1.64157 	0.000745064 	-0.104958 	0.00338522 	
1.055	2.09325 	-0.0776526 	-1.64141 	0.000722778 	-0.105012 	0.00337331 	
1.06	2.09228 	-0.0768024 	-1.64365 	0.000772222 	-0.105062 	0.00337002 	
1.065	2.09338 	-0.0771745 	-1.64359 	0.000749127 	-0.10512 	0.00335817 	
1.07	2.09435 	-0.0775338 	-1.64343 	0.000726629 	-0.105174 	0.00334609 	
1.075	2.09338 	-0.0766866 	-1.64568 	0.000776317 	-0.105224 	0.00334316 	
1.08	2.09448 	-0.0770616 	-1.64562 	0.000753004 	-0.105283 	0.00333115 	
1.085	2.09545 	-0.0774236 	-1.64546 	0.000730294 	-0.105337 	0.0033189 	
1.09	2.09447 	-0.0765798 	-1.64772 	0.000780202 	-0.105387 	0.00331632 	
1.095	2.09558 	-0.0769577 	-1.64766 	0.00075667 	-0.105446 	0.00330415 	
1.1	2.09656 	-0.0773223 	-1.6475 	0.000733749 	-0.1055 	0.00329172 	
1.105	2.09558 	-0.0764826 	-1.64977 	0.000783855 	-0.105551 	0.00328951 	
1.11	2.09669 	-0.0768632 	-1.64971 	0.000760107 	-0.10561 	0.00327717 	
1.115	2.09767 	-0.0772305 	-1.64955 	0.000736976 	-0.105665 	0.00326457 	
1.12	2.09668 	-0.0763952 	-1.65183 	0.000787258 	-0.105715 	0.00326272 	
1.125	2.0978 	-0.0767785 	-1.65177 	0.000763297 	-0.105775 	0.00325022 	
1.13	2.09879 	-0.0771484 	-1.65161 	0.00073996 	-0.105829 	0.00323746 	
1.135	2.09779 	-0.076318 	-1.6539 	0.000790396 	-0.10588 	0.00323598 	
1.14	2.09891 	-0.076704 	-1.65384 	0.000766226 	-0.10594 	0.00322331 	
1.145	2.0999 	-0.0770764 	-1.65367 	0.000742685 	-0.105995 	0.00321038 	
1.15	2.0989 	-0.0762514 	-1.65597 	0.000793255 	-0.106046 	0.00320928 	
1.155	2.10003 	-0.0766398 	-1.65591 	0.000768881 	-0.106106 	0.00319645 	
1.16	2.10102 	-0.0770147 	-1.65574 	0.000745141 	-0.10616 	0.00318335 	
1.165	2.10001 	-0.0761954 	-1.65805 	0.000795825 	-0.106211 	0.00318263 	
1.17	2.10114 	-0.0765863 	-1.65799 	0.000771251 	-0.106272 	0.00316964 	
1.175	2.10214 	-0.0769635 	-1.65782 	0.000747317 	-0.106326 	0.00315638 	
1.18	2.10113 	-0.0761503 	-1.66013 	0.000798095 	-0.106378 	0.00315604 	
1.185	2.10226 	-0.0765436 	-1.66007 	0.000773326 	-0.106438 	0.0031429 	
1.19	2.10326 	-0.0769231 	-1.6599 	0.000749204 	-0.106493 	0.00312947 	
1.195	2.10225 	-0.0761164 	-1.66222 	0.000800056 	-0.106544 	0.00312952 	
1.2	2.10338 	-0.0765119 	-1.66216 	0.000775099 	-0.106604 	0.00311623 	
1.205	2.10438 	-0.0768935 	-1.66199 	0.000750795 	-0.10666 	0.00310265 	
1.21	2.10337 	-0.0760937 	-1.66431 	0.0008017 	-0.106711 	0.00310309 	
1.215	2.1045 	-0.0764914 	-1.66425 	0.000776561 	-0.106771 	0.00308964 	
1.22	2.1055 	-0.076875 	-1.66408 	0.000752081 	-0.106826 	0.0030759 	
1.225	2.10448 	-0.0760824 	-1.6664 	0.000803021 	-0.106878 	0.00307674 	
1.23	2.10562 	-0.0764821 	-1.66634 	0.000777707 	-0.106938 	0.00306314 	
1.235	2.10662 	-0.0768677 	-1.66617 	0.000753057 	-0.106994 	0.00304926 	
1.24	2.1056 	-0.0760827 	-1.6685 	0.000804013 	-0.107045 	0.00305049 	
1.245	2.10674 	-0.0764842 	-1.66843 	0.000778531 	-0.107105 	0.00303675 	
1.25	2.10775 	-0.0768716 	-1.66826 	0.000753717 	-0.107161 	0.00302272 	
1.255	2.10672 	-0.0760945 	-1.67059 	0.00080467 	-0.107212 	0.00302435 	
1.26	2.10786 	-0.0764978 	-1.67053 	0.000779027 	-0.107273 	0.00301047 	
1.265	2.10886 	-0.0768869 	-1.67036 	0.000754057 	-0.107328 	0.0029963 	
1.27	2.10784 	-0.0761179 	-1.67268 	0.000804988 	-0.107379 	0.00299833 	
1.275	2.10898 	-0.0765229 	-1.67262 	0.000779191 	-0.10744 	0.00298432 	
1.28	2.10998 	-0.0769136 	-1.67245 	0.000754073 	-0.107495 	0.00297001 	
1.285	2.10895 	-0.0761531 	-1.67478 	0.000804962 	-0.107546 	0.00297243 	
1.29	2.11009 	-0.0765596 	-1.67471 	0.000779019 	-0.107607 	0.00295829 	
1.295	2.1111 	-0.0769517 	-1.67454 	0.00075376 	-0.107662 	0.00294385 	
1.3	2.11007 	-0.0762 	-1.67687 	0.000804588 	-0.107713 	0.00294667 	
1.305	2.11121 	-0.0766079 	-1.6768 	0.000778508 	-0.107774 	0.00293241 	
1.31	2.11221 	-0.0770013 	-1.67663 	0.000753116 	-0.107829 	0.00291784 	
1.315	2.11143 	-0.0765832 	-1.67933 	0.000828594 	-0.107912 	0.00288302 	
1.32	2.11256 	-0.0769924 	-1.67927 	0.000802385 	-0.107973 	0.00286863 	
1.325	2.11357 	-0.077387 	-1.67909 	0.000776867 	-0.108028 	0.00285394 	
1.33	2.11253 	-0.0766535 	-1.68141 	0.000827493 	-0.108079 	0.00285754 	
1.335	2.11367 	-0.0770638 	-1.68135 	0.000801163 	-0.108139 	0.00284304 	
1.34	2.11467 	-0.0774594 	-1.68118 	0.000775528 	-0.108194 	0.00282823 	
1.345	2.11364 	-0.0767355 	-1.68349 	0.000826037 	-0.108245 	0.00283222 	
1.35	2.11477 	-0.0771467 	-1.68343 	0.000799595 	-0.108305 	0.00281761 	
1.355	2.11577 	-0.0775433 	-1.68325 	0.000773851 	-0.10836 	0.00280269 	
1.36	2.11474 	-0.0768292 	-1.68556 	0.000824225 	-0.108411 	0.00280708 	
1.365	2.11587 	-0.0772413 	-1.6855 	0.000797679 	-0.108471 	0.00279236 	
1.37	2.11687 	-0.0776386 	-1.68532 	0.000771835 	-0.108525 	0.00277733 	
1.375	2.11584 	-0.0769346 	-1.68763 	0.000822054 	-0.108576 	0.00278211 	
1.38	2.11697 	-0.0773473 	-1.68756 	0.000795414 	-0.108636 	0.00276729 	
1.385	2.11796 	-0.0777453 	-1.68739 	0.000769478 	-0.10869 	0.00275217 	
1.39	2.11693 	-0.0770515 	-1.68969 	0.000819525 	-0.108741 	0.00275734 	
1.395	2.11806 	-0.0774647 	-1.68962 	0.000792799 	-0.108801 	0.00274242 	
1.4	2.11905 	-0.0778633 	-1.68945 	0.000766782 	-0.108855 	0.0027272 	
1.405	2.11802 	-0.0771799 	-1.69174 	0.000816637 	-0.108905 	0.00273276 	
1.41	2.11914 	-0.0775935 	-1.69167 	0.000789835 	-0.108965 	0.00271775 	
1.415	2.12013 	-0.0779924 	-1.6915 	0.000763744 	-0.109019 	0.00270245 	
1.42	2.11911 	-0.0773197 	-1.69378 	0.000813389 	-0.109069 	0.00270838 	
1.425	2.12022 	-0.0777335 	-1.69371 	0.000786521 	-0.109128 	0.0026933 	
1.43	2.12121 	-0.0781327 	-1.69354 	0.000760366 	-0.109182 	0.00267791 	
1.435	2.12019 	-0.0774707 	-1.69581 	0.000809783 	-0.109232 	0.00268422 	
1.44	2.1213 	-0.0778847 	-1.69574 	0.000782858 	-0.109291 	0.00266905 	
1.445	2.12228 	-0.0782839 	-1.69557 	0.000756649 	-0.109344 	0.00265359 	
1.45	2.12126 	-0.0776329 	-1.69783 	0.000805819 	-0.109394 	0.00266027 	
1.455	2.12237 	-0.0780468 	-1.69776 	0.000778848 	-0.109453 	0.00264504 	
1.46	2.12334 	-0.078446 	-1.69759 	0.000752593 	-0.109506 	0.0026295 	
1.465	2.12233 	-0.0778061 	-1.69984 	0.000801498 	-0.109555 	0.00263655 	
1.47	2.12343 	-0.0782198 	-1.69977 	0.000774491 	-0.109614 	0.00262125 	
1.475	2.1244 	-0.0786188 	-1.6996 	0.000748201 	-0.109667 	0.00260565 	
1.48	2.12339 	-0.0779902 	-1.70184 	0.000796823 	-0.109716 	0.00261306 	
1.485	2.12448 	-0.0784035 	-1.70177 	0.000769789 	-0.109774 	0.0025977 	
1.49	2.12545 	-0.0788021 	-1.7016 	0.000743473 	-0.109827 	0.00258205 	
1.495	2.12444 	-0.0781849 	-1.70383 	0.000791795 	-0.109876 	0.0025898 	
1.5	2.12553 	-0.0785977 	-1.70376 	0.000764745 	-0.109933 	0.00257439 	
1.505	2.12649 	-0.0789958 	-1.70358 	0.000738414 	-0.109986 	0.0025587 	
1.51	2.12549 	-0.0783901 	-1.7058 	0.000786417 	-0.110035 	0.00256679 	
1.515	2.12657 	-0.0788023 	-1.70573 	0.000759361 	-0.110092 	0.00255133 	
1.52	2.12753 	-0.0791997 	-1.70555 	0.000733026 	-0.110144 	0.0025356 	
1.525	2.12653 	-0.0786056 	-1.70776 	0.000780692 	-0.110192 	0.00254402 	
1.53	2.1276 	-0.0790169 	-1.70768 	0.000753641 	-0.110249 	0.00252853 	
1.535	2.12855 	-0.0794135 	-1.70751 	0.000727311 	-0.110301 	0.00251276 	
1.54	2.12756 	-0.0788312 	-1.7097 	0.000774623 	-0.110349 	0.00252151 	
1.545	2.12862 	-0.0792415 	-1.70962 	0.000747588 	-0.110405 	0.00250599 	
1.55	2.12957 	-0.0796371 	-1.70945 	0.000721273 	-0.110457 	0.00249019 	
1.555	2.12858 	-0.0790666 	-1.71162 	0.000768214 	-0.110504 	0.00249925 	
1.56	2.12964 	-0.0794758 	-1.71155 	0.000741205 	-0.110561 	0.0024837 	
1.565	2.13058 	-0.0798703 	-1.71138 	0.000714917 	-0.110612 	0.00246789 	
1.57	2.12959 	-0.0793116 	-1.71353 	0.000761469 	-0.110659 	0.00247725 	
1.575	2.13065 	-0.0797195 	-1.71346 	0.000734498 	-0.110714 	0.00246169 	
1.58	2.13158 	-0.0801127 	-1.71329 	0.000708247 	-0.110765 	0.00244587 	
1.585	2.1306 	-0.079566 	-1.71543 	0.000754393 	-0.110812 	0.00245552 	
1.59	2.13164 	-0.0799724 	-1.71535 	0.000727471 	-0.110867 	0.00243995 	
1.595	2.13257 	-0.0803642 	-1.71518 	0.000701268 	-0.110917 	0.00242412 	
1.6	2.1316 	-0.0798295 	-1.7173 	0.00074699 	-0.110964 	0.00243406 	
1.605	2.13263 	-0.0802342 	-1.71722 	0.000720128 	-0.111018 	0.00241848 	
1.61	2.13355 	-0.0806244 	-1.71705 	0.000693984 	-0.111068 	0.00240266 	
1.615	2.13433 	-0.0809735 	-1.7168 	0.00067027 	-0.111112 	0.00238777 	
1.62	2.13282 	-0.080164 	-1.71961 	0.00073789 	-0.111157 	0.00240666 	
1.625	2.13393 	-0.0805676 	-1.71962 	0.000711218 	-0.111215 	0.0023918 	
1.63	2.13487 	-0.0809605 	-1.71949 	0.000684924 	-0.111265 	0.00237609 	
1.635	2.13327 	-0.0796341 	-1.72068 	0.000672069 	-0.111232 	0.00248201 	
1.64	2.13429 	-0.0800379 	-1.72061 	0.000645181 	-0.111285 	0.00246636 	
1.645	2.13519 	-0.0804275 	-1.72044 	0.000618988 	-0.111334 	0.00245044 	
1.65	2.13596 	-0.0807758 	-1.72019 	0.000595239 	-0.111377 	0.00243546 	
1.655	2.13447 	-0.0800046 	-1.72294 	0.000661472 	-0.111421 	0.00245506 	
1.66	2.13556 	-0.080406 	-1.72294 	0.00063484 	-0.111478 	0.00244011 	
1.665	2.13648 	-0.0807968 	-1.72281 	0.000608591 	-0.111527 	0.00242434 	
1.67	2.13724 	-0.0811428 	-1.72256 	0.000584942 	-0.11157 	0.00240936 	
1.675	2.13572 	-0.0803708 	-1.72533 	0.000652122 	-0.111613 	0.00243003 	
1.68	2.1368 	-0.0807716 	-1.72533 	0.000625484 	-0.111669 	0.00241506 	
1.685	2.13772 	-0.0811621 	-1.7252 	0.000599208 	-0.111718 	0.00239924 	
1.69	2.13847 	-0.0815077 	-1.72495 	0.000575544 	-0.11176 	0.00238421 	
1.695	2.13696 	-0.0807579 	-1.72768 	0.000641796 	-0.111803 	0.00240518 	
1.7	2.13802 	-0.0811574 	-1.72769 	0.000615194 	-0.111858 	0.00239017 	
1.705	2.13893 	-0.0815465 	-1.72755 	0.000588957 	-0.111907 	0.00237432 	
1.71	2.13967 	-0.081891 	-1.7273 	0.000565323 	-0.111948 	0.00235928 	
1.715	2.13819 	-0.0811653 	-1.72999 	0.000630452 	-0.11199 	0.00238046 	
1.72	2.13923 	-0.0815625 	-1.72999 	0.000603943 	-0.112044 	0.00236543 	
1.725	2.14012 	-0.0819493 	-1.72986 	0.000577802 	-0.112092 	0.00234959 	
1.73	2.14085 	-0.082292 	-1.72961 	0.000554249 	-0.112133 	0.00233458 	
1.735	2.1394 	-0.0815902 	-1.73225 	0.000618224 	-0.112175 	0.00235595 	
1.74	2.14042 	-0.0819843 	-1.73225 	0.000591858 	-0.112228 	0.00234094 	
1.745	2.1413 	-0.0823682 	-1.73211 	0.000565862 	-0.112275 	0.00232515 	
1.75	2.14202 	-0.0827083 	-1.73187 	0.000542435 	-0.112315 	0.00231019 	
1.755	2.14058 	-0.08203 	-1.73447 	0.000605232 	-0.112356 	0.00233172 	
1.76	2.14159 	-0.0824205 	-1.73446 	0.000579053 	-0.112408 	0.00231676 	
1.765	2.14245 	-0.0828009 	-1.73432 	0.000553244 	-0.112455 	0.00230105 	
1.77	2.14316 	-0.083138 	-1.73408 	0.00052998 	-0.112494 	0.00228617 	
1.775	2.14175 	-0.0824829 	-1.73663 	0.000591575 	-0.112534 	0.00230783 	
1.78	2.14274 	-0.0828692 	-1.73662 	0.000565621 	-0.112585 	0.00229295 	
1.785	2.14359 	-0.0832455 	-1.73648 	0.000540035 	-0.112631 	0.00227734 	
1.79	2.14429 	-0.0835791 	-1.73625 	0.000516968 	-0.11267 	0.00226257 	
1.795	2.1429 	-0.0829469 	-1.73875 	0.000577331 	-0.112709 	0.00228433 	
1.8	2.14387 	-0.0833285 	-1.73873 	0.000551636 	-0.11276 	0.00226954 	
1.805	2.1447 	-0.0837003 	-1.7386 	0.000526305 	-0.112804 	0.00225406 	
1.81	2.14539 	-0.0840301 	-1.73837 	0.000503464 	-0.112842 	0.00223942 	
1.815	2.14403 	-0.0834205 	-1.74081 	0.000562565 	-0.112881 	0.00226124 	
1.82	2.14498 	-0.083797 	-1.74079 	0.000537159 	-0.11293 	0.00224657 	
1.825	2.14579 	-0.0841639 	-1.74066 	0.000512114 	-0.112974 	0.00223124 	
1.83	2.14647 	-0.0844894 	-1.74043 	0.000489527 	-0.113011 	0.00221675 	
1.835	2.14514 	-0.0839023 	-1.74283 	0.00054733 	-0.11305 	0.00223858 	
1.84	2.14606 	-0.0842733 	-1.74281 	0.000522242 	-0.113098 	0.00222405 	
1.845	2.14687 	-0.0846348 	-1.74268 	0.000497511 	-0.11314 	0.00220889 	
1.85	2.14753 	-0.0849558 	-1.74245 	0.000475202 	-0.113177 	0.00219457 	
1.855	2.14623 	-0.0843909 	-1.74479 	0.000531675 	-0.113214 	0.00221638 	
1.86	2.14713 	-0.084756 	-1.74477 	0.000506932 	-0.113261 	0.00220201 	
1.865	2.14791 	-0.0851119 	-1.74464 	0.00048254 	-0.113303 	0.00218702 	
1.87	2.14856 	-0.085428 	-1.74442 	0.000460534 	-0.113339 	0.00217289 	
1.875	2.1473 	-0.0848851 	-1.74671 	0.000515641 	-0.113376 	0.00219463 	
1.88	2.14818 	-0.085244 	-1.74668 	0.000491268 	-0.113421 	0.00218043 	
1.885	2.14894 	-0.085594 	-1.74655 	0.000467241 	-0.113462 	0.00216565 	
1.89	2.14958 	-0.0859048 	-1.74634 	0.00044556 	-0.113498 	0.00215172 	
1.895	2.14834 	-0.0853837 	-1.74857 	0.000499267 	-0.113533 	0.00217335 	
1.9	2.1492 	-0.0857361 	-1.74854 	0.000475288 	-0.113578 	0.00215934 	
1.905	2.14995 	-0.0860798 	-1.74841 	0.00045165 	-0.113618 	0.00214478 	
1.91	2.15093 	-0.0868678 	-1.74879 	0.000466089 	-0.113701 	0.00207303 	
1.915	2.14972 	-0.0863682 	-1.75095 	0.000518327 	-0.113735 	0.00209447 	
1.92	2.15056 	-0.0867138 	-1.75092 	0.000494767 	-0.113779 	0.00208067 	
1.925	2.15129 	-0.0870509 	-1.7508 	0.000471541 	-0.113818 	0.00206634 	
1.93	2.1519 	-0.0873505 	-1.7506 	0.000450574 	-0.113851 	0.00205287 	
1.935	2.15247 	-0.0876251 	-1.75039 	0.000431241 	-0.113883 	0.00204036 	
1.94	2.15089 	-0.0869592 	-1.75302 	0.000498936 	-0.113916 	0.00207005 	
1.945	2.15175 	-0.0872976 	-1.75305 	0.000475968 	-0.113961 	0.00205706 	
1.95	2.15249 	-0.0876306 	-1.75295 	0.000453045 	-0.114 	0.00204309 	
1.955	2.15308 	-0.087924 	-1.75275 	0.000432475 	-0.114032 	0.00202984 	
1.96	2.15364 	-0.088193 	-1.75255 	0.000413508 	-0.114063 	0.00201755 	
1.965	2.15207 	-0.0875453 	-1.75513 	0.000480295 	-0.114095 	0.00204747 	
1.97	2.15291 	-0.0878774 	-1.75516 	0.000457716 	-0.114138 	0.00203466 	
1.975	2.15363 	-0.0882046 	-1.75507 	0.000435165 	-0.114176 	0.0020209 	
1.98	2.1542 	-0.0884928 	-1.75487 	0.000414929 	-0.114208 	0.00200785 	
1.985	2.15474 	-0.088757 	-1.75468 	0.000396269 	-0.114238 	0.00199575 	
1.99	2.15324 	-0.0881448 	-1.75716 	0.000460489 	-0.114269 	0.00202503 	
1.995	2.15404 	-0.0884692 	-1.75718 	0.000438381 	-0.11431 	0.00201241 	
2	2.15473 	-0.0887888 	-1.75709 	0.000416306 	-0.114347 	0.0019989 	
2.005	2.15529 	-0.0890708 	-1.7569 	0.000396485 	-0.114378 	0.00198612 	
2.01	2.15582 	-0.0893292 	-1.75671 	0.000378209 	-0.114407 	0.00197426 	
2.015	2.15437 	-0.0887529 	-1.75909 	0.000439681 	-0.114437 	0.00200277 	
2.02	2.15514 	-0.0890684 	-1.75911 	0.00041813 	-0.114476 	0.00199039 	
2.025	2.15581 	-0.0893793 	-1.75902 	0.000396617 	-0.114512 	0.00197719 	
2.03	2.15635 	-0.0896539 	-1.75884 	0.000377289 	-0.114541 	0.00196473 	
2.035	2.15685 	-0.0899056 	-1.75866 	0.000359467 	-0.114569 	0.00195317 	
2.04	2.15547 	-0.0893644 	-1.76093 	0.000418149 	-0.114598 	0.00198083 	
2.045	2.15621 	-0.0896699 	-1.76094 	0.000397225 	-0.114636 	0.00196875 	
2.05	2.15685 	-0.0899712 	-1.76085 	0.000376342 	-0.11467 	0.00195591 	
2.055	2.15737 	-0.0902376 	-1.76068 	0.00035757 	-0.114698 	0.00194381 	
2.06	2.15786 	-0.0904817 	-1.7605 	0.000340261 	-0.114725 	0.00193258 	
2.065	2.15655 	-0.0899748 	-1.76267 	0.000396114 	-0.114753 	0.00195933 	
2.07	2.15725 	-0.0902696 	-1.76268 	0.000375876 	-0.114789 	0.00194757 	
2.075	2.15786 	-0.0905605 	-1.76259 	0.000355681 	-0.114822 	0.00193513 	
2.08	2.15836 	-0.0908179 	-1.76243 	0.000337517 	-0.114849 	0.00192343 	
2.085	2.15883 	-0.0910539 	-1.76226 	0.000320767 	-0.114875 	0.00191258 	
2.09	2.15927 	-0.0912701 	-1.76209 	0.00030533 	-0.114899 	0.0019025 	
2.095	2.15771 	-0.0906598 	-1.76454 	0.000371358 	-0.114925 	0.00193528 	
2.1	2.15842 	-0.0909428 	-1.76459 	0.000352003 	-0.114961 	0.00192436 	
2.105	2.15902 	-0.0912245 	-1.76452 	0.000332463 	-0.114993 	0.00191245 	
2.11	2.15949 	-0.091472 	-1.76436 	0.000314976 	-0.115019 	0.00190118 	
2.115	2.15994 	-0.091699 	-1.76421 	0.00029885 	-0.115044 	0.00189072 	
2.12	2.16036 	-0.091907 	-1.76405 	0.000283986 	-0.115067 	0.00188102 	
2.125	2.15887 	-0.0913342 	-1.76638 	0.000346888 	-0.115091 	0.00191274 	
2.13	2.15954 	-0.0916054 	-1.76642 	0.0003283 	-0.115125 	0.00190218 	
2.135	2.16011 	-0.0918757 	-1.76635 	0.000309525 	-0.115155 	0.00189071 	
2.14	2.16056 	-0.0921135 	-1.76621 	0.000292713 	-0.11518 	0.00187988 	
2.145	2.16099 	-0.0923316 	-1.76606 	0.000277209 	-0.115203 	0.00186983 	
2.15	2.16139 	-0.0925315 	-1.76591 	0.000262917 	-0.115225 	0.00186051 	
2.155	2.16 	-0.0920084 	-1.76808 	0.000321334 	-0.115248 	0.00189037 	
2.16	2.16062 	-0.0922661 	-1.76811 	0.000303624 	-0.11528 	0.00188022 	
2.165	2.16115 	-0.0925231 	-1.76805 	0.000285744 	-0.115308 	0.00186926 	
2.17	2.16158 	-0.0927496 	-1.76791 	0.000269716 	-0.115331 	0.00185895 	
2.175	2.16198 	-0.0929574 	-1.76777 	0.000254933 	-0.115354 	0.00184938 	
2.18	2.16236 	-0.0931479 	-1.76763 	0.000241305 	-0.115374 	0.00184051 	
2.185	2.16272 	-0.0933225 	-1.76749 	0.000228745 	-0.115394 	0.00183228 	
2.19	2.16119 	-0.0927431 	-1.76981 	0.000292862 	-0.115415 	0.00186587 	
2.195	2.16179 	-0.0929852 	-1.76986 	0.000276268 	-0.115445 	0.00185656 	
2.2	2.1623 	-0.0932288 	-1.76981 	0.000259337 	-0.115472 	0.00184626 	
2.205	2.1627 	-0.0934424 	-1.76969 	0.000244218 	-0.115494 	0.00183655 	
2.21	2.16308 	-0.0936384 	-1.76956 	0.000230272 	-0.115514 	0.00182753 	
2.215	2.16343 	-0.0938182 	-1.76943 	0.000217413 	-0.115534 	0.00181917 	
2.22	2.16376 	-0.0939829 	-1.7693 	0.000205561 	-0.115552 	0.00181141 	
2.225	2.16407 	-0.0941337 	-1.76917 	0.00019464 	-0.115569 	0.00180422 	
2.23	2.16246 	-0.0935205 	-1.77156 	0.000262323 	-0.115588 	0.00184043 	
2.235	2.16303 	-0.0937457 	-1.77163 	0.00024693 	-0.115617 	0.00183196 	
2.24	2.1635 	-0.0939744 	-1.7716 	0.00023106 	-0.115642 	0.00182238 	
2.245	2.16415 	-0.09456 	-1.77196 	0.000245226 	-0.1157 	0.00176663 	
2.25	2.1645 	-0.0947433 	-1.77185 	0.000232196 	-0.115719 	0.00175822 	
2.255	2.16482 	-0.0949114 	-1.77173 	0.000220178 	-0.115737 	0.00175042 	
2.26	2.16513 	-0.0950657 	-1.77162 	0.000209098 	-0.115753 	0.00174318 	
2.265	2.16541 	-0.095207 	-1.7715 	0.000198885 	-0.115769 	0.00173647 	
2.27	2.16568 	-0.0953363 	-1.77139 	0.000189475 	-0.115784 	0.00173025 	
2.275	2.16407 	-0.0947272 	-1.77373 	0.000256863 	-0.115801 	0.00176695 	
2.28	2.16459 	-0.0949322 	-1.77381 	0.000242869 	-0.115827 	0.00175932 	
2.285	2.16502 	-0.0951422 	-1.77379 	0.000228312 	-0.115849 	0.00175057 	
2.29	2.16535 	-0.0953252 	-1.77369 	0.000215383 	-0.115867 	0.00174229 	
2.295	2.16567 	-0.0954933 	-1.7736 	0.000203452 	-0.115884 	0.00173462 	
2.3	2.16596 	-0.0956476 	-1.7735 	0.000192443 	-0.1159 	0.0017275 	
2.305	2.16623 	-0.0957893 	-1.7734 	0.000182289 	-0.115915 	0.00172089 	
2.31	2.16649 	-0.0959193 	-1.7733 	0.000172925 	-0.115929 	0.00171477 	
2.315	2.16673 	-0.0960384 	-1.77321 	0.000164293 	-0.115942 	0.00170909 	
2.32	2.16695 	-0.0961476 	-1.77311 	0.000156338 	-0.115954 	0.00170383 	
2.325	2.16716 	-0.0962475 	-1.77301 	0.000149009 	-0.115966 	0.00169894 	
2.33	2.16552 	-0.0956252 	-1.77535 	0.000217636 	-0.11598 	0.00173702 	
2.335	2.16598 	-0.0958046 	-1.77544 	0.000205444 	-0.116003 	0.00173053 	
2.34	2.16636 	-0.0959912 	-1.77544 	0.000192551 	-0.116022 	0.00172285 	
2.345	2.16665 	-0.096153 	-1.77536 	0.000181151 	-0.116038 	0.00171559 	
2.35	2.16692 	-0.0963019 	-1.77529 	0.000170623 	-0.116052 	0.00170885 	
2.355	2.16717 	-0.0964388 	-1.77521 	0.000160904 	-0.116066 	0.0017026 	
2.36	2.1674 	-0.0965646 	-1.77513 	0.000151933 	-0.116079 	0.00169681 	
2.365	2.16762 	-0.0966802 	-1.77506 	0.000143654 	-0.116091 	0.00169144 	
2.37	2.16783 	-0.0967864 	-1.77498 	0.000136015 	-0.116102 	0.00168646 	
2.375	2.16802 	-0.0968838 	-1.77491 	0.000128969 	-0.116112 	0.00168184 	
2.38	2.1682 	-0.0969732 	-1.77483 	0.00012247 	-0.116122 	0.00167756 	
2.385	2.16837 	-0.0970552 	-1.77476 	0.000116478 	-0.116132 	0.00167358 	
2.39	2.16853 	-0.0971304 	-1.77468 	0.000110955 	-0.116141 	0.0016699 	
2.395	2.16868 	-0.0971992 	-1.77461 	0.000105864 	-0.116149 	0.00166648 	
2.4	2.16882 	-0.0972622 	-1.77454 	0.000101174 	-0.116157 	0.00166331 	
2.405	2.16895 	-0.0973199 	-1.77447 	9.68533e-05 	-0.116164 	0.00166038 	
2.41	2.16725 	-0.0966737 	-1.7768 	0.000167428 	-0.116173 	0.00170032 	
2.415	2.16763 	-0.0968167 	-1.77692 	0.000157833 	-0.116192 	0.00169548 	
2.42	2.16794 	-0.09697 	-1.77694 	0.00014734 	-0.116208 	0.00168937 	
2.425	2.16816 	-0.0971018 	-1.7769 	0.00013814 	-0.11622 	0.00168357 	
2.43	2.16837 	-0.0972234 	-1.77685 	0.000129632 	-0.116231 	0.0016782 	
2.435	2.16856 	-0.0973355 	-1.77681 	0.000121767 	-0.116241 	0.00167322 	
2.44	2.16874 	-0.0974389 	-1.77677 	0.000114495 	-0.116251 	0.0016686 	
2.445	2.16891 	-0.0975342 	-1.77672 	0.000107772 	-0.11626 	0.00166432 	
2.45	2.16907 	-0.0976221 	-1.77668 	0.000101558 	-0.116268 	0.00166035 	
2.455	2.16921 	-0.0977032 	-1.77664 	9.58127e-05 	-0.116276 	0.00165667 	
2.46	2.16935 	-0.097778 	-1.7766 	9.05018e-05 	-0.116283 	0.00165326 	
2.465	2.16947 	-0.0978469 	-1.77656 	8.55921e-05 	-0.11629 	0.00165009 	
2.47	2.16959 	-0.0979105 	-1.77652 	8.1053e-05 	-0.116296 	0.00164716 	
2.475	2.1697 	-0.0979691 	-1.77648 	7.68562e-05 	-0.116302 	0.00164444 	
2.48	2.16981 	-0.0980232 	-1.77645 	7.29755e-05 	-0.116308 	0.00164192 	
2.485	2.1699 	-0.0980731 	-1.77641 	6.93865e-05 	-0.116313 	0.00163959 	
2.49	2.16999 	-0.0981192 	-1.77638 	6.60667e-05 	-0.116318 	0.00163742 	
2.495	2.17007 	-0.0981617 	-1.77635 	6.29952e-05 	-0.116323 	0.00163541 	
2.5	2.17015 	-0.0982011 	-1.77632 	6.01527e-05 	-0.116327 	0.00163355 	
2.505	2.17022 	-0.0982374 	-1.77629 	5.75207e-05 	-0.116331 	0.00163183 	
2.51	2.17029 	-0.0982711 	-1.77626 	5.50821e-05 	-0.116334 	0.00163023 	
2.515	2.17035 	-0.0983027 	-1.77624 	5.28021e-05 	-0.116338 	0.00162874 	
2.52	2.17041 	-0.0983333 	-1.77622 	5.06107e-05 	-0.116341 	0.00162733 	
2.525	2.17046 	-0.0983625 	-1.7762 	4.85312e-05 	-0.116344 	0.00162599 	
2.53	2.17051 	-0.0983899 	-1.77618 	4.65835e-05 	-0.116347 	0.00162475 	
2.535	2.17056 	-0.0984159 	-1.77616 	4.47437e-05 	-0.116349 	0.00162358 	
2.54	2.1706 	-0.0984407 	-1.77615 	4.29937e-05 	-0.116352 	0.00162247 	
2.545	2.17065 	-0.0984646 	-1.77613 	4.13173e-05 	-0.116354 	0.00162142 	
2.55	2.17069 	-0.0984877 	-1.77612 	3.96993e-05 	-0.116356 	0.00162041 	
2.555	2.17073 	-0.0985104 	-1.77611 	3.81257e-05 	-0.116359 	0.00161944 	
2.56	2.17078 	-0.0985328 	-1.7761 	3.65835e-05 	-0.116361 	0.0016185 	
2.565	2.17082 	-0.0985551 	-1.77608 	3.50607e-05 	-0.116363 	0.00161758 	
2.57	2.17086 	-0.0985775 	-1.77607 	3.35461e-05 	-0.116365 	0.00161668 	
2.575	2.17091 	-0.0986 	-1.77606 	3.20295e-05 	-0.116367 	0.00161579 	
2.58	2.171 	-0.0986931 	-1.77614 	3.56311e-05 	-0.116376 	0.0016064 	
2.585	2.17105 	-0.0987166 	-1.77613 	3.4079e-05 	-0.116379 	0.00160551 	
2.59	2.1711 	-0.0987409 	-1.77612 	3.2483e-05 	-0.116381 	0.00160461 	
2.595	2.17115 	-0.0987661 	-1.77612 	3.08387e-05 	-0.116383 	0.0016037 	
2.6	2.1712 	-0.0987921 	-1.77611 	2.91576e-05 	-0.116386 	0.00160277 	
2.605	2.17125 	-0.0988191 	-1.7761 	2.74219e-05 	-0.116388 	0.00160183 	
2.61	2.17131 	-0.0988471 	-1.7761 	2.56269e-05 	-0.116391 	0.00160086 	
2.615	2.17137 	-0.0988762 	-1.77609 	2.37736e-05 	-0.116393 	0.00159987 	
2.62	2.17143 	-0.0989065 	-1.77609 	2.1855e-05 	-0.116396 	0.00159885 	
2.625	2.1715 	-0.0989379 	-1.77608 	1.98662e-05 	-0.116399 	0.0015978 	
2.63	2.17156 	-0.0989707 	-1.77608 	1.78029e-05 	-0.116402 	0.00159673 	
2.635	2.17163 	-0.0990049 	-1.77607 	1.56607e-05 	-0.116405 	0.00159561 	
2.64	2.17171 	-0.0990404 	-1.77607 	1.3436e-05 	-0.116408 	0.00159447 	
2.645	2.17179 	-0.0990774 	-1.77606 	1.11252e-05 	-0.116411 	0.00159328 	
2.65	2.17187 	-0.099116 	-1.77606 	8.72506e-06 	-0.116415 	0.00159205 	
2.655	2.17195 	-0.0991561 	-1.77605 	6.23254e-06 	-0.116418 	0.00159078 	
2.66	2.17204 	-0.0991978 	-1.77605 	3.64491e-06 	-0.116422 	0.00158947 	
2.665	2.17213 	-0.0992411 	-1.77605 	9.59609e-07 	-0.116426 	0.00158811 	
2.67	2.17222 	-0.0992862 	-1.77604 	-1.82569e-06 	-0.11643 	0.0015867 	
2.675	2.17232 	-0.0993329 	-1.77604 	-4.71315e-06 	-0.116434 	0.00158525 	
2.68	2.17242 	-0.0993814 	-1.77603 	-7.70475e-06 	-0.116438 	0.00158375 	
2.685	2.17253 	-0.0994316 	-1.77603 	-1.08023e-05 	-0.116442 	0.0015822 	
2.69	2.17263 	-0.0994836 	-1.77603 	-1.40075e-05 	-0.116447 	0.00158059 	
2.695	2.17275 	-0.0995375 	-1.77602 	-1.73217e-05 	-0.116452 	0.00157894 	
2.7	2.17286 	-0.0995932 	-1.77602 	-2.07466e-05 	-0.116457 	0.00157723 	
2.705	2.17299 	-0.0996507 	-1.77602 	-2.42832e-05 	-0.116462 	0.00157547 	
2.71	2.17311 	-0.0997101 	-1.77601 	-2.79327e-05 	-0.116467 	0.00157366 	
2.715	2.17324 	-0.0997714 	-1.77601 	-3.16963e-05 	-0.116472 	0.00157179 	
2.72	2.17468 	-0.0973821 	-1.77455 	9.35722e-05 	-0.116478 	0.00156763 	
2.725	2.17479 	-0.0975969 	-1.77457 	8.07082e-05 	-0.116485 	0.00156127 	
2.73	2.17484 	-0.0978447 	-1.77456 	6.59162e-05 	-0.116488 	0.00155426 	
2.735	2.17489 	-0.0980682 	-1.77455 	5.25899e-05 	-0.116492 	0.00154807 	
2.74	2.17495 	-0.0982824 	-1.77453 	3.98117e-05 	-0.116495 	0.00154211 	
2.745	2.17502 	-0.098488 	-1.77452 	2.75323e-05 	-0.116499 	0.00153638 	
2.75	2.1751 	-0.0986859 	-1.7745 	1.57062e-05 	-0.116503 	0.00153085 	
2.755	2.17519 	-0.0988767 	-1.77449 	4.291e-06 	-0.116508 	0.0015255 	
2.76	2.17529 	-0.0990612 	-1.77448 	-6.75246e-06 	-0.116512 	0.00152031 	
2.765	2.17539 	-0.0992399 	-1.77447 	-1.74604e-05 	-0.116518 	0.00151527 	
2.77	2.17551 	-0.0994134 	-1.77445 	-2.78665e-05 	-0.116523 	0.00151036 	
2.775	2.17564 	-0.0995822 	-1.77444 	-3.80018e-05 	-0.116529 	0.00150556 	
2.78	2.17577 	-0.0997469 	-1.77443 	-4.78951e-05 	-0.116535 	0.00150087 	
2.785	2.17591 	-0.0999078 	-1.77442 	-5.75731e-05 	-0.116541 	0.00149628 	
2.79	2.17606 	-0.100065 	-1.77442 	-6.70605e-05 	-0.116548 	0.00149176 	
2.795	2.17821 	-0.0982372 	-1.77209 	1.23823e-05 	-0.116555 	0.0014673 	
2.8	2.17835 	-0.0984987 	-1.77213 	-2.67471e-06 	-0.116561 	0.00146043 	
2.805	2.17839 	-0.0987737 	-1.77211 	-1.86854e-05 	-0.116564 	0.00145325 	
2.81	2.17841 	-0.0990257 	-1.77207 	-3.34928e-05 	-0.116566 	0.0014466 	
2.815	2.17846 	-0.0992685 	-1.77203 	-4.77779e-05 	-0.116569 	0.00144016 	
2.82	2.17851 	-0.0995028 	-1.772 	-6.15879e-05 	-0.116572 	0.0014339 	
2.825	2.17859 	-0.0997295 	-1.77197 	-7.49661e-05 	-0.116576 	0.00142782 	
2.83	2.17868 	-0.0999492 	-1.77194 	-8.79529e-05 	-0.11658 	0.00142189 	
2.835	2.17878 	-0.100163 	-1.77191 	-0.000100585 	-0.116585 	0.0014161 	
2.84	2.1789 	-0.10037 	-1.77188 	-0.000112898 	-0.116591 	0.00141044 	
2.845	2.17903 	-0.100573 	-1.77186 	-0.000124923 	-0.116597 	0.00140489 	
2.85	2.17917 	-0.100771 	-1.77183 	-0.00013669 	-0.116603 	0.00139943 	
2.855	2.18139 	-0.0990239 	-1.7694 	-6.31594e-05 	-0.11661 	0.00137223 	
2.86	2.18154 	-0.0993197 	-1.76943 	-8.00965e-05 	-0.116616 	0.00136465 	
2.865	2.18157 	-0.0996264 	-1.76941 	-9.7859e-05 	-0.116619 	0.00135678 	
2.87	2.1816 	-0.0999096 	-1.76936 	-0.000114412 	-0.116621 	0.00134941 	
2.875	2.18165 	-0.100183 	-1.76931 	-0.000130418 	-0.116624 	0.00134225 	
2.88	2.18171 	-0.100447 	-1.76926 	-0.000145924 	-0.116628 	0.00133527 	
2.885	2.1818 	-0.100703 	-1.76922 	-0.000160975 	-0.116632 	0.00132847 	
2.89	2.1819 	-0.100952 	-1.76919 	-0.000175613 	-0.116637 	0.00132183 	
2.895	2.18202 	-0.101194 	-1.76915 	-0.000189877 	-0.116643 	0.00131533 	
2.9	2.18216 	-0.10143 	-1.76912 	-0.000203801 	-0.116649 	0.00130895 	
2.905	2.18432 	-0.0997864 	-1.76674 	-0.000135362 	-0.116656 	0.00128141 	
2.91	2.18446 	-0.100113 	-1.76676 	-0.000154092 	-0.116662 	0.00127304 	
2.915	2.1845 	-0.100449 	-1.76673 	-0.00017355 	-0.116665 	0.00126443 	
2.92	2.18402 	-0.100058 	-1.76582 	-0.000243929 	-0.116598 	0.00134158 	
2.925	2.18408 	-0.100359 	-1.76576 	-0.000261532 	-0.116601 	0.00133369 	
2.93	2.18416 	-0.100649 	-1.76571 	-0.000278468 	-0.116606 	0.00132606 	
2.935	2.18427 	-0.100928 	-1.76567 	-0.000294875 	-0.116611 	0.00131863 	
2.94	2.18439 	-0.1012 	-1.76562 	-0.000310863 	-0.116617 	0.00131136 	
2.945	2.18453 	-0.101465 	-1.76558 	-0.000326457 	-0.116623 	0.00130424 	
2.95	2.18669 	-0.099857 	-1.7632 	-0.000259979 	-0.116631 	0.00127599 	
2.955	2.18684 	-0.100211 	-1.76322 	-0.000280257 	-0.116637 	0.00126691 	
2.96	2.1869 	-0.100573 	-1.76318 	-0.000301216 	-0.116641 	0.0012576 	
2.965	2.18695 	-0.100911 	-1.76312 	-0.00032091 	-0.116644 	0.0012488 	
2.97	2.18702 	-0.101237 	-1.76307 	-0.000339976 	-0.116648 	0.00124023 	
2.975	2.18712 	-0.101553 	-1.76301 	-0.000358468 	-0.116653 	0.00123188 	
2.98	2.18724 	-0.101859 	-1.76297 	-0.000376434 	-0.116659 	0.00122372 	
2.985	2.18738 	-0.102157 	-1.76292 	-0.000393921 	-0.116666 	0.00121575 	
2.99	2.18947 	-0.100642 	-1.76061 	-0.000331803 	-0.116673 	0.00118739 	
2.995	2.18963 	-0.101022 	-1.76062 	-0.000353639 	-0.11668 	0.00117759 	
3	2.18969 	-0.101409 	-1.76058 	-0.000376062 	-0.116684 	0.0011676 	
3.005	2.18976 	-0.101772 	-1.76052 	-0.000397193 	-0.116688 	0.00115812 	
3.01	2.18985 	-0.102122 	-1.76046 	-0.000417649 	-0.116692 	0.00114889 	
3.015	2.18996 	-0.102462 	-1.76041 	-0.000437486 	-0.116698 	0.0011399 	
3.02	2.1901 	-0.10279 	-1.76036 	-0.000456757 	-0.116705 	0.00113113 	
3.025	2.19026 	-0.10311 	-1.76032 	-0.000475509 	-0.116712 	0.00112255 	
3.03	2.19247 	-0.10151 	-1.75788 	-0.000409831 	-0.116721 	0.00109239 	
3.035	2.19265 	-0.101917 	-1.7579 	-0.000433185 	-0.116728 	0.00108187 	
3.04	2.19274 	-0.102331 	-1.75786 	-0.000457139 	-0.116733 	0.00107116 	
3.045	2.19281 	-0.102719 	-1.7578 	-0.000479709 	-0.116737 	0.001061 	
3.05	2.19291 	-0.103093 	-1.75774 	-0.000501553 	-0.116742 	0.00105111 	
3.055	2.19304 	-0.103455 	-1.75769 	-0.000522731 	-0.116748 	0.00104149 	
3.06	2.19319 	-0.103807 	-1.75764 	-0.000543298 	-0.116755 	0.00103209 	
3.065	2.19336 	-0.104148 	-1.7576 	-0.000563305 	-0.116763 	0.00102291 	
3.07	2.19572 	-0.102452 	-1.75501 	-0.000493591 	-0.116773 	0.000990835 	
3.075	2.19592 	-0.102887 	-1.75504 	-0.00051848 	-0.116781 	0.000979581 	
3.08	2.19602 	-0.103329 	-1.755 	-0.000543984 	-0.116786 	0.000968131 	
3.085	2.1961 	-0.103741 	-1.75494 	-0.000568 	-0.116791 	0.000957283 	
3.09	2.19621 	-0.10414 	-1.75488 	-0.000591236 	-0.116796 	0.000946737 	
3.095	2.19634 	-0.104525 	-1.75483 	-0.000613755 	-0.116803 	0.000936467 	
3.1	2.19651 	-0.104899 	-1.75478 	-0.000635614 	-0.116811 	0.00092645 	
3.105	2.1987 	-0.103371 	-1.75235 	-0.000573548 	-0.11682 	0.000895145 	
3.11	2.19889 	-0.103827 	-1.75237 	-0.000599698 	-0.116828 	0.000883301 	
3.115	2.19899 	-0.104287 	-1.75233 	-0.000626326 	-0.116833 	0.000871306 	
3.12	2.19908 	-0.10472 	-1.75227 	-0.000651474 	-0.116838 	0.000859908 	
3.125	2.1992 	-0.105137 	-1.75221 	-0.000675801 	-0.116844 	0.000848829 	
3.13	2.19935 	-0.105541 	-1.75216 	-0.000699371 	-0.116851 	0.000838043 	
3.135	2.19953 	-0.105932 	-1.75211 	-0.000722246 	-0.116859 	0.000827526 	
3.14	2.20179 	-0.104365 	-1.74962 	-0.000658531 	-0.116869 	0.000795093 	
3.145	2.202 	-0.104841 	-1.74964 	-0.000685807 	-0.116878 	0.000782691 	
3.15	2.20211 	-0.105321 	-1.7496 	-0.000713554 	-0.116883 	0.000770146 	
3.155	2.20221 	-0.105772 	-1.74954 	-0.000739759 	-0.116888 	0.000758228 	
3.16	2.20235 	-0.106207 	-1.74949 	-0.000765103 	-0.116895 	0.000746645 	
3.165	2.2025 	-0.106628 	-1.74944 	-0.000789655 	-0.116902 	0.000735372 	
3.17	2.20269 	-0.107036 	-1.74939 	-0.000813477 	-0.116911 	0.000724382 	
3.175	2.20504 	-0.105414 	-1.74681 	-0.00074741 	-0.116921 	0.000690681 	
3.18	2.20527 	-0.105909 	-1.74684 	-0.000775791 	-0.116931 	0.000677727 	
3.185	2.20539 	-0.106409 	-1.7468 	-0.000804644 	-0.116937 	0.000664636 	
3.19	2.2055 	-0.106878 	-1.74675 	-0.000831884 	-0.116942 	0.000652206 	
3.195	2.20564 	-0.107331 	-1.74669 	-0.000858222 	-0.116949 	0.000640129 	
3.2	2.20581 	-0.107769 	-1.74664 	-0.000883731 	-0.116957 	0.000628378 	
3.205	2.20792 	-0.10638 	-1.74431 	-0.000828223 	-0.116967 	0.000596302 	
3.21	2.20813 	-0.10689 	-1.74432 	-0.000857487 	-0.116975 	0.000582929 	
3.215	2.20825 	-0.107402 	-1.74428 	-0.000887054 	-0.116981 	0.000569472 	
3.22	2.20874 	-0.108377 	-1.74483 	-0.000877513 	-0.117036 	0.000496866 	
3.225	2.20889 	-0.108843 	-1.74478 	-0.000904613 	-0.117044 	0.000484401 	
3.23	2.25042 	-0.123396 	-1.50194 	0.00602304 	-0.111809 	-0.00434144 	
3.235	2.37263 	-0.163316 	-0.788821 	0.0264373 	-0.0964531 	-0.0184303 	
3.24	2.36103 	-0.159785 	-0.858631 	0.0244082 	-0.0979706 	-0.0170631 	
3.245	2.35021 	-0.156553 	-0.923281 	0.0225251 	-0.0993749 	-0.0157969 	
3.25	2.34019 	-0.153565 	-0.983178 	0.0207792 	-0.100677 	-0.0146238 	
3.255	2.33095 	-0.150815 	-1.03869 	0.01916 	-0.101885 	-0.0135372 	
3.26	2.32242 	-0.148286 	-1.09015 	0.0176581 	-0.103007 	-0.0125306 	
3.265	2.3159 	-0.144117 	-1.13536 	0.0163517 	-0.104034 	-0.0115986 	
3.27	2.30869 	-0.142081 	-1.17963 	0.0150537 	-0.105001 	-0.010739 	
3.275	2.30193 	-0.140236 	-1.2206 	0.0138482 	-0.105894 	-0.00994339 	
3.28	2.29568 	-0.138533 	-1.25856 	0.0127303 	-0.106723 	-0.00920639 	
3.285	2.28992 	-0.136975 	-1.29373 	0.0116931 	-0.107493 	-0.00852393 	
3.29	2.28463 	-0.13555 	-1.32634 	0.0107305 	-0.108208 	-0.00789202 	
3.295	2.28137 	-0.132359 	-1.35407 	0.0099245 	-0.108864 	-0.00731507 	
3.3	2.27693 	-0.131276 	-1.38215 	0.00908976 	-0.109481 	-0.00677679 	
3.305	2.27273 	-0.130314 	-1.40812 	0.00831354 	-0.110051 	-0.00627903 	
3.31	2.26885 	-0.129431 	-1.43216 	0.0075935 	-0.110579 	-0.00581807 	
3.315	2.26529 	-0.128632 	-1.45445 	0.00692497 	-0.111071 	-0.00539145 	
3.32	2.26204 	-0.127911 	-1.4751 	0.00630418 	-0.111528 	-0.00499668 	
3.325	2.26085 	-0.125334 	-1.49175 	0.0058156 	-0.111949 	-0.00464474 	
3.33	2.25815 	-0.124859 	-1.50956 	0.00527431 	-0.112344 	-0.00430987 	
3.335	2.25557 	-0.124462 	-1.52602 	0.00477002 	-0.112709 	-0.00400066 	
3.34	2.25319 	-0.124101 	-1.54125 	0.00430199 	-0.113047 	-0.00371445 	
3.345	2.25102 	-0.123787 	-1.55536 	0.00386702 	-0.113362 	-0.00344981 	
3.35	2.24905 	-0.123516 	-1.56845 	0.00346267 	-0.113655 	-0.00320517 	
3.355	2.24918 	-0.121324 	-1.57805 	0.00317557 	-0.113927 	-0.00299584 	
3.36	2.24758 	-0.121238 	-1.58937 	0.00282011 	-0.114182 	-0.00278978 	
3.365	2.24602 	-0.121202 	-1.59979 	0.00248802 	-0.114416 	-0.00259995 	
3.37	2.24458 	-0.121176 	-1.60943 	0.00217959 	-0.114633 	-0.0024244 	
3.375	2.24329 	-0.121173 	-1.61837 	0.00189251 	-0.114836 	-0.00226233 	
3.38	2.24213 	-0.12119 	-1.62666 	0.00162522 	-0.115026 	-0.00211275 	
3.385	2.2431 	-0.119238 	-1.63179 	0.00146602 	-0.115202 	-0.00199384 	
3.39	2.24219 	-0.119403 	-1.63899 	0.00122821 	-0.115368 	-0.00186936 	
3.395	2.24128 	-0.119598 	-1.6456 	0.00100512 	-0.11552 	-0.00175515 	
3.4	2.24043 	-0.119788 	-1.6517 	0.000797717 	-0.11566 	-0.00164969 	
3.405	2.23969 	-0.119984 	-1.65735 	0.000604259 	-0.115792 	-0.00155258 	
3.41	2.23905 	-0.120186 	-1.6626 	0.000423724 	-0.115916 	-0.00146323 	
3.415	2.24055 	-0.118385 	-1.6649 	0.000345731 	-0.116033 	-0.00140167 	
3.42	2.24009 	-0.11871 	-1.66948 	0.000182364 	-0.116142 	-0.00132888 	
3.425	2.23958 	-0.119055 	-1.67367 	2.82544e-05 	-0.116241 	-0.00126259 	
3.43	2.2391 	-0.119383 	-1.67753 	-0.000115224 	-0.116333 	-0.00120153 	
3.435	2.23871 	-0.119707 	-1.68111 	-0.000249445 	-0.11642 	-0.0011456 	
3.44	2.23839 	-0.120029 	-1.68443 	-0.000375088 	-0.116503 	-0.00109441 	
3.445	2.24023 	-0.118322 	-1.68492 	-0.000401517 	-0.116581 	-0.00106924 	
3.45	2.24005 	-0.118751 	-1.68785 	-0.000517795 	-0.116655 	-0.00102921 	
3.455	2.2398 	-0.119193 	-1.69051 	-0.000628278 	-0.116721 	-0.0009933 	
3.46	2.23956 	-0.119611 	-1.69295 	-0.000731323 	-0.116782 	-0.000960399 	
3.465	2.23939 	-0.120018 	-1.69521 	-0.000828077 	-0.11684 	-0.000930562 	
3.47	2.23928 	-0.120417 	-1.69731 	-0.000919002 	-0.116896 	-0.000903564 	
3.475	2.24133 	-0.118771 	-1.69666 	-0.000912712 	-0.116951 	-0.000901493 	
3.48	2.24132 	-0.119267 	-1.69855 	-0.000999214 	-0.117002 	-0.000882247 	
3.485	2.24123 	-0.119772 	-1.70024 	-0.00108211 	-0.117046 	-0.000865605 	
3.49	2.24115 	-0.120248 	-1.70178 	-0.00115959 	-0.117088 	-0.000850562 	
3.495	2.24112 	-0.120709 	-1.70321 	-0.00123265 	-0.117128 	-0.00083728 	
3.5	2.24118 	-0.121212 	-1.7046 	-0.00129738 	-0.117173 	-0.000832188 	
3.505	2.24337 	-0.119606 	-1.70323 	-0.00127036 	-0.117212 	-0.000844766 	
3.51	2.24347 	-0.120146 	-1.70446 	-0.00133804 	-0.117248 	-0.000838713 	
3.515	2.24349 	-0.120692 	-1.70553 	-0.00140351 	-0.11728 	-0.000834304 	
3.52	2.2435 	-0.121205 	-1.70651 	-0.00146483 	-0.117309 	-0.000830598 	
3.525	2.24356 	-0.121702 	-1.70741 	-0.00152292 	-0.117338 	-0.000827826 	
3.53	2.24366 	-0.122184 	-1.70825 	-0.00157801 	-0.117366 	-0.000825918 	
3.535	2.24592 	-0.120606 	-1.70643 	-0.00153794 	-0.117396 	-0.000847778 	
3.54	2.2461 	-0.121174 	-1.70724 	-0.0015937 	-0.117423 	-0.000850094 	
3.545	2.24618 	-0.121746 	-1.70792 	-0.00164812 	-0.117446 	-0.000853441 	
3.55	2.24626 	-0.122284 	-1.70854 	-0.0016992 	-0.117467 	-0.000856923 	
3.555	2.24637 	-0.122803 	-1.70911 	-0.00174779 	-0.117489 	-0.000860813 	
3.56	2.24652 	-0.123305 	-1.70965 	-0.00179408 	-0.117511 	-0.000865083 	
3.565	2.24884 	-0.121749 	-1.70754 	-0.00174584 	-0.117534 	-0.000892786 	
3.57	2.24906 	-0.122336 	-1.70808 	-0.00179404 	-0.117556 	-0.000900408 	
3.575	2.24918 	-0.122924 	-1.70853 	-0.00184144 	-0.117573 	-0.000908673 	
3.58	2.24929 	-0.123477 	-1.70892 	-0.001886 	-0.117589 	-0.000916711 	
3.585	2.24945 	-0.12401 	-1.70928 	-0.00192855 	-0.117606 	-0.000924824 	
3.59	2.24963 	-0.124525 	-1.70962 	-0.00196924 	-0.117624 	-0.000933007 	
3.595	2.25197 	-0.122988 	-1.70734 	-0.00191601 	-0.117643 	-0.000964351 	
3.6	2.25222 	-0.123586 	-1.70772 	-0.00195937 	-0.117661 	-0.00097533 	
3.605	2.25237 	-0.124183 	-1.70802 	-0.00200227 	-0.117675 	-0.000986703 	
3.61	2.25251 	-0.124745 	-1.70826 	-0.00204266 	-0.117688 	-0.000997618 	
3.615	2.25268 	-0.125287 	-1.7085 	-0.00208134 	-0.117702 	-0.0010084 	
3.62	2.25289 	-0.12581 	-1.70872 	-0.00211844 	-0.117717 	-0.00101905 	
3.625	2.25523 	-0.124292 	-1.70634 	-0.00206227 	-0.117734 	-0.00105261 	
3.63	2.2555 	-0.124895 	-1.70662 	-0.00210249 	-0.117749 	-0.0010657 	
3.635	2.25566 	-0.125498 	-1.70681 	-0.00214247 	-0.117761 	-0.00107902 	
3.64	2.25582 	-0.126065 	-1.70697 	-0.00218015 	-0.117772 	-0.00109174 	
3.645	2.25601 	-0.126611 	-1.70713 	-0.0022163 	-0.117784 	-0.00110419 	
3.65	2.25623 	-0.127137 	-1.70727 	-0.00225104 	-0.117797 	-0.00111638 	
3.655	2.25856 	-0.125639 	-1.70484 	-0.00219329 	-0.117813 	-0.00115123 	
3.66	2.25884 	-0.126244 	-1.70506 	-0.00223144 	-0.117826 	-0.00116562 	
3.665	2.25902 	-0.126848 	-1.70519 	-0.00226946 	-0.117837 	-0.00118014 	
3.67	2.25918 	-0.127417 	-1.7053 	-0.00230532 	-0.117846 	-0.00119397 	
3.675	2.25938 	-0.127964 	-1.7054 	-0.00233977 	-0.117857 	-0.00120744 	
3.68	2.25961 	-0.128491 	-1.7055 	-0.00237293 	-0.117869 	-0.00122058 	
3.685	2.26193 	-0.127015 	-1.70306 	-0.00231451 	-0.117884 	-0.0012561 	
3.69	2.26221 	-0.127619 	-1.70323 	-0.0023512 	-0.117896 	-0.00127127 	
3.695	2.26239 	-0.128223 	-1.70335 	-0.00238777 	-0.117905 	-0.00128648 	
3.7	2.17728 	-0.284731 	-1.34963 	0.0132533 	-0.101789 	0.00141405 	
3.705	1.9106 	-0.773453 	-0.241999 	0.0622816 	-0.0512899 	0.00992267 	
3.71	1.79992 	-0.976503 	0.216886 	0.0824607 	-0.0299882 	0.0137181 	
3.715	1.57027 	-1.38729 	1.14396 	0.122877 	0.0132162 	0.0221832 	
3.72	1.43659 	-1.54671 	1.46678 	0.134788 	0.0296557 	0.0300721 	
3.725	1.02665 	-2.10479 	2.67537 	0.183589 	0.0887343 	0.050026 	
3.73	1.17465 	-1.95864 	2.37223 	0.172852 	0.0730427 	0.0416045 	
3.735	1.42614 	-1.81894 	2.12575 	0.168731 	0.057388 	0.0245118 	
3.74	1.50627 	-1.69442 	1.84798 	0.156916 	0.0442396 	0.0211864 	
3.745	1.61686 	-1.57518 	1.59686 	0.147431 	0.031554 	0.0154452 	
3.75	1.66485 	-1.46999 	1.3555 	0.13642 	0.0205958 	0.014191 	
3.755	1.70925 	-1.37254 	1.13185 	0.126212 	0.0104422 	0.0130275 	
3.76	1.76068 	-1.28141 	0.925935 	0.117171 	0.00086448 	0.0111607 	
3.765	1.82893 	-1.19532 	0.737774 	0.109627 	-0.00834578 	0.0078559 	
3.77	1.86903 	-1.11742 	0.560343 	0.101688 	-0.016508 	0.00657035 	
3.775	1.9218 	-1.04271 	0.399789 	0.0949626 	-0.0242523 	0.00430902 	
3.78	1.94771 	-0.976587 	0.246204 	0.0877845 	-0.0311297 	0.00386193 	
3.785	1.97165 	-0.915344 	0.103908 	0.0811292 	-0.0375014 	0.00344643 	
3.79	1.994 	-0.858579 	-0.0279343 	0.0749666 	-0.0434096 	0.00304941 	
3.795	2.01505 	-0.805964 	-0.150094 	0.0692661 	-0.0488919 	0.00265767 	
3.8	2.03415 	-0.757255 	-0.263377 	0.0639633 	-0.0539673 	0.00232872 	
3.805	2.0528 	-0.710631 	-0.366309 	0.059086 	-0.0586309 	0.00207697 	
3.81	2.06936 	-0.668905 	-0.463668 	0.0545267 	-0.0629959 	0.00178525 	
3.815	2.08463 	-0.630275 	-0.553856 	0.0502987 	-0.0670393 	0.00151376 	
3.82	2.0988 	-0.59448 	-0.637425 	0.0463795 	-0.0707871 	0.00126181 	
3.825	2.11196 	-0.561324 	-0.714884 	0.0427461 	-0.0742622 	0.00102768 	
3.83	2.12421 	-0.530613 	-0.786679 	0.0393775 	-0.0774846 	0.000810087 	
3.835	2.1356 	-0.502168 	-0.853226 	0.0362543 	-0.0804727 	0.000607814 	
3.84	2.14769 	-0.473978 	-0.912444 	0.0334233 	-0.0832172 	0.000445138 	
3.845	2.15546 	-0.447315 	-0.966069 	0.0309985 	-0.0856192 	-2.97779e-05 	
3.85	2.13839 	-0.38579 	-0.961201 	0.0329874 	-0.0854512 	-0.00551183 	
3.855	2.08703 	-0.268335 	-0.867183 	0.0418949 	-0.0814449 	-0.0191095 	
3.86	2.08358 	-0.229837 	-0.882822 	0.0421553 	-0.0822088 	-0.0220814 	
3.865	1.5864 	-0.390503 	-0.0604993 	0.0778073 	-0.0387123 	-0.0175967 	
3.87	0.199574 	-1.04911 	2.22008 	0.168508 	0.08341 	0.0173815 	
3.875	-0.254529 	-1.22882 	2.81931 	0.189608 	0.117348 	0.0327692 	
3.88	-1.87019 	-1.88054 	5.12247 	0.275819 	0.244612 	0.0797438 	
3.885	-1.57824 	-1.73163 	4.65435 	0.257904 	0.219375 	0.070662 	
3.89	-1.33397 	-1.54894 	4.28889 	0.246805 	0.198936 	0.0557031 	
3.895	-1.11309 	-1.41856 	4.023 	0.239718 	0.183485 	0.0424592 	
3.9	-0.982081 	-1.25151 	4.0645 	0.251964 	0.182192 	0.0150863 	
3.905	-0.770166 	-1.13785 	3.73184 	0.239626 	0.16416 	0.00751087 	
3.91	-0.617556 	-0.977115 	3.5448 	0.237199 	0.153074 	-0.00894774 	
3.915	-0.424252 	-0.893935 	3.1959 	0.222159 	0.134838 	-0.0113831 	
3.92	-0.285509 	-0.770092 	2.94442 	0.213642 	0.121359 	-0.0198185 	
3.925	-0.114729 	-0.693859 	2.6501 	0.201374 	0.105792 	-0.0229686 	
3.93	0.0176563 	-0.578434 	2.44307 	0.19532 	0.0942642 	-0.0323768 	
3.935	0.162639 	-0.510282 	2.19415 	0.185049 	0.0810349 	-0.0353913 	
3.94	0.273361 	-0.406531 	2.02295 	0.18029 	0.0713748 	-0.0439864 	
3.945	0.389009 	-0.352086 	1.8051 	0.170822 	0.0601218 	-0.0453024 	
3.95	0.455123 	-0.263474 	1.66234 	0.166185 	0.0525342 	-0.0511149 	
3.955	0.56441 	-0.217715 	1.47225 	0.157959 	0.04252 	-0.0525707 	
3.96	0.646386 	-0.135981 	1.35286 	0.155051 	0.0356514 	-0.0598278 	
3.965	0.745719 	-0.104798 	1.17943 	0.147043 	0.0265316 	-0.0599753 	
3.97	0.811442 	-0.0381549 	1.07838 	0.143797 	0.0206959 	-0.0651127 	
3.975	0.901868 	-0.0186431 	0.918539 	0.136058 	0.0123693 	-0.064228 	
3.98	0.954809 	0.0465198 	0.843284 	0.134122 	0.00783904 	-0.0697638 	
3.985	1.02372 	0.0595014 	0.702146 	0.126884 	0.000751775 	-0.0677216 	
3.99	1.03596 	0.116863 	0.645258 	0.124874 	-0.00227555 	-0.0710862 	
3.995	1.10772 	0.12652 	0.51984 	0.118649 	-0.00877631 	-0.0699108 	
4	1.14591 	0.181313 	0.473902 	0.117957 	-0.0117392 	-0.0750801 	
4.005	1.20937 	0.18919 	0.365109 	0.112563 	-0.0173938 	-0.0740794 	
4.01	1.23938 	0.241064 	0.332807 	0.112464 	-0.0196252 	-0.0791665 	
4.015	1.29591 	0.244991 	0.234902 	0.107505 	-0.0246794 	-0.077926 	
4.02	1.31888 	0.294429 	0.2144 	0.10792 	-0.0262786 	-0.0829523 	
4.025	1.35893 	0.294425 	0.12717 	0.103128 	-0.0305647 	-0.0806557 	
4.03	1.34539 	0.3374 	0.116559 	0.103119 	-0.0311243 	-0.0835357 	
4.035	1.39234 	0.335332 	0.036407 	0.0989221 	-0.035229 	-0.08207 	
4.04	1.40713 	0.383502 	0.0376492 	0.100498 	-0.035752 	-0.0876049 	
4.045	1.45003 	0.380075 	-0.0340883 	0.096715 	-0.0394279 	-0.0861887 	
4.05	1.45984 	0.424103 	-0.0286405 	0.0983183 	-0.0396619 	-0.0912381 	
4.055	1.49999 	0.416087 	-0.0980466 	0.094505 	-0.0431627 	-0.0893361 	
4.06	1.50559 	0.459024 	-0.085853 	0.0964006 	-0.0430337 	-0.0943637 	
4.065	1.54249 	0.448611 	-0.150932 	0.0927309 	-0.0462833 	-0.0922576 	
4.07	1.54493 	0.490436 	-0.133167 	0.0948724 	-0.0458416 	-0.0969702 	
4.075	1.57203 	0.473096 	-0.199292 	0.0907091 	-0.0489342 	-0.0936008 	
4.08	1.54369 	0.513427 	-0.170468 	0.0927245 	-0.0475442 	-0.0972723 	
4.085	1.57866 	0.498206 	-0.230609 	0.089214 	-0.0505181 	-0.0948593 	
4.09	1.57636 	0.540441 	-0.201347 	0.0919751 	-0.0495144 	-0.100227 	
4.095	1.5106 	0.546476 	-0.154709 	0.0885758 	-0.0442068 	-0.0995062 	
4.1	1.21731 	0.656512 	0.184912 	0.0917284 	-0.0191474 	-0.110477 	
4.105	1.27718 	0.630706 	0.0981458 	0.0882521 	-0.0242381 	-0.107109 	
4.11	1.29585 	0.666583 	0.107619 	0.0913015 	-0.024958 	-0.11195 	
4.115	1.21978 	0.643345 	0.104873 	0.0857024 	-0.0219775 	-0.107598 	
4.12	0.742575 	0.730082 	0.459439 	0.0851098 	0.00772065 	-0.11555 	
4.125	0.5039 	0.823743 	0.680649 	0.0855859 	0.0253614 	-0.12343 	
4.13	0.567288 	0.861881 	0.654338 	0.0772416 	0.0264301 	-0.119759 	
4.135	0.649545 	0.871846 	0.603028 	0.0798972 	0.0210433 	-0.122579 	
4.14	0.743876 	0.842594 	0.504056 	0.0785418 	0.0138317 	-0.119992 	
4.145	0.808788 	0.853882 	0.469409 	0.0813063 	0.00967739 	-0.12279 	
4.15	0.891782 	0.825929 	0.380033 	0.0798306 	0.00328691 	-0.120192 	
4.155	0.945809 	0.83946 	0.355665 	0.0825782 	-4.59286e-05 	-0.123121 	
4.16	1.01913 	0.812488 	0.27434 	0.0809865 	-0.00573962 	-0.120494 	
4.165	0.811248 	0.879212 	0.467531 	0.0844421 	0.008441 	-0.128244 	
4.17	0.136882 	1.00144 	1.00318 	0.0845101 	0.0525454 	-0.13988 	
4.175	0.235368 	1.00967 	0.949525 	0.0873372 	0.0467366 	-0.142574 	
4.18	0.359823 	0.976114 	0.832451 	0.085991 	0.0379337 	-0.139428 	
4.185	0.453713 	0.984154 	0.781254 	0.088794 	0.0323091 	-0.141846 	
4.19	0.563509 	0.94736 	0.669619 	0.0867991 	0.02428 	-0.137996 	
4.195	0.642219 	0.954593 	0.626785 	0.0892164 	0.0195268 	-0.140042 	
4.2	0.738737 	0.919651 	0.525822 	0.0871444 	0.012402 	-0.13629 	
4.205	0.804789 	0.929754 	0.494392 	0.0895963 	0.0085521 	-0.138588 	
4.21	0.88995 	0.896295 	0.402448 	0.0874485 	0.00219742 	-0.134905 	
4.215	0.945209 	0.908961 	0.38091 	0.0899363 	-0.000871361 	-0.137439 	
4.22	1.02086 	0.876743 	0.296625 	0.0877128 	-0.00656457 	-0.13383 	
4.225	0.683558 	0.971518 	0.600527 	0.0912371 	0.0164888 	-0.143917 	
4.23	-0.356436 	1.16791 	1.43637 	0.0912787 	0.084947 	-0.162354 	
4.235	-0.207418 	1.16104 	1.33948 	0.092759 	0.0763079 	-0.163538 	
4.24	-0.127053 	1.12344 	1.24768 	0.0901506 	0.0701781 	-0.159115 	
4.245	-0.00607279 	1.12245 	1.17332 	0.0924513 	0.0628707 	-0.160297 	
4.25	0.104286 	1.08176 	1.06032 	0.090077 	0.0548816 	-0.155718 	
4.255	0.209018 	1.08445 	1.00005 	0.092429 	0.0486985 	-0.157253 	
4.26	0.305155 	1.04573 	0.898043 	0.0899825 	0.0416532 	-0.1528 	
4.265	0.395795 	1.05164 	0.849991 	0.0923805 	0.0364413 	-0.154648 	
4.27	0.479529 	1.01453 	0.757378 	0.0898576 	0.0302029 	-0.150292 	
4.275	0.558728 	1.02264 	0.71903 	0.0923534 	0.0257577 	-0.152493 	
4.28	0.631967 	0.989386 	0.637292 	0.0900175 	0.0203101 	-0.148596 	
4.285	0.710668 	1.00632 	0.609363 	0.0932641 	0.016292 	-0.151958 	
4.29	0.804904 	0.965913 	0.506763 	0.0905707 	0.00931823 	-0.147216 	
4.295	0.855332 	0.982949 	0.495662 	0.0933351 	0.00692583 	-0.150226 	
4.3	0.661159 	0.998316 	0.629779 	0.0909796 	0.0193338 	-0.150583 	
4.305	-0.0545854 	1.17669 	1.26266 	0.0956498 	0.0689579 	-0.169574 	
4.31	0.0823572 	1.09801 	1.0902 	0.0895857 	0.0580476 	-0.159767 	
4.315	0.228071 	1.02664 	0.921607 	0.0845605 	0.0468839 	-0.151081 	
4.32	0.37345 	0.953437 	0.751375 	0.0793511 	0.0356786 	-0.142119 	
4.325	0.501464 	0.891631 	0.604387 	0.0750337 	0.0259087 	-0.134618 	
4.33	0.62836 	0.827587 	0.455688 	0.07047 	0.016126 	-0.126774 	
4.335	0.741671 	0.77387 	0.326817 	0.0667551 	0.00751923 	-0.120274 	
4.34	0.852186 	0.717683 	0.196892 	0.0627356 	-0.0010127 	-0.113385 	
4.345	0.952105 	0.670848 	0.0839449 	0.0595202 	-0.00857903 	-0.107733 	
4.35	1.04786 	0.621606 	-0.0292359 	0.0559745 	-0.0159888 	-0.101685 	
4.355	1.1347 	0.581302 	-0.126905 	0.0532184 	-0.0225457 	-0.0968351 	
4.36	1.2171 	0.53806 	-0.225 	0.0500739 	-0.0289398 	-0.0914773 	
4.365	1.34909 	0.501995 	-0.295906 	0.0465907 	-0.0339592 	-0.0857282 	
4.37	1.59038 	0.46018 	-0.346655 	0.0406123 	-0.0379365 	-0.0767153 	
4.375	1.67324 	0.454603 	-0.371059 	0.040596 	-0.0406094 	-0.0755366 	
4.38	1.82543 	0.491215 	-0.302185 	0.0434375 	-0.0389705 	-0.0777873 	
4.385	1.89286 	0.482337 	-0.330431 	0.043108 	-0.0415891 	-0.0763461 	
4.39	2.03251 	0.517396 	-0.262624 	0.0456224 	-0.0397598 	-0.0783175 	
4.395	2.09652 	0.503698 	-0.287868 	0.0442654 	-0.0417606 	-0.0756763 	
4.4	2.26818 	0.531646 	-0.200617 	0.0444424 	-0.0381098 	-0.0749481 	
4.405	2.3474 	0.516509 	-0.220015 	0.0425413 	-0.0396689 	-0.071743 	
4.41	2.50606 	0.548841 	-0.126902 	0.0432668 	-0.0356709 	-0.0718513 	
4.415	2.58438 	0.535263 	-0.140869 	0.0413991 	-0.0368609 	-0.0687796 	
4.42	2.73111 	0.56578 	-0.0524538 	0.0420848 	-0.0330112 	-0.0689418 	
4.425	2.72058 	0.551007 	-0.0934391 	0.0413501 	-0.0355734 	-0.0671128 	
4.43	2.61287 	0.580435 	-0.0822189 	0.0459201 	-0.0355356 	-0.0719619 	
4.435	2.56888 	0.561908 	-0.145702 	0.0458064 	-0.0392165 	-0.0716088 	
4.44	2.58553 	0.586595 	-0.111062 	0.0492304 	-0.0383739 	-0.0753856 	
4.445	2.80578 	0.556386 	-0.0902337 	0.0451361 	-0.037977 	-0.0680161 	
4.45	2.83594 	0.589637 	-0.0343284 	0.0489695 	-0.0360411 	-0.0722917 	
4.455	3.04234 	0.555555 	-0.0226785 	0.0445472 	-0.0359795 	-0.0646108 	
4.46	3.03828 	0.583519 	0.0129391 	0.048073 	-0.0348892 	-0.0688017 	
4.465	3.22149 	0.5444 	0.00829025 	0.0432733 	-0.0355009 	-0.0608913 	
4.47	3.20572 	0.572996 	0.0417181 	0.0468675 	-0.0344458 	-0.0653216 	
4.475	3.38401 	0.532482 	0.0343346 	0.041894 	-0.0351182 	-0.0572593 	
4.48	3.35908 	0.561516 	0.0659958 	0.0455291 	-0.0340889 	-0.0618683 	
4.485	3.53385 	0.519567 	0.0562097 	0.0403789 	-0.0348154 	-0.0536297 	
4.49	3.50081 	0.549074 	0.0864134 	0.0440609 	-0.0338059 	-0.0584093 	
4.495	3.67282 	0.506097 	0.0750137 	0.0386982 	-0.0345395 	-0.0499267 	
4.5	3.62714 	0.534911 	0.099691 	0.0423645 	-0.0337436 	-0.0548376 	
