0	0.0490075 	0.0219193 	-2.01088 	0.262299 	0.529812 	-0.011542 	
0.005	0.0490075 	0.0219193 	-2.01088 	0.262299 	0.529812 	-0.011542 	
0.01	0.0490075 	0.0219151 	-2.01088 	0.262299 	0.529812 	-0.0115417 	
0.015	0.0490075 	0.0219095 	-2.01087 	0.262299 	0.529814 	-0.0115414 	
0.02	0.0490075 	0.0219017 	-2.01087 	0.2623 	0.529815 	-0.0115408 	
0.025	0.0490075 	0.0218915 	-2.01086 	0.2623 	0.529817 	-0.0115402 	
0.03	0.0490075 	0.0218791 	-2.01085 	0.2623 	0.52982 	-0.0115394 	
0.035	0.0490075 	0.0218643 	-2.01084 	0.262301 	0.529823 	-0.0115384 	
0.04	0.0490075 	0.0218473 	-2.01083 	0.262301 	0.529827 	-0.0115373 	
0.045	0.0490075 	0.0218279 	-2.01081 	0.262302 	0.529831 	-0.0115361 	
0.05	0.0490075 	0.0218062 	-2.01079 	0.262303 	0.529835 	-0.0115347 	
0.055	0.0490075 	0.0217822 	-2.01077 	0.262304 	0.52984 	-0.0115331 	
0.06	0.0490076 	0.0217559 	-2.01075 	0.262304 	0.529846 	-0.0115314 	
0.065	0.0490076 	0.0217273 	-2.01073 	0.262305 	0.529852 	-0.0115296 	
0.07	0.0490076 	0.0216964 	-2.01071 	0.262306 	0.529858 	-0.0115276 	
0.075	0.0490076 	0.0216632 	-2.01068 	0.262307 	0.529865 	-0.0115255 	
0.08	0.0490076 	0.0216277 	-2.01065 	0.262309 	0.529873 	-0.0115232 	
0.085	0.0490077 	0.0215899 	-2.01062 	0.26231 	0.52988 	-0.0115208 	
0.09	0.0490077 	0.0215458 	-2.01059 	0.262311 	0.52989 	-0.0115179 	
0.095	0.0490077 	0.0215032 	-2.01056 	0.262313 	0.529899 	-0.0115152 	
0.1	0.0490078 	0.0214583 	-2.01052 	0.262314 	0.529908 	-0.0115123 	
0.105	0.0490078 	0.0214111 	-2.01048 	0.262316 	0.529918 	-0.0115093 	
0.11	0.0490078 	0.0213616 	-2.01044 	0.262317 	0.529928 	-0.0115061 	
0.115	0.0490079 	0.0213098 	-2.0104 	0.262319 	0.529939 	-0.0115028 	
0.12	0.0490079 	0.0212557 	-2.01036 	0.262321 	0.52995 	-0.0114993 	
0.125	0.049008 	0.0211994 	-2.01032 	0.262323 	0.529962 	-0.0114957 	
0.13	0.049008 	0.0211407 	-2.01027 	0.262325 	0.529974 	-0.011492 	
0.135	0.0490081 	0.0210798 	-2.01022 	0.262326 	0.529987 	-0.0114881 	
0.14	0.0490081 	0.0210167 	-2.01017 	0.262329 	0.53 	-0.0114841 	
0.145	0.0490082 	0.0209512 	-2.01012 	0.262331 	0.530014 	-0.0114799 	
0.15	0.0490083 	0.0208835 	-2.01007 	0.262333 	0.530028 	-0.0114756 	
0.155	0.0490084 	0.0208135 	-2.01001 	0.262335 	0.530042 	-0.0114711 	
0.16	0.0491108 	0.0205167 	-2.01014 	0.262434 	0.53164 	-0.0108284 	
0.165	0.0491109 	0.0204421 	-2.01008 	0.262436 	0.531655 	-0.0108236 	
0.17	0.049111 	0.0203653 	-2.01002 	0.262439 	0.531671 	-0.0108188 	
0.175	0.0491111 	0.0202863 	-2.00996 	0.262441 	0.531688 	-0.0108138 	
0.18	0.0491112 	0.020205 	-2.00989 	0.262444 	0.531704 	-0.0108086 	
0.185	0.0491113 	0.0201215 	-2.00983 	0.262446 	0.531722 	-0.0108034 	
0.19	0.0491114 	0.0200357 	-2.00976 	0.262449 	0.531739 	-0.010798 	
0.195	0.0491115 	0.0199477 	-2.00969 	0.262452 	0.531758 	-0.0107924 	
0.2	0.0491117 	0.0198574 	-2.00962 	0.262455 	0.531776 	-0.0107867 	
0.205	0.0491118 	0.0197649 	-2.00955 	0.262458 	0.531796 	-0.0107809 	
0.21	0.049112 	0.0196702 	-2.00947 	0.262461 	0.531815 	-0.010775 	
0.215	0.0491121 	0.0195733 	-2.0094 	0.262464 	0.531835 	-0.0107689 	
0.22	0.0492141 	0.0192526 	-2.0095 	0.262568 	0.533414 	-0.0101323 	
0.225	0.0492143 	0.0191512 	-2.00942 	0.262571 	0.533435 	-0.0101259 	
0.23	0.0492144 	0.0190476 	-2.00933 	0.262575 	0.533456 	-0.0101195 	
0.235	0.0492146 	0.0189418 	-2.00925 	0.262578 	0.533478 	-0.0101129 	
0.24	0.0492148 	0.0188338 	-2.00917 	0.262582 	0.5335 	-0.0101062 	
0.245	0.0492151 	0.0187236 	-2.00908 	0.262585 	0.533523 	-0.0100993 	
0.25	0.0492153 	0.0186112 	-2.00899 	0.262589 	0.533546 	-0.0100924 	
0.255	0.0492155 	0.0184966 	-2.0089 	0.262593 	0.53357 	-0.0100853 	
0.26	0.0492158 	0.0183798 	-2.00881 	0.262596 	0.533594 	-0.0100781 	
0.265	0.0492161 	0.0182608 	-2.00871 	0.2626 	0.533618 	-0.0100708 	
0.27	0.0493253 	0.0179047 	-2.0088 	0.262717 	0.535294 	-0.00939344 	
0.275	0.0493255 	0.0177813 	-2.00871 	0.262721 	0.535319 	-0.00938587 	
0.28	0.0493258 	0.0176558 	-2.00861 	0.262725 	0.535345 	-0.00937818 	
0.285	0.0493261 	0.0175282 	-2.00851 	0.262729 	0.535371 	-0.00937038 	
0.29	0.0493265 	0.0173984 	-2.00841 	0.262734 	0.535398 	-0.00936247 	
0.295	0.0493268 	0.0172664 	-2.0083 	0.262738 	0.535424 	-0.00935444 	
0.3	0.0493272 	0.0171323 	-2.0082 	0.262742 	0.535452 	-0.0093463 	
0.305	0.0493276 	0.0169961 	-2.00809 	0.262746 	0.535479 	-0.00933805 	
0.31	0.0494327 	0.0166336 	-2.00815 	0.262865 	0.53708 	-0.00868994 	
0.315	0.0494331 	0.0164931 	-2.00804 	0.262869 	0.537109 	-0.00868145 	
0.32	0.0494335 	0.0163505 	-2.00793 	0.262874 	0.537137 	-0.00867287 	
0.325	0.0494339 	0.0162058 	-2.00782 	0.262878 	0.537167 	-0.00866417 	
0.33	0.0494344 	0.0160589 	-2.0077 	0.262883 	0.537196 	-0.00865537 	
0.335	0.0494349 	0.01591 	-2.00758 	0.262888 	0.537227 	-0.00864647 	
0.34	0.0494354 	0.0157589 	-2.00746 	0.262893 	0.537257 	-0.00863747 	
0.345	0.0495394 	0.0153861 	-2.00751 	0.263015 	0.538827 	-0.00800029 	
0.35	0.0495399 	0.0152309 	-2.00739 	0.26302 	0.538859 	-0.00799107 	
0.355	0.0495405 	0.0150736 	-2.00727 	0.263025 	0.53889 	-0.00798176 	
0.36	0.0495411 	0.0149142 	-2.00714 	0.26303 	0.538922 	-0.00797235 	
0.365	0.0495417 	0.0147527 	-2.00701 	0.263035 	0.538955 	-0.00796284 	
0.37	0.0495423 	0.0145892 	-2.00688 	0.26304 	0.538987 	-0.00795325 	
0.375	0.0495429 	0.0144237 	-2.00675 	0.263045 	0.539021 	-0.00794356 	
0.38	0.0496572 	0.0140169 	-2.0068 	0.263185 	0.540728 	-0.00724879 	
0.385	0.0496579 	0.0138473 	-2.00667 	0.26319 	0.540762 	-0.0072389 	
0.39	0.0496586 	0.0136756 	-2.00653 	0.263195 	0.540796 	-0.00722892 	
0.395	0.0496593 	0.0135019 	-2.00639 	0.263201 	0.540831 	-0.00721886 	
0.4	0.0496601 	0.0133262 	-2.00625 	0.263206 	0.540866 	-0.00720872 	
0.405	0.0496609 	0.0131485 	-2.00611 	0.263212 	0.540901 	-0.00719849 	
0.41	0.0497699 	0.012743 	-2.00614 	0.26335 	0.542515 	-0.00654055 	
0.415	0.0497707 	0.0125613 	-2.006 	0.263356 	0.54255 	-0.00653014 	
0.42	0.0497716 	0.0123776 	-2.00585 	0.263362 	0.542587 	-0.00651965 	
0.425	0.0497725 	0.0121919 	-2.0057 	0.263368 	0.542623 	-0.00650909 	
0.43	0.0497734 	0.0120042 	-2.00556 	0.263373 	0.54266 	-0.00649845 	
0.435	0.0497743 	0.0118146 	-2.0054 	0.263379 	0.542698 	-0.00648774 	
0.44	0.0498906 	0.0113845 	-2.00543 	0.263532 	0.544401 	-0.00579135 	
0.445	0.0498916 	0.0111909 	-2.00528 	0.263538 	0.544439 	-0.00578047 	
0.45	0.0498926 	0.0109955 	-2.00512 	0.263544 	0.544477 	-0.00576953 	
0.455	0.0498937 	0.0107981 	-2.00497 	0.26355 	0.544516 	-0.00575852 	
0.46	0.0498948 	0.0105988 	-2.00481 	0.263556 	0.544555 	-0.00574744 	
0.465	0.0498959 	0.0103975 	-2.00465 	0.263563 	0.544594 	-0.0057363 	
0.47	0.0500208 	0.00994062 	-2.00468 	0.263732 	0.546403 	-0.00499442 	
0.475	0.0500219 	0.00973555 	-2.00451 	0.263738 	0.546443 	-0.00498313 	
0.48	0.0500232 	0.00952862 	-2.00435 	0.263745 	0.546483 	-0.00497179 	
0.485	0.0500244 	0.00931982 	-2.00418 	0.263751 	0.546523 	-0.00496039 	
0.49	0.0500257 	0.00910914 	-2.00401 	0.263758 	0.546564 	-0.00494893 	
0.495	0.0501389 	0.00866919 	-2.00401 	0.263917 	0.548188 	-0.00428132 	
0.5	0.0501403 	0.00845476 	-2.00384 	0.263923 	0.54823 	-0.00426974 	
0.505	0.0501417 	0.00823851 	-2.00367 	0.26393 	0.548271 	-0.0042581 	
0.51	0.0501431 	0.00802043 	-2.00349 	0.263937 	0.548313 	-0.00424642 	
0.515	0.0501446 	0.00780053 	-2.00332 	0.263943 	0.548355 	-0.00423469 	
0.52	0.0502621 	0.00734472 	-2.00331 	0.264113 	0.550026 	-0.00354639 	
0.525	0.0502637 	0.00712116 	-2.00313 	0.26412 	0.550068 	-0.00353454 	
0.53	0.0502653 	0.00689582 	-2.00295 	0.264127 	0.550111 	-0.00352266 	
0.535	0.0502669 	0.00666869 	-2.00277 	0.264134 	0.550155 	-0.00351073 	
0.54	0.0502686 	0.00643978 	-2.00259 	0.264141 	0.550198 	-0.00349877 	
0.545	0.0503922 	0.00596524 	-2.00258 	0.264324 	0.551935 	-0.00278057 	
0.55	0.050394 	0.00573276 	-2.0024 	0.264332 	0.551979 	-0.00276851 	
0.555	0.0503957 	0.00549856 	-2.00221 	0.264339 	0.552024 	-0.00275642 	
0.56	0.0503976 	0.00526262 	-2.00202 	0.264346 	0.552068 	-0.00274429 	
0.565	0.0503995 	0.00502495 	-2.00182 	0.264353 	0.552113 	-0.00273214 	
0.57	0.0505294 	0.00453179 	-2.00182 	0.264551 	0.553918 	-0.00198352 	
0.575	0.0505314 	0.00429064 	-2.00162 	0.264558 	0.553963 	-0.00197129 	
0.58	0.0505334 	0.00404783 	-2.00143 	0.264566 	0.554009 	-0.00195903 	
0.585	0.0505354 	0.00380332 	-2.00123 	0.264573 	0.554054 	-0.00194675 	
0.59	0.0505375 	0.00355713 	-2.00103 	0.26458 	0.5541 	-0.00193444 	
0.595	0.0506738 	0.0030458 	-2.00103 	0.264794 	0.555971 	-0.00115577 	
0.6	0.050676 	0.00279623 	-2.00082 	0.264802 	0.556017 	-0.0011434 	
0.605	0.0506782 	0.00254505 	-2.00062 	0.264809 	0.556064 	-0.00113102 	
0.61	0.0506805 	0.00229223 	-2.00041 	0.264817 	0.556111 	-0.00111862 	
0.615	0.0507974 	0.00181482 	-2.00037 	0.265005 	0.5577 	-0.000456172 	
0.62	0.0507997 	0.00155872 	-2.00016 	0.265013 	0.557747 	-0.000443729 	
0.625	0.0508022 	0.00130104 	-1.99995 	0.26502 	0.557794 	-0.000431278 	
0.63	0.0508046 	0.00104175 	-1.99974 	0.265028 	0.557842 	-0.000418822 	
0.635	0.0509233 	0.000556639 	-1.99969 	0.265223 	0.559439 	0.000248666 	
0.64	0.0509258 	0.000294161 	-1.99948 	0.265231 	0.559487 	0.000261155 	
0.645	0.0509284 	3.01428e-05 	-1.99927 	0.265239 	0.559535 	0.000273646 	
0.65	0.0509311 	-0.00023543 	-1.99905 	0.265246 	0.559583 	0.000286135 	
0.655	0.0510537 	-0.000732132 	-1.999 	0.265452 	0.561216 	0.000970657 	
0.66	0.0510564 	-0.00100081 	-1.99878 	0.26546 	0.561265 	0.000983166 	
0.665	0.0510593 	-0.00127099 	-1.99856 	0.265468 	0.561314 	0.000995669 	
0.67	0.0510622 	-0.00154268 	-1.99834 	0.265476 	0.561363 	0.00100816 	
0.675	0.0511889 	-0.00205107 	-1.99828 	0.265693 	0.563033 	0.00171068 	
0.68	0.0511918 	-0.00232578 	-1.99806 	0.265701 	0.563082 	0.00172318 	
0.685	0.0511949 	-0.00260194 	-1.99783 	0.265709 	0.563132 	0.00173566 	
0.69	0.051198 	-0.00287956 	-1.99761 	0.265717 	0.563181 	0.00174814 	
0.695	0.0513289 	-0.00339937 	-1.99755 	0.265946 	0.564889 	0.00246847 	
0.7	0.0513321 	-0.00367992 	-1.99732 	0.265954 	0.564938 	0.00248094 	
0.705	0.0513354 	-0.00396187 	-1.99709 	0.265962 	0.564988 	0.00249338 	
0.71	0.0513387 	-0.00424524 	-1.99686 	0.26597 	0.565038 	0.0025058 	
0.715	0.0514738 	-0.00477614 	-1.9968 	0.26621 	0.566781 	0.00324368 	
0.72	0.0514772 	-0.00506235 	-1.99656 	0.266219 	0.566831 	0.00325608 	
0.725	0.0514808 	-0.00534991 	-1.99632 	0.266227 	0.566882 	0.00326845 	
0.73	0.0514843 	-0.00563885 	-1.99609 	0.266235 	0.566932 	0.0032808 	
0.735	0.0516236 	-0.0061805 	-1.99603 	0.266488 	0.56871 	0.0040359 	
0.74	0.0516273 	-0.00647218 	-1.99579 	0.266496 	0.56876 	0.00404821 	
0.745	0.051631 	-0.00676516 	-1.99554 	0.266504 	0.568811 	0.00406049 	
0.75	0.0516349 	-0.00705946 	-1.9953 	0.266512 	0.568862 	0.00407273 	
0.755	0.0517783 	-0.00761152 	-1.99524 	0.266778 	0.570673 	0.00484474 	
0.76	0.0517823 	-0.00790847 	-1.99499 	0.266786 	0.570724 	0.00485694 	
0.765	0.0517863 	-0.00820668 	-1.99475 	0.266794 	0.570775 	0.00486909 	
0.77	0.0517903 	-0.00850616 	-1.9945 	0.266803 	0.570826 	0.0048812 	
0.775	0.051938 	-0.00906828 	-1.99443 	0.267081 	0.572669 	0.0056698 	
0.78	0.0519422 	-0.00937031 	-1.99418 	0.267089 	0.57272 	0.00568185 	
0.785	0.0519465 	-0.00967355 	-1.99393 	0.267097 	0.572771 	0.00569385 	
0.79	0.0519508 	-0.00997801 	-1.99368 	0.267106 	0.572823 	0.0057058 	
0.795	0.0521027 	-0.0105498 	-1.99361 	0.267397 	0.574696 	0.00651064 	
0.8	0.0521071 	-0.0108567 	-1.99335 	0.267406 	0.574748 	0.00652252 	
0.805	0.0521116 	-0.0111648 	-1.9931 	0.267414 	0.5748 	0.00653435 	
0.81	0.0521162 	-0.011474 	-1.99284 	0.267422 	0.574851 	0.00654612 	
0.815	0.0522723 	-0.0120552 	-1.99277 	0.267727 	0.576754 	0.00736685 	
0.82	0.052277 	-0.0123668 	-1.99251 	0.267735 	0.576806 	0.00737853 	
0.825	0.0522818 	-0.0126794 	-1.99225 	0.267744 	0.576858 	0.00739016 	
0.83	0.0522867 	-0.0129933 	-1.99199 	0.267752 	0.57691 	0.00740172 	
0.835	0.0524469 	-0.0135833 	-1.99191 	0.26807 	0.57884 	0.00823798 	
0.84	0.0524519 	-0.0138994 	-1.99165 	0.268079 	0.578892 	0.00824945 	
0.845	0.052457 	-0.0142165 	-1.99138 	0.268087 	0.578944 	0.00826085 	
0.85	0.0524621 	-0.0145347 	-1.99112 	0.268095 	0.578996 	0.00827218 	
0.855	0.0526265 	-0.0151333 	-1.99104 	0.268428 	0.580954 	0.00912361 	
0.86	0.0526318 	-0.0154537 	-1.99077 	0.268436 	0.581006 	0.00913483 	
0.865	0.0526371 	-0.015775 	-1.9905 	0.268444 	0.581058 	0.00914598 	
0.87	0.0526425 	-0.0160973 	-1.99023 	0.268453 	0.58111 	0.00915705 	
0.875	0.0528111 	-0.0167042 	-1.99015 	0.268799 	0.583093 	0.0100233 	
0.88	0.0528166 	-0.0170285 	-1.98988 	0.268807 	0.583145 	0.0100342 	
0.885	0.0528222 	-0.0173539 	-1.9896 	0.268816 	0.583197 	0.0100451 	
0.89	0.052957 	-0.0179024 	-1.98948 	0.269096 	0.584761 	0.0107287 	
0.895	0.0529627 	-0.0182297 	-1.9892 	0.269104 	0.584813 	0.0107395 	
0.9	0.0529685 	-0.0185579 	-1.98893 	0.269112 	0.584865 	0.0107501 	
0.905	0.0529744 	-0.018887 	-1.98865 	0.269121 	0.584917 	0.0107607 	
0.91	0.0531465 	-0.0195008 	-1.98856 	0.269484 	0.586897 	0.0116323 	
0.915	0.0531525 	-0.0198317 	-1.98828 	0.269492 	0.586949 	0.0116427 	
0.92	0.0531586 	-0.0201636 	-1.988 	0.2695 	0.587001 	0.011653 	
0.925	0.0532987 	-0.0207228 	-1.98787 	0.269799 	0.588592 	0.0123535 	
0.93	0.0533049 	-0.0210564 	-1.98758 	0.269807 	0.588643 	0.0123636 	
0.935	0.0533112 	-0.0213908 	-1.9873 	0.269816 	0.588695 	0.0123737 	
0.94	0.0534501 	-0.0219486 	-1.98716 	0.270115 	0.590257 	0.0130635 	
0.945	0.0534565 	-0.0222847 	-1.98688 	0.270123 	0.590308 	0.0130734 	
0.95	0.053463 	-0.0226215 	-1.98659 	0.270131 	0.59036 	0.0130833 	
0.955	0.0536039 	-0.023183 	-1.98645 	0.270438 	0.591929 	0.0137784 	
0.96	0.0536105 	-0.0235214 	-1.98616 	0.270446 	0.59198 	0.0137881 	
0.965	0.0536172 	-0.0238606 	-1.98588 	0.270454 	0.592032 	0.0137977 	
0.97	0.0537604 	-0.0244261 	-1.98573 	0.270769 	0.59361 	0.0144997 	
0.975	0.0537672 	-0.0247668 	-1.98544 	0.270777 	0.593661 	0.0145091 	
0.98	0.0537742 	-0.0251082 	-1.98515 	0.270785 	0.593713 	0.0145184 	
0.985	0.0539196 	-0.0256774 	-1.985 	0.271109 	0.595301 	0.0152274 	
0.99	0.0539266 	-0.0260203 	-1.98471 	0.271117 	0.595352 	0.0152365 	
0.995	0.0539338 	-0.0263637 	-1.98442 	0.271125 	0.595403 	0.0152455 	
1	0.0540814 	-0.0269366 	-1.98427 	0.271456 	0.597 	0.0159611 	
1.005	0.0540887 	-0.0272814 	-1.98398 	0.271464 	0.597051 	0.0159699 	
1.01	0.0540961 	-0.0276269 	-1.98368 	0.271472 	0.597102 	0.0159786 	
1.015	0.054246 	-0.0282032 	-1.98353 	0.271812 	0.598707 	0.0167008 	
1.02	0.0542535 	-0.0285499 	-1.98323 	0.27182 	0.598758 	0.0167092 	
1.025	0.0542611 	-0.0288971 	-1.98294 	0.271828 	0.598808 	0.0167176 	
1.03	0.0544132 	-0.0294766 	-1.98278 	0.272176 	0.600422 	0.0174461 	
1.035	0.0544209 	-0.029825 	-1.98248 	0.272184 	0.600472 	0.0174543 	
1.04	0.0544287 	-0.030174 	-1.98218 	0.272192 	0.600522 	0.0174623 	
1.045	0.054583 	-0.0307565 	-1.98203 	0.272548 	0.602143 	0.0181969 	
1.05	0.0545909 	-0.0311065 	-1.98173 	0.272556 	0.602193 	0.0182047 	
1.055	0.0545989 	-0.0314571 	-1.98143 	0.272564 	0.602242 	0.0182124 	
1.06	0.0547553 	-0.0320423 	-1.98127 	0.272929 	0.60387 	0.0189529 	
1.065	0.0547635 	-0.0323939 	-1.98096 	0.272936 	0.603919 	0.0189604 	
1.07	0.0547717 	-0.0327458 	-1.98066 	0.272944 	0.603969 	0.0189678 	
1.075	0.0549302 	-0.0333336 	-1.9805 	0.273317 	0.605602 	0.0197139 	
1.08	0.0549386 	-0.0336865 	-1.9802 	0.273325 	0.605651 	0.019721 	
1.085	0.054947 	-0.0340398 	-1.97989 	0.273332 	0.6057 	0.0197281 	
1.09	0.0551076 	-0.03463 	-1.97973 	0.273714 	0.607339 	0.0204797 	
1.095	0.0551162 	-0.0349841 	-1.97942 	0.273721 	0.607387 	0.0204865 	
1.1	0.0551248 	-0.0353386 	-1.97912 	0.273729 	0.607436 	0.0204932 	
1.105	0.0552875 	-0.0359308 	-1.97895 	0.274118 	0.60908 	0.02125 	
1.11	0.0552963 	-0.0362861 	-1.97864 	0.274126 	0.609128 	0.0212565 	
1.115	0.0553051 	-0.0366416 	-1.97833 	0.274133 	0.609176 	0.0212628 	
1.12	0.0554698 	-0.0372357 	-1.97817 	0.274531 	0.610823 	0.0220246 	
1.125	0.0554788 	-0.037592 	-1.97786 	0.274538 	0.610871 	0.0220307 	
1.13	0.0554878 	-0.0379484 	-1.97755 	0.274545 	0.610918 	0.0220367 	
1.135	0.0556545 	-0.0385442 	-1.97738 	0.274951 	0.61257 	0.0228033 	
1.14	0.0556636 	-0.0389013 	-1.97707 	0.274958 	0.612617 	0.022809 	
1.145	0.0556729 	-0.0392586 	-1.97676 	0.274966 	0.612664 	0.0228146 	
1.15	0.0558415 	-0.0398559 	-1.97658 	0.275379 	0.614318 	0.0235858 	
1.155	0.0558508 	-0.0402136 	-1.97627 	0.275386 	0.614364 	0.0235912 	
1.16	0.0558603 	-0.0405716 	-1.97596 	0.275394 	0.614411 	0.0235964 	
1.165	0.0560307 	-0.0411701 	-1.97579 	0.275815 	0.616067 	0.0243719 	
1.17	0.0560403 	-0.0415285 	-1.97547 	0.275822 	0.616113 	0.0243769 	
1.175	0.05605 	-0.041887 	-1.97516 	0.275829 	0.616159 	0.0243817 	
1.18	0.0562222 	-0.0424865 	-1.97498 	0.276259 	0.617817 	0.0251613 	
1.185	0.056232 	-0.0428453 	-1.97467 	0.276266 	0.617862 	0.0251659 	
1.19	0.0562419 	-0.0432043 	-1.97436 	0.276272 	0.617908 	0.0251704 	
1.195	0.0564159 	-0.0438045 	-1.97418 	0.27671 	0.619566 	0.0259538 	
1.2	0.0564259 	-0.0441637 	-1.97386 	0.276717 	0.619611 	0.025958 	
1.205	0.0564359 	-0.0445229 	-1.97355 	0.276723 	0.619656 	0.0259621 	
1.21	0.0566117 	-0.0451237 	-1.97337 	0.277168 	0.621315 	0.0267492 	
1.215	0.0566218 	-0.0454831 	-1.97305 	0.277175 	0.62136 	0.026753 	
1.22	0.0566321 	-0.0458425 	-1.97273 	0.277181 	0.621404 	0.0267566 	
1.225	0.0568095 	-0.0464437 	-1.97255 	0.277634 	0.623063 	0.027547 	
1.23	0.0568199 	-0.0468031 	-1.97224 	0.27764 	0.623106 	0.0275505 	
1.235	0.0568303 	-0.0471626 	-1.97192 	0.277647 	0.62315 	0.0275537 	
1.24	0.0570093 	-0.0477638 	-1.97174 	0.278107 	0.624808 	0.0283472 	
1.245	0.0570198 	-0.0481233 	-1.97142 	0.278113 	0.624851 	0.0283503 	
1.25	0.0570304 	-0.0484826 	-1.9711 	0.278119 	0.624894 	0.0283531 	
1.255	0.0572111 	-0.0490838 	-1.97092 	0.278587 	0.62655 	0.0291495 	
1.26	0.0572218 	-0.049443 	-1.9706 	0.278593 	0.626593 	0.0291521 	
1.265	0.0572325 	-0.0498021 	-1.97028 	0.278599 	0.626635 	0.0291546 	
1.27	0.0574146 	-0.0504029 	-1.97009 	0.279073 	0.628289 	0.0299535 	
1.275	0.0574255 	-0.0507619 	-1.96978 	0.279079 	0.628331 	0.0299558 	
1.28	0.0574364 	-0.0511206 	-1.96946 	0.279085 	0.628372 	0.0299578 	
1.285	0.05762 	-0.0517209 	-1.96927 	0.279566 	0.630024 	0.0307591 	
1.29	0.057631 	-0.0520794 	-1.96895 	0.279572 	0.630065 	0.0307609 	
1.295	0.0576421 	-0.0524377 	-1.96863 	0.279578 	0.630106 	0.0307626 	
1.3	0.0578271 	-0.0530372 	-1.96844 	0.280066 	0.631754 	0.0315659 	
1.305	0.0578383 	-0.0533952 	-1.96812 	0.280072 	0.631794 	0.0315674 	
1.31	0.0578495 	-0.0537528 	-1.9678 	0.280078 	0.631835 	0.0315686 	
1.315	0.0580358 	-0.0543514 	-1.96761 	0.280572 	0.633479 	0.0323737 	
1.32	0.0580471 	-0.0547086 	-1.96729 	0.280578 	0.633519 	0.0323748 	
1.325	0.0580585 	-0.0550656 	-1.96697 	0.280583 	0.633558 	0.0323756 	
1.33	0.058246 	-0.0556629 	-1.96678 	0.281084 	0.635198 	0.0331823 	
1.335	0.0582575 	-0.0560193 	-1.96646 	0.28109 	0.635237 	0.0331829 	
1.34	0.0582691 	-0.0563754 	-1.96614 	0.281095 	0.635275 	0.0331834 	
1.345	0.0584577 	-0.0569713 	-1.96595 	0.281602 	0.63691 	0.0339912 	
1.35	0.0584693 	-0.0573268 	-1.96563 	0.281608 	0.636948 	0.0339914 	
1.355	0.058481 	-0.0576819 	-1.96531 	0.281613 	0.636986 	0.0339915 	
1.36	0.0586708 	-0.0582762 	-1.96512 	0.282126 	0.638615 	0.0348003 	
1.365	0.0586826 	-0.0586306 	-1.9648 	0.282131 	0.638652 	0.0348002 	
1.37	0.0586944 	-0.0589846 	-1.96448 	0.282136 	0.63869 	0.0347998 	
1.375	0.0588852 	-0.059577 	-1.96429 	0.282655 	0.640312 	0.0356093 	
1.38	0.0588971 	-0.0599303 	-1.96397 	0.28266 	0.640349 	0.0356087 	
1.385	0.058909 	-0.060283 	-1.96365 	0.282665 	0.640386 	0.0356081 	
1.39	0.0591007 	-0.0608734 	-1.96345 	0.28319 	0.642001 	0.0364179 	
1.395	0.0591128 	-0.0612253 	-1.96313 	0.283194 	0.642037 	0.0364169 	
1.4	0.0591248 	-0.0615767 	-1.96282 	0.283199 	0.642073 	0.0364159 	
1.405	0.0593174 	-0.0621647 	-1.96262 	0.283729 	0.643681 	0.0372258 	
1.41	0.0593296 	-0.0625152 	-1.9623 	0.283734 	0.643716 	0.0372244 	
1.415	0.0593417 	-0.0628652 	-1.96199 	0.283738 	0.643751 	0.037223 	
1.42	0.0595351 	-0.0634507 	-1.96179 	0.284273 	0.645351 	0.0380327 	
1.425	0.0595474 	-0.0637996 	-1.96147 	0.284278 	0.645386 	0.038031 	
1.43	0.0595597 	-0.064148 	-1.96115 	0.284282 	0.64542 	0.0380291 	
1.435	0.0597537 	-0.0647308 	-1.96095 	0.284822 	0.647011 	0.0388383 	
1.44	0.0597661 	-0.0650781 	-1.96064 	0.284826 	0.647045 	0.0388363 	
1.445	0.0597785 	-0.0654247 	-1.96032 	0.28483 	0.647079 	0.038834 	
1.45	0.0599732 	-0.0660046 	-1.96012 	0.285375 	0.648661 	0.0396424 	
1.455	0.0599856 	-0.06635 	-1.95981 	0.285379 	0.648694 	0.03964 	
1.46	0.0599981 	-0.0666948 	-1.9595 	0.285382 	0.648727 	0.0396374 	
1.465	0.0601933 	-0.0672716 	-1.95929 	0.285931 	0.650299 	0.0404447 	
1.47	0.0602058 	-0.0676151 	-1.95898 	0.285935 	0.650331 	0.0404419 	
1.475	0.0602184 	-0.067958 	-1.95867 	0.285939 	0.650363 	0.0404389 	
1.48	0.0604141 	-0.0685314 	-1.95847 	0.286492 	0.651925 	0.0412448 	
1.485	0.0604267 	-0.0688729 	-1.95815 	0.286495 	0.651957 	0.0412416 	
1.49	0.0604394 	-0.0692137 	-1.95784 	0.286499 	0.651988 	0.0412383 	
1.495	0.0606354 	-0.0697836 	-1.95764 	0.287055 	0.653539 	0.0420424 	
1.5	0.060648 	-0.0701229 	-1.95733 	0.287059 	0.65357 	0.0420389 	
1.505	0.0606608 	-0.0704615 	-1.95702 	0.287062 	0.6536 	0.0420353 	
1.51	0.060857 	-0.0710276 	-1.95682 	0.287622 	0.65514 	0.0428374 	
1.515	0.0608698 	-0.0713647 	-1.95651 	0.287625 	0.65517 	0.0428335 	
1.52	0.0608826 	-0.0717009 	-1.9562 	0.287628 	0.6552 	0.0428295 	
1.525	0.061079 	-0.0722632 	-1.956 	0.288191 	0.656728 	0.0436292 	
1.53	0.0610918 	-0.0725978 	-1.95569 	0.288195 	0.656757 	0.043625 	
1.535	0.0611047 	-0.0729317 	-1.95538 	0.288198 	0.656786 	0.0436207 	
1.54	0.0613012 	-0.0734897 	-1.95518 	0.288763 	0.658301 	0.0444178 	
1.545	0.061314 	-0.0738219 	-1.95487 	0.288766 	0.65833 	0.0444133 	
1.55	0.0613269 	-0.0741532 	-1.95457 	0.288769 	0.658358 	0.0444086 	
1.555	0.0615234 	-0.0747069 	-1.95437 	0.289337 	0.65986 	0.0452027 	
1.56	0.0615363 	-0.0750365 	-1.95406 	0.28934 	0.659888 	0.0451979 	
1.565	0.0615493 	-0.0753651 	-1.95376 	0.289343 	0.659916 	0.0451929 	
1.57	0.0617456 	-0.0759143 	-1.95355 	0.289913 	0.661405 	0.0459837 	
1.575	0.0617586 	-0.0762412 	-1.95325 	0.289916 	0.661432 	0.0459786 	
1.58	0.0617715 	-0.0765671 	-1.95295 	0.289918 	0.661458 	0.0459733 	
1.585	0.0619677 	-0.0771115 	-1.95275 	0.290491 	0.662934 	0.0467604 	
1.59	0.0619806 	-0.0774355 	-1.95245 	0.290493 	0.66296 	0.046755 	
1.595	0.0619936 	-0.0777585 	-1.95215 	0.290495 	0.662986 	0.0467494 	
1.6	0.0621894 	-0.0782981 	-1.95195 	0.291069 	0.664447 	0.0475326 	
1.605	0.0622024 	-0.0786191 	-1.95165 	0.291071 	0.664472 	0.0475269 	
1.61	0.0622154 	-0.0789392 	-1.95135 	0.291073 	0.664497 	0.0475211 	
1.615	0.0624108 	-0.0794736 	-1.95115 	0.291648 	0.665943 	0.0483 	
1.62	0.0624238 	-0.0797916 	-1.95085 	0.29165 	0.665968 	0.048294 	
1.625	0.0624368 	-0.0801085 	-1.95056 	0.291652 	0.665992 	0.0482879 	
1.63	0.0624498 	-0.0804244 	-1.95026 	0.291654 	0.666017 	0.0482817 	
1.635	0.062699 	-0.081016 	-1.95009 	0.292401 	0.667865 	0.0492884 	
1.64	0.062712 	-0.0813298 	-1.9498 	0.292403 	0.667889 	0.0492821 	
1.645	0.062725 	-0.0816424 	-1.94951 	0.292405 	0.667913 	0.0492756 	
1.65	0.0629245 	-0.0821707 	-1.94931 	0.292998 	0.669364 	0.0500672 	
1.655	0.0629375 	-0.0824811 	-1.94902 	0.293 	0.669387 	0.0500606 	
1.66	0.0629505 	-0.0827904 	-1.94873 	0.293002 	0.66941 	0.0500539 	
1.665	0.0629635 	-0.0830986 	-1.94844 	0.293003 	0.669433 	0.0500471 	
1.67	0.0632111 	-0.0836761 	-1.94827 	0.293752 	0.671237 	0.0510407 	
1.675	0.063224 	-0.083982 	-1.94798 	0.293754 	0.671259 	0.0510337 	
1.68	0.0632369 	-0.0842867 	-1.9477 	0.293755 	0.671281 	0.0510267 	
1.685	0.0632499 	-0.0845902 	-1.94741 	0.293757 	0.671303 	0.0510196 	
1.69	0.0635009 	-0.0851644 	-1.94724 	0.294521 	0.673115 	0.0520246 	
1.695	0.0635138 	-0.0854656 	-1.94696 	0.294522 	0.673136 	0.0520174 	
1.7	0.0635267 	-0.0857655 	-1.94668 	0.294523 	0.673157 	0.0520101 	
1.705	0.0635396 	-0.0860641 	-1.9464 	0.294525 	0.673178 	0.0520027 	
1.71	0.0637894 	-0.0866296 	-1.94623 	0.295289 	0.674963 	0.0529989 	
1.715	0.0638022 	-0.0869258 	-1.94595 	0.29529 	0.674983 	0.0529914 	
1.72	0.063815 	-0.0872207 	-1.94567 	0.295291 	0.675003 	0.0529838 	
1.725	0.0638278 	-0.0875144 	-1.9454 	0.295292 	0.675023 	0.0529762 	
1.73	0.0640756 	-0.0880702 	-1.94523 	0.296053 	0.676777 	0.0539608 	
1.735	0.0640883 	-0.0883613 	-1.94495 	0.296054 	0.676796 	0.0539531 	
1.74	0.0641011 	-0.0886511 	-1.94468 	0.296055 	0.676816 	0.0539453 	
1.745	0.0641138 	-0.0889395 	-1.94441 	0.296056 	0.676834 	0.0539374 	
1.75	0.0643592 	-0.0894854 	-1.94424 	0.296814 	0.678556 	0.0549095 	
1.755	0.0643719 	-0.0897712 	-1.94397 	0.296814 	0.678574 	0.0549015 	
1.76	0.0643845 	-0.0900556 	-1.9437 	0.296815 	0.678592 	0.0548935 	
1.765	0.0643971 	-0.0903387 	-1.94343 	0.296815 	0.67861 	0.0548854 	
1.77	0.06464 	-0.0908742 	-1.94327 	0.297569 	0.680298 	0.0558442 	
1.775	0.0646525 	-0.0911546 	-1.943 	0.297569 	0.680315 	0.055836 	
1.78	0.0646651 	-0.0914336 	-1.94274 	0.29757 	0.680332 	0.0558278 	
1.785	0.0646776 	-0.0917111 	-1.94248 	0.29757 	0.68035 	0.0558195 	
1.79	0.0649176 	-0.092236 	-1.94231 	0.298318 	0.682002 	0.0567641 	
1.795	0.0649301 	-0.0925107 	-1.94205 	0.298318 	0.682019 	0.0567558 	
1.8	0.0649425 	-0.0927841 	-1.94179 	0.298318 	0.682035 	0.0567474 	
1.805	0.0649548 	-0.0930559 	-1.94153 	0.298319 	0.682052 	0.0567389 	
1.81	0.0651918 	-0.0935698 	-1.94137 	0.29906 	0.683669 	0.0576686 	
1.815	0.0652041 	-0.0938388 	-1.94111 	0.29906 	0.683685 	0.0576601 	
1.82	0.0652164 	-0.0941063 	-1.94086 	0.29906 	0.6837 	0.0576516 	
1.825	0.0652286 	-0.0943724 	-1.94061 	0.29906 	0.683716 	0.057643 	
1.83	0.0654623 	-0.094875 	-1.94044 	0.299794 	0.685296 	0.058557 	
1.835	0.0654744 	-0.0951381 	-1.94019 	0.299794 	0.685312 	0.0585484 	
1.84	0.0654865 	-0.0953996 	-1.93994 	0.299794 	0.685326 	0.0585397 	
1.845	0.0654986 	-0.0956596 	-1.9397 	0.299794 	0.685341 	0.058531 	
1.85	0.0657287 	-0.0961507 	-1.93954 	0.300519 	0.686885 	0.0594286 	
1.855	0.0657407 	-0.0964077 	-1.93929 	0.300519 	0.686899 	0.0594198 	
1.86	0.0657526 	-0.0966631 	-1.93905 	0.300519 	0.686913 	0.059411 	
1.865	0.0657645 	-0.096917 	-1.9388 	0.300519 	0.686927 	0.0594022 	
1.87	0.0659909 	-0.0973963 	-1.93865 	0.301235 	0.688432 	0.0602826 	
1.875	0.0660026 	-0.097647 	-1.93841 	0.301235 	0.688446 	0.0602738 	
1.88	0.0660143 	-0.0978962 	-1.93817 	0.301234 	0.688459 	0.0602649 	
1.885	0.066026 	-0.0981438 	-1.93793 	0.301234 	0.688472 	0.0602561 	
1.89	0.0662484 	-0.0986109 	-1.93778 	0.30194 	0.689939 	0.0611185 	
1.895	0.0662599 	-0.0988553 	-1.93754 	0.301939 	0.689952 	0.0611096 	
1.9	0.0662715 	-0.0990981 	-1.93731 	0.301939 	0.689964 	0.0611007 	
1.905	0.0662829 	-0.0993392 	-1.93708 	0.301938 	0.689977 	0.0610918 	
1.91	0.066501 	-0.099794 	-1.93693 	0.302633 	0.691404 	0.0619355 	
1.915	0.0665124 	-0.100032 	-1.9367 	0.302632 	0.691416 	0.0619265 	
1.92	0.0665237 	-0.100268 	-1.93647 	0.302632 	0.691428 	0.0619176 	
1.925	0.0665349 	-0.100503 	-1.93625 	0.302631 	0.69144 	0.0619087 	
1.93	0.0667485 	-0.100945 	-1.9361 	0.303314 	0.692827 	0.0627329 	
1.935	0.0667596 	-0.101176 	-1.93587 	0.303313 	0.692838 	0.062724 	
1.94	0.0667706 	-0.101406 	-1.93565 	0.303312 	0.692849 	0.0627151 	
1.945	0.0667817 	-0.101634 	-1.93543 	0.303312 	0.69286 	0.0627062 	
1.95	0.0667926 	-0.10186 	-1.93522 	0.303311 	0.692871 	0.0626973 	
1.955	0.067045 	-0.102332 	-1.93509 	0.304129 	0.694511 	0.0636804 	
1.96	0.0670558 	-0.102555 	-1.93487 	0.304128 	0.694521 	0.0636715 	
1.965	0.0670666 	-0.102776 	-1.93466 	0.304127 	0.694532 	0.0636626 	
1.97	0.0670773 	-0.102995 	-1.93445 	0.304126 	0.694542 	0.0636538 	
1.975	0.0670879 	-0.103213 	-1.93424 	0.304125 	0.694552 	0.0636449 	
1.98	0.0673373 	-0.103671 	-1.93411 	0.304937 	0.696158 	0.0646145 	
1.985	0.0673477 	-0.103885 	-1.93391 	0.304936 	0.696168 	0.0646057 	
1.99	0.0673581 	-0.104098 	-1.9337 	0.304935 	0.696178 	0.0645969 	
1.995	0.0673685 	-0.104308 	-1.9335 	0.304934 	0.696187 	0.0645882 	
2	0.0673788 	-0.104517 	-1.93329 	0.304933 	0.696196 	0.0645794 	
2.005	0.0676204 	-0.104957 	-1.93317 	0.305722 	0.69774 	0.0655167 	
2.01	0.0676305 	-0.105162 	-1.93298 	0.305721 	0.697749 	0.0655081 	
2.015	0.0676406 	-0.105366 	-1.93278 	0.30572 	0.697758 	0.0654994 	
2.02	0.0676506 	-0.105567 	-1.93258 	0.305719 	0.697766 	0.0654908 	
2.025	0.0676605 	-0.105767 	-1.93239 	0.305718 	0.697775 	0.0654822 	
2.03	0.0678936 	-0.106188 	-1.93227 	0.306482 	0.699251 	0.066384 	
2.035	0.0679033 	-0.106385 	-1.93208 	0.306481 	0.69926 	0.0663755 	
2.04	0.067913 	-0.106579 	-1.93189 	0.30648 	0.699268 	0.066367 	
2.045	0.0679226 	-0.106771 	-1.93171 	0.306479 	0.699276 	0.0663586 	
2.05	0.0679322 	-0.106962 	-1.93152 	0.306478 	0.699284 	0.0663501 	
2.055	0.0681562 	-0.107364 	-1.93141 	0.307215 	0.700692 	0.0672151 	
2.06	0.0681655 	-0.10755 	-1.93123 	0.307214 	0.700699 	0.0672068 	
2.065	0.0681748 	-0.107735 	-1.93105 	0.307212 	0.700707 	0.0671985 	
2.07	0.068184 	-0.107919 	-1.93087 	0.307211 	0.700714 	0.0671902 	
2.075	0.0681932 	-0.1081 	-1.93069 	0.30721 	0.700721 	0.067182 	
2.08	0.0682022 	-0.108279 	-1.93052 	0.307209 	0.700728 	0.0671739 	
2.085	0.0684524 	-0.108694 	-1.93042 	0.30804 	0.702298 	0.0681456 	
2.09	0.0684613 	-0.10887 	-1.93025 	0.308039 	0.702305 	0.0681376 	
2.095	0.0684701 	-0.109044 	-1.93008 	0.308038 	0.702312 	0.0681296 	
2.1	0.0684788 	-0.109215 	-1.92992 	0.308037 	0.702318 	0.0681216 	
2.105	0.0684875 	-0.109385 	-1.92975 	0.308036 	0.702325 	0.0681137 	
2.11	0.068496 	-0.109553 	-1.92959 	0.308034 	0.702331 	0.0681058 	
2.115	0.0687361 	-0.109945 	-1.9295 	0.308836 	0.703825 	0.0690371 	
2.12	0.0687445 	-0.110109 	-1.92934 	0.308834 	0.703832 	0.0690294 	
2.125	0.0687527 	-0.110272 	-1.92918 	0.308833 	0.703837 	0.0690217 	
2.13	0.0687609 	-0.110432 	-1.92902 	0.308832 	0.703843 	0.0690141 	
2.135	0.068769 	-0.11059 	-1.92887 	0.308831 	0.703849 	0.0690065 	
2.14	0.068777 	-0.110746 	-1.92872 	0.308829 	0.703855 	0.0689991 	
2.145	0.0690028 	-0.111112 	-1.92863 	0.309585 	0.705249 	0.0698729 	
2.15	0.0690106 	-0.111264 	-1.92848 	0.309584 	0.705254 	0.0698656 	
2.155	0.0690183 	-0.111414 	-1.92834 	0.309583 	0.70526 	0.0698583 	
2.16	0.069026 	-0.111563 	-1.92819 	0.309582 	0.705265 	0.0698511 	
2.165	0.0690335 	-0.111709 	-1.92805 	0.30958 	0.70527 	0.069844 	
2.17	0.069041 	-0.111853 	-1.92791 	0.309579 	0.705275 	0.0698369 	
2.175	0.0690483 	-0.111996 	-1.92777 	0.309578 	0.70528 	0.0698299 	
2.18	0.0692875 	-0.112359 	-1.9277 	0.310385 	0.706752 	0.0707593 	
2.185	0.0692946 	-0.112498 	-1.92756 	0.310384 	0.706757 	0.0707525 	
2.19	0.0693017 	-0.112634 	-1.92743 	0.310383 	0.706762 	0.0707457 	
2.195	0.0693087 	-0.112769 	-1.9273 	0.310382 	0.706766 	0.070739 	
2.2	0.0693155 	-0.112901 	-1.92717 	0.31038 	0.70677 	0.0707324 	
2.205	0.0693223 	-0.113031 	-1.92704 	0.310379 	0.706775 	0.0707259 	
2.21	0.069329 	-0.113159 	-1.92692 	0.310378 	0.706779 	0.0707195 	
2.215	0.06955 	-0.113491 	-1.92685 	0.311127 	0.70813 	0.0715773 	
2.22	0.0695564 	-0.113615 	-1.92673 	0.311126 	0.708134 	0.071571 	
2.225	0.0695628 	-0.113737 	-1.92661 	0.311125 	0.708138 	0.0715648 	
2.23	0.0695691 	-0.113857 	-1.9265 	0.311124 	0.708141 	0.0715587 	
2.235	0.0695752 	-0.113975 	-1.92638 	0.311122 	0.708145 	0.0715527 	
2.24	0.0695813 	-0.114091 	-1.92627 	0.311121 	0.708149 	0.0715468 	
2.245	0.0695873 	-0.114205 	-1.92615 	0.31112 	0.708152 	0.0715409 	
2.25	0.0695931 	-0.114317 	-1.92604 	0.311119 	0.708156 	0.0715352 	
2.255	0.0698148 	-0.114632 	-1.926 	0.311875 	0.709506 	0.0723979 	
2.26	0.0698204 	-0.114739 	-1.92589 	0.311874 	0.709509 	0.0723924 	
2.265	0.069826 	-0.114845 	-1.92579 	0.311873 	0.709512 	0.0723869 	
2.27	0.0698314 	-0.114949 	-1.92569 	0.311872 	0.709515 	0.0723815 	
2.275	0.0698367 	-0.11505 	-1.92559 	0.311871 	0.709518 	0.0723762 	
2.28	0.069842 	-0.11515 	-1.92549 	0.31187 	0.709521 	0.0723711 	
2.285	0.0698471 	-0.115247 	-1.92539 	0.311869 	0.709524 	0.072366 	
2.29	0.0698521 	-0.115342 	-1.9253 	0.311868 	0.709527 	0.072361 	
2.295	0.069857 	-0.115436 	-1.92521 	0.311867 	0.70953 	0.0723561 	
2.3	0.0698619 	-0.115527 	-1.92512 	0.311866 	0.709533 	0.0723513 	
2.305	0.0700937 	-0.11583 	-1.92509 	0.312665 	0.710941 	0.0732587 	
2.31	0.0700983 	-0.115916 	-1.92501 	0.312664 	0.710944 	0.0732541 	
2.315	0.0701028 	-0.116001 	-1.92492 	0.312663 	0.710946 	0.0732497 	
2.32	0.0701071 	-0.116084 	-1.92484 	0.312662 	0.710949 	0.0732453 	
2.325	0.0701114 	-0.116164 	-1.92476 	0.312661 	0.710951 	0.073241 	
2.33	0.0701155 	-0.116243 	-1.92469 	0.31266 	0.710953 	0.0732368 	
2.335	0.0701196 	-0.116319 	-1.92461 	0.312659 	0.710956 	0.0732328 	
2.34	0.0701235 	-0.116393 	-1.92454 	0.312659 	0.710958 	0.0732288 	
2.345	0.0701273 	-0.116466 	-1.92447 	0.312658 	0.71096 	0.0732249 	
2.35	0.0701311 	-0.116536 	-1.9244 	0.312657 	0.710962 	0.0732212 	
2.355	0.0701347 	-0.116603 	-1.92433 	0.312656 	0.710964 	0.0732176 	
2.36	0.0701382 	-0.116669 	-1.92427 	0.312656 	0.710965 	0.073214 	
2.365	0.0701415 	-0.116733 	-1.9242 	0.312655 	0.710967 	0.0732106 	
2.37	0.0703703 	-0.117005 	-1.9242 	0.31345 	0.712354 	0.0741111 	
2.375	0.0703734 	-0.117064 	-1.92415 	0.313449 	0.712356 	0.0741079 	
2.38	0.0703765 	-0.117121 	-1.92409 	0.313449 	0.712358 	0.0741048 	
2.385	0.0703794 	-0.117176 	-1.92403 	0.313448 	0.712359 	0.0741018 	
2.39	0.0703822 	-0.117229 	-1.92398 	0.313447 	0.71236 	0.074099 	
2.395	0.0703849 	-0.11728 	-1.92393 	0.313447 	0.712362 	0.0740962 	
2.4	0.0703875 	-0.117329 	-1.92388 	0.313446 	0.712363 	0.0740936 	
2.405	0.07039 	-0.117375 	-1.92384 	0.313446 	0.712364 	0.0740911 	
2.41	0.0703923 	-0.117419 	-1.92379 	0.313445 	0.712366 	0.0740886 	
2.415	0.0703946 	-0.117461 	-1.92375 	0.313445 	0.712367 	0.0740863 	
2.42	0.0703967 	-0.117501 	-1.92371 	0.313444 	0.712368 	0.0740842 	
2.425	0.0703985 	-0.117536 	-1.92368 	0.313444 	0.712369 	0.0740823 	
2.43	0.0704006 	-0.117575 	-1.92364 	0.313443 	0.71237 	0.0740802 	
2.435	0.0704023 	-0.117605 	-1.92361 	0.313443 	0.712371 	0.0740785 	
2.44	0.0704039 	-0.117637 	-1.92358 	0.313443 	0.712371 	0.0740768 	
2.445	0.0704055 	-0.117666 	-1.92355 	0.313442 	0.712372 	0.0740752 	
2.45	0.070407 	-0.117693 	-1.92352 	0.313442 	0.712373 	0.0740737 	
2.455	0.0704083 	-0.117718 	-1.9235 	0.313442 	0.712374 	0.0740723 	
2.46	0.0704095 	-0.117741 	-1.92348 	0.313442 	0.712374 	0.074071 	
2.465	0.0704106 	-0.117762 	-1.92346 	0.313441 	0.712375 	0.0740699 	
2.47	0.0704116 	-0.117781 	-1.92344 	0.313441 	0.712375 	0.0740689 	
2.475	0.0704125 	-0.117797 	-1.92342 	0.313441 	0.712376 	0.074068 	
2.48	0.0704133 	-0.117812 	-1.92341 	0.313441 	0.712376 	0.0740672 	
2.485	0.0704139 	-0.117824 	-1.9234 	0.313441 	0.712376 	0.0740665 	
2.49	0.0704145 	-0.117834 	-1.92339 	0.31344 	0.712377 	0.074066 	
2.495	0.0704149 	-0.117842 	-1.92338 	0.31344 	0.712377 	0.0740655 	
2.5	0.0704152 	-0.117847 	-1.92337 	0.31344 	0.712377 	0.0740652 	
2.505	0.0704152 	-0.117847 	-1.92337 	0.31344 	0.712377 	0.0740652 	
2.51	0.0704183 	-0.117855 	-1.92336 	0.313439 	0.712377 	0.0740612 	
2.515	0.0704183 	-0.117855 	-1.92336 	0.313439 	0.712377 	0.0740612 	
2.52	0.0704168 	-0.117859 	-1.92336 	0.313438 	0.712372 	0.0740613 	
2.525	0.0704143 	-0.117863 	-1.92335 	0.313438 	0.712367 	0.0740619 	
2.53	0.0704108 	-0.117869 	-1.92333 	0.313437 	0.712359 	0.0740629 	
2.535	0.0704063 	-0.117876 	-1.92332 	0.313436 	0.712349 	0.0740641 	
2.54	0.0704008 	-0.117885 	-1.9233 	0.313434 	0.712336 	0.0740656 	
2.545	0.0703942 	-0.117896 	-1.92327 	0.313432 	0.712321 	0.0740673 	
2.55	0.0703866 	-0.117909 	-1.92324 	0.31343 	0.712304 	0.0740694 	
2.555	0.070378 	-0.117923 	-1.92321 	0.313428 	0.712285 	0.0740717 	
2.56	0.0703683 	-0.117939 	-1.92317 	0.313425 	0.712263 	0.0740743 	
2.565	0.0703576 	-0.117957 	-1.92313 	0.313422 	0.712239 	0.0740772 	
2.57	0.0703459 	-0.117976 	-1.92309 	0.313419 	0.712212 	0.0740803 	
2.575	0.0703332 	-0.117997 	-1.92304 	0.313415 	0.712183 	0.0740837 	
2.58	0.0703181 	-0.118022 	-1.92299 	0.313411 	0.712149 	0.0740878 	
2.585	0.0703032 	-0.118047 	-1.92293 	0.313407 	0.712115 	0.0740918 	
2.59	0.0702873 	-0.118073 	-1.92287 	0.313402 	0.712079 	0.074096 	
2.595	0.0702704 	-0.118101 	-1.92281 	0.313398 	0.712041 	0.0741006 	
2.6	0.0702442 	-0.118122 	-1.92275 	0.313396 	0.712002 	0.0741163 	
2.605	0.0702252 	-0.118153 	-1.92268 	0.313391 	0.711959 	0.0741214 	
2.61	0.0702053 	-0.118186 	-1.92261 	0.313385 	0.711914 	0.0741268 	
2.615	0.0701843 	-0.118221 	-1.92253 	0.31338 	0.711866 	0.0741324 	
2.62	0.0701623 	-0.118257 	-1.92245 	0.313373 	0.711817 	0.0741383 	
2.625	0.0701393 	-0.118295 	-1.92236 	0.313367 	0.711764 	0.0741445 	
2.63	0.0701153 	-0.118335 	-1.92227 	0.31336 	0.71171 	0.074151 	
2.635	0.0700903 	-0.118376 	-1.92218 	0.313354 	0.711653 	0.0741577 	
2.64	0.0700643 	-0.118419 	-1.92208 	0.313346 	0.711594 	0.0741646 	
2.645	0.0700372 	-0.118464 	-1.92198 	0.313339 	0.711533 	0.0741719 	
2.65	0.0700092 	-0.118511 	-1.92187 	0.313331 	0.71147 	0.0741794 	
2.655	0.0699802 	-0.118559 	-1.92176 	0.313323 	0.711404 	0.0741872 	
2.66	0.0699502 	-0.118608 	-1.92165 	0.313315 	0.711336 	0.0741952 	
2.665	0.0699191 	-0.11866 	-1.92153 	0.313306 	0.711266 	0.0742035 	
2.67	0.0698871 	-0.118713 	-1.92141 	0.313297 	0.711193 	0.0742121 	
2.675	0.0698541 	-0.118768 	-1.92129 	0.313288 	0.711118 	0.0742209 	
2.68	0.0698201 	-0.118824 	-1.92116 	0.313279 	0.711041 	0.07423 	
2.685	0.0697852 	-0.118882 	-1.92103 	0.313269 	0.710962 	0.0742394 	
2.69	0.0697492 	-0.118942 	-1.9209 	0.313259 	0.71088 	0.074249 	
2.695	0.0697123 	-0.119003 	-1.92076 	0.313249 	0.710796 	0.0742589 	
2.7	0.0696743 	-0.119066 	-1.92062 	0.313238 	0.71071 	0.074269 	
2.705	0.0696354 	-0.119131 	-1.92047 	0.313227 	0.710622 	0.0742794 	
2.71	0.0695956 	-0.119197 	-1.92032 	0.313216 	0.710531 	0.0742901 	
2.715	0.0695547 	-0.119265 	-1.92017 	0.313205 	0.710439 	0.074301 	
2.72	0.0695129 	-0.119334 	-1.92001 	0.313193 	0.710344 	0.0743121 	
2.725	0.0694702 	-0.119405 	-1.91985 	0.313181 	0.710247 	0.0743235 	
2.73	0.0694264 	-0.119478 	-1.91968 	0.313169 	0.710147 	0.0743352 	
2.735	0.0693817 	-0.119552 	-1.91952 	0.313157 	0.710046 	0.0743471 	
2.74	0.0693361 	-0.119628 	-1.91934 	0.313144 	0.709942 	0.0743593 	
2.745	0.0692895 	-0.119706 	-1.91917 	0.313131 	0.709836 	0.0743717 	
2.75	0.069242 	-0.119785 	-1.91899 	0.313118 	0.709728 	0.0743843 	
2.755	0.0691935 	-0.119865 	-1.91881 	0.313105 	0.709618 	0.0743972 	
2.76	0.0691441 	-0.119948 	-1.91862 	0.313091 	0.709505 	0.0744104 	
2.765	0.0690937 	-0.120031 	-1.91843 	0.313077 	0.709391 	0.0744238 	
2.77	0.0690424 	-0.120117 	-1.91824 	0.313063 	0.709274 	0.0744374 	
2.775	0.0689902 	-0.120204 	-1.91804 	0.313048 	0.709155 	0.0744513 	
2.78	0.068937 	-0.120292 	-1.91784 	0.313033 	0.709034 	0.0744654 	
2.785	0.0688935 	-0.120089 	-1.91757 	0.313419 	0.707434 	0.0751205 	
2.79	0.0688384 	-0.120181 	-1.91736 	0.313404 	0.707309 	0.075135 	
2.795	0.0687825 	-0.120274 	-1.91715 	0.313388 	0.707182 	0.0751498 	
2.8	0.0687257 	-0.120369 	-1.91694 	0.313373 	0.707052 	0.0751649 	
2.805	0.0686679 	-0.120465 	-1.91672 	0.313356 	0.706921 	0.0751801 	
2.81	0.0686093 	-0.120563 	-1.9165 	0.31334 	0.706787 	0.0751956 	
2.815	0.0685497 	-0.120663 	-1.91627 	0.313324 	0.706652 	0.0752113 	
2.82	0.0684893 	-0.120764 	-1.91604 	0.313307 	0.706514 	0.0752273 	
2.825	0.068428 	-0.120866 	-1.91581 	0.31329 	0.706374 	0.0752435 	
2.83	0.0683657 	-0.12097 	-1.91558 	0.313272 	0.706232 	0.0752599 	
2.835	0.0683026 	-0.121076 	-1.91534 	0.313255 	0.706088 	0.0752765 	
2.84	0.0682387 	-0.121183 	-1.9151 	0.313237 	0.705942 	0.0752933 	
2.845	0.0681738 	-0.121291 	-1.91485 	0.313219 	0.705794 	0.0753104 	
2.85	0.0681081 	-0.121401 	-1.9146 	0.313201 	0.705645 	0.0753277 	
2.855	0.0679359 	-0.121217 	-1.91427 	0.313047 	0.70383 	0.0753162 	
2.86	0.0678685 	-0.12133 	-1.91402 	0.313028 	0.703676 	0.075334 	
2.865	0.0678002 	-0.121444 	-1.91376 	0.313009 	0.70352 	0.0753519 	
2.87	0.0677311 	-0.12156 	-1.9135 	0.31299 	0.703362 	0.0753701 	
2.875	0.0676611 	-0.121678 	-1.91323 	0.312971 	0.703202 	0.0753885 	
2.88	0.0675903 	-0.121797 	-1.91296 	0.312951 	0.703041 	0.0754071 	
2.885	0.0675187 	-0.121917 	-1.91269 	0.312931 	0.702877 	0.0754259 	
2.89	0.0674462 	-0.122039 	-1.91242 	0.312911 	0.702711 	0.0754449 	
2.895	0.0673729 	-0.122162 	-1.91214 	0.312891 	0.702543 	0.0754641 	
2.9	0.0672988 	-0.122286 	-1.91186 	0.31287 	0.702374 	0.0754835 	
2.905	0.0672239 	-0.122413 	-1.91157 	0.312849 	0.702202 	0.0755031 	
2.91	0.0671481 	-0.12254 	-1.91128 	0.312828 	0.702029 	0.0755229 	
2.915	0.0669529 	-0.122369 	-1.91091 	0.312617 	0.700146 	0.0754469 	
2.92	0.0668756 	-0.122499 	-1.91062 	0.312595 	0.699969 	0.0754671 	
2.925	0.0667975 	-0.122631 	-1.91032 	0.312573 	0.69979 	0.0754876 	
2.93	0.0667186 	-0.122764 	-1.91002 	0.312551 	0.699609 	0.0755082 	
2.935	0.0666389 	-0.122898 	-1.90972 	0.312529 	0.699427 	0.075529 	
2.94	0.0665585 	-0.123034 	-1.90941 	0.312507 	0.699242 	0.07555 	
2.945	0.0664773 	-0.123171 	-1.9091 	0.312484 	0.699056 	0.0755711 	
2.95	0.0663953 	-0.12331 	-1.90879 	0.312462 	0.698868 	0.0755925 	
2.955	0.0663125 	-0.12345 	-1.90847 	0.312439 	0.698678 	0.075614 	
2.96	0.0662291 	-0.123591 	-1.90816 	0.312416 	0.698486 	0.0756357 	
2.965	0.0661448 	-0.123734 	-1.90783 	0.312392 	0.698292 	0.0756576 	
2.97	0.0659361 	-0.123568 	-1.90743 	0.312167 	0.696329 	0.0755745 	
2.975	0.0658504 	-0.123714 	-1.9071 	0.312143 	0.696132 	0.0755968 	
2.98	0.065764 	-0.12386 	-1.90677 	0.312119 	0.695934 	0.0756193 	
2.985	0.0656769 	-0.124008 	-1.90644 	0.312095 	0.695733 	0.0756419 	
2.99	0.065589 	-0.124157 	-1.9061 	0.312071 	0.695531 	0.0756647 	
2.995	0.0655005 	-0.124308 	-1.90576 	0.312046 	0.695327 	0.0756876 	
3	0.0654111 	-0.124459 	-1.90542 	0.312022 	0.695121 	0.0757108 	
3.005	0.0653212 	-0.124612 	-1.90507 	0.311997 	0.694914 	0.0757341 	
3.01	0.0652305 	-0.124766 	-1.90473 	0.311972 	0.694705 	0.0757576 	
3.015	0.0651392 	-0.124922 	-1.90438 	0.311946 	0.694495 	0.0757812 	
3.02	0.0649232 	-0.12477 	-1.90394 	0.311719 	0.692511 	0.0756998 	
3.025	0.0648306 	-0.124928 	-1.90358 	0.311693 	0.692297 	0.0757237 	
3.03	0.0647372 	-0.125087 	-1.90322 	0.311668 	0.692082 	0.0757478 	
3.035	0.0646433 	-0.125248 	-1.90286 	0.311642 	0.691865 	0.0757721 	
3.04	0.0645486 	-0.125409 	-1.9025 	0.311615 	0.691646 	0.0757965 	
3.045	0.0644533 	-0.125572 	-1.90213 	0.311589 	0.691426 	0.075821 	
3.05	0.0643574 	-0.125736 	-1.90176 	0.311562 	0.691204 	0.0758457 	
3.055	0.0642609 	-0.125901 	-1.90139 	0.311536 	0.690981 	0.0758706 	
3.06	0.0641637 	-0.126067 	-1.90102 	0.311509 	0.690756 	0.0758955 	
3.065	0.0639457 	-0.125937 	-1.90056 	0.311287 	0.68881 	0.0758193 	
3.07	0.0638473 	-0.126105 	-1.90018 	0.311259 	0.688582 	0.0758446 	
3.075	0.0637483 	-0.126275 	-1.89979 	0.311232 	0.688353 	0.07587 	
3.08	0.0636487 	-0.126446 	-1.89941 	0.311204 	0.688122 	0.0758956 	
3.085	0.0635485 	-0.126618 	-1.89902 	0.311177 	0.68789 	0.0759212 	
3.09	0.0634478 	-0.126791 	-1.89863 	0.311149 	0.687656 	0.075947 	
3.095	0.0633464 	-0.126965 	-1.89824 	0.311121 	0.687421 	0.075973 	
3.1	0.0632445 	-0.127141 	-1.89785 	0.311093 	0.687185 	0.075999 	
3.105	0.063142 	-0.127317 	-1.89745 	0.311064 	0.686947 	0.0760252 	
3.11	0.0629127 	-0.127182 	-1.89696 	0.310831 	0.684898 	0.0759457 	
3.115	0.0628092 	-0.127361 	-1.89656 	0.310803 	0.684658 	0.0759722 	
3.12	0.0627051 	-0.127541 	-1.89616 	0.310774 	0.684416 	0.0759987 	
3.125	0.0626004 	-0.127721 	-1.89575 	0.310745 	0.684172 	0.0760254 	
3.13	0.0624952 	-0.127903 	-1.89534 	0.310716 	0.683928 	0.0760522 	
3.135	0.0623896 	-0.128085 	-1.89493 	0.310687 	0.683682 	0.0760791 	
3.14	0.0622833 	-0.128269 	-1.89452 	0.310658 	0.683434 	0.0761061 	
3.145	0.0621766 	-0.128454 	-1.8941 	0.310628 	0.683186 	0.0761332 	
3.15	0.0619504 	-0.128346 	-1.8936 	0.310406 	0.681228 	0.0760613 	
3.155	0.0618427 	-0.128533 	-1.89318 	0.310377 	0.680977 	0.0760887 	
3.16	0.0617345 	-0.12872 	-1.89276 	0.310347 	0.680724 	0.0761161 	
3.165	0.0616259 	-0.128909 	-1.89234 	0.310317 	0.680471 	0.0761436 	
3.17	0.0615168 	-0.129098 	-1.89191 	0.310287 	0.680216 	0.0761713 	
3.175	0.0614072 	-0.129289 	-1.89149 	0.310256 	0.67996 	0.076199 	
3.18	0.0612971 	-0.12948 	-1.89106 	0.310226 	0.679703 	0.0762268 	
3.185	0.0611867 	-0.129672 	-1.89062 	0.310195 	0.679445 	0.0762547 	
3.19	0.0609532 	-0.129564 	-1.8901 	0.309968 	0.677426 	0.0761813 	
3.195	0.0608419 	-0.129759 	-1.88967 	0.309937 	0.677165 	0.0762094 	
3.2	0.0607301 	-0.129953 	-1.88923 	0.309906 	0.676904 	0.0762376 	
3.205	0.060618 	-0.130149 	-1.88879 	0.309875 	0.676641 	0.0762659 	
3.21	0.0605054 	-0.130346 	-1.88835 	0.309844 	0.676377 	0.0762942 	
3.215	0.0603924 	-0.130543 	-1.88791 	0.309813 	0.676112 	0.0763226 	
3.22	0.060279 	-0.130742 	-1.88746 	0.309782 	0.675846 	0.076351 	
3.225	0.0601652 	-0.130941 	-1.88701 	0.30975 	0.675579 	0.0763796 	
3.23	0.0599245 	-0.130831 	-1.88647 	0.309516 	0.673491 	0.0763043 	
3.235	0.05981 	-0.131032 	-1.88602 	0.309484 	0.673222 	0.076333 	
3.24	0.0596952 	-0.131233 	-1.88557 	0.309452 	0.672952 	0.0763617 	
3.245	0.0595799 	-0.131435 	-1.88512 	0.309421 	0.672682 	0.0763906 	
3.25	0.0594644 	-0.131638 	-1.88466 	0.309389 	0.67241 	0.0764195 	
3.255	0.0593484 	-0.131842 	-1.8842 	0.309357 	0.672137 	0.0764484 	
3.26	0.0592322 	-0.132047 	-1.88375 	0.309325 	0.671863 	0.0764774 	
3.265	0.0590003 	-0.13197 	-1.8832 	0.309108 	0.669928 	0.0764124 	
3.27	0.0588834 	-0.132176 	-1.88274 	0.309076 	0.669653 	0.0764415 	
3.275	0.0587662 	-0.132383 	-1.88228 	0.309044 	0.669376 	0.0764707 	
3.28	0.0586487 	-0.13259 	-1.88181 	0.309011 	0.669099 	0.0764999 	
3.285	0.0585309 	-0.132798 	-1.88135 	0.308979 	0.668821 	0.0765292 	
3.29	0.0584129 	-0.133007 	-1.88088 	0.308947 	0.668543 	0.0765585 	
3.295	0.0582945 	-0.133216 	-1.88041 	0.308914 	0.668263 	0.0765878 	
3.3	0.0580596 	-0.133143 	-1.87985 	0.308695 	0.666305 	0.0765229 	
3.305	0.0579407 	-0.133354 	-1.87938 	0.308663 	0.666024 	0.0765523 	
3.31	0.0578215 	-0.133565 	-1.87891 	0.30863 	0.665742 	0.0765818 	
3.315	0.0577022 	-0.133777 	-1.87843 	0.308597 	0.66546 	0.0766113 	
3.32	0.0575825 	-0.133989 	-1.87796 	0.308564 	0.665176 	0.0766409 	
3.325	0.0574627 	-0.134202 	-1.87748 	0.308531 	0.664892 	0.0766704 	
3.33	0.0573426 	-0.134416 	-1.877 	0.308498 	0.664608 	0.0767 	
3.335	0.0571041 	-0.134343 	-1.87643 	0.308277 	0.662615 	0.0766344 	
3.34	0.0569836 	-0.134558 	-1.87595 	0.308244 	0.662329 	0.076664 	
3.345	0.0568629 	-0.134773 	-1.87547 	0.308211 	0.662043 	0.0766937 	
3.35	0.056742 	-0.134988 	-1.87499 	0.308177 	0.661756 	0.0767234 	
3.355	0.0566209 	-0.135205 	-1.87451 	0.308144 	0.661468 	0.0767531 	
3.36	0.0564996 	-0.135421 	-1.87402 	0.308111 	0.66118 	0.0767828 	
3.365	0.0563782 	-0.135638 	-1.87354 	0.308078 	0.660891 	0.0768126 	
3.37	0.0561367 	-0.135566 	-1.87296 	0.307853 	0.658868 	0.0767463 	
3.375	0.056015 	-0.135784 	-1.87247 	0.30782 	0.658578 	0.0767761 	
3.38	0.0558931 	-0.136002 	-1.87198 	0.307787 	0.658288 	0.0768059 	
3.385	0.0557711 	-0.136221 	-1.87149 	0.307753 	0.657997 	0.0768356 	
3.39	0.055649 	-0.13644 	-1.871 	0.30772 	0.657705 	0.0768654 	
3.395	0.0555267 	-0.13666 	-1.87051 	0.307686 	0.657414 	0.0768952 	
3.4	0.0554043 	-0.13688 	-1.87002 	0.307653 	0.657122 	0.0769249 	
3.405	0.0551606 	-0.136808 	-1.86943 	0.307427 	0.655074 	0.0768583 	
3.41	0.055038 	-0.137029 	-1.86894 	0.307393 	0.654781 	0.0768881 	
3.415	0.0549154 	-0.13725 	-1.86845 	0.30736 	0.654488 	0.0769179 	
3.42	0.0547926 	-0.137471 	-1.86795 	0.307326 	0.654194 	0.0769476 	
3.425	0.0546698 	-0.137693 	-1.86746 	0.307292 	0.6539 	0.0769774 	
3.43	0.0545469 	-0.137915 	-1.86696 	0.307259 	0.653606 	0.0770071 	
3.435	0.0544354 	-0.13815 	-1.86645 	0.307221 	0.653309 	0.0770221 	
3.44	0.0541904 	-0.138079 	-1.86585 	0.306994 	0.651243 	0.0769551 	
3.445	0.0540674 	-0.138302 	-1.86536 	0.30696 	0.650948 	0.0769848 	
3.45	0.0539443 	-0.138525 	-1.86486 	0.306927 	0.650653 	0.0770145 	
3.455	0.0538212 	-0.138748 	-1.86436 	0.306893 	0.650357 	0.0770442 	
3.46	0.053698 	-0.138972 	-1.86386 	0.306859 	0.650061 	0.0770738 	
3.465	0.0535749 	-0.139195 	-1.86337 	0.306826 	0.649766 	0.0771034 	
3.47	0.0534517 	-0.139419 	-1.86287 	0.306792 	0.649469 	0.0771329 	
3.475	0.0532059 	-0.13935 	-1.86227 	0.306564 	0.647391 	0.0770662 	
3.48	0.0530827 	-0.139574 	-1.86177 	0.306531 	0.647095 	0.0770957 	
3.485	0.0529596 	-0.139798 	-1.86127 	0.306497 	0.646799 	0.0771252 	
3.49	0.0528365 	-0.140023 	-1.86077 	0.306464 	0.646502 	0.0771546 	
3.495	0.0527135 	-0.140247 	-1.86027 	0.30643 	0.646205 	0.077184 	
3.5	0.0525904 	-0.140472 	-1.85977 	0.306396 	0.645909 	0.0772134 	
3.505	0.0524675 	-0.140697 	-1.85927 	0.306363 	0.645612 	0.0772427 	
3.51	0.0522217 	-0.140629 	-1.85866 	0.306136 	0.643528 	0.0771762 	
3.515	0.0520988 	-0.140854 	-1.85816 	0.306102 	0.643232 	0.0772054 	
3.52	0.0519761 	-0.141079 	-1.85766 	0.306069 	0.642935 	0.0772346 	
3.525	0.0518534 	-0.141304 	-1.85716 	0.306035 	0.642638 	0.0772638 	
3.53	0.0517308 	-0.141529 	-1.85666 	0.306002 	0.642342 	0.0772929 	
3.535	0.0516082 	-0.141754 	-1.85616 	0.305969 	0.642045 	0.0773219 	
3.54	0.0514858 	-0.141978 	-1.85566 	0.305935 	0.641749 	0.0773509 	
3.545	0.0512408 	-0.141912 	-1.85505 	0.305709 	0.639666 	0.0772848 	
3.55	0.0511187 	-0.142137 	-1.85455 	0.305676 	0.639369 	0.0773137 	
3.555	0.0509966 	-0.142362 	-1.85405 	0.305642 	0.639073 	0.0773425 	
3.56	0.0508747 	-0.142587 	-1.85355 	0.305609 	0.638777 	0.0773713 	
3.565	0.0507529 	-0.142811 	-1.85305 	0.305576 	0.638482 	0.0774 	
3.57	0.0506312 	-0.143036 	-1.85255 	0.305543 	0.638186 	0.0774286 	
3.575	0.0505097 	-0.143261 	-1.85205 	0.30551 	0.637891 	0.0774571 	
3.58	0.0502663 	-0.143196 	-1.85145 	0.305285 	0.635815 	0.0773918 	
3.585	0.0501452 	-0.14342 	-1.85095 	0.305252 	0.63552 	0.0774202 	
3.59	0.0500242 	-0.143644 	-1.85045 	0.30522 	0.635226 	0.0774486 	
3.595	0.0499034 	-0.143868 	-1.84996 	0.305187 	0.634931 	0.0774769 	
3.6	0.0497828 	-0.144092 	-1.84946 	0.305154 	0.634638 	0.0775051 	
3.605	0.0496624 	-0.144316 	-1.84896 	0.305121 	0.634344 	0.0775332 	
3.61	0.0495422 	-0.144539 	-1.84847 	0.305089 	0.634051 	0.0775612 	
3.615	0.049301 	-0.144476 	-1.84786 	0.304866 	0.631988 	0.0774967 	
3.62	0.0491812 	-0.1447 	-1.84737 	0.304834 	0.631696 	0.0775246 	
3.625	0.0490617 	-0.144922 	-1.84687 	0.304801 	0.631404 	0.0775524 	
3.63	0.0489424 	-0.145145 	-1.84638 	0.304769 	0.631112 	0.0775802 	
3.635	0.0488233 	-0.145367 	-1.84589 	0.304737 	0.630821 	0.0776078 	
3.64	0.0487045 	-0.145589 	-1.84539 	0.304704 	0.63053 	0.0776354 	
3.645	0.0485859 	-0.14581 	-1.8449 	0.304672 	0.63024 	0.0776629 	
3.65	0.0483478 	-0.14575 	-1.84431 	0.304453 	0.628197 	0.0775993 	
3.655	0.0482298 	-0.145971 	-1.84382 	0.304421 	0.627908 	0.0776266 	
3.66	0.048112 	-0.146191 	-1.84333 	0.304389 	0.627619 	0.0776539 	
3.665	0.0479945 	-0.146411 	-1.84284 	0.304357 	0.627331 	0.077681 	
3.67	0.0478774 	-0.146631 	-1.84235 	0.304325 	0.627043 	0.077708 	
3.675	0.0477605 	-0.146851 	-1.84186 	0.304294 	0.626756 	0.0777349 	
3.68	0.0476439 	-0.14707 	-1.84138 	0.304262 	0.62647 	0.0777617 	
3.685	0.0474094 	-0.147011 	-1.84079 	0.304046 	0.624453 	0.0776994 	
3.69	0.0472935 	-0.14723 	-1.8403 	0.304015 	0.624167 	0.077726 	
3.695	0.0471779 	-0.147447 	-1.83982 	0.303984 	0.623883 	0.0777526 	
3.7	0.0470626 	-0.147665 	-1.83934 	0.303953 	0.623599 	0.077779 	
3.705	0.0469477 	-0.147881 	-1.83886 	0.303922 	0.623316 	0.0778053 	
3.71	0.0468331 	-0.148098 	-1.83838 	0.303891 	0.623034 	0.0778315 	
3.715	0.0467188 	-0.148313 	-1.8379 	0.30386 	0.622752 	0.0778576 	
3.72	0.0464887 	-0.148257 	-1.83732 	0.303648 	0.620767 	0.0777967 	
3.725	0.0463752 	-0.148472 	-1.83684 	0.303617 	0.620487 	0.0778226 	
3.73	0.0462621 	-0.148686 	-1.83637 	0.303587 	0.620207 	0.0778484 	
3.735	0.0461493 	-0.1489 	-1.8359 	0.303556 	0.619929 	0.077874 	
3.74	0.0460369 	-0.149113 	-1.83542 	0.303526 	0.619651 	0.0778996 	
3.745	0.0459249 	-0.149326 	-1.83495 	0.303496 	0.619374 	0.077925 	
3.75	0.0458133 	-0.149538 	-1.83448 	0.303466 	0.619098 	0.0779503 	
3.755	0.0455883 	-0.149484 	-1.83391 	0.303259 	0.617151 	0.0778909 	
3.76	0.0454775 	-0.149695 	-1.83344 	0.303229 	0.616877 	0.077916 	
3.765	0.0453672 	-0.149905 	-1.83298 	0.303199 	0.616603 	0.0779409 	
3.77	0.0452573 	-0.150114 	-1.83252 	0.30317 	0.616331 	0.0779658 	
3.775	0.0451478 	-0.150323 	-1.83205 	0.30314 	0.616059 	0.0779905 	
3.78	0.0450387 	-0.150531 	-1.83159 	0.303111 	0.615788 	0.0780151 	
3.785	0.0449301 	-0.150738 	-1.83114 	0.303081 	0.615518 	0.0780396 	
3.79	0.0448219 	-0.150945 	-1.83068 	0.303052 	0.61525 	0.0780639 	
3.795	0.044589 	-0.15086 	-1.83011 	0.302829 	0.613142 	0.0779956 	
3.8	0.0444817 	-0.151066 	-1.82965 	0.3028 	0.612875 	0.0780197 	
3.805	0.044375 	-0.15127 	-1.8292 	0.302772 	0.612609 	0.0780437 	
3.81	0.0442686 	-0.151474 	-1.82875 	0.302743 	0.612345 	0.0780676 	
3.815	0.0441628 	-0.151677 	-1.8283 	0.302715 	0.612081 	0.0780913 	
3.82	0.0440575 	-0.151879 	-1.82785 	0.302686 	0.611819 	0.0781148 	
3.825	0.0439526 	-0.15208 	-1.82741 	0.302658 	0.611557 	0.0781383 	
3.83	0.0438482 	-0.15228 	-1.82697 	0.30263 	0.611297 	0.0781616 	
3.835	0.0436217 	-0.152197 	-1.82641 	0.302412 	0.609232 	0.0780948 	
3.84	0.0435184 	-0.152395 	-1.82597 	0.302385 	0.608974 	0.0781178 	
3.845	0.0434156 	-0.152593 	-1.82553 	0.302357 	0.608717 	0.0781407 	
3.85	0.0433133 	-0.15279 	-1.8251 	0.30233 	0.608462 	0.0781635 	
3.855	0.0432115 	-0.152987 	-1.82466 	0.302302 	0.608207 	0.0781861 	
3.86	0.0431103 	-0.153182 	-1.82423 	0.302275 	0.607954 	0.0782086 	
3.865	0.0430096 	-0.153376 	-1.8238 	0.302248 	0.607702 	0.0782309 	
3.87	0.0429094 	-0.15357 	-1.82338 	0.302221 	0.607452 	0.0782531 	
3.875	0.0426915 	-0.15349 	-1.82284 	0.302012 	0.605457 	0.078189 	
3.88	0.0425924 	-0.153681 	-1.82241 	0.301985 	0.605209 	0.0782109 	
3.885	0.0424939 	-0.153872 	-1.82199 	0.301959 	0.604963 	0.0782327 	
3.89	0.042396 	-0.154062 	-1.82157 	0.301932 	0.604717 	0.0782543 	
3.895	0.0422987 	-0.15425 	-1.82116 	0.301906 	0.604473 	0.0782758 	
3.9	0.0422031 	-0.154439 	-1.82074 	0.30188 	0.60423 	0.0782956 	
3.905	0.0421069 	-0.154626 	-1.82033 	0.301854 	0.603988 	0.0783168 	
3.91	0.0420113 	-0.154811 	-1.81992 	0.301829 	0.603748 	0.0783378 	
3.915	0.0418029 	-0.154736 	-1.8194 	0.301629 	0.601835 	0.0782766 	
3.92	0.0417085 	-0.154919 	-1.819 	0.301603 	0.601598 	0.0782974 	
3.925	0.0416147 	-0.155102 	-1.8186 	0.301578 	0.601362 	0.078318 	
3.93	0.0415215 	-0.155283 	-1.8182 	0.301553 	0.601127 	0.0783384 	
3.935	0.0414289 	-0.155464 	-1.8178 	0.301528 	0.600894 	0.0783587 	
3.94	0.041337 	-0.155643 	-1.8174 	0.301504 	0.600663 	0.0783788 	
