0	0.0378297 	-0.00203915 	-0.028851 	3.07169e-05 	-0.00183897 	4.6246e-05 	
0.005	0.185343 	-0.00872068 	-0.140699 	4.76569e-05 	-0.0089277 	0.000372295 	
0.01	0.32206 	-0.0149132 	-0.244361 	6.33569e-05 	-0.0154976 	0.00067448 	
0.015	0.44877 	-0.0206525 	-0.340435 	7.79079e-05 	-0.0215866 	0.000954548 	
0.02	0.566207 	-0.0259717 	-0.429478 	9.13934e-05 	-0.02723 	0.00121412 	
0.025	0.675048 	-0.0309015 	-0.512003 	0.000103891 	-0.0324604 	0.00145469 	
0.03	0.775924 	-0.0354705 	-0.588488 	0.000115473 	-0.037308 	0.00167765 	
0.035	0.869417 	-0.0397051 	-0.659374 	0.000126206 	-0.0418008 	0.00188429 	
0.04	0.956067 	-0.0436297 	-0.725071 	0.000136151 	-0.0459649 	0.0020758 	
0.045	1.03638 	-0.047267 	-0.785959 	0.000145366 	-0.0498242 	0.00225329 	
0.05	1.11081 	-0.050638 	-0.842389 	0.000153905 	-0.0534011 	0.00241779 	
0.055	1.17979 	-0.0537623 	-0.894688 	0.000161815 	-0.0567163 	0.00257024 	
0.06	1.24373 	-0.0566578 	-0.943158 	0.000169143 	-0.0597889 	0.00271153 	
0.065	1.30299 	-0.0593413 	-0.988079 	0.000175931 	-0.0626367 	0.00284247 	
0.07	1.35791 	-0.0618283 	-1.02971 	0.000182217 	-0.0652762 	0.00296383 	
0.075	1.40881 	-0.0641332 	-1.06829 	0.00018804 	-0.0677226 	0.00307629 	
0.08	1.45599 	-0.0662692 	-1.10405 	0.000193431 	-0.06999 	0.00318052 	
0.085	1.49972 	-0.0682489 	-1.13719 	0.000198423 	-0.0720916 	0.00327711 	
0.09	1.54025 	-0.0700835 	-1.1679 	0.000203043 	-0.0740394 	0.00336662 	
0.095	1.57781 	-0.0717837 	-1.19636 	0.000207319 	-0.0758449 	0.00344957 	
0.1	1.61262 	-0.0733594 	-1.22273 	0.000211276 	-0.0775183 	0.00352643 	
0.105	1.64489 	-0.0748196 	-1.24717 	0.000214936 	-0.0790694 	0.00359767 	
0.11	1.6748 	-0.0761727 	-1.26982 	0.000218322 	-0.0805072 	0.00366367 	
0.115	1.70252 	-0.0774267 	-1.29081 	0.000221451 	-0.0818398 	0.00372484 	
0.12	1.72822 	-0.0785887 	-1.31026 	0.000224344 	-0.0830751 	0.00378152 	
0.125	1.75203 	-0.0796655 	-1.32828 	0.000227018 	-0.0842201 	0.00383403 	
0.13	1.77411 	-0.0806634 	-1.34498 	0.000229487 	-0.0852815 	0.00388269 	
0.135	1.79457 	-0.081588 	-1.36046 	0.000231766 	-0.0862655 	0.00392778 	
0.14	1.81353 	-0.0824447 	-1.3748 	0.000233869 	-0.0871776 	0.00396955 	
0.145	1.83111 	-0.0832386 	-1.38808 	0.000235809 	-0.0880231 	0.00400824 	
0.15	1.84741 	-0.0839741 	-1.40039 	0.000237597 	-0.088807 	0.00404409 	
0.155	1.86226 	-0.0843349 	-1.41144 	0.000214161 	-0.0895016 	0.00411225 	
0.16	1.87626 	-0.0849662 	-1.42201 	0.000215676 	-0.0901753 	0.00414302 	
0.165	1.88773 	-0.0842514 	-1.43402 	0.000277718 	-0.0908034 	0.00416231 	
0.17	1.90007 	-0.0848548 	-1.44326 	0.000275848 	-0.0913951 	0.0041877 	
0.175	1.91145 	-0.0854274 	-1.45175 	0.000273252 	-0.0919428 	0.00421075 	
0.18	1.92192 	-0.0859498 	-1.45955 	0.000271171 	-0.0924479 	0.00423206 	
0.185	1.93163 	-0.0864337 	-1.46677 	0.00026923 	-0.0929163 	0.00425179 	
0.19	1.94062 	-0.0868819 	-1.47346 	0.000267418 	-0.0933506 	0.00427006 	
0.195	1.94897 	-0.0872971 	-1.47966 	0.000265726 	-0.0937535 	0.00428697 	
0.2	1.9567 	-0.0876816 	-1.4854 	0.000264144 	-0.0941271 	0.00430263 	
0.205	1.96387 	-0.0880377 	-1.49071 	0.000262665 	-0.0944737 	0.00431711 	
0.21	1.97052 	-0.0883674 	-1.49563 	0.00026128 	-0.0947952 	0.00433052 	
0.215	1.97669 	-0.0886727 	-1.50018 	0.000259982 	-0.0950935 	0.00434292 	
0.22	1.98241 	-0.0889553 	-1.50439 	0.000258764 	-0.0953703 	0.00435439 	
0.225	1.98614 	-0.087875 	-1.5106 	0.00032057 	-0.0956305 	0.00435586 	
0.23	1.99137 	-0.0881829 	-1.51436 	0.000316143 	-0.0958812 	0.0043647 	
0.235	1.99616 	-0.0884814 	-1.51778 	0.000311182 	-0.0961129 	0.0043724 	
0.24	2.00052 	-0.0887496 	-1.52088 	0.000306904 	-0.0963253 	0.00437948 	
0.245	2.00457 	-0.088998 	-1.52375 	0.000302922 	-0.0965225 	0.00438602 	
0.25	2.00833 	-0.0892277 	-1.5264 	0.000299216 	-0.0967056 	0.00439205 	
0.255	2.01182 	-0.0894403 	-1.52885 	0.000295764 	-0.0968757 	0.00439761 	
0.26	2.01505 	-0.089637 	-1.53112 	0.000292548 	-0.0970337 	0.00440274 	
0.265	2.01805 	-0.0898189 	-1.53321 	0.00028955 	-0.0971805 	0.00440747 	
0.27	2.02084 	-0.0899871 	-1.53514 	0.000286754 	-0.0973169 	0.00441182 	
0.275	2.02173 	-0.0887018 	-1.53941 	0.000352096 	-0.0974474 	0.00440638 	
0.28	2.02447 	-0.0889179 	-1.54123 	0.000345976 	-0.0975788 	0.00440905 	
0.285	2.02695 	-0.0891317 	-1.54283 	0.000339403 	-0.0976998 	0.00441098 	
0.29	2.02916 	-0.0893206 	-1.54424 	0.000333662 	-0.0978093 	0.00441269 	
0.295	2.03121 	-0.0894952 	-1.54554 	0.000328322 	-0.0979112 	0.00441426 	
0.3	2.03312 	-0.0896567 	-1.54673 	0.000323354 	-0.098006 	0.00441567 	
0.305	2.0349 	-0.0898059 	-1.54783 	0.00031873 	-0.0980944 	0.00441695 	
0.31	2.03654 	-0.0899437 	-1.54884 	0.000314425 	-0.0981767 	0.0044181 	
0.315	2.03644 	-0.0886951 	-1.55216 	0.000375653 	-0.0982568 	0.00441048 	
0.32	2.03819 	-0.0888821 	-1.55317 	0.000368372 	-0.098341 	0.00441044 	
0.325	2.03975 	-0.0890684 	-1.55403 	0.000360749 	-0.0984185 	0.00440986 	
0.33	2.04112 	-0.0892323 	-1.55476 	0.000354012 	-0.0984879 	0.00440925 	
0.335	2.04239 	-0.0893837 	-1.55542 	0.000347747 	-0.0985527 	0.00440865 	
0.34	2.04358 	-0.0895236 	-1.55603 	0.00034192 	-0.0986133 	0.00440806 	
0.345	2.04469 	-0.0896527 	-1.55658 	0.000336499 	-0.0986699 	0.00440748 	
0.35	2.04411 	-0.0884258 	-1.55943 	0.000395613 	-0.0987261 	0.00439877 	
0.355	2.04537 	-0.088604 	-1.56004 	0.000387416 	-0.098788 	0.00439724 	
0.36	2.0465 	-0.0887821 	-1.56053 	0.000378952 	-0.0988449 	0.00439528 	
0.365	2.04747 	-0.0889386 	-1.56092 	0.000371428 	-0.0988954 	0.00439338 	
0.37	2.04837 	-0.089083 	-1.56126 	0.000364432 	-0.0989426 	0.00439158 	
0.375	2.04922 	-0.0892163 	-1.56158 	0.000357926 	-0.098987 	0.00438988 	
0.38	2.05001 	-0.0893393 	-1.56185 	0.000351873 	-0.0990286 	0.00438826 	
0.385	2.04899 	-0.0879923 	-1.56466 	0.000416227 	-0.0990714 	0.00437829 	
0.39	2.05002 	-0.0881725 	-1.56506 	0.000407116 	-0.0991221 	0.00437578 	
0.395	2.05092 	-0.088353 	-1.56534 	0.000397745 	-0.0991683 	0.00437284 	
0.4	2.05167 	-0.0885105 	-1.56552 	0.000389425 	-0.0992085 	0.00437003 	
0.405	2.05237 	-0.0886558 	-1.56567 	0.000381691 	-0.0992462 	0.00436738 	
0.41	2.05302 	-0.08879 	-1.5658 	0.000374499 	-0.0992818 	0.00436488 	
0.415	2.05197 	-0.0875414 	-1.56833 	0.000433937 	-0.0993187 	0.00435498 	
0.42	2.05287 	-0.0877264 	-1.56859 	0.000424064 	-0.0993632 	0.00435175 	
0.425	2.05364 	-0.087911 	-1.56874 	0.00041402 	-0.099404 	0.00434817 	
0.43	2.05429 	-0.0880729 	-1.56881 	0.000405047 	-0.0994394 	0.00434476 	
0.435	2.05489 	-0.0882223 	-1.56886 	0.000396707 	-0.0994728 	0.00434155 	
0.44	2.05545 	-0.0883601 	-1.5689 	0.000388953 	-0.0995044 	0.00433853 	
0.445	2.05422 	-0.087044 	-1.57147 	0.000451666 	-0.0995379 	0.00432816 	
0.45	2.05507 	-0.0872369 	-1.57166 	0.000441062 	-0.0995801 	0.00432442 	
0.455	2.0558 	-0.0874292 	-1.57174 	0.000430298 	-0.0996185 	0.00432032 	
0.46	2.05638 	-0.0875974 	-1.57174 	0.000420689 	-0.0996514 	0.00431641 	
0.465	2.05693 	-0.0877527 	-1.57172 	0.000411758 	-0.0996826 	0.00431274 	
0.47	2.05744 	-0.0878958 	-1.57169 	0.000403456 	-0.0997121 	0.00430929 	
0.475	2.05606 	-0.0865011 	-1.57437 	0.000470146 	-0.099744 	0.00429853 	
0.48	2.0569 	-0.0867042 	-1.57452 	0.000458776 	-0.0997858 	0.00429435 	
0.485	2.05761 	-0.0869064 	-1.57456 	0.000447255 	-0.0998235 	0.00428977 	
0.49	2.05816 	-0.0870829 	-1.57451 	0.000436982 	-0.0998555 	0.00428541 	
0.495	2.05869 	-0.0872458 	-1.57444 	0.000427435 	-0.0998858 	0.00428132 	
0.5	2.0575 	-0.0860351 	-1.5768 	0.000485276 	-0.0999178 	0.00427119 	
0.505	2.05829 	-0.0862456 	-1.57689 	0.000473297 	-0.0999583 	0.00426655 	
0.51	2.05897 	-0.0864538 	-1.57688 	0.00046128 	-0.0999952 	0.0042616 	
0.515	2.05952 	-0.0866373 	-1.57679 	0.000450487 	-0.100027 	0.00425691 	
0.52	2.05979 	-0.0864791 	-1.57634 	0.000414919 	-0.100025 	0.00428871 	
0.525	2.05854 	-0.0852421 	-1.57875 	0.000474304 	-0.100057 	0.00427857 	
0.53	2.05934 	-0.0854605 	-1.57882 	0.000461775 	-0.100098 	0.00427363 	
0.535	2.06003 	-0.0856763 	-1.57879 	0.000449225 	-0.100135 	0.00426836 	
0.54	2.06058 	-0.0858664 	-1.57868 	0.000437955 	-0.100167 	0.00426336 	
0.545	2.0611 	-0.0860418 	-1.57857 	0.000427484 	-0.100198 	0.00425867 	
0.55	2.05979 	-0.0847601 	-1.58106 	0.000489347 	-0.10023 	0.00424849 	
0.555	2.06061 	-0.0849874 	-1.58112 	0.000476244 	-0.100272 	0.00424325 	
0.56	2.06131 	-0.0852117 	-1.58108 	0.000463128 	-0.100311 	0.00423766 	
0.565	2.06187 	-0.0854091 	-1.58096 	0.000451359 	-0.100343 	0.00423235 	
0.57	2.06239 	-0.0855911 	-1.58083 	0.000440425 	-0.100374 	0.00422738 	
0.575	2.06101 	-0.0842657 	-1.58341 	0.000504785 	-0.100408 	0.0042172 	
0.58	2.06186 	-0.0845023 	-1.58347 	0.000491085 	-0.100451 	0.00421167 	
0.585	2.06258 	-0.0847357 	-1.58342 	0.000477382 	-0.10049 	0.00420576 	
0.59	2.06315 	-0.0849408 	-1.58328 	0.000465094 	-0.100524 	0.00420013 	
0.595	2.06369 	-0.08513 	-1.58314 	0.000453679 	-0.100555 	0.00419486 	
0.6	2.06225 	-0.0837634 	-1.58581 	0.000520469 	-0.10059 	0.00418476 	
0.605	2.06313 	-0.0840097 	-1.58587 	0.000506159 	-0.100635 	0.00417893 	
0.61	2.06387 	-0.0842525 	-1.58581 	0.000491856 	-0.100675 	0.00417269 	
0.615	2.06445 	-0.0844657 	-1.58566 	0.000479037 	-0.100709 	0.00416674 	
0.62	2.06334 	-0.0833653 	-1.58789 	0.000532671 	-0.100745 	0.00415725 	
0.625	2.06417 	-0.0836177 	-1.58789 	0.000517884 	-0.100789 	0.00415098 	
0.63	2.0649 	-0.0838646 	-1.58781 	0.000503254 	-0.100829 	0.00414446 	
0.635	2.0655 	-0.0840839 	-1.58765 	0.000490038 	-0.100864 	0.00413828 	
0.64	2.06439 	-0.0829883 	-1.58988 	0.000543697 	-0.100901 	0.00412895 	
0.645	2.06524 	-0.0832464 	-1.58988 	0.000528534 	-0.100945 	0.00412246 	
0.65	2.06598 	-0.0834986 	-1.58979 	0.000513546 	-0.100986 	0.00411572 	
0.655	2.06659 	-0.0837227 	-1.58963 	0.000500003 	-0.101022 	0.00410933 	
0.66	2.06545 	-0.0826077 	-1.59191 	0.000554953 	-0.101059 	0.00410013 	
0.665	2.06632 	-0.0828718 	-1.59191 	0.000539398 	-0.101105 	0.00409343 	
0.67	2.06708 	-0.0831299 	-1.59182 	0.000524025 	-0.101147 	0.00408646 	
0.675	2.0677 	-0.0833591 	-1.59165 	0.00051014 	-0.101183 	0.00407985 	
0.68	2.06653 	-0.0822237 	-1.59398 	0.000566455 	-0.101221 	0.00407082 	
0.685	2.06742 	-0.0824942 	-1.59399 	0.000550488 	-0.101268 	0.0040639 	
0.69	2.0682 	-0.0827585 	-1.59389 	0.000534711 	-0.101311 	0.00405668 	
0.695	2.06883 	-0.0829931 	-1.59371 	0.000520466 	-0.101348 	0.00404984 	
0.7	2.06763 	-0.0818387 	-1.59611 	0.000578105 	-0.101387 	0.004041 	
0.705	2.06855 	-0.0821159 	-1.59611 	0.000561712 	-0.101435 	0.00403384 	
0.71	2.06934 	-0.0823866 	-1.59601 	0.000545517 	-0.101479 	0.00402638 	
0.715	2.06998 	-0.0826268 	-1.59583 	0.0005309 	-0.101516 	0.00401929 	
0.72	2.06875 	-0.0814548 	-1.59827 	0.000589816 	-0.101556 	0.00401066 	
0.725	2.06969 	-0.0817388 	-1.59828 	0.000572987 	-0.101605 	0.00400327 	
0.73	2.0705 	-0.0820161 	-1.59818 	0.000556366 	-0.10165 	0.00399555 	
0.735	2.07116 	-0.082262 	-1.59799 	0.000541368 	-0.101688 	0.00398822 	
0.74	2.0699 	-0.0810738 	-1.60049 	0.000601516 	-0.101729 	0.00397983 	
0.745	2.07086 	-0.0813647 	-1.60049 	0.000584246 	-0.101779 	0.00397219 	
0.75	2.07169 	-0.0816486 	-1.60039 	0.000567194 	-0.101824 	0.00396421 	
0.755	2.07236 	-0.0819004 	-1.6002 	0.000551811 	-0.101864 	0.00395662 	
0.76	2.07108 	-0.0806973 	-1.60274 	0.000613147 	-0.101905 	0.0039485 	
0.765	2.07206 	-0.0809951 	-1.60275 	0.000595434 	-0.101956 	0.00394062 	
0.77	2.0729 	-0.0812856 	-1.60264 	0.000577948 	-0.102003 	0.00393237 	
0.775	2.07358 	-0.0815432 	-1.60245 	0.000562179 	-0.102043 	0.00392452 	
0.78	2.07227 	-0.0803267 	-1.60504 	0.000624661 	-0.102085 	0.0039167 	
0.785	2.07328 	-0.0806313 	-1.60505 	0.000606504 	-0.102137 	0.00390857 	
0.79	2.07414 	-0.0809285 	-1.60494 	0.000588585 	-0.102184 	0.00390004 	
0.795	2.07483 	-0.0811918 	-1.60474 	0.000572429 	-0.102225 	0.00389194 	
0.8	2.0735 	-0.0799631 	-1.60738 	0.000636015 	-0.102268 	0.00388445 	
0.805	2.07452 	-0.0802745 	-1.60739 	0.000617416 	-0.102321 	0.00387606 	
0.81	2.0754 	-0.0805782 	-1.60728 	0.000599067 	-0.102369 	0.00386727 	
0.815	2.0761 	-0.0808473 	-1.60707 	0.000582525 	-0.102411 	0.0038589 	
0.82	2.07474 	-0.0796077 	-1.60976 	0.000647175 	-0.102454 	0.00385177 	
0.825	2.07579 	-0.0799259 	-1.60977 	0.000628138 	-0.102509 	0.00384313 	
0.83	2.07668 	-0.080236 	-1.60966 	0.00060936 	-0.102558 	0.00383405 	
0.835	2.0774 	-0.0805108 	-1.60945 	0.000592436 	-0.1026 	0.00382542 	
0.84	2.07601 	-0.0792616 	-1.61217 	0.000658109 	-0.102644 	0.00381868 	
0.845	2.07708 	-0.0795863 	-1.61219 	0.000638636 	-0.102699 	0.00380978 	
0.85	2.07798 	-0.0799028 	-1.61207 	0.000619435 	-0.102749 	0.00380043 	
0.855	2.07871 	-0.0801831 	-1.61186 	0.000602131 	-0.102792 	0.00379153 	
0.86	2.0773 	-0.0789256 	-1.61463 	0.000668786 	-0.102837 	0.00378522 	
0.865	2.07839 	-0.0792568 	-1.61464 	0.000648884 	-0.102893 	0.00377606 	
0.87	2.07931 	-0.0795796 	-1.61453 	0.000629264 	-0.102944 	0.00376643 	
0.875	2.08005 	-0.0798653 	-1.61431 	0.000611585 	-0.102987 	0.00375727 	
0.88	2.07862 	-0.0786007 	-1.61712 	0.000679181 	-0.103032 	0.0037514 	
0.885	2.07972 	-0.0789383 	-1.61714 	0.000658856 	-0.10309 	0.00374199 	
0.89	2.08065 	-0.0792671 	-1.61702 	0.000638822 	-0.103141 	0.00373208 	
0.895	2.07972 	-0.0783667 	-1.61916 	0.000686732 	-0.103188 	0.00372522 	
0.9	2.08074 	-0.0787077 	-1.6191 	0.000666044 	-0.103242 	0.00371522 	
0.905	2.08164 	-0.0790373 	-1.61895 	0.000645873 	-0.103293 	0.00370505 	
0.91	2.0824 	-0.0793323 	-1.61873 	0.000627553 	-0.103337 	0.00369542 	
0.915	2.08099 	-0.0780926 	-1.62154 	0.000694784 	-0.103383 	0.00369033 	
0.92	2.08211 	-0.0784385 	-1.62155 	0.000673864 	-0.103442 	0.00368051 	
0.925	2.08306 	-0.0787751 	-1.62143 	0.000653263 	-0.103494 	0.00367018 	
0.93	2.08211 	-0.0778729 	-1.62362 	0.000702066 	-0.103542 	0.00366394 	
0.935	2.08315 	-0.0782224 	-1.62356 	0.00068078 	-0.103598 	0.00365353 	
0.94	2.08407 	-0.07856 	-1.6234 	0.000660029 	-0.103649 	0.00364293 	
0.945	2.08316 	-0.077689 	-1.62555 	0.000707419 	-0.103697 	0.00363684 	
0.95	2.0842 	-0.0780408 	-1.62549 	0.000685941 	-0.103753 	0.00362626 	
0.955	2.08512 	-0.0783804 	-1.62533 	0.000665021 	-0.103805 	0.00361551 	
0.96	2.08429 	-0.0776208 	-1.62761 	0.000721166 	-0.103864 	0.00359719 	
0.965	2.08534 	-0.0779751 	-1.62755 	0.000699497 	-0.10392 	0.00358647 	
0.97	2.08627 	-0.0783171 	-1.62739 	0.000678393 	-0.103972 	0.00357556 	
0.975	2.08535 	-0.0774469 	-1.62957 	0.000726448 	-0.104021 	0.0035701 	
0.98	2.08641 	-0.0778038 	-1.62951 	0.000704576 	-0.104078 	0.00355923 	
0.985	2.08735 	-0.0781484 	-1.62935 	0.000683272 	-0.10413 	0.00354817 	
0.99	2.08641 	-0.077278 	-1.63155 	0.000731714 	-0.104179 	0.00354303 	
0.995	2.08748 	-0.0776378 	-1.63149 	0.000709629 	-0.104236 	0.003532 	
1	2.08843 	-0.0779851 	-1.63133 	0.000688116 	-0.104289 	0.00352077 	
1.005	2.08748 	-0.0771152 	-1.63354 	0.000736914 	-0.104338 	0.00351596 	
1.01	2.08856 	-0.0774779 	-1.63348 	0.000714608 	-0.104396 	0.00350478 	
1.015	2.08951 	-0.0778281 	-1.63332 	0.000692878 	-0.104449 	0.00349338 	
1.02	2.08856 	-0.0769592 	-1.63555 	0.000742005 	-0.104498 	0.0034889 	
1.025	2.08965 	-0.077325 	-1.63549 	0.000719472 	-0.104556 	0.00347755 	
1.03	2.0906 	-0.077678 	-1.63533 	0.000697522 	-0.104609 	0.00346598 	
1.035	2.08964 	-0.0768109 	-1.63757 	0.000746951 	-0.104659 	0.00346183 	
1.04	2.09074 	-0.0771797 	-1.63751 	0.000724189 	-0.104717 	0.00345031 	
1.045	2.0917 	-0.0775357 	-1.63735 	0.000702015 	-0.104771 	0.00343857 	
1.05	2.09073 	-0.0766708 	-1.63961 	0.000751722 	-0.104821 	0.00343476 	
1.055	2.09183 	-0.0770427 	-1.63955 	0.000728729 	-0.104879 	0.00342307 	
1.06	2.0928 	-0.0774016 	-1.63939 	0.000706331 	-0.104933 	0.00341115 	
1.065	2.09183 	-0.0765395 	-1.64166 	0.000756293 	-0.104983 	0.00340769 	
1.07	2.09293 	-0.0769144 	-1.6416 	0.00073307 	-0.105042 	0.00339583 	
1.075	2.09391 	-0.0772762 	-1.64144 	0.000710449 	-0.105096 	0.00338373 	
1.08	2.09293 	-0.0764174 	-1.64372 	0.000760642 	-0.105147 	0.00338062 	
1.085	2.09404 	-0.0767953 	-1.64366 	0.000737191 	-0.105206 	0.00336859 	
1.09	2.09502 	-0.07716 	-1.6435 	0.000714348 	-0.10526 	0.00335631 	
1.095	2.09403 	-0.076305 	-1.64579 	0.000764751 	-0.105311 	0.00335356 	
1.1	2.09515 	-0.0766858 	-1.64573 	0.000741074 	-0.10537 	0.00334136 	
1.105	2.09613 	-0.0770534 	-1.64556 	0.000718012 	-0.105425 	0.0033289 	
1.11	2.09514 	-0.0762026 	-1.64786 	0.000768605 	-0.105476 	0.00332652 	
1.115	2.09626 	-0.0765863 	-1.6478 	0.000744706 	-0.105535 	0.00331414 	
1.12	2.09725 	-0.0769565 	-1.64764 	0.000721428 	-0.10559 	0.00330151 	
1.125	2.09625 	-0.0761104 	-1.64995 	0.000772189 	-0.105641 	0.0032995 	
1.13	2.09738 	-0.0764969 	-1.64989 	0.000748072 	-0.105701 	0.00328695 	
1.135	2.09837 	-0.0768698 	-1.64973 	0.000724583 	-0.105756 	0.00327415 	
1.14	2.09737 	-0.0760289 	-1.65204 	0.000775492 	-0.105807 	0.00327251 	
1.145	2.0985 	-0.076418 	-1.65198 	0.000751162 	-0.105867 	0.0032598 	
1.15	2.09949 	-0.0767935 	-1.65182 	0.000727466 	-0.105922 	0.00324682 	
1.155	2.09848 	-0.0759581 	-1.65414 	0.000778503 	-0.105973 	0.00324556 	
1.16	2.09962 	-0.0763498 	-1.65408 	0.000753965 	-0.106034 	0.00323269 	
1.165	2.10062 	-0.0767278 	-1.65392 	0.000730067 	-0.106089 	0.00321954 	
1.17	2.0996 	-0.0758983 	-1.65625 	0.000781213 	-0.10614 	0.00321867 	
1.175	2.10074 	-0.0762925 	-1.65619 	0.000756472 	-0.106201 	0.00320563 	
1.18	2.10174 	-0.0766729 	-1.65602 	0.000732378 	-0.106256 	0.00319232 	
1.185	2.10073 	-0.0758497 	-1.65836 	0.000783614 	-0.106308 	0.00319183 	
1.19	2.10187 	-0.0762463 	-1.6583 	0.000758677 	-0.106368 	0.00317864 	
1.195	2.10287 	-0.076629 	-1.65813 	0.000734392 	-0.106424 	0.00316516 	
1.2	2.10185 	-0.0758125 	-1.66047 	0.000785698 	-0.106475 	0.00316507 	
1.205	2.10299 	-0.0762113 	-1.66041 	0.00076057 	-0.106536 	0.00315172 	
1.21	2.104 	-0.0765961 	-1.66025 	0.000736102 	-0.106591 	0.00313808 	
1.215	2.10297 	-0.0757867 	-1.66259 	0.000787458 	-0.106643 	0.00313839 	
1.22	2.10412 	-0.0761877 	-1.66253 	0.000762147 	-0.106704 	0.00312489 	
1.225	2.10513 	-0.0765746 	-1.66236 	0.000737501 	-0.106759 	0.00311109 	
1.23	2.1041 	-0.0757725 	-1.66471 	0.000788888 	-0.106811 	0.0031118 	
1.235	2.10524 	-0.0761755 	-1.66465 	0.000763401 	-0.106872 	0.00309815 	
1.24	2.10625 	-0.0765643 	-1.66448 	0.000738584 	-0.106927 	0.0030842 	
1.245	2.10522 	-0.07577 	-1.66683 	0.000789984 	-0.106979 	0.00308531 	
1.25	2.10637 	-0.0761749 	-1.66677 	0.000764328 	-0.10704 	0.00307151 	
1.255	2.10738 	-0.0765656 	-1.6666 	0.000739347 	-0.107095 	0.00305742 	
1.26	2.10634 	-0.0757793 	-1.66895 	0.00079074 	-0.107147 	0.00305893 	
1.265	2.10749 	-0.076186 	-1.66889 	0.000764922 	-0.107208 	0.00304499 	
1.27	2.1085 	-0.0765783 	-1.66872 	0.000739784 	-0.107264 	0.00303076 	
1.275	2.10747 	-0.0758004 	-1.67107 	0.000791151 	-0.107315 	0.00303267 	
1.28	2.10862 	-0.0762087 	-1.671 	0.00076518 	-0.107376 	0.0030186 	
1.285	2.10963 	-0.0766026 	-1.67083 	0.000739893 	-0.107432 	0.00300423 	
1.29	2.10859 	-0.0758333 	-1.67318 	0.000791215 	-0.107483 	0.00300654 	
1.295	2.10974 	-0.0762432 	-1.67312 	0.000765097 	-0.107544 	0.00299234 	
1.3	2.11075 	-0.0766385 	-1.67295 	0.000739669 	-0.1076 	0.00297784 	
1.305	2.10971 	-0.0758782 	-1.6753 	0.000790927 	-0.107651 	0.00298056 	
1.31	2.11086 	-0.0762894 	-1.67524 	0.000764671 	-0.107712 	0.00296623 	
1.315	2.11187 	-0.0766861 	-1.67507 	0.00073911 	-0.107767 	0.00295159 	
1.32	2.11083 	-0.0759349 	-1.67741 	0.000790285 	-0.107819 	0.00295472 	
1.325	2.11197 	-0.0763474 	-1.67735 	0.0007639 	-0.10788 	0.00294027 	
1.33	2.11298 	-0.0767452 	-1.67718 	0.000738212 	-0.107935 	0.00292551 	
1.335	2.11194 	-0.0760036 	-1.67952 	0.000789286 	-0.107986 	0.00292905 	
1.34	2.11308 	-0.0764172 	-1.67946 	0.00076278 	-0.108047 	0.00291448 	
1.345	2.11409 	-0.076816 	-1.67929 	0.000736975 	-0.108102 	0.0028996 	
1.35	2.11305 	-0.0760841 	-1.68162 	0.000787928 	-0.108153 	0.00290354 	
1.355	2.11419 	-0.0764987 	-1.68156 	0.00076131 	-0.108214 	0.00288885 	
1.36	2.1152 	-0.0768984 	-1.68139 	0.000735396 	-0.108269 	0.00287387 	
1.365	2.11416 	-0.0761765 	-1.68372 	0.00078621 	-0.10832 	0.0028782 	
1.37	2.1153 	-0.0765918 	-1.68366 	0.000759488 	-0.10838 	0.00286341 	
1.375	2.1163 	-0.0769924 	-1.68349 	0.000733475 	-0.108435 	0.00284832 	
1.38	2.11526 	-0.0762807 	-1.68581 	0.00078413 	-0.108486 	0.00285305 	
1.385	2.1164 	-0.0766967 	-1.68575 	0.000757314 	-0.108547 	0.00283816 	
1.39	2.1174 	-0.0770978 	-1.68558 	0.000731209 	-0.108601 	0.00282297 	
1.395	2.11636 	-0.0763965 	-1.6879 	0.000781688 	-0.108652 	0.0028281 	
1.4	2.11749 	-0.0768131 	-1.68783 	0.000754787 	-0.108712 	0.00281311 	
1.405	2.1188 	-0.0776174 	-1.68813 	0.000759176 	-0.108807 	0.00275043 	
1.41	2.11776 	-0.0769266 	-1.69045 	0.00080943 	-0.108857 	0.00275592 	
1.415	2.11889 	-0.0773435 	-1.69038 	0.000782453 	-0.108917 	0.00274085 	
1.42	2.11988 	-0.0777455 	-1.69021 	0.000756193 	-0.108972 	0.00272547 	
1.425	2.11885 	-0.0770655 	-1.69251 	0.000806232 	-0.109022 	0.00273134 	
1.43	2.11997 	-0.0774827 	-1.69245 	0.000779189 	-0.109082 	0.00271619 	
1.435	2.12097 	-0.0778849 	-1.69227 	0.000752865 	-0.109136 	0.00270072 	
1.44	2.11993 	-0.0772159 	-1.69457 	0.000802672 	-0.109186 	0.00270698 	
1.445	2.12105 	-0.0776331 	-1.6945 	0.000775573 	-0.109245 	0.00269175 	
1.45	2.12204 	-0.0780354 	-1.69433 	0.000749195 	-0.109299 	0.00267621 	
1.455	2.12101 	-0.0773775 	-1.69662 	0.000798751 	-0.109349 	0.00268284 	
1.46	2.12212 	-0.0777946 	-1.69655 	0.000771606 	-0.109408 	0.00266754 	
1.465	2.12311 	-0.0781968 	-1.69638 	0.000745183 	-0.109462 	0.00265193 	
1.47	2.12208 	-0.0775502 	-1.69865 	0.00079447 	-0.109511 	0.00265893 	
1.475	2.12319 	-0.0779671 	-1.69858 	0.000767289 	-0.10957 	0.00264356 	
1.48	2.12417 	-0.0783691 	-1.69841 	0.000740831 	-0.109623 	0.00262789 	
1.485	2.12315 	-0.077734 	-1.70067 	0.000789831 	-0.109673 	0.00263526 	
1.49	2.12425 	-0.0781505 	-1.70061 	0.000762623 	-0.109731 	0.00261983 	
1.495	2.12522 	-0.0785521 	-1.70043 	0.000736141 	-0.109784 	0.0026041 	
1.5	2.1242 	-0.0779285 	-1.70268 	0.000784836 	-0.109833 	0.00261182 	
1.505	2.1253 	-0.0783445 	-1.70262 	0.000757613 	-0.109891 	0.00259634 	
1.51	2.12627 	-0.0787456 	-1.70244 	0.000731115 	-0.109944 	0.00258057 	
1.515	2.12525 	-0.0781337 	-1.70468 	0.000779488 	-0.109993 	0.00258863 	
1.52	2.12634 	-0.0785489 	-1.70461 	0.000752259 	-0.11005 	0.00257311 	
1.525	2.12731 	-0.0789494 	-1.70444 	0.000725757 	-0.110103 	0.00255729 	
1.53	2.1263 	-0.0783493 	-1.70666 	0.000773788 	-0.110151 	0.00256569 	
1.535	2.12738 	-0.0787637 	-1.70659 	0.000746565 	-0.110209 	0.00255013 	
1.54	2.12834 	-0.0791632 	-1.70642 	0.000720069 	-0.110261 	0.00253428 	
1.545	2.12733 	-0.078575 	-1.70863 	0.000767742 	-0.110309 	0.00254301 	
1.55	2.12841 	-0.0789884 	-1.70856 	0.000740535 	-0.110366 	0.00252742 	
1.555	2.12936 	-0.079387 	-1.70839 	0.000714055 	-0.110417 	0.00251154 	
1.56	2.12836 	-0.0788108 	-1.71058 	0.000761352 	-0.110465 	0.00252059 	
1.565	2.12942 	-0.079223 	-1.71051 	0.000734173 	-0.110521 	0.00250497 	
1.57	2.13037 	-0.0796205 	-1.71034 	0.00070772 	-0.110573 	0.00248908 	
1.575	2.12938 	-0.0790562 	-1.71251 	0.000754623 	-0.11062 	0.00249844 	
1.58	2.13043 	-0.0794671 	-1.71244 	0.000727483 	-0.110676 	0.0024828 	
1.585	2.13137 	-0.0798633 	-1.71227 	0.000701067 	-0.110727 	0.0024669 	
1.59	2.13039 	-0.0793112 	-1.71443 	0.00074756 	-0.110774 	0.00247655 	
1.595	2.13143 	-0.0797205 	-1.71435 	0.000720469 	-0.11083 	0.00246091 	
1.6	2.13236 	-0.0801153 	-1.71419 	0.000694102 	-0.11088 	0.002445 	
1.605	2.13139 	-0.0795753 	-1.71632 	0.000740167 	-0.110927 	0.00245494 	
1.61	2.13243 	-0.079983 	-1.71625 	0.000713136 	-0.110982 	0.00243929 	
1.615	2.13335 	-0.0803762 	-1.71608 	0.000686829 	-0.111032 	0.00242339 	
1.62	2.13238 	-0.0798483 	-1.7182 	0.000732449 	-0.111078 	0.0024336 	
1.625	2.13341 	-0.0802542 	-1.71813 	0.000705491 	-0.111132 	0.00241796 	
1.63	2.13432 	-0.0806456 	-1.71796 	0.000679255 	-0.111182 	0.00240207 	
1.635	2.1351 	-0.0809958 	-1.71771 	0.000655457 	-0.111226 	0.00238712 	
1.64	2.13359 	-0.0801952 	-1.72052 	0.000722941 	-0.11127 	0.00240637 	
1.645	2.13469 	-0.0805997 	-1.72053 	0.000696191 	-0.111328 	0.00239146 	
1.65	2.13564 	-0.0809935 	-1.7204 	0.000669821 	-0.111378 	0.00237569 	
1.655	2.13463 	-0.0804688 	-1.72254 	0.00071639 	-0.111424 	0.00238722 	
1.66	2.13565 	-0.0808733 	-1.72247 	0.000689436 	-0.111477 	0.00237153 	
1.665	2.13655 	-0.0812637 	-1.7223 	0.000663177 	-0.111526 	0.00235555 	
1.67	2.13731 	-0.0816126 	-1.72206 	0.00063937 	-0.111568 	0.00234053 	
1.675	2.13582 	-0.0808509 	-1.7248 	0.000705323 	-0.111612 	0.00236041 	
1.68	2.1369 	-0.0812528 	-1.7248 	0.000678642 	-0.111668 	0.00234542 	
1.685	2.13783 	-0.081644 	-1.72467 	0.000652345 	-0.111718 	0.00232961 	
1.69	2.13858 	-0.0819905 	-1.72442 	0.000628652 	-0.11176 	0.0023146 	
1.695	2.13706 	-0.0812284 	-1.72719 	0.000695506 	-0.111803 	0.00233553 	
1.7	2.13813 	-0.0816294 	-1.7272 	0.000668837 	-0.111858 	0.00232053 	
1.705	2.13905 	-0.0820201 	-1.72706 	0.00064253 	-0.111907 	0.00230468 	
1.71	2.13979 	-0.0823659 	-1.72682 	0.000618837 	-0.111949 	0.00228963 	
1.715	2.13829 	-0.0816265 	-1.72954 	0.000684721 	-0.111991 	0.00231085 	
1.72	2.13935 	-0.0820258 	-1.72955 	0.000658103 	-0.112046 	0.00229581 	
1.725	2.14025 	-0.0824149 	-1.72941 	0.000631852 	-0.112094 	0.00227994 	
1.73	2.14098 	-0.0827594 	-1.72917 	0.000608205 	-0.112135 	0.00226489 	
1.735	2.13951 	-0.0820443 	-1.73185 	0.000672924 	-0.112177 	0.00228629 	
1.74	2.14054 	-0.0824411 	-1.73185 	0.000646417 	-0.112231 	0.00227125 	
1.745	2.14143 	-0.0828277 	-1.73172 	0.00062028 	-0.112278 	0.00225541 	
1.75	2.14215 	-0.0831701 	-1.73147 	0.000596729 	-0.112319 	0.00224039 	
1.755	2.1407 	-0.0824792 	-1.7341 	0.000660252 	-0.11236 	0.00226195 	
1.76	2.14172 	-0.0828727 	-1.7341 	0.000633907 	-0.112413 	0.00224694 	
1.765	2.14259 	-0.0832561 	-1.73397 	0.000607932 	-0.11246 	0.00223116 	
1.77	2.1433 	-0.0835958 	-1.73373 	0.000584523 	-0.112499 	0.00221621 	
1.775	2.14188 	-0.0829285 	-1.73631 	0.000646828 	-0.11254 	0.00223791 	
1.78	2.14287 	-0.0833182 	-1.73631 	0.000620688 	-0.112592 	0.00222296 	
1.785	2.14373 	-0.0836977 	-1.73617 	0.000594918 	-0.112638 	0.00220726 	
1.79	2.14443 	-0.0840342 	-1.73594 	0.000571688 	-0.112677 	0.00219241 	
1.795	2.14304 	-0.0833903 	-1.73847 	0.00063275 	-0.112717 	0.00221421 	
1.8	2.14401 	-0.0837755 	-1.73846 	0.000606854 	-0.112767 	0.00219935 	
1.805	2.14485 	-0.0841507 	-1.73833 	0.000581324 	-0.112812 	0.00218377 	
1.81	2.14554 	-0.0844835 	-1.7381 	0.000558307 	-0.112851 	0.00216903 	
1.815	2.14397 	-0.0835942 	-1.74025 	0.000598117 	-0.112863 	0.00222312 	
1.82	2.14493 	-0.0839744 	-1.74024 	0.000572498 	-0.112913 	0.00220836 	
1.825	2.14575 	-0.0843449 	-1.74011 	0.000547243 	-0.112957 	0.00219292 	
1.83	2.14643 	-0.0846735 	-1.73988 	0.000524469 	-0.112995 	0.00217833 	
1.835	2.14509 	-0.0840756 	-1.74231 	0.000582978 	-0.113033 	0.00220024 	
1.84	2.14602 	-0.0844505 	-1.74229 	0.000557667 	-0.113081 	0.00218562 	
1.845	2.14683 	-0.0848158 	-1.74216 	0.000532716 	-0.113125 	0.00217034 	
1.85	2.1475 	-0.0851399 	-1.74194 	0.000510212 	-0.113162 	0.00215591 	
1.855	2.14619 	-0.0845646 	-1.74431 	0.000567384 	-0.113199 	0.00217781 	
1.86	2.1471 	-0.0849337 	-1.74429 	0.00054241 	-0.113247 	0.00216334 	
1.865	2.14789 	-0.0852934 	-1.74417 	0.000517792 	-0.113289 	0.00214823 	
1.87	2.14854 	-0.0856128 	-1.74395 	0.000495583 	-0.113325 	0.00213398 	
1.875	2.14726 	-0.0850598 	-1.74627 	0.000551386 	-0.113362 	0.00215583 	
1.88	2.14815 	-0.0854228 	-1.74624 	0.000526775 	-0.113409 	0.00214152 	
1.885	2.14892 	-0.0857766 	-1.74612 	0.000502515 	-0.11345 	0.00212662 	
1.89	2.14956 	-0.0860908 	-1.7459 	0.000480625 	-0.113485 	0.00211257 	
1.895	2.14831 	-0.08556 	-1.74816 	0.000535024 	-0.113521 	0.00213432 	
1.9	2.14918 	-0.0859164 	-1.74814 	0.000510803 	-0.113567 	0.00212019 	
1.905	2.14993 	-0.086264 	-1.74802 	0.000486926 	-0.113607 	0.0021055 	
1.91	2.15056 	-0.0865728 	-1.74781 	0.000465378 	-0.113642 	0.00209166 	
1.915	2.14934 	-0.0860638 	-1.75001 	0.000518339 	-0.113677 	0.00211327 	
1.92	2.15019 	-0.0864135 	-1.74998 	0.000494531 	-0.113721 	0.00209934 	
1.925	2.15092 	-0.0867545 	-1.74986 	0.000471062 	-0.11376 	0.00208488 	
1.93	2.15154 	-0.0870577 	-1.74966 	0.000449878 	-0.113794 	0.00207128 	
1.935	2.15035 	-0.0865703 	-1.7518 	0.000501366 	-0.113829 	0.00209269 	
1.94	2.15117 	-0.0869129 	-1.75177 	0.000477996 	-0.113871 	0.00207898 	
1.945	2.15189 	-0.0872471 	-1.75165 	0.000454958 	-0.11391 	0.00206477 	
1.95	2.15249 	-0.0875442 	-1.75145 	0.000434157 	-0.113943 	0.00205141 	
1.955	2.15306 	-0.0878166 	-1.75125 	0.000414979 	-0.113974 	0.00203901 	
1.96	2.1515 	-0.0871664 	-1.75384 	0.000481656 	-0.114007 	0.00206858 	
1.965	2.15235 	-0.0875014 	-1.75387 	0.000458904 	-0.11405 	0.00205569 	
1.97	2.15308 	-0.0878312 	-1.75378 	0.000436196 	-0.114089 	0.00204184 	
1.975	2.15366 	-0.0881218 	-1.75358 	0.000415815 	-0.114121 	0.00202873 	
1.98	2.15421 	-0.0883882 	-1.75339 	0.000397023 	-0.114151 	0.00201656 	
1.985	2.15267 	-0.0877568 	-1.75593 	0.000462709 	-0.114183 	0.0020463 	
1.99	2.15349 	-0.0880851 	-1.75596 	0.000440372 	-0.114225 	0.00203361 	
1.995	2.15419 	-0.0884086 	-1.75587 	0.000418061 	-0.114262 	0.00201998 	
2	2.15476 	-0.0886937 	-1.75568 	0.000398037 	-0.114293 	0.00200709 	
2.005	2.15529 	-0.0889552 	-1.75549 	0.000379574 	-0.114323 	0.00199512 	
2.01	2.15381 	-0.0883592 	-1.75793 	0.000442631 	-0.114353 	0.00202416 	
2.015	2.1546 	-0.0886795 	-1.75795 	0.000420789 	-0.114394 	0.00201167 	
2.02	2.15528 	-0.0889951 	-1.75786 	0.00039898 	-0.11443 	0.00199832 	
2.025	2.15583 	-0.0892737 	-1.75768 	0.000379394 	-0.11446 	0.0019857 	
2.03	2.15634 	-0.0895291 	-1.7575 	0.000361335 	-0.114488 	0.00197399 	
2.035	2.15493 	-0.0889691 	-1.75983 	0.000421585 	-0.114518 	0.00200221 	
2.04	2.15568 	-0.0892801 	-1.75985 	0.000400325 	-0.114557 	0.00198997 	
2.045	2.15634 	-0.0895867 	-1.75976 	0.000379102 	-0.114591 	0.00197695 	
2.05	2.15687 	-0.0898576 	-1.75959 	0.000360031 	-0.11462 	0.00196467 	
2.055	2.15736 	-0.090106 	-1.75941 	0.000342446 	-0.114648 	0.00195327 	
2.06	2.15601 	-0.0895812 	-1.76164 	0.000399848 	-0.114676 	0.00198058 	
2.065	2.15673 	-0.0898819 	-1.76165 	0.00037924 	-0.114713 	0.00196865 	
2.07	2.15736 	-0.0901785 	-1.76156 	0.000358672 	-0.114746 	0.001956 	
2.075	2.15787 	-0.0904409 	-1.76139 	0.000340178 	-0.114774 	0.0019441 	
2.08	2.15835 	-0.0906815 	-1.76123 	0.000323126 	-0.1148 	0.00193305 	
2.085	2.1588 	-0.0909018 	-1.76105 	0.000307409 	-0.114825 	0.0019228 	
2.09	2.15719 	-0.0902703 	-1.76358 	0.000375319 	-0.114852 	0.00195631 	
2.095	2.15792 	-0.0905597 	-1.76363 	0.000355561 	-0.114889 	0.00194521 	
2.1	2.15853 	-0.0908478 	-1.76357 	0.000335613 	-0.114921 	0.00193307 	
2.105	2.15902 	-0.0911006 	-1.76341 	0.000317768 	-0.114948 	0.00192157 	
2.11	2.15948 	-0.0913325 	-1.76325 	0.000301313 	-0.114973 	0.00191091 	
2.115	2.15991 	-0.091545 	-1.76308 	0.000286145 	-0.114996 	0.00190101 	
2.12	2.15837 	-0.0909514 	-1.76549 	0.000350953 	-0.115022 	0.00193351 	
2.125	2.15906 	-0.0912294 	-1.76553 	0.000331936 	-0.115056 	0.00192276 	
2.13	2.15964 	-0.0915063 	-1.76547 	0.000312728 	-0.115087 	0.00191104 	
2.135	2.16011 	-0.0917497 	-1.76532 	0.000295535 	-0.115112 	0.00189997 	
2.14	2.16054 	-0.091973 	-1.76517 	0.00027968 	-0.115136 	0.0018897 	
2.145	2.16095 	-0.0921776 	-1.76502 	0.000265064 	-0.115159 	0.00188017 	
2.15	2.15952 	-0.0916345 	-1.76726 	0.000325383 	-0.115183 	0.00191085 	
2.155	2.16016 	-0.0918992 	-1.7673 	0.000307225 	-0.115215 	0.00190047 	
2.16	2.1607 	-0.092163 	-1.76723 	0.000288894 	-0.115244 	0.00188926 	
2.165	2.16114 	-0.0923954 	-1.76709 	0.000272467 	-0.115268 	0.00187869 	
2.17	2.16156 	-0.0926086 	-1.76695 	0.000257318 	-0.115291 	0.00186889 	
2.175	2.16195 	-0.092804 	-1.76681 	0.000243352 	-0.115312 	0.00185979 	
2.18	2.16231 	-0.0929831 	-1.76667 	0.000230481 	-0.115332 	0.00185136 	
2.185	2.16073 	-0.0923805 	-1.76906 	0.000296846 	-0.115354 	0.00188598 	
2.19	2.16135 	-0.0926299 	-1.76912 	0.000279786 	-0.115385 	0.00187645 	
2.195	2.16188 	-0.0928806 	-1.76908 	0.00026238 	-0.115412 	0.00186589 	
2.2	2.16229 	-0.0931003 	-1.76895 	0.000246844 	-0.115435 	0.0018559 	
2.205	2.16267 	-0.0933019 	-1.76882 	0.000232515 	-0.115456 	0.00184664 	
2.21	2.16304 	-0.0934868 	-1.76869 	0.000219302 	-0.115476 	0.00183804 	
2.215	2.16338 	-0.0936562 	-1.76856 	0.000207124 	-0.115494 	0.00183007 	
2.22	2.16193 	-0.0931126 	-1.77076 	0.000267956 	-0.115514 	0.00186223 	
2.225	2.16249 	-0.0933455 	-1.7708 	0.000251973 	-0.115543 	0.00185319 	
2.23	2.16272 	-0.0932331 	-1.77034 	0.000210235 	-0.115534 	0.00188521 	
2.235	2.1631 	-0.0934392 	-1.77023 	0.000195662 	-0.115554 	0.00187586 	
2.24	2.16346 	-0.0936284 	-1.77011 	0.000182218 	-0.115574 	0.00186719 	
2.245	2.16379 	-0.0938019 	-1.76999 	0.00016982 	-0.115592 	0.00185914 	
2.25	2.16411 	-0.093961 	-1.76987 	0.00015839 	-0.11561 	0.00185168 	
2.255	2.16441 	-0.0941068 	-1.76975 	0.000147857 	-0.115626 	0.00184476 	
2.26	2.16291 	-0.0935462 	-1.77197 	0.000210437 	-0.115644 	0.00187849 	
2.265	2.16344 	-0.0937597 	-1.77203 	0.000195816 	-0.11567 	0.00187034 	
2.27	2.16388 	-0.0939765 	-1.772 	0.000180756 	-0.115693 	0.00186122 	
2.275	2.16423 	-0.0941664 	-1.7719 	0.000167332 	-0.115712 	0.00185262 	
2.28	2.16456 	-0.0943408 	-1.77179 	0.000154946 	-0.11573 	0.00184465 	
2.285	2.16486 	-0.0945009 	-1.77169 	0.00014352 	-0.115747 	0.00183726 	
2.29	2.16515 	-0.0946477 	-1.77159 	0.000132984 	-0.115762 	0.0018304 	
2.295	2.16542 	-0.0947824 	-1.77148 	0.000123271 	-0.115777 	0.00182404 	
2.3	2.16567 	-0.0949057 	-1.77138 	0.00011432 	-0.115791 	0.00181814 	
2.305	2.16591 	-0.0950186 	-1.77127 	0.000106074 	-0.115804 	0.00181267 	
2.31	2.16428 	-0.0944019 	-1.77361 	0.000174243 	-0.115819 	0.00185021 	
2.315	2.16477 	-0.0945926 	-1.7737 	0.000161255 	-0.115844 	0.00184321 	
2.32	2.16517 	-0.0947896 	-1.77369 	0.000147627 	-0.115864 	0.00183507 	
2.325	2.16548 	-0.0949607 	-1.77361 	0.000135553 	-0.115881 	0.00182736 	
2.33	2.16577 	-0.095118 	-1.77352 	0.000124407 	-0.115897 	0.00182021 	
2.335	2.16603 	-0.0952626 	-1.77344 	0.00011412 	-0.115911 	0.00181358 	
2.34	2.16629 	-0.0953954 	-1.77335 	0.000104628 	-0.115925 	0.00180744 	
2.345	2.16652 	-0.0955173 	-1.77327 	9.58729e-05 	-0.115938 	0.00180174 	
2.35	2.16674 	-0.0956291 	-1.77318 	8.77985e-05 	-0.11595 	0.00179645 	
2.355	2.16695 	-0.0957317 	-1.7731 	8.03543e-05 	-0.115961 	0.00179155 	
2.36	2.16715 	-0.0958257 	-1.77301 	7.34929e-05 	-0.115972 	0.00178701 	
2.365	2.16733 	-0.0959117 	-1.77293 	6.71705e-05 	-0.115982 	0.00178279 	
2.37	2.1675 	-0.0959905 	-1.77284 	6.13468e-05 	-0.115992 	0.00177888 	
2.375	2.16583 	-0.0953577 	-1.77517 	0.000130902 	-0.116003 	0.0018179 	
2.38	2.16625 	-0.0955188 	-1.77528 	0.000120017 	-0.116024 	0.00181224 	
2.385	2.1666 	-0.0956886 	-1.77529 	0.000108335 	-0.116042 	0.00180535 	
2.39	2.16685 	-0.0958352 	-1.77523 	9.80435e-05 	-0.116055 	0.00179883 	
2.395	2.16709 	-0.0959702 	-1.77517 	8.85355e-05 	-0.116068 	0.00179278 	
2.4	2.16731 	-0.0960946 	-1.77511 	7.97523e-05 	-0.11608 	0.00178717 	
2.405	2.16752 	-0.096209 	-1.77505 	7.16397e-05 	-0.116091 	0.00178197 	
2.41	2.16771 	-0.0963144 	-1.77499 	6.41475e-05 	-0.116102 	0.00177715 	
2.415	2.16789 	-0.0964113 	-1.77493 	5.72291e-05 	-0.116112 	0.00177268 	
2.42	2.16806 	-0.0965004 	-1.77488 	5.08414e-05 	-0.116121 	0.00176854 	
2.425	2.16822 	-0.0965823 	-1.77482 	4.49443e-05 	-0.116129 	0.00176469 	
2.43	2.16837 	-0.0966577 	-1.77476 	3.95004e-05 	-0.116137 	0.00176113 	
2.435	2.16851 	-0.096727 	-1.77471 	3.44748e-05 	-0.116145 	0.00175783 	
2.44	2.16864 	-0.0967906 	-1.77465 	2.98371e-05 	-0.116152 	0.00175477 	
2.445	2.16876 	-0.0968491 	-1.7746 	2.55568e-05 	-0.116159 	0.00175193 	
2.45	2.16887 	-0.0969028 	-1.77455 	2.16063e-05 	-0.116165 	0.00174929 	
2.455	2.16898 	-0.0969522 	-1.7745 	1.79613e-05 	-0.116171 	0.00174685 	
2.46	2.16908 	-0.0969975 	-1.77445 	1.4598e-05 	-0.116177 	0.00174459 	
2.465	2.16917 	-0.0970391 	-1.7744 	1.14946e-05 	-0.116182 	0.00174249 	
2.47	2.16926 	-0.0970773 	-1.77435 	8.63095e-06 	-0.116187 	0.00174054 	
2.475	2.16934 	-0.0971124 	-1.77431 	5.98826e-06 	-0.116191 	0.00173874 	
2.48	2.16941 	-0.0971447 	-1.77427 	3.54915e-06 	-0.116195 	0.00173707 	
2.485	2.16948 	-0.0971743 	-1.77422 	1.29754e-06 	-0.116199 	0.00173551 	
2.49	2.16955 	-0.0972015 	-1.77419 	-7.81513e-07 	-0.116203 	0.00173408 	
2.495	2.16961 	-0.0972266 	-1.77415 	-2.70183e-06 	-0.116207 	0.00173274 	
2.5	2.16967 	-0.0972497 	-1.77411 	-4.47623e-06 	-0.11621 	0.00173151 	
2.505	2.16972 	-0.097271 	-1.77408 	-6.11661e-06 	-0.116213 	0.00173036 	
2.51	2.16977 	-0.0972906 	-1.77405 	-7.63435e-06 	-0.116216 	0.0017293 	
2.515	2.16982 	-0.0973085 	-1.77402 	-9.02034e-06 	-0.116218 	0.00172833 	
2.52	2.16987 	-0.0973238 	-1.77399 	-1.02345e-05 	-0.116221 	0.00172745 	
2.525	2.16991 	-0.0973375 	-1.77396 	-1.13345e-05 	-0.116223 	0.00172665 	
2.53	2.16995 	-0.0973504 	-1.77394 	-1.23676e-05 	-0.116225 	0.0017259 	
2.535	2.16998 	-0.0973626 	-1.77392 	-1.3342e-05 	-0.116227 	0.00172519 	
2.54	2.17002 	-0.0973744 	-1.7739 	-1.42719e-05 	-0.116229 	0.00172453 	
2.545	2.17005 	-0.0973858 	-1.77388 	-1.51676e-05 	-0.116231 	0.00172389 	
2.55	2.17008 	-0.0973971 	-1.77386 	-1.6039e-05 	-0.116233 	0.00172328 	
2.555	2.16858 	-0.096139 	-1.77589 	7.84848e-05 	-0.116237 	0.00175381 	
2.56	2.16883 	-0.0962654 	-1.77601 	7.04432e-05 	-0.116249 	0.00175037 	
2.565	2.16902 	-0.0964139 	-1.77607 	6.0948e-05 	-0.11626 	0.00174556 	
2.57	2.16915 	-0.0965424 	-1.77607 	5.26969e-05 	-0.116267 	0.00174103 	
2.575	2.16928 	-0.0966627 	-1.77608 	4.49716e-05 	-0.116273 	0.00173681 	
2.58	2.1694 	-0.0967755 	-1.77608 	3.77263e-05 	-0.116279 	0.00173284 	
2.585	2.16951 	-0.0968816 	-1.77608 	3.09185e-05 	-0.116285 	0.00172912 	
2.59	2.16962 	-0.0969815 	-1.77608 	2.45088e-05 	-0.116291 	0.00172562 	
2.595	2.16972 	-0.0970758 	-1.77608 	1.84607e-05 	-0.116296 	0.00172232 	
2.6	2.16982 	-0.097165 	-1.77607 	1.27405e-05 	-0.116302 	0.00171921 	
2.605	2.16988 	-0.0972007 	-1.77601 	3.73618e-06 	-0.116302 	0.00172219 	
2.61	2.1703 	-0.0941626 	-1.77579 	0.000140757 	-0.116308 	0.00168851 	
2.615	2.1704 	-0.0944002 	-1.77579 	0.00012663 	-0.116315 	0.00168233 	
2.62	2.17047 	-0.0946716 	-1.77578 	0.000110653 	-0.116321 	0.00167547 	
2.625	2.17053 	-0.0949129 	-1.77577 	9.64608e-05 	-0.116326 	0.00166931 	
2.63	2.17059 	-0.0951391 	-1.77575 	8.31429e-05 	-0.11633 	0.00166351 	
2.635	2.17065 	-0.0953516 	-1.77574 	7.06287e-05 	-0.116335 	0.00165805 	
2.64	2.17071 	-0.0955512 	-1.77572 	5.8858e-05 	-0.11634 	0.00165291 	
2.645	2.17132 	-0.0922641 	-1.77524 	0.000202219 	-0.116345 	0.00160898 	
2.65	2.17138 	-0.0926166 	-1.77523 	0.000181848 	-0.116352 	0.00160067 	
2.655	2.17141 	-0.0929989 	-1.7752 	0.000159819 	-0.116357 	0.00159177 	
2.66	2.17144 	-0.0933425 	-1.77517 	0.000140019 	-0.116362 	0.00158372 	
2.665	2.17146 	-0.0936643 	-1.77514 	0.000121458 	-0.116366 	0.00157614 	
2.67	2.17201 	-0.090765 	-1.77466 	0.000246018 	-0.116371 	0.00153268 	
2.675	2.17204 	-0.0912092 	-1.77464 	0.000220568 	-0.116377 	0.00152257 	
2.68	2.17205 	-0.0916729 	-1.7746 	0.000194032 	-0.116382 	0.00151207 	
2.685	2.17205 	-0.0920937 	-1.77455 	0.000169948 	-0.116387 	0.00150248 	
2.69	2.17206 	-0.0924876 	-1.77451 	0.000147381 	-0.116391 	0.00149347 	
2.695	2.17267 	-0.0891934 	-1.77396 	0.000288723 	-0.116396 	0.00144341 	
2.7	2.1727 	-0.0897243 	-1.77393 	0.000258447 	-0.116403 	0.00143151 	
2.705	2.17269 	-0.0902757 	-1.77388 	0.000227018 	-0.116408 	0.00141921 	
2.71	2.17268 	-0.0907763 	-1.77383 	0.000198475 	-0.116413 	0.00140798 	
2.715	2.17322 	-0.0878544 	-1.7733 	0.000322185 	-0.116418 	0.00135897 	
2.72	2.17323 	-0.0884638 	-1.77326 	0.000287507 	-0.116425 	0.00134544 	
2.725	2.17321 	-0.0890845 	-1.7732 	0.000252198 	-0.11643 	0.00133168 	
2.73	2.17319 	-0.089651 	-1.77314 	0.000219964 	-0.116435 	0.00131906 	
2.735	2.17376 	-0.0865109 	-1.77256 	0.000352706 	-0.11644 	0.00126562 	
2.74	2.17377 	-0.087192 	-1.77251 	0.000314006 	-0.116448 	0.00125055 	
2.745	2.17375 	-0.0878839 	-1.77245 	0.000274709 	-0.116454 	0.00123527 	
2.75	2.17372 	-0.0885155 	-1.77238 	0.000238818 	-0.116458 	0.00122126 	
2.755	2.17434 	-0.0851044 	-1.77175 	0.000382948 	-0.116464 	0.00116279 	
2.76	2.17435 	-0.0858594 	-1.7717 	0.000340109 	-0.116473 	0.00114612 	
2.765	2.17432 	-0.0866249 	-1.77162 	0.000296671 	-0.116479 	0.00112925 	
2.77	2.17481 	-0.084 	-1.77107 	0.000404662 	-0.116485 	0.00107619 	
2.775	2.17479 	-0.0848209 	-1.77101 	0.000358116 	-0.116492 	0.00105811 	
2.78	2.17474 	-0.0856379 	-1.77092 	0.000311787 	-0.116498 	0.00104013 	
2.785	2.17524 	-0.0829648 	-1.77036 	0.000421385 	-0.116504 	0.000984869 	
2.79	2.17522 	-0.0838384 	-1.77028 	0.000371882 	-0.116512 	0.000965636 	
2.795	2.17518 	-0.0847061 	-1.7702 	0.000322708 	-0.116519 	0.000946537 	
2.8	2.1757 	-0.0819044 	-1.7696 	0.000437533 	-0.116525 	0.0008883 	
2.805	2.17568 	-0.0828308 	-1.76952 	0.000385072 	-0.116534 	0.000867901 	
2.81	2.17563 	-0.0837503 	-1.76943 	0.00033299 	-0.116541 	0.00084766 	
2.815	2.17618 	-0.0808151 	-1.7688 	0.000453269 	-0.116547 	0.000786362 	
2.82	2.17616 	-0.0817951 	-1.76872 	0.000397796 	-0.116557 	0.00076477 	
2.825	2.17611 	-0.0827674 	-1.76863 	0.000342754 	-0.116564 	0.000743362 	
2.83	2.17669 	-0.0797009 	-1.76796 	0.00046839 	-0.116571 	0.000678999 	
2.835	2.17667 	-0.0807354 	-1.76788 	0.000409865 	-0.116581 	0.000656193 	
2.84	2.17662 	-0.0817611 	-1.76778 	0.000351825 	-0.116588 	0.000633599 	
2.845	2.17721 	-0.078566 	-1.76709 	0.0004827 	-0.116596 	0.000566185 	
2.85	2.17719 	-0.0796554 	-1.767 	0.0004211 	-0.116606 	0.000542151 	
2.855	2.17714 	-0.080735 	-1.7669 	0.000360043 	-0.116614 	0.000518358 	
2.86	2.17776 	-0.0774141 	-1.76618 	0.000496047 	-0.116622 	0.000447912 	
2.865	2.17774 	-0.0785587 	-1.76609 	0.00043136 	-0.116632 	0.00042264 	
2.87	2.17769 	-0.0796922 	-1.76598 	0.000367279 	-0.116641 	0.000397641 	
2.875	2.17833 	-0.0762481 	-1.76522 	0.000508309 	-0.116649 	0.000324189 	
2.88	2.17831 	-0.0774478 	-1.76513 	0.000440536 	-0.11666 	0.000297674 	
2.885	2.17875 	-0.0753986 	-1.76455 	0.000517744 	-0.116669 	0.000235123 	
2.89	2.17869 	-0.0766522 	-1.76444 	0.000446954 	-0.116679 	0.000207479 	
2.895	2.1791 	-0.0746925 	-1.76386 	0.00051988 	-0.116687 	0.000144914 	
2.9	2.17904 	-0.0759782 	-1.76374 	0.000447298 	-0.116697 	0.000116541 	
2.905	2.17946 	-0.0739869 	-1.76314 	0.000521367 	-0.116706 	5.26562e-05 	
2.91	2.1794 	-0.0753032 	-1.76302 	0.000447081 	-0.116716 	2.35829e-05 	
2.915	2.17983 	-0.0732696 	-1.76242 	0.000522777 	-0.116725 	-4.1757e-05 	
2.92	2.17977 	-0.0746168 	-1.76229 	0.000446767 	-0.116736 	-7.154e-05 	
2.925	2.18021 	-0.0725408 	-1.76168 	0.000524083 	-0.116745 	-0.000138349 	
2.93	2.18015 	-0.0739195 	-1.76155 	0.000446329 	-0.116756 	-0.000168851 	
2.935	2.18073 	-0.0719548 	-1.76111 	0.000537262 	-0.116781 	-0.000256227 	
2.94	2.18067 	-0.0733653 	-1.76099 	0.000457737 	-0.116792 	-0.000287461 	
2.945	2.18113 	-0.0712085 	-1.76034 	0.000538138 	-0.116801 	-0.00035722 	
2.95	2.18107 	-0.0726515 	-1.76021 	0.000456804 	-0.116813 	-0.000389203 	
2.955	2.18155 	-0.0704558 	-1.75956 	0.000538679 	-0.116823 	-0.00046042 	
2.96	2.18149 	-0.0719308 	-1.75943 	0.000455573 	-0.116835 	-0.000493137 	
2.965	2.18197 	-0.069697 	-1.75876 	0.000538891 	-0.116845 	-0.000565801 	
2.97	2.18192 	-0.0712041 	-1.75863 	0.000454008 	-0.116857 	-0.000599256 	
2.975	2.18241 	-0.0689333 	-1.75795 	0.00053873 	-0.116867 	-0.000673357 	
2.98	2.18235 	-0.0704723 	-1.75781 	0.000452072 	-0.11688 	-0.000707552 	
2.985	2.18285 	-0.0681654 	-1.75712 	0.000538162 	-0.11689 	-0.00078308 	
2.99	2.1828 	-0.0697365 	-1.75699 	0.000449732 	-0.116903 	-0.000818015 	
2.995	2.1833 	-0.0673943 	-1.75628 	0.000537157 	-0.116914 	-0.000894955 	
3	2.18325 	-0.0689973 	-1.75614 	0.000446963 	-0.116927 	-0.000930629 	
3.005	2.18376 	-0.0666208 	-1.75543 	0.000535691 	-0.116938 	-0.00100897 	
3.01	2.18371 	-0.0682556 	-1.75529 	0.000443743 	-0.116951 	-0.00104538 	
3.015	2.18423 	-0.0658454 	-1.75456 	0.000533744 	-0.116962 	-0.0011251 	
3.02	2.18418 	-0.0675118 	-1.75442 	0.000440054 	-0.116975 	-0.00116225 	
3.025	2.18471 	-0.065069 	-1.75367 	0.000531301 	-0.116987 	-0.00124334 	
3.03	2.18465 	-0.0667667 	-1.75353 	0.000435883 	-0.117 	-0.00128122 	
3.035	2.18519 	-0.0642919 	-1.75278 	0.000528349 	-0.117012 	-0.00136366 	
3.04	2.18514 	-0.0660207 	-1.75263 	0.000431218 	-0.117026 	-0.00140226 	
3.045	2.18568 	-0.0635148 	-1.75187 	0.000524876 	-0.117037 	-0.00148604 	
3.05	2.18562 	-0.0652745 	-1.75172 	0.000426052 	-0.117052 	-0.00152536 	
3.055	2.18618 	-0.0627381 	-1.75095 	0.000520876 	-0.117063 	-0.00161046 	
3.06	2.18612 	-0.0645283 	-1.7508 	0.000420377 	-0.117078 	-0.00165049 	
3.065	2.18668 	-0.0619623 	-1.75001 	0.000516343 	-0.11709 	-0.00173688 	
3.07	2.18662 	-0.0637827 	-1.74986 	0.000414188 	-0.117104 	-0.00177763 	
3.075	2.18719 	-0.0611878 	-1.74906 	0.000511273 	-0.117117 	-0.0018653 	
3.08	2.18713 	-0.063038 	-1.74891 	0.000407484 	-0.117131 	-0.00190674 	
3.085	2.1877 	-0.060415 	-1.7481 	0.000505662 	-0.117144 	-0.00199567 	
3.09	2.18765 	-0.0622946 	-1.74795 	0.000400263 	-0.117159 	-0.00203781 	
3.095	2.18822 	-0.0596443 	-1.74713 	0.000499511 	-0.117171 	-0.00212797 	
3.1	2.18817 	-0.0615529 	-1.74698 	0.000392524 	-0.117186 	-0.00217079 	
3.105	2.18875 	-0.058876 	-1.74615 	0.000492819 	-0.117199 	-0.00226217 	
3.11	2.1887 	-0.0608133 	-1.74599 	0.000384269 	-0.117214 	-0.00230568 	
3.115	2.18928 	-0.0581104 	-1.74515 	0.000485587 	-0.117227 	-0.00239824 	
3.12	2.18923 	-0.0600759 	-1.74499 	0.000375499 	-0.117242 	-0.00244242 	
3.125	2.18982 	-0.0573479 	-1.74414 	0.000477817 	-0.117255 	-0.00253616 	
3.13	2.18977 	-0.0593413 	-1.74399 	0.000366216 	-0.117271 	-0.002581 	
3.135	2.19036 	-0.0565888 	-1.74313 	0.000469511 	-0.117284 	-0.00267588 	
3.14	2.19031 	-0.0586095 	-1.74297 	0.000356424 	-0.1173 	-0.00272138 	
3.145	2.19091 	-0.0558334 	-1.7421 	0.000460673 	-0.117313 	-0.00281739 	
3.15	2.19086 	-0.057881 	-1.74194 	0.000346127 	-0.117329 	-0.00286353 	
3.155	2.19146 	-0.0550819 	-1.74106 	0.000451306 	-0.117342 	-0.00296064 	
3.16	2.19141 	-0.0571559 	-1.7409 	0.000335328 	-0.117358 	-0.00300741 	
3.165	2.19202 	-0.0543347 	-1.74001 	0.000441414 	-0.117371 	-0.0031056 	
3.17	2.19196 	-0.0564347 	-1.73985 	0.000324033 	-0.117388 	-0.003153 	
3.175	2.19258 	-0.053592 	-1.73895 	0.000431002 	-0.117401 	-0.00325224 	
3.18	2.19253 	-0.0557174 	-1.73879 	0.000312246 	-0.117418 	-0.00330025 	
3.185	2.19315 	-0.052854 	-1.73788 	0.000420074 	-0.117431 	-0.00340052 	
3.19	2.19309 	-0.0550045 	-1.73772 	0.000299972 	-0.117448 	-0.00344914 	
3.195	2.19372 	-0.0521211 	-1.7368 	0.000408636 	-0.117461 	-0.00355041 	
3.2	2.19366 	-0.054296 	-1.73664 	0.000287218 	-0.117478 	-0.00359962 	
3.205	2.19429 	-0.0513935 	-1.73572 	0.000396692 	-0.117491 	-0.00370187 	
3.21	2.19424 	-0.0535924 	-1.73555 	0.000273988 	-0.117508 	-0.00375167 	
3.215	2.19487 	-0.0506714 	-1.73462 	0.000384249 	-0.117522 	-0.00385487 	
3.22	2.19481 	-0.0528937 	-1.73445 	0.000260289 	-0.117539 	-0.00390524 	
3.225	2.19545 	-0.0499551 	-1.73352 	0.000371312 	-0.117552 	-0.00400937 	
3.23	2.19539 	-0.0522003 	-1.73335 	0.000246127 	-0.11757 	-0.0040603 	
3.235	2.19603 	-0.0492448 	-1.73241 	0.000357888 	-0.117583 	-0.00416533 	
3.24	2.19598 	-0.0515123 	-1.73224 	0.000231508 	-0.117601 	-0.00421682 	
3.245	2.19662 	-0.0485407 	-1.73129 	0.00034398 	-0.117614 	-0.00432271 	
3.25	2.19657 	-0.0508301 	-1.73112 	0.000216437 	-0.117632 	-0.00437474 	
3.255	2.19721 	-0.047843 	-1.73016 	0.000329597 	-0.117645 	-0.00448148 	
3.26	2.19716 	-0.0501537 	-1.72999 	0.000200923 	-0.117663 	-0.00453404 	
3.265	2.19781 	-0.0471521 	-1.72903 	0.000314744 	-0.117677 	-0.0046416 	
3.27	2.19775 	-0.0494835 	-1.72886 	0.00018497 	-0.117695 	-0.00469468 	
3.275	2.1984 	-0.046468 	-1.72789 	0.000299426 	-0.117708 	-0.00480303 	
3.28	2.19835 	-0.0488196 	-1.72771 	0.000168585 	-0.117726 	-0.00485661 	
3.285	2.19901 	-0.0457911 	-1.72674 	0.000283651 	-0.117739 	-0.00496573 	
3.29	2.19895 	-0.0481622 	-1.72657 	0.000151774 	-0.117758 	-0.0050198 	
3.295	2.19961 	-0.0451214 	-1.72559 	0.000267423 	-0.117771 	-0.00512966 	
3.3	2.19956 	-0.0475116 	-1.72541 	0.000134545 	-0.117789 	-0.0051842 	
3.305	2.20021 	-0.0444594 	-1.72443 	0.00025075 	-0.117803 	-0.00529478 	
3.31	2.20016 	-0.0468679 	-1.72426 	0.000116902 	-0.117821 	-0.00534979 	
3.315	2.20082 	-0.043805 	-1.72326 	0.000233637 	-0.117834 	-0.00546104 	
3.32	2.20077 	-0.0462314 	-1.72309 	9.88535e-05 	-0.117853 	-0.00551651 	
3.325	2.20143 	-0.0431586 	-1.72209 	0.000216091 	-0.117866 	-0.00562842 	
3.33	2.20138 	-0.0456023 	-1.72192 	8.04047e-05 	-0.117885 	-0.00568432 	
3.335	2.20204 	-0.0425203 	-1.72092 	0.000198118 	-0.117898 	-0.00579686 	
3.34	2.20199 	-0.0449807 	-1.72075 	6.15622e-05 	-0.117917 	-0.00585319 	
3.345	2.20266 	-0.0418903 	-1.71974 	0.000179723 	-0.11793 	-0.00596633 	
3.35	2.20261 	-0.0443668 	-1.71957 	4.23321e-05 	-0.117949 	-0.00602307 	
3.355	2.20327 	-0.0412689 	-1.71856 	0.000160913 	-0.117962 	-0.00613677 	
3.36	2.20322 	-0.0437608 	-1.71839 	2.27207e-05 	-0.11798 	-0.00619392 	
3.365	2.20389 	-0.0406561 	-1.71737 	0.000141693 	-0.117994 	-0.00630817 	
3.37	2.20384 	-0.0431629 	-1.7172 	2.73404e-06 	-0.118012 	-0.0063657 	
3.375	2.20451 	-0.0400523 	-1.71619 	0.00012207 	-0.118026 	-0.00648045 	
3.38	2.20499 	-0.0431209 	-1.71677 	3.57128e-05 	-0.118099 	-0.0066142 	
3.385	2.20566 	-0.040004 	-1.71575 	0.000155502 	-0.118112 	-0.00672946 	
3.39	2.20561 	-0.0425411 	-1.71558 	1.49801e-05 	-0.118131 	-0.00678778 	
3.395	2.20628 	-0.0394224 	-1.71456 	0.000134931 	-0.118144 	-0.00690356 	
3.4	2.20623 	-0.0419728 	-1.71439 	-6.27559e-06 	-0.118163 	-0.00696223 	
3.405	2.2069 	-0.0388499 	-1.71337 	0.000113984 	-0.118176 	-0.00707841 	
3.41	2.20685 	-0.0414123 	-1.7132 	-2.7829e-05 	-0.118194 	-0.0071374 	
3.415	2.20752 	-0.0382863 	-1.71217 	9.26987e-05 	-0.118207 	-0.00725397 	
3.42	2.20747 	-0.0408601 	-1.712 	-4.96893e-05 	-0.118226 	-0.00731326 	
3.425	2.20815 	-0.0377317 	-1.71097 	7.10742e-05 	-0.118239 	-0.00743019 	
3.43	2.2081 	-0.0403164 	-1.7108 	-7.18562e-05 	-0.118257 	-0.00748978 	
3.435	2.20877 	-0.0371866 	-1.70977 	4.91111e-05 	-0.11827 	-0.00760704 	
3.44	2.20872 	-0.0397815 	-1.7096 	-9.43289e-05 	-0.118289 	-0.00766691 	
3.445	2.2094 	-0.036651 	-1.70856 	2.68103e-05 	-0.118302 	-0.00778447 	
3.45	2.20935 	-0.0392556 	-1.7084 	-0.000117106 	-0.11832 	-0.0078446 	
3.455	2.21002 	-0.0361252 	-1.70736 	4.17362e-06 	-0.118333 	-0.00796244 	
3.46	2.20997 	-0.0387388 	-1.70719 	-0.000140185 	-0.118352 	-0.00802282 	
3.465	2.21064 	-0.0356094 	-1.70616 	-1.8797e-05 	-0.118364 	-0.0081409 	
3.47	2.2106 	-0.0382315 	-1.70599 	-0.000163563 	-0.118383 	-0.00820153 	
3.475	2.21127 	-0.0351038 	-1.70495 	-4.2099e-05 	-0.118396 	-0.00831982 	
3.48	2.21122 	-0.0377337 	-1.70479 	-0.000187239 	-0.118414 	-0.00838066 	
3.485	2.2119 	-0.0346087 	-1.70375 	-6.57297e-05 	-0.118427 	-0.00849914 	
3.49	2.21185 	-0.0372457 	-1.70358 	-0.000211209 	-0.118445 	-0.00856019 	
3.495	2.21252 	-0.034124 	-1.70254 	-8.96861e-05 	-0.118458 	-0.00867882 	
3.5	2.21247 	-0.0367676 	-1.70238 	-0.00023547 	-0.118476 	-0.00874007 	
3.505	2.21314 	-0.0336501 	-1.70134 	-0.000113965 	-0.118489 	-0.00885883 	
3.51	2.2131 	-0.0362995 	-1.70118 	-0.000260018 	-0.118507 	-0.00892025 	
3.515	2.21377 	-0.0331871 	-1.70014 	-0.000138563 	-0.118519 	-0.0090391 	
3.52	2.21372 	-0.0358417 	-1.69997 	-0.00028485 	-0.118538 	-0.00910069 	
3.525	2.21439 	-0.032735 	-1.69893 	-0.000163476 	-0.11855 	-0.0092196 	
3.53	2.21435 	-0.0353943 	-1.69877 	-0.000309961 	-0.118568 	-0.00928134 	
3.535	2.21501 	-0.0322942 	-1.69774 	-0.000188701 	-0.11858 	-0.00940029 	
3.54	2.21497 	-0.0349574 	-1.69757 	-0.00033535 	-0.118598 	-0.00946215 	
3.545	2.21564 	-0.0318646 	-1.69654 	-0.000214234 	-0.11861 	-0.00958111 	
3.55	2.21559 	-0.0345311 	-1.69638 	-0.00036101 	-0.118629 	-0.00964309 	
3.555	2.21626 	-0.0314465 	-1.69534 	-0.000240071 	-0.118641 	-0.00976203 	
3.56	2.21621 	-0.0341156 	-1.69518 	-0.00038694 	-0.118659 	-0.00982411 	
3.565	2.21687 	-0.0310398 	-1.69415 	-0.000266209 	-0.11867 	-0.00994299 	
3.57	2.21683 	-0.033711 	-1.69399 	-0.000413134 	-0.118688 	-0.0100052 	
3.575	2.21749 	-0.0306449 	-1.69296 	-0.000292643 	-0.1187 	-0.010124 	
3.58	2.21745 	-0.0333174 	-1.6928 	-0.000439588 	-0.118718 	-0.0101862 	
3.585	2.21811 	-0.0302617 	-1.69177 	-0.00031937 	-0.11873 	-0.0103049 	
3.59	2.21807 	-0.0329348 	-1.69162 	-0.000466299 	-0.118747 	-0.0103671 	
3.595	2.21872 	-0.0298904 	-1.69059 	-0.000346385 	-0.118759 	-0.0104857 	
3.6	2.21868 	-0.0325635 	-1.69044 	-0.000493263 	-0.118777 	-0.010548 	
3.605	2.21933 	-0.029531 	-1.68941 	-0.000373684 	-0.118788 	-0.0106664 	
3.61	2.21929 	-0.0322035 	-1.68926 	-0.000520475 	-0.118805 	-0.0107287 	
3.615	2.21994 	-0.0291837 	-1.68824 	-0.000401264 	-0.118817 	-0.0108469 	
3.62	2.2199 	-0.0318548 	-1.68808 	-0.000547933 	-0.118834 	-0.0109092 	
3.625	2.22055 	-0.0288485 	-1.68707 	-0.000429121 	-0.118845 	-0.0110272 	
3.63	2.22051 	-0.0315176 	-1.68691 	-0.00057563 	-0.118863 	-0.0110895 	
3.635	2.22116 	-0.0285255 	-1.6859 	-0.00045725 	-0.118874 	-0.0112072 	
3.64	2.22112 	-0.031192 	-1.68575 	-0.000603565 	-0.118891 	-0.0112695 	
3.645	2.22176 	-0.0282148 	-1.68474 	-0.000485648 	-0.118902 	-0.0113869 	
3.65	2.22172 	-0.030878 	-1.68459 	-0.000631732 	-0.118919 	-0.0114491 	
3.655	2.22236 	-0.0279165 	-1.68358 	-0.00051431 	-0.11893 	-0.0115662 	
3.66	2.22232 	-0.0305757 	-1.68344 	-0.000660129 	-0.118947 	-0.0116283 	
3.665	2.22296 	-0.0276306 	-1.68243 	-0.000543233 	-0.118958 	-0.0117451 	
3.67	2.22292 	-0.0302852 	-1.68229 	-0.00068875 	-0.118974 	-0.0118072 	
3.675	2.22356 	-0.0273572 	-1.68129 	-0.000572413 	-0.118985 	-0.0119235 	
3.68	2.22352 	-0.0300064 	-1.68115 	-0.000717592 	-0.119002 	-0.0119855 	
3.685	2.22415 	-0.0270964 	-1.68015 	-0.000601845 	-0.119012 	-0.0121015 	
3.69	2.22411 	-0.0297396 	-1.68001 	-0.000746651 	-0.119029 	-0.0121634 	
3.695	2.22474 	-0.0268481 	-1.67902 	-0.000631527 	-0.119039 	-0.0122789 	
3.7	2.2247 	-0.0294847 	-1.67888 	-0.000775924 	-0.119055 	-0.0123406 	
3.705	2.22532 	-0.0266125 	-1.6779 	-0.000661452 	-0.119066 	-0.0124557 	
3.71	2.22528 	-0.0292418 	-1.67776 	-0.000805406 	-0.119082 	-0.0125173 	
3.715	2.2259 	-0.0263896 	-1.67678 	-0.000691619 	-0.119092 	-0.0126318 	
3.72	2.22587 	-0.0290109 	-1.67664 	-0.000835093 	-0.119108 	-0.0126933 	
3.725	2.22648 	-0.0261794 	-1.67567 	-0.000722023 	-0.119118 	-0.0128073 	
3.73	2.22644 	-0.028792 	-1.67553 	-0.000864982 	-0.119134 	-0.0128686 	
3.735	2.22706 	-0.0259819 	-1.67456 	-0.000752659 	-0.119144 	-0.0129821 	
3.74	2.22702 	-0.0285853 	-1.67443 	-0.000895069 	-0.11916 	-0.0130432 	
3.745	2.22763 	-0.0257972 	-1.67347 	-0.000783524 	-0.119169 	-0.0131561 	
3.75	2.22759 	-0.0283906 	-1.67334 	-0.00092535 	-0.119185 	-0.0132169 	
3.755	2.2282 	-0.0256254 	-1.67238 	-0.000814615 	-0.119194 	-0.0133293 	
3.76	2.22816 	-0.0282082 	-1.67225 	-0.000955821 	-0.11921 	-0.0133899 	
3.765	2.22876 	-0.0254663 	-1.6713 	-0.000845926 	-0.119219 	-0.0135016 	
3.77	2.22872 	-0.0280379 	-1.67117 	-0.000986479 	-0.119234 	-0.013562 	
3.775	2.22932 	-0.0253202 	-1.67023 	-0.000877454 	-0.119244 	-0.013673 	
3.78	2.22928 	-0.0278798 	-1.6701 	-0.00101732 	-0.119259 	-0.0137331 	
3.785	2.22987 	-0.0251868 	-1.66917 	-0.000909196 	-0.119268 	-0.0138434 	
3.79	2.22984 	-0.0277339 	-1.66904 	-0.00104834 	-0.119283 	-0.0139033 	
3.795	2.23042 	-0.0250663 	-1.66812 	-0.000941146 	-0.119292 	-0.0140129 	
3.8	2.23002 	-0.0273012 	-1.66752 	-0.00111633 	-0.119277 	-0.0140253 	
3.805	2.2306 	-0.0246603 	-1.6666 	-0.00101016 	-0.119286 	-0.0141341 	
3.81	2.23057 	-0.0271788 	-1.66648 	-0.00114767 	-0.1193 	-0.0141934 	
3.815	2.23114 	-0.0245631 	-1.66557 	-0.0010424 	-0.119309 	-0.0143014 	
3.82	2.23111 	-0.0270669 	-1.66544 	-0.00117907 	-0.119324 	-0.0143603 	
3.825	2.23168 	-0.0244788 	-1.66454 	-0.00107484 	-0.119333 	-0.0144676 	
3.83	2.23164 	-0.0269678 	-1.66442 	-0.00121067 	-0.119347 	-0.0145262 	
3.835	2.23221 	-0.0244079 	-1.66353 	-0.00110751 	-0.119355 	-0.0146326 	
3.84	2.23218 	-0.0268813 	-1.66341 	-0.00124245 	-0.119369 	-0.0146908 	
3.845	2.23274 	-0.0243501 	-1.66252 	-0.00114038 	-0.119378 	-0.0147964 	
3.85	2.2327 	-0.0268073 	-1.6624 	-0.00127441 	-0.119392 	-0.0148543 	
3.855	2.23326 	-0.0243055 	-1.66153 	-0.00117345 	-0.1194 	-0.014959 	
3.86	2.23323 	-0.0267458 	-1.66141 	-0.00130653 	-0.119413 	-0.0150165 	
3.865	2.23377 	-0.0242739 	-1.66054 	-0.00120672 	-0.119422 	-0.0151203 	
3.87	2.23374 	-0.0266968 	-1.66043 	-0.00133882 	-0.119435 	-0.0151774 	
3.875	2.23429 	-0.0242554 	-1.65957 	-0.00124018 	-0.119443 	-0.0152803 	
3.88	2.23425 	-0.02666 	-1.65946 	-0.00137125 	-0.119456 	-0.015337 	
3.885	2.23479 	-0.0242497 	-1.65861 	-0.00127381 	-0.119464 	-0.015439 	
3.89	2.23476 	-0.0266356 	-1.6585 	-0.00140384 	-0.119477 	-0.0154952 	
3.895	2.23529 	-0.0242569 	-1.65766 	-0.00130763 	-0.119485 	-0.0155962 	
3.9	2.23525 	-0.0266234 	-1.65755 	-0.00143657 	-0.119498 	-0.0156519 	
3.905	2.23578 	-0.0242769 	-1.65672 	-0.00134161 	-0.119506 	-0.015752 	
3.91	2.23575 	-0.0266234 	-1.65661 	-0.00146944 	-0.119518 	-0.0158073 	
3.915	2.23627 	-0.0243097 	-1.65579 	-0.00137576 	-0.119526 	-0.0159063 	
3.92	2.23624 	-0.0266355 	-1.65568 	-0.00150244 	-0.119538 	-0.0159611 	
3.925	2.23675 	-0.0243551 	-1.65487 	-0.00141007 	-0.119546 	-0.016059 	
3.93	2.23672 	-0.0266597 	-1.65477 	-0.00153556 	-0.119558 	-0.0161134 	
3.935	2.23722 	-0.024413 	-1.65397 	-0.00144453 	-0.119565 	-0.0162103 	
3.94	2.23719 	-0.0266958 	-1.65387 	-0.00156881 	-0.119577 	-0.0162641 	
3.945	2.23769 	-0.0244835 	-1.65308 	-0.00147913 	-0.119584 	-0.0163599 	
3.95	2.23766 	-0.0267439 	-1.65298 	-0.00160217 	-0.119596 	-0.0164132 	
3.955	2.23815 	-0.0245665 	-1.6522 	-0.00151388 	-0.119603 	-0.0165079 	
3.96	2.23812 	-0.0268038 	-1.6521 	-0.00163564 	-0.119614 	-0.0165606 	
3.965	2.23861 	-0.0246618 	-1.65133 	-0.00154876 	-0.119621 	-0.0166542 	
3.97	2.23858 	-0.0268756 	-1.65124 	-0.00166922 	-0.119633 	-0.0167064 	
3.975	2.23906 	-0.0247695 	-1.65048 	-0.00158378 	-0.11964 	-0.0167988 	
3.98	2.23903 	-0.026959 	-1.65038 	-0.0017029 	-0.11965 	-0.0168504 	
3.985	2.2395 	-0.0248894 	-1.64964 	-0.00161892 	-0.119657 	-0.0169416 	
3.99	2.23947 	-0.0270542 	-1.64955 	-0.00173667 	-0.119668 	-0.0169927 	
3.995	2.23994 	-0.0250214 	-1.64881 	-0.00165417 	-0.119675 	-0.0170827 	
4	2.2399 	-0.0271609 	-1.64872 	-0.00177054 	-0.119685 	-0.0171332 	
4.005	2.24036 	-0.0251655 	-1.648 	-0.00168955 	-0.119692 	-0.0172219 	
4.01	2.24033 	-0.0272792 	-1.64791 	-0.00180449 	-0.119702 	-0.0172718 	
4.015	2.24079 	-0.0253215 	-1.64719 	-0.00172503 	-0.119709 	-0.0173593 	
4.02	2.24075 	-0.0274088 	-1.64711 	-0.00183851 	-0.119719 	-0.0174086 	
4.025	2.2412 	-0.0254895 	-1.64641 	-0.00176061 	-0.119725 	-0.0174948 	
4.03	2.24117 	-0.0275499 	-1.64632 	-0.00187261 	-0.119735 	-0.0175434 	
4.035	2.24161 	-0.0256693 	-1.64563 	-0.00179629 	-0.119741 	-0.0176284 	
4.04	2.24158 	-0.0277022 	-1.64555 	-0.00190678 	-0.119751 	-0.0176764 	
4.045	2.24201 	-0.0258608 	-1.64487 	-0.00183206 	-0.119757 	-0.01776 	
4.05	2.24198 	-0.0278656 	-1.64479 	-0.00194102 	-0.119766 	-0.0178073 	
4.055	2.2424 	-0.0260639 	-1.64413 	-0.00186791 	-0.119772 	-0.0178897 	
4.06	2.24237 	-0.0280402 	-1.64405 	-0.00197531 	-0.119781 	-0.0179363 	
4.065	2.24278 	-0.0262785 	-1.64339 	-0.00190385 	-0.119787 	-0.0180173 	
4.07	2.24275 	-0.0282258 	-1.64332 	-0.00200965 	-0.119796 	-0.0180632 	
4.075	2.24316 	-0.0265046 	-1.64268 	-0.00193986 	-0.119802 	-0.0181429 	
4.08	2.24313 	-0.0284224 	-1.6426 	-0.00204404 	-0.119811 	-0.0181881 	
4.085	2.24353 	-0.0267419 	-1.64197 	-0.00197594 	-0.119816 	-0.0182663 	
4.09	2.2435 	-0.0286297 	-1.6419 	-0.00207848 	-0.119825 	-0.0183109 	
4.095	2.24389 	-0.0269905 	-1.64128 	-0.00201207 	-0.11983 	-0.0183877 	
4.1	2.24386 	-0.0288478 	-1.64121 	-0.00211294 	-0.119839 	-0.0184315 	
4.105	2.24425 	-0.0272502 	-1.64061 	-0.00204827 	-0.119844 	-0.0185069 	
4.11	2.24422 	-0.0290765 	-1.64054 	-0.00214744 	-0.119852 	-0.01855 	
4.115	2.24459 	-0.0275209 	-1.63995 	-0.00208451 	-0.119858 	-0.018624 	
4.12	2.24456 	-0.0293157 	-1.63988 	-0.00218196 	-0.119866 	-0.0186663 	
4.125	2.24493 	-0.0278025 	-1.6393 	-0.0021208 	-0.119871 	-0.0187389 	
4.13	2.2449 	-0.0295653 	-1.63923 	-0.0022165 	-0.119878 	-0.0187804 	
4.135	2.24526 	-0.0280949 	-1.63867 	-0.00215712 	-0.119883 	-0.0188515 	
4.14	2.24523 	-0.0298253 	-1.63861 	-0.00225106 	-0.119891 	-0.0188923 	
4.145	2.24519 	-0.0314891 	-1.63853 	-0.00234139 	-0.119897 	-0.0189314 	
4.15	2.24574 	-0.0285737 	-1.63778 	-0.00221184 	-0.119902 	-0.0190116 	
4.155	2.24575 	-0.030236 	-1.63773 	-0.00230216 	-0.119911 	-0.0190513 	
4.16	2.24572 	-0.0318581 	-1.63767 	-0.00239025 	-0.119918 	-0.0190895 	
4.165	2.24626 	-0.0289235 	-1.63692 	-0.00225939 	-0.119922 	-0.0191684 	
4.17	2.24627 	-0.030544 	-1.63688 	-0.00234742 	-0.119931 	-0.019207 	
4.175	2.24625 	-0.0321267 	-1.63682 	-0.00243334 	-0.119937 	-0.0192443 	
4.18	2.24676 	-0.0293132 	-1.63609 	-0.00230793 	-0.119941 	-0.0193207 	
4.185	2.24677 	-0.0308913 	-1.63605 	-0.00239363 	-0.11995 	-0.0193583 	
4.19	2.24673 	-0.0324317 	-1.63599 	-0.00247723 	-0.119956 	-0.0193945 	
4.195	2.24723 	-0.0297528 	-1.63529 	-0.00235792 	-0.119959 	-0.0194682 	
4.2	2.24723 	-0.0312857 	-1.63525 	-0.00244114 	-0.119967 	-0.0195046 	
4.205	2.24719 	-0.0327811 	-1.63519 	-0.00252228 	-0.119973 	-0.0195398 	
4.21	2.24766 	-0.0302379 	-1.63452 	-0.0024091 	-0.119976 	-0.0196107 	
4.215	2.24765 	-0.0317231 	-1.63448 	-0.00248971 	-0.119983 	-0.0196459 	
4.22	2.24762 	-0.033171 	-1.63442 	-0.00256825 	-0.119988 	-0.01968 	
4.225	2.24791 	-0.0306598 	-1.6336 	-0.00247644 	-0.119981 	-0.0197297 	
4.23	2.2479 	-0.0320949 	-1.63356 	-0.00255431 	-0.119988 	-0.0197637 	
4.235	2.24786 	-0.0334927 	-1.6335 	-0.00263012 	-0.119993 	-0.0197966 	
4.24	2.24828 	-0.0312206 	-1.6329 	-0.00252921 	-0.119996 	-0.0198617 	
4.245	2.24827 	-0.0326034 	-1.63286 	-0.00260423 	-0.120002 	-0.0198944 	
4.25	2.24823 	-0.0339497 	-1.6328 	-0.00267723 	-0.120007 	-0.019926 	
4.255	2.24863 	-0.031814 	-1.63223 	-0.0025825 	-0.12001 	-0.0199882 	
4.26	2.24862 	-0.0331434 	-1.63218 	-0.00265461 	-0.120016 	-0.0200196 	
4.265	2.24858 	-0.0344368 	-1.63213 	-0.00272474 	-0.12002 	-0.02005 	
4.27	2.24896 	-0.0324379 	-1.63159 	-0.0026362 	-0.120023 	-0.0201092 	
4.275	2.24894 	-0.0337124 	-1.63155 	-0.00270532 	-0.120028 	-0.0201393 	
4.28	2.2489 	-0.0349515 	-1.6315 	-0.00277249 	-0.120032 	-0.0201683 	
4.285	2.24887 	-0.0360928 	-1.63145 	-0.00283442 	-0.120036 	-0.0201951 	
4.29	2.24935 	-0.0332954 	-1.63081 	-0.00270672 	-0.120039 	-0.020258 	
4.295	2.24936 	-0.0344847 	-1.63078 	-0.00277125 	-0.120045 	-0.0202864 	
4.3	2.24933 	-0.0356557 	-1.63074 	-0.00283474 	-0.120049 	-0.0203139 	
4.305	2.2493 	-0.0367311 	-1.63069 	-0.00289307 	-0.120052 	-0.0203391 	
4.31	2.24975 	-0.0341083 	-1.63009 	-0.00277329 	-0.120055 	-0.0203982 	
4.315	2.24975 	-0.035228 	-1.63006 	-0.00283403 	-0.12006 	-0.0204248 	
4.32	2.24972 	-0.0363302 	-1.63002 	-0.00289377 	-0.120064 	-0.0204507 	
4.325	2.24968 	-0.0373422 	-1.62998 	-0.00294864 	-0.120067 	-0.0204744 	
4.33	2.25009 	-0.0349903 	-1.62943 	-0.00284144 	-0.120069 	-0.0205287 	
4.335	2.25008 	-0.0360378 	-1.62941 	-0.00289824 	-0.120074 	-0.0205536 	
4.34	2.25005 	-0.0370671 	-1.62937 	-0.002954 	-0.120077 	-0.0205777 	
4.345	2.25002 	-0.0380123 	-1.62933 	-0.00300525 	-0.12008 	-0.0205998 	
4.35	2.25 	-0.0388918 	-1.62929 	-0.00305298 	-0.120083 	-0.0206205 	
4.355	2.25045 	-0.0361522 	-1.62871 	-0.00292633 	-0.120085 	-0.0206746 	
4.36	2.25045 	-0.0370986 	-1.62869 	-0.00297766 	-0.12009 	-0.0206972 	
4.365	2.25042 	-0.0380381 	-1.62866 	-0.00302855 	-0.120093 	-0.0207192 	
4.37	2.25039 	-0.0388985 	-1.62862 	-0.00307518 	-0.120095 	-0.0207393 	
4.375	2.25037 	-0.039699 	-1.62858 	-0.00311861 	-0.120098 	-0.0207581 	
4.38	2.25036 	-0.0404438 	-1.62855 	-0.00315905 	-0.1201 	-0.0207757 	
4.385	2.25082 	-0.0375514 	-1.62798 	-0.00302421 	-0.120102 	-0.0208271 	
4.39	2.25083 	-0.0383822 	-1.62796 	-0.00306927 	-0.120107 	-0.020847 	
4.395	2.2508 	-0.0392145 	-1.62793 	-0.00311433 	-0.120109 	-0.0208664 	
4.4	2.25077 	-0.0399746 	-1.6279 	-0.0031555 	-0.120111 	-0.0208842 	
4.405	2.25074 	-0.0406816 	-1.62787 	-0.00319383 	-0.120113 	-0.0209007 	
4.41	2.25073 	-0.0413391 	-1.62784 	-0.0032295 	-0.120115 	-0.0209162 	
4.415	2.25072 	-0.0419506 	-1.62782 	-0.00326271 	-0.120117 	-0.0209306 	
4.42	2.25114 	-0.0392908 	-1.6273 	-0.00313821 	-0.120119 	-0.0209756 	
4.425	2.25113 	-0.0399873 	-1.62729 	-0.00317596 	-0.120122 	-0.0209921 	
4.43	2.2511 	-0.0406881 	-1.62726 	-0.00321387 	-0.120124 	-0.0210085 	
4.435	2.25107 	-0.041327 	-1.62724 	-0.00324845 	-0.120125 	-0.0210233 	
4.44	2.25104 	-0.0419208 	-1.62721 	-0.0032806 	-0.120127 	-0.0210371 	
4.445	2.25102 	-0.0424726 	-1.62719 	-0.0033105 	-0.120128 	-0.02105 	
4.45	2.25101 	-0.0429854 	-1.62717 	-0.00333831 	-0.12013 	-0.021062 	
4.455	2.251 	-0.043462 	-1.62715 	-0.00336417 	-0.120131 	-0.0210732 	
4.46	2.25099 	-0.0439048 	-1.62713 	-0.00338822 	-0.120133 	-0.0210837 	
4.465	2.25099 	-0.0443164 	-1.62711 	-0.00341058 	-0.120134 	-0.0210934 	
4.47	2.25099 	-0.0446987 	-1.6271 	-0.00343137 	-0.120136 	-0.0211025 	
4.475	2.25099 	-0.0450539 	-1.62708 	-0.00345069 	-0.120137 	-0.021111 	
4.48	2.25099 	-0.0453839 	-1.62707 	-0.00346864 	-0.120139 	-0.0211189 	
4.485	2.251 	-0.0456903 	-1.62705 	-0.00348533 	-0.12014 	-0.0211262 	
4.49	2.25141 	-0.0428439 	-1.62656 	-0.00335003 	-0.120141 	-0.0211636 	
4.495	2.25141 	-0.0432703 	-1.62656 	-0.00337311 	-0.120143 	-0.0211738 	
4.5	2.25138 	-0.0437178 	-1.62655 	-0.00339725 	-0.120144 	-0.0211841 	
4.505	2.25134 	-0.0441205 	-1.62653 	-0.00341896 	-0.120144 	-0.0211932 	
