0	0.0490075 	0.0219193 	-2.01088 	0.262299 	0.529812 	-0.011542 	
0.005	0.0490075 	0.0219193 	-2.01088 	0.262299 	0.529812 	-0.011542 	
0.01	0.0490075 	0.0219151 	-2.01088 	0.262299 	0.529812 	-0.0115417 	
0.015	0.0490075 	0.0219095 	-2.01087 	0.262299 	0.529814 	-0.0115414 	
0.02	0.0490075 	0.0219017 	-2.01087 	0.2623 	0.529815 	-0.0115408 	
0.025	0.0490075 	0.0218915 	-2.01086 	0.2623 	0.529817 	-0.0115402 	
0.03	0.0490075 	0.0218791 	-2.01085 	0.2623 	0.52982 	-0.0115394 	
0.035	0.0490075 	0.0218643 	-2.01084 	0.262301 	0.529823 	-0.0115384 	
0.04	0.0490075 	0.0218473 	-2.01083 	0.262301 	0.529827 	-0.0115373 	
0.045	0.0490075 	0.0218279 	-2.01081 	0.262302 	0.529831 	-0.0115361 	
0.05	0.0490075 	0.0218062 	-2.01079 	0.262303 	0.529835 	-0.0115347 	
0.055	0.0490075 	0.0217822 	-2.01077 	0.262304 	0.52984 	-0.0115331 	
0.06	0.0490076 	0.0217559 	-2.01075 	0.262304 	0.529846 	-0.0115314 	
0.065	0.0490076 	0.0217273 	-2.01073 	0.262305 	0.529852 	-0.0115296 	
0.07	0.0490076 	0.0216964 	-2.01071 	0.262306 	0.529858 	-0.0115276 	
0.075	0.0490076 	0.0216632 	-2.01068 	0.262307 	0.529865 	-0.0115255 	
0.08	0.0490076 	0.0216277 	-2.01065 	0.262309 	0.529873 	-0.0115232 	
0.085	0.0490077 	0.0215899 	-2.01062 	0.26231 	0.52988 	-0.0115208 	
0.09	0.0490077 	0.0215458 	-2.01059 	0.262311 	0.52989 	-0.0115179 	
0.095	0.0490077 	0.0215032 	-2.01056 	0.262313 	0.529899 	-0.0115152 	
0.1	0.0490078 	0.0214583 	-2.01052 	0.262314 	0.529908 	-0.0115123 	
0.105	0.0490078 	0.0214111 	-2.01048 	0.262316 	0.529918 	-0.0115093 	
0.11	0.0490078 	0.0213616 	-2.01044 	0.262317 	0.529928 	-0.0115061 	
0.115	0.0490079 	0.0213098 	-2.0104 	0.262319 	0.529939 	-0.0115028 	
0.12	0.0490079 	0.0212557 	-2.01036 	0.262321 	0.52995 	-0.0114993 	
0.125	0.049008 	0.0211994 	-2.01032 	0.262323 	0.529962 	-0.0114957 	
0.13	0.049008 	0.0211407 	-2.01027 	0.262325 	0.529974 	-0.011492 	
0.135	0.0490081 	0.0210798 	-2.01022 	0.262326 	0.529987 	-0.0114881 	
0.14	0.0490081 	0.0210167 	-2.01017 	0.262329 	0.53 	-0.0114841 	
0.145	0.0490082 	0.0209512 	-2.01012 	0.262331 	0.530014 	-0.0114799 	
0.15	0.0490083 	0.0208835 	-2.01007 	0.262333 	0.530028 	-0.0114756 	
0.155	0.0490084 	0.0208135 	-2.01001 	0.262335 	0.530042 	-0.0114711 	
0.16	0.0491108 	0.0205167 	-2.01014 	0.262434 	0.53164 	-0.0108284 	
0.165	0.0491109 	0.0204421 	-2.01008 	0.262436 	0.531655 	-0.0108236 	
0.17	0.049111 	0.0203653 	-2.01002 	0.262439 	0.531671 	-0.0108188 	
0.175	0.0491111 	0.0202863 	-2.00996 	0.262441 	0.531688 	-0.0108138 	
0.18	0.0491112 	0.020205 	-2.00989 	0.262444 	0.531704 	-0.0108086 	
0.185	0.0491113 	0.0201215 	-2.00983 	0.262446 	0.531722 	-0.0108034 	
0.19	0.0491114 	0.0200357 	-2.00976 	0.262449 	0.531739 	-0.010798 	
0.195	0.0491115 	0.0199477 	-2.00969 	0.262452 	0.531758 	-0.0107924 	
0.2	0.0491117 	0.0198574 	-2.00962 	0.262455 	0.531776 	-0.0107867 	
0.205	0.0491118 	0.0197649 	-2.00955 	0.262458 	0.531796 	-0.0107809 	
0.21	0.049112 	0.0196702 	-2.00947 	0.262461 	0.531815 	-0.010775 	
0.215	0.0491121 	0.0195733 	-2.0094 	0.262464 	0.531835 	-0.0107689 	
0.22	0.0492141 	0.0192526 	-2.0095 	0.262568 	0.533414 	-0.0101323 	
0.225	0.0492143 	0.0191512 	-2.00942 	0.262571 	0.533435 	-0.0101259 	
0.23	0.0492144 	0.0190476 	-2.00933 	0.262575 	0.533456 	-0.0101195 	
0.235	0.0492146 	0.0189418 	-2.00925 	0.262578 	0.533478 	-0.0101129 	
0.24	0.0492148 	0.0188338 	-2.00917 	0.262582 	0.5335 	-0.0101062 	
0.245	0.0492151 	0.0187236 	-2.00908 	0.262585 	0.533523 	-0.0100993 	
0.25	0.0492153 	0.0186112 	-2.00899 	0.262589 	0.533546 	-0.0100924 	
0.255	0.0492155 	0.0184966 	-2.0089 	0.262593 	0.53357 	-0.0100853 	
0.26	0.0492158 	0.0183798 	-2.00881 	0.262596 	0.533594 	-0.0100781 	
0.265	0.0492161 	0.0182608 	-2.00871 	0.2626 	0.533618 	-0.0100708 	
0.27	0.0493253 	0.0179047 	-2.0088 	0.262717 	0.535294 	-0.00939344 	
0.275	0.0493255 	0.0177813 	-2.00871 	0.262721 	0.535319 	-0.00938587 	
0.28	0.0493258 	0.0176558 	-2.00861 	0.262725 	0.535345 	-0.00937818 	
0.285	0.0493261 	0.0175282 	-2.00851 	0.262729 	0.535371 	-0.00937038 	
0.29	0.0493265 	0.0173984 	-2.00841 	0.262734 	0.535398 	-0.00936247 	
0.295	0.0493268 	0.0172664 	-2.0083 	0.262738 	0.535424 	-0.00935444 	
0.3	0.0493272 	0.0171323 	-2.0082 	0.262742 	0.535452 	-0.0093463 	
0.305	0.0493276 	0.0169961 	-2.00809 	0.262746 	0.535479 	-0.00933805 	
0.31	0.0494327 	0.0166336 	-2.00815 	0.262865 	0.53708 	-0.00868994 	
0.315	0.0494331 	0.0164931 	-2.00804 	0.262869 	0.537109 	-0.00868145 	
0.32	0.0494335 	0.0163505 	-2.00793 	0.262874 	0.537137 	-0.00867287 	
0.325	0.0494339 	0.0162058 	-2.00782 	0.262878 	0.537167 	-0.00866417 	
0.33	0.0494344 	0.0160589 	-2.0077 	0.262883 	0.537196 	-0.00865537 	
0.335	0.0494349 	0.01591 	-2.00758 	0.262888 	0.537227 	-0.00864647 	
0.34	0.0494354 	0.0157589 	-2.00746 	0.262893 	0.537257 	-0.00863747 	
0.345	0.0495394 	0.0153861 	-2.00751 	0.263015 	0.538827 	-0.00800029 	
0.35	0.0495399 	0.0152309 	-2.00739 	0.26302 	0.538859 	-0.00799107 	
0.355	0.0495405 	0.0150736 	-2.00727 	0.263025 	0.53889 	-0.00798176 	
0.36	0.0495411 	0.0149142 	-2.00714 	0.26303 	0.538922 	-0.00797235 	
0.365	0.0495417 	0.0147527 	-2.00701 	0.263035 	0.538955 	-0.00796284 	
0.37	0.0495423 	0.0145892 	-2.00688 	0.26304 	0.538987 	-0.00795325 	
0.375	0.0495429 	0.0144237 	-2.00675 	0.263045 	0.539021 	-0.00794356 	
0.38	0.0496572 	0.0140169 	-2.0068 	0.263185 	0.540728 	-0.00724879 	
0.385	0.0496579 	0.0138473 	-2.00667 	0.26319 	0.540762 	-0.0072389 	
0.39	0.0496586 	0.0136756 	-2.00653 	0.263195 	0.540796 	-0.00722892 	
0.395	0.0496593 	0.0135019 	-2.00639 	0.263201 	0.540831 	-0.00721886 	
0.4	0.0496601 	0.0133262 	-2.00625 	0.263206 	0.540866 	-0.00720872 	
0.405	0.0496609 	0.0131485 	-2.00611 	0.263212 	0.540901 	-0.00719849 	
0.41	0.0497699 	0.012743 	-2.00614 	0.26335 	0.542515 	-0.00654055 	
0.415	0.0497707 	0.0125613 	-2.006 	0.263356 	0.54255 	-0.00653014 	
0.42	0.0497716 	0.0123776 	-2.00585 	0.263362 	0.542587 	-0.00651965 	
0.425	0.0497725 	0.0121919 	-2.0057 	0.263368 	0.542623 	-0.00650909 	
0.43	0.0497734 	0.0120042 	-2.00556 	0.263373 	0.54266 	-0.00649845 	
0.435	0.0497743 	0.0118146 	-2.0054 	0.263379 	0.542698 	-0.00648774 	
0.44	0.0498906 	0.0113845 	-2.00543 	0.263532 	0.544401 	-0.00579135 	
0.445	0.0498916 	0.0111909 	-2.00528 	0.263538 	0.544439 	-0.00578047 	
0.45	0.0498926 	0.0109955 	-2.00512 	0.263544 	0.544477 	-0.00576953 	
0.455	0.0498937 	0.0107981 	-2.00497 	0.26355 	0.544516 	-0.00575852 	
0.46	0.0498948 	0.0105988 	-2.00481 	0.263556 	0.544555 	-0.00574744 	
0.465	0.0498959 	0.0103975 	-2.00465 	0.263563 	0.544594 	-0.0057363 	
0.47	0.0500208 	0.00994062 	-2.00468 	0.263732 	0.546403 	-0.00499442 	
0.475	0.0500219 	0.00973555 	-2.00451 	0.263738 	0.546443 	-0.00498313 	
0.48	0.0500232 	0.00952862 	-2.00435 	0.263745 	0.546483 	-0.00497179 	
0.485	0.0500244 	0.00931982 	-2.00418 	0.263751 	0.546523 	-0.00496039 	
0.49	0.0500257 	0.00910914 	-2.00401 	0.263758 	0.546564 	-0.00494893 	
0.495	0.0501389 	0.00866919 	-2.00401 	0.263917 	0.548188 	-0.00428132 	
0.5	0.0501403 	0.00845476 	-2.00384 	0.263923 	0.54823 	-0.00426974 	
0.505	0.0501417 	0.00823851 	-2.00367 	0.26393 	0.548271 	-0.0042581 	
0.51	0.0501431 	0.00802043 	-2.00349 	0.263937 	0.548313 	-0.00424642 	
0.515	0.0501446 	0.00780053 	-2.00332 	0.263943 	0.548355 	-0.00423469 	
0.52	0.0502621 	0.00734472 	-2.00331 	0.264113 	0.550026 	-0.00354639 	
0.525	0.0502637 	0.00712116 	-2.00313 	0.26412 	0.550068 	-0.00353454 	
0.53	0.0502653 	0.00689582 	-2.00295 	0.264127 	0.550111 	-0.00352266 	
0.535	0.0502669 	0.00666869 	-2.00277 	0.264134 	0.550155 	-0.00351073 	
0.54	0.0502686 	0.00643978 	-2.00259 	0.264141 	0.550198 	-0.00349877 	
0.545	0.0503922 	0.00596524 	-2.00258 	0.264324 	0.551935 	-0.00278057 	
0.55	0.050394 	0.00573276 	-2.0024 	0.264332 	0.551979 	-0.00276851 	
0.555	0.0503957 	0.00549856 	-2.00221 	0.264339 	0.552024 	-0.00275642 	
0.56	0.0503976 	0.00526262 	-2.00202 	0.264346 	0.552068 	-0.00274429 	
0.565	0.0503995 	0.00502495 	-2.00182 	0.264353 	0.552113 	-0.00273214 	
0.57	0.0505294 	0.00453179 	-2.00182 	0.264551 	0.553918 	-0.00198352 	
0.575	0.0505314 	0.00429064 	-2.00162 	0.264558 	0.553963 	-0.00197129 	
0.58	0.0505334 	0.00404783 	-2.00143 	0.264566 	0.554009 	-0.00195903 	
0.585	0.0505354 	0.00380332 	-2.00123 	0.264573 	0.554054 	-0.00194675 	
0.59	0.0505375 	0.00355713 	-2.00103 	0.26458 	0.5541 	-0.00193444 	
0.595	0.0506738 	0.0030458 	-2.00103 	0.264794 	0.555971 	-0.00115577 	
0.6	0.050676 	0.00279623 	-2.00082 	0.264802 	0.556017 	-0.0011434 	
0.605	0.0506782 	0.00254505 	-2.00062 	0.264809 	0.556064 	-0.00113102 	
0.61	0.0506805 	0.00229223 	-2.00041 	0.264817 	0.556111 	-0.00111862 	
0.615	0.0507974 	0.00181482 	-2.00037 	0.265005 	0.5577 	-0.000456172 	
0.62	0.0507997 	0.00155872 	-2.00016 	0.265013 	0.557747 	-0.000443729 	
0.625	0.0508022 	0.00130104 	-1.99995 	0.26502 	0.557794 	-0.000431278 	
0.63	0.0508046 	0.00104175 	-1.99974 	0.265028 	0.557842 	-0.000418822 	
0.635	0.0509233 	0.000556639 	-1.99969 	0.265223 	0.559439 	0.000248666 	
0.64	0.0509258 	0.000294161 	-1.99948 	0.265231 	0.559487 	0.000261155 	
0.645	0.0509284 	3.01428e-05 	-1.99927 	0.265239 	0.559535 	0.000273646 	
0.65	0.0509311 	-0.00023543 	-1.99905 	0.265246 	0.559583 	0.000286135 	
0.655	0.0510537 	-0.000732132 	-1.999 	0.265452 	0.561216 	0.000970657 	
0.66	0.0510564 	-0.00100081 	-1.99878 	0.26546 	0.561265 	0.000983166 	
0.665	0.0510593 	-0.00127099 	-1.99856 	0.265468 	0.561314 	0.000995669 	
0.67	0.0510622 	-0.00154268 	-1.99834 	0.265476 	0.561363 	0.00100816 	
0.675	0.0511889 	-0.00205107 	-1.99828 	0.265693 	0.563033 	0.00171068 	
0.68	0.0511918 	-0.00232578 	-1.99806 	0.265701 	0.563082 	0.00172318 	
0.685	0.0511949 	-0.00260194 	-1.99783 	0.265709 	0.563132 	0.00173566 	
0.69	0.051198 	-0.00287956 	-1.99761 	0.265717 	0.563181 	0.00174814 	
0.695	0.0513289 	-0.00339937 	-1.99755 	0.265946 	0.564889 	0.00246847 	
0.7	0.0513321 	-0.00367992 	-1.99732 	0.265954 	0.564938 	0.00248094 	
0.705	0.0513354 	-0.00396187 	-1.99709 	0.265962 	0.564988 	0.00249338 	
0.71	0.0513387 	-0.00424524 	-1.99686 	0.26597 	0.565038 	0.0025058 	
0.715	0.0514738 	-0.00477614 	-1.9968 	0.26621 	0.566781 	0.00324368 	
0.72	0.0514772 	-0.00506235 	-1.99656 	0.266219 	0.566831 	0.00325608 	
0.725	0.0514808 	-0.00534991 	-1.99632 	0.266227 	0.566882 	0.00326845 	
0.73	0.0514843 	-0.00563885 	-1.99609 	0.266235 	0.566932 	0.0032808 	
0.735	0.0516236 	-0.0061805 	-1.99603 	0.266488 	0.56871 	0.0040359 	
0.74	0.0516273 	-0.00647218 	-1.99579 	0.266496 	0.56876 	0.00404821 	
0.745	0.051631 	-0.00676516 	-1.99554 	0.266504 	0.568811 	0.00406049 	
0.75	0.0516349 	-0.00705946 	-1.9953 	0.266512 	0.568862 	0.00407273 	
0.755	0.0517783 	-0.00761152 	-1.99524 	0.266778 	0.570673 	0.00484474 	
0.76	0.0517823 	-0.00790847 	-1.99499 	0.266786 	0.570724 	0.00485694 	
0.765	0.0517863 	-0.00820668 	-1.99475 	0.266794 	0.570775 	0.00486909 	
0.77	0.0517903 	-0.00850616 	-1.9945 	0.266803 	0.570826 	0.0048812 	
0.775	0.051938 	-0.00906828 	-1.99443 	0.267081 	0.572669 	0.0056698 	
0.78	0.0519422 	-0.00937031 	-1.99418 	0.267089 	0.57272 	0.00568185 	
0.785	0.0519465 	-0.00967355 	-1.99393 	0.267097 	0.572771 	0.00569385 	
0.79	0.0519508 	-0.00997801 	-1.99368 	0.267106 	0.572823 	0.0057058 	
0.795	0.0521027 	-0.0105498 	-1.99361 	0.267397 	0.574696 	0.00651064 	
0.8	0.0521071 	-0.0108567 	-1.99335 	0.267406 	0.574748 	0.00652252 	
0.805	0.0521116 	-0.0111648 	-1.9931 	0.267414 	0.5748 	0.00653435 	
0.81	0.0521162 	-0.011474 	-1.99284 	0.267422 	0.574851 	0.00654612 	
0.815	0.0522723 	-0.0120552 	-1.99277 	0.267727 	0.576754 	0.00736685 	
0.82	0.052277 	-0.0123668 	-1.99251 	0.267735 	0.576806 	0.00737853 	
0.825	0.0522818 	-0.0126794 	-1.99225 	0.267744 	0.576858 	0.00739016 	
0.83	0.0522867 	-0.0129933 	-1.99199 	0.267752 	0.57691 	0.00740172 	
0.835	0.0524469 	-0.0135833 	-1.99191 	0.26807 	0.57884 	0.00823798 	
0.84	0.0524519 	-0.0138994 	-1.99165 	0.268079 	0.578892 	0.00824945 	
0.845	0.052457 	-0.0142165 	-1.99138 	0.268087 	0.578944 	0.00826085 	
0.85	0.0524621 	-0.0145347 	-1.99112 	0.268095 	0.578996 	0.00827218 	
0.855	0.0526265 	-0.0151333 	-1.99104 	0.268428 	0.580954 	0.00912361 	
0.86	0.0526318 	-0.0154537 	-1.99077 	0.268436 	0.581006 	0.00913483 	
0.865	0.0526371 	-0.015775 	-1.9905 	0.268444 	0.581058 	0.00914598 	
0.87	0.0526425 	-0.0160973 	-1.99023 	0.268453 	0.58111 	0.00915705 	
0.875	0.0528111 	-0.0167042 	-1.99015 	0.268799 	0.583093 	0.0100233 	
0.88	0.0528166 	-0.0170285 	-1.98988 	0.268807 	0.583145 	0.0100342 	
0.885	0.0528222 	-0.0173539 	-1.9896 	0.268816 	0.583197 	0.0100451 	
0.89	0.052957 	-0.0179024 	-1.98948 	0.269096 	0.584761 	0.0107287 	
0.895	0.0529627 	-0.0182297 	-1.9892 	0.269104 	0.584813 	0.0107395 	
0.9	0.0529685 	-0.0185579 	-1.98893 	0.269112 	0.584865 	0.0107501 	
0.905	0.0529744 	-0.018887 	-1.98865 	0.269121 	0.584917 	0.0107607 	
0.91	0.0531465 	-0.0195008 	-1.98856 	0.269484 	0.586897 	0.0116323 	
0.915	0.0531525 	-0.0198317 	-1.98828 	0.269492 	0.586949 	0.0116427 	
0.92	0.0531586 	-0.0201636 	-1.988 	0.2695 	0.587001 	0.011653 	
0.925	0.0532987 	-0.0207228 	-1.98787 	0.269799 	0.588592 	0.0123535 	
0.93	0.0533049 	-0.0210564 	-1.98758 	0.269807 	0.588643 	0.0123636 	
0.935	0.0533112 	-0.0213908 	-1.9873 	0.269816 	0.588695 	0.0123737 	
0.94	0.0534501 	-0.0219486 	-1.98716 	0.270115 	0.590257 	0.0130635 	
0.945	0.0534565 	-0.0222847 	-1.98688 	0.270123 	0.590308 	0.0130734 	
0.95	0.053463 	-0.0226215 	-1.98659 	0.270131 	0.59036 	0.0130833 	
0.955	0.0536039 	-0.023183 	-1.98645 	0.270438 	0.591929 	0.0137784 	
0.96	0.0536105 	-0.0235214 	-1.98616 	0.270446 	0.59198 	0.0137881 	
0.965	0.0536172 	-0.0238606 	-1.98588 	0.270454 	0.592032 	0.0137977 	
0.97	0.0537604 	-0.0244261 	-1.98573 	0.270769 	0.59361 	0.0144997 	
0.975	0.0537672 	-0.0247668 	-1.98544 	0.270777 	0.593661 	0.0145091 	
0.98	0.0537742 	-0.0251082 	-1.98515 	0.270785 	0.593713 	0.0145184 	
0.985	0.0539196 	-0.0256774 	-1.985 	0.271109 	0.595301 	0.0152274 	
0.99	0.0539266 	-0.0260203 	-1.98471 	0.271117 	0.595352 	0.0152365 	
0.995	0.0539338 	-0.0263637 	-1.98442 	0.271125 	0.595403 	0.0152455 	
1	0.0540814 	-0.0269366 	-1.98427 	0.271456 	0.597 	0.0159611 	
1.005	0.0540887 	-0.0272814 	-1.98398 	0.271464 	0.597051 	0.0159699 	
1.01	0.0540961 	-0.0276269 	-1.98368 	0.271472 	0.597102 	0.0159786 	
1.015	0.054246 	-0.0282032 	-1.98353 	0.271812 	0.598707 	0.0167008 	
1.02	0.0542535 	-0.0285499 	-1.98323 	0.27182 	0.598758 	0.0167092 	
1.025	0.0542611 	-0.0288971 	-1.98294 	0.271828 	0.598808 	0.0167176 	
1.03	0.0544132 	-0.0294766 	-1.98278 	0.272176 	0.600422 	0.0174461 	
1.035	0.0544209 	-0.029825 	-1.98248 	0.272184 	0.600472 	0.0174543 	
1.04	0.0544287 	-0.030174 	-1.98218 	0.272192 	0.600522 	0.0174623 	
1.045	0.054583 	-0.0307565 	-1.98203 	0.272548 	0.602143 	0.0181969 	
1.05	0.0545909 	-0.0311065 	-1.98173 	0.272556 	0.602193 	0.0182047 	
1.055	0.0545989 	-0.0314571 	-1.98143 	0.272564 	0.602242 	0.0182124 	
1.06	0.0547553 	-0.0320423 	-1.98127 	0.272929 	0.60387 	0.0189529 	
1.065	0.0547635 	-0.0323939 	-1.98096 	0.272936 	0.603919 	0.0189604 	
1.07	0.0547717 	-0.0327458 	-1.98066 	0.272944 	0.603969 	0.0189678 	
1.075	0.0549302 	-0.0333336 	-1.9805 	0.273317 	0.605602 	0.0197139 	
1.08	0.0549386 	-0.0336865 	-1.9802 	0.273325 	0.605651 	0.019721 	
1.085	0.054947 	-0.0340398 	-1.97989 	0.273332 	0.6057 	0.0197281 	
1.09	0.0551076 	-0.03463 	-1.97973 	0.273714 	0.607339 	0.0204797 	
1.095	0.0551162 	-0.0349841 	-1.97942 	0.273721 	0.607387 	0.0204865 	
1.1	0.0551248 	-0.0353386 	-1.97912 	0.273729 	0.607436 	0.0204932 	
1.105	0.0552875 	-0.0359308 	-1.97895 	0.274118 	0.60908 	0.02125 	
1.11	0.0552963 	-0.0362861 	-1.97864 	0.274126 	0.609128 	0.0212565 	
1.115	0.0553051 	-0.0366416 	-1.97833 	0.274133 	0.609176 	0.0212628 	
1.12	0.0554698 	-0.0372357 	-1.97817 	0.274531 	0.610823 	0.0220246 	
1.125	0.0554788 	-0.037592 	-1.97786 	0.274538 	0.610871 	0.0220307 	
1.13	0.0554878 	-0.0379484 	-1.97755 	0.274545 	0.610918 	0.0220367 	
1.135	0.0556545 	-0.0385442 	-1.97738 	0.274951 	0.61257 	0.0228033 	
1.14	0.0556636 	-0.0389013 	-1.97707 	0.274958 	0.612617 	0.022809 	
1.145	0.0556729 	-0.0392586 	-1.97676 	0.274966 	0.612664 	0.0228146 	
1.15	0.0558415 	-0.0398559 	-1.97658 	0.275379 	0.614318 	0.0235858 	
1.155	0.0558508 	-0.0402136 	-1.97627 	0.275386 	0.614364 	0.0235912 	
1.16	0.0558603 	-0.0405716 	-1.97596 	0.275394 	0.614411 	0.0235964 	
1.165	0.0560307 	-0.0411701 	-1.97579 	0.275815 	0.616067 	0.0243719 	
1.17	0.0560403 	-0.0415285 	-1.97547 	0.275822 	0.616113 	0.0243769 	
1.175	0.05605 	-0.041887 	-1.97516 	0.275829 	0.616159 	0.0243817 	
1.18	0.0562222 	-0.0424865 	-1.97498 	0.276259 	0.617817 	0.0251613 	
1.185	0.056232 	-0.0428453 	-1.97467 	0.276266 	0.617862 	0.0251659 	
1.19	0.0562419 	-0.0432043 	-1.97436 	0.276272 	0.617908 	0.0251704 	
1.195	0.0564159 	-0.0438045 	-1.97418 	0.27671 	0.619566 	0.0259538 	
1.2	0.0564259 	-0.0441637 	-1.97386 	0.276717 	0.619611 	0.025958 	
1.205	0.0564359 	-0.0445229 	-1.97355 	0.276723 	0.619656 	0.0259621 	
1.21	0.0566117 	-0.0451237 	-1.97337 	0.277168 	0.621315 	0.0267492 	
1.215	0.0566218 	-0.0454831 	-1.97305 	0.277175 	0.62136 	0.026753 	
1.22	0.0566321 	-0.0458425 	-1.97273 	0.277181 	0.621404 	0.0267566 	
1.225	0.0568095 	-0.0464437 	-1.97255 	0.277634 	0.623063 	0.027547 	
1.23	0.0568199 	-0.0468031 	-1.97224 	0.27764 	0.623106 	0.0275505 	
1.235	0.0568303 	-0.0471626 	-1.97192 	0.277647 	0.62315 	0.0275537 	
1.24	0.0570093 	-0.0477638 	-1.97174 	0.278107 	0.624808 	0.0283472 	
1.245	0.0570198 	-0.0481233 	-1.97142 	0.278113 	0.624851 	0.0283503 	
1.25	0.0570304 	-0.0484826 	-1.9711 	0.278119 	0.624894 	0.0283531 	
1.255	0.0572111 	-0.0490838 	-1.97092 	0.278587 	0.62655 	0.0291495 	
1.26	0.0572218 	-0.049443 	-1.9706 	0.278593 	0.626593 	0.0291521 	
1.265	0.0572325 	-0.0498021 	-1.97028 	0.278599 	0.626635 	0.0291546 	
1.27	0.0574146 	-0.0504029 	-1.97009 	0.279073 	0.628289 	0.0299535 	
1.275	0.0574255 	-0.0507619 	-1.96978 	0.279079 	0.628331 	0.0299558 	
1.28	0.0574364 	-0.0511206 	-1.96946 	0.279085 	0.628372 	0.0299578 	
1.285	0.05762 	-0.0517209 	-1.96927 	0.279566 	0.630024 	0.0307591 	
1.29	0.057631 	-0.0520794 	-1.96895 	0.279572 	0.630065 	0.0307609 	
1.295	0.0576421 	-0.0524377 	-1.96863 	0.279578 	0.630106 	0.0307626 	
1.3	0.0578271 	-0.0530372 	-1.96844 	0.280066 	0.631754 	0.0315659 	
1.305	0.0578383 	-0.0533952 	-1.96812 	0.280072 	0.631794 	0.0315674 	
1.31	0.0578495 	-0.0537528 	-1.9678 	0.280078 	0.631835 	0.0315686 	
1.315	0.0580358 	-0.0543514 	-1.96761 	0.280572 	0.633479 	0.0323737 	
1.32	0.0580471 	-0.0547086 	-1.96729 	0.280578 	0.633519 	0.0323748 	
1.325	0.0580585 	-0.0550656 	-1.96697 	0.280583 	0.633558 	0.0323756 	
1.33	0.058246 	-0.0556629 	-1.96678 	0.281084 	0.635198 	0.0331823 	
1.335	0.0582575 	-0.0560193 	-1.96646 	0.28109 	0.635237 	0.0331829 	
1.34	0.0582691 	-0.0563754 	-1.96614 	0.281095 	0.635275 	0.0331834 	
1.345	0.0584577 	-0.0569713 	-1.96595 	0.281602 	0.63691 	0.0339912 	
1.35	0.0584693 	-0.0573268 	-1.96563 	0.281608 	0.636948 	0.0339914 	
1.355	0.058481 	-0.0576819 	-1.96531 	0.281613 	0.636986 	0.0339915 	
1.36	0.0586708 	-0.0582762 	-1.96512 	0.282126 	0.638615 	0.0348003 	
1.365	0.0586826 	-0.0586306 	-1.9648 	0.282131 	0.638652 	0.0348002 	
1.37	0.0586944 	-0.0589846 	-1.96448 	0.282136 	0.63869 	0.0347998 	
1.375	0.0588852 	-0.059577 	-1.96429 	0.282655 	0.640312 	0.0356093 	
1.38	0.0588971 	-0.0599303 	-1.96397 	0.28266 	0.640349 	0.0356087 	
1.385	0.058909 	-0.060283 	-1.96365 	0.282665 	0.640386 	0.0356081 	
1.39	0.0591007 	-0.0608734 	-1.96345 	0.28319 	0.642001 	0.0364179 	
1.395	0.0591128 	-0.0612253 	-1.96313 	0.283194 	0.642037 	0.0364169 	
1.4	0.0591248 	-0.0615767 	-1.96282 	0.283199 	0.642073 	0.0364159 	
1.405	0.0593174 	-0.0621647 	-1.96262 	0.283729 	0.643681 	0.0372258 	
1.41	0.0593296 	-0.0625152 	-1.9623 	0.283734 	0.643716 	0.0372244 	
1.415	0.0593417 	-0.0628652 	-1.96199 	0.283738 	0.643751 	0.037223 	
1.42	0.0595351 	-0.0634507 	-1.96179 	0.284273 	0.645351 	0.0380327 	
1.425	0.0595474 	-0.0637996 	-1.96147 	0.284278 	0.645386 	0.038031 	
1.43	0.0595597 	-0.064148 	-1.96115 	0.284282 	0.64542 	0.0380291 	
1.435	0.0597537 	-0.0647308 	-1.96095 	0.284822 	0.647011 	0.0388383 	
1.44	0.0597661 	-0.0650781 	-1.96064 	0.284826 	0.647045 	0.0388363 	
1.445	0.0597785 	-0.0654247 	-1.96032 	0.28483 	0.647079 	0.038834 	
1.45	0.0599732 	-0.0660046 	-1.96012 	0.285375 	0.648661 	0.0396424 	
1.455	0.0599856 	-0.06635 	-1.95981 	0.285379 	0.648694 	0.03964 	
1.46	0.0599981 	-0.0666948 	-1.9595 	0.285382 	0.648727 	0.0396374 	
1.465	0.0601933 	-0.0672716 	-1.95929 	0.285931 	0.650299 	0.0404447 	
1.47	0.0602058 	-0.0676151 	-1.95898 	0.285935 	0.650331 	0.0404419 	
1.475	0.0602184 	-0.067958 	-1.95867 	0.285939 	0.650363 	0.0404389 	
1.48	0.0604141 	-0.0685314 	-1.95847 	0.286492 	0.651925 	0.0412448 	
1.485	0.0604267 	-0.0688729 	-1.95815 	0.286495 	0.651957 	0.0412416 	
1.49	0.0604394 	-0.0692137 	-1.95784 	0.286499 	0.651988 	0.0412383 	
1.495	0.0606354 	-0.0697836 	-1.95764 	0.287055 	0.653539 	0.0420424 	
1.5	0.060648 	-0.0701229 	-1.95733 	0.287059 	0.65357 	0.0420389 	
1.505	0.0606608 	-0.0704615 	-1.95702 	0.287062 	0.6536 	0.0420353 	
1.51	0.060857 	-0.0710276 	-1.95682 	0.287622 	0.65514 	0.0428374 	
1.515	0.0608698 	-0.0713647 	-1.95651 	0.287625 	0.65517 	0.0428335 	
1.52	0.0608826 	-0.0717009 	-1.9562 	0.287628 	0.6552 	0.0428295 	
1.525	0.061079 	-0.0722632 	-1.956 	0.288191 	0.656728 	0.0436292 	
1.53	0.0610918 	-0.0725978 	-1.95569 	0.288195 	0.656757 	0.043625 	
1.535	0.0611047 	-0.0729317 	-1.95538 	0.288198 	0.656786 	0.0436207 	
1.54	0.0613012 	-0.0734897 	-1.95518 	0.288763 	0.658301 	0.0444178 	
1.545	0.061314 	-0.0738219 	-1.95487 	0.288766 	0.65833 	0.0444133 	
1.55	0.0613269 	-0.0741532 	-1.95457 	0.288769 	0.658358 	0.0444086 	
1.555	0.0615234 	-0.0747069 	-1.95437 	0.289337 	0.65986 	0.0452027 	
1.56	0.0615363 	-0.0750365 	-1.95406 	0.28934 	0.659888 	0.0451979 	
1.565	0.0615493 	-0.0753651 	-1.95376 	0.289343 	0.659916 	0.0451929 	
1.57	0.0617456 	-0.0759143 	-1.95355 	0.289913 	0.661405 	0.0459837 	
1.575	0.0617586 	-0.0762412 	-1.95325 	0.289916 	0.661432 	0.0459786 	
1.58	0.0617715 	-0.0765671 	-1.95295 	0.289918 	0.661458 	0.0459733 	
1.585	0.0619677 	-0.0771115 	-1.95275 	0.290491 	0.662934 	0.0467604 	
1.59	0.0619806 	-0.0774355 	-1.95245 	0.290493 	0.66296 	0.046755 	
1.595	0.0619936 	-0.0777585 	-1.95215 	0.290495 	0.662986 	0.0467494 	
1.6	0.0621894 	-0.0782981 	-1.95195 	0.291069 	0.664447 	0.0475326 	
1.605	0.0622024 	-0.0786191 	-1.95165 	0.291071 	0.664472 	0.0475269 	
1.61	0.0622154 	-0.0789392 	-1.95135 	0.291073 	0.664497 	0.0475211 	
1.615	0.0624108 	-0.0794736 	-1.95115 	0.291648 	0.665943 	0.0483 	
1.62	0.0624238 	-0.0797916 	-1.95085 	0.29165 	0.665968 	0.048294 	
1.625	0.0624368 	-0.0801085 	-1.95056 	0.291652 	0.665992 	0.0482879 	
1.63	0.0624498 	-0.0804244 	-1.95026 	0.291654 	0.666017 	0.0482817 	
1.635	0.062699 	-0.081016 	-1.95009 	0.292401 	0.667865 	0.0492884 	
1.64	0.062712 	-0.0813298 	-1.9498 	0.292403 	0.667889 	0.0492821 	
1.645	0.062725 	-0.0816424 	-1.94951 	0.292405 	0.667913 	0.0492756 	
1.65	0.0629245 	-0.0821707 	-1.94931 	0.292998 	0.669364 	0.0500672 	
1.655	0.0629375 	-0.0824811 	-1.94902 	0.293 	0.669387 	0.0500606 	
1.66	0.0629505 	-0.0827904 	-1.94873 	0.293002 	0.66941 	0.0500539 	
1.665	0.0629635 	-0.0830986 	-1.94844 	0.293003 	0.669433 	0.0500471 	
1.67	0.0632111 	-0.0836761 	-1.94827 	0.293752 	0.671237 	0.0510407 	
1.675	0.063224 	-0.083982 	-1.94798 	0.293754 	0.671259 	0.0510337 	
1.68	0.0632369 	-0.0842867 	-1.9477 	0.293755 	0.671281 	0.0510267 	
1.685	0.0632499 	-0.0845902 	-1.94741 	0.293757 	0.671303 	0.0510196 	
1.69	0.0635009 	-0.0851644 	-1.94724 	0.294521 	0.673115 	0.0520246 	
1.695	0.0635138 	-0.0854656 	-1.94696 	0.294522 	0.673136 	0.0520174 	
1.7	0.0635267 	-0.0857655 	-1.94668 	0.294523 	0.673157 	0.0520101 	
1.705	0.0635396 	-0.0860641 	-1.9464 	0.294525 	0.673178 	0.0520027 	
1.71	0.0637894 	-0.0866296 	-1.94623 	0.295289 	0.674963 	0.0529989 	
1.715	0.0638022 	-0.0869258 	-1.94595 	0.29529 	0.674983 	0.0529914 	
1.72	0.063815 	-0.0872207 	-1.94567 	0.295291 	0.675003 	0.0529838 	
1.725	0.0638278 	-0.0875144 	-1.9454 	0.295292 	0.675023 	0.0529762 	
1.73	0.0640756 	-0.0880702 	-1.94523 	0.296053 	0.676777 	0.0539608 	
1.735	0.0640883 	-0.0883613 	-1.94495 	0.296054 	0.676796 	0.0539531 	
1.74	0.0641011 	-0.0886511 	-1.94468 	0.296055 	0.676816 	0.0539453 	
1.745	0.0641138 	-0.0889395 	-1.94441 	0.296056 	0.676834 	0.0539374 	
1.75	0.0643592 	-0.0894854 	-1.94424 	0.296814 	0.678556 	0.0549095 	
1.755	0.0643719 	-0.0897712 	-1.94397 	0.296814 	0.678574 	0.0549015 	
1.76	0.0643845 	-0.0900556 	-1.9437 	0.296815 	0.678592 	0.0548935 	
1.765	0.0643971 	-0.0903387 	-1.94343 	0.296815 	0.67861 	0.0548854 	
1.77	0.06464 	-0.0908742 	-1.94327 	0.297569 	0.680298 	0.0558442 	
1.775	0.0646525 	-0.0911546 	-1.943 	0.297569 	0.680315 	0.055836 	
1.78	0.0646651 	-0.0914336 	-1.94274 	0.29757 	0.680332 	0.0558278 	
1.785	0.0646776 	-0.0917111 	-1.94248 	0.29757 	0.68035 	0.0558195 	
1.79	0.0649176 	-0.092236 	-1.94231 	0.298318 	0.682002 	0.0567641 	
1.795	0.0649301 	-0.0925107 	-1.94205 	0.298318 	0.682019 	0.0567558 	
1.8	0.0649425 	-0.0927841 	-1.94179 	0.298318 	0.682035 	0.0567474 	
1.805	0.0649548 	-0.0930559 	-1.94153 	0.298319 	0.682052 	0.0567389 	
1.81	0.0651918 	-0.0935698 	-1.94137 	0.29906 	0.683669 	0.0576686 	
1.815	0.0652041 	-0.0938388 	-1.94111 	0.29906 	0.683685 	0.0576601 	
1.82	0.0652164 	-0.0941063 	-1.94086 	0.29906 	0.6837 	0.0576516 	
1.825	0.0652286 	-0.0943724 	-1.94061 	0.29906 	0.683716 	0.057643 	
1.83	0.0654623 	-0.094875 	-1.94044 	0.299794 	0.685296 	0.058557 	
1.835	0.0654744 	-0.0951381 	-1.94019 	0.299794 	0.685312 	0.0585484 	
1.84	0.0654865 	-0.0953996 	-1.93994 	0.299794 	0.685326 	0.0585397 	
1.845	0.0654986 	-0.0956596 	-1.9397 	0.299794 	0.685341 	0.058531 	
1.85	0.0657287 	-0.0961507 	-1.93954 	0.300519 	0.686885 	0.0594286 	
1.855	0.0657407 	-0.0964077 	-1.93929 	0.300519 	0.686899 	0.0594198 	
1.86	0.0657526 	-0.0966631 	-1.93905 	0.300519 	0.686913 	0.059411 	
1.865	0.0657645 	-0.096917 	-1.9388 	0.300519 	0.686927 	0.0594022 	
1.87	0.0659909 	-0.0973963 	-1.93865 	0.301235 	0.688432 	0.0602826 	
1.875	0.0660026 	-0.097647 	-1.93841 	0.301235 	0.688446 	0.0602738 	
1.88	0.0660143 	-0.0978962 	-1.93817 	0.301234 	0.688459 	0.0602649 	
1.885	0.066026 	-0.0981438 	-1.93793 	0.301234 	0.688472 	0.0602561 	
1.89	0.0662484 	-0.0986109 	-1.93778 	0.30194 	0.689939 	0.0611185 	
1.895	0.0662599 	-0.0988553 	-1.93754 	0.301939 	0.689952 	0.0611096 	
1.9	0.0662715 	-0.0990981 	-1.93731 	0.301939 	0.689964 	0.0611007 	
1.905	0.0662829 	-0.0993392 	-1.93708 	0.301938 	0.689977 	0.0610918 	
1.91	0.066501 	-0.099794 	-1.93693 	0.302633 	0.691404 	0.0619355 	
1.915	0.0665124 	-0.100032 	-1.9367 	0.302632 	0.691416 	0.0619265 	
1.92	0.0665237 	-0.100268 	-1.93647 	0.302632 	0.691428 	0.0619176 	
1.925	0.0665349 	-0.100503 	-1.93625 	0.302631 	0.69144 	0.0619087 	
1.93	0.0667485 	-0.100945 	-1.9361 	0.303314 	0.692827 	0.0627329 	
1.935	0.0667596 	-0.101176 	-1.93587 	0.303313 	0.692838 	0.062724 	
1.94	0.0667706 	-0.101406 	-1.93565 	0.303312 	0.692849 	0.0627151 	
1.945	0.0667817 	-0.101634 	-1.93543 	0.303312 	0.69286 	0.0627062 	
1.95	0.0667926 	-0.10186 	-1.93522 	0.303311 	0.692871 	0.0626973 	
1.955	0.067045 	-0.102332 	-1.93509 	0.304129 	0.694511 	0.0636804 	
1.96	0.0670558 	-0.102555 	-1.93487 	0.304128 	0.694521 	0.0636715 	
1.965	0.0670666 	-0.102776 	-1.93466 	0.304127 	0.694532 	0.0636626 	
1.97	0.0670773 	-0.102995 	-1.93445 	0.304126 	0.694542 	0.0636538 	
1.975	0.0670879 	-0.103213 	-1.93424 	0.304125 	0.694552 	0.0636449 	
1.98	0.0673373 	-0.103671 	-1.93411 	0.304937 	0.696158 	0.0646145 	
1.985	0.0673477 	-0.103885 	-1.93391 	0.304936 	0.696168 	0.0646057 	
1.99	0.0673581 	-0.104098 	-1.9337 	0.304935 	0.696178 	0.0645969 	
1.995	0.0673685 	-0.104308 	-1.9335 	0.304934 	0.696187 	0.0645882 	
2	0.0673788 	-0.104517 	-1.93329 	0.304933 	0.696196 	0.0645794 	
2.005	0.0676204 	-0.104957 	-1.93317 	0.305722 	0.69774 	0.0655167 	
2.01	0.0676305 	-0.105162 	-1.93298 	0.305721 	0.697749 	0.0655081 	
2.015	0.0676406 	-0.105366 	-1.93278 	0.30572 	0.697758 	0.0654994 	
2.02	0.0676506 	-0.105567 	-1.93258 	0.305719 	0.697766 	0.0654908 	
2.025	0.0676605 	-0.105767 	-1.93239 	0.305718 	0.697775 	0.0654822 	
2.03	0.0678936 	-0.106188 	-1.93227 	0.306482 	0.699251 	0.066384 	
2.035	0.0679033 	-0.106385 	-1.93208 	0.306481 	0.69926 	0.0663755 	
2.04	0.067913 	-0.106579 	-1.93189 	0.30648 	0.699268 	0.066367 	
2.045	0.0679226 	-0.106771 	-1.93171 	0.306479 	0.699276 	0.0663586 	
2.05	0.0679322 	-0.106962 	-1.93152 	0.306478 	0.699284 	0.0663501 	
2.055	0.0681562 	-0.107364 	-1.93141 	0.307215 	0.700692 	0.0672151 	
2.06	0.0681655 	-0.10755 	-1.93123 	0.307214 	0.700699 	0.0672068 	
2.065	0.0681748 	-0.107735 	-1.93105 	0.307212 	0.700707 	0.0671985 	
2.07	0.068184 	-0.107919 	-1.93087 	0.307211 	0.700714 	0.0671902 	
2.075	0.0681932 	-0.1081 	-1.93069 	0.30721 	0.700721 	0.067182 	
2.08	0.0682022 	-0.108279 	-1.93052 	0.307209 	0.700728 	0.0671739 	
2.085	0.0684524 	-0.108694 	-1.93042 	0.30804 	0.702298 	0.0681456 	
2.09	0.0684613 	-0.10887 	-1.93025 	0.308039 	0.702305 	0.0681376 	
2.095	0.0684701 	-0.109044 	-1.93008 	0.308038 	0.702312 	0.0681296 	
2.1	0.0684788 	-0.109215 	-1.92992 	0.308037 	0.702318 	0.0681216 	
2.105	0.0684875 	-0.109385 	-1.92975 	0.308036 	0.702325 	0.0681137 	
2.11	0.068496 	-0.109553 	-1.92959 	0.308034 	0.702331 	0.0681058 	
2.115	0.0687361 	-0.109945 	-1.9295 	0.308836 	0.703825 	0.0690371 	
2.12	0.0687445 	-0.110109 	-1.92934 	0.308834 	0.703832 	0.0690294 	
2.125	0.0687527 	-0.110272 	-1.92918 	0.308833 	0.703837 	0.0690217 	
2.13	0.0687609 	-0.110432 	-1.92902 	0.308832 	0.703843 	0.0690141 	
2.135	0.068769 	-0.11059 	-1.92887 	0.308831 	0.703849 	0.0690065 	
2.14	0.068777 	-0.110746 	-1.92872 	0.308829 	0.703855 	0.0689991 	
2.145	0.0690028 	-0.111112 	-1.92863 	0.309585 	0.705249 	0.0698729 	
2.15	0.0690106 	-0.111264 	-1.92848 	0.309584 	0.705254 	0.0698656 	
2.155	0.0690183 	-0.111414 	-1.92834 	0.309583 	0.70526 	0.0698583 	
2.16	0.069026 	-0.111563 	-1.92819 	0.309582 	0.705265 	0.0698511 	
2.165	0.0690335 	-0.111709 	-1.92805 	0.30958 	0.70527 	0.069844 	
2.17	0.069041 	-0.111853 	-1.92791 	0.309579 	0.705275 	0.0698369 	
2.175	0.0690483 	-0.111996 	-1.92777 	0.309578 	0.70528 	0.0698299 	
2.18	0.0692875 	-0.112359 	-1.9277 	0.310385 	0.706752 	0.0707593 	
2.185	0.0692946 	-0.112498 	-1.92756 	0.310384 	0.706757 	0.0707525 	
2.19	0.0693017 	-0.112634 	-1.92743 	0.310383 	0.706762 	0.0707457 	
2.195	0.0693087 	-0.112769 	-1.9273 	0.310382 	0.706766 	0.070739 	
2.2	0.0693155 	-0.112901 	-1.92717 	0.31038 	0.70677 	0.0707324 	
2.205	0.0693223 	-0.113031 	-1.92704 	0.310379 	0.706775 	0.0707259 	
2.21	0.069329 	-0.113159 	-1.92692 	0.310378 	0.706779 	0.0707195 	
2.215	0.06955 	-0.113491 	-1.92685 	0.311127 	0.70813 	0.0715773 	
2.22	0.0695564 	-0.113615 	-1.92673 	0.311126 	0.708134 	0.071571 	
2.225	0.0695628 	-0.113737 	-1.92661 	0.311125 	0.708138 	0.0715648 	
2.23	0.0695691 	-0.113857 	-1.9265 	0.311124 	0.708141 	0.0715587 	
2.235	0.0695752 	-0.113975 	-1.92638 	0.311122 	0.708145 	0.0715527 	
2.24	0.0695813 	-0.114091 	-1.92627 	0.311121 	0.708149 	0.0715468 	
2.245	0.0695873 	-0.114205 	-1.92615 	0.31112 	0.708152 	0.0715409 	
2.25	0.0695931 	-0.114317 	-1.92604 	0.311119 	0.708156 	0.0715352 	
2.255	0.0698148 	-0.114632 	-1.926 	0.311875 	0.709506 	0.0723979 	
2.26	0.0698204 	-0.114739 	-1.92589 	0.311874 	0.709509 	0.0723924 	
2.265	0.069826 	-0.114845 	-1.92579 	0.311873 	0.709512 	0.0723869 	
2.27	0.0698314 	-0.114949 	-1.92569 	0.311872 	0.709515 	0.0723815 	
2.275	0.0698367 	-0.11505 	-1.92559 	0.311871 	0.709518 	0.0723762 	
2.28	0.069842 	-0.11515 	-1.92549 	0.31187 	0.709521 	0.0723711 	
2.285	0.0698471 	-0.115247 	-1.92539 	0.311869 	0.709524 	0.072366 	
2.29	0.0698521 	-0.115342 	-1.9253 	0.311868 	0.709527 	0.072361 	
2.295	0.069857 	-0.115436 	-1.92521 	0.311867 	0.70953 	0.0723561 	
2.3	0.0698619 	-0.115527 	-1.92512 	0.311866 	0.709533 	0.0723513 	
2.305	0.0700937 	-0.11583 	-1.92509 	0.312665 	0.710941 	0.0732587 	
2.31	0.0700983 	-0.115916 	-1.92501 	0.312664 	0.710944 	0.0732541 	
2.315	0.0701028 	-0.116001 	-1.92492 	0.312663 	0.710946 	0.0732497 	
2.32	0.0701071 	-0.116084 	-1.92484 	0.312662 	0.710949 	0.0732453 	
2.325	0.0701114 	-0.116164 	-1.92476 	0.312661 	0.710951 	0.073241 	
2.33	0.0701155 	-0.116243 	-1.92469 	0.31266 	0.710953 	0.0732368 	
2.335	0.0701196 	-0.116319 	-1.92461 	0.312659 	0.710956 	0.0732328 	
2.34	0.0701235 	-0.116393 	-1.92454 	0.312659 	0.710958 	0.0732288 	
2.345	0.0701273 	-0.116466 	-1.92447 	0.312658 	0.71096 	0.0732249 	
2.35	0.0701311 	-0.116536 	-1.9244 	0.312657 	0.710962 	0.0732212 	
2.355	0.0701347 	-0.116603 	-1.92433 	0.312656 	0.710964 	0.0732176 	
2.36	0.0701382 	-0.116669 	-1.92427 	0.312656 	0.710965 	0.073214 	
2.365	0.0701415 	-0.116733 	-1.9242 	0.312655 	0.710967 	0.0732106 	
2.37	0.0703703 	-0.117005 	-1.9242 	0.31345 	0.712354 	0.0741111 	
2.375	0.0703734 	-0.117064 	-1.92415 	0.313449 	0.712356 	0.0741079 	
2.38	0.0703765 	-0.117121 	-1.92409 	0.313449 	0.712358 	0.0741048 	
2.385	0.0703794 	-0.117176 	-1.92403 	0.313448 	0.712359 	0.0741018 	
2.39	0.0703822 	-0.117229 	-1.92398 	0.313447 	0.71236 	0.074099 	
2.395	0.0703849 	-0.11728 	-1.92393 	0.313447 	0.712362 	0.0740962 	
2.4	0.0703875 	-0.117329 	-1.92388 	0.313446 	0.712363 	0.0740936 	
2.405	0.07039 	-0.117375 	-1.92384 	0.313446 	0.712364 	0.0740911 	
2.41	0.0703923 	-0.117419 	-1.92379 	0.313445 	0.712366 	0.0740886 	
2.415	0.0703946 	-0.117461 	-1.92375 	0.313445 	0.712367 	0.0740863 	
2.42	0.0703967 	-0.117501 	-1.92371 	0.313444 	0.712368 	0.0740842 	
2.425	0.0703985 	-0.117536 	-1.92368 	0.313444 	0.712369 	0.0740823 	
2.43	0.0704006 	-0.117575 	-1.92364 	0.313443 	0.71237 	0.0740802 	
2.435	0.0704023 	-0.117605 	-1.92361 	0.313443 	0.712371 	0.0740785 	
2.44	0.0704039 	-0.117637 	-1.92358 	0.313443 	0.712371 	0.0740768 	
2.445	0.0704055 	-0.117666 	-1.92355 	0.313442 	0.712372 	0.0740752 	
2.45	0.070407 	-0.117693 	-1.92352 	0.313442 	0.712373 	0.0740737 	
2.455	0.0704083 	-0.117718 	-1.9235 	0.313442 	0.712374 	0.0740723 	
2.46	0.0704095 	-0.117741 	-1.92348 	0.313442 	0.712374 	0.074071 	
2.465	0.0704106 	-0.117762 	-1.92346 	0.313441 	0.712375 	0.0740699 	
2.47	0.0704116 	-0.117781 	-1.92344 	0.313441 	0.712375 	0.0740689 	
2.475	0.0704125 	-0.117797 	-1.92342 	0.313441 	0.712376 	0.074068 	
2.48	0.0704133 	-0.117812 	-1.92341 	0.313441 	0.712376 	0.0740672 	
2.485	0.0704139 	-0.117824 	-1.9234 	0.313441 	0.712376 	0.0740665 	
2.49	0.0704145 	-0.117834 	-1.92339 	0.31344 	0.712377 	0.074066 	
2.495	0.0704149 	-0.117842 	-1.92338 	0.31344 	0.712377 	0.0740655 	
2.5	0.0704152 	-0.117847 	-1.92337 	0.31344 	0.712377 	0.0740652 	
2.505	0.0704152 	-0.117847 	-1.92337 	0.31344 	0.712377 	0.0740652 	
2.51	0.0704189 	-0.117856 	-1.92336 	0.313439 	0.712377 	0.0740604 	
2.515	0.0704189 	-0.117856 	-1.92336 	0.313439 	0.712377 	0.0740604 	
2.52	0.0704189 	-0.117856 	-1.92336 	0.313439 	0.712377 	0.0740604 	
2.525	0.0704175 	-0.117856 	-1.92336 	0.313438 	0.712371 	0.0740598 	
2.53	0.0704159 	-0.117855 	-1.92335 	0.313437 	0.712366 	0.0740597 	
2.535	0.070414 	-0.117855 	-1.92335 	0.313436 	0.71236 	0.0740596 	
2.54	0.0704116 	-0.117854 	-1.92334 	0.313435 	0.712353 	0.0740595 	
2.545	0.0704088 	-0.117853 	-1.92333 	0.313434 	0.712345 	0.0740593 	
2.55	0.0704055 	-0.117851 	-1.92333 	0.313432 	0.712335 	0.0740592 	
2.555	0.0704018 	-0.11785 	-1.92332 	0.31343 	0.712324 	0.074059 	
2.56	0.0703976 	-0.117848 	-1.92331 	0.313428 	0.712311 	0.0740587 	
2.565	0.070393 	-0.117847 	-1.9233 	0.313426 	0.712297 	0.0740585 	
2.57	0.070388 	-0.117845 	-1.92328 	0.313423 	0.712282 	0.0740583 	
2.575	0.0703825 	-0.117843 	-1.92327 	0.313421 	0.712266 	0.074058 	
2.58	0.0703765 	-0.117841 	-1.92325 	0.313418 	0.712248 	0.0740577 	
2.585	0.0703702 	-0.117838 	-1.92324 	0.313415 	0.712229 	0.0740573 	
2.59	0.0703634 	-0.117836 	-1.92322 	0.313411 	0.712208 	0.074057 	
2.595	0.0703561 	-0.117833 	-1.9232 	0.313408 	0.712186 	0.0740566 	
2.6	0.0703484 	-0.11783 	-1.92318 	0.313404 	0.712163 	0.0740562 	
2.605	0.0703403 	-0.117827 	-1.92316 	0.3134 	0.712139 	0.0740558 	
2.61	0.0703317 	-0.117824 	-1.92314 	0.313396 	0.712113 	0.0740553 	
2.615	0.0703227 	-0.117821 	-1.92312 	0.313392 	0.712086 	0.0740549 	
2.62	0.0703133 	-0.117817 	-1.9231 	0.313387 	0.712057 	0.0740544 	
2.625	0.0703034 	-0.117813 	-1.92307 	0.313382 	0.712027 	0.0740539 	
2.63	0.0702931 	-0.11781 	-1.92304 	0.313377 	0.711996 	0.0740534 	
2.635	0.0702823 	-0.117806 	-1.92302 	0.313372 	0.711964 	0.0740528 	
2.64	0.0702712 	-0.117801 	-1.92299 	0.313367 	0.71193 	0.0740522 	
2.645	0.0702595 	-0.117797 	-1.92296 	0.313361 	0.711895 	0.0740516 	
2.65	0.0702475 	-0.117793 	-1.92293 	0.313355 	0.711859 	0.074051 	
2.655	0.070235 	-0.117788 	-1.9229 	0.313349 	0.711821 	0.0740504 	
2.66	0.0702221 	-0.117783 	-1.92287 	0.313343 	0.711782 	0.0740497 	
2.665	0.0702074 	-0.117778 	-1.92283 	0.313336 	0.711738 	0.074049 	
2.67	0.0701948 	-0.117773 	-1.9228 	0.313329 	0.7117 	0.0740483 	
2.675	0.0701793 	-0.117767 	-1.92276 	0.313322 	0.711654 	0.0740475 	
2.68	0.0701646 	-0.117762 	-1.92272 	0.313315 	0.711609 	0.0740468 	
2.685	0.0701495 	-0.117756 	-1.92268 	0.313307 	0.711564 	0.074046 	
2.69	0.0702532 	-0.117729 	-1.92265 	0.313878 	0.711577 	0.0755004 	
2.695	0.0702372 	-0.117723 	-1.92261 	0.313871 	0.711529 	0.0754996 	
2.7	0.0702208 	-0.117717 	-1.92257 	0.313863 	0.71148 	0.0754987 	
2.705	0.070204 	-0.117711 	-1.92252 	0.313854 	0.711429 	0.0754978 	
2.71	0.0701867 	-0.117705 	-1.92248 	0.313846 	0.711377 	0.0754969 	
2.715	0.0701691 	-0.117698 	-1.92244 	0.313837 	0.711324 	0.075496 	
2.72	0.070151 	-0.117692 	-1.92239 	0.313829 	0.711269 	0.075495 	
2.725	0.0701325 	-0.117685 	-1.92234 	0.31382 	0.711214 	0.075494 	
2.73	0.0701136 	-0.117678 	-1.9223 	0.31381 	0.711157 	0.0754931 	
2.735	0.0700942 	-0.117671 	-1.92225 	0.313801 	0.711099 	0.075492 	
2.74	0.0700745 	-0.117663 	-1.9222 	0.313791 	0.711039 	0.075491 	
2.745	0.0700543 	-0.117656 	-1.92215 	0.313782 	0.710978 	0.07549 	
2.75	0.0700337 	-0.117648 	-1.9221 	0.313772 	0.710916 	0.0754889 	
2.755	0.0700127 	-0.117641 	-1.92204 	0.313761 	0.710853 	0.0754878 	
2.76	0.0699913 	-0.117633 	-1.92199 	0.313751 	0.710789 	0.0754867 	
2.765	0.0699695 	-0.117625 	-1.92194 	0.31374 	0.710723 	0.0754855 	
2.77	0.0698709 	-0.117392 	-1.92182 	0.313643 	0.709408 	0.0763244 	
2.775	0.0698483 	-0.117384 	-1.92177 	0.313632 	0.709339 	0.0763233 	
2.78	0.0698253 	-0.117375 	-1.92171 	0.313621 	0.70927 	0.0763221 	
2.785	0.0698019 	-0.117367 	-1.92165 	0.31361 	0.709199 	0.0763209 	
2.79	0.069778 	-0.117358 	-1.92159 	0.313598 	0.709128 	0.0763197 	
2.795	0.0697538 	-0.117349 	-1.92153 	0.313586 	0.709055 	0.0763184 	
2.8	0.0697292 	-0.11734 	-1.92147 	0.313574 	0.70898 	0.0763172 	
2.805	0.0697041 	-0.117331 	-1.9214 	0.313562 	0.708905 	0.0763159 	
2.81	0.0696787 	-0.117322 	-1.92134 	0.31355 	0.708828 	0.0763146 	
2.815	0.0696529 	-0.117312 	-1.92128 	0.313537 	0.708751 	0.0763133 	
2.82	0.0696267 	-0.117303 	-1.92121 	0.313525 	0.708672 	0.0763119 	
2.825	0.0696001 	-0.117293 	-1.92114 	0.313512 	0.708591 	0.0763106 	
2.83	0.0694794 	-0.117044 	-1.92101 	0.31335 	0.707163 	0.0770701 	
2.835	0.069452 	-0.117035 	-1.92094 	0.313336 	0.707081 	0.0770687 	
2.84	0.0694242 	-0.117024 	-1.92087 	0.313323 	0.706997 	0.0770673 	
2.845	0.0693961 	-0.117014 	-1.9208 	0.313309 	0.706912 	0.0770659 	
2.85	0.0693675 	-0.117004 	-1.92073 	0.313296 	0.706826 	0.0770645 	
2.855	0.0693386 	-0.116994 	-1.92066 	0.313282 	0.706739 	0.077063 	
2.86	0.0693093 	-0.116983 	-1.92058 	0.313267 	0.706651 	0.0770616 	
2.865	0.0692797 	-0.116972 	-1.92051 	0.313253 	0.706561 	0.0770601 	
2.87	0.0692496 	-0.116961 	-1.92043 	0.313239 	0.706471 	0.0770586 	
2.875	0.0692276 	-0.11696 	-1.92034 	0.313221 	0.706377 	0.0770461 	
2.88	0.0691035 	-0.116714 	-1.9202 	0.313054 	0.704956 	0.0777823 	
2.885	0.0690723 	-0.116703 	-1.92013 	0.313039 	0.704862 	0.0777808 	
2.89	0.0690408 	-0.116691 	-1.92005 	0.313024 	0.704767 	0.0777793 	
2.895	0.0690089 	-0.11668 	-1.91997 	0.313008 	0.704671 	0.0777777 	
2.9	0.0689767 	-0.116668 	-1.91989 	0.312993 	0.704574 	0.0777761 	
2.905	0.0689441 	-0.116657 	-1.9198 	0.312977 	0.704475 	0.0777746 	
2.91	0.0689111 	-0.116645 	-1.91972 	0.312961 	0.704376 	0.077773 	
2.915	0.0688778 	-0.116633 	-1.91964 	0.312945 	0.704275 	0.0777713 	
2.92	0.0688441 	-0.116621 	-1.91955 	0.312929 	0.704174 	0.0777697 	
2.925	0.068716 	-0.116373 	-1.9194 	0.31276 	0.702733 	0.0785099 	
2.93	0.0686816 	-0.116361 	-1.91931 	0.312744 	0.70263 	0.0785083 	
2.935	0.0686469 	-0.116349 	-1.91923 	0.312727 	0.702525 	0.0785066 	
2.94	0.0686118 	-0.116336 	-1.91914 	0.31271 	0.702419 	0.078505 	
2.945	0.0685764 	-0.116324 	-1.91905 	0.312693 	0.702312 	0.0785033 	
2.95	0.0685406 	-0.116311 	-1.91896 	0.312676 	0.702204 	0.0785016 	
2.955	0.0685045 	-0.116298 	-1.91887 	0.312659 	0.702095 	0.0784999 	
2.96	0.0684681 	-0.116285 	-1.91878 	0.312642 	0.701985 	0.0784982 	
2.965	0.0683397 	-0.116043 	-1.91862 	0.312476 	0.700571 	0.0792193 	
2.97	0.0683026 	-0.11603 	-1.91853 	0.312458 	0.700459 	0.0792176 	
2.975	0.0682652 	-0.116017 	-1.91843 	0.31244 	0.700346 	0.0792159 	
2.98	0.0682274 	-0.116004 	-1.91834 	0.312422 	0.700232 	0.0792141 	
2.985	0.0681893 	-0.11599 	-1.91824 	0.312404 	0.700117 	0.0792124 	
2.99	0.0681509 	-0.115977 	-1.91814 	0.312386 	0.700001 	0.0792106 	
2.995	0.0681122 	-0.115963 	-1.91804 	0.312367 	0.699885 	0.0792088 	
3	0.0680732 	-0.11595 	-1.91795 	0.312348 	0.699767 	0.0792071 	
3.005	0.0679363 	-0.115693 	-1.91778 	0.312172 	0.69826 	0.0799753 	
3.01	0.0678966 	-0.115679 	-1.91768 	0.312153 	0.69814 	0.0799736 	
3.015	0.0678566 	-0.115665 	-1.91758 	0.312134 	0.69802 	0.0799718 	
3.02	0.0678164 	-0.115651 	-1.91747 	0.312115 	0.697898 	0.07997 	
3.025	0.0677758 	-0.115637 	-1.91737 	0.312096 	0.697775 	0.0799682 	
3.03	0.0677349 	-0.115622 	-1.91727 	0.312077 	0.697652 	0.0799663 	
3.035	0.0676937 	-0.115608 	-1.91716 	0.312057 	0.697527 	0.0799645 	
3.04	0.0675603 	-0.115365 	-1.91699 	0.31189 	0.696095 	0.0806883 	
3.045	0.0675185 	-0.115351 	-1.91689 	0.31187 	0.695969 	0.0806865 	
3.05	0.0674765 	-0.115336 	-1.91678 	0.31185 	0.695841 	0.0806847 	
3.055	0.0674341 	-0.115322 	-1.91667 	0.31183 	0.695713 	0.0806828 	
3.06	0.0673915 	-0.115307 	-1.91656 	0.31181 	0.695585 	0.080681 	
3.065	0.0673485 	-0.115292 	-1.91646 	0.311789 	0.695455 	0.0806791 	
3.07	0.0673053 	-0.115277 	-1.91635 	0.311769 	0.695324 	0.0806773 	
3.075	0.0671664 	-0.115025 	-1.91617 	0.311595 	0.693834 	0.0814303 	
3.08	0.0671226 	-0.11501 	-1.91606 	0.311575 	0.693701 	0.0814284 	
3.085	0.0670786 	-0.114995 	-1.91594 	0.311554 	0.693568 	0.0814265 	
3.09	0.0670343 	-0.11498 	-1.91583 	0.311533 	0.693434 	0.0814247 	
3.095	0.0669897 	-0.114965 	-1.91572 	0.311512 	0.693299 	0.0814228 	
3.1	0.0669448 	-0.11495 	-1.9156 	0.311491 	0.693164 	0.0814209 	
3.105	0.0668998 	-0.114934 	-1.91549 	0.31147 	0.693027 	0.081419 	
3.11	0.0667546 	-0.114672 	-1.9153 	0.311289 	0.69147 	0.0822065 	
3.115	0.066709 	-0.114656 	-1.91519 	0.311268 	0.691332 	0.0822046 	
3.12	0.0666631 	-0.114641 	-1.91507 	0.311246 	0.691193 	0.0822027 	
3.125	0.066617 	-0.114625 	-1.91495 	0.311224 	0.691053 	0.0822009 	
3.13	0.0665707 	-0.11461 	-1.91483 	0.311203 	0.690913 	0.082199 	
3.135	0.0665241 	-0.114594 	-1.91471 	0.311181 	0.690772 	0.0821971 	
3.14	0.0664772 	-0.114578 	-1.91459 	0.311159 	0.69063 	0.0821952 	
3.145	0.0663263 	-0.114306 	-1.9144 	0.310971 	0.689009 	0.0830155 	
3.15	0.066279 	-0.11429 	-1.91428 	0.310949 	0.688865 	0.0830136 	
3.155	0.0662314 	-0.114274 	-1.91416 	0.310927 	0.688721 	0.0830118 	
3.16	0.0661836 	-0.114258 	-1.91403 	0.310905 	0.688577 	0.0830099 	
3.165	0.0661356 	-0.114242 	-1.91391 	0.310882 	0.688432 	0.083008 	
3.17	0.0660874 	-0.114226 	-1.91379 	0.31086 	0.688286 	0.0830061 	
3.175	0.0659454 	-0.113979 	-1.9136 	0.310689 	0.686806 	0.0837453 	
3.18	0.0658967 	-0.113963 	-1.91347 	0.310666 	0.686659 	0.0837434 	
3.185	0.0658479 	-0.113947 	-1.91335 	0.310643 	0.686511 	0.0837415 	
3.19	0.0657988 	-0.113931 	-1.91322 	0.31062 	0.686362 	0.0837397 	
3.195	0.065727 	-0.11389 	-1.91313 	0.310606 	0.686217 	0.0837668 	
3.2	0.0656772 	-0.113873 	-1.913 	0.310583 	0.686067 	0.0837653 	
3.205	0.0655327 	-0.113624 	-1.9128 	0.31041 	0.684565 	0.0845149 	
3.21	0.0654828 	-0.113608 	-1.91268 	0.310387 	0.684414 	0.084513 	
3.215	0.0654327 	-0.113591 	-1.91255 	0.310364 	0.684262 	0.0845112 	
3.22	0.0653824 	-0.113575 	-1.91242 	0.31034 	0.68411 	0.0845093 	
3.225	0.0653319 	-0.113558 	-1.91229 	0.310317 	0.683957 	0.0845075 	
3.23	0.0652813 	-0.113542 	-1.91216 	0.310293 	0.683803 	0.0845056 	
3.235	0.0651334 	-0.113287 	-1.91196 	0.310117 	0.682266 	0.0852733 	
3.24	0.0650824 	-0.113271 	-1.91182 	0.310093 	0.682112 	0.0852715 	
3.245	0.0650312 	-0.113254 	-1.91169 	0.31007 	0.681956 	0.0852697 	
3.25	0.0649798 	-0.113237 	-1.91156 	0.310046 	0.681801 	0.0852679 	
3.255	0.0649283 	-0.113221 	-1.91143 	0.310022 	0.681644 	0.085266 	
3.26	0.0648766 	-0.113204 	-1.9113 	0.309998 	0.681488 	0.0852642 	
3.265	0.0647256 	-0.112945 	-1.91109 	0.309818 	0.679917 	0.0860493 	
3.27	0.0646735 	-0.112928 	-1.91095 	0.309795 	0.679759 	0.0860475 	
3.275	0.0646213 	-0.112911 	-1.91082 	0.309771 	0.679601 	0.0860457 	
3.28	0.064569 	-0.112895 	-1.91068 	0.309747 	0.679442 	0.086044 	
3.285	0.0645165 	-0.112878 	-1.91055 	0.309722 	0.679283 	0.0860422 	
3.29	0.0644639 	-0.112861 	-1.91041 	0.309698 	0.679123 	0.0860404 	
3.295	0.0643101 	-0.112598 	-1.9102 	0.309516 	0.677522 	0.0868412 	
3.3	0.0642571 	-0.112581 	-1.91006 	0.309491 	0.677361 	0.0868395 	
3.305	0.0642041 	-0.112564 	-1.90992 	0.309467 	0.6772 	0.0868377 	
3.31	0.0641509 	-0.112547 	-1.90979 	0.309443 	0.677039 	0.086836 	
3.315	0.0640975 	-0.11253 	-1.90965 	0.309419 	0.676877 	0.0868342 	
3.32	0.0640441 	-0.112513 	-1.90951 	0.309394 	0.676715 	0.0868325 	
3.325	0.0638878 	-0.112247 	-1.90929 	0.309209 	0.675086 	0.0876473 	
3.33	0.0638341 	-0.11223 	-1.90915 	0.309185 	0.674923 	0.0876456 	
3.335	0.0637803 	-0.112213 	-1.90901 	0.30916 	0.67476 	0.0876439 	
3.34	0.0637264 	-0.112196 	-1.90888 	0.309136 	0.674596 	0.0876422 	
3.345	0.0636723 	-0.112179 	-1.90874 	0.309111 	0.674432 	0.0876405 	
3.35	0.0636182 	-0.112162 	-1.9086 	0.309086 	0.674268 	0.0876388 	
3.355	0.0634598 	-0.111893 	-1.90837 	0.308899 	0.672616 	0.0884658 	
3.36	0.0634055 	-0.111876 	-1.90823 	0.308875 	0.672451 	0.0884642 	
3.365	0.063351 	-0.111859 	-1.90809 	0.30885 	0.672286 	0.0884625 	
3.37	0.0632965 	-0.111842 	-1.90795 	0.308825 	0.67212 	0.0884609 	
3.375	0.0632419 	-0.111825 	-1.90781 	0.308801 	0.671954 	0.0884592 	
3.38	0.0631872 	-0.111808 	-1.90767 	0.308776 	0.671788 	0.0884576 	
3.385	0.063027 	-0.111537 	-1.90744 	0.308588 	0.670117 	0.0892949 	
3.39	0.0629722 	-0.11152 	-1.9073 	0.308563 	0.66995 	0.0892933 	
3.395	0.0629172 	-0.111503 	-1.90715 	0.308538 	0.669783 	0.0892918 	
3.4	0.0628622 	-0.111486 	-1.90701 	0.308513 	0.669616 	0.0892902 	
3.405	0.0628071 	-0.111469 	-1.90687 	0.308488 	0.669448 	0.0892886 	
3.41	0.0627519 	-0.111453 	-1.90673 	0.308464 	0.669281 	0.089287 	
3.415	0.0625904 	-0.111179 	-1.9065 	0.308274 	0.667594 	0.0901328 	
3.42	0.0625351 	-0.111163 	-1.90635 	0.308249 	0.667426 	0.0901313 	
3.425	0.0624798 	-0.111146 	-1.90621 	0.308224 	0.667258 	0.0901298 	
3.43	0.0624244 	-0.111129 	-1.90606 	0.3082 	0.667089 	0.0901282 	
3.435	0.0623702 	-0.111114 	-1.90592 	0.308174 	0.66692 	0.0901251 	
3.44	0.0622238 	-0.110878 	-1.9057 	0.308009 	0.665452 	0.090849 	
3.445	0.0621683 	-0.110862 	-1.90555 	0.307984 	0.665283 	0.0908475 	
3.45	0.0621127 	-0.110845 	-1.90541 	0.307959 	0.665114 	0.090846 	
3.455	0.0620571 	-0.110828 	-1.90526 	0.307934 	0.664945 	0.0908446 	
3.46	0.0620015 	-0.110812 	-1.90512 	0.307909 	0.664776 	0.0908431 	
3.465	0.0619458 	-0.110795 	-1.90497 	0.307885 	0.664606 	0.0908416 	
3.47	0.0617843 	-0.110525 	-1.90474 	0.307697 	0.662923 	0.0916854 	
3.475	0.0617286 	-0.110508 	-1.90459 	0.307672 	0.662754 	0.091684 	
3.48	0.0616729 	-0.110492 	-1.90445 	0.307647 	0.662584 	0.0916826 	
3.485	0.0616172 	-0.110475 	-1.9043 	0.307623 	0.662414 	0.0916812 	
3.49	0.0615615 	-0.110459 	-1.90416 	0.307598 	0.662245 	0.0916798 	
3.495	0.0614143 	-0.110224 	-1.90394 	0.307433 	0.660767 	0.0924087 	
3.5	0.0613585 	-0.110207 	-1.90379 	0.307408 	0.660598 	0.0924074 	
3.505	0.0613028 	-0.110191 	-1.90364 	0.307383 	0.660428 	0.092406 	
3.51	0.061247 	-0.110175 	-1.9035 	0.307359 	0.660258 	0.0924047 	
3.515	0.0611913 	-0.110159 	-1.90335 	0.307334 	0.660088 	0.0924034 	
3.52	0.0611356 	-0.110142 	-1.90321 	0.307309 	0.659919 	0.0924021 	
3.525	0.0609737 	-0.109873 	-1.90297 	0.307122 	0.658229 	0.0932497 	
3.53	0.060918 	-0.109857 	-1.90282 	0.307098 	0.65806 	0.0932484 	
3.535	0.0608623 	-0.109841 	-1.90268 	0.307073 	0.65789 	0.0932472 	
3.54	0.0608067 	-0.109825 	-1.90253 	0.307049 	0.657721 	0.0932459 	
3.545	0.0607511 	-0.109809 	-1.90239 	0.307024 	0.657551 	0.0932447 	
3.55	0.0606041 	-0.109575 	-1.90216 	0.30686 	0.656074 	0.0939744 	
3.555	0.0605485 	-0.109559 	-1.90202 	0.306836 	0.655905 	0.0939732 	
3.56	0.0605016 	-0.109553 	-1.90186 	0.306808 	0.655734 	0.0939613 	
3.565	0.0604462 	-0.109537 	-1.90171 	0.306784 	0.655565 	0.09396 	
3.57	0.0603907 	-0.109521 	-1.90157 	0.30676 	0.655396 	0.0939588 	
3.575	0.0603354 	-0.109506 	-1.90142 	0.306735 	0.655227 	0.0939576 	
3.58	0.0601744 	-0.109239 	-1.90118 	0.306551 	0.653545 	0.0948029 	
3.585	0.0601191 	-0.109223 	-1.90104 	0.306526 	0.653376 	0.0948018 	
3.59	0.0600639 	-0.109208 	-1.90089 	0.306502 	0.653208 	0.0948007 	
3.595	0.0600087 	-0.109192 	-1.90075 	0.306478 	0.653039 	0.0947996 	
3.6	0.0599536 	-0.109177 	-1.9006 	0.306454 	0.652871 	0.0947985 	
3.605	0.059808 	-0.108947 	-1.90038 	0.306292 	0.651405 	0.0955235 	
3.61	0.059753 	-0.108932 	-1.90023 	0.306268 	0.651238 	0.0955225 	
3.615	0.0596982 	-0.108916 	-1.90009 	0.306245 	0.65107 	0.0955214 	
3.62	0.0596434 	-0.108901 	-1.89994 	0.306221 	0.650903 	0.0955204 	
3.625	0.0595887 	-0.108886 	-1.8998 	0.306197 	0.650736 	0.0955194 	
3.63	0.059534 	-0.108871 	-1.89966 	0.306173 	0.650569 	0.0955183 	
3.635	0.0593751 	-0.108609 	-1.89942 	0.305992 	0.648906 	0.0963549 	
3.64	0.0593207 	-0.108594 	-1.89928 	0.305968 	0.64874 	0.0963539 	
3.645	0.0592663 	-0.108579 	-1.89913 	0.305945 	0.648574 	0.0963529 	
3.65	0.0592121 	-0.108564 	-1.89899 	0.305921 	0.648409 	0.096352 	
3.655	0.0591579 	-0.10855 	-1.89885 	0.305898 	0.648243 	0.096351 	
3.66	0.0591039 	-0.108535 	-1.8987 	0.305874 	0.648078 	0.0963501 	
3.665	0.0589451 	-0.108273 	-1.89847 	0.305693 	0.64641 	0.0971908 	
3.67	0.0588913 	-0.108259 	-1.89832 	0.30567 	0.646246 	0.0971899 	
3.675	0.0588376 	-0.108244 	-1.89818 	0.305646 	0.646082 	0.097189 	
3.68	0.058784 	-0.10823 	-1.89804 	0.305623 	0.645919 	0.0971881 	
3.685	0.0587306 	-0.108215 	-1.8979 	0.3056 	0.645755 	0.0971872 	
3.69	0.0586773 	-0.108201 	-1.89776 	0.305577 	0.645592 	0.0971864 	
3.695	0.0585203 	-0.107943 	-1.89752 	0.305399 	0.643942 	0.0980188 	
3.7	0.0584673 	-0.107929 	-1.89738 	0.305376 	0.64378 	0.0980179 	
3.705	0.0584143 	-0.107915 	-1.89724 	0.305353 	0.643618 	0.0980171 	
3.71	0.0583616 	-0.107901 	-1.8971 	0.30533 	0.643457 	0.0980163 	
3.715	0.0583017 	-0.107879 	-1.89697 	0.30531 	0.643297 	0.0980246 	
3.72	0.0582491 	-0.107865 	-1.89683 	0.305288 	0.643137 	0.0980239 	
3.725	0.0580945 	-0.107612 	-1.8966 	0.305112 	0.64151 	0.0988451 	
3.73	0.0580423 	-0.107598 	-1.89646 	0.30509 	0.64135 	0.0988443 	
3.735	0.0579902 	-0.107584 	-1.89632 	0.305067 	0.641191 	0.0988436 	
3.74	0.0579384 	-0.107571 	-1.89619 	0.305045 	0.641032 	0.0988429 	
3.745	0.0578867 	-0.107557 	-1.89605 	0.305023 	0.640874 	0.0988422 	
3.75	0.0578351 	-0.107544 	-1.89591 	0.305001 	0.640717 	0.0988415 	
3.755	0.0576832 	-0.107296 	-1.89568 	0.304829 	0.639116 	0.0996494 	
3.76	0.0576319 	-0.107282 	-1.89555 	0.304807 	0.63896 	0.0996487 	
3.765	0.0575809 	-0.107269 	-1.89541 	0.304786 	0.638804 	0.0996481 	
3.77	0.0575301 	-0.107256 	-1.89527 	0.304764 	0.638648 	0.0996474 	
3.775	0.0574794 	-0.107243 	-1.89514 	0.304742 	0.638493 	0.0996468 	
3.78	0.0574289 	-0.10723 	-1.895 	0.304721 	0.638339 	0.0996462 	
3.785	0.05728 	-0.106987 	-1.89478 	0.304553 	0.636769 	0.100439 	
3.79	0.0572299 	-0.106974 	-1.89464 	0.304532 	0.636616 	0.100438 	
3.795	0.0571799 	-0.106962 	-1.89451 	0.30451 	0.636463 	0.100438 	
3.8	0.0571302 	-0.106949 	-1.89438 	0.304489 	0.636311 	0.100437 	
3.805	0.0570807 	-0.106936 	-1.89425 	0.304468 	0.63616 	0.100437 	
3.81	0.0570314 	-0.106924 	-1.89411 	0.304447 	0.636009 	0.100436 	
3.815	0.0568858 	-0.106688 	-1.89389 	0.304284 	0.634474 	0.101212 	
3.82	0.0568369 	-0.106675 	-1.89376 	0.304263 	0.634324 	0.101212 	
3.825	0.0567882 	-0.106663 	-1.89363 	0.304242 	0.634175 	0.101211 	
3.83	0.0567397 	-0.106651 	-1.8935 	0.304222 	0.634026 	0.101211 	
3.835	0.0566915 	-0.106639 	-1.89337 	0.304201 	0.633879 	0.10121 	
3.84	0.0566434 	-0.106627 	-1.89324 	0.304181 	0.633731 	0.10121 	
3.845	0.0565016 	-0.106397 	-1.89303 	0.304022 	0.632234 	0.101967 	
3.85	0.056454 	-0.106385 	-1.8929 	0.304002 	0.632088 	0.101967 	
3.855	0.0564066 	-0.106373 	-1.89277 	0.303982 	0.631943 	0.101966 	
3.86	0.0563595 	-0.106362 	-1.89265 	0.303962 	0.631799 	0.101966 	
3.865	0.0563126 	-0.10635 	-1.89252 	0.303942 	0.631655 	0.101965 	
3.87	0.0562659 	-0.106338 	-1.8924 	0.303923 	0.631512 	0.101965 	
3.875	0.056128 	-0.106116 	-1.89218 	0.303768 	0.630056 	0.102702 	
3.88	0.0560819 	-0.106104 	-1.89206 	0.303749 	0.629915 	0.102701 	
3.885	0.056036 	-0.106093 	-1.89194 	0.30373 	0.629774 	0.102701 	
3.89	0.0559903 	-0.106082 	-1.89181 	0.303711 	0.629634 	0.102701 	
3.895	0.0559449 	-0.106071 	-1.89169 	0.303692 	0.629495 	0.1027 	
3.9	0.0558997 	-0.10606 	-1.89157 	0.303673 	0.629356 	0.1027 	
3.905	0.0558548 	-0.106049 	-1.89145 	0.303654 	0.629219 	0.1027 	
3.91	0.0557085 	-0.105804 	-1.89123 	0.303486 	0.627621 	0.103519 	
3.915	0.0556641 	-0.105793 	-1.89111 	0.303467 	0.627485 	0.103519 	
3.92	0.05562 	-0.105783 	-1.89099 	0.303449 	0.62735 	0.103519 	
3.925	0.0555762 	-0.105772 	-1.89088 	0.303431 	0.627215 	0.103518 	
3.93	0.0555326 	-0.105762 	-1.89076 	0.303412 	0.627082 	0.103518 	
3.935	0.0554893 	-0.105751 	-1.89064 	0.303394 	0.626949 	0.103518 	
3.94	0.0554463 	-0.105741 	-1.89053 	0.303376 	0.626817 	0.103518 	
3.945	0.0553046 	-0.105503 	-1.89032 	0.303214 	0.625264 	0.104316 	
3.95	0.0552621 	-0.105493 	-1.8902 	0.303196 	0.625133 	0.104316 	
3.955	0.0552199 	-0.105483 	-1.89009 	0.303179 	0.625004 	0.104315 	
3.96	0.055178 	-0.105473 	-1.88997 	0.303161 	0.624876 	0.104315 	
3.965	0.0551364 	-0.105464 	-1.88986 	0.303144 	0.624748 	0.104315 	
3.97	0.0550951 	-0.105454 	-1.88975 	0.303127 	0.624621 	0.104315 	
3.975	0.0550541 	-0.105444 	-1.88964 	0.30311 	0.624495 	0.104315 	
3.98	0.0549187 	-0.105218 	-1.88944 	0.302954 	0.623009 	0.105079 	
3.985	0.0548783 	-0.105208 	-1.88933 	0.302938 	0.622885 	0.105079 	
3.99	0.0548382 	-0.105199 	-1.88922 	0.302921 	0.622762 	0.105079 	
3.995	0.0547984 	-0.10519 	-1.88911 	0.302905 	0.62264 	0.105078 	
4	0.0547589 	-0.10518 	-1.88901 	0.302888 	0.622519 	0.105078 	
4.005	0.0547197 	-0.105171 	-1.8889 	0.302872 	0.622398 	0.105078 	
4.01	0.0546808 	-0.105162 	-1.8888 	0.302856 	0.622279 	0.105078 	
4.015	0.0546423 	-0.105153 	-1.88869 	0.30284 	0.622161 	0.105078 	
4.02	0.0545029 	-0.104914 	-1.88849 	0.302677 	0.620589 	0.105895 	
4.025	0.0544857 	-0.104927 	-1.88835 	0.302655 	0.620469 	0.105869 	
4.03	0.0544483 	-0.104918 	-1.88825 	0.30264 	0.620354 	0.105869 	
4.035	0.054411 	-0.10491 	-1.88815 	0.302624 	0.620239 	0.105869 	
4.04	0.0543741 	-0.104901 	-1.88805 	0.302609 	0.620126 	0.105868 	
4.045	0.0543375 	-0.104893 	-1.88795 	0.302594 	0.620014 	0.105868 	
4.05	0.0543012 	-0.104885 	-1.88785 	0.302579 	0.619902 	0.105868 	
4.055	0.0542652 	-0.104876 	-1.88776 	0.302564 	0.619792 	0.105868 	
4.06	0.0541337 	-0.10465 	-1.88756 	0.30241 	0.618304 	0.106643 	
4.065	0.0540984 	-0.104642 	-1.88747 	0.302396 	0.618195 	0.106643 	
4.07	0.0540635 	-0.104634 	-1.88737 	0.302381 	0.618088 	0.106643 	
4.075	0.0540289 	-0.104626 	-1.88728 	0.302367 	0.617982 	0.106643 	
4.08	0.0539946 	-0.104619 	-1.88719 	0.302353 	0.617876 	0.106643 	
4.085	0.0539607 	-0.104611 	-1.88709 	0.302339 	0.617772 	0.106643 	
4.09	0.0539271 	-0.104603 	-1.887 	0.302326 	0.617669 	0.106642 	
4.095	0.0538939 	-0.104596 	-1.88691 	0.302312 	0.617567 	0.106642 	
4.1	0.0538611 	-0.104588 	-1.88682 	0.302298 	0.617466 	0.106642 	
4.105	0.05373 	-0.104358 	-1.88664 	0.302143 	0.615948 	0.10744 	
4.11	0.0536979 	-0.10435 	-1.88655 	0.302129 	0.61585 	0.107439 	
4.115	0.0536661 	-0.104343 	-1.88646 	0.302116 	0.615752 	0.107439 	
4.12	0.0536346 	-0.104336 	-1.88638 	0.302104 	0.615655 	0.107439 	
4.125	0.0536036 	-0.104329 	-1.88629 	0.302091 	0.61556 	0.107439 	
4.13	0.0535729 	-0.104323 	-1.88621 	0.302078 	0.615465 	0.107439 	
4.135	0.0535425 	-0.104316 	-1.88613 	0.302066 	0.615372 	0.107439 	
4.14	0.0535125 	-0.104309 	-1.88605 	0.302054 	0.61528 	0.107439 	
4.145	0.0534829 	-0.104303 	-1.88597 	0.302042 	0.615189 	0.107439 	
4.15	0.0533633 	-0.104092 	-1.88579 	0.301899 	0.613798 	0.108171 	
4.155	0.0533344 	-0.104085 	-1.88572 	0.301887 	0.613709 	0.108171 	
4.16	0.0533059 	-0.104079 	-1.88564 	0.301876 	0.613621 	0.108171 	
4.165	0.0532778 	-0.104073 	-1.88556 	0.301864 	0.613535 	0.108171 	
4.17	0.0532501 	-0.104067 	-1.88549 	0.301853 	0.61345 	0.108171 	
4.175	0.0532227 	-0.104061 	-1.88541 	0.301842 	0.613366 	0.108171 	
4.18	0.0531957 	-0.104055 	-1.88534 	0.301831 	0.613283 	0.108171 	
4.185	0.0531691 	-0.104049 	-1.88527 	0.30182 	0.613201 	0.108171 	
4.19	0.0531429 	-0.104043 	-1.8852 	0.301809 	0.61312 	0.108171 	
4.195	0.0531171 	-0.104038 	-1.88512 	0.301799 	0.613041 	0.108171 	
4.2	0.0530917 	-0.104032 	-1.88506 	0.301789 	0.612963 	0.108171 	
4.205	0.0529711 	-0.103811 	-1.88489 	0.301641 	0.61151 	0.108945 	
4.21	0.0529464 	-0.103806 	-1.88482 	0.301631 	0.611434 	0.108945 	
4.215	0.0529222 	-0.1038 	-1.88476 	0.301621 	0.61136 	0.108945 	
4.22	0.0528983 	-0.103795 	-1.88469 	0.301612 	0.611286 	0.108945 	
4.225	0.0528748 	-0.10379 	-1.88463 	0.301602 	0.611214 	0.108945 	
4.23	0.052837 	-0.10377 	-1.88459 	0.301597 	0.611145 	0.108963 	
4.235	0.0528142 	-0.103764 	-1.88452 	0.301588 	0.611076 	0.108963 	
4.24	0.0527919 	-0.10376 	-1.88446 	0.301579 	0.611007 	0.108963 	
4.245	0.05277 	-0.103755 	-1.8844 	0.30157 	0.61094 	0.108963 	
4.25	0.0527485 	-0.10375 	-1.88435 	0.301561 	0.610874 	0.108963 	
4.255	0.0527274 	-0.103746 	-1.88429 	0.301553 	0.610809 	0.108963 	
4.26	0.0527068 	-0.103741 	-1.88423 	0.301544 	0.610745 	0.108963 	
4.265	0.0526865 	-0.103737 	-1.88418 	0.301536 	0.610683 	0.108963 	
4.27	0.0525727 	-0.103521 	-1.88402 	0.301393 	0.609269 	0.109725 	
4.275	0.0525532 	-0.103517 	-1.88397 	0.301385 	0.609209 	0.109725 	
4.28	0.0525342 	-0.103513 	-1.88392 	0.301378 	0.60915 	0.109725 	
4.285	0.0525156 	-0.103509 	-1.88387 	0.30137 	0.609093 	0.109725 	
4.29	0.0524974 	-0.103505 	-1.88382 	0.301363 	0.609037 	0.109725 	
4.295	0.0524796 	-0.103502 	-1.88377 	0.301356 	0.608982 	0.109725 	
4.3	0.0524622 	-0.103498 	-1.88372 	0.301349 	0.608929 	0.109725 	
4.305	0.0524452 	-0.103494 	-1.88368 	0.301342 	0.608877 	0.109725 	
4.31	0.0524287 	-0.103491 	-1.88363 	0.301335 	0.608826 	0.109725 	
4.315	0.0524125 	-0.103487 	-1.88359 	0.301329 	0.608776 	0.109725 	
4.32	0.0523968 	-0.103484 	-1.88354 	0.301322 	0.608728 	0.109725 	
4.325	0.0523815 	-0.103481 	-1.8835 	0.301316 	0.60868 	0.109725 	
4.33	0.0523666 	-0.103478 	-1.88346 	0.30131 	0.608635 	0.109726 	
4.335	0.0523522 	-0.103475 	-1.88342 	0.301304 	0.60859 	0.109726 	
4.34	0.0523394 	-0.103472 	-1.88339 	0.301299 	0.608551 	0.109726 	
4.345	0.0523245 	-0.103469 	-1.88335 	0.301293 	0.608505 	0.109726 	
4.35	0.0523125 	-0.103466 	-1.88332 	0.301288 	0.608468 	0.109726 	
4.355	0.0522999 	-0.103464 	-1.88328 	0.301283 	0.608429 	0.109726 	
4.36	0.0521946 	-0.103252 	-1.88315 	0.301145 	0.607052 	0.11048 	
4.365	0.0521826 	-0.10325 	-1.88312 	0.30114 	0.607016 	0.11048 	
4.37	0.0521711 	-0.103248 	-1.88308 	0.301136 	0.60698 	0.11048 	
4.375	0.05216 	-0.103245 	-1.88305 	0.301131 	0.606946 	0.11048 	
4.38	0.0521493 	-0.103243 	-1.88302 	0.301127 	0.606913 	0.11048 	
4.385	0.0521399 	-0.103242 	-1.883 	0.301123 	0.606881 	0.110479 	
4.39	0.0521302 	-0.10324 	-1.88297 	0.301119 	0.606851 	0.110478 	
4.395	0.0521208 	-0.103238 	-1.88294 	0.301115 	0.606822 	0.110479 	
4.4	0.0521119 	-0.103236 	-1.88292 	0.301111 	0.606795 	0.110479 	
4.405	0.0521033 	-0.103234 	-1.8829 	0.301108 	0.606768 	0.110479 	
4.41	0.0520952 	-0.103232 	-1.88287 	0.301105 	0.606743 	0.110479 	
4.415	0.0520876 	-0.103231 	-1.88285 	0.301102 	0.60672 	0.110479 	
4.42	0.0520804 	-0.103229 	-1.88283 	0.301099 	0.606698 	0.110479 	
4.425	0.0520736 	-0.103228 	-1.88281 	0.301096 	0.606677 	0.110479 	
4.43	0.0520672 	-0.103227 	-1.8828 	0.301093 	0.606657 	0.110479 	
4.435	0.0520613 	-0.103225 	-1.88278 	0.301091 	0.606639 	0.110479 	
4.44	0.0520558 	-0.103224 	-1.88277 	0.301089 	0.606622 	0.110479 	
4.445	0.0520507 	-0.103223 	-1.88275 	0.301087 	0.606606 	0.110479 	
4.45	0.0520461 	-0.103222 	-1.88274 	0.301085 	0.606592 	0.110479 	
4.455	0.0520419 	-0.103221 	-1.88273 	0.301083 	0.606579 	0.110479 	
4.46	0.0520381 	-0.103221 	-1.88272 	0.301082 	0.606568 	0.110479 	
4.465	0.0520348 	-0.10322 	-1.88271 	0.30108 	0.606557 	0.110479 	
4.47	0.0520319 	-0.103219 	-1.8827 	0.301079 	0.606549 	0.110479 	
4.475	0.0520295 	-0.103219 	-1.88269 	0.301078 	0.606541 	0.110479 	
4.48	0.0520275 	-0.103218 	-1.88269 	0.301077 	0.606535 	0.110479 	
4.485	0.0520259 	-0.103218 	-1.88268 	0.301077 	0.60653 	0.110479 	
4.49	0.0520259 	-0.103218 	-1.88268 	0.301077 	0.60653 	0.110479 	
4.495	0.0520242 	-0.103218 	-1.88268 	0.301076 	0.606525 	0.110479 	
4.5	0.0520242 	-0.103218 	-1.88268 	0.301076 	0.606525 	0.110479 	
4.505	0.0520312 	-0.103225 	-1.88267 	0.301074 	0.606522 	0.11047 	
