0	2.05655 	-0.0914889 	-1.56947 	0.000292463 	-0.0992283 	0.00438911 	
0.005	2.05655 	-0.0914906 	-1.56947 	0.000292374 	-0.0992282 	0.00438906 	
0.01	2.05655 	-0.091492 	-1.56947 	0.000292298 	-0.0992282 	0.00438902 	
0.015	2.05644 	-0.0913637 	-1.56933 	0.000282105 	-0.0992152 	0.0044032 	
0.02	2.05644 	-0.0913648 	-1.56933 	0.00028204 	-0.0992152 	0.00440316 	
0.025	2.05644 	-0.0913659 	-1.56933 	0.000281979 	-0.0992152 	0.00440313 	
0.03	2.05644 	-0.0913669 	-1.56933 	0.000281921 	-0.0992152 	0.00440309 	
0.035	2.05644 	-0.0913677 	-1.56933 	0.000281867 	-0.0992153 	0.00440306 	
0.04	2.05644 	-0.0913684 	-1.56933 	0.000281815 	-0.0992154 	0.00440302 	
0.045	2.05644 	-0.091369 	-1.56932 	0.000281765 	-0.0992155 	0.00440299 	
0.05	2.05645 	-0.0913695 	-1.56932 	0.000281716 	-0.0992157 	0.00440295 	
0.055	2.05645 	-0.0913699 	-1.56931 	0.000281668 	-0.0992159 	0.00440291 	
0.06	2.05645 	-0.0913702 	-1.56931 	0.000281621 	-0.0992162 	0.00440287 	
0.065	2.05645 	-0.0913704 	-1.5693 	0.000281574 	-0.0992165 	0.00440283 	
0.07	2.05646 	-0.0913705 	-1.56929 	0.000281527 	-0.0992169 	0.00440278 	
0.075	2.05646 	-0.0913704 	-1.56928 	0.000281479 	-0.0992174 	0.00440273 	
0.08	2.0565 	-0.0914061 	-1.56931 	0.00028423 	-0.0992215 	0.00439874 	
0.085	2.0565 	-0.0914059 	-1.5693 	0.000284181 	-0.0992221 	0.00439868 	
0.09	2.05651 	-0.0914055 	-1.56929 	0.00028413 	-0.0992228 	0.00439862 	
0.095	2.05652 	-0.091405 	-1.56927 	0.000284078 	-0.0992235 	0.00439855 	
0.1	2.05653 	-0.0914044 	-1.56926 	0.000284024 	-0.0992244 	0.00439848 	
0.105	2.05654 	-0.0914037 	-1.56924 	0.000283968 	-0.0992253 	0.0043984 	
0.11	2.05655 	-0.0914029 	-1.56922 	0.00028391 	-0.0992263 	0.00439832 	
0.115	2.05656 	-0.0914019 	-1.5692 	0.000283849 	-0.0992274 	0.00439823 	
0.12	2.05657 	-0.0914009 	-1.56918 	0.000283787 	-0.0992285 	0.00439814 	
0.125	2.05659 	-0.0913997 	-1.56915 	0.000283721 	-0.0992298 	0.00439804 	
0.13	2.0566 	-0.0913985 	-1.56913 	0.000283653 	-0.0992311 	0.00439793 	
0.135	2.05662 	-0.0913971 	-1.5691 	0.000283583 	-0.0992325 	0.00439782 	
0.14	2.05663 	-0.0913956 	-1.56907 	0.000283509 	-0.099234 	0.0043977 	
0.145	2.05665 	-0.091394 	-1.56904 	0.000283432 	-0.0992356 	0.00439758 	
0.15	2.05684 	-0.0916089 	-1.56924 	0.00030027 	-0.099259 	0.0043737 	
0.155	2.05686 	-0.0916071 	-1.56921 	0.000300187 	-0.0992608 	0.00437356 	
0.16	2.05688 	-0.0916052 	-1.56917 	0.000300101 	-0.0992626 	0.00437342 	
0.165	2.0569 	-0.0916031 	-1.56913 	0.000300012 	-0.0992646 	0.00437327 	
0.17	2.05521 	-0.0901785 	-1.57158 	0.000367794 	-0.0992701 	0.00436475 	
0.175	2.05557 	-0.0902482 	-1.5717 	0.000364006 	-0.0992853 	0.00436358 	
0.18	2.05584 	-0.0903267 	-1.57174 	0.000359592 	-0.0992986 	0.00436194 	
0.185	2.056 	-0.0903911 	-1.5717 	0.00035584 	-0.0993082 	0.00436037 	
0.19	2.05616 	-0.0904505 	-1.57167 	0.000352351 	-0.0993173 	0.00435889 	
0.195	2.05631 	-0.0905052 	-1.57163 	0.000349107 	-0.0993261 	0.00435749 	
0.2	2.05645 	-0.0905556 	-1.57159 	0.000346088 	-0.0993345 	0.00435618 	
0.205	2.05658 	-0.090602 	-1.57155 	0.000343278 	-0.0993426 	0.00435495 	
0.21	2.05671 	-0.0906447 	-1.5715 	0.000340662 	-0.0993504 	0.00435378 	
0.215	2.05691 	-0.0907869 	-1.57156 	0.000346269 	-0.0993682 	0.00434136 	
0.22	2.05703 	-0.090823 	-1.57151 	0.000343998 	-0.0993755 	0.00434032 	
0.225	2.05714 	-0.090856 	-1.57146 	0.000341879 	-0.0993826 	0.00433932 	
0.23	2.05561 	-0.0895354 	-1.57377 	0.000404711 	-0.0993927 	0.00433079 	
0.235	2.05602 	-0.0896317 	-1.57387 	0.000399336 	-0.0994117 	0.00432892 	
0.24	2.05635 	-0.0897343 	-1.57388 	0.000393477 	-0.0994287 	0.00432664 	
0.245	2.05658 	-0.0898213 	-1.57383 	0.000388366 	-0.0994421 	0.00432446 	
0.25	2.0568 	-0.0899015 	-1.57378 	0.000383614 	-0.0994549 	0.00432241 	
0.255	2.057 	-0.0899755 	-1.57372 	0.000379196 	-0.099467 	0.00432048 	
0.26	2.0572 	-0.0900437 	-1.57366 	0.000375086 	-0.0994787 	0.00431867 	
0.265	2.05738 	-0.0901064 	-1.5736 	0.000371262 	-0.0994899 	0.00431697 	
0.27	2.05756 	-0.0901641 	-1.57354 	0.000367703 	-0.0995006 	0.00431536 	
0.275	2.05712 	-0.0894465 	-1.57262 	0.00030421 	-0.0994339 	0.00439862 	
0.28	2.05556 	-0.0880832 	-1.57504 	0.000369308 	-0.0994473 	0.00438969 	
0.285	2.05604 	-0.0882007 	-1.57514 	0.000362682 	-0.0994702 	0.00438731 	
0.29	2.05644 	-0.0883234 	-1.57514 	0.000355626 	-0.0994907 	0.0043845 	
0.295	2.05672 	-0.0884282 	-1.57508 	0.000349431 	-0.0995071 	0.00438182 	
0.3	2.05698 	-0.0885249 	-1.57501 	0.000343674 	-0.0995226 	0.0043793 	
0.305	2.05723 	-0.088614 	-1.57493 	0.000338321 	-0.0995375 	0.00437694 	
0.31	2.05747 	-0.0886961 	-1.57486 	0.000333343 	-0.0995517 	0.00437472 	
0.315	2.05769 	-0.0887717 	-1.57478 	0.000328711 	-0.0995654 	0.00437262 	
0.32	2.05627 	-0.0875073 	-1.57706 	0.000389165 	-0.0995817 	0.00436394 	
0.325	2.05678 	-0.0876401 	-1.57713 	0.000381594 	-0.0996067 	0.00436109 	
0.33	2.0572 	-0.0877765 	-1.57712 	0.000373692 	-0.0996293 	0.00435787 	
0.335	2.05752 	-0.0878944 	-1.57704 	0.00036669 	-0.0996479 	0.00435481 	
0.34	2.05782 	-0.0880032 	-1.57696 	0.000360182 	-0.0996656 	0.00435193 	
0.345	2.0581 	-0.0881035 	-1.57687 	0.000354132 	-0.0996826 	0.00434922 	
0.35	2.05874 	-0.0886642 	-1.5773 	0.000385059 	-0.0997456 	0.00429501 	
0.355	2.05899 	-0.0887492 	-1.57721 	0.000379826 	-0.0997611 	0.00429262 	
0.36	2.05742 	-0.0873544 	-1.57974 	0.000446829 	-0.0997796 	0.00428331 	
0.365	2.05801 	-0.0875041 	-1.57983 	0.000438286 	-0.0998083 	0.0042801 	
0.37	2.05849 	-0.0876568 	-1.57982 	0.000429407 	-0.0998339 	0.00427645 	
0.375	2.05884 	-0.0877886 	-1.57973 	0.000421557 	-0.0998548 	0.00427297 	
0.38	2.05918 	-0.08791 	-1.57963 	0.000414262 	-0.0998746 	0.0042697 	
0.385	2.05958 	-0.0881304 	-1.57966 	0.000415939 	-0.0999045 	0.00425465 	
0.39	2.05988 	-0.0882335 	-1.57955 	0.000409635 	-0.0999226 	0.00425176 	
0.395	2.05838 	-0.0868929 	-1.58202 	0.000474222 	-0.0999435 	0.0042426 	
0.4	2.059 	-0.0870564 	-1.58209 	0.000464826 	-0.0999741 	0.00423897 	
0.405	2.05952 	-0.0872218 	-1.58207 	0.000455165 	-0.100002 	0.00423493 	
0.41	2.0599 	-0.0873654 	-1.58197 	0.00044658 	-0.100025 	0.00423108 	
0.415	2.06027 	-0.0874978 	-1.58186 	0.000438603 	-0.100046 	0.00422747 	
0.42	2.06061 	-0.0876198 	-1.58175 	0.000431189 	-0.100067 	0.00422408 	
0.425	2.05928 	-0.0864012 	-1.58403 	0.000489986 	-0.10009 	0.00421529 	
0.43	2.0599 	-0.0865752 	-1.58408 	0.000479911 	-0.100122 	0.00421128 	
0.435	2.06043 	-0.0867497 	-1.58404 	0.000469665 	-0.100151 	0.00420692 	
0.44	2.06085 	-0.0869025 	-1.58393 	0.000460503 	-0.100175 	0.00420277 	
0.445	2.06124 	-0.0870434 	-1.58382 	0.000451991 	-0.100198 	0.00419887 	
0.45	2.06161 	-0.0871732 	-1.5837 	0.00044408 	-0.10022 	0.00419522 	
0.455	2.06021 	-0.0858983 	-1.5861 	0.00050593 	-0.100245 	0.00418633 	
0.46	2.06055 	-0.0856611 	-1.58568 	0.000462289 	-0.100237 	0.00422888 	
0.465	2.06112 	-0.0858463 	-1.58564 	0.000451392 	-0.100267 	0.0042242 	
0.47	2.06156 	-0.0860082 	-1.58552 	0.000441655 	-0.100293 	0.00421974 	
0.475	2.06197 	-0.0861575 	-1.5854 	0.000432609 	-0.100318 	0.00421556 	
0.48	2.06236 	-0.086295 	-1.58527 	0.000424204 	-0.100342 	0.00421164 	
0.485	2.06087 	-0.0849502 	-1.58782 	0.000489899 	-0.100368 	0.00420269 	
0.49	2.0616 	-0.0851471 	-1.58788 	0.000478458 	-0.100404 	0.00419809 	
0.495	2.0622 	-0.0853438 	-1.58784 	0.000466857 	-0.100437 	0.00419307 	
0.5	2.06267 	-0.0855155 	-1.58771 	0.000456503 	-0.100464 	0.00418828 	
0.505	2.06319 	-0.0857854 	-1.5877 	0.000455579 	-0.100502 	0.00417139 	
0.51	2.06194 	-0.0846218 	-1.58996 	0.000512434 	-0.10053 	0.00416289 	
0.515	2.06265 	-0.0848272 	-1.58998 	0.000500415 	-0.100566 	0.00415789 	
0.52	2.06325 	-0.0850307 	-1.58992 	0.000488351 	-0.1006 	0.00415257 	
0.525	2.06374 	-0.0852102 	-1.58978 	0.00047751 	-0.100628 	0.00414751 	
0.53	2.0642 	-0.0853756 	-1.58964 	0.000467441 	-0.100656 	0.00414277 	
0.535	2.06292 	-0.0841892 	-1.59196 	0.000525726 	-0.100685 	0.00413434 	
0.54	2.06366 	-0.0844028 	-1.59199 	0.000513191 	-0.100723 	0.00412909 	
0.545	2.06429 	-0.0846144 	-1.59192 	0.000500624 	-0.100758 	0.0041235 	
0.55	2.06511 	-0.0852001 	-1.59222 	0.00052043 	-0.100828 	0.00407368 	
0.555	2.06559 	-0.0853719 	-1.59208 	0.000509944 	-0.100856 	0.0040687 	
0.56	2.06425 	-0.0841448 	-1.59449 	0.000570574 	-0.100887 	0.0040603 	
0.565	2.06503 	-0.0843673 	-1.59452 	0.000557494 	-0.100927 	0.00405479 	
0.57	2.06569 	-0.0845875 	-1.59445 	0.000544389 	-0.100963 	0.00404891 	
0.575	2.06622 	-0.0847813 	-1.5943 	0.000532623 	-0.100994 	0.00404332 	
0.58	2.06671 	-0.0849599 	-1.59415 	0.000521696 	-0.101024 	0.00403808 	
0.585	2.06547 	-0.0838815 	-1.59687 	0.000599401 	-0.101074 	0.0040087 	
0.59	2.06628 	-0.0841133 	-1.5969 	0.000585751 	-0.101116 	0.00400293 	
0.595	2.06697 	-0.0843425 	-1.59683 	0.000572084 	-0.101154 	0.00399675 	
0.6	2.06752 	-0.0845441 	-1.59668 	0.00055982 	-0.101186 	0.00399087 	
0.605	2.06803 	-0.0847299 	-1.59652 	0.000548433 	-0.101217 	0.00398535 	
0.61	2.06659 	-0.0834249 	-1.59912 	0.000613759 	-0.101249 	0.0039772 	
0.615	2.06744 	-0.0836663 	-1.59916 	0.000599523 	-0.101293 	0.00397115 	
0.62	2.06816 	-0.0839046 	-1.59908 	0.000585278 	-0.101332 	0.00396466 	
0.625	2.06872 	-0.0841142 	-1.59892 	0.000572504 	-0.101365 	0.00395847 	
0.63	2.06925 	-0.0843073 	-1.59875 	0.000560644 	-0.101397 	0.00395267 	
0.635	2.06776 	-0.0829669 	-1.60144 	0.000628218 	-0.101431 	0.00394473 	
0.64	2.06865 	-0.083218 	-1.60149 	0.000613387 	-0.101476 	0.00393839 	
0.645	2.06882 	-0.0827251 	-1.60058 	0.000540981 	-0.101443 	0.00401459 	
0.65	2.0694 	-0.0829427 	-1.60041 	0.000527689 	-0.101477 	0.00400809 	
0.655	2.06826 	-0.0818693 	-1.60265 	0.000581778 	-0.101513 	0.0040004 	
0.66	2.0691 	-0.0821263 	-1.60264 	0.000566479 	-0.101558 	0.0039936 	
0.665	2.06983 	-0.082378 	-1.60254 	0.00055134 	-0.101598 	0.0039865 	
0.67	2.07043 	-0.0826014 	-1.60236 	0.000537665 	-0.101633 	0.00397977 	
0.675	2.06929 	-0.081536 	-1.6046 	0.000591644 	-0.10167 	0.00397227 	
0.68	2.07015 	-0.0817984 	-1.60459 	0.000575989 	-0.101715 	0.00396526 	
0.685	2.07089 	-0.0820551 	-1.60448 	0.000560512 	-0.101757 	0.00395795 	
0.69	2.07151 	-0.0822831 	-1.60431 	0.000546528 	-0.101793 	0.00395101 	
0.695	2.07044 	-0.0813146 	-1.60672 	0.000610481 	-0.101841 	0.003931 	
0.7	2.07132 	-0.0815828 	-1.60671 	0.000594456 	-0.101888 	0.00392378 	
0.705	2.07208 	-0.081845 	-1.6066 	0.000578615 	-0.10193 	0.00391624 	
0.71	2.0727 	-0.0820778 	-1.60642 	0.000564306 	-0.101967 	0.0039091 	
0.715	2.07152 	-0.0809789 	-1.60876 	0.00062072 	-0.102005 	0.00390205 	
0.72	2.07242 	-0.0812531 	-1.60875 	0.000604304 	-0.102052 	0.00389461 	
0.725	2.0732 	-0.0815211 	-1.60865 	0.000588079 	-0.102095 	0.00388685 	
0.73	2.07384 	-0.0817591 	-1.60846 	0.000573429 	-0.102133 	0.00387947 	
0.735	2.07262 	-0.0806442 	-1.61084 	0.000631061 	-0.102172 	0.00387268 	
0.74	2.07383 	-0.0812932 	-1.61125 	0.000642839 	-0.102257 	0.00382344 	
0.745	2.07463 	-0.0815673 	-1.61115 	0.000626217 	-0.102301 	0.00381543 	
0.75	2.07528 	-0.0818105 	-1.61096 	0.000611213 	-0.10234 	0.00380781 	
0.755	2.07404 	-0.0806809 	-1.61339 	0.000669988 	-0.102379 	0.00380127 	
0.76	2.07498 	-0.0809677 	-1.61339 	0.000652754 	-0.102429 	0.00379338 	
0.765	2.07579 	-0.0812479 	-1.61328 	0.000635727 	-0.102474 	0.00378512 	
0.77	2.07646 	-0.0814965 	-1.61308 	0.000620361 	-0.102513 	0.00377726 	
0.775	2.0752 	-0.0803537 	-1.61556 	0.000680259 	-0.102553 	0.00377102 	
0.78	2.07616 	-0.080647 	-1.61556 	0.000662607 	-0.102604 	0.00376289 	
0.785	2.07668 	-0.0805352 	-1.615 	0.000614299 	-0.10261 	0.00379942 	
0.79	2.07735 	-0.0807892 	-1.6148 	0.000598567 	-0.102649 	0.00379132 	
0.795	2.07607 	-0.0796348 	-1.61733 	0.000659575 	-0.102691 	0.00378545 	
0.8	2.07705 	-0.0799344 	-1.61733 	0.000641502 	-0.102742 	0.00377707 	
0.805	2.0779 	-0.0802271 	-1.61721 	0.000623654 	-0.102789 	0.00376829 	
0.81	2.07858 	-0.0804865 	-1.61701 	0.000607554 	-0.102829 	0.00375994 	
0.815	2.07727 	-0.0793214 	-1.61958 	0.0006696 	-0.102871 	0.00375442 	
0.82	2.07864 	-0.080096 	-1.62011 	0.000687395 	-0.10297 	0.00369265 	
0.825	2.0795 	-0.0803948 	-1.62 	0.000669136 	-0.103018 	0.00368361 	
0.83	2.0802 	-0.0806596 	-1.61978 	0.000652669 	-0.103059 	0.003675 	
0.835	2.07886 	-0.0794849 	-1.6224 	0.000715673 	-0.103101 	0.00366982 	
0.84	2.07988 	-0.0797973 	-1.6224 	0.000696762 	-0.103155 	0.00366095 	
0.845	2.08076 	-0.0801021 	-1.62228 	0.000678094 	-0.103203 	0.00365164 	
0.85	2.08147 	-0.0803723 	-1.62207 	0.000661261 	-0.103245 	0.00364277 	
0.855	2.08011 	-0.0791894 	-1.62472 	0.00072522 	-0.103288 	0.003638 	
0.86	2.08115 	-0.079508 	-1.62473 	0.000705894 	-0.103342 	0.00362889 	
0.865	2.08148 	-0.0790998 	-1.62379 	0.000631183 	-0.10332 	0.00370111 	
0.87	2.0822 	-0.0793752 	-1.62357 	0.000613988 	-0.103362 	0.00369199 	
0.875	2.08082 	-0.0781857 	-1.62626 	0.000678919 	-0.103406 	0.00368772 	
0.88	2.08188 	-0.0785105 	-1.62627 	0.000659182 	-0.103461 	0.00367837 	
0.885	2.08278 	-0.0788272 	-1.62615 	0.000639709 	-0.103511 	0.00366852 	
0.89	2.08351 	-0.0791078 	-1.62592 	0.000622156 	-0.103553 	0.00365913 	
0.895	2.08212 	-0.0779125 	-1.62865 	0.000687959 	-0.103598 	0.00365533 	
0.9	2.08319 	-0.0782432 	-1.62866 	0.000667819 	-0.103654 	0.00364572 	
0.905	2.08411 	-0.0785657 	-1.62854 	0.00064795 	-0.103704 	0.0036356 	
0.91	2.08484 	-0.0788513 	-1.62831 	0.000630044 	-0.103748 	0.00362596 	
0.915	2.08392 	-0.0782927 	-1.6318 	0.000746216 	-0.103857 	0.00354938 	
0.92	2.08501 	-0.0786292 	-1.63181 	0.000725677 	-0.103914 	0.00353953 	
0.925	2.08594 	-0.0789574 	-1.63169 	0.00070542 	-0.103965 	0.00352914 	
0.93	2.08669 	-0.0792479 	-1.63145 	0.000687165 	-0.104009 	0.00351924 	
0.935	2.08525 	-0.0780442 	-1.63425 	0.000754537 	-0.104054 	0.00351637 	
0.94	2.08635 	-0.0783864 	-1.63426 	0.000733607 	-0.104112 	0.00350627 	
0.945	2.08729 	-0.0787201 	-1.63414 	0.000712967 	-0.104164 	0.00349562 	
0.95	2.08805 	-0.0790154 	-1.6339 	0.00069437 	-0.104208 	0.00348546 	
0.955	2.08659 	-0.0778093 	-1.63673 	0.00076249 	-0.104254 	0.00348312 	
0.96	2.08778 	-0.0782373 	-1.63683 	0.00074736 	-0.10432 	0.0034636 	
0.965	2.08873 	-0.0785762 	-1.6367 	0.000726346 	-0.104373 	0.00345268 	
0.97	2.08778 	-0.0777268 	-1.63886 	0.000774278 	-0.10442 	0.00344832 	
0.975	2.08881 	-0.0780777 	-1.63879 	0.000752617 	-0.104476 	0.00343734 	
0.98	2.08973 	-0.0784167 	-1.63862 	0.000731499 	-0.104527 	0.00342614 	
0.985	2.0905 	-0.0787202 	-1.63838 	0.000712322 	-0.104572 	0.00341556 	
0.99	2.08907 	-0.0775457 	-1.6412 	0.000779699 	-0.104619 	0.00341401 	
0.995	2.0902 	-0.0779003 	-1.6412 	0.000757871 	-0.104678 	0.00340329 	
1	2.09116 	-0.0782456 	-1.64107 	0.000736369 	-0.104731 	0.00339198 	
1.005	2.0902 	-0.0773999 	-1.64326 	0.00078495 	-0.104779 	0.00338834 	
1.01	2.09125 	-0.0777577 	-1.64319 	0.000762773 	-0.104835 	0.00337698 	
1.015	2.09218 	-0.0781033 	-1.64302 	0.000741152 	-0.104887 	0.0033654 	
1.02	2.09073 	-0.0765982 	-1.64436 	0.000734935 	-0.104866 	0.00344148 	
1.025	2.09178 	-0.0769577 	-1.64429 	0.000712603 	-0.104923 	0.00342997 	
1.03	2.09271 	-0.0773047 	-1.64412 	0.000690852 	-0.104975 	0.00341825 	
1.035	2.09179 	-0.0764952 	-1.64626 	0.000738111 	-0.105023 	0.0034151 	
1.04	2.09285 	-0.0768564 	-1.64619 	0.000715628 	-0.10508 	0.00340347 	
1.045	2.09378 	-0.077205 	-1.64602 	0.00069373 	-0.105132 	0.00339163 	
1.05	2.09285 	-0.076397 	-1.64818 	0.000741296 	-0.105181 	0.00338884 	
1.055	2.09392 	-0.0767601 	-1.64811 	0.000718649 	-0.105238 	0.00337708 	
1.06	2.09486 	-0.0771107 	-1.64794 	0.000696589 	-0.105291 	0.0033651 	
1.065	2.09392 	-0.0763045 	-1.65011 	0.000744444 	-0.10534 	0.00336268 	
1.07	2.09499 	-0.0766698 	-1.65004 	0.000721622 	-0.105397 	0.00335078 	
1.075	2.09634 	-0.0775485 	-1.65048 	0.000739825 	-0.105502 	0.00327793 	
1.08	2.0954 	-0.0767445 	-1.65266 	0.000787902 	-0.105551 	0.00327582 	
1.085	2.09647 	-0.0771121 	-1.65259 	0.000764897 	-0.105609 	0.00326378 	
1.09	2.09742 	-0.0774669 	-1.65242 	0.000742486 	-0.105662 	0.00325152 	
1.095	2.09647 	-0.076666 	-1.65462 	0.000790793 	-0.105711 	0.00324976 	
1.1	2.09755 	-0.0770359 	-1.65454 	0.000767601 	-0.105769 	0.00323758 	
1.105	2.09879 	-0.0777658 	-1.65481 	0.00077364 	-0.105859 	0.00318202 	
1.11	2.09784 	-0.0769684 	-1.65701 	0.000822124 	-0.105908 	0.0031806 	
1.115	2.09892 	-0.0773406 	-1.65694 	0.000798742 	-0.105966 	0.00316827 	
1.12	2.09988 	-0.0777 	-1.65677 	0.000775962 	-0.10602 	0.0031557 	
1.125	2.09892 	-0.0769066 	-1.65898 	0.000824623 	-0.106069 	0.00315464 	
1.13	2.10001 	-0.0772812 	-1.65891 	0.000801051 	-0.106127 	0.00314216 	
1.135	2.10097 	-0.0776428 	-1.65874 	0.000778085 	-0.106181 	0.00312944 	
1.14	2.10001 	-0.076854 	-1.66096 	0.000826901 	-0.10623 	0.00312874 	
1.145	2.1011 	-0.0772309 	-1.66089 	0.000803139 	-0.106289 	0.00311611 	
1.15	2.10206 	-0.0775948 	-1.66072 	0.000779989 	-0.106342 	0.00310323 	
1.155	2.10109 	-0.0768109 	-1.66295 	0.000828936 	-0.106392 	0.0031029 	
1.16	2.10198 	-0.0769121 	-1.66255 	0.000783683 	-0.106423 	0.00312243 	
1.165	2.10295 	-0.0772782 	-1.66238 	0.000760351 	-0.106476 	0.00310939 	
1.17	2.10197 	-0.0764998 	-1.66461 	0.000809429 	-0.106526 	0.00310945 	
1.175	2.10307 	-0.0768813 	-1.66454 	0.000785295 	-0.106585 	0.00309653 	
1.18	2.10404 	-0.0772495 	-1.66437 	0.000761784 	-0.106639 	0.00308334 	
1.185	2.10306 	-0.076477 	-1.66661 	0.000810951 	-0.106689 	0.00308377 	
1.19	2.10416 	-0.0768606 	-1.66654 	0.000786637 	-0.106748 	0.0030707 	
1.195	2.10514 	-0.0772308 	-1.66637 	0.000762951 	-0.106801 	0.00305737 	
1.2	2.10415 	-0.0764645 	-1.66861 	0.000812188 	-0.106851 	0.00305816 	
1.205	2.10526 	-0.0768501 	-1.66853 	0.000787698 	-0.10691 	0.00304495 	
1.21	2.10623 	-0.0772224 	-1.66836 	0.000763842 	-0.106964 	0.00303147 	
1.215	2.10525 	-0.0764626 	-1.67061 	0.000813128 	-0.107014 	0.00303264 	
1.22	2.10635 	-0.0768502 	-1.67053 	0.000788469 	-0.107073 	0.00301929 	
1.225	2.10733 	-0.0772243 	-1.67036 	0.000764448 	-0.107127 	0.00300567 	
1.23	2.10634 	-0.0764714 	-1.67261 	0.000813764 	-0.107177 	0.00300722 	
1.235	2.10746 	-0.0768769 	-1.67255 	0.000790158 	-0.107238 	0.00299187 	
1.24	2.10844 	-0.0772528 	-1.67238 	0.000765979 	-0.107292 	0.0029781 	
1.245	2.10745 	-0.0765071 	-1.67463 	0.000815304 	-0.107342 	0.00298002 	
1.25	2.10855 	-0.0768983 	-1.67456 	0.000790323 	-0.107401 	0.0029664 	
1.255	2.10953 	-0.0772759 	-1.67438 	0.000765991 	-0.107455 	0.0029525 	
1.26	2.10854 	-0.0765377 	-1.67663 	0.000815307 	-0.107505 	0.0029548 	
1.265	2.10925 	-0.0764116 	-1.67595 	0.000750589 	-0.107512 	0.00300175 	
1.27	2.11023 	-0.0767908 	-1.67578 	0.000726111 	-0.107566 	0.00298772 	
1.275	2.10923 	-0.0760606 	-1.67802 	0.000775437 	-0.107616 	0.00299043 	
1.28	2.11034 	-0.076455 	-1.67795 	0.000750162 	-0.107675 	0.00297655 	
1.285	2.11132 	-0.0768356 	-1.67778 	0.000725545 	-0.107729 	0.00296239 	
1.29	2.11033 	-0.0761135 	-1.68002 	0.000774826 	-0.107779 	0.00296548 	
1.295	2.11178 	-0.0769588 	-1.68048 	0.00078366 	-0.107883 	0.00289882 	
1.3	2.11276 	-0.0773408 	-1.6803 	0.000758911 	-0.107937 	0.00288453 	
1.305	2.11176 	-0.0766269 	-1.68255 	0.000808094 	-0.107987 	0.00288797 	
1.31	2.11286 	-0.077024 	-1.68247 	0.000782555 	-0.108046 	0.00287385 	
1.315	2.11384 	-0.0774071 	-1.6823 	0.000757681 	-0.1081 	0.00285945 	
1.32	2.11284 	-0.0767019 	-1.68454 	0.000806781 	-0.10815 	0.00286327 	
1.325	2.11395 	-0.0771002 	-1.68447 	0.000781122 	-0.108209 	0.00284904 	
1.33	2.11493 	-0.0774844 	-1.68429 	0.000756132 	-0.108262 	0.00283452 	
1.335	2.11393 	-0.0767881 	-1.68653 	0.000805131 	-0.108312 	0.00283871 	
1.34	2.11503 	-0.0771873 	-1.68645 	0.000779359 	-0.108371 	0.00282437 	
1.345	2.11601 	-0.0775725 	-1.68628 	0.000754261 	-0.108425 	0.00280975 	
1.35	2.11501 	-0.0768853 	-1.68851 	0.000803139 	-0.108474 	0.00281431 	
1.355	2.11611 	-0.0772854 	-1.68844 	0.000777264 	-0.108533 	0.00279987 	
1.36	2.11672 	-0.0771945 	-1.6877 	0.000715824 	-0.108539 	0.00284124 	
1.365	2.11572 	-0.0765167 	-1.68993 	0.000764599 	-0.108588 	0.0028462 	
1.37	2.11682 	-0.0769176 	-1.68985 	0.000738629 	-0.108647 	0.00283167 	
1.375	2.11779 	-0.0773043 	-1.68968 	0.000713338 	-0.1087 	0.00281684 	
1.38	2.1168 	-0.0766361 	-1.6919 	0.000761957 	-0.10875 	0.00282217 	
1.385	2.11789 	-0.0770376 	-1.69182 	0.000735901 	-0.108808 	0.00280755 	
1.39	2.11886 	-0.0774249 	-1.69165 	0.000710527 	-0.108861 	0.00279263 	
1.395	2.11787 	-0.0767665 	-1.69386 	0.000758972 	-0.10891 	0.00279833 	
1.4	2.11896 	-0.0771684 	-1.69379 	0.000732838 	-0.108968 	0.00278361 	
1.405	2.11992 	-0.0775561 	-1.69361 	0.000707389 	-0.109021 	0.00276861 	
1.41	2.11893 	-0.0769076 	-1.69582 	0.000755642 	-0.10907 	0.00277467 	
1.415	2.12015 	-0.0774865 	-1.69595 	0.000742821 	-0.109146 	0.00273903 	
1.42	2.12112 	-0.0778744 	-1.69577 	0.000717307 	-0.109199 	0.00272396 	
1.425	2.12012 	-0.0772361 	-1.69797 	0.000765337 	-0.109248 	0.00273035 	
1.43	2.12121 	-0.0776385 	-1.6979 	0.000739076 	-0.109305 	0.00271548 	
1.435	2.12217 	-0.0780266 	-1.69772 	0.000713506 	-0.109358 	0.00270033 	
1.44	2.12118 	-0.0773985 	-1.69991 	0.000761308 	-0.109406 	0.00270708 	
1.445	2.12226 	-0.0778009 	-1.69983 	0.000734998 	-0.109464 	0.00269214 	
1.45	2.12321 	-0.0781891 	-1.69965 	0.00070938 	-0.109516 	0.00267692 	
1.455	2.12223 	-0.0775715 	-1.70184 	0.000756937 	-0.109564 	0.00268401 	
1.46	2.1233 	-0.0779737 	-1.70176 	0.000730588 	-0.109622 	0.002669 	
1.465	2.12425 	-0.0783618 	-1.70158 	0.000704933 	-0.109674 	0.00265372 	
1.47	2.12327 	-0.0777547 	-1.70375 	0.000752226 	-0.109722 	0.00266115 	
1.475	2.12434 	-0.0781567 	-1.70367 	0.000725848 	-0.109779 	0.00264609 	
1.48	2.12529 	-0.0785445 	-1.70349 	0.000700164 	-0.10983 	0.00263076 	
1.485	2.12458 	-0.0783053 	-1.70608 	0.000774139 	-0.109914 	0.00259621 	
1.49	2.12564 	-0.0787069 	-1.70599 	0.000747741 	-0.10997 	0.0025811 	
1.495	2.12658 	-0.0790942 	-1.70582 	0.000722039 	-0.110022 	0.00256572 	
1.5	2.1256 	-0.0785086 	-1.70796 	0.000768729 	-0.11007 	0.00257378 	
1.505	2.12666 	-0.0789096 	-1.70788 	0.000742322 	-0.110126 	0.00255863 	
1.51	2.1276 	-0.0792964 	-1.70771 	0.000716611 	-0.110177 	0.00254321 	
1.515	2.12663 	-0.0787218 	-1.70984 	0.000762986 	-0.110224 	0.00255158 	
1.52	2.1274 	-0.0787586 	-1.70933 	0.000709176 	-0.110243 	0.0025795 	
1.525	2.12833 	-0.0791447 	-1.70915 	0.000683467 	-0.110294 	0.00256405 	
1.53	2.12737 	-0.0785812 	-1.71127 	0.000729535 	-0.110341 	0.00257275 	
1.535	2.12841 	-0.0789806 	-1.71119 	0.00070314 	-0.110397 	0.00255753 	
1.54	2.12934 	-0.0793658 	-1.71101 	0.000677442 	-0.110447 	0.00254205 	
1.545	2.13012 	-0.0797103 	-1.71076 	0.00065413 	-0.110492 	0.00252747 	
1.55	2.12861 	-0.0788638 	-1.71357 	0.00072219 	-0.110537 	0.00254467 	
1.555	2.12973 	-0.0792631 	-1.71358 	0.000695912 	-0.110596 	0.00253011 	
1.56	2.13087 	-0.0798857 	-1.71371 	0.000687603 	-0.110671 	0.00248692 	
1.565	2.12986 	-0.0793221 	-1.71587 	0.000734866 	-0.110717 	0.00249695 	
1.57	2.13089 	-0.0797223 	-1.71579 	0.000708331 	-0.110772 	0.00248159 	
1.575	2.13181 	-0.0801085 	-1.71561 	0.000682474 	-0.110822 	0.00246594 	
1.58	2.13259 	-0.0804537 	-1.71535 	0.000659028 	-0.110865 	0.0024512 	
1.585	2.13109 	-0.0796422 	-1.71812 	0.000725925 	-0.11091 	0.00246917 	
1.59	2.13219 	-0.0800412 	-1.71812 	0.000699571 	-0.110968 	0.00245446 	
1.595	2.13314 	-0.0804296 	-1.71798 	0.00067359 	-0.111018 	0.00243891 	
1.6	2.13214 	-0.0798953 	-1.72009 	0.000719758 	-0.111064 	0.00244948 	
1.605	2.13324 	-0.0804009 	-1.72013 	0.000701208 	-0.111128 	0.00242131 	
1.61	2.13414 	-0.0807859 	-1.71996 	0.000675338 	-0.111177 	0.00240557 	
1.615	2.1349 	-0.08113 	-1.7197 	0.000651877 	-0.11122 	0.00239075 	
1.62	2.13343 	-0.0803561 	-1.72241 	0.000717335 	-0.111264 	0.00240939 	
1.625	2.13451 	-0.0807525 	-1.72241 	0.000691037 	-0.11132 	0.0023946 	
1.63	2.13543 	-0.0811386 	-1.72226 	0.000665117 	-0.11137 	0.00237901 	
1.635	2.13619 	-0.0814804 	-1.72201 	0.000641758 	-0.111412 	0.00236421 	
1.64	2.13469 	-0.0807039 	-1.72475 	0.000708271 	-0.111456 	0.00238393 	
1.645	2.13576 	-0.0810999 	-1.72474 	0.000681963 	-0.111512 	0.00236913 	
1.65	2.13668 	-0.0814857 	-1.7246 	0.000656011 	-0.111561 	0.0023535 	
1.655	2.13742 	-0.0818272 	-1.72435 	0.000632634 	-0.111603 	0.00233864 	
1.66	2.13593 	-0.0810713 	-1.72705 	0.000698349 	-0.111646 	0.00235872 	
1.665	2.13699 	-0.0814662 	-1.72705 	0.000672063 	-0.111701 	0.00234387 	
1.67	2.1379 	-0.0818508 	-1.7269 	0.000646135 	-0.11175 	0.0023282 	
1.675	2.13867 	-0.0822436 	-1.72671 	0.000626686 	-0.111796 	0.00230709 	
1.68	2.1372 	-0.0815104 	-1.72938 	0.0006914 	-0.111839 	0.00232743 	
1.685	2.13825 	-0.0819033 	-1.72937 	0.000665186 	-0.111893 	0.00231256 	
1.69	2.13914 	-0.082286 	-1.72923 	0.000639334 	-0.111941 	0.00229689 	
1.695	2.13987 	-0.082625 	-1.72898 	0.000616039 	-0.111982 	0.00228203 	
1.7	2.13842 	-0.0819142 	-1.7316 	0.000679718 	-0.112024 	0.0023026 	
1.705	2.13945 	-0.0823045 	-1.73159 	0.000653622 	-0.112077 	0.00228774 	
1.71	2.1402 	-0.0825155 	-1.73124 	0.000615242 	-0.112108 	0.00229234 	
1.715	2.14092 	-0.0828523 	-1.73099 	0.000592049 	-0.112148 	0.00227752 	
1.72	2.13949 	-0.0821638 	-1.73358 	0.000654683 	-0.112189 	0.00229832 	
1.725	2.1405 	-0.0825509 	-1.73356 	0.000628744 	-0.112242 	0.00228349 	
1.73	2.14137 	-0.0829281 	-1.73342 	0.000603168 	-0.112288 	0.00226792 	
1.735	2.14208 	-0.0832622 	-1.73317 	0.000580111 	-0.112328 	0.00225316 	
1.74	2.14067 	-0.0825958 	-1.73571 	0.000641659 	-0.112369 	0.00227414 	
1.745	2.14166 	-0.0829793 	-1.73569 	0.000615911 	-0.11242 	0.00225938 	
1.75	2.14252 	-0.0833528 	-1.73555 	0.000590524 	-0.112466 	0.00224389 	
1.755	2.14322 	-0.0836839 	-1.73531 	0.000567635 	-0.112505 	0.00222922 	
1.76	2.14184 	-0.0830394 	-1.7378 	0.000628064 	-0.112545 	0.00225035 	
1.765	2.14281 	-0.0834187 	-1.73778 	0.000602539 	-0.112596 	0.00223566 	
1.77	2.14388 	-0.0840999 	-1.73801 	0.000600592 	-0.112672 	0.00218295 	
1.775	2.14457 	-0.0844276 	-1.73777 	0.000577897 	-0.11271 	0.00216839 	
1.78	2.14321 	-0.0838047 	-1.74022 	0.000637151 	-0.112749 	0.00218962 	
1.785	2.14416 	-0.0841794 	-1.74019 	0.000611877 	-0.112799 	0.00217503 	
1.79	2.14498 	-0.0845447 	-1.74005 	0.000586957 	-0.112843 	0.00215977 	
1.795	2.14566 	-0.0848686 	-1.73982 	0.000564482 	-0.112881 	0.00214534 	
1.8	2.14433 	-0.0842672 	-1.74222 	0.000622551 	-0.11292 	0.00216664 	
1.805	2.14526 	-0.0846371 	-1.74219 	0.000597555 	-0.112968 	0.00215217 	
1.81	2.14607 	-0.0849976 	-1.74205 	0.000572909 	-0.113012 	0.00213705 	
1.815	2.14674 	-0.0853174 	-1.74182 	0.000550678 	-0.113049 	0.00212277 	
1.82	2.14544 	-0.0847375 	-1.74417 	0.000607527 	-0.113087 	0.00214411 	
1.825	2.14604 	-0.0846963 	-1.74365 	0.000552677 	-0.113093 	0.00217847 	
1.83	2.14684 	-0.0850518 	-1.74352 	0.00052833 	-0.113136 	0.00216351 	
1.835	2.14749 	-0.0853672 	-1.74329 	0.000506364 	-0.113172 	0.00214939 	
1.84	2.14622 	-0.0848085 	-1.74559 	0.000561987 	-0.113209 	0.00217075 	
1.845	2.14711 	-0.0851676 	-1.74555 	0.000537622 	-0.113256 	0.00215656 	
1.85	2.14788 	-0.0855177 	-1.74542 	0.000513598 	-0.113298 	0.00214178 	
1.855	2.14853 	-0.0858285 	-1.7452 	0.00049192 	-0.113333 	0.00212783 	
1.86	2.14728 	-0.0852908 	-1.74744 	0.000546251 	-0.11337 	0.00214914 	
1.865	2.14834 	-0.0859049 	-1.74772 	0.000541589 	-0.113441 	0.00210377 	
1.87	2.1491 	-0.0862493 	-1.74759 	0.000517911 	-0.113482 	0.00208918 	
1.875	2.14973 	-0.0865552 	-1.74737 	0.00049654 	-0.113517 	0.00207543 	
1.88	2.14851 	-0.0860384 	-1.74956 	0.000549526 	-0.113552 	0.00209663 	
1.885	2.14936 	-0.0863854 	-1.74952 	0.000525886 	-0.113596 	0.00208279 	
1.89	2.1501 	-0.0867238 	-1.74939 	0.000502576 	-0.113636 	0.00206841 	
1.895	2.15072 	-0.0870245 	-1.74918 	0.000481534 	-0.11367 	0.00205487 	
1.9	2.14953 	-0.0865284 	-1.75132 	0.000533159 	-0.113705 	0.00207593 	
1.905	2.15036 	-0.0868689 	-1.75128 	0.000509914 	-0.113748 	0.00206228 	
1.91	2.15108 	-0.0872011 	-1.75115 	0.000486995 	-0.113787 	0.00204812 	
1.915	2.15169 	-0.0874964 	-1.75094 	0.000466301 	-0.113821 	0.0020348 	
1.92	2.15207 	-0.0875151 	-1.75043 	0.000428561 	-0.113827 	0.00205273 	
1.925	2.15051 	-0.0868535 	-1.75302 	0.000495552 	-0.11386 	0.00208197 	
1.93	2.15137 	-0.0871872 	-1.75304 	0.000472871 	-0.113904 	0.00206911 	
1.935	2.1521 	-0.0875158 	-1.75294 	0.000450229 	-0.113943 	0.00205529 	
1.94	2.15269 	-0.0878052 	-1.75273 	0.000429908 	-0.113976 	0.00204218 	
1.945	2.15324 	-0.0880705 	-1.75253 	0.000411169 	-0.114006 	0.00203001 	
1.95	2.15169 	-0.087426 	-1.75507 	0.000477351 	-0.114038 	0.00205951 	
1.955	2.15253 	-0.0877539 	-1.7551 	0.000455031 	-0.114081 	0.00204683 	
1.96	2.15319 	-0.088017 	-1.75492 	0.000428295 	-0.114113 	0.00204042 	
1.965	2.15377 	-0.0883016 	-1.75473 	0.000408283 	-0.114145 	0.00202751 	
1.97	2.1543 	-0.0885625 	-1.75452 	0.000389828 	-0.114174 	0.00201551 	
1.975	2.15281 	-0.0879522 	-1.75698 	0.000453569 	-0.114205 	0.00204443 	
1.98	2.15361 	-0.0882728 	-1.757 	0.000431689 	-0.114247 	0.00203192 	
1.985	2.1543 	-0.0885889 	-1.7569 	0.000409836 	-0.114283 	0.00201852 	
1.99	2.15486 	-0.0888676 	-1.7567 	0.000390213 	-0.114314 	0.00200585 	
1.995	2.15538 	-0.0891232 	-1.75651 	0.000372117 	-0.114343 	0.00199409 	
2	2.15395 	-0.0885475 	-1.75887 	0.000433233 	-0.114373 	0.00202229 	
2.005	2.15471 	-0.0888598 	-1.75888 	0.000411877 	-0.114413 	0.00201 	
2.01	2.15538 	-0.0891676 	-1.75878 	0.000390554 	-0.114448 	0.0019969 	
2.015	2.156 	-0.0895546 	-1.75873 	0.000379891 	-0.114489 	0.00197065 	
2.02	2.15651 	-0.0898037 	-1.75854 	0.000362223 	-0.114517 	0.00195916 	
2.025	2.15513 	-0.089262 	-1.76081 	0.000420663 	-0.114546 	0.00198657 	
2.03	2.15587 	-0.0895649 	-1.76081 	0.000399901 	-0.114584 	0.00197456 	
2.035	2.15651 	-0.0898636 	-1.76071 	0.000379174 	-0.114618 	0.0019618 	
2.04	2.15703 	-0.0901275 	-1.76053 	0.000360542 	-0.114646 	0.00194977 	
2.045	2.15751 	-0.0903696 	-1.76035 	0.000343359 	-0.114673 	0.00193861 	
2.05	2.15621 	-0.089861 	-1.76251 	0.000399094 	-0.114701 	0.00196516 	
2.055	2.15691 	-0.0901537 	-1.76251 	0.000378982 	-0.114737 	0.00195346 	
2.06	2.15752 	-0.0904425 	-1.76241 	0.000358908 	-0.11477 	0.00194108 	
2.065	2.15802 	-0.090698 	-1.76224 	0.000340852 	-0.114797 	0.00192943 	
2.07	2.15849 	-0.0909322 	-1.76207 	0.000324201 	-0.114823 	0.00191862 	
2.075	2.15859 	-0.090686 	-1.76134 	0.000274913 	-0.114802 	0.00196419 	
2.08	2.15703 	-0.0900728 	-1.76379 	0.000340976 	-0.114828 	0.00199683 	
2.085	2.15774 	-0.0903543 	-1.76382 	0.000321704 	-0.114864 	0.00198595 	
2.09	2.15834 	-0.0906346 	-1.76375 	0.000302242 	-0.114896 	0.00197407 	
2.095	2.15882 	-0.0908808 	-1.76359 	0.000284826 	-0.114922 	0.00196283 	
2.1	2.15927 	-0.0911065 	-1.76343 	0.000268763 	-0.114947 	0.00195239 	
2.105	2.15969 	-0.0913134 	-1.76326 	0.000253956 	-0.11497 	0.00194271 	
2.11	2.1582 	-0.0907361 	-1.76559 	0.000317071 	-0.114995 	0.00197439 	
2.115	2.15887 	-0.0910065 	-1.76563 	0.000298521 	-0.115029 	0.00196385 	
2.12	2.15944 	-0.091276 	-1.76556 	0.00027978 	-0.115059 	0.00195239 	
2.125	2.15989 	-0.091513 	-1.7654 	0.000263 	-0.115084 	0.00194156 	
2.13	2.16032 	-0.0917304 	-1.76525 	0.000247523 	-0.115107 	0.00193151 	
2.135	2.16128 	-0.0926812 	-1.766 	0.000288496 	-0.115205 	0.00183143 	
2.14	2.15988 	-0.092152 	-1.76818 	0.00034726 	-0.115228 	0.00186132 	
2.145	2.1605 	-0.0924096 	-1.7682 	0.000329542 	-0.11526 	0.00185116 	
2.15	2.16104 	-0.0926665 	-1.76813 	0.00031165 	-0.115288 	0.00184018 	
2.155	2.16147 	-0.0928929 	-1.76799 	0.000295612 	-0.115312 	0.00182985 	
2.16	2.16188 	-0.0931005 	-1.76785 	0.00028082 	-0.115334 	0.00182026 	
2.165	2.16226 	-0.0932909 	-1.7677 	0.000267181 	-0.115355 	0.00181136 	
2.17	2.16262 	-0.0934652 	-1.76755 	0.00025461 	-0.115375 	0.0018031 	
2.175	2.16108 	-0.092877 	-1.76989 	0.000319362 	-0.115396 	0.00183689 	
2.18	2.16169 	-0.0931199 	-1.76993 	0.000302706 	-0.115427 	0.00182754 	
2.185	2.16202 	-0.0931191 	-1.76959 	0.000267713 	-0.115429 	0.00184684 	
2.19	2.16242 	-0.0933332 	-1.76946 	0.000252535 	-0.115452 	0.00183706 	
2.195	2.1628 	-0.0935297 	-1.76932 	0.000238534 	-0.115472 	0.001828 	
2.2	2.16316 	-0.0937099 	-1.76919 	0.000225623 	-0.115492 	0.00181958 	
2.205	2.16349 	-0.093875 	-1.76905 	0.000213721 	-0.11551 	0.00181178 	
2.21	2.16381 	-0.0940261 	-1.76892 	0.000202754 	-0.115528 	0.00180453 	
2.215	2.16217 	-0.0934003 	-1.77134 	0.000271505 	-0.115547 	0.00184118 	
2.22	2.16275 	-0.0936273 	-1.77141 	0.000255982 	-0.115576 	0.00183265 	
2.225	2.16323 	-0.0938578 	-1.77137 	0.000239973 	-0.115602 	0.00182298 	
2.23	2.16371 	-0.0942039 	-1.77143 	0.000236368 	-0.115636 	0.00179627 	
2.235	2.16406 	-0.0943884 	-1.77131 	0.000223227 	-0.115656 	0.00178777 	
2.24	2.16439 	-0.0945577 	-1.77119 	0.000211107 	-0.115674 	0.00177989 	
2.245	2.1647 	-0.094713 	-1.77107 	0.000199931 	-0.115691 	0.00177257 	
2.25	2.16499 	-0.0948552 	-1.77095 	0.000189629 	-0.115707 	0.00176579 	
2.255	2.16526 	-0.0949853 	-1.77083 	0.000180137 	-0.115722 	0.00175949 	
2.26	2.16345 	-0.0941372 	-1.77295 	0.000232937 	-0.115716 	0.00182378 	
2.265	2.16398 	-0.0943453 	-1.77303 	0.000218734 	-0.115743 	0.00181605 	
2.27	2.16443 	-0.0945583 	-1.77301 	0.000203953 	-0.115766 	0.00180717 	
2.275	2.16477 	-0.0947437 	-1.77291 	0.000190833 	-0.115785 	0.00179875 	
2.28	2.16508 	-0.094914 	-1.7728 	0.000178724 	-0.115802 	0.00179094 	
2.285	2.16538 	-0.0950704 	-1.7727 	0.000167552 	-0.115818 	0.0017837 	
2.29	2.16566 	-0.0952139 	-1.7726 	0.000157246 	-0.115833 	0.00177698 	
2.295	2.16592 	-0.0953455 	-1.77249 	0.000147743 	-0.115848 	0.00177075 	
2.3	2.16617 	-0.0954661 	-1.77239 	0.000138982 	-0.115861 	0.00176496 	
2.305	2.1664 	-0.0955765 	-1.77228 	0.000130908 	-0.115874 	0.0017596 	
2.31	2.16484 	-0.0949904 	-1.77451 	0.000195897 	-0.115889 	0.00179543 	
2.315	2.16539 	-0.0952939 	-1.77473 	0.000192052 	-0.115924 	0.00177415 	
2.32	2.16578 	-0.0954841 	-1.77472 	0.000178866 	-0.115944 	0.00176623 	
2.325	2.16608 	-0.0956497 	-1.77463 	0.000167169 	-0.11596 	0.00175876 	
2.33	2.16635 	-0.095802 	-1.77455 	0.00015637 	-0.115975 	0.00175183 	
2.335	2.16661 	-0.095942 	-1.77446 	0.000146401 	-0.115989 	0.0017454 	
2.34	2.16686 	-0.0960706 	-1.77438 	0.0001372 	-0.116002 	0.00173944 	
2.345	2.16709 	-0.0961887 	-1.77429 	0.000128711 	-0.116015 	0.00173391 	
2.35	2.1673 	-0.096297 	-1.77421 	0.00012088 	-0.116027 	0.00172878 	
2.355	2.1675 	-0.0963964 	-1.77413 	0.000113658 	-0.116038 	0.00172403 	
2.36	2.16769 	-0.0964876 	-1.77404 	0.000106999 	-0.116048 	0.00171961 	
2.365	2.16807 	-0.0968491 	-1.77429 	0.000121201 	-0.116086 	0.00168187 	
2.37	2.16824 	-0.0969255 	-1.77421 	0.000115545 	-0.116095 	0.00167808 	
2.375	2.16839 	-0.0969954 	-1.77413 	0.000110335 	-0.116104 	0.00167455 	
2.38	2.16673 	-0.096363 	-1.77644 	0.000179612 	-0.116115 	0.00171353 	
2.385	2.16713 	-0.0965156 	-1.77654 	0.000169308 	-0.116134 	0.00170821 	
2.39	2.16746 	-0.0966774 	-1.77655 	0.000158175 	-0.116151 	0.00170166 	
2.395	2.1677 	-0.096817 	-1.7765 	0.000148383 	-0.116164 	0.00169546 	
2.4	2.16793 	-0.0969455 	-1.77644 	0.000139333 	-0.116176 	0.00168971 	
2.405	2.16814 	-0.0970639 	-1.77638 	0.000130971 	-0.116188 	0.00168437 	
2.41	2.16833 	-0.097173 	-1.77633 	0.000123245 	-0.116198 	0.00167942 	
2.415	2.16851 	-0.0972734 	-1.77627 	0.000116107 	-0.116208 	0.00167484 	
2.42	2.16849 	-0.0971032 	-1.7759 	9.03183e-05 	-0.116191 	0.00170238 	
2.425	2.16865 	-0.0971883 	-1.77584 	8.42275e-05 	-0.1162 	0.00169843 	
2.43	2.1688 	-0.0972666 	-1.77579 	7.86013e-05 	-0.116208 	0.00169477 	
2.435	2.16894 	-0.0973387 	-1.77573 	7.34057e-05 	-0.116216 	0.00169138 	
2.44	2.16907 	-0.097405 	-1.77568 	6.86073e-05 	-0.116223 	0.00168824 	
2.445	2.1692 	-0.0974659 	-1.77563 	6.41757e-05 	-0.11623 	0.00168532 	
2.45	2.16925 	-0.0974326 	-1.77547 	5.3549e-05 	-0.116227 	0.00169344 	
2.455	2.16935 	-0.0974842 	-1.77543 	4.97707e-05 	-0.116233 	0.00169093 	
2.46	2.16945 	-0.0975316 	-1.77538 	4.62818e-05 	-0.116238 	0.00168861 	
2.465	2.16955 	-0.0975752 	-1.77533 	4.30602e-05 	-0.116244 	0.00168645 	
2.47	2.16963 	-0.0976153 	-1.77529 	4.0085e-05 	-0.116248 	0.00168445 	
2.475	2.16971 	-0.0976522 	-1.77525 	3.73372e-05 	-0.116253 	0.0016826 	
2.48	2.16979 	-0.0976862 	-1.77521 	3.47989e-05 	-0.116257 	0.00168088 	
2.485	2.17015 	-0.098116 	-1.77565 	6.15896e-05 	-0.116301 	0.00163102 	
2.49	2.17022 	-0.0981448 	-1.77562 	5.94223e-05 	-0.116305 	0.00162955 	
2.495	2.17028 	-0.0981714 	-1.77558 	5.74186e-05 	-0.116308 	0.00162818 	
2.5	2.17034 	-0.0981958 	-1.77555 	5.55655e-05 	-0.116312 	0.00162691 	
2.505	2.17039 	-0.0982185 	-1.77552 	5.38504e-05 	-0.116315 	0.00162573 	
2.51	2.17044 	-0.0982394 	-1.77549 	5.22616e-05 	-0.116317 	0.00162464 	
2.515	2.17049 	-0.0982592 	-1.77546 	5.0768e-05 	-0.11632 	0.00162362 	
2.52	2.17053 	-0.0982789 	-1.77544 	4.93067e-05 	-0.116322 	0.00162264 	
2.525	2.17057 	-0.0982978 	-1.77542 	4.79154e-05 	-0.116325 	0.00162172 	
2.53	2.17061 	-0.0983157 	-1.7754 	4.65991e-05 	-0.116327 	0.00162085 	
2.535	2.17064 	-0.0983329 	-1.77538 	4.53398e-05 	-0.116329 	0.00162002 	
2.54	2.17068 	-0.0983495 	-1.77536 	4.41338e-05 	-0.116331 	0.00161924 	
2.545	2.17062 	-0.0982483 	-1.7752 	3.43858e-05 	-0.116321 	0.0016327 	
2.55	2.17066 	-0.0982641 	-1.77518 	3.32525e-05 	-0.116322 	0.00163197 	
2.555	2.17069 	-0.0982795 	-1.77517 	3.2156e-05 	-0.116324 	0.00163128 	
2.56	2.17072 	-0.0982947 	-1.77515 	3.10738e-05 	-0.116326 	0.0016306 	
2.565	2.16957 	-0.0962859 	-1.77678 	0.000152916 	-0.11633 	0.00164556 	
2.57	2.16976 	-0.0964453 	-1.77687 	0.000142961 	-0.116341 	0.00164138 	
2.575	2.16992 	-0.0966359 	-1.77691 	0.000131183 	-0.11635 	0.00163585 	
2.58	2.16963 	-0.096246 	-1.77624 	8.02184e-05 	-0.116301 	0.0016982 	
2.585	2.16973 	-0.0964018 	-1.77623 	7.06213e-05 	-0.116307 	0.00169343 	
2.59	2.16984 	-0.0965465 	-1.77623 	6.16961e-05 	-0.116313 	0.00168898 	
2.595	2.16994 	-0.096682 	-1.77623 	5.3332e-05 	-0.116319 	0.00168482 	
2.6	2.17003 	-0.0968101 	-1.77622 	4.54279e-05 	-0.116324 	0.00168088 	
2.605	2.17042 	-0.09377 	-1.77604 	0.000181505 	-0.11633 	0.00164509 	
2.61	2.17052 	-0.0940475 	-1.77605 	0.000165101 	-0.116338 	0.00163802 	
2.615	2.17059 	-0.0943569 	-1.77603 	0.000146961 	-0.116344 	0.00163031 	
2.62	2.17065 	-0.0946338 	-1.77601 	0.00013074 	-0.11635 	0.00162335 	
2.625	2.17071 	-0.0948935 	-1.776 	0.000115517 	-0.116355 	0.00161681 	
2.63	2.17078 	-0.0951373 	-1.77598 	0.000101209 	-0.11636 	0.00161064 	
2.635	2.17132 	-0.0918037 	-1.77558 	0.00024613 	-0.116366 	0.00156468 	
2.64	2.17165 	-0.092546 	-1.77599 	0.000248815 	-0.116408 	0.00151324 	
2.645	2.17168 	-0.0929706 	-1.77596 	0.000224362 	-0.116414 	0.00150338 	
2.65	2.17171 	-0.0933546 	-1.77593 	0.000202242 	-0.116419 	0.0014944 	
2.655	2.17174 	-0.0937149 	-1.7759 	0.000181474 	-0.116424 	0.00148594 	
2.66	2.17229 	-0.0903227 	-1.77545 	0.000327557 	-0.11643 	0.00143562 	
2.665	2.17234 	-0.0908277 	-1.77543 	0.000298634 	-0.116438 	0.00142414 	
2.67	2.17235 	-0.0913563 	-1.77539 	0.000268402 	-0.116443 	0.00141221 	
2.675	2.17191 	-0.0912393 	-1.77461 	0.000196896 	-0.116389 	0.00147393 	
2.68	2.1724 	-0.0881833 	-1.77417 	0.000326744 	-0.116394 	0.00142391 	
2.685	2.17243 	-0.0887779 	-1.77413 	0.000292824 	-0.116402 	0.00141062 	
2.69	2.17242 	-0.0893859 	-1.77408 	0.00025816 	-0.116408 	0.00139706 	
2.695	2.17241 	-0.0899407 	-1.77402 	0.000226534 	-0.116413 	0.00138463 	
2.7	2.17294 	-0.0865967 	-1.77353 	0.000368408 	-0.116419 	0.00132911 	
2.705	2.17296 	-0.0872777 	-1.77349 	0.000329649 	-0.116427 	0.001314 	
2.71	2.17295 	-0.0879726 	-1.77343 	0.000290121 	-0.116434 	0.00129862 	
2.715	2.17337 	-0.0853372 	-1.77299 	0.000399234 	-0.11644 	0.00124746 	
2.72	2.17337 	-0.0860948 	-1.77293 	0.000356185 	-0.116448 	0.00123074 	
2.725	2.17334 	-0.0868523 	-1.77286 	0.000313152 	-0.116454 	0.00121403 	
2.73	2.1738 	-0.0841656 	-1.77244 	0.000428573 	-0.116464 	0.00115506 	
2.735	2.17379 	-0.0849879 	-1.77238 	0.000381897 	-0.116472 	0.00113696 	
2.74	2.17376 	-0.0858082 	-1.7723 	0.000335343 	-0.116479 	0.0011189 	
2.745	2.17422 	-0.0829158 	-1.77181 	0.000454596 	-0.116486 	0.00106098 	
2.75	2.17421 	-0.0838036 	-1.77174 	0.000404244 	-0.116495 	0.00104146 	
2.755	2.17417 	-0.0846882 	-1.77165 	0.000354079 	-0.116502 	0.00102201 	
2.76	2.17466 	-0.081625 	-1.77113 	0.000480296 	-0.116509 	0.000960243 	
2.765	2.17465 	-0.0825797 	-1.77106 	0.000426192 	-0.116518 	0.000939259 	
2.77	2.175 	-0.0840549 	-1.77161 	0.000411998 	-0.116579 	0.000853863 	
2.775	2.17552 	-0.0808233 	-1.77105 	0.000545124 	-0.116586 	0.000788205 	
2.78	2.1755 	-0.0818481 	-1.77098 	0.000487084 	-0.116596 	0.000765679 	
2.785	2.17546 	-0.082868 	-1.77088 	0.000429324 	-0.116604 	0.00074328 	
2.79	2.17599 	-0.0794735 	-1.77029 	0.000569046 	-0.116612 	0.000673714 	
2.795	2.17598 	-0.0805672 	-1.77021 	0.000507142 	-0.116623 	0.000649672 	
2.8	2.17635 	-0.0784952 	-1.76975 	0.000586263 	-0.116631 	0.00059015 	
2.805	2.1763 	-0.0796515 	-1.76965 	0.000520854 	-0.116641 	0.000564788 	
2.81	2.17623 	-0.0807792 	-1.76954 	0.000457051 	-0.116649 	0.000540031 	
2.815	2.17679 	-0.0772504 	-1.76891 	0.000601708 	-0.116657 	0.000465537 	
2.82	2.17678 	-0.0784543 	-1.76882 	0.000533638 	-0.116669 	0.000439055 	
2.825	2.17717 	-0.0762441 	-1.76832 	0.000617814 	-0.116679 	0.00037448 	
2.83	2.17711 	-0.077511 	-1.76821 	0.000546216 	-0.116689 	0.000346669 	
2.835	2.17728 	-0.07511 	-1.76737 	0.000606513 	-0.116672 	0.00031414 	
2.84	2.17723 	-0.0764189 	-1.76726 	0.000532567 	-0.116683 	0.000285395 	
2.845	2.17761 	-0.0742355 	-1.76674 	0.000614754 	-0.116692 	0.000218531 	
2.85	2.17755 	-0.075584 	-1.76662 	0.000538593 	-0.116703 	0.000188897 	
2.855	2.17795 	-0.0733462 	-1.76608 	0.000622825 	-0.116713 	0.000120124 	
2.86	2.17789 	-0.0747362 	-1.76596 	0.000544355 	-0.116725 	8.95598e-05 	
2.865	2.17823 	-0.0723622 	-1.7653 	0.000624182 	-0.116726 	2.91216e-05 	
2.87	2.17818 	-0.0737937 	-1.76518 	0.000543393 	-0.116738 	-2.37848e-06 	
2.875	2.17859 	-0.071449 	-1.76461 	0.000631627 	-0.116749 	-7.49946e-05 	
2.88	2.17853 	-0.0729221 	-1.76449 	0.000548521 	-0.116761 	-0.000107432 	
2.885	2.17896 	-0.0705257 	-1.76391 	0.000638682 	-0.116772 	-0.000181967 	
2.89	2.1789 	-0.0720409 	-1.76378 	0.000553226 	-0.116785 	-0.000215357 	
2.895	2.17934 	-0.0695941 	-1.76318 	0.000645267 	-0.116796 	-0.000291805 	
2.9	2.17928 	-0.0711516 	-1.76305 	0.00055746 	-0.116809 	-0.00032615 	
2.905	2.17973 	-0.0686554 	-1.76244 	0.000651339 	-0.11682 	-0.000404501 	
2.91	2.17967 	-0.0702552 	-1.76231 	0.000561182 	-0.116833 	-0.000439804 	
2.915	2.18012 	-0.0677106 	-1.76169 	0.000656863 	-0.116845 	-0.000520046 	
2.92	2.18007 	-0.0693526 	-1.76155 	0.000564361 	-0.116859 	-0.000556307 	
2.925	2.18098 	-0.0673264 	-1.76163 	0.000707116 	-0.116927 	-0.000709843 	
2.93	2.18093 	-0.069011 	-1.76149 	0.000612247 	-0.116941 	-0.000747075 	
2.935	2.1814 	-0.0663738 	-1.76084 	0.000711407 	-0.116953 	-0.000831124 	
2.94	2.18134 	-0.0681029 	-1.7607 	0.000614076 	-0.116968 	-0.000869368 	
2.945	2.18182 	-0.0654203 	-1.76004 	0.000714928 	-0.11698 	-0.000955268 	
2.95	2.18176 	-0.0671905 	-1.7599 	0.000615316 	-0.116995 	-0.000994451 	
2.955	2.18224 	-0.0644628 	-1.75922 	0.000717863 	-0.117007 	-0.00108217 	
2.96	2.18208 	-0.0661442 	-1.75891 	0.000605422 	-0.117009 	-0.00110578 	
2.965	2.18257 	-0.0633725 	-1.75822 	0.000709614 	-0.117022 	-0.0011953 	
2.97	2.18252 	-0.0652244 	-1.75807 	0.000605491 	-0.117037 	-0.00123635 	
2.975	2.18302 	-0.062409 	-1.75737 	0.000711349 	-0.11705 	-0.00132764 	
2.98	2.18296 	-0.0643015 	-1.75722 	0.000604984 	-0.117066 	-0.00136962 	
2.985	2.18347 	-0.0614438 	-1.7565 	0.00071244 	-0.117079 	-0.00146268 	
2.99	2.18341 	-0.0633768 	-1.75635 	0.000603844 	-0.117095 	-0.0015056 	
2.995	2.18393 	-0.0604778 	-1.75562 	0.000712872 	-0.117108 	-0.00160041 	
3	2.18387 	-0.0624509 	-1.75546 	0.000602067 	-0.117125 	-0.00164424 	
3.005	2.18439 	-0.0595114 	-1.75472 	0.000712641 	-0.117138 	-0.00174078 	
3.01	2.18434 	-0.0615243 	-1.75456 	0.000599649 	-0.117155 	-0.00178554 	
3.015	2.18481 	-0.0584841 	-1.75372 	0.000706651 	-0.117163 	-0.00187592 	
3.02	2.18475 	-0.0605363 	-1.75356 	0.000591501 	-0.11718 	-0.00192159 	
3.025	2.18529 	-0.0575182 	-1.7528 	0.000705088 	-0.117194 	-0.0020215 	
3.03	2.18523 	-0.0596092 	-1.75263 	0.000587816 	-0.117211 	-0.00206807 	
3.035	2.18577 	-0.0565531 	-1.75185 	0.000702872 	-0.117225 	-0.00216964 	
3.04	2.18571 	-0.0586826 	-1.75169 	0.000583488 	-0.117243 	-0.0022171 	
3.045	2.18626 	-0.0555896 	-1.7509 	0.000699983 	-0.117257 	-0.00232031 	
3.05	2.1862 	-0.0577572 	-1.75073 	0.000578515 	-0.117275 	-0.00236866 	
3.055	2.18675 	-0.0546279 	-1.74992 	0.000696425 	-0.117289 	-0.00247347 	
3.06	2.18655 	-0.0566557 	-1.74952 	0.00055778 	-0.11729 	-0.00249963 	
3.065	2.1871 	-0.0534913 	-1.74871 	0.000677046 	-0.117304 	-0.00260602 	
3.07	2.18705 	-0.055733 	-1.74854 	0.000551537 	-0.117323 	-0.0026561 	
3.075	2.18761 	-0.0525334 	-1.74771 	0.00067221 	-0.117337 	-0.00276403 	
3.08	2.18755 	-0.0548116 	-1.74754 	0.000544713 	-0.117356 	-0.00281497 	
3.085	2.18812 	-0.0515786 	-1.7467 	0.000666713 	-0.117371 	-0.00292444 	
3.09	2.18806 	-0.053893 	-1.74652 	0.000537245 	-0.11739 	-0.00297623 	
3.095	2.18863 	-0.0506274 	-1.74567 	0.000660551 	-0.117405 	-0.0030872 	
3.1	2.18888 	-0.0533281 	-1.74596 	0.000559658 	-0.117459 	-0.0031859 	
3.105	2.18946 	-0.0500301 	-1.74509 	0.000684318 	-0.117474 	-0.00329837 	
3.11	2.1894 	-0.0524169 	-1.74492 	0.000550924 	-0.117493 	-0.00335187 	
3.115	2.18998 	-0.0490895 	-1.74405 	0.000676751 	-0.117508 	-0.00346582 	
3.12	2.18992 	-0.051511 	-1.74387 	0.000541476 	-0.117528 	-0.00352014 	
3.125	2.19051 	-0.0481532 	-1.74299 	0.000668553 	-0.117543 	-0.00363551 	
3.13	2.19085 	-0.0474476 	-1.74245 	0.000674521 	-0.117563 	-0.00372557 	
3.135	2.19082 	-0.0499873 	-1.74228 	0.00053277 	-0.117585 	-0.00378266 	
3.14	2.19134 	-0.046842 	-1.74139 	0.000650123 	-0.117598 	-0.00389707 	
3.145	2.19167 	-0.0461581 	-1.74084 	0.000654873 	-0.117618 	-0.00398839 	
3.15	2.19162 	-0.0487392 	-1.74067 	0.000510903 	-0.117639 	-0.00404646 	
3.155	2.19168 	-0.045025 	-1.73906 	0.000582684 	-0.1176 	-0.00409225 	
3.16	2.19201 	-0.0443354 	-1.7385 	0.00058746 	-0.117619 	-0.00418503 	
3.165	2.19197 	-0.0469568 	-1.73832 	0.000441344 	-0.117642 	-0.00424408 	
3.17	2.1925 	-0.0437261 	-1.7374 	0.000562393 	-0.117655 	-0.00436192 	
3.175	2.19284 	-0.0430299 	-1.73683 	0.000567306 	-0.117675 	-0.00445611 	
3.18	2.19279 	-0.0456934 	-1.73665 	0.000418943 	-0.117697 	-0.00451619 	
3.185	2.19333 	-0.0424249 	-1.73572 	0.000541654 	-0.11771 	-0.00463576 	
3.19	2.19367 	-0.0417263 	-1.73514 	0.000546503 	-0.11773 	-0.00473139 	
3.195	2.19363 	-0.044432 	-1.73496 	0.000395888 	-0.117753 	-0.0047925 	
3.2	2.19416 	-0.0411282 	-1.73402 	0.000520168 	-0.117766 	-0.00491375 	
3.205	2.19451 	-0.0404282 	-1.73343 	0.000524916 	-0.117786 	-0.00501078 	
3.21	2.19447 	-0.0431754 	-1.73325 	0.000372095 	-0.117809 	-0.00507291 	
3.215	2.19501 	-0.0398389 	-1.73229 	0.000497849 	-0.117822 	-0.00519577 	
3.22	2.1956 	-0.0393911 	-1.73204 	0.000526106 	-0.117868 	-0.00532859 	
3.225	2.19593 	-0.0390162 	-1.73149 	0.000515211 	-0.11789 	-0.00542629 	
3.23	2.19581 	-0.0418059 	-1.73126 	0.000360225 	-0.117909 	-0.0054891 	
3.235	2.19635 	-0.0384515 	-1.73029 	0.000486874 	-0.117921 	-0.00561369 	
3.24	2.19641 	-0.0374366 	-1.72926 	0.000461514 	-0.11791 	-0.00567052 	
3.245	2.19675 	-0.037065 	-1.7287 	0.000450305 	-0.117933 	-0.00576986 	
3.25	2.19701 	-0.0367075 	-1.7281 	0.000438613 	-0.117951 	-0.00586862 	
3.255	2.19726 	-0.0363487 	-1.72749 	0.00042701 	-0.117969 	-0.00596759 	
3.26	2.19751 	-0.0359879 	-1.72688 	0.000415511 	-0.117987 	-0.00606688 	
3.265	2.19777 	-0.035625 	-1.72626 	0.00040411 	-0.118005 	-0.00616648 	
3.27	2.19803 	-0.0352604 	-1.72565 	0.000392792 	-0.118023 	-0.00626639 	
3.275	2.1983 	-0.0348945 	-1.72504 	0.000381542 	-0.118041 	-0.00636661 	
3.28	2.19856 	-0.0345275 	-1.72442 	0.000370349 	-0.118059 	-0.00646715 	
3.285	2.19932 	-0.0346573 	-1.7245 	0.000407767 	-0.118127 	-0.00663736 	
3.29	2.19959 	-0.0342886 	-1.72389 	0.000396698 	-0.118145 	-0.00673853 	
3.295	2.19986 	-0.0339212 	-1.72327 	0.000385555 	-0.118163 	-0.00684005 	
3.3	2.20013 	-0.0335543 	-1.72266 	0.00037439 	-0.118182 	-0.00694189 	
3.305	2.2004 	-0.0331871 	-1.72204 	0.000363246 	-0.1182 	-0.00704401 	
3.31	2.20068 	-0.0328201 	-1.72142 	0.000352109 	-0.118218 	-0.00714643 	
3.315	2.20096 	-0.0324534 	-1.7208 	0.000340969 	-0.118237 	-0.00724913 	
3.32	2.20123 	-0.0320871 	-1.72018 	0.00032982 	-0.118255 	-0.00735213 	
3.325	2.20151 	-0.0317215 	-1.71956 	0.000318654 	-0.118274 	-0.0074554 	
3.33	2.2018 	-0.0313566 	-1.71894 	0.000307464 	-0.118292 	-0.00755896 	
3.335	2.20208 	-0.0309928 	-1.71832 	0.000296246 	-0.11831 	-0.00766278 	
3.34	2.2021 	-0.0303757 	-1.71734 	0.000259273 	-0.118304 	-0.00773074 	
3.345	2.20239 	-0.0300143 	-1.71671 	0.000247956 	-0.118322 	-0.0078351 	
3.35	2.20267 	-0.0296535 	-1.71609 	0.000236644 	-0.118341 	-0.00793969 	
3.355	2.20296 	-0.0292937 	-1.71546 	0.000225303 	-0.118359 	-0.00804454 	
3.36	2.20325 	-0.0289357 	-1.71483 	0.000213901 	-0.118378 	-0.00814964 	
3.365	2.20353 	-0.0285795 	-1.71421 	0.000202439 	-0.118396 	-0.008255 	
3.37	2.20382 	-0.0282252 	-1.71358 	0.000190914 	-0.118415 	-0.00836059 	
3.375	2.20411 	-0.0278728 	-1.71295 	0.000179323 	-0.118433 	-0.00846643 	
3.38	2.20457 	-0.0276831 	-1.71255 	0.000184356 	-0.118468 	-0.00859567 	
3.385	2.20486 	-0.0273347 	-1.71192 	0.000172644 	-0.118486 	-0.00870196 	
3.39	2.20515 	-0.0269891 	-1.71129 	0.000160829 	-0.118505 	-0.0088085 	
3.395	2.20544 	-0.026646 	-1.71066 	0.000148928 	-0.118523 	-0.00891525 	
3.4	2.20573 	-0.0263051 	-1.71003 	0.000136958 	-0.118542 	-0.0090222 	
3.405	2.20602 	-0.0259665 	-1.7094 	0.000124916 	-0.11856 	-0.00912936 	
3.41	2.20631 	-0.0256303 	-1.70876 	0.000112798 	-0.118578 	-0.00923671 	
3.415	2.2066 	-0.0252965 	-1.70813 	0.000100606 	-0.118597 	-0.00934425 	
3.42	2.20689 	-0.0249653 	-1.7075 	8.83363e-05 	-0.118615 	-0.00945198 	
3.425	2.20727 	-0.0247168 	-1.70698 	8.4576e-05 	-0.118641 	-0.00957164 	
3.43	2.20756 	-0.0243908 	-1.70635 	7.21583e-05 	-0.11866 	-0.00967972 	
3.435	2.20786 	-0.0240676 	-1.70572 	5.96449e-05 	-0.118678 	-0.00978796 	
3.44	2.20815 	-0.0237473 	-1.70508 	4.70452e-05 	-0.118696 	-0.00989636 	
3.445	2.20844 	-0.0234297 	-1.70445 	3.43675e-05 	-0.118714 	-0.0100049 	
3.45	2.20873 	-0.0231149 	-1.70381 	2.16101e-05 	-0.118732 	-0.0101136 	
3.455	2.20903 	-0.022803 	-1.70318 	8.77243e-06 	-0.11875 	-0.0102224 	
3.46	2.20932 	-0.0224939 	-1.70255 	-4.14611e-06 	-0.118768 	-0.0103314 	
3.465	2.20961 	-0.0221877 	-1.70191 	-1.71459e-05 	-0.118786 	-0.0104405 	
3.47	2.2099 	-0.0218845 	-1.70128 	-3.02272e-05 	-0.118804 	-0.0105497 	
3.475	2.2102 	-0.0215842 	-1.70064 	-4.33905e-05 	-0.118822 	-0.010659 	
3.48	2.20986 	-0.0207244 	-1.69917 	-0.000119204 	-0.118783 	-0.0106841 	
3.485	2.21016 	-0.0204308 	-1.69853 	-0.000132592 	-0.118801 	-0.0107936 	
3.49	2.21045 	-0.0201383 	-1.6979 	-0.000145947 	-0.118819 	-0.0109031 	
3.495	2.21074 	-0.0198481 	-1.69726 	-0.000159341 	-0.118836 	-0.0110127 	
3.5	2.21103 	-0.0195614 	-1.69663 	-0.000172839 	-0.118854 	-0.0111224 	
3.505	2.21133 	-0.0192781 	-1.69599 	-0.000186431 	-0.118872 	-0.0112322 	
3.51	2.21162 	-0.0189983 	-1.69536 	-0.000200118 	-0.118889 	-0.011342 	
3.515	2.21191 	-0.0187219 	-1.69472 	-0.000213897 	-0.118907 	-0.0114519 	
3.52	2.2122 	-0.0184489 	-1.69409 	-0.000227768 	-0.118924 	-0.0115619 	
3.525	2.2125 	-0.0181873 	-1.69347 	-0.000240828 	-0.118942 	-0.0116731 	
3.53	2.21279 	-0.0179212 	-1.69284 	-0.00025488 	-0.11896 	-0.0117831 	
3.535	2.21308 	-0.0176587 	-1.69221 	-0.000269023 	-0.118977 	-0.0118932 	
3.54	2.21337 	-0.0173997 	-1.69158 	-0.000283256 	-0.118994 	-0.0120033 	
3.545	2.21366 	-0.0171441 	-1.69095 	-0.000297577 	-0.119011 	-0.0121134 	
3.55	2.21395 	-0.0168921 	-1.69032 	-0.000311985 	-0.119028 	-0.0122235 	
3.555	2.21424 	-0.0166437 	-1.68969 	-0.000326479 	-0.119045 	-0.0123336 	
3.56	2.21452 	-0.0163988 	-1.68906 	-0.000341059 	-0.119062 	-0.0124437 	
3.565	2.21481 	-0.0161574 	-1.68843 	-0.000355725 	-0.119078 	-0.0125539 	
3.57	2.21524 	-0.0160373 	-1.68799 	-0.00035654 	-0.119107 	-0.0126823 	
3.575	2.21552 	-0.015803 	-1.68737 	-0.000371361 	-0.119123 	-0.0127923 	
3.58	2.21581 	-0.0155727 	-1.68674 	-0.000386291 	-0.11914 	-0.0129024 	
3.585	2.2161 	-0.0153462 	-1.68612 	-0.000401314 	-0.119156 	-0.0130124 	
3.59	2.21638 	-0.0151232 	-1.6855 	-0.000416413 	-0.119173 	-0.0131223 	
3.595	2.21666 	-0.0149039 	-1.68488 	-0.000431592 	-0.119189 	-0.0132322 	
3.6	2.21695 	-0.0146881 	-1.68426 	-0.000446849 	-0.119205 	-0.0133421 	
3.605	2.21723 	-0.0144759 	-1.68364 	-0.000462185 	-0.119221 	-0.0134519 	
3.61	2.21751 	-0.0142673 	-1.68302 	-0.000477598 	-0.119237 	-0.0135615 	
3.615	2.21779 	-0.0140624 	-1.68241 	-0.000493089 	-0.119253 	-0.0136712 	
3.62	2.21808 	-0.0138612 	-1.68179 	-0.000508658 	-0.119269 	-0.0137807 	
3.625	2.21836 	-0.0136636 	-1.68118 	-0.000524303 	-0.119284 	-0.0138901 	
3.63	2.21863 	-0.0134601 	-1.68055 	-0.000541201 	-0.119299 	-0.0139979 	
3.635	2.2189 	-0.0132699 	-1.67994 	-0.000556999 	-0.119315 	-0.0141071 	
3.64	2.21918 	-0.0130833 	-1.67933 	-0.000572871 	-0.11933 	-0.0142162 	
3.645	2.21946 	-0.0129005 	-1.67872 	-0.000588817 	-0.119345 	-0.0143251 	
3.65	2.21974 	-0.0127214 	-1.67811 	-0.000604839 	-0.119361 	-0.0144339 	
3.655	2.22001 	-0.012546 	-1.67751 	-0.000620935 	-0.119376 	-0.0145426 	
3.66	2.22029 	-0.0123743 	-1.67691 	-0.000637106 	-0.119391 	-0.0146512 	
3.665	2.22057 	-0.0122064 	-1.6763 	-0.000653351 	-0.119406 	-0.0147595 	
3.67	2.2209 	-0.0120867 	-1.67577 	-0.000664041 	-0.119425 	-0.014875 	
3.675	2.22117 	-0.0119263 	-1.67518 	-0.000680428 	-0.11944 	-0.014983 	
3.68	2.22144 	-0.0117698 	-1.67458 	-0.000696897 	-0.119455 	-0.0150909 	
3.685	2.22171 	-0.0116172 	-1.67398 	-0.000713443 	-0.119469 	-0.0151986 	
3.69	2.22199 	-0.0114683 	-1.67339 	-0.000730058 	-0.119484 	-0.0153061 	
3.695	2.22226 	-0.0113233 	-1.6728 	-0.000746744 	-0.119498 	-0.0154135 	
3.7	2.22253 	-0.011182 	-1.67221 	-0.0007635 	-0.119512 	-0.0155206 	
3.705	2.22279 	-0.0110445 	-1.67162 	-0.000780326 	-0.119527 	-0.0156275 	
3.71	2.22306 	-0.0109108 	-1.67103 	-0.000797221 	-0.119541 	-0.0157342 	
3.715	2.22333 	-0.0107809 	-1.67045 	-0.000814186 	-0.119555 	-0.0158406 	
3.72	2.22432 	-0.0112072 	-1.67078 	-0.00075879 	-0.119624 	-0.0160385 	
3.725	2.22458 	-0.0110845 	-1.6702 	-0.00077584 	-0.119637 	-0.0161446 	
3.73	2.22485 	-0.0109677 	-1.66962 	-0.000793083 	-0.119651 	-0.0162504 	
3.735	2.22511 	-0.0108556 	-1.66905 	-0.00081044 	-0.119664 	-0.016356 	
3.74	2.22537 	-0.0107469 	-1.66848 	-0.000827841 	-0.119678 	-0.0164613 	
3.745	2.22563 	-0.0106418 	-1.66791 	-0.000845296 	-0.119691 	-0.0165664 	
3.75	2.22523 	-0.0100488 	-1.66651 	-0.000928549 	-0.119655 	-0.0165885 	
3.755	2.22549 	-0.0099515 	-1.66595 	-0.000946159 	-0.119668 	-0.016693 	
3.76	2.22575 	-0.00985585 	-1.66538 	-0.000963712 	-0.119681 	-0.0167971 	
3.765	2.22601 	-0.00976313 	-1.66482 	-0.000981279 	-0.119694 	-0.016901 	
3.77	2.22626 	-0.00967444 	-1.66425 	-0.000998922 	-0.119707 	-0.0170045 	
3.775	2.22652 	-0.00958967 	-1.66369 	-0.00101663 	-0.119719 	-0.0171078 	
3.78	2.22677 	-0.00950881 	-1.66314 	-0.00103441 	-0.119732 	-0.0172107 	
3.785	2.2267 	-0.0125692 	-1.66297 	-0.00120087 	-0.119747 	-0.0172812 	
3.79	2.2272 	-0.009514 	-1.66204 	-0.00107632 	-0.119753 	-0.0174082 	
3.795	2.22755 	-0.00910508 	-1.66148 	-0.00107799 	-0.119769 	-0.0175125 	
3.8	2.22756 	-0.0121596 	-1.66136 	-0.00124424 	-0.119787 	-0.0175837 	
3.805	2.22805 	-0.00913511 	-1.66043 	-0.00112078 	-0.119794 	-0.01771 	
3.81	2.22839 	-0.00875162 	-1.65989 	-0.00112336 	-0.119809 	-0.0178135 	
3.815	2.22839 	-0.0117925 	-1.65976 	-0.0012888 	-0.119827 	-0.0178843 	
3.82	2.22887 	-0.00882671 	-1.65885 	-0.00116773 	-0.119833 	-0.0180093 	
3.825	2.22926 	-0.00851899 	-1.65839 	-0.00116428 	-0.119852 	-0.0181205 	
3.83	2.22926 	-0.0115419 	-1.65827 	-0.00132867 	-0.119869 	-0.0181909 	
3.835	2.22973 	-0.0086343 	-1.65736 	-0.00120995 	-0.119875 	-0.0183146 	
3.84	2.23004 	-0.00830134 	-1.65683 	-0.00121428 	-0.119888 	-0.0184162 	
3.845	2.23003 	-0.0113025 	-1.6567 	-0.00137742 	-0.119905 	-0.0184859 	
3.85	2.23049 	-0.00845273 	-1.65581 	-0.00126102 	-0.11991 	-0.0186082 	
3.855	2.23117 	-0.00840293 	-1.65574 	-0.00122875 	-0.119949 	-0.0187545 	
3.86	2.23116 	-0.011379 	-1.65562 	-0.00139047 	-0.119965 	-0.0188236 	
3.865	2.23161 	-0.00858733 	-1.65474 	-0.0012764 	-0.11997 	-0.0189444 	
3.87	2.2319 	-0.008299 	-1.65422 	-0.00128215 	-0.119983 	-0.0190437 	
3.875	2.23189 	-0.0112479 	-1.6541 	-0.00144234 	-0.119998 	-0.0191122 	
3.88	2.23233 	-0.00851419 	-1.65323 	-0.00133059 	-0.120003 	-0.0192313 	
3.885	2.23228 	-0.0113768 	-1.6531 	-0.00148602 	-0.120016 	-0.0192974 	
3.89	2.23277 	-0.00844125 	-1.65223 	-0.00136443 	-0.120022 	-0.0194183 	
3.895	2.23287 	-0.0113688 	-1.65226 	-0.00150625 	-0.120045 	-0.0194992 	
3.9	2.23336 	-0.00845575 	-1.6514 	-0.00138547 	-0.120051 	-0.0196193 	
3.905	2.23332 	-0.0112807 	-1.65127 	-0.00153883 	-0.120064 	-0.0196846 	
3.91	2.23381 	-0.00841225 	-1.65042 	-0.0014199 	-0.12007 	-0.0198036 	
3.915	2.23378 	-0.0112183 	-1.6503 	-0.00157219 	-0.120084 	-0.0198684 	
3.92	2.23425 	-0.00839614 	-1.64946 	-0.00145519 	-0.120089 	-0.0199862 	
3.925	2.23422 	-0.0111816 	-1.64934 	-0.00160634 	-0.120102 	-0.0200506 	
3.93	2.23469 	-0.00840592 	-1.64851 	-0.00149128 	-0.120108 	-0.0201672 	
3.935	2.23466 	-0.0111693 	-1.64839 	-0.0016412 	-0.120121 	-0.0202311 	
3.94	2.23512 	-0.00844004 	-1.64757 	-0.00152806 	-0.120126 	-0.0203464 	
3.945	2.23509 	-0.01118 	-1.64746 	-0.00167669 	-0.120139 	-0.0204097 	
3.95	2.23555 	-0.00849715 	-1.64665 	-0.00156547 	-0.120144 	-0.0205237 	
3.955	2.23554 	-0.0112315 	-1.64657 	-0.00170985 	-0.120159 	-0.0205899 	
3.96	2.23599 	-0.00859507 	-1.64577 	-0.00160056 	-0.120164 	-0.0207026 	
3.965	2.23596 	-0.0112845 	-1.64566 	-0.0017464 	-0.120176 	-0.0207647 	
3.97	2.2364 	-0.00869495 	-1.64488 	-0.00163904 	-0.120181 	-0.020876 	
3.975	2.23637 	-0.0113574 	-1.64477 	-0.0017834 	-0.120193 	-0.0209375 	
3.98	2.23681 	-0.0088147 	-1.64399 	-0.00167799 	-0.120198 	-0.0210474 	
3.985	2.23677 	-0.0114491 	-1.64388 	-0.0018208 	-0.120209 	-0.0211082 	
3.99	2.2372 	-0.0089535 	-1.64312 	-0.00171734 	-0.120214 	-0.0212167 	
3.995	2.23717 	-0.0115588 	-1.64302 	-0.00185856 	-0.120225 	-0.0212768 	
4	2.23759 	-0.00911066 	-1.64227 	-0.00175707 	-0.12023 	-0.0213838 	
4.005	2.23756 	-0.0116859 	-1.64216 	-0.00189664 	-0.120241 	-0.0214432 	
4.01	2.23747 	-0.00896376 	-1.64083 	-0.00184747 	-0.120214 	-0.0214886 	
4.015	2.23744 	-0.0115077 	-1.64072 	-0.00198532 	-0.120224 	-0.0215472 	
4.02	2.23785 	-0.00915474 	-1.64 	-0.0018878 	-0.120229 	-0.0216512 	
4.025	2.23781 	-0.0116649 	-1.63989 	-0.0020238 	-0.12024 	-0.021709 	
4.03	2.23822 	-0.00936024 	-1.63918 	-0.00192829 	-0.120244 	-0.0218114 	
4.035	2.23819 	-0.0118382 	-1.63908 	-0.00206253 	-0.120254 	-0.0218685 	
4.04	2.23858 	-0.00958271 	-1.63838 	-0.00196908 	-0.120259 	-0.0219693 	
4.045	2.23855 	-0.0120276 	-1.63828 	-0.00210151 	-0.120269 	-0.0220256 	
4.05	2.23878 	-0.00972025 	-1.6374 	-0.00202631 	-0.120263 	-0.0221057 	
4.055	2.23874 	-0.0121311 	-1.6373 	-0.00215688 	-0.120273 	-0.0221611 	
4.06	2.23913 	-0.0099747 	-1.63663 	-0.00206759 	-0.120277 	-0.0222587 	
4.065	2.23909 	-0.0123503 	-1.63654 	-0.00219624 	-0.120287 	-0.0223134 	
4.07	2.23947 	-0.010244 	-1.63587 	-0.00210905 	-0.120291 	-0.0224093 	
4.075	2.23943 	-0.0125843 	-1.63578 	-0.00223578 	-0.1203 	-0.0224631 	
4.08	2.2398 	-0.0105287 	-1.63513 	-0.00215073 	-0.120304 	-0.0225574 	
4.085	2.23954 	-0.0126938 	-1.63478 	-0.00229805 	-0.120299 	-0.0225837 	
4.09	2.2399 	-0.0106896 	-1.63414 	-0.00221517 	-0.120303 	-0.0226763 	
4.095	2.23987 	-0.0129563 	-1.63405 	-0.00233789 	-0.120312 	-0.0227284 	
4.1	2.24022 	-0.0110026 	-1.63343 	-0.00225714 	-0.120316 	-0.0228192 	
4.105	2.24019 	-0.0132318 	-1.63334 	-0.00237782 	-0.120324 	-0.0228704 	
4.11	2.24054 	-0.0113302 	-1.63273 	-0.00229928 	-0.120328 	-0.0229595 	
4.115	2.2405 	-0.0135215 	-1.63265 	-0.0024179 	-0.120336 	-0.0230098 	
4.12	2.24084 	-0.0116721 	-1.63205 	-0.00234158 	-0.12034 	-0.0230971 	
4.125	2.24081 	-0.0138248 	-1.63197 	-0.0024581 	-0.120348 	-0.0231465 	
4.13	2.24114 	-0.0120281 	-1.63139 	-0.00238401 	-0.120351 	-0.023232 	
4.135	2.2411 	-0.0141416 	-1.63131 	-0.0024984 	-0.120359 	-0.0232805 	
4.14	2.24143 	-0.0123979 	-1.63074 	-0.00242658 	-0.120363 	-0.0233642 	
4.145	2.24139 	-0.0144715 	-1.63066 	-0.0025388 	-0.12037 	-0.0234118 	
4.15	2.24232 	-0.0131484 	-1.63083 	-0.00240794 	-0.12041 	-0.0235655 	
4.155	2.24229 	-0.0151821 	-1.63075 	-0.00251801 	-0.120417 	-0.0236121 	
4.16	2.24259 	-0.0135467 	-1.63021 	-0.00245081 	-0.120421 	-0.0236922 	
4.165	2.24256 	-0.0155418 	-1.63014 	-0.00255878 	-0.120428 	-0.0237379 	
4.17	2.24286 	-0.0139607 	-1.62962 	-0.00249391 	-0.120431 	-0.0238162 	
4.175	2.24282 	-0.0159137 	-1.62955 	-0.00259959 	-0.120437 	-0.0238609 	
4.18	2.24286 	-0.0142375 	-1.62874 	-0.00256221 	-0.120425 	-0.0239078 	
4.185	2.24282 	-0.0161479 	-1.62867 	-0.00266559 	-0.120432 	-0.0239515 	
4.19	2.24311 	-0.0146746 	-1.62818 	-0.00260533 	-0.120435 	-0.0240259 	
4.195	2.24307 	-0.0165411 	-1.62811 	-0.00270632 	-0.120441 	-0.0240686 	
4.2	2.24335 	-0.0151225 	-1.62763 	-0.0026484 	-0.120444 	-0.0241411 	
4.205	2.24331 	-0.0169459 	-1.62756 	-0.00274705 	-0.12045 	-0.0241828 	
4.21	2.24327 	-0.0186972 	-1.62749 	-0.0028418 	-0.120455 	-0.0242227 	
4.215	2.24369 	-0.0158371 	-1.62685 	-0.00271331 	-0.120457 	-0.0243038 	
4.22	2.2437 	-0.0175747 	-1.62681 	-0.00280743 	-0.120465 	-0.0243441 	
4.225	2.24367 	-0.0192683 	-1.62674 	-0.00289908 	-0.12047 	-0.0243829 	
4.23	2.24413 	-0.0164488 	-1.62617 	-0.00276632 	-0.120475 	-0.0244671 	
4.235	2.24413 	-0.0181287 	-1.62613 	-0.0028573 	-0.120482 	-0.024506 	
4.24	2.2441 	-0.0197673 	-1.62606 	-0.00294596 	-0.120487 	-0.0245434 	
4.245	2.24449 	-0.0170788 	-1.62547 	-0.00282494 	-0.120488 	-0.0246191 	
4.25	2.24449 	-0.0187005 	-1.62543 	-0.00291274 	-0.120495 	-0.0246566 	
4.255	2.24445 	-0.020281 	-1.62536 	-0.00299824 	-0.1205 	-0.0246926 	
4.26	2.24482 	-0.0177633 	-1.6248 	-0.00288507 	-0.120501 	-0.0247648 	
4.265	2.24481 	-0.0193236 	-1.62476 	-0.00296953 	-0.120507 	-0.0248007 	
4.27	2.24477 	-0.0208431 	-1.6247 	-0.00305172 	-0.120511 	-0.0248353 	
4.275	2.24512 	-0.0184969 	-1.62416 	-0.00294644 	-0.120513 	-0.0249039 	
4.28	2.2451 	-0.0199933 	-1.62412 	-0.00302741 	-0.120518 	-0.0249383 	
4.285	2.24506 	-0.0214491 	-1.62406 	-0.00310614 	-0.120522 	-0.0249714 	
4.29	2.24538 	-0.0192744 	-1.62356 	-0.00300875 	-0.120523 	-0.0250363 	
4.295	2.24537 	-0.0207044 	-1.62352 	-0.00308612 	-0.120528 	-0.0250691 	
4.3	2.24538 	-0.0221262 	-1.62353 	-0.00315571 	-0.120535 	-0.0251071 	
4.305	2.24568 	-0.0201229 	-1.62306 	-0.0030662 	-0.120536 	-0.0251684 	
4.31	2.24566 	-0.0214848 	-1.62302 	-0.00313987 	-0.12054 	-0.0251995 	
4.315	2.24562 	-0.0228072 	-1.62297 	-0.00321137 	-0.120544 	-0.0252295 	
4.32	2.24559 	-0.0240254 	-1.62292 	-0.00327728 	-0.120547 	-0.0252572 	
4.325	2.24597 	-0.0212493 	-1.62238 	-0.00314954 	-0.120548 	-0.0253214 	
4.33	2.24597 	-0.0225064 	-1.62235 	-0.00321759 	-0.120553 	-0.0253504 	
4.335	2.24593 	-0.0237421 	-1.6223 	-0.00328441 	-0.120556 	-0.0253785 	
4.34	2.24552 	-0.0246612 	-1.62181 	-0.00338394 	-0.120537 	-0.0253602 	
4.345	2.24587 	-0.0221233 	-1.62132 	-0.00326721 	-0.120538 	-0.0254195 	
4.35	2.24586 	-0.0232908 	-1.62129 	-0.00333039 	-0.120542 	-0.0254464 	
4.355	2.24583 	-0.024437 	-1.62124 	-0.00339235 	-0.120545 	-0.0254723 	
4.36	2.24579 	-0.0254899 	-1.6212 	-0.00344929 	-0.120547 	-0.0254962 	
4.365	2.2461 	-0.0232882 	-1.62076 	-0.00334832 	-0.120548 	-0.0255496 	
4.37	2.24609 	-0.0243644 	-1.62073 	-0.00340653 	-0.120552 	-0.0255742 	
4.375	2.24684 	-0.0258625 	-1.6216 	-0.00338482 	-0.120598 	-0.0256888 	
4.38	2.2468 	-0.0268341 	-1.62156 	-0.00343736 	-0.1206 	-0.0257108 	
4.385	2.24678 	-0.0277387 	-1.62152 	-0.00348632 	-0.120602 	-0.0257313 	
4.39	2.24711 	-0.0252732 	-1.62107 	-0.00337176 	-0.120603 	-0.0257828 	
4.395	2.2471 	-0.0262269 	-1.62105 	-0.00342336 	-0.120606 	-0.0258048 	
4.4	2.24706 	-0.0271693 	-1.62102 	-0.00347429 	-0.120608 	-0.0258261 	
4.405	2.24637 	-0.0276651 	-1.62023 	-0.00358662 	-0.120573 	-0.0257699 	
4.41	2.24635 	-0.0284676 	-1.62019 	-0.00363003 	-0.120575 	-0.0257881 	
4.415	2.24633 	-0.0292117 	-1.62016 	-0.00367032 	-0.120577 	-0.025805 	
4.42	2.24633 	-0.0299028 	-1.62013 	-0.00370776 	-0.120578 	-0.0258208 	
4.425	2.24669 	-0.0270487 	-1.61967 	-0.00357322 	-0.120579 	-0.0258698 	
4.43	2.24669 	-0.0278274 	-1.61965 	-0.00361535 	-0.120582 	-0.0258878 	
4.435	2.24666 	-0.02861 	-1.61963 	-0.00365762 	-0.120584 	-0.0259055 	
4.44	2.24663 	-0.0293241 	-1.6196 	-0.00369618 	-0.120585 	-0.0259215 	
4.445	2.2466 	-0.0299875 	-1.61957 	-0.00373203 	-0.120586 	-0.0259364 	
4.45	2.24658 	-0.0306039 	-1.61954 	-0.00376536 	-0.120587 	-0.0259503 	
4.455	2.24656 	-0.0311765 	-1.61952 	-0.00379634 	-0.120589 	-0.0259633 	
4.46	2.24655 	-0.0317084 	-1.6195 	-0.00382514 	-0.12059 	-0.0259754 	
4.465	2.24654 	-0.0322026 	-1.61948 	-0.0038519 	-0.120591 	-0.0259866 	
4.47	2.24702 	-0.0329301 	-1.62001 	-0.00382864 	-0.120619 	-0.0260525 	
4.475	2.24701 	-0.0333567 	-1.61999 	-0.00385177 	-0.12062 	-0.0260622 	
4.48	2.24701 	-0.0337541 	-1.61998 	-0.00387333 	-0.120622 	-0.0260713 	
4.485	2.24701 	-0.0341236 	-1.61996 	-0.00389338 	-0.120623 	-0.0260798 	
4.49	2.24701 	-0.0344664 	-1.61995 	-0.00391199 	-0.120624 	-0.0260877 	
4.495	2.24701 	-0.0347844 	-1.61993 	-0.00392926 	-0.120625 	-0.0260951 	
