0	0.0490075 	0.0219193 	-2.01088 	0.262299 	0.529812 	-0.011542 	
0.005	0.0490075 	0.0219193 	-2.01088 	0.262299 	0.529812 	-0.011542 	
0.01	0.0490075 	0.0219151 	-2.01088 	0.262299 	0.529812 	-0.0115417 	
0.015	0.0490075 	0.0219095 	-2.01087 	0.262299 	0.529814 	-0.0115414 	
0.02	0.0490075 	0.0219017 	-2.01087 	0.2623 	0.529815 	-0.0115408 	
0.025	0.0490075 	0.0218915 	-2.01086 	0.2623 	0.529817 	-0.0115402 	
0.03	0.0490075 	0.0218791 	-2.01085 	0.2623 	0.52982 	-0.0115394 	
0.035	0.0490075 	0.0218643 	-2.01084 	0.262301 	0.529823 	-0.0115384 	
0.04	0.0490075 	0.0218473 	-2.01083 	0.262301 	0.529827 	-0.0115373 	
0.045	0.0490075 	0.0218279 	-2.01081 	0.262302 	0.529831 	-0.0115361 	
0.05	0.0490075 	0.0218062 	-2.01079 	0.262303 	0.529835 	-0.0115347 	
0.055	0.0490075 	0.0217822 	-2.01077 	0.262304 	0.52984 	-0.0115331 	
0.06	0.0490076 	0.0217559 	-2.01075 	0.262304 	0.529846 	-0.0115314 	
0.065	0.0490076 	0.0217273 	-2.01073 	0.262305 	0.529852 	-0.0115296 	
0.07	0.0490076 	0.0216964 	-2.01071 	0.262306 	0.529858 	-0.0115276 	
0.075	0.0490076 	0.0216632 	-2.01068 	0.262307 	0.529865 	-0.0115255 	
0.08	0.0490076 	0.0216277 	-2.01065 	0.262309 	0.529873 	-0.0115232 	
0.085	0.0490077 	0.0215899 	-2.01062 	0.26231 	0.52988 	-0.0115208 	
0.09	0.0490077 	0.0215458 	-2.01059 	0.262311 	0.52989 	-0.0115179 	
0.095	0.0490077 	0.0215032 	-2.01056 	0.262313 	0.529899 	-0.0115152 	
0.1	0.0490078 	0.0214583 	-2.01052 	0.262314 	0.529908 	-0.0115123 	
0.105	0.0490078 	0.0214111 	-2.01048 	0.262316 	0.529918 	-0.0115093 	
0.11	0.0490078 	0.0213616 	-2.01044 	0.262317 	0.529928 	-0.0115061 	
0.115	0.0490079 	0.0213098 	-2.0104 	0.262319 	0.529939 	-0.0115028 	
0.12	0.0490079 	0.0212557 	-2.01036 	0.262321 	0.52995 	-0.0114993 	
0.125	0.049008 	0.0211994 	-2.01032 	0.262323 	0.529962 	-0.0114957 	
0.13	0.049008 	0.0211407 	-2.01027 	0.262325 	0.529974 	-0.011492 	
0.135	0.0490081 	0.0210798 	-2.01022 	0.262326 	0.529987 	-0.0114881 	
0.14	0.0490081 	0.0210167 	-2.01017 	0.262329 	0.53 	-0.0114841 	
0.145	0.0490082 	0.0209512 	-2.01012 	0.262331 	0.530014 	-0.0114799 	
0.15	0.0490083 	0.0208835 	-2.01007 	0.262333 	0.530028 	-0.0114756 	
0.155	0.0490084 	0.0208135 	-2.01001 	0.262335 	0.530042 	-0.0114711 	
0.16	0.0491108 	0.0205167 	-2.01014 	0.262434 	0.53164 	-0.0108284 	
0.165	0.0491109 	0.0204421 	-2.01008 	0.262436 	0.531655 	-0.0108236 	
0.17	0.049111 	0.0203653 	-2.01002 	0.262439 	0.531671 	-0.0108188 	
0.175	0.0491111 	0.0202863 	-2.00996 	0.262441 	0.531688 	-0.0108138 	
0.18	0.0491112 	0.020205 	-2.00989 	0.262444 	0.531704 	-0.0108086 	
0.185	0.0491113 	0.0201215 	-2.00983 	0.262446 	0.531722 	-0.0108034 	
0.19	0.0491114 	0.0200357 	-2.00976 	0.262449 	0.531739 	-0.010798 	
0.195	0.0491115 	0.0199477 	-2.00969 	0.262452 	0.531758 	-0.0107924 	
0.2	0.0491117 	0.0198574 	-2.00962 	0.262455 	0.531776 	-0.0107867 	
0.205	0.0491118 	0.0197649 	-2.00955 	0.262458 	0.531796 	-0.0107809 	
0.21	0.049112 	0.0196702 	-2.00947 	0.262461 	0.531815 	-0.010775 	
0.215	0.0491121 	0.0195733 	-2.0094 	0.262464 	0.531835 	-0.0107689 	
0.22	0.0492141 	0.0192526 	-2.0095 	0.262568 	0.533414 	-0.0101323 	
0.225	0.0492143 	0.0191512 	-2.00942 	0.262571 	0.533435 	-0.0101259 	
0.23	0.0492144 	0.0190476 	-2.00933 	0.262575 	0.533456 	-0.0101195 	
0.235	0.0492146 	0.0189418 	-2.00925 	0.262578 	0.533478 	-0.0101129 	
0.24	0.0492148 	0.0188338 	-2.00917 	0.262582 	0.5335 	-0.0101062 	
0.245	0.0492151 	0.0187236 	-2.00908 	0.262585 	0.533523 	-0.0100993 	
0.25	0.0492153 	0.0186112 	-2.00899 	0.262589 	0.533546 	-0.0100924 	
0.255	0.0492155 	0.0184966 	-2.0089 	0.262593 	0.53357 	-0.0100853 	
0.26	0.0492158 	0.0183798 	-2.00881 	0.262596 	0.533594 	-0.0100781 	
0.265	0.0492161 	0.0182608 	-2.00871 	0.2626 	0.533618 	-0.0100708 	
0.27	0.0493253 	0.0179047 	-2.0088 	0.262717 	0.535294 	-0.00939344 	
0.275	0.0493255 	0.0177813 	-2.00871 	0.262721 	0.535319 	-0.00938587 	
0.28	0.0493258 	0.0176558 	-2.00861 	0.262725 	0.535345 	-0.00937818 	
0.285	0.0493261 	0.0175282 	-2.00851 	0.262729 	0.535371 	-0.00937038 	
0.29	0.0493265 	0.0173984 	-2.00841 	0.262734 	0.535398 	-0.00936247 	
0.295	0.0493268 	0.0172664 	-2.0083 	0.262738 	0.535424 	-0.00935444 	
0.3	0.0493272 	0.0171323 	-2.0082 	0.262742 	0.535452 	-0.0093463 	
0.305	0.0493276 	0.0169961 	-2.00809 	0.262746 	0.535479 	-0.00933805 	
0.31	0.0494327 	0.0166336 	-2.00815 	0.262865 	0.53708 	-0.00868994 	
0.315	0.0494331 	0.0164931 	-2.00804 	0.262869 	0.537109 	-0.00868145 	
0.32	0.0494335 	0.0163505 	-2.00793 	0.262874 	0.537137 	-0.00867287 	
0.325	0.0494339 	0.0162058 	-2.00782 	0.262878 	0.537167 	-0.00866417 	
0.33	0.0494344 	0.0160589 	-2.0077 	0.262883 	0.537196 	-0.00865537 	
0.335	0.0494349 	0.01591 	-2.00758 	0.262888 	0.537227 	-0.00864647 	
0.34	0.0494354 	0.0157589 	-2.00746 	0.262893 	0.537257 	-0.00863747 	
0.345	0.0495394 	0.0153861 	-2.00751 	0.263015 	0.538827 	-0.00800029 	
0.35	0.0495399 	0.0152309 	-2.00739 	0.26302 	0.538859 	-0.00799107 	
0.355	0.0495405 	0.0150736 	-2.00727 	0.263025 	0.53889 	-0.00798176 	
0.36	0.0495411 	0.0149142 	-2.00714 	0.26303 	0.538922 	-0.00797235 	
0.365	0.0495417 	0.0147527 	-2.00701 	0.263035 	0.538955 	-0.00796284 	
0.37	0.0495423 	0.0145892 	-2.00688 	0.26304 	0.538987 	-0.00795325 	
0.375	0.0495429 	0.0144237 	-2.00675 	0.263045 	0.539021 	-0.00794356 	
0.38	0.0496572 	0.0140169 	-2.0068 	0.263185 	0.540728 	-0.00724879 	
0.385	0.0496579 	0.0138473 	-2.00667 	0.26319 	0.540762 	-0.0072389 	
0.39	0.0496586 	0.0136756 	-2.00653 	0.263195 	0.540796 	-0.00722892 	
0.395	0.0496593 	0.0135019 	-2.00639 	0.263201 	0.540831 	-0.00721886 	
0.4	0.0496601 	0.0133262 	-2.00625 	0.263206 	0.540866 	-0.00720872 	
0.405	0.0496609 	0.0131485 	-2.00611 	0.263212 	0.540901 	-0.00719849 	
0.41	0.0497699 	0.012743 	-2.00614 	0.26335 	0.542515 	-0.00654055 	
0.415	0.0497707 	0.0125613 	-2.006 	0.263356 	0.54255 	-0.00653014 	
0.42	0.0497716 	0.0123776 	-2.00585 	0.263362 	0.542587 	-0.00651965 	
0.425	0.0497725 	0.0121919 	-2.0057 	0.263368 	0.542623 	-0.00650909 	
0.43	0.0497734 	0.0120042 	-2.00556 	0.263373 	0.54266 	-0.00649845 	
0.435	0.0497743 	0.0118146 	-2.0054 	0.263379 	0.542698 	-0.00648774 	
0.44	0.0498906 	0.0113845 	-2.00543 	0.263532 	0.544401 	-0.00579135 	
0.445	0.0498916 	0.0111909 	-2.00528 	0.263538 	0.544439 	-0.00578047 	
0.45	0.0498926 	0.0109955 	-2.00512 	0.263544 	0.544477 	-0.00576953 	
0.455	0.0498937 	0.0107981 	-2.00497 	0.26355 	0.544516 	-0.00575852 	
0.46	0.0498948 	0.0105988 	-2.00481 	0.263556 	0.544555 	-0.00574744 	
0.465	0.0498959 	0.0103975 	-2.00465 	0.263563 	0.544594 	-0.0057363 	
0.47	0.0500208 	0.00994062 	-2.00468 	0.263732 	0.546403 	-0.00499442 	
0.475	0.0500219 	0.00973555 	-2.00451 	0.263738 	0.546443 	-0.00498313 	
0.48	0.0500232 	0.00952862 	-2.00435 	0.263745 	0.546483 	-0.00497179 	
0.485	0.0500244 	0.00931982 	-2.00418 	0.263751 	0.546523 	-0.00496039 	
0.49	0.0500257 	0.00910914 	-2.00401 	0.263758 	0.546564 	-0.00494893 	
0.495	0.0501389 	0.00866919 	-2.00401 	0.263917 	0.548188 	-0.00428132 	
0.5	0.0501403 	0.00845476 	-2.00384 	0.263923 	0.54823 	-0.00426974 	
0.505	0.0501417 	0.00823851 	-2.00367 	0.26393 	0.548271 	-0.0042581 	
0.51	0.0501431 	0.00802043 	-2.00349 	0.263937 	0.548313 	-0.00424642 	
0.515	0.0501446 	0.00780053 	-2.00332 	0.263943 	0.548355 	-0.00423469 	
0.52	0.0502621 	0.00734472 	-2.00331 	0.264113 	0.550026 	-0.00354639 	
0.525	0.0502637 	0.00712116 	-2.00313 	0.26412 	0.550068 	-0.00353454 	
0.53	0.0502653 	0.00689582 	-2.00295 	0.264127 	0.550111 	-0.00352266 	
0.535	0.0502669 	0.00666869 	-2.00277 	0.264134 	0.550155 	-0.00351073 	
0.54	0.0502686 	0.00643978 	-2.00259 	0.264141 	0.550198 	-0.00349877 	
0.545	0.0503922 	0.00596524 	-2.00258 	0.264324 	0.551935 	-0.00278057 	
0.55	0.050394 	0.00573276 	-2.0024 	0.264332 	0.551979 	-0.00276851 	
0.555	0.0503957 	0.00549856 	-2.00221 	0.264339 	0.552024 	-0.00275642 	
0.56	0.0503976 	0.00526262 	-2.00202 	0.264346 	0.552068 	-0.00274429 	
0.565	0.0503995 	0.00502495 	-2.00182 	0.264353 	0.552113 	-0.00273214 	
0.57	0.0505294 	0.00453179 	-2.00182 	0.264551 	0.553918 	-0.00198352 	
0.575	0.0505314 	0.00429064 	-2.00162 	0.264558 	0.553963 	-0.00197129 	
0.58	0.0505334 	0.00404783 	-2.00143 	0.264566 	0.554009 	-0.00195903 	
0.585	0.0505354 	0.00380332 	-2.00123 	0.264573 	0.554054 	-0.00194675 	
0.59	0.0505375 	0.00355713 	-2.00103 	0.26458 	0.5541 	-0.00193444 	
0.595	0.0506738 	0.0030458 	-2.00103 	0.264794 	0.555971 	-0.00115577 	
0.6	0.050676 	0.00279623 	-2.00082 	0.264802 	0.556017 	-0.0011434 	
0.605	0.0506782 	0.00254505 	-2.00062 	0.264809 	0.556064 	-0.00113102 	
0.61	0.0506805 	0.00229223 	-2.00041 	0.264817 	0.556111 	-0.00111862 	
0.615	0.0507974 	0.00181482 	-2.00037 	0.265005 	0.5577 	-0.000456172 	
0.62	0.0507997 	0.00155872 	-2.00016 	0.265013 	0.557747 	-0.000443729 	
0.625	0.0508022 	0.00130104 	-1.99995 	0.26502 	0.557794 	-0.000431278 	
0.63	0.0508046 	0.00104175 	-1.99974 	0.265028 	0.557842 	-0.000418822 	
0.635	0.0509233 	0.000556639 	-1.99969 	0.265223 	0.559439 	0.000248666 	
0.64	0.0509258 	0.000294161 	-1.99948 	0.265231 	0.559487 	0.000261155 	
0.645	0.0509284 	3.01428e-05 	-1.99927 	0.265239 	0.559535 	0.000273646 	
0.65	0.0509311 	-0.00023543 	-1.99905 	0.265246 	0.559583 	0.000286135 	
0.655	0.0510537 	-0.000732132 	-1.999 	0.265452 	0.561216 	0.000970657 	
0.66	0.0510564 	-0.00100081 	-1.99878 	0.26546 	0.561265 	0.000983166 	
0.665	0.0510593 	-0.00127099 	-1.99856 	0.265468 	0.561314 	0.000995669 	
0.67	0.0510622 	-0.00154268 	-1.99834 	0.265476 	0.561363 	0.00100816 	
0.675	0.0511889 	-0.00205107 	-1.99828 	0.265693 	0.563033 	0.00171068 	
0.68	0.0511918 	-0.00232578 	-1.99806 	0.265701 	0.563082 	0.00172318 	
0.685	0.0511949 	-0.00260194 	-1.99783 	0.265709 	0.563132 	0.00173566 	
0.69	0.051198 	-0.00287956 	-1.99761 	0.265717 	0.563181 	0.00174814 	
0.695	0.0513289 	-0.00339937 	-1.99755 	0.265946 	0.564889 	0.00246847 	
0.7	0.0513321 	-0.00367992 	-1.99732 	0.265954 	0.564938 	0.00248094 	
0.705	0.0513354 	-0.00396187 	-1.99709 	0.265962 	0.564988 	0.00249338 	
0.71	0.0513387 	-0.00424524 	-1.99686 	0.26597 	0.565038 	0.0025058 	
0.715	0.0514738 	-0.00477614 	-1.9968 	0.26621 	0.566781 	0.00324368 	
0.72	0.0514772 	-0.00506235 	-1.99656 	0.266219 	0.566831 	0.00325608 	
0.725	0.0514808 	-0.00534991 	-1.99632 	0.266227 	0.566882 	0.00326845 	
0.73	0.0514843 	-0.00563885 	-1.99609 	0.266235 	0.566932 	0.0032808 	
0.735	0.0516236 	-0.0061805 	-1.99603 	0.266488 	0.56871 	0.0040359 	
0.74	0.0516273 	-0.00647218 	-1.99579 	0.266496 	0.56876 	0.00404821 	
0.745	0.051631 	-0.00676516 	-1.99554 	0.266504 	0.568811 	0.00406049 	
0.75	0.0516349 	-0.00705946 	-1.9953 	0.266512 	0.568862 	0.00407273 	
0.755	0.0517783 	-0.00761152 	-1.99524 	0.266778 	0.570673 	0.00484474 	
0.76	0.0517823 	-0.00790847 	-1.99499 	0.266786 	0.570724 	0.00485694 	
0.765	0.0517863 	-0.00820668 	-1.99475 	0.266794 	0.570775 	0.00486909 	
0.77	0.0517903 	-0.00850616 	-1.9945 	0.266803 	0.570826 	0.0048812 	
0.775	0.051938 	-0.00906828 	-1.99443 	0.267081 	0.572669 	0.0056698 	
0.78	0.0519422 	-0.00937031 	-1.99418 	0.267089 	0.57272 	0.00568185 	
0.785	0.0519465 	-0.00967355 	-1.99393 	0.267097 	0.572771 	0.00569385 	
0.79	0.0519508 	-0.00997801 	-1.99368 	0.267106 	0.572823 	0.0057058 	
0.795	0.0521027 	-0.0105498 	-1.99361 	0.267397 	0.574696 	0.00651064 	
0.8	0.0521071 	-0.0108567 	-1.99335 	0.267406 	0.574748 	0.00652252 	
0.805	0.0521116 	-0.0111648 	-1.9931 	0.267414 	0.5748 	0.00653435 	
0.81	0.0521162 	-0.011474 	-1.99284 	0.267422 	0.574851 	0.00654612 	
0.815	0.0522723 	-0.0120552 	-1.99277 	0.267727 	0.576754 	0.00736685 	
0.82	0.052277 	-0.0123668 	-1.99251 	0.267735 	0.576806 	0.00737853 	
0.825	0.0522818 	-0.0126794 	-1.99225 	0.267744 	0.576858 	0.00739016 	
0.83	0.0522867 	-0.0129933 	-1.99199 	0.267752 	0.57691 	0.00740172 	
0.835	0.0524469 	-0.0135833 	-1.99191 	0.26807 	0.57884 	0.00823798 	
0.84	0.0524519 	-0.0138994 	-1.99165 	0.268079 	0.578892 	0.00824945 	
0.845	0.052457 	-0.0142165 	-1.99138 	0.268087 	0.578944 	0.00826085 	
0.85	0.0524621 	-0.0145347 	-1.99112 	0.268095 	0.578996 	0.00827218 	
0.855	0.0526265 	-0.0151333 	-1.99104 	0.268428 	0.580954 	0.00912361 	
0.86	0.0526318 	-0.0154537 	-1.99077 	0.268436 	0.581006 	0.00913483 	
0.865	0.0526371 	-0.015775 	-1.9905 	0.268444 	0.581058 	0.00914598 	
0.87	0.0526425 	-0.0160973 	-1.99023 	0.268453 	0.58111 	0.00915705 	
0.875	0.0528111 	-0.0167042 	-1.99015 	0.268799 	0.583093 	0.0100233 	
0.88	0.0528166 	-0.0170285 	-1.98988 	0.268807 	0.583145 	0.0100342 	
0.885	0.0528222 	-0.0173539 	-1.9896 	0.268816 	0.583197 	0.0100451 	
0.89	0.052957 	-0.0179024 	-1.98948 	0.269096 	0.584761 	0.0107287 	
0.895	0.0529627 	-0.0182297 	-1.9892 	0.269104 	0.584813 	0.0107395 	
0.9	0.0529685 	-0.0185579 	-1.98893 	0.269112 	0.584865 	0.0107501 	
0.905	0.0529744 	-0.018887 	-1.98865 	0.269121 	0.584917 	0.0107607 	
0.91	0.0531465 	-0.0195008 	-1.98856 	0.269484 	0.586897 	0.0116323 	
0.915	0.0531525 	-0.0198317 	-1.98828 	0.269492 	0.586949 	0.0116427 	
0.92	0.0531586 	-0.0201636 	-1.988 	0.2695 	0.587001 	0.011653 	
0.925	0.0532987 	-0.0207228 	-1.98787 	0.269799 	0.588592 	0.0123535 	
0.93	0.0533049 	-0.0210564 	-1.98758 	0.269807 	0.588643 	0.0123636 	
0.935	0.0533112 	-0.0213908 	-1.9873 	0.269816 	0.588695 	0.0123737 	
0.94	0.0534501 	-0.0219486 	-1.98716 	0.270115 	0.590257 	0.0130635 	
0.945	0.0534565 	-0.0222847 	-1.98688 	0.270123 	0.590308 	0.0130734 	
0.95	0.053463 	-0.0226215 	-1.98659 	0.270131 	0.59036 	0.0130833 	
0.955	0.0536039 	-0.023183 	-1.98645 	0.270438 	0.591929 	0.0137784 	
0.96	0.0536105 	-0.0235214 	-1.98616 	0.270446 	0.59198 	0.0137881 	
0.965	0.0536172 	-0.0238606 	-1.98588 	0.270454 	0.592032 	0.0137977 	
0.97	0.0537604 	-0.0244261 	-1.98573 	0.270769 	0.59361 	0.0144997 	
0.975	0.0537672 	-0.0247668 	-1.98544 	0.270777 	0.593661 	0.0145091 	
0.98	0.0537742 	-0.0251082 	-1.98515 	0.270785 	0.593713 	0.0145184 	
0.985	0.0539196 	-0.0256774 	-1.985 	0.271109 	0.595301 	0.0152274 	
0.99	0.0539266 	-0.0260203 	-1.98471 	0.271117 	0.595352 	0.0152365 	
0.995	0.0539338 	-0.0263637 	-1.98442 	0.271125 	0.595403 	0.0152455 	
1	0.0540814 	-0.0269366 	-1.98427 	0.271456 	0.597 	0.0159611 	
1.005	0.0540887 	-0.0272814 	-1.98398 	0.271464 	0.597051 	0.0159699 	
1.01	0.0540961 	-0.0276269 	-1.98368 	0.271472 	0.597102 	0.0159786 	
1.015	0.054246 	-0.0282032 	-1.98353 	0.271812 	0.598707 	0.0167008 	
1.02	0.0542535 	-0.0285499 	-1.98323 	0.27182 	0.598758 	0.0167092 	
1.025	0.0542611 	-0.0288971 	-1.98294 	0.271828 	0.598808 	0.0167176 	
1.03	0.0544132 	-0.0294766 	-1.98278 	0.272176 	0.600422 	0.0174461 	
1.035	0.0544209 	-0.029825 	-1.98248 	0.272184 	0.600472 	0.0174543 	
1.04	0.0544287 	-0.030174 	-1.98218 	0.272192 	0.600522 	0.0174623 	
1.045	0.054583 	-0.0307565 	-1.98203 	0.272548 	0.602143 	0.0181969 	
1.05	0.0545909 	-0.0311065 	-1.98173 	0.272556 	0.602193 	0.0182047 	
1.055	0.0545989 	-0.0314571 	-1.98143 	0.272564 	0.602242 	0.0182124 	
1.06	0.0547553 	-0.0320423 	-1.98127 	0.272929 	0.60387 	0.0189529 	
1.065	0.0547635 	-0.0323939 	-1.98096 	0.272936 	0.603919 	0.0189604 	
1.07	0.0547717 	-0.0327458 	-1.98066 	0.272944 	0.603969 	0.0189678 	
1.075	0.0549302 	-0.0333336 	-1.9805 	0.273317 	0.605602 	0.0197139 	
1.08	0.0549386 	-0.0336865 	-1.9802 	0.273325 	0.605651 	0.019721 	
1.085	0.054947 	-0.0340398 	-1.97989 	0.273332 	0.6057 	0.0197281 	
1.09	0.0551076 	-0.03463 	-1.97973 	0.273714 	0.607339 	0.0204797 	
1.095	0.0551162 	-0.0349841 	-1.97942 	0.273721 	0.607387 	0.0204865 	
1.1	0.0551248 	-0.0353386 	-1.97912 	0.273729 	0.607436 	0.0204932 	
1.105	0.0552875 	-0.0359308 	-1.97895 	0.274118 	0.60908 	0.02125 	
1.11	0.0552963 	-0.0362861 	-1.97864 	0.274126 	0.609128 	0.0212565 	
1.115	0.0553051 	-0.0366416 	-1.97833 	0.274133 	0.609176 	0.0212628 	
1.12	0.0554698 	-0.0372357 	-1.97817 	0.274531 	0.610823 	0.0220246 	
1.125	0.0554788 	-0.037592 	-1.97786 	0.274538 	0.610871 	0.0220307 	
1.13	0.0554878 	-0.0379484 	-1.97755 	0.274545 	0.610918 	0.0220367 	
1.135	0.0556545 	-0.0385442 	-1.97738 	0.274951 	0.61257 	0.0228033 	
1.14	0.0556636 	-0.0389013 	-1.97707 	0.274958 	0.612617 	0.022809 	
1.145	0.0556729 	-0.0392586 	-1.97676 	0.274966 	0.612664 	0.0228146 	
1.15	0.0558415 	-0.0398559 	-1.97658 	0.275379 	0.614318 	0.0235858 	
1.155	0.0558508 	-0.0402136 	-1.97627 	0.275386 	0.614364 	0.0235912 	
1.16	0.0558603 	-0.0405716 	-1.97596 	0.275394 	0.614411 	0.0235964 	
1.165	0.0560307 	-0.0411701 	-1.97579 	0.275815 	0.616067 	0.0243719 	
1.17	0.0560403 	-0.0415285 	-1.97547 	0.275822 	0.616113 	0.0243769 	
1.175	0.05605 	-0.041887 	-1.97516 	0.275829 	0.616159 	0.0243817 	
1.18	0.0562222 	-0.0424865 	-1.97498 	0.276259 	0.617817 	0.0251613 	
1.185	0.056232 	-0.0428453 	-1.97467 	0.276266 	0.617862 	0.0251659 	
1.19	0.0562419 	-0.0432043 	-1.97436 	0.276272 	0.617908 	0.0251704 	
1.195	0.0564159 	-0.0438045 	-1.97418 	0.27671 	0.619566 	0.0259538 	
1.2	0.0564259 	-0.0441637 	-1.97386 	0.276717 	0.619611 	0.025958 	
1.205	0.0564359 	-0.0445229 	-1.97355 	0.276723 	0.619656 	0.0259621 	
1.21	0.0566117 	-0.0451237 	-1.97337 	0.277168 	0.621315 	0.0267492 	
1.215	0.0566218 	-0.0454831 	-1.97305 	0.277175 	0.62136 	0.026753 	
1.22	0.0566321 	-0.0458425 	-1.97273 	0.277181 	0.621404 	0.0267566 	
1.225	0.0568095 	-0.0464437 	-1.97255 	0.277634 	0.623063 	0.027547 	
1.23	0.0568199 	-0.0468031 	-1.97224 	0.27764 	0.623106 	0.0275505 	
1.235	0.0568303 	-0.0471626 	-1.97192 	0.277647 	0.62315 	0.0275537 	
1.24	0.0570093 	-0.0477638 	-1.97174 	0.278107 	0.624808 	0.0283472 	
1.245	0.0570198 	-0.0481233 	-1.97142 	0.278113 	0.624851 	0.0283503 	
1.25	0.0570304 	-0.0484826 	-1.9711 	0.278119 	0.624894 	0.0283531 	
1.255	0.0572111 	-0.0490838 	-1.97092 	0.278587 	0.62655 	0.0291495 	
1.26	0.0572218 	-0.049443 	-1.9706 	0.278593 	0.626593 	0.0291521 	
1.265	0.0572325 	-0.0498021 	-1.97028 	0.278599 	0.626635 	0.0291546 	
1.27	0.0574146 	-0.0504029 	-1.97009 	0.279073 	0.628289 	0.0299535 	
1.275	0.0574255 	-0.0507619 	-1.96978 	0.279079 	0.628331 	0.0299558 	
1.28	0.0574364 	-0.0511206 	-1.96946 	0.279085 	0.628372 	0.0299578 	
1.285	0.05762 	-0.0517209 	-1.96927 	0.279566 	0.630024 	0.0307591 	
1.29	0.057631 	-0.0520794 	-1.96895 	0.279572 	0.630065 	0.0307609 	
1.295	0.0576421 	-0.0524377 	-1.96863 	0.279578 	0.630106 	0.0307626 	
1.3	0.0578271 	-0.0530372 	-1.96844 	0.280066 	0.631754 	0.0315659 	
1.305	0.0578383 	-0.0533952 	-1.96812 	0.280072 	0.631794 	0.0315674 	
1.31	0.0578495 	-0.0537528 	-1.9678 	0.280078 	0.631835 	0.0315686 	
1.315	0.0580358 	-0.0543514 	-1.96761 	0.280572 	0.633479 	0.0323737 	
1.32	0.0580471 	-0.0547086 	-1.96729 	0.280578 	0.633519 	0.0323748 	
1.325	0.0580585 	-0.0550656 	-1.96697 	0.280583 	0.633558 	0.0323756 	
1.33	0.058246 	-0.0556629 	-1.96678 	0.281084 	0.635198 	0.0331823 	
1.335	0.0582575 	-0.0560193 	-1.96646 	0.28109 	0.635237 	0.0331829 	
1.34	0.0582691 	-0.0563754 	-1.96614 	0.281095 	0.635275 	0.0331834 	
1.345	0.0584577 	-0.0569713 	-1.96595 	0.281602 	0.63691 	0.0339912 	
1.35	0.0584693 	-0.0573268 	-1.96563 	0.281608 	0.636948 	0.0339914 	
1.355	0.058481 	-0.0576819 	-1.96531 	0.281613 	0.636986 	0.0339915 	
1.36	0.0586708 	-0.0582762 	-1.96512 	0.282126 	0.638615 	0.0348003 	
1.365	0.0586826 	-0.0586306 	-1.9648 	0.282131 	0.638652 	0.0348002 	
1.37	0.0586944 	-0.0589846 	-1.96448 	0.282136 	0.63869 	0.0347998 	
1.375	0.0588852 	-0.059577 	-1.96429 	0.282655 	0.640312 	0.0356093 	
1.38	0.0588971 	-0.0599303 	-1.96397 	0.28266 	0.640349 	0.0356087 	
1.385	0.058909 	-0.060283 	-1.96365 	0.282665 	0.640386 	0.0356081 	
1.39	0.0591007 	-0.0608734 	-1.96345 	0.28319 	0.642001 	0.0364179 	
1.395	0.0591128 	-0.0612253 	-1.96313 	0.283194 	0.642037 	0.0364169 	
1.4	0.0591248 	-0.0615767 	-1.96282 	0.283199 	0.642073 	0.0364159 	
1.405	0.0593174 	-0.0621647 	-1.96262 	0.283729 	0.643681 	0.0372258 	
1.41	0.0593296 	-0.0625152 	-1.9623 	0.283734 	0.643716 	0.0372244 	
1.415	0.0593417 	-0.0628652 	-1.96199 	0.283738 	0.643751 	0.037223 	
1.42	0.0595351 	-0.0634507 	-1.96179 	0.284273 	0.645351 	0.0380327 	
1.425	0.0595474 	-0.0637996 	-1.96147 	0.284278 	0.645386 	0.038031 	
1.43	0.0595597 	-0.064148 	-1.96115 	0.284282 	0.64542 	0.0380291 	
1.435	0.0597537 	-0.0647308 	-1.96095 	0.284822 	0.647011 	0.0388383 	
1.44	0.0597661 	-0.0650781 	-1.96064 	0.284826 	0.647045 	0.0388363 	
1.445	0.0597785 	-0.0654247 	-1.96032 	0.28483 	0.647079 	0.038834 	
1.45	0.0599732 	-0.0660046 	-1.96012 	0.285375 	0.648661 	0.0396424 	
1.455	0.0599856 	-0.06635 	-1.95981 	0.285379 	0.648694 	0.03964 	
1.46	0.0599981 	-0.0666948 	-1.9595 	0.285382 	0.648727 	0.0396374 	
1.465	0.0601933 	-0.0672716 	-1.95929 	0.285931 	0.650299 	0.0404447 	
1.47	0.0602058 	-0.0676151 	-1.95898 	0.285935 	0.650331 	0.0404419 	
1.475	0.0602184 	-0.067958 	-1.95867 	0.285939 	0.650363 	0.0404389 	
1.48	0.0604141 	-0.0685314 	-1.95847 	0.286492 	0.651925 	0.0412448 	
1.485	0.0604267 	-0.0688729 	-1.95815 	0.286495 	0.651957 	0.0412416 	
1.49	0.0604394 	-0.0692137 	-1.95784 	0.286499 	0.651988 	0.0412383 	
1.495	0.0606354 	-0.0697836 	-1.95764 	0.287055 	0.653539 	0.0420424 	
1.5	0.060648 	-0.0701229 	-1.95733 	0.287059 	0.65357 	0.0420389 	
1.505	0.0606608 	-0.0704615 	-1.95702 	0.287062 	0.6536 	0.0420353 	
1.51	0.060857 	-0.0710276 	-1.95682 	0.287622 	0.65514 	0.0428374 	
1.515	0.0608698 	-0.0713647 	-1.95651 	0.287625 	0.65517 	0.0428335 	
1.52	0.0608826 	-0.0717009 	-1.9562 	0.287628 	0.6552 	0.0428295 	
1.525	0.061079 	-0.0722632 	-1.956 	0.288191 	0.656728 	0.0436292 	
1.53	0.0610918 	-0.0725978 	-1.95569 	0.288195 	0.656757 	0.043625 	
1.535	0.0611047 	-0.0729317 	-1.95538 	0.288198 	0.656786 	0.0436207 	
1.54	0.0613012 	-0.0734897 	-1.95518 	0.288763 	0.658301 	0.0444178 	
1.545	0.061314 	-0.0738219 	-1.95487 	0.288766 	0.65833 	0.0444133 	
1.55	0.0613269 	-0.0741532 	-1.95457 	0.288769 	0.658358 	0.0444086 	
1.555	0.0615234 	-0.0747069 	-1.95437 	0.289337 	0.65986 	0.0452027 	
1.56	0.0615363 	-0.0750365 	-1.95406 	0.28934 	0.659888 	0.0451979 	
1.565	0.0615493 	-0.0753651 	-1.95376 	0.289343 	0.659916 	0.0451929 	
1.57	0.0617456 	-0.0759143 	-1.95355 	0.289913 	0.661405 	0.0459837 	
1.575	0.0617586 	-0.0762412 	-1.95325 	0.289916 	0.661432 	0.0459786 	
1.58	0.0617715 	-0.0765671 	-1.95295 	0.289918 	0.661458 	0.0459733 	
1.585	0.0619677 	-0.0771115 	-1.95275 	0.290491 	0.662934 	0.0467604 	
1.59	0.0619806 	-0.0774355 	-1.95245 	0.290493 	0.66296 	0.046755 	
1.595	0.0619936 	-0.0777585 	-1.95215 	0.290495 	0.662986 	0.0467494 	
1.6	0.0621894 	-0.0782981 	-1.95195 	0.291069 	0.664447 	0.0475326 	
1.605	0.0622024 	-0.0786191 	-1.95165 	0.291071 	0.664472 	0.0475269 	
1.61	0.0622154 	-0.0789392 	-1.95135 	0.291073 	0.664497 	0.0475211 	
1.615	0.0624108 	-0.0794736 	-1.95115 	0.291648 	0.665943 	0.0483 	
1.62	0.0624238 	-0.0797916 	-1.95085 	0.29165 	0.665968 	0.048294 	
1.625	0.0624368 	-0.0801085 	-1.95056 	0.291652 	0.665992 	0.0482879 	
1.63	0.0624498 	-0.0804244 	-1.95026 	0.291654 	0.666017 	0.0482817 	
1.635	0.062699 	-0.081016 	-1.95009 	0.292401 	0.667865 	0.0492884 	
1.64	0.062712 	-0.0813298 	-1.9498 	0.292403 	0.667889 	0.0492821 	
1.645	0.062725 	-0.0816424 	-1.94951 	0.292405 	0.667913 	0.0492756 	
1.65	0.0629245 	-0.0821707 	-1.94931 	0.292998 	0.669364 	0.0500672 	
1.655	0.0629375 	-0.0824811 	-1.94902 	0.293 	0.669387 	0.0500606 	
1.66	0.0629505 	-0.0827904 	-1.94873 	0.293002 	0.66941 	0.0500539 	
1.665	0.0629635 	-0.0830986 	-1.94844 	0.293003 	0.669433 	0.0500471 	
1.67	0.0632111 	-0.0836761 	-1.94827 	0.293752 	0.671237 	0.0510407 	
1.675	0.063224 	-0.083982 	-1.94798 	0.293754 	0.671259 	0.0510337 	
1.68	0.0632369 	-0.0842867 	-1.9477 	0.293755 	0.671281 	0.0510267 	
1.685	0.0632499 	-0.0845902 	-1.94741 	0.293757 	0.671303 	0.0510196 	
1.69	0.0635009 	-0.0851644 	-1.94724 	0.294521 	0.673115 	0.0520246 	
1.695	0.0635138 	-0.0854656 	-1.94696 	0.294522 	0.673136 	0.0520174 	
1.7	0.0635267 	-0.0857655 	-1.94668 	0.294523 	0.673157 	0.0520101 	
1.705	0.0635396 	-0.0860641 	-1.9464 	0.294525 	0.673178 	0.0520027 	
1.71	0.0637894 	-0.0866296 	-1.94623 	0.295289 	0.674963 	0.0529989 	
1.715	0.0638022 	-0.0869258 	-1.94595 	0.29529 	0.674983 	0.0529914 	
1.72	0.063815 	-0.0872207 	-1.94567 	0.295291 	0.675003 	0.0529838 	
1.725	0.0638278 	-0.0875144 	-1.9454 	0.295292 	0.675023 	0.0529762 	
1.73	0.0640756 	-0.0880702 	-1.94523 	0.296053 	0.676777 	0.0539608 	
1.735	0.0640883 	-0.0883613 	-1.94495 	0.296054 	0.676796 	0.0539531 	
1.74	0.0641011 	-0.0886511 	-1.94468 	0.296055 	0.676816 	0.0539453 	
1.745	0.0641138 	-0.0889395 	-1.94441 	0.296056 	0.676834 	0.0539374 	
1.75	0.0643592 	-0.0894854 	-1.94424 	0.296814 	0.678556 	0.0549095 	
1.755	0.0643719 	-0.0897712 	-1.94397 	0.296814 	0.678574 	0.0549015 	
1.76	0.0643845 	-0.0900556 	-1.9437 	0.296815 	0.678592 	0.0548935 	
1.765	0.0643971 	-0.0903387 	-1.94343 	0.296815 	0.67861 	0.0548854 	
1.77	0.06464 	-0.0908742 	-1.94327 	0.297569 	0.680298 	0.0558442 	
1.775	0.0646525 	-0.0911546 	-1.943 	0.297569 	0.680315 	0.055836 	
1.78	0.0646651 	-0.0914336 	-1.94274 	0.29757 	0.680332 	0.0558278 	
1.785	0.0646776 	-0.0917111 	-1.94248 	0.29757 	0.68035 	0.0558195 	
1.79	0.0649176 	-0.092236 	-1.94231 	0.298318 	0.682002 	0.0567641 	
1.795	0.0649301 	-0.0925107 	-1.94205 	0.298318 	0.682019 	0.0567558 	
1.8	0.0649425 	-0.0927841 	-1.94179 	0.298318 	0.682035 	0.0567474 	
1.805	0.0649548 	-0.0930559 	-1.94153 	0.298319 	0.682052 	0.0567389 	
1.81	0.0651918 	-0.0935698 	-1.94137 	0.29906 	0.683669 	0.0576686 	
1.815	0.0652041 	-0.0938388 	-1.94111 	0.29906 	0.683685 	0.0576601 	
1.82	0.0652164 	-0.0941063 	-1.94086 	0.29906 	0.6837 	0.0576516 	
1.825	0.0652286 	-0.0943724 	-1.94061 	0.29906 	0.683716 	0.057643 	
1.83	0.0654623 	-0.094875 	-1.94044 	0.299794 	0.685296 	0.058557 	
1.835	0.0654744 	-0.0951381 	-1.94019 	0.299794 	0.685312 	0.0585484 	
1.84	0.0654865 	-0.0953996 	-1.93994 	0.299794 	0.685326 	0.0585397 	
1.845	0.0654986 	-0.0956596 	-1.9397 	0.299794 	0.685341 	0.058531 	
1.85	0.0657287 	-0.0961507 	-1.93954 	0.300519 	0.686885 	0.0594286 	
1.855	0.0657407 	-0.0964077 	-1.93929 	0.300519 	0.686899 	0.0594198 	
1.86	0.0657526 	-0.0966631 	-1.93905 	0.300519 	0.686913 	0.059411 	
1.865	0.0657645 	-0.096917 	-1.9388 	0.300519 	0.686927 	0.0594022 	
1.87	0.0659909 	-0.0973963 	-1.93865 	0.301235 	0.688432 	0.0602826 	
1.875	0.0660026 	-0.097647 	-1.93841 	0.301235 	0.688446 	0.0602738 	
1.88	0.0660143 	-0.0978962 	-1.93817 	0.301234 	0.688459 	0.0602649 	
1.885	0.066026 	-0.0981438 	-1.93793 	0.301234 	0.688472 	0.0602561 	
1.89	0.0662484 	-0.0986109 	-1.93778 	0.30194 	0.689939 	0.0611185 	
1.895	0.0662599 	-0.0988553 	-1.93754 	0.301939 	0.689952 	0.0611096 	
1.9	0.0662715 	-0.0990981 	-1.93731 	0.301939 	0.689964 	0.0611007 	
1.905	0.0662829 	-0.0993392 	-1.93708 	0.301938 	0.689977 	0.0610918 	
1.91	0.066501 	-0.099794 	-1.93693 	0.302633 	0.691404 	0.0619355 	
1.915	0.0665124 	-0.100032 	-1.9367 	0.302632 	0.691416 	0.0619265 	
1.92	0.0665237 	-0.100268 	-1.93647 	0.302632 	0.691428 	0.0619176 	
1.925	0.0665349 	-0.100503 	-1.93625 	0.302631 	0.69144 	0.0619087 	
1.93	0.0667485 	-0.100945 	-1.9361 	0.303314 	0.692827 	0.0627329 	
1.935	0.0667596 	-0.101176 	-1.93587 	0.303313 	0.692838 	0.062724 	
1.94	0.0667706 	-0.101406 	-1.93565 	0.303312 	0.692849 	0.0627151 	
1.945	0.0667817 	-0.101634 	-1.93543 	0.303312 	0.69286 	0.0627062 	
1.95	0.0667926 	-0.10186 	-1.93522 	0.303311 	0.692871 	0.0626973 	
1.955	0.067045 	-0.102332 	-1.93509 	0.304129 	0.694511 	0.0636804 	
1.96	0.0670558 	-0.102555 	-1.93487 	0.304128 	0.694521 	0.0636715 	
1.965	0.0670666 	-0.102776 	-1.93466 	0.304127 	0.694532 	0.0636626 	
1.97	0.0670773 	-0.102995 	-1.93445 	0.304126 	0.694542 	0.0636538 	
1.975	0.0670879 	-0.103213 	-1.93424 	0.304125 	0.694552 	0.0636449 	
1.98	0.0673373 	-0.103671 	-1.93411 	0.304937 	0.696158 	0.0646145 	
1.985	0.0673477 	-0.103885 	-1.93391 	0.304936 	0.696168 	0.0646057 	
1.99	0.0673581 	-0.104098 	-1.9337 	0.304935 	0.696178 	0.0645969 	
1.995	0.0673685 	-0.104308 	-1.9335 	0.304934 	0.696187 	0.0645882 	
2	0.0673788 	-0.104517 	-1.93329 	0.304933 	0.696196 	0.0645794 	
2.005	0.0676204 	-0.104957 	-1.93317 	0.305722 	0.69774 	0.0655167 	
2.01	0.0676305 	-0.105162 	-1.93298 	0.305721 	0.697749 	0.0655081 	
2.015	0.0676406 	-0.105366 	-1.93278 	0.30572 	0.697758 	0.0654994 	
2.02	0.0676506 	-0.105567 	-1.93258 	0.305719 	0.697766 	0.0654908 	
2.025	0.0676605 	-0.105767 	-1.93239 	0.305718 	0.697775 	0.0654822 	
2.03	0.0678936 	-0.106188 	-1.93227 	0.306482 	0.699251 	0.066384 	
2.035	0.0679033 	-0.106385 	-1.93208 	0.306481 	0.69926 	0.0663755 	
2.04	0.067913 	-0.106579 	-1.93189 	0.30648 	0.699268 	0.066367 	
2.045	0.0679226 	-0.106771 	-1.93171 	0.306479 	0.699276 	0.0663586 	
2.05	0.0679322 	-0.106962 	-1.93152 	0.306478 	0.699284 	0.0663501 	
2.055	0.0681562 	-0.107364 	-1.93141 	0.307215 	0.700692 	0.0672151 	
2.06	0.0681655 	-0.10755 	-1.93123 	0.307214 	0.700699 	0.0672068 	
2.065	0.0681748 	-0.107735 	-1.93105 	0.307212 	0.700707 	0.0671985 	
2.07	0.068184 	-0.107919 	-1.93087 	0.307211 	0.700714 	0.0671902 	
2.075	0.0681932 	-0.1081 	-1.93069 	0.30721 	0.700721 	0.067182 	
2.08	0.0682022 	-0.108279 	-1.93052 	0.307209 	0.700728 	0.0671739 	
2.085	0.0684524 	-0.108694 	-1.93042 	0.30804 	0.702298 	0.0681456 	
2.09	0.0684613 	-0.10887 	-1.93025 	0.308039 	0.702305 	0.0681376 	
2.095	0.0684701 	-0.109044 	-1.93008 	0.308038 	0.702312 	0.0681296 	
2.1	0.0684788 	-0.109215 	-1.92992 	0.308037 	0.702318 	0.0681216 	
2.105	0.0684875 	-0.109385 	-1.92975 	0.308036 	0.702325 	0.0681137 	
2.11	0.068496 	-0.109553 	-1.92959 	0.308034 	0.702331 	0.0681058 	
2.115	0.0687361 	-0.109945 	-1.9295 	0.308836 	0.703825 	0.0690371 	
2.12	0.0687445 	-0.110109 	-1.92934 	0.308834 	0.703832 	0.0690294 	
2.125	0.0687527 	-0.110272 	-1.92918 	0.308833 	0.703837 	0.0690217 	
2.13	0.0687609 	-0.110432 	-1.92902 	0.308832 	0.703843 	0.0690141 	
2.135	0.068769 	-0.11059 	-1.92887 	0.308831 	0.703849 	0.0690065 	
2.14	0.068777 	-0.110746 	-1.92872 	0.308829 	0.703855 	0.0689991 	
2.145	0.0690028 	-0.111112 	-1.92863 	0.309585 	0.705249 	0.0698729 	
2.15	0.0690106 	-0.111264 	-1.92848 	0.309584 	0.705254 	0.0698656 	
2.155	0.0690183 	-0.111414 	-1.92834 	0.309583 	0.70526 	0.0698583 	
2.16	0.069026 	-0.111563 	-1.92819 	0.309582 	0.705265 	0.0698511 	
2.165	0.0690335 	-0.111709 	-1.92805 	0.30958 	0.70527 	0.069844 	
2.17	0.069041 	-0.111853 	-1.92791 	0.309579 	0.705275 	0.0698369 	
2.175	0.0690483 	-0.111996 	-1.92777 	0.309578 	0.70528 	0.0698299 	
2.18	0.0692875 	-0.112359 	-1.9277 	0.310385 	0.706752 	0.0707593 	
2.185	0.0692946 	-0.112498 	-1.92756 	0.310384 	0.706757 	0.0707525 	
2.19	0.0693017 	-0.112634 	-1.92743 	0.310383 	0.706762 	0.0707457 	
2.195	0.0693087 	-0.112769 	-1.9273 	0.310382 	0.706766 	0.070739 	
2.2	0.0693155 	-0.112901 	-1.92717 	0.31038 	0.70677 	0.0707324 	
2.205	0.0693223 	-0.113031 	-1.92704 	0.310379 	0.706775 	0.0707259 	
2.21	0.069329 	-0.113159 	-1.92692 	0.310378 	0.706779 	0.0707195 	
2.215	0.06955 	-0.113491 	-1.92685 	0.311127 	0.70813 	0.0715773 	
2.22	0.0695564 	-0.113615 	-1.92673 	0.311126 	0.708134 	0.071571 	
2.225	0.0695628 	-0.113737 	-1.92661 	0.311125 	0.708138 	0.0715648 	
2.23	0.0695691 	-0.113857 	-1.9265 	0.311124 	0.708141 	0.0715587 	
2.235	0.0695752 	-0.113975 	-1.92638 	0.311122 	0.708145 	0.0715527 	
2.24	0.0695813 	-0.114091 	-1.92627 	0.311121 	0.708149 	0.0715468 	
2.245	0.0695873 	-0.114205 	-1.92615 	0.31112 	0.708152 	0.0715409 	
2.25	0.0695931 	-0.114317 	-1.92604 	0.311119 	0.708156 	0.0715352 	
2.255	0.0698148 	-0.114632 	-1.926 	0.311875 	0.709506 	0.0723979 	
2.26	0.0698204 	-0.114739 	-1.92589 	0.311874 	0.709509 	0.0723924 	
2.265	0.069826 	-0.114845 	-1.92579 	0.311873 	0.709512 	0.0723869 	
2.27	0.0698314 	-0.114949 	-1.92569 	0.311872 	0.709515 	0.0723815 	
2.275	0.0698367 	-0.11505 	-1.92559 	0.311871 	0.709518 	0.0723762 	
2.28	0.069842 	-0.11515 	-1.92549 	0.31187 	0.709521 	0.0723711 	
2.285	0.0698471 	-0.115247 	-1.92539 	0.311869 	0.709524 	0.072366 	
2.29	0.0698521 	-0.115342 	-1.9253 	0.311868 	0.709527 	0.072361 	
2.295	0.069857 	-0.115436 	-1.92521 	0.311867 	0.70953 	0.0723561 	
2.3	0.0698619 	-0.115527 	-1.92512 	0.311866 	0.709533 	0.0723513 	
2.305	0.0700937 	-0.11583 	-1.92509 	0.312665 	0.710941 	0.0732587 	
2.31	0.0700983 	-0.115916 	-1.92501 	0.312664 	0.710944 	0.0732541 	
2.315	0.0701028 	-0.116001 	-1.92492 	0.312663 	0.710946 	0.0732497 	
2.32	0.0701071 	-0.116084 	-1.92484 	0.312662 	0.710949 	0.0732453 	
2.325	0.0701114 	-0.116164 	-1.92476 	0.312661 	0.710951 	0.073241 	
2.33	0.0701155 	-0.116243 	-1.92469 	0.31266 	0.710953 	0.0732368 	
2.335	0.0701196 	-0.116319 	-1.92461 	0.312659 	0.710956 	0.0732328 	
2.34	0.0701235 	-0.116393 	-1.92454 	0.312659 	0.710958 	0.0732288 	
2.345	0.0701273 	-0.116466 	-1.92447 	0.312658 	0.71096 	0.0732249 	
2.35	0.0701311 	-0.116536 	-1.9244 	0.312657 	0.710962 	0.0732212 	
2.355	0.0701347 	-0.116603 	-1.92433 	0.312656 	0.710964 	0.0732176 	
2.36	0.0701382 	-0.116669 	-1.92427 	0.312656 	0.710965 	0.073214 	
2.365	0.0701415 	-0.116733 	-1.9242 	0.312655 	0.710967 	0.0732106 	
2.37	0.0703703 	-0.117005 	-1.9242 	0.31345 	0.712354 	0.0741111 	
2.375	0.0703734 	-0.117064 	-1.92415 	0.313449 	0.712356 	0.0741079 	
2.38	0.0703765 	-0.117121 	-1.92409 	0.313449 	0.712358 	0.0741048 	
2.385	0.0703794 	-0.117176 	-1.92403 	0.313448 	0.712359 	0.0741018 	
2.39	0.0703822 	-0.117229 	-1.92398 	0.313447 	0.71236 	0.074099 	
2.395	0.0703849 	-0.11728 	-1.92393 	0.313447 	0.712362 	0.0740962 	
2.4	0.0703875 	-0.117329 	-1.92388 	0.313446 	0.712363 	0.0740936 	
2.405	0.07039 	-0.117375 	-1.92384 	0.313446 	0.712364 	0.0740911 	
2.41	0.0703923 	-0.117419 	-1.92379 	0.313445 	0.712366 	0.0740886 	
2.415	0.0703946 	-0.117461 	-1.92375 	0.313445 	0.712367 	0.0740863 	
2.42	0.0703967 	-0.117501 	-1.92371 	0.313444 	0.712368 	0.0740842 	
2.425	0.0703985 	-0.117536 	-1.92368 	0.313444 	0.712369 	0.0740823 	
2.43	0.0704006 	-0.117575 	-1.92364 	0.313443 	0.71237 	0.0740802 	
2.435	0.0704023 	-0.117605 	-1.92361 	0.313443 	0.712371 	0.0740785 	
2.44	0.0704039 	-0.117637 	-1.92358 	0.313443 	0.712371 	0.0740768 	
2.445	0.0704055 	-0.117666 	-1.92355 	0.313442 	0.712372 	0.0740752 	
2.45	0.070407 	-0.117693 	-1.92352 	0.313442 	0.712373 	0.0740737 	
2.455	0.0704083 	-0.117718 	-1.9235 	0.313442 	0.712374 	0.0740723 	
2.46	0.0704095 	-0.117741 	-1.92348 	0.313442 	0.712374 	0.074071 	
2.465	0.0704106 	-0.117762 	-1.92346 	0.313441 	0.712375 	0.0740699 	
2.47	0.0704116 	-0.117781 	-1.92344 	0.313441 	0.712375 	0.0740689 	
2.475	0.0704125 	-0.117797 	-1.92342 	0.313441 	0.712376 	0.074068 	
2.48	0.0704133 	-0.117812 	-1.92341 	0.313441 	0.712376 	0.0740672 	
2.485	0.0704139 	-0.117824 	-1.9234 	0.313441 	0.712376 	0.0740665 	
2.49	0.0704145 	-0.117834 	-1.92339 	0.31344 	0.712377 	0.074066 	
2.495	0.0704149 	-0.117842 	-1.92338 	0.31344 	0.712377 	0.0740655 	
2.5	0.0704152 	-0.117847 	-1.92337 	0.31344 	0.712377 	0.0740652 	
2.505	0.0704152 	-0.117847 	-1.92337 	0.31344 	0.712377 	0.0740652 	
2.51	0.0704154 	-0.117852 	-1.92337 	0.31344 	0.712377 	0.074065 	
2.515	0.0704154 	-0.117852 	-1.92337 	0.31344 	0.712377 	0.074065 	
2.52	0.0704154 	-0.117852 	-1.92337 	0.31344 	0.712377 	0.074065 	
2.525	0.070414 	-0.117851 	-1.92336 	0.313439 	0.712372 	0.0740645 	
2.53	0.0704127 	-0.117851 	-1.92336 	0.313438 	0.712367 	0.074064 	
2.535	0.0704111 	-0.11785 	-1.92335 	0.313437 	0.712361 	0.0740635 	
2.54	0.0704092 	-0.117849 	-1.92335 	0.313436 	0.712354 	0.0740629 	
2.545	0.0704068 	-0.117847 	-1.92334 	0.313434 	0.712346 	0.0740621 	
2.55	0.0704042 	-0.117846 	-1.92333 	0.313433 	0.712336 	0.0740612 	
2.555	0.0704011 	-0.117844 	-1.92332 	0.313431 	0.712325 	0.0740602 	
2.56	0.0703977 	-0.117842 	-1.92331 	0.313428 	0.712312 	0.0740591 	
2.565	0.070394 	-0.11784 	-1.9233 	0.313426 	0.712298 	0.0740578 	
2.57	0.0703899 	-0.117838 	-1.92329 	0.313423 	0.712283 	0.0740564 	
2.575	0.0703854 	-0.117835 	-1.92328 	0.31342 	0.712267 	0.0740549 	
2.58	0.0703805 	-0.117833 	-1.92326 	0.313417 	0.712249 	0.0740533 	
2.585	0.0703753 	-0.11783 	-1.92325 	0.313413 	0.71223 	0.0740516 	
2.59	0.0703698 	-0.117827 	-1.92323 	0.31341 	0.71221 	0.0740497 	
2.595	0.0703639 	-0.117823 	-1.92321 	0.313406 	0.712188 	0.0740478 	
2.6	0.0703576 	-0.11782 	-1.92319 	0.313401 	0.712165 	0.0740457 	
2.605	0.0703509 	-0.117816 	-1.92317 	0.313397 	0.712141 	0.0740435 	
2.61	0.070344 	-0.117812 	-1.92315 	0.313392 	0.712115 	0.0740411 	
2.615	0.0703366 	-0.117808 	-1.92313 	0.313387 	0.712088 	0.0740387 	
2.62	0.0703289 	-0.117804 	-1.92311 	0.313382 	0.71206 	0.0740361 	
2.625	0.0703208 	-0.117799 	-1.92308 	0.313377 	0.71203 	0.0740334 	
2.63	0.0703124 	-0.117794 	-1.92306 	0.313371 	0.711999 	0.0740306 	
2.635	0.0703036 	-0.11779 	-1.92303 	0.313365 	0.711967 	0.0740277 	
2.64	0.0702945 	-0.117784 	-1.923 	0.313359 	0.711933 	0.0740247 	
2.645	0.070285 	-0.117779 	-1.92297 	0.313353 	0.711899 	0.0740215 	
2.65	0.0702752 	-0.117774 	-1.92295 	0.313346 	0.711862 	0.0740183 	
2.655	0.070265 	-0.117768 	-1.92291 	0.313339 	0.711825 	0.0740149 	
2.66	0.0702544 	-0.117762 	-1.92288 	0.313332 	0.711786 	0.0740114 	
2.665	0.0702435 	-0.117756 	-1.92285 	0.313325 	0.711746 	0.0740077 	
2.67	0.0702312 	-0.117749 	-1.92281 	0.313317 	0.711701 	0.0740036 	
2.675	0.0702206 	-0.117743 	-1.92278 	0.31331 	0.711662 	0.0740001 	
2.68	0.0702075 	-0.117736 	-1.92274 	0.313301 	0.711614 	0.0739958 	
2.685	0.0701952 	-0.117729 	-1.9227 	0.313293 	0.711569 	0.0739917 	
2.69	0.0701825 	-0.117722 	-1.92267 	0.313284 	0.711522 	0.0739874 	
2.695	0.0701695 	-0.117715 	-1.92263 	0.313275 	0.711475 	0.0739831 	
2.7	0.0701561 	-0.117707 	-1.92259 	0.313266 	0.711426 	0.0739787 	
2.705	0.0701424 	-0.117699 	-1.92255 	0.313257 	0.711375 	0.0739741 	
2.71	0.0701283 	-0.117692 	-1.9225 	0.313248 	0.711324 	0.0739694 	
2.715	0.0701139 	-0.117684 	-1.92246 	0.313238 	0.711271 	0.0739647 	
2.72	0.0700992 	-0.117675 	-1.92242 	0.313228 	0.711216 	0.0739598 	
2.725	0.0700841 	-0.117667 	-1.92237 	0.313218 	0.711161 	0.0739547 	
2.73	0.0700686 	-0.117658 	-1.92232 	0.313208 	0.711104 	0.0739496 	
2.735	0.0700529 	-0.11765 	-1.92228 	0.313197 	0.711046 	0.0739444 	
2.74	0.0700367 	-0.117641 	-1.92223 	0.313187 	0.710987 	0.073939 	
2.745	0.0700203 	-0.117631 	-1.92218 	0.313176 	0.710927 	0.0739336 	
2.75	0.0700035 	-0.117622 	-1.92213 	0.313164 	0.710865 	0.073928 	
2.755	0.0699864 	-0.117613 	-1.92208 	0.313153 	0.710802 	0.0739223 	
2.76	0.0699689 	-0.117603 	-1.92202 	0.313141 	0.710738 	0.0739165 	
2.765	0.0699511 	-0.117593 	-1.92197 	0.313129 	0.710673 	0.0739106 	
2.77	0.069933 	-0.117583 	-1.92191 	0.313117 	0.710606 	0.0739046 	
2.775	0.0699145 	-0.117573 	-1.92186 	0.313105 	0.710539 	0.0738985 	
2.78	0.0698957 	-0.117562 	-1.9218 	0.313092 	0.71047 	0.0738923 	
2.785	0.0698875 	-0.117257 	-1.92168 	0.313481 	0.708922 	0.0745271 	
2.79	0.069868 	-0.117247 	-1.92162 	0.313468 	0.70885 	0.0745206 	
2.795	0.0698483 	-0.117236 	-1.92156 	0.313455 	0.708778 	0.0745141 	
2.8	0.0698281 	-0.117224 	-1.9215 	0.313442 	0.708704 	0.0745074 	
2.805	0.0698077 	-0.117213 	-1.92144 	0.313428 	0.708629 	0.0745006 	
2.81	0.069787 	-0.117202 	-1.92137 	0.313414 	0.708553 	0.0744938 	
2.815	0.0697659 	-0.11719 	-1.92131 	0.3134 	0.708475 	0.0744868 	
2.82	0.0697445 	-0.117178 	-1.92124 	0.313386 	0.708397 	0.0744797 	
2.825	0.0697228 	-0.117166 	-1.92118 	0.313371 	0.708317 	0.0744725 	
2.83	0.0697007 	-0.117154 	-1.92111 	0.313357 	0.708236 	0.0744652 	
2.835	0.0696784 	-0.117142 	-1.92105 	0.313342 	0.708154 	0.0744578 	
2.84	0.0696557 	-0.117129 	-1.92098 	0.313327 	0.708071 	0.0744503 	
2.845	0.0696328 	-0.117117 	-1.92091 	0.313311 	0.707987 	0.0744427 	
2.85	0.0696095 	-0.117104 	-1.92084 	0.313296 	0.707901 	0.074435 	
2.855	0.0694801 	-0.116793 	-1.92069 	0.313146 	0.70615 	0.0743984 	
2.86	0.0694562 	-0.11678 	-1.92062 	0.31313 	0.706063 	0.0743905 	
2.865	0.0694319 	-0.116767 	-1.92054 	0.313114 	0.705974 	0.0743825 	
2.87	0.0694074 	-0.116754 	-1.92047 	0.313097 	0.705884 	0.0743744 	
2.875	0.0693826 	-0.11674 	-1.92039 	0.313081 	0.705792 	0.0743663 	
2.88	0.0693575 	-0.116726 	-1.92032 	0.313064 	0.7057 	0.074358 	
2.885	0.0693321 	-0.116712 	-1.92024 	0.313047 	0.705607 	0.0743496 	
2.89	0.0693063 	-0.116698 	-1.92016 	0.31303 	0.705512 	0.0743412 	
2.895	0.0692803 	-0.116684 	-1.92008 	0.313013 	0.705416 	0.0743326 	
2.9	0.069254 	-0.11667 	-1.92 	0.312996 	0.70532 	0.0743239 	
2.905	0.0692274 	-0.116655 	-1.91992 	0.312978 	0.705222 	0.0743152 	
2.91	0.0692005 	-0.11664 	-1.91984 	0.31296 	0.705123 	0.0743064 	
2.915	0.0690542 	-0.116324 	-1.91968 	0.312753 	0.703313 	0.0742015 	
2.92	0.0690267 	-0.116309 	-1.9196 	0.312735 	0.703212 	0.0741925 	
2.925	0.0689989 	-0.116294 	-1.91951 	0.312716 	0.70311 	0.0741834 	
2.93	0.0689709 	-0.116278 	-1.91943 	0.312698 	0.703007 	0.0741743 	
2.935	0.0689425 	-0.116263 	-1.91934 	0.312679 	0.702903 	0.074165 	
2.94	0.0689139 	-0.116248 	-1.91925 	0.31266 	0.702798 	0.0741557 	
2.945	0.068885 	-0.116232 	-1.91917 	0.312641 	0.702692 	0.0741462 	
2.95	0.0688559 	-0.116216 	-1.91908 	0.312622 	0.702584 	0.0741367 	
2.955	0.0688264 	-0.1162 	-1.91899 	0.312602 	0.702476 	0.0741271 	
2.96	0.0687967 	-0.116184 	-1.9189 	0.312583 	0.702367 	0.0741174 	
2.965	0.0687667 	-0.116168 	-1.91881 	0.312563 	0.702256 	0.0741076 	
2.97	0.0686121 	-0.11584 	-1.91863 	0.312343 	0.700374 	0.0739926 	
2.975	0.0685815 	-0.115824 	-1.91854 	0.312323 	0.700261 	0.0739827 	
2.98	0.0685507 	-0.115807 	-1.91845 	0.312302 	0.700148 	0.0739727 	
2.985	0.0685197 	-0.11579 	-1.91835 	0.312282 	0.700034 	0.0739626 	
2.99	0.0684884 	-0.115773 	-1.91826 	0.312261 	0.699918 	0.0739524 	
2.995	0.0684568 	-0.115756 	-1.91816 	0.312241 	0.699802 	0.0739422 	
3	0.0684249 	-0.115739 	-1.91806 	0.31222 	0.699685 	0.0739318 	
3.005	0.0683928 	-0.115722 	-1.91797 	0.312199 	0.699567 	0.0739214 	
3.01	0.0683605 	-0.115705 	-1.91787 	0.312178 	0.699448 	0.0739109 	
3.015	0.0683278 	-0.115687 	-1.91777 	0.312156 	0.699328 	0.0739004 	
3.02	0.0681703 	-0.115359 	-1.91758 	0.311934 	0.697431 	0.0737846 	
3.025	0.0681372 	-0.115341 	-1.91748 	0.311913 	0.697309 	0.073774 	
3.03	0.0681039 	-0.115323 	-1.91738 	0.311891 	0.697186 	0.0737632 	
3.035	0.0680703 	-0.115305 	-1.91728 	0.311869 	0.697063 	0.0737524 	
3.04	0.0680365 	-0.115287 	-1.91717 	0.311847 	0.696938 	0.0737415 	
3.045	0.0680024 	-0.115269 	-1.91707 	0.311825 	0.696813 	0.0737305 	
3.05	0.0679681 	-0.115251 	-1.91696 	0.311802 	0.696686 	0.0737195 	
3.055	0.0679335 	-0.115232 	-1.91686 	0.31178 	0.696559 	0.0737084 	
3.06	0.0678987 	-0.115214 	-1.91675 	0.311757 	0.696431 	0.0736972 	
3.065	0.0677427 	-0.114894 	-1.91656 	0.311541 	0.694577 	0.0735846 	
3.07	0.0677075 	-0.114876 	-1.91645 	0.311518 	0.694447 	0.0735733 	
3.075	0.067672 	-0.114857 	-1.91634 	0.311495 	0.694316 	0.073562 	
3.08	0.0676363 	-0.114838 	-1.91624 	0.311472 	0.694185 	0.0735506 	
3.085	0.0676004 	-0.114819 	-1.91613 	0.311448 	0.694052 	0.0735391 	
3.09	0.0675643 	-0.1148 	-1.91602 	0.311425 	0.693919 	0.0735276 	
3.095	0.0675279 	-0.114781 	-1.9159 	0.311401 	0.693785 	0.0735159 	
3.1	0.0674913 	-0.114761 	-1.91579 	0.311378 	0.69365 	0.0735043 	
3.105	0.0674546 	-0.114742 	-1.91568 	0.311354 	0.693515 	0.0734925 	
3.11	0.0672904 	-0.114407 	-1.91548 	0.311127 	0.691564 	0.073375 	
3.115	0.0672532 	-0.114388 	-1.91536 	0.311103 	0.691427 	0.0733632 	
3.12	0.0672158 	-0.114368 	-1.91525 	0.311079 	0.691289 	0.0733513 	
3.125	0.0671782 	-0.114348 	-1.91513 	0.311055 	0.69115 	0.0733394 	
3.13	0.0671404 	-0.114328 	-1.91502 	0.31103 	0.691011 	0.0733274 	
3.135	0.0671024 	-0.114309 	-1.9149 	0.311006 	0.69087 	0.0733154 	
3.14	0.0670642 	-0.114289 	-1.91478 	0.310981 	0.690729 	0.0733033 	
3.145	0.0670258 	-0.114269 	-1.91467 	0.310957 	0.690588 	0.0732911 	
3.15	0.0668671 	-0.113951 	-1.91446 	0.310741 	0.688731 	0.0731799 	
3.155	0.0668284 	-0.113931 	-1.91434 	0.310716 	0.688588 	0.0731677 	
3.16	0.0667894 	-0.113911 	-1.91422 	0.310691 	0.688444 	0.0731554 	
3.165	0.0667503 	-0.113891 	-1.9141 	0.310666 	0.6883 	0.073143 	
3.17	0.0667109 	-0.11387 	-1.91398 	0.310641 	0.688155 	0.0731307 	
3.175	0.0666714 	-0.11385 	-1.91386 	0.310616 	0.688009 	0.0731182 	
3.18	0.0666317 	-0.113829 	-1.91374 	0.31059 	0.687862 	0.0731057 	
3.185	0.0665919 	-0.113809 	-1.91361 	0.310565 	0.687715 	0.0730932 	
3.19	0.0664282 	-0.113483 	-1.9134 	0.310344 	0.685801 	0.0729794 	
3.195	0.066388 	-0.113462 	-1.91328 	0.310318 	0.685652 	0.0729669 	
3.2	0.0663477 	-0.113441 	-1.91315 	0.310292 	0.685503 	0.0729542 	
3.205	0.0663072 	-0.113421 	-1.91303 	0.310267 	0.685354 	0.0729416 	
3.21	0.0662665 	-0.1134 	-1.9129 	0.310241 	0.685203 	0.0729288 	
3.215	0.0662256 	-0.113379 	-1.91278 	0.310215 	0.685052 	0.0729161 	
3.22	0.0661846 	-0.113358 	-1.91265 	0.310188 	0.684901 	0.0729033 	
3.225	0.0661435 	-0.113337 	-1.91252 	0.310162 	0.684749 	0.0728904 	
3.23	0.0659744 	-0.113001 	-1.9123 	0.309935 	0.682768 	0.0727737 	
3.235	0.0659329 	-0.11298 	-1.91217 	0.309909 	0.682615 	0.0727609 	
3.24	0.0658913 	-0.112959 	-1.91204 	0.309882 	0.682461 	0.072748 	
3.245	0.0658496 	-0.112937 	-1.91191 	0.309856 	0.682307 	0.072735 	
3.25	0.0658077 	-0.112916 	-1.91178 	0.309829 	0.682152 	0.072722 	
3.255	0.0657657 	-0.112895 	-1.91166 	0.309803 	0.681997 	0.072709 	
3.26	0.0657235 	-0.112873 	-1.91152 	0.309776 	0.681841 	0.0726959 	
3.265	0.0655646 	-0.112566 	-1.91131 	0.309567 	0.680016 	0.0725889 	
3.27	0.0655222 	-0.112544 	-1.91117 	0.30954 	0.679859 	0.0725758 	
3.275	0.0654797 	-0.112523 	-1.91104 	0.309513 	0.679702 	0.0725627 	
3.28	0.065437 	-0.112501 	-1.91091 	0.309486 	0.679544 	0.0725496 	
3.285	0.0653943 	-0.11248 	-1.91078 	0.309459 	0.679385 	0.0725364 	
3.29	0.0653514 	-0.112458 	-1.91065 	0.309432 	0.679227 	0.0725232 	
3.295	0.0653083 	-0.112436 	-1.91051 	0.309405 	0.679067 	0.07251 	
3.3	0.0651475 	-0.112127 	-1.91029 	0.309194 	0.677222 	0.0724025 	
3.305	0.0651042 	-0.112105 	-1.91015 	0.309167 	0.677062 	0.0723892 	
3.31	0.0650609 	-0.112083 	-1.91002 	0.30914 	0.676901 	0.072376 	
3.315	0.0650174 	-0.112062 	-1.90988 	0.309113 	0.67674 	0.0723627 	
3.32	0.0649738 	-0.11204 	-1.90975 	0.309085 	0.676579 	0.0723494 	
3.325	0.0649302 	-0.112018 	-1.90961 	0.309058 	0.676417 	0.072336 	
3.33	0.0648864 	-0.111996 	-1.90948 	0.30903 	0.676255 	0.0723227 	
3.335	0.0647228 	-0.111682 	-1.90925 	0.308817 	0.674376 	0.0722141 	
3.34	0.0646788 	-0.11166 	-1.90911 	0.30879 	0.674213 	0.0722008 	
3.345	0.0646348 	-0.111639 	-1.90897 	0.308762 	0.67405 	0.0721874 	
3.35	0.0645907 	-0.111617 	-1.90884 	0.308734 	0.673887 	0.072174 	
3.355	0.0645465 	-0.111595 	-1.9087 	0.308707 	0.673723 	0.0721606 	
3.36	0.0645022 	-0.111573 	-1.90856 	0.308679 	0.673559 	0.0721472 	
3.365	0.0644579 	-0.111551 	-1.90842 	0.308652 	0.673394 	0.0721337 	
3.37	0.0642918 	-0.111233 	-1.90819 	0.308436 	0.671486 	0.0720244 	
3.375	0.0642473 	-0.111211 	-1.90805 	0.308408 	0.671321 	0.072011 	
3.38	0.0642027 	-0.11119 	-1.90791 	0.308381 	0.671155 	0.0719975 	
3.385	0.0641581 	-0.111168 	-1.90777 	0.308353 	0.67099 	0.0719841 	
3.39	0.0641134 	-0.111146 	-1.90763 	0.308325 	0.670824 	0.0719706 	
3.395	0.0640686 	-0.111124 	-1.90749 	0.308297 	0.670658 	0.0719571 	
3.4	0.0640238 	-0.111102 	-1.90735 	0.30827 	0.670492 	0.0719436 	
3.405	0.0638558 	-0.110781 	-1.90711 	0.308053 	0.66856 	0.0718339 	
3.41	0.0638109 	-0.11076 	-1.90697 	0.308025 	0.668393 	0.0718204 	
3.415	0.0637659 	-0.110738 	-1.90683 	0.307997 	0.668226 	0.0718069 	
3.42	0.0637209 	-0.110716 	-1.90669 	0.307969 	0.668059 	0.0717935 	
3.425	0.0636758 	-0.110694 	-1.90655 	0.307941 	0.667891 	0.07178 	
3.43	0.0636307 	-0.110672 	-1.90641 	0.307914 	0.667724 	0.0717665 	
3.435	0.0635856 	-0.11065 	-1.90627 	0.307886 	0.667556 	0.071753 	
3.44	0.0634162 	-0.110328 	-1.90602 	0.307668 	0.665606 	0.0716432 	
3.445	0.063371 	-0.110307 	-1.90588 	0.30764 	0.665438 	0.0716298 	
3.45	0.0633258 	-0.110285 	-1.90574 	0.307612 	0.66527 	0.0716163 	
3.455	0.0632805 	-0.110263 	-1.9056 	0.307584 	0.665102 	0.0716029 	
3.46	0.0632352 	-0.110241 	-1.90546 	0.307557 	0.664933 	0.0715894 	
3.465	0.0631899 	-0.11022 	-1.90532 	0.307529 	0.664765 	0.071576 	
3.47	0.0631445 	-0.110198 	-1.90517 	0.307501 	0.664596 	0.0715625 	
3.475	0.0629743 	-0.109875 	-1.90493 	0.307283 	0.662634 	0.071453 	
3.48	0.0629289 	-0.109854 	-1.90478 	0.307255 	0.662466 	0.0714396 	
3.485	0.0628836 	-0.109832 	-1.90464 	0.307228 	0.662297 	0.0714262 	
3.49	0.0628382 	-0.10981 	-1.9045 	0.3072 	0.662128 	0.0714128 	
3.495	0.0627928 	-0.109789 	-1.90436 	0.307172 	0.661959 	0.0713995 	
3.5	0.0627474 	-0.109767 	-1.90421 	0.307144 	0.66179 	0.0713861 	
3.505	0.062702 	-0.109746 	-1.90407 	0.307117 	0.661622 	0.0713728 	
3.51	0.0625314 	-0.109423 	-1.90382 	0.306899 	0.659654 	0.0712638 	
3.515	0.0624861 	-0.109402 	-1.90368 	0.306872 	0.659485 	0.0712505 	
3.52	0.0624407 	-0.109381 	-1.90354 	0.306844 	0.659316 	0.0712372 	
3.525	0.0623953 	-0.109359 	-1.90339 	0.306817 	0.659147 	0.071224 	
3.53	0.06235 	-0.109338 	-1.90325 	0.306789 	0.658978 	0.0712107 	
3.535	0.0623047 	-0.109317 	-1.90311 	0.306762 	0.65881 	0.0711975 	
3.54	0.0622593 	-0.109295 	-1.90297 	0.306734 	0.658641 	0.0711842 	
3.545	0.062089 	-0.108975 	-1.90272 	0.306518 	0.656673 	0.0710762 	
3.55	0.0620437 	-0.108953 	-1.90257 	0.30649 	0.656504 	0.0710631 	
3.555	0.0619985 	-0.108932 	-1.90243 	0.306463 	0.656336 	0.0710499 	
3.56	0.0619533 	-0.108911 	-1.90229 	0.306436 	0.656168 	0.0710368 	
3.565	0.0619081 	-0.10889 	-1.90215 	0.306408 	0.655999 	0.0710237 	
3.57	0.061863 	-0.108869 	-1.902 	0.306381 	0.655831 	0.0710106 	
3.575	0.0618179 	-0.108848 	-1.90186 	0.306354 	0.655663 	0.0709976 	
3.58	0.0616482 	-0.10853 	-1.90161 	0.30614 	0.653701 	0.0708908 	
3.585	0.0616032 	-0.108509 	-1.90147 	0.306113 	0.653534 	0.0708778 	
3.59	0.0615583 	-0.108488 	-1.90133 	0.306086 	0.653366 	0.0708649 	
3.595	0.0615134 	-0.108468 	-1.90118 	0.306059 	0.653199 	0.070852 	
3.6	0.0614686 	-0.108447 	-1.90104 	0.306032 	0.653032 	0.0708391 	
3.605	0.0614238 	-0.108427 	-1.9009 	0.306005 	0.652865 	0.0708262 	
3.61	0.061379 	-0.108406 	-1.90076 	0.305978 	0.652698 	0.0708133 	
3.615	0.0612105 	-0.108091 	-1.90051 	0.305766 	0.650748 	0.0707081 	
3.62	0.061166 	-0.10807 	-1.90037 	0.305739 	0.650582 	0.0706953 	
3.625	0.0611214 	-0.10805 	-1.90022 	0.305713 	0.650416 	0.0706826 	
3.63	0.061077 	-0.10803 	-1.90008 	0.305686 	0.65025 	0.0706699 	
3.635	0.0610326 	-0.10801 	-1.89994 	0.30566 	0.650084 	0.0706572 	
3.64	0.0609883 	-0.10799 	-1.8998 	0.305633 	0.649919 	0.0706446 	
3.645	0.0609441 	-0.10797 	-1.89966 	0.305607 	0.649754 	0.070632 	
3.65	0.0607773 	-0.107658 	-1.89941 	0.305398 	0.647822 	0.0705286 	
3.655	0.0607332 	-0.107639 	-1.89927 	0.305372 	0.647657 	0.0705161 	
3.66	0.0606893 	-0.107619 	-1.89913 	0.305346 	0.647493 	0.0705036 	
3.665	0.0606454 	-0.107599 	-1.89899 	0.30532 	0.647329 	0.0704912 	
3.67	0.0606016 	-0.107579 	-1.89885 	0.305294 	0.647166 	0.0704787 	
3.675	0.0605579 	-0.10756 	-1.89871 	0.305268 	0.647003 	0.0704664 	
3.68	0.0605143 	-0.10754 	-1.89858 	0.305242 	0.64684 	0.070454 	
3.685	0.0603497 	-0.107234 	-1.89833 	0.305036 	0.644932 	0.0703528 	
3.69	0.0603064 	-0.107215 	-1.89819 	0.305011 	0.64477 	0.0703405 	
3.695	0.0602631 	-0.107196 	-1.89805 	0.304985 	0.644608 	0.0703284 	
3.7	0.0602199 	-0.107176 	-1.89791 	0.30496 	0.644447 	0.0703162 	
3.705	0.0601768 	-0.107157 	-1.89778 	0.304934 	0.644286 	0.0703041 	
3.71	0.0601339 	-0.107138 	-1.89764 	0.304909 	0.644125 	0.070292 	
3.715	0.0600911 	-0.107119 	-1.8975 	0.304884 	0.643965 	0.0702799 	
3.72	0.0599292 	-0.106819 	-1.89726 	0.304683 	0.642087 	0.0701811 	
3.725	0.0598866 	-0.1068 	-1.89712 	0.304658 	0.641928 	0.0701692 	
3.73	0.0598442 	-0.106782 	-1.89699 	0.304633 	0.641769 	0.0701573 	
3.735	0.0598018 	-0.106763 	-1.89685 	0.304608 	0.641611 	0.0701455 	
3.74	0.0597596 	-0.106744 	-1.89672 	0.304583 	0.641453 	0.0701337 	
3.745	0.0597176 	-0.106726 	-1.89658 	0.304558 	0.641296 	0.0701219 	
3.75	0.0596756 	-0.106707 	-1.89645 	0.304534 	0.641139 	0.0701102 	
3.755	0.059517 	-0.106414 	-1.89621 	0.304337 	0.639296 	0.0700141 	
3.76	0.0594753 	-0.106396 	-1.89607 	0.304313 	0.63914 	0.0700025 	
3.765	0.0594338 	-0.106378 	-1.89594 	0.304289 	0.638985 	0.069991 	
3.77	0.0593924 	-0.10636 	-1.89581 	0.304265 	0.63883 	0.0699795 	
3.775	0.0593512 	-0.106342 	-1.89567 	0.304241 	0.638676 	0.069968 	
3.78	0.0593101 	-0.106324 	-1.89554 	0.304217 	0.638522 	0.0699566 	
3.785	0.0592692 	-0.106307 	-1.89541 	0.304193 	0.638369 	0.0699453 	
3.79	0.0592284 	-0.106289 	-1.89528 	0.304169 	0.638216 	0.069934 	
3.795	0.0590592 	-0.10597 	-1.89503 	0.303957 	0.636206 	0.0698304 	
3.8	0.0590188 	-0.105953 	-1.8949 	0.303933 	0.636055 	0.0698193 	
3.805	0.0589785 	-0.105935 	-1.89477 	0.30391 	0.635904 	0.0698082 	
3.81	0.0589384 	-0.105918 	-1.89464 	0.303887 	0.635754 	0.0697971 	
3.815	0.0588984 	-0.105901 	-1.89451 	0.303864 	0.635604 	0.0697861 	
3.82	0.0588586 	-0.105884 	-1.89439 	0.303841 	0.635455 	0.0697752 	
3.825	0.058819 	-0.105867 	-1.89426 	0.303818 	0.635307 	0.0697643 	
3.83	0.0587796 	-0.10585 	-1.89413 	0.303795 	0.635159 	0.0697535 	
3.835	0.0586142 	-0.105538 	-1.89389 	0.303588 	0.633189 	0.0696529 	
3.84	0.0585751 	-0.105522 	-1.89376 	0.303566 	0.633042 	0.0696422 	
3.845	0.0585362 	-0.105505 	-1.89363 	0.303543 	0.632897 	0.0696316 	
3.85	0.0584975 	-0.105489 	-1.89351 	0.303521 	0.632752 	0.069621 	
3.855	0.058459 	-0.105472 	-1.89339 	0.303499 	0.632607 	0.0696105 	
3.86	0.0584207 	-0.105456 	-1.89326 	0.303476 	0.632464 	0.0696 	
3.865	0.0583825 	-0.10544 	-1.89314 	0.303454 	0.632321 	0.0695896 	
3.87	0.0583446 	-0.105424 	-1.89302 	0.303433 	0.632179 	0.0695792 	
3.875	0.058185 	-0.105124 	-1.89278 	0.303234 	0.630275 	0.0694829 	
3.88	0.0581474 	-0.105108 	-1.89266 	0.303212 	0.630134 	0.0694727 	
3.885	0.0581101 	-0.105093 	-1.89254 	0.303191 	0.629994 	0.0694626 	
3.89	0.0580729 	-0.105077 	-1.89242 	0.30317 	0.629855 	0.0694525 	
3.895	0.058036 	-0.105062 	-1.8923 	0.303148 	0.629716 	0.0694425 	
3.9	0.0579993 	-0.105046 	-1.89218 	0.303127 	0.629579 	0.0694325 	
3.905	0.0579628 	-0.105031 	-1.89206 	0.303106 	0.629442 	0.0694227 	
3.91	0.0579264 	-0.105016 	-1.89194 	0.303086 	0.629306 	0.0694128 	
3.915	0.0577734 	-0.104729 	-1.89171 	0.302896 	0.627478 	0.0693211 	
3.92	0.0577376 	-0.104714 	-1.8916 	0.302876 	0.627344 	0.0693115 	
3.925	0.0577019 	-0.1047 	-1.89148 	0.302855 	0.62721 	0.0693019 	
3.93	0.0576665 	-0.104685 	-1.89137 	0.302835 	0.627077 	0.0692923 	
3.935	0.0576313 	-0.10467 	-1.89125 	0.302815 	0.626945 	0.0692828 	
3.94	0.0575963 	-0.104656 	-1.89114 	0.302795 	0.626814 	0.0692734 	
3.945	0.0575615 	-0.104641 	-1.89103 	0.302775 	0.626683 	0.0692641 	
3.95	0.057527 	-0.104627 	-1.89092 	0.302755 	0.626554 	0.0692548 	
3.955	0.0574927 	-0.104613 	-1.89081 	0.302736 	0.626425 	0.0692456 	
3.96	0.057335 	-0.104313 	-1.89057 	0.302538 	0.624507 	0.0691505 	
3.965	0.0573012 	-0.104299 	-1.89046 	0.302519 	0.62438 	0.0691414 	
3.97	0.0572676 	-0.104285 	-1.89035 	0.3025 	0.624254 	0.0691324 	
3.975	0.0572343 	-0.104272 	-1.89025 	0.302481 	0.624129 	0.0691235 	
3.98	0.0572012 	-0.104258 	-1.89014 	0.302463 	0.624005 	0.0691147 	
3.985	0.0571683 	-0.104245 	-1.89003 	0.302444 	0.623881 	0.0691059 	
3.99	0.0571357 	-0.104231 	-1.88993 	0.302425 	0.623759 	0.0690972 	
3.995	0.0571033 	-0.104218 	-1.88982 	0.302407 	0.623637 	0.0690885 	
4	0.0570712 	-0.104205 	-1.88972 	0.302389 	0.623517 	0.06908 	
4.005	0.0569218 	-0.103921 	-1.8895 	0.302202 	0.621695 	0.0689904 	
4.01	0.0568902 	-0.103908 	-1.88939 	0.302185 	0.621576 	0.068982 	
4.015	0.0568589 	-0.103896 	-1.88929 	0.302167 	0.621458 	0.0689737 	
4.02	0.0568278 	-0.103883 	-1.88919 	0.302149 	0.621341 	0.0689655 	
4.025	0.0567969 	-0.103871 	-1.88909 	0.302132 	0.621226 	0.0689573 	
4.03	0.0567664 	-0.103858 	-1.88899 	0.302115 	0.621111 	0.0689492 	
4.035	0.0567361 	-0.103846 	-1.88889 	0.302098 	0.620997 	0.0689411 	
4.04	0.056706 	-0.103834 	-1.8888 	0.302081 	0.620884 	0.0689332 	
4.045	0.0566762 	-0.103822 	-1.8887 	0.302064 	0.620772 	0.0689253 	
4.05	0.0566467 	-0.10381 	-1.8886 	0.302047 	0.620661 	0.0689175 	
4.055	0.0564975 	-0.103522 	-1.88839 	0.301859 	0.618812 	0.0688276 	
4.06	0.0564685 	-0.103511 	-1.88829 	0.301843 	0.618703 	0.0688199 	
4.065	0.0564398 	-0.103499 	-1.8882 	0.301827 	0.618595 	0.0688124 	
4.07	0.0564114 	-0.103488 	-1.88811 	0.301811 	0.618488 	0.0688049 	
4.075	0.0563833 	-0.103477 	-1.88801 	0.301795 	0.618383 	0.0687975 	
4.08	0.0563554 	-0.103466 	-1.88792 	0.30178 	0.618278 	0.0687901 	
4.085	0.0563279 	-0.103455 	-1.88783 	0.301764 	0.618174 	0.0687829 	
4.09	0.0563006 	-0.103444 	-1.88775 	0.301749 	0.618072 	0.0687757 	
4.095	0.0562736 	-0.103433 	-1.88766 	0.301734 	0.61797 	0.0687686 	
4.1	0.0562468 	-0.103422 	-1.88757 	0.301719 	0.61787 	0.0687616 	
4.105	0.0562204 	-0.103412 	-1.88748 	0.301704 	0.61777 	0.0687546 	
4.11	0.0560744 	-0.103127 	-1.88728 	0.301519 	0.615933 	0.0686663 	
4.115	0.0560485 	-0.103117 	-1.88719 	0.301505 	0.615836 	0.0686596 	
4.12	0.056023 	-0.103107 	-1.88711 	0.30149 	0.61574 	0.0686529 	
4.125	0.0559977 	-0.103097 	-1.88703 	0.301476 	0.615645 	0.0686463 	
4.13	0.0559727 	-0.103087 	-1.88694 	0.301462 	0.615551 	0.0686398 	
4.135	0.0559481 	-0.103077 	-1.88686 	0.301449 	0.615458 	0.0686333 	
4.14	0.0559237 	-0.103067 	-1.88678 	0.301435 	0.615367 	0.0686269 	
4.145	0.0558996 	-0.103058 	-1.88671 	0.301422 	0.615276 	0.0686206 	
4.15	0.0558759 	-0.103049 	-1.88663 	0.301408 	0.615187 	0.0686144 	
4.155	0.0558524 	-0.103039 	-1.88655 	0.301395 	0.615098 	0.0686083 	
4.16	0.0558292 	-0.10303 	-1.88648 	0.301382 	0.615011 	0.0686023 	
4.165	0.0558064 	-0.103021 	-1.8864 	0.30137 	0.614925 	0.0685963 	
4.17	0.0556684 	-0.102749 	-1.88621 	0.301194 	0.613166 	0.0685127 	
4.175	0.0556462 	-0.10274 	-1.88614 	0.301181 	0.613082 	0.0685069 	
4.18	0.0556243 	-0.102732 	-1.88606 	0.301169 	0.613 	0.0685012 	
4.185	0.0556027 	-0.102723 	-1.88599 	0.301157 	0.612919 	0.0684956 	
4.19	0.0555814 	-0.102715 	-1.88592 	0.301145 	0.612838 	0.06849 	
4.195	0.0556125 	-0.102627 	-1.88594 	0.301135 	0.61263 	0.0684896 	
4.2	0.0556452 	-0.102542 	-1.88596 	0.301124 	0.612422 	0.0684892 	
4.205	0.0556777 	-0.102457 	-1.88598 	0.301114 	0.612214 	0.0684888 	
4.21	0.0557092 	-0.102373 	-1.886 	0.301104 	0.612006 	0.0684884 	
4.215	0.0557397 	-0.102287 	-1.88601 	0.301093 	0.611798 	0.0684881 	
4.22	0.0557694 	-0.102202 	-1.88603 	0.301083 	0.61159 	0.0684877 	
4.225	0.0557982 	-0.102116 	-1.88605 	0.301072 	0.611382 	0.0684874 	
4.23	0.0558266 	-0.10203 	-1.88606 	0.301062 	0.611174 	0.068487 	
4.235	0.0558542 	-0.101944 	-1.88608 	0.301051 	0.610965 	0.0684867 	
4.24	0.0558815 	-0.101858 	-1.88609 	0.301041 	0.610757 	0.0684864 	
4.245	0.0559086 	-0.101773 	-1.8861 	0.30103 	0.610549 	0.0684861 	
4.25	0.0559355 	-0.101687 	-1.88612 	0.30102 	0.610341 	0.0684858 	
4.255	0.0559622 	-0.101602 	-1.88613 	0.301009 	0.610133 	0.0684855 	
4.26	0.0559888 	-0.101517 	-1.88614 	0.300999 	0.609925 	0.0684852 	
4.265	0.0560152 	-0.101432 	-1.88616 	0.300988 	0.609716 	0.068485 	
4.27	0.0560415 	-0.101347 	-1.88617 	0.300978 	0.609508 	0.0684847 	
4.275	0.0560668 	-0.101261 	-1.88618 	0.300967 	0.6093 	0.0684844 	
4.28	0.0560885 	-0.101169 	-1.88619 	0.300957 	0.609092 	0.0684842 	
4.285	0.0561069 	-0.101071 	-1.88618 	0.300946 	0.608883 	0.0684839 	
4.29	0.0561244 	-0.100972 	-1.88617 	0.300936 	0.608675 	0.0684837 	
4.295	0.0561449 	-0.100879 	-1.88617 	0.300925 	0.608467 	0.0684834 	
4.3	0.0561625 	-0.10078 	-1.88617 	0.300914 	0.608258 	0.0684832 	
4.305	0.0561799 	-0.100681 	-1.88616 	0.300904 	0.60805 	0.0684829 	
4.31	0.0562005 	-0.100588 	-1.88616 	0.300893 	0.607842 	0.0684827 	
4.315	0.0562204 	-0.100494 	-1.88615 	0.300882 	0.607633 	0.0684824 	
4.32	0.0562439 	-0.100405 	-1.88616 	0.300872 	0.607425 	0.0684822 	
4.325	0.0562663 	-0.100315 	-1.88616 	0.300861 	0.607217 	0.068482 	
4.33	0.0562918 	-0.10023 	-1.88617 	0.300851 	0.607009 	0.0684817 	
4.335	0.0563147 	-0.10014 	-1.88617 	0.30084 	0.6068 	0.0684815 	
4.34	0.0563377 	-0.10005 	-1.88617 	0.30083 	0.606592 	0.0684813 	
4.345	0.0563586 	-0.0999561 	-1.88617 	0.300819 	0.606384 	0.068481 	
4.35	0.0563781 	-0.0998592 	-1.88616 	0.300808 	0.606175 	0.0684808 	
4.355	0.0563976 	-0.0997619 	-1.88615 	0.300798 	0.605967 	0.0684805 	
4.36	0.0564202 	-0.0996699 	-1.88614 	0.300787 	0.605758 	0.0684803 	
4.365	0.0564412 	-0.0995748 	-1.88613 	0.300776 	0.60555 	0.0684801 	
4.37	0.0564615 	-0.0994779 	-1.88612 	0.300766 	0.605342 	0.0684798 	
4.375	0.0564796 	-0.099377 	-1.88611 	0.300755 	0.605133 	0.0684796 	
4.38	0.0564975 	-0.0992749 	-1.88609 	0.300744 	0.604925 	0.0684793 	
4.385	0.0565136 	-0.0991696 	-1.88606 	0.300733 	0.604716 	0.0684791 	
4.39	0.05653 	-0.0990637 	-1.88603 	0.300723 	0.604507 	0.0684788 	
4.395	0.0565462 	-0.0989578 	-1.88601 	0.300712 	0.604299 	0.0684786 	
4.4	0.056567 	-0.0988597 	-1.88599 	0.300701 	0.60409 	0.0684783 	
4.405	0.0565859 	-0.0987582 	-1.88597 	0.30069 	0.603882 	0.0684781 	
4.41	0.0566049 	-0.0986559 	-1.88595 	0.300679 	0.603673 	0.0684779 	
4.415	0.0566201 	-0.0985484 	-1.88592 	0.300669 	0.603465 	0.0684776 	
4.42	0.0566298 	-0.098434 	-1.88588 	0.300658 	0.603256 	0.0684774 	
4.425	0.0566342 	-0.0983131 	-1.88583 	0.300647 	0.603047 	0.0684772 	
4.43	0.056634 	-0.0981863 	-1.88578 	0.300636 	0.602838 	0.068477 	
4.435	0.0566295 	-0.0980541 	-1.88572 	0.300625 	0.602629 	0.0684768 	
4.44	0.0566211 	-0.0979169 	-1.88565 	0.300613 	0.60242 	0.0684767 	
4.445	0.0566088 	-0.097775 	-1.88558 	0.300602 	0.602211 	0.0684765 	
4.45	0.056593 	-0.0976286 	-1.8855 	0.300591 	0.602002 	0.0684764 	
4.455	0.0565743 	-0.0974828 	-1.88543 	0.30058 	0.601793 	0.0684762 	
4.46	0.0565538 	-0.0973472 	-1.88536 	0.300568 	0.601584 	0.068476 	
4.465	0.0565297 	-0.0972151 	-1.88529 	0.300557 	0.601375 	0.0684758 	
4.47	0.0565009 	-0.097103 	-1.88525 	0.300545 	0.601166 	0.0684756 	
4.475	0.0564692 	-0.0969919 	-1.8852 	0.300533 	0.600957 	0.0684755 	
4.48	0.0564336 	-0.0968971 	-1.88517 	0.300521 	0.600748 	0.0684753 	
4.485	0.0563985 	-0.0968014 	-1.88514 	0.300509 	0.600539 	0.0684752 	
4.49	0.0563677 	-0.0967184 	-1.88513 	0.300497 	0.600331 	0.068475 	
4.495	0.0563367 	-0.0966332 	-1.88511 	0.300485 	0.600122 	0.0684749 	
4.5	0.05631 	-0.0965583 	-1.88511 	0.300473 	0.599914 	0.0684748 	
4.505	0.0562828 	-0.0964801 	-1.8851 	0.300461 	0.599706 	0.0684747 	
4.51	0.0562591 	-0.0964105 	-1.88511 	0.300449 	0.599497 	0.0684746 	
4.515	0.0562347 	-0.0963368 	-1.88511 	0.300437 	0.599289 	0.0684745 	
4.52	0.0562139 	-0.0962702 	-1.88512 	0.300425 	0.599081 	0.0684744 	
4.525	0.0561905 	-0.0961981 	-1.88513 	0.300413 	0.598873 	0.0684743 	
4.53	0.0561667 	-0.0961307 	-1.88514 	0.300401 	0.598665 	0.0684742 	
4.535	0.056144 	-0.0960628 	-1.88515 	0.300389 	0.598456 	0.0684742 	
4.54	0.0561205 	-0.0959968 	-1.88516 	0.300377 	0.598248 	0.0684741 	
4.545	0.0560939 	-0.0959273 	-1.88517 	0.300365 	0.59804 	0.068474 	
4.55	0.0560655 	-0.0958588 	-1.88518 	0.300353 	0.597832 	0.0684739 	
4.555	0.0560356 	-0.0957951 	-1.8852 	0.300341 	0.597624 	0.0684738 	
4.56	0.0560041 	-0.0957226 	-1.8852 	0.300329 	0.597415 	0.0684737 	
4.565	0.0559717 	-0.0956431 	-1.8852 	0.300317 	0.597207 	0.0684736 	
4.57	0.0559379 	-0.0955562 	-1.88519 	0.300305 	0.596999 	0.0684735 	
4.575	0.0559033 	-0.0954635 	-1.88517 	0.300292 	0.59679 	0.0684734 	
4.58	0.0558675 	-0.0953643 	-1.88515 	0.30028 	0.596582 	0.0684732 	
4.585	0.0558314 	-0.0952659 	-1.88512 	0.300268 	0.596373 	0.0684731 	
4.59	0.0557952 	-0.0951784 	-1.88511 	0.300256 	0.596165 	0.068473 	
4.595	0.0557601 	-0.0950902 	-1.88509 	0.300244 	0.595956 	0.0684728 	
4.6	0.0557275 	-0.0950123 	-1.88509 	0.300232 	0.595748 	0.0684727 	
4.605	0.0556934 	-0.0949321 	-1.88509 	0.300219 	0.59554 	0.0684726 	
4.61	0.0556599 	-0.0948608 	-1.88509 	0.300207 	0.595331 	0.0684725 	
4.615	0.0556265 	-0.0947872 	-1.8851 	0.300195 	0.595123 	0.0684724 	
4.62	0.0555928 	-0.0947199 	-1.88511 	0.300183 	0.594915 	0.0684723 	
4.625	0.0555605 	-0.0946488 	-1.88512 	0.300171 	0.594707 	0.0684722 	
4.63	0.0555319 	-0.0945815 	-1.88513 	0.300158 	0.594499 	0.0684721 	
4.635	0.0555028 	-0.0945114 	-1.88515 	0.300146 	0.59429 	0.068472 	
4.64	0.0554789 	-0.0944448 	-1.88516 	0.300134 	0.594082 	0.068472 	
4.645	0.0554543 	-0.094375 	-1.88518 	0.300122 	0.593874 	0.0684719 	
4.65	0.0554341 	-0.0943087 	-1.8852 	0.30011 	0.593666 	0.0684718 	
4.655	0.0554126 	-0.0942391 	-1.88521 	0.300098 	0.593458 	0.0684717 	
4.66	0.055395 	-0.0941728 	-1.88523 	0.300086 	0.59325 	0.0684717 	
4.665	0.0553754 	-0.0941032 	-1.88525 	0.300075 	0.593042 	0.0684716 	
4.67	0.0553575 	-0.094037 	-1.88527 	0.300063 	0.592834 	0.0684716 	
4.675	0.0553376 	-0.0939673 	-1.88529 	0.300051 	0.592626 	0.0684715 	
4.68	0.0553194 	-0.0939011 	-1.88531 	0.300039 	0.592418 	0.0684714 	
4.685	0.0552985 	-0.0938313 	-1.88533 	0.300027 	0.59221 	0.0684714 	
4.69	0.0552785 	-0.0937657 	-1.88535 	0.300015 	0.592002 	0.0684714 	
4.695	0.0552591 	-0.0936969 	-1.88537 	0.300003 	0.591794 	0.0684713 	
4.7	0.0552403 	-0.09363 	-1.8854 	0.299991 	0.591586 	0.0684713 	
4.705	0.0552227 	-0.0935608 	-1.88542 	0.299979 	0.591378 	0.0684712 	
4.71	0.0552055 	-0.0934936 	-1.88544 	0.299967 	0.59117 	0.0684712 	
4.715	0.0551893 	-0.0934243 	-1.88546 	0.299956 	0.590962 	0.0684711 	
4.72	0.0551733 	-0.0933568 	-1.88548 	0.299944 	0.590754 	0.0684711 	
4.725	0.055158 	-0.0932872 	-1.88551 	0.299932 	0.590546 	0.0684711 	
4.73	0.0551428 	-0.0932196 	-1.88553 	0.29992 	0.590338 	0.068471 	
4.735	0.0551282 	-0.0931498 	-1.88555 	0.299908 	0.59013 	0.068471 	
4.74	0.0551135 	-0.093082 	-1.88558 	0.299897 	0.589922 	0.068471 	
4.745	0.0550994 	-0.093012 	-1.8856 	0.299885 	0.589714 	0.0684709 	
4.75	0.055085 	-0.0929441 	-1.88562 	0.299873 	0.589506 	0.0684709 	
4.755	0.0550712 	-0.0928739 	-1.88564 	0.299861 	0.589298 	0.0684709 	
4.76	0.055057 	-0.0928059 	-1.88567 	0.29985 	0.58909 	0.0684709 	
4.765	0.0550432 	-0.0927356 	-1.88569 	0.299838 	0.588882 	0.0684708 	
4.77	0.0550291 	-0.0926675 	-1.88571 	0.299826 	0.588674 	0.0684708 	
4.775	0.0550155 	-0.0925971 	-1.88574 	0.299814 	0.588466 	0.0684708 	
4.78	0.0550014 	-0.0925288 	-1.88576 	0.299802 	0.588258 	0.0684707 	
4.785	0.0549877 	-0.0924584 	-1.88578 	0.299791 	0.58805 	0.0684707 	
4.79	0.0549736 	-0.09239 	-1.88581 	0.299779 	0.587842 	0.0684707 	
4.795	0.0549599 	-0.0923195 	-1.88583 	0.299767 	0.587634 	0.0684707 	
4.8	0.0549457 	-0.0922511 	-1.88585 	0.299755 	0.587426 	0.0684706 	
4.805	0.0549319 	-0.0921805 	-1.88587 	0.299744 	0.587218 	0.0684706 	
4.81	0.0549176 	-0.0921121 	-1.8859 	0.299732 	0.58701 	0.0684706 	
4.815	0.0549038 	-0.0920415 	-1.88592 	0.29972 	0.586802 	0.0684705 	
4.82	0.0548893 	-0.091973 	-1.88594 	0.299708 	0.586594 	0.0684705 	
4.825	0.0548754 	-0.0919023 	-1.88596 	0.299697 	0.586386 	0.0684705 	
4.83	0.0548608 	-0.0918338 	-1.88599 	0.299685 	0.586178 	0.0684705 	
4.835	0.0548467 	-0.0917631 	-1.88601 	0.299673 	0.58597 	0.0684704 	
4.84	0.054832 	-0.0916946 	-1.88603 	0.299661 	0.585762 	0.0684704 	
4.845	0.0548178 	-0.0916239 	-1.88606 	0.299649 	0.585554 	0.0684704 	
4.85	0.054803 	-0.0915554 	-1.88608 	0.299638 	0.585346 	0.0684704 	
4.855	0.0547886 	-0.0914846 	-1.8861 	0.299626 	0.585138 	0.0684703 	
4.86	0.0547737 	-0.0914161 	-1.88613 	0.299614 	0.58493 	0.0684703 	
4.865	0.0547592 	-0.0913453 	-1.88615 	0.299602 	0.584722 	0.0684703 	
4.87	0.0547442 	-0.0912768 	-1.88617 	0.29959 	0.584514 	0.0684703 	
4.875	0.0547296 	-0.091206 	-1.88619 	0.299579 	0.584306 	0.0684702 	
4.88	0.0547144 	-0.0911374 	-1.88622 	0.299567 	0.584098 	0.0684702 	
4.885	0.0546998 	-0.0910666 	-1.88624 	0.299555 	0.58389 	0.0684702 	
4.89	0.0546845 	-0.0909981 	-1.88626 	0.299543 	0.583682 	0.0684701 	
4.895	0.0546697 	-0.0909272 	-1.88628 	0.299531 	0.583474 	0.0684701 	
4.9	0.0546543 	-0.0908587 	-1.8863 	0.299519 	0.583266 	0.0684701 	
4.905	0.0546394 	-0.0907878 	-1.88633 	0.299508 	0.583058 	0.0684701 	
4.91	0.0546239 	-0.0907193 	-1.88635 	0.299496 	0.58285 	0.06847 	
4.915	0.0546089 	-0.0906484 	-1.88637 	0.299484 	0.582642 	0.06847 	
4.92	0.0545933 	-0.0905799 	-1.88639 	0.299472 	0.582434 	0.06847 	
4.925	0.0545782 	-0.090509 	-1.88641 	0.29946 	0.582226 	0.0684699 	
4.93	0.0545625 	-0.0904405 	-1.88644 	0.299448 	0.582018 	0.0684699 	
4.935	0.0545472 	-0.0903696 	-1.88646 	0.299437 	0.58181 	0.0684699 	
4.94	0.0545314 	-0.0903011 	-1.88648 	0.299425 	0.581602 	0.0684698 	
4.945	0.054516 	-0.0902302 	-1.8865 	0.299413 	0.581394 	0.0684698 	
4.95	0.0545 	-0.0901617 	-1.88653 	0.299401 	0.581186 	0.0684698 	
4.955	0.0544845 	-0.0900908 	-1.88655 	0.299389 	0.580978 	0.0684697 	
4.96	0.0544685 	-0.0900223 	-1.88657 	0.299377 	0.58077 	0.0684697 	
4.965	0.0544528 	-0.0899514 	-1.88659 	0.299366 	0.580562 	0.0684697 	
4.97	0.0544367 	-0.0898829 	-1.88661 	0.299354 	0.580354 	0.0684696 	
4.975	0.0544209 	-0.0898121 	-1.88663 	0.299342 	0.580146 	0.0684696 	
4.98	0.0544047 	-0.0897435 	-1.88666 	0.29933 	0.579938 	0.0684696 	
4.985	0.0543888 	-0.0896727 	-1.88668 	0.299318 	0.57973 	0.0684695 	
4.99	0.0543724 	-0.0896042 	-1.8867 	0.299306 	0.579522 	0.0684695 	
4.995	0.0543573 	-0.0895333 	-1.88672 	0.299294 	0.579314 	0.0684695 	
5	0.0543436 	-0.0894647 	-1.88674 	0.299282 	0.579106 	0.0684694 	
5.005	0.0543295 	-0.0893939 	-1.88676 	0.299271 	0.578898 	0.0684693 	
5.01	0.054318 	-0.089325 	-1.88679 	0.299259 	0.57869 	0.0684692 	
5.015	0.0543059 	-0.0892541 	-1.88681 	0.299247 	0.578482 	0.0684691 	
5.02	0.0542963 	-0.0891849 	-1.88683 	0.299235 	0.578274 	0.0684689 	
5.025	0.054286 	-0.0891139 	-1.88686 	0.299223 	0.578066 	0.0684688 	
5.03	0.054278 	-0.0890445 	-1.88688 	0.299212 	0.577858 	0.0684686 	
5.035	0.054269 	-0.0889732 	-1.8869 	0.2992 	0.577651 	0.0684684 	
5.04	0.054262 	-0.0889036 	-1.88693 	0.299188 	0.577443 	0.0684682 	
5.045	0.0542525 	-0.0888322 	-1.88695 	0.299176 	0.577235 	0.0684681 	
5.05	0.0542411 	-0.0887629 	-1.88697 	0.299164 	0.577027 	0.0684679 	
5.055	0.054229 	-0.0886918 	-1.88699 	0.299152 	0.576819 	0.0684678 	
5.06	0.054216 	-0.0886225 	-1.88702 	0.299141 	0.576611 	0.0684676 	
5.065	0.0542024 	-0.0885515 	-1.88704 	0.299129 	0.576403 	0.0684675 	
5.07	0.0541882 	-0.0884822 	-1.88706 	0.299117 	0.576195 	0.0684674 	
5.075	0.0541736 	-0.0884113 	-1.88708 	0.299105 	0.575987 	0.0684673 	
5.08	0.0541584 	-0.0883421 	-1.8871 	0.299093 	0.575779 	0.0684672 	
5.085	0.054143 	-0.0882712 	-1.88712 	0.299081 	0.575571 	0.0684671 	
5.09	0.0541271 	-0.088202 	-1.88715 	0.299069 	0.575363 	0.068467 	
5.095	0.0541111 	-0.0881312 	-1.88717 	0.299057 	0.575155 	0.0684669 	
5.1	0.0540945 	-0.0880621 	-1.88719 	0.299045 	0.574947 	0.0684668 	
5.105	0.0540778 	-0.0879914 	-1.88721 	0.299033 	0.574739 	0.0684667 	
5.11	0.0540612 	-0.0879223 	-1.88723 	0.299021 	0.574531 	0.0684666 	
5.115	0.0540439 	-0.0878517 	-1.88725 	0.299009 	0.574323 	0.0684665 	
5.12	0.0540273 	-0.0877826 	-1.88727 	0.298997 	0.574115 	0.0684664 	
5.125	0.0540095 	-0.087712 	-1.88729 	0.298985 	0.573907 	0.0684664 	
5.13	0.0539928 	-0.0876431 	-1.88731 	0.298973 	0.573699 	0.0684663 	
5.135	0.0539748 	-0.0875725 	-1.88733 	0.298962 	0.573491 	0.0684662 	
5.14	0.0539576 	-0.0875036 	-1.88735 	0.29895 	0.573283 	0.0684662 	
5.145	0.0539399 	-0.087433 	-1.88737 	0.298938 	0.573075 	0.0684661 	
5.15	0.0539223 	-0.0873642 	-1.88739 	0.298926 	0.572867 	0.068466 	
5.155	0.0539047 	-0.0872936 	-1.88741 	0.298914 	0.572659 	0.068466 	
5.16	0.0538876 	-0.0872247 	-1.88743 	0.298902 	0.572451 	0.0684659 	
5.165	0.0538697 	-0.0871542 	-1.88745 	0.29889 	0.572243 	0.0684659 	
5.17	0.0538521 	-0.0870854 	-1.88748 	0.298878 	0.572035 	0.0684658 	
5.175	0.0538297 	-0.0870153 	-1.88749 	0.298866 	0.571827 	0.0684658 	
5.18	0.0538032 	-0.0869472 	-1.88751 	0.298853 	0.571619 	0.0684657 	
5.185	0.0537726 	-0.0868777 	-1.88753 	0.298841 	0.571411 	0.0684657 	
5.19	0.0537386 	-0.0868104 	-1.88754 	0.298829 	0.571203 	0.0684657 	
5.195	0.0537012 	-0.0867418 	-1.88755 	0.298816 	0.570995 	0.0684657 	
5.2	0.0536611 	-0.086675 	-1.88757 	0.298804 	0.570787 	0.0684657 	
5.205	0.0536186 	-0.0866064 	-1.88758 	0.298791 	0.570579 	0.0684657 	
5.21	0.0535732 	-0.0865408 	-1.88759 	0.298779 	0.570371 	0.0684657 	
5.215	0.0535283 	-0.0864731 	-1.8876 	0.298766 	0.570163 	0.0684657 	
5.22	0.053489 	-0.0864081 	-1.88761 	0.298753 	0.569954 	0.0684657 	
5.225	0.0534522 	-0.086341 	-1.88763 	0.298741 	0.569746 	0.0684657 	
5.23	0.0534244 	-0.0862765 	-1.88764 	0.298729 	0.569538 	0.0684656 	
5.235	0.0533959 	-0.086207 	-1.88766 	0.298716 	0.56933 	0.0684656 	
5.24	0.0533708 	-0.0861426 	-1.88768 	0.298704 	0.569122 	0.0684655 	
5.245	0.0533448 	-0.0860733 	-1.88769 	0.298692 	0.568914 	0.0684655 	
5.25	0.0533213 	-0.0860089 	-1.88771 	0.29868 	0.568706 	0.0684654 	
5.255	0.0532977 	-0.0859393 	-1.88773 	0.298668 	0.568498 	0.0684653 	
5.26	0.0532787 	-0.0858731 	-1.88775 	0.298655 	0.56829 	0.0684653 	
5.265	0.053259 	-0.0858018 	-1.88776 	0.298643 	0.568082 	0.0684652 	
5.27	0.0532435 	-0.0857341 	-1.88778 	0.298631 	0.567874 	0.0684652 	
5.275	0.0532269 	-0.0856616 	-1.88779 	0.298619 	0.567666 	0.0684651 	
5.28	0.053214 	-0.085593 	-1.88781 	0.298608 	0.567458 	0.0684651 	
5.285	0.0531993 	-0.0855194 	-1.88782 	0.298596 	0.56725 	0.068465 	
5.29	0.0531866 	-0.0854492 	-1.88784 	0.298584 	0.567042 	0.068465 	
5.295	0.0531694 	-0.0853733 	-1.88785 	0.298572 	0.566834 	0.0684649 	
5.3	0.0531465 	-0.0852981 	-1.88786 	0.29856 	0.566626 	0.0684649 	
5.305	0.0531197 	-0.0852177 	-1.88786 	0.298548 	0.566417 	0.0684649 	
5.31	0.0530879 	-0.0851385 	-1.88785 	0.298535 	0.566209 	0.068465 	
5.315	0.053053 	-0.0850567 	-1.88785 	0.298523 	0.566001 	0.068465 	
5.32	0.0530142 	-0.0849827 	-1.88785 	0.298511 	0.565793 	0.068465 	
5.325	0.0529729 	-0.0849058 	-1.88784 	0.298498 	0.565584 	0.0684651 	
5.33	0.0529282 	-0.0848363 	-1.88785 	0.298486 	0.565376 	0.0684651 	
5.335	0.0528816 	-0.0847635 	-1.88785 	0.298473 	0.565168 	0.0684652 	
5.34	0.052832 	-0.084698 	-1.88785 	0.29846 	0.56496 	0.0684652 	
5.345	0.0527809 	-0.0846282 	-1.88785 	0.298448 	0.564751 	0.0684652 	
5.35	0.0527274 	-0.084565 	-1.88786 	0.298435 	0.564543 	0.0684653 	
5.355	0.0526726 	-0.0844973 	-1.88786 	0.298422 	0.564335 	0.0684653 	
5.36	0.0526157 	-0.0844359 	-1.88786 	0.298409 	0.564127 	0.0684653 	
5.365	0.0525578 	-0.0843674 	-1.88786 	0.298396 	0.563919 	0.0684654 	
5.37	0.0524974 	-0.0842981 	-1.88786 	0.298383 	0.563711 	0.0684654 	
5.375	0.0524361 	-0.0842224 	-1.88785 	0.29837 	0.563502 	0.0684655 	
5.38	0.0523726 	-0.0841466 	-1.88784 	0.298357 	0.563294 	0.0684656 	
5.385	0.0523088 	-0.0840675 	-1.88782 	0.298344 	0.563085 	0.0684657 	
5.39	0.0522436 	-0.0839972 	-1.88781 	0.298331 	0.562877 	0.0684657 	
5.395	0.0521782 	-0.0839235 	-1.8878 	0.298318 	0.562669 	0.0684658 	
5.4	0.0521114 	-0.0838581 	-1.88779 	0.298305 	0.562461 	0.0684658 	
5.405	0.0520446 	-0.0837839 	-1.88778 	0.298292 	0.562252 	0.0684659 	
5.41	0.0519773 	-0.0837048 	-1.88776 	0.298279 	0.562044 	0.068466 	
5.415	0.0519086 	-0.0836277 	-1.88774 	0.298266 	0.561835 	0.068466 	
5.42	0.0518401 	-0.0835548 	-1.88773 	0.298253 	0.561627 	0.0684661 	
5.425	0.0517704 	-0.0834839 	-1.88772 	0.29824 	0.561419 	0.0684662 	
5.43	0.051701 	-0.0834166 	-1.88771 	0.298226 	0.56121 	0.0684662 	
5.435	0.0516304 	-0.0833503 	-1.8877 	0.298213 	0.561002 	0.0684663 	
5.44	0.0515602 	-0.0832868 	-1.8877 	0.2982 	0.560794 	0.0684663 	
5.445	0.0514888 	-0.0832241 	-1.8877 	0.298187 	0.560586 	0.0684663 	
5.45	0.0514177 	-0.0831646 	-1.8877 	0.298173 	0.560378 	0.0684664 	
5.455	0.0513456 	-0.0831012 	-1.88769 	0.29816 	0.560169 	0.0684664 	
5.46	0.0512732 	-0.0830326 	-1.88768 	0.298147 	0.559961 	0.0684664 	
5.465	0.0511995 	-0.0829625 	-1.88767 	0.298133 	0.559753 	0.0684665 	
5.47	0.0511246 	-0.0828913 	-1.88765 	0.29812 	0.559545 	0.0684666 	
5.475	0.0510497 	-0.0828149 	-1.88763 	0.298107 	0.559336 	0.0684667 	
5.48	0.0509736 	-0.0827383 	-1.88761 	0.298093 	0.559128 	0.0684668 	
5.485	0.0508974 	-0.0826576 	-1.88759 	0.29808 	0.558919 	0.0684669 	
5.49	0.0508202 	-0.0825771 	-1.88756 	0.298067 	0.558711 	0.0684671 	
5.495	0.0507437 	-0.0824909 	-1.88753 	0.298054 	0.558502 	0.0684672 	
5.5	0.0506689 	-0.0823988 	-1.88748 	0.298041 	0.558294 	0.0684674 	
5.505	0.0505959 	-0.0823007 	-1.88743 	0.298028 	0.558085 	0.0684676 	
5.51	0.0505256 	-0.082199 	-1.88738 	0.298015 	0.557876 	0.0684677 	
5.515	0.0504569 	-0.0820924 	-1.88731 	0.298002 	0.557667 	0.0684678 	
5.52	0.0503906 	-0.0819827 	-1.88724 	0.297989 	0.557458 	0.068468 	
5.525	0.0503258 	-0.0818682 	-1.88717 	0.297976 	0.557249 	0.0684681 	
5.53	0.0502631 	-0.0817525 	-1.88709 	0.297964 	0.55704 	0.0684682 	
5.535	0.0502014 	-0.0816327 	-1.88701 	0.297951 	0.55683 	0.0684683 	
5.54	0.0501417 	-0.0815124 	-1.88692 	0.297938 	0.556621 	0.0684685 	
5.545	0.0500883 	-0.0813941 	-1.88683 	0.297926 	0.556412 	0.0684686 	
5.55	0.0500526 	-0.0812921 	-1.88677 	0.297913 	0.556203 	0.0684687 	
5.555	0.0500209 	-0.0811901 	-1.88672 	0.297901 	0.555994 	0.0684687 	
5.56	0.0500044 	-0.081102 	-1.88668 	0.297889 	0.555785 	0.0684687 	
5.565	0.0499898 	-0.0810119 	-1.88664 	0.297877 	0.555576 	0.0684687 	
5.57	0.0499872 	-0.0809324 	-1.88662 	0.297866 	0.555368 	0.0684686 	
5.575	0.0499805 	-0.0808442 	-1.88659 	0.297854 	0.555159 	0.0684686 	
5.58	0.0499699 	-0.0807479 	-1.88655 	0.297842 	0.55495 	0.0684685 	
5.585	0.0499557 	-0.080644 	-1.88651 	0.29783 	0.554742 	0.0684685 	
5.59	0.0499386 	-0.0805348 	-1.88645 	0.297818 	0.554533 	0.0684684 	
5.595	0.0499196 	-0.0804241 	-1.8864 	0.297806 	0.554324 	0.0684683 	
5.6	0.0498963 	-0.0803151 	-1.88634 	0.297795 	0.554115 	0.0684683 	
5.605	0.0498663 	-0.0802226 	-1.8863 	0.297782 	0.553906 	0.0684683 	
5.61	0.0498329 	-0.0801309 	-1.88626 	0.29777 	0.553697 	0.0684683 	
5.615	0.0497936 	-0.080054 	-1.88623 	0.297757 	0.553489 	0.0684685 	
5.62	0.0497535 	-0.0799696 	-1.88619 	0.297745 	0.55328 	0.0684686 	
5.625	0.0497129 	-0.0798802 	-1.88614 	0.297733 	0.553071 	0.0684687 	
5.63	0.0496716 	-0.0797843 	-1.88608 	0.29772 	0.552863 	0.0684688 	
5.635	0.0496302 	-0.0796853 	-1.88603 	0.297708 	0.552654 	0.0684689 	
5.64	0.0495883 	-0.0795817 	-1.88596 	0.297695 	0.552445 	0.068469 	
5.645	0.0495461 	-0.0794741 	-1.88589 	0.297683 	0.552236 	0.0684691 	
5.65	0.0495036 	-0.0793629 	-1.88581 	0.29767 	0.552026 	0.0684693 	
5.655	0.0494608 	-0.0792485 	-1.88573 	0.297658 	0.551817 	0.0684694 	
5.66	0.0494178 	-0.0791312 	-1.88565 	0.297646 	0.551608 	0.0684695 	
5.665	0.0493748 	-0.0790117 	-1.88556 	0.297633 	0.551399 	0.0684697 	
5.67	0.0493361 	-0.0788942 	-1.88547 	0.297621 	0.551189 	0.0684698 	
5.675	0.04931 	-0.0787842 	-1.8854 	0.297609 	0.55098 	0.0684698 	
5.68	0.0492816 	-0.0786677 	-1.88532 	0.297597 	0.550771 	0.0684698 	
5.685	0.0492514 	-0.0785456 	-1.88524 	0.297585 	0.550562 	0.0684698 	
5.69	0.0492202 	-0.0784267 	-1.88516 	0.297572 	0.550353 	0.0684698 	
5.695	0.0491899 	-0.0783294 	-1.8851 	0.29756 	0.550144 	0.0684698 	
5.7	0.0491591 	-0.0782363 	-1.88505 	0.297548 	0.549935 	0.0684698 	
5.705	0.049133 	-0.0781601 	-1.88502 	0.297536 	0.549727 	0.0684698 	
5.71	0.0491057 	-0.078084 	-1.88498 	0.297523 	0.549518 	0.0684698 	
5.715	0.0490798 	-0.0780219 	-1.88497 	0.297511 	0.54931 	0.0684698 	
5.72	0.0490522 	-0.0779602 	-1.88495 	0.297498 	0.549102 	0.0684698 	
5.725	0.0490267 	-0.0779146 	-1.88495 	0.297486 	0.548894 	0.0684697 	
5.73	0.049 	-0.0778659 	-1.88494 	0.297474 	0.548686 	0.0684697 	
5.735	0.0489751 	-0.0778291 	-1.88495 	0.297461 	0.548479 	0.0684696 	
5.74	0.0489517 	-0.0777855 	-1.88495 	0.297449 	0.548271 	0.0684696 	
5.745	0.0489349 	-0.0777561 	-1.88496 	0.297436 	0.548064 	0.0684695 	
5.75	0.048915 	-0.0777622 	-1.88497 	0.297424 	0.547858 	0.0684695 	
5.755	0.0489111 	-0.0778004 	-1.885 	0.297411 	0.547652 	0.0684694 	
5.76	0.048907 	-0.0778733 	-1.88503 	0.297398 	0.547448 	0.0684695 	
5.765	0.0489149 	-0.077979 	-1.88508 	0.297386 	0.547245 	0.0684693 	
5.77	0.0489204 	-0.0780995 	-1.88513 	0.297373 	0.547042 	0.0684695 	
5.775	0.0489214 	-0.0781974 	-1.88516 	0.29736 	0.546839 	0.0684696 	
5.78	0.0489201 	-0.0782702 	-1.88519 	0.297348 	0.546635 	0.0684697 	
5.785	0.0489154 	-0.0783228 	-1.88521 	0.297335 	0.546431 	0.0684698 	
5.79	0.048907 	-0.0783569 	-1.88522 	0.297322 	0.546227 	0.0684699 	
5.795	0.0488952 	-0.0783739 	-1.88522 	0.29731 	0.546022 	0.06847 	
5.8	0.0488799 	-0.078375 	-1.8852 	0.297297 	0.545817 	0.0684701 	
5.805	0.0488613 	-0.0783614 	-1.88518 	0.297285 	0.545611 	0.0684702 	
5.81	0.0488396 	-0.0783342 	-1.88515 	0.297272 	0.545405 	0.0684702 	
5.815	0.0488152 	-0.0782943 	-1.88511 	0.29726 	0.545199 	0.0684703 	
5.82	0.0487883 	-0.0782429 	-1.88506 	0.297247 	0.544992 	0.0684703 	
5.825	0.0487592 	-0.0781808 	-1.885 	0.297235 	0.544786 	0.0684704 	
5.83	0.0487281 	-0.078109 	-1.88494 	0.297222 	0.544579 	0.0684704 	
5.835	0.0486944 	-0.0780356 	-1.88488 	0.29721 	0.544372 	0.0684704 	
5.84	0.048657 	-0.0779756 	-1.88484 	0.297197 	0.544165 	0.0684704 	
5.845	0.0486175 	-0.0779111 	-1.88479 	0.297185 	0.543958 	0.0684705 	
5.85	0.048574 	-0.0778534 	-1.88476 	0.297172 	0.543751 	0.0684705 	
5.855	0.0485297 	-0.0777856 	-1.88472 	0.297159 	0.543543 	0.0684705 	
5.86	0.0484844 	-0.0777085 	-1.88467 	0.297146 	0.543336 	0.0684705 	
5.865	0.0484385 	-0.0776228 	-1.88461 	0.297133 	0.543128 	0.0684705 	
5.87	0.0483919 	-0.077529 	-1.88455 	0.297121 	0.54292 	0.0684705 	
5.875	0.048347 	-0.0774358 	-1.88449 	0.297108 	0.542712 	0.0684705 	
5.88	0.0483079 	-0.0773588 	-1.88445 	0.297095 	0.542505 	0.0684704 	
5.885	0.0482703 	-0.0772809 	-1.88441 	0.297083 	0.542297 	0.0684704 	
5.89	0.0482375 	-0.077216 	-1.88438 	0.29707 	0.54209 	0.0684704 	
5.895	0.0482049 	-0.0771496 	-1.88436 	0.297058 	0.541882 	0.0684703 	
5.9	0.0481771 	-0.0770955 	-1.88435 	0.297045 	0.541675 	0.0684703 	
5.905	0.0481491 	-0.0770377 	-1.88433 	0.297033 	0.541467 	0.0684703 	
5.91	0.048125 	-0.0769902 	-1.88433 	0.29702 	0.54126 	0.0684702 	
5.915	0.0481002 	-0.0769381 	-1.88433 	0.297008 	0.541053 	0.0684702 	
5.92	0.0480789 	-0.0768948 	-1.88434 	0.296995 	0.540846 	0.0684702 	
5.925	0.0480567 	-0.076846 	-1.88434 	0.296983 	0.540639 	0.0684701 	
5.93	0.0480372 	-0.0768036 	-1.88436 	0.29697 	0.540432 	0.0684701 	
5.935	0.0480165 	-0.0767555 	-1.88436 	0.296958 	0.540224 	0.0684701 	
5.94	0.0479982 	-0.0767133 	-1.88438 	0.296945 	0.540017 	0.06847 	
5.945	0.0479784 	-0.0766651 	-1.88439 	0.296933 	0.53981 	0.06847 	
5.95	0.0479609 	-0.0766224 	-1.88441 	0.29692 	0.539603 	0.06847 	
5.955	0.0479419 	-0.0765738 	-1.88443 	0.296908 	0.539396 	0.0684699 	
5.96	0.0479249 	-0.0765303 	-1.88445 	0.296896 	0.539189 	0.0684699 	
5.965	0.0479057 	-0.0764809 	-1.88447 	0.296883 	0.538982 	0.0684699 	
5.97	0.0478862 	-0.0764362 	-1.88449 	0.296871 	0.538774 	0.0684698 	
5.975	0.0478648 	-0.0763856 	-1.88451 	0.296858 	0.538567 	0.0684698 	
5.98	0.0478435 	-0.0763402 	-1.88453 	0.296846 	0.53836 	0.0684698 	
5.985	0.0478227 	-0.0762885 	-1.88455 	0.296834 	0.538153 	0.0684697 	
5.99	0.0478041 	-0.0762403 	-1.88457 	0.296821 	0.537945 	0.0684697 	
5.995	0.0477795 	-0.0761904 	-1.88459 	0.296809 	0.537738 	0.0684697 	
6	0.0477654 	-0.0761404 	-1.88462 	0.296796 	0.537531 	0.0684696 	
6.005	0.0477489 	-0.0760883 	-1.88465 	0.296784 	0.537324 	0.0684695 	
6.01	0.0477361 	-0.0760348 	-1.88468 	0.296771 	0.537116 	0.0684694 	
6.015	0.0477188 	-0.0759876 	-1.88472 	0.296759 	0.536909 	0.0684693 	
6.02	0.0477051 	-0.0759353 	-1.88475 	0.296747 	0.536702 	0.0684692 	
6.025	0.0476895 	-0.0758813 	-1.88478 	0.296734 	0.536494 	0.0684691 	
6.03	0.0476771 	-0.0758276 	-1.88481 	0.296722 	0.536287 	0.068469 	
6.035	0.0476648 	-0.0757681 	-1.88484 	0.296709 	0.53608 	0.0684689 	
6.04	0.0476553 	-0.0757095 	-1.88486 	0.296697 	0.535872 	0.0684687 	
6.045	0.0476455 	-0.0756458 	-1.88488 	0.296685 	0.535665 	0.0684686 	
6.05	0.0476381 	-0.0755836 	-1.8849 	0.296673 	0.535457 	0.0684684 	
6.055	0.0476301 	-0.0755169 	-1.88492 	0.29666 	0.535249 	0.0684682 	
6.06	0.0476243 	-0.0754524 	-1.88494 	0.296648 	0.535042 	0.0684681 	
6.065	0.0476176 	-0.0753838 	-1.88496 	0.296636 	0.534834 	0.0684679 	
6.07	0.047613 	-0.0753178 	-1.88497 	0.296624 	0.534626 	0.0684677 	
6.075	0.0476073 	-0.0752481 	-1.88499 	0.296612 	0.534418 	0.0684675 	
6.08	0.0476036 	-0.0751811 	-1.885 	0.2966 	0.534211 	0.0684673 	
6.085	0.0475985 	-0.0751106 	-1.88502 	0.296587 	0.534003 	0.0684671 	
6.09	0.0475954 	-0.075043 	-1.88503 	0.296575 	0.533795 	0.0684669 	
6.095	0.0475908 	-0.074972 	-1.88504 	0.296563 	0.533587 	0.0684667 	
6.1	0.047588 	-0.0749042 	-1.88506 	0.296551 	0.533379 	0.0684665 	
6.105	0.0475837 	-0.074833 	-1.88507 	0.296539 	0.533172 	0.0684663 	
6.11	0.0475808 	-0.0747652 	-1.88508 	0.296527 	0.532964 	0.0684661 	
6.115	0.0475743 	-0.0746954 	-1.8851 	0.296514 	0.532756 	0.068466 	
6.12	0.0475681 	-0.0746316 	-1.88511 	0.296502 	0.532548 	0.0684658 	
6.125	0.0475587 	-0.0745653 	-1.88513 	0.29649 	0.53234 	0.0684656 	
6.13	0.0475499 	-0.0745046 	-1.88515 	0.296478 	0.532133 	0.0684655 	
6.135	0.0475382 	-0.074441 	-1.88516 	0.296465 	0.531925 	0.0684653 	
6.14	0.0475273 	-0.0743824 	-1.88518 	0.296453 	0.531717 	0.0684652 	
6.145	0.0475139 	-0.0743206 	-1.8852 	0.296441 	0.53151 	0.0684651 	
6.15	0.0475015 	-0.0742636 	-1.88522 	0.296428 	0.531302 	0.0684649 	
6.155	0.0474857 	-0.0742026 	-1.88523 	0.296416 	0.531094 	0.0684648 	
6.16	0.0474684 	-0.0741452 	-1.88525 	0.296404 	0.530887 	0.0684647 	
6.165	0.047449 	-0.0740844 	-1.88527 	0.296391 	0.530679 	0.0684646 	
6.17	0.0474286 	-0.0740272 	-1.88529 	0.296379 	0.530471 	0.0684645 	
6.175	0.0474127 	-0.0739656 	-1.8853 	0.296366 	0.530264 	0.0684644 	
6.18	0.0474145 	-0.0739051 	-1.88532 	0.296354 	0.530056 	0.0684643 	
6.185	0.0474189 	-0.0738404 	-1.88535 	0.296342 	0.529849 	0.0684643 	
6.19	0.0474359 	-0.0737772 	-1.88538 	0.296331 	0.529641 	0.0684643 	
6.195	0.0474473 	-0.0737111 	-1.8854 	0.296319 	0.529433 	0.0684642 	
6.2	0.047453 	-0.0736479 	-1.88542 	0.296307 	0.529226 	0.0684642 	
6.205	0.0474563 	-0.0735889 	-1.88545 	0.296295 	0.529018 	0.0684642 	
6.21	0.0474615 	-0.0735563 	-1.88548 	0.296283 	0.528811 	0.0684642 	
6.215	0.0474626 	-0.073528 	-1.8855 	0.296271 	0.528605 	0.0684641 	
6.22	0.0474656 	-0.0735118 	-1.88554 	0.296259 	0.528398 	0.0684641 	
6.225	0.0474668 	-0.0735065 	-1.88557 	0.296247 	0.528192 	0.0684641 	
6.23	0.0474686 	-0.0735085 	-1.8856 	0.296234 	0.527986 	0.0684642 	
6.235	0.0474689 	-0.073503 	-1.88563 	0.296222 	0.52778 	0.0684642 	
6.24	0.0474627 	-0.0735031 	-1.88565 	0.29621 	0.527574 	0.0684647 	
6.245	0.0474539 	-0.0734915 	-1.88566 	0.296197 	0.527368 	0.068465 	
6.25	0.0474399 	-0.0734768 	-1.88568 	0.296185 	0.527162 	0.0684654 	
6.255	0.0474268 	-0.0734518 	-1.88569 	0.296172 	0.526955 	0.0684657 	
6.26	0.0474071 	-0.073426 	-1.88571 	0.29616 	0.526749 	0.0684661 	
6.265	0.0473877 	-0.0733924 	-1.88572 	0.296147 	0.526542 	0.0684663 	
6.27	0.0473635 	-0.0733577 	-1.88574 	0.296134 	0.526335 	0.0684666 	
6.275	0.0473414 	-0.0733164 	-1.88575 	0.296122 	0.526129 	0.0684669 	
6.28	0.0473134 	-0.0732756 	-1.88577 	0.296109 	0.525922 	0.0684671 	
6.285	0.0472852 	-0.0732296 	-1.88578 	0.296097 	0.525715 	0.0684673 	
6.29	0.0472622 	-0.0731822 	-1.88579 	0.296084 	0.525508 	0.0684676 	
6.295	0.0472247 	-0.0731321 	-1.8858 	0.296071 	0.5253 	0.0684677 	
6.3	0.0471874 	-0.0730819 	-1.88581 	0.296058 	0.525093 	0.0684679 	
6.305	0.0472331 	-0.0730208 	-1.88584 	0.296047 	0.524886 	0.0684682 	
6.31	0.0472852 	-0.0729552 	-1.88587 	0.296037 	0.524679 	0.0684685 	
6.315	0.0473273 	-0.0728886 	-1.8859 	0.296026 	0.524472 	0.0684688 	
6.32	0.047324 	-0.0728247 	-1.88591 	0.296014 	0.524264 	0.0684691 	
6.325	0.0473142 	-0.0727649 	-1.88594 	0.296002 	0.524057 	0.0684694 	
6.33	0.0473034 	-0.0727051 	-1.88596 	0.29599 	0.52385 	0.0684696 	
6.335	0.047292 	-0.0726456 	-1.88599 	0.295977 	0.523642 	0.0684699 	
6.34	0.0472795 	-0.072586 	-1.88601 	0.295965 	0.523435 	0.0684701 	
6.345	0.0472648 	-0.0725263 	-1.88604 	0.295953 	0.523227 	0.0684703 	
6.35	0.0472485 	-0.0724664 	-1.88606 	0.295941 	0.52302 	0.0684705 	
6.355	0.0472312 	-0.0724063 	-1.88609 	0.295929 	0.522812 	0.0684707 	
6.36	0.0472126 	-0.0723461 	-1.88611 	0.295916 	0.522605 	0.0684708 	
6.365	0.0471926 	-0.0722859 	-1.88614 	0.295904 	0.522397 	0.068471 	
6.37	0.0471685 	-0.0722261 	-1.88616 	0.295891 	0.52219 	0.0684711 	
6.375	0.0471405 	-0.0721669 	-1.88618 	0.295879 	0.521982 	0.0684712 	
6.38	0.0471088 	-0.0721081 	-1.8862 	0.295866 	0.521774 	0.0684713 	
6.385	0.0470731 	-0.0720503 	-1.88622 	0.295853 	0.521567 	0.0684714 	
6.39	0.0470344 	-0.0719927 	-1.88624 	0.29584 	0.521359 	0.0684715 	
6.395	0.0469943 	-0.0719357 	-1.88626 	0.295827 	0.521152 	0.0684716 	
6.4	0.0469586 	-0.0718774 	-1.88628 	0.295815 	0.520944 	0.0684717 	
6.405	0.0469237 	-0.0718195 	-1.8863 	0.295802 	0.520736 	0.0684717 	
6.41	0.0468927 	-0.0717604 	-1.88632 	0.295789 	0.520528 	0.0684717 	
6.415	0.0468619 	-0.0717017 	-1.88634 	0.295776 	0.520321 	0.0684718 	
6.42	0.0468346 	-0.0716419 	-1.88636 	0.295764 	0.520113 	0.0684717 	
6.425	0.0468071 	-0.0715825 	-1.88638 	0.295751 	0.519905 	0.0684717 	
6.43	0.0467826 	-0.0715221 	-1.8864 	0.295738 	0.519698 	0.0684717 	
6.435	0.0467575 	-0.0714622 	-1.88642 	0.295725 	0.51949 	0.0684716 	
6.44	0.0467351 	-0.0714012 	-1.88645 	0.295713 	0.519282 	0.0684716 	
6.445	0.0467094 	-0.0713413 	-1.88647 	0.2957 	0.519074 	0.0684715 	
6.45	0.0466814 	-0.0712815 	-1.88649 	0.295687 	0.518867 	0.0684715 	
6.455	0.046659 	-0.0712215 	-1.88651 	0.295675 	0.518659 	0.0684714 	
6.46	0.0466332 	-0.0711624 	-1.88654 	0.295662 	0.518451 	0.0684714 	
6.465	0.0466099 	-0.0711055 	-1.88657 	0.295649 	0.518244 	0.0684713 	
6.47	0.0465856 	-0.0710466 	-1.8866 	0.295637 	0.518036 	0.0684713 	
6.475	0.0465635 	-0.0709897 	-1.88663 	0.295624 	0.517828 	0.0684712 	
6.48	0.0465404 	-0.0709305 	-1.88666 	0.295611 	0.517621 	0.0684712 	
6.485	0.0465195 	-0.0708732 	-1.88669 	0.295599 	0.517413 	0.0684712 	
6.49	0.0464973 	-0.0708135 	-1.88672 	0.295586 	0.517205 	0.0684711 	
6.495	0.0464773 	-0.0707558 	-1.88675 	0.295573 	0.516998 	0.0684711 	
6.5	0.0464559 	-0.0706956 	-1.88678 	0.295561 	0.51679 	0.0684711 	
6.505	0.0464366 	-0.0706374 	-1.88682 	0.295548 	0.516582 	0.068471 	
6.51	0.0464158 	-0.0705767 	-1.88685 	0.295536 	0.516375 	0.068471 	
6.515	0.0463971 	-0.070518 	-1.88688 	0.295523 	0.516167 	0.0684709 	
6.52	0.0463769 	-0.0704568 	-1.88691 	0.29551 	0.515959 	0.0684709 	
6.525	0.0463582 	-0.0703979 	-1.88694 	0.295498 	0.515752 	0.0684708 	
6.53	0.0463347 	-0.0703354 	-1.88697 	0.295485 	0.515544 	0.0684708 	
6.535	0.0463072 	-0.0702698 	-1.88699 	0.295472 	0.515336 	0.0684708 	
6.54	0.0462759 	-0.0702058 	-1.88701 	0.29546 	0.515128 	0.0684708 	
6.545	0.0462413 	-0.0701392 	-1.88703 	0.295447 	0.51492 	0.0684708 	
6.55	0.0462035 	-0.0700747 	-1.88704 	0.295434 	0.514712 	0.0684708 	
6.555	0.0461629 	-0.0700078 	-1.88706 	0.295421 	0.514504 	0.0684709 	
6.56	0.0461196 	-0.0699434 	-1.88707 	0.295408 	0.514296 	0.0684709 	
6.565	0.0460739 	-0.0698767 	-1.88708 	0.295395 	0.514088 	0.068471 	
6.57	0.0460259 	-0.0698126 	-1.88709 	0.295381 	0.51388 	0.0684711 	
6.575	0.045976 	-0.0697464 	-1.88709 	0.295368 	0.513672 	0.0684711 	
6.58	0.0459241 	-0.0696828 	-1.8871 	0.295355 	0.513464 	0.0684712 	
6.585	0.0458706 	-0.0696172 	-1.8871 	0.295342 	0.513256 	0.0684713 	
6.59	0.0458155 	-0.0695542 	-1.88711 	0.295328 	0.513048 	0.0684714 	
6.595	0.045759 	-0.0694892 	-1.88711 	0.295315 	0.51284 	0.0684715 	
6.6	0.045701 	-0.0694269 	-1.88712 	0.295301 	0.512632 	0.0684716 	
6.605	0.045642 	-0.0693626 	-1.88712 	0.295288 	0.512424 	0.0684717 	
6.61	0.0455818 	-0.0693009 	-1.88712 	0.295275 	0.512216 	0.0684718 	
6.615	0.0455207 	-0.0692368 	-1.88712 	0.295261 	0.512008 	0.0684719 	
6.62	0.0454585 	-0.0691756 	-1.88713 	0.295248 	0.5118 	0.068472 	
6.625	0.0454005 	-0.0691123 	-1.88713 	0.295234 	0.511591 	0.0684721 	
6.63	0.0453551 	-0.0690526 	-1.88713 	0.295221 	0.511383 	0.0684721 	
6.635	0.0453114 	-0.0689899 	-1.88714 	0.295208 	0.511175 	0.0684722 	
6.64	0.0452785 	-0.0689297 	-1.88715 	0.295195 	0.510967 	0.0684721 	
6.645	0.0452446 	-0.0688663 	-1.88716 	0.295182 	0.510759 	0.0684721 	
6.65	0.0452178 	-0.0688043 	-1.88717 	0.295169 	0.510551 	0.068472 	
6.655	0.0451904 	-0.0687384 	-1.88718 	0.295156 	0.510343 	0.0684719 	
6.66	0.0451689 	-0.068674 	-1.8872 	0.295143 	0.510135 	0.0684717 	
6.665	0.0451431 	-0.0686059 	-1.8872 	0.29513 	0.509927 	0.0684716 	
6.67	0.0451128 	-0.0685405 	-1.88721 	0.295117 	0.509719 	0.0684715 	
6.675	0.045079 	-0.0684724 	-1.88722 	0.295104 	0.509511 	0.0684715 	
6.68	0.0450414 	-0.0684071 	-1.88722 	0.295091 	0.509303 	0.0684714 	
6.685	0.045001 	-0.0683392 	-1.88723 	0.295078 	0.509095 	0.0684714 	
6.69	0.0449575 	-0.0682742 	-1.88723 	0.295065 	0.508887 	0.0684713 	
6.695	0.0449116 	-0.0682066 	-1.88723 	0.295052 	0.508678 	0.0684713 	
6.7	0.0448631 	-0.068142 	-1.88724 	0.295039 	0.50847 	0.0684713 	
6.705	0.0448161 	-0.0680757 	-1.88724 	0.295025 	0.508262 	0.0684713 	
6.71	0.0447763 	-0.0680153 	-1.88725 	0.295012 	0.508054 	0.0684713 	
6.715	0.0447371 	-0.0679532 	-1.88725 	0.294999 	0.507846 	0.0684713 	
6.72	0.0447067 	-0.0678969 	-1.88726 	0.294986 	0.507638 	0.0684713 	
6.725	0.0446762 	-0.0678379 	-1.88727 	0.294973 	0.50743 	0.0684712 	
6.73	0.0446538 	-0.067784 	-1.88728 	0.294961 	0.507223 	0.0684712 	
6.735	0.0446302 	-0.0677277 	-1.88729 	0.294948 	0.507015 	0.0684712 	
6.74	0.0446133 	-0.0676752 	-1.8873 	0.294935 	0.506807 	0.0684711 	
6.745	0.0445944 	-0.0676203 	-1.88732 	0.294923 	0.5066 	0.0684711 	
6.75	0.044581 	-0.0675687 	-1.88733 	0.29491 	0.506392 	0.0684711 	
6.755	0.0445633 	-0.0675137 	-1.88734 	0.294897 	0.506184 	0.0684711 	
6.76	0.0445448 	-0.0674579 	-1.88735 	0.294885 	0.505977 	0.0684711 	
6.765	0.0445226 	-0.0673994 	-1.88735 	0.294872 	0.505769 	0.0684712 	
6.77	0.0444998 	-0.0673405 	-1.88735 	0.29486 	0.505561 	0.0684713 	
6.775	0.0444745 	-0.0672793 	-1.88735 	0.294847 	0.505353 	0.0684714 	
6.78	0.0444518 	-0.0672171 	-1.88734 	0.294834 	0.505145 	0.0684715 	
6.785	0.0444298 	-0.0671519 	-1.88733 	0.294822 	0.504937 	0.0684717 	
6.79	0.0444098 	-0.0670859 	-1.88731 	0.294809 	0.504729 	0.0684719 	
