0	0.0493882 	0.0210844 	-2.01153 	0.26267 	0.535623 	-0.0092043 	
0.005	0.0493882 	0.0210844 	-2.01153 	0.26267 	0.535623 	-0.0092043 	
0.01	0.0493882 	0.0210802 	-2.01153 	0.26267 	0.535624 	-0.00920404 	
0.015	0.0493882 	0.0210746 	-2.01153 	0.26267 	0.535626 	-0.00920369 	
0.02	0.0493882 	0.0210667 	-2.01152 	0.26267 	0.535627 	-0.0092032 	
0.025	0.0493883 	0.0210566 	-2.01151 	0.262671 	0.535629 	-0.00920257 	
0.03	0.0493883 	0.0210441 	-2.0115 	0.262671 	0.535632 	-0.0092018 	
0.035	0.0493883 	0.0210293 	-2.01149 	0.262672 	0.535635 	-0.00920089 	
0.04	0.0493884 	0.0210121 	-2.01148 	0.262672 	0.535638 	-0.00919983 	
0.045	0.0493884 	0.0209927 	-2.01146 	0.262673 	0.535643 	-0.00919863 	
0.05	0.0493885 	0.0209709 	-2.01144 	0.262674 	0.535647 	-0.00919729 	
0.055	0.0493886 	0.0209469 	-2.01143 	0.262674 	0.535652 	-0.0091958 	
0.06	0.0493887 	0.0209205 	-2.0114 	0.262675 	0.535658 	-0.00919417 	
0.065	0.0493887 	0.0208918 	-2.01138 	0.262676 	0.535663 	-0.0091924 	
0.07	0.0493888 	0.0208608 	-2.01136 	0.262677 	0.53567 	-0.00919049 	
0.075	0.0493889 	0.0208274 	-2.01133 	0.262678 	0.535677 	-0.00918844 	
0.08	0.049389 	0.0207918 	-2.0113 	0.262679 	0.535684 	-0.00918625 	
0.085	0.0493892 	0.0207501 	-2.01127 	0.262681 	0.535693 	-0.00918368 	
0.09	0.0493893 	0.0207133 	-2.01124 	0.262682 	0.5357 	-0.00918142 	
0.095	0.0493894 	0.0206668 	-2.01121 	0.262683 	0.53571 	-0.00917857 	
0.1	0.0493896 	0.0206217 	-2.01117 	0.262685 	0.535719 	-0.0091758 	
0.105	0.0493897 	0.0205744 	-2.01113 	0.262687 	0.535729 	-0.00917289 	
0.11	0.0493899 	0.0205247 	-2.01109 	0.262688 	0.53574 	-0.00916985 	
0.115	0.04939 	0.0204727 	-2.01105 	0.26269 	0.53575 	-0.00916666 	
0.12	0.0493902 	0.0204185 	-2.01101 	0.262692 	0.535761 	-0.00916334 	
0.125	0.0493904 	0.0203619 	-2.01097 	0.262693 	0.535773 	-0.00915989 	
0.13	0.0493906 	0.0203031 	-2.01092 	0.262695 	0.535785 	-0.00915629 	
0.135	0.0493908 	0.0202419 	-2.01087 	0.262697 	0.535798 	-0.00915256 	
0.14	0.049391 	0.0201785 	-2.01082 	0.262699 	0.535811 	-0.0091487 	
0.145	0.0493912 	0.0201128 	-2.01077 	0.262702 	0.535825 	-0.0091447 	
0.15	0.0493914 	0.0200449 	-2.01072 	0.262704 	0.535839 	-0.00914056 	
0.155	0.0493917 	0.0199746 	-2.01066 	0.262706 	0.535853 	-0.0091363 	
0.16	0.0494951 	0.0196831 	-2.01078 	0.262823 	0.537405 	-0.00850619 	
0.165	0.0494954 	0.0196083 	-2.01072 	0.262825 	0.537421 	-0.00850165 	
0.17	0.0494956 	0.0195312 	-2.01066 	0.262828 	0.537437 	-0.00849698 	
0.175	0.0494959 	0.0194519 	-2.01059 	0.26283 	0.537453 	-0.00849218 	
0.18	0.0494962 	0.0193703 	-2.01053 	0.262833 	0.53747 	-0.00848724 	
0.185	0.0494965 	0.0192865 	-2.01046 	0.262836 	0.537487 	-0.00848218 	
0.19	0.0494968 	0.0192004 	-2.0104 	0.262838 	0.537505 	-0.00847699 	
0.195	0.0494971 	0.0191121 	-2.01033 	0.262841 	0.537523 	-0.00847167 	
0.2	0.0494975 	0.0190215 	-2.01026 	0.262844 	0.537541 	-0.00846622 	
0.205	0.0494978 	0.0189287 	-2.01018 	0.262847 	0.53756 	-0.00846065 	
0.21	0.0494982 	0.0188336 	-2.01011 	0.26285 	0.53758 	-0.00845495 	
0.215	0.0494986 	0.0187363 	-2.01003 	0.262853 	0.5376 	-0.00844913 	
0.22	0.049499 	0.0186368 	-2.00995 	0.262856 	0.53762 	-0.00844318 	
0.225	0.049611 	0.0183002 	-2.01006 	0.262989 	0.539287 	-0.0077649 	
0.23	0.0496114 	0.0181962 	-2.00997 	0.262992 	0.539309 	-0.00775869 	
0.235	0.0496119 	0.01809 	-2.00989 	0.262996 	0.53933 	-0.00775237 	
0.24	0.0496123 	0.0179816 	-2.0098 	0.262999 	0.539352 	-0.00774593 	
0.245	0.0496128 	0.017871 	-2.00972 	0.263003 	0.539375 	-0.00773937 	
0.25	0.0496132 	0.0177582 	-2.00963 	0.263006 	0.539398 	-0.00773268 	
0.255	0.0496137 	0.0176432 	-2.00954 	0.26301 	0.539421 	-0.00772589 	
0.26	0.0496142 	0.017526 	-2.00944 	0.263014 	0.539445 	-0.00771897 	
0.265	0.0496148 	0.0174066 	-2.00935 	0.263017 	0.539469 	-0.00771194 	
0.27	0.0496153 	0.017285 	-2.00925 	0.263021 	0.539494 	-0.0077048 	
0.275	0.0497286 	0.0169261 	-2.00934 	0.263161 	0.541165 	-0.00702343 	
0.28	0.0497292 	0.0168002 	-2.00924 	0.263165 	0.541191 	-0.00701605 	
0.285	0.0497298 	0.0166721 	-2.00914 	0.263169 	0.541216 	-0.00700855 	
0.29	0.0497304 	0.0165418 	-2.00903 	0.263173 	0.541243 	-0.00700095 	
0.295	0.049731 	0.0164094 	-2.00893 	0.263177 	0.54127 	-0.00699324 	
0.3	0.0497316 	0.0162748 	-2.00882 	0.263182 	0.541297 	-0.00698542 	
0.305	0.0497323 	0.0161381 	-2.00871 	0.263186 	0.541324 	-0.0069775 	
0.31	0.049733 	0.0159993 	-2.0086 	0.263191 	0.541352 	-0.00696947 	
0.315	0.0498412 	0.015636 	-2.00866 	0.263329 	0.542935 	-0.00632299 	
0.32	0.0498419 	0.0154929 	-2.00855 	0.263334 	0.542963 	-0.00631474 	
0.325	0.0498426 	0.0153476 	-2.00844 	0.263338 	0.542992 	-0.00630639 	
0.33	0.0498434 	0.0152003 	-2.00832 	0.263343 	0.543022 	-0.00629794 	
0.335	0.0498442 	0.0150508 	-2.0082 	0.263348 	0.543052 	-0.00628939 	
0.34	0.049845 	0.0148992 	-2.00808 	0.263353 	0.543082 	-0.00628074 	
0.345	0.0498458 	0.0147456 	-2.00796 	0.263357 	0.543113 	-0.006272 	
0.35	0.0498467 	0.0145898 	-2.00783 	0.263362 	0.543144 	-0.00626316 	
0.355	0.0499678 	0.0141852 	-2.0079 	0.263523 	0.544898 	-0.00554449 	
0.36	0.0499687 	0.0140253 	-2.00777 	0.263528 	0.54493 	-0.00553545 	
0.365	0.0499697 	0.0138633 	-2.00764 	0.263533 	0.544962 	-0.00552631 	
0.37	0.0499706 	0.0136992 	-2.00751 	0.263538 	0.544995 	-0.00551709 	
0.375	0.0499716 	0.0135331 	-2.00738 	0.263543 	0.545028 	-0.00550778 	
0.38	0.0499726 	0.0133649 	-2.00725 	0.263549 	0.545061 	-0.00549838 	
0.385	0.0499737 	0.0131947 	-2.00711 	0.263554 	0.545095 	-0.0054889 	
0.39	0.0500936 	0.0127806 	-2.00716 	0.263719 	0.546815 	-0.00478226 	
0.395	0.0500947 	0.0126063 	-2.00702 	0.263724 	0.546849 	-0.00477259 	
0.4	0.0500958 	0.01243 	-2.00688 	0.26373 	0.546884 	-0.00476284 	
0.405	0.050097 	0.0122517 	-2.00674 	0.263735 	0.546919 	-0.00475301 	
0.41	0.0500981 	0.0120714 	-2.00659 	0.263741 	0.546954 	-0.0047431 	
0.415	0.0500993 	0.011889 	-2.00645 	0.263747 	0.54699 	-0.00473312 	
0.42	0.0502124 	0.0114793 	-2.00647 	0.263907 	0.548596 	-0.004072 	
0.425	0.0502136 	0.0112929 	-2.00632 	0.263913 	0.548633 	-0.00406184 	
0.43	0.0502149 	0.0111046 	-2.00617 	0.263919 	0.548669 	-0.00405162 	
0.435	0.0502162 	0.0109144 	-2.00602 	0.263924 	0.548707 	-0.00404132 	
0.44	0.0502176 	0.0107222 	-2.00586 	0.26393 	0.548744 	-0.00403095 	
0.445	0.050219 	0.010528 	-2.00571 	0.263936 	0.548782 	-0.00402052 	
0.45	0.0503391 	0.0100944 	-2.00573 	0.264112 	0.550472 	-0.00332288 	
0.455	0.0503405 	0.00989632 	-2.00557 	0.264118 	0.55051 	-0.0033123 	
0.46	0.050342 	0.00969634 	-2.00541 	0.264124 	0.550549 	-0.00330165 	
0.465	0.0503435 	0.00949444 	-2.00525 	0.26413 	0.550588 	-0.00329094 	
0.47	0.0503451 	0.00929062 	-2.00509 	0.264137 	0.550627 	-0.00328016 	
0.475	0.0503467 	0.00908491 	-2.00492 	0.264143 	0.550667 	-0.00326934 	
0.48	0.0504754 	0.00862517 	-2.00494 	0.264336 	0.552458 	-0.00252746 	
0.485	0.0504771 	0.00841564 	-2.00478 	0.264342 	0.552498 	-0.0025165 	
0.49	0.0504788 	0.00820426 	-2.00461 	0.264349 	0.552539 	-0.00250548 	
0.495	0.0504805 	0.00799102 	-2.00443 	0.264355 	0.55258 	-0.00249441 	
0.5	0.0504823 	0.00777592 	-2.00426 	0.264362 	0.552621 	-0.00248329 	
0.505	0.0505988 	0.00733338 	-2.00426 	0.264542 	0.554227 	-0.00181665 	
0.51	0.0506006 	0.00711456 	-2.00408 	0.264549 	0.554269 	-0.00180541 	
0.515	0.0506025 	0.00689393 	-2.0039 	0.264555 	0.554311 	-0.00179413 	
0.52	0.0506044 	0.00667148 	-2.00372 	0.264562 	0.554353 	-0.0017828 	
0.525	0.0506064 	0.00644722 	-2.00354 	0.264569 	0.554395 	-0.00177143 	
0.53	0.0507273 	0.00598927 	-2.00353 	0.26476 	0.556045 	-0.00108496 	
0.535	0.0507293 	0.00576137 	-2.00335 	0.264767 	0.556088 	-0.00107348 	
0.54	0.0507314 	0.00553172 	-2.00316 	0.264774 	0.556131 	-0.00106197 	
0.545	0.0507335 	0.0053003 	-2.00297 	0.264781 	0.556175 	-0.00105043 	
0.55	0.0507357 	0.00506711 	-2.00279 	0.264788 	0.556218 	-0.00103885 	
0.555	0.0508626 	0.00459087 	-2.00277 	0.264993 	0.557932 	-0.000323323 	
0.56	0.0508648 	0.00435415 	-2.00258 	0.265 	0.557976 	-0.000311655 	
0.565	0.0508671 	0.00411571 	-2.00239 	0.265007 	0.558021 	-0.000299959 	
0.57	0.0508695 	0.00387555 	-2.00219 	0.265015 	0.558066 	-0.000288236 	
0.575	0.0508718 	0.00363368 	-2.002 	0.265022 	0.558111 	-0.000276488 	
0.58	0.051005 	0.0031393 	-2.00198 	0.265242 	0.559889 	0.000468614 	
0.585	0.0510075 	0.00289398 	-2.00179 	0.26525 	0.559935 	0.000480435 	
0.59	0.05101 	0.00264701 	-2.00158 	0.265257 	0.55998 	0.000492277 	
0.595	0.0510126 	0.00239837 	-2.00138 	0.265264 	0.560026 	0.000504137 	
0.6	0.0510152 	0.00214806 	-2.00118 	0.265272 	0.560072 	0.000516012 	
0.605	0.0511547 	0.00163598 	-2.00116 	0.265508 	0.561914 	0.00129032 	
0.61	0.0511574 	0.00138234 	-2.00096 	0.265515 	0.56196 	0.00130225 	
0.615	0.0511601 	0.00112709 	-2.00075 	0.265523 	0.562007 	0.0013142 	
0.62	0.0511629 	0.000870225 	-2.00054 	0.26553 	0.562054 	0.00132616 	
0.625	0.0511658 	0.000611746 	-2.00033 	0.265538 	0.562101 	0.00133812 	
0.63	0.0513116 	8.24634e-05 	-2.00031 	0.265791 	0.564004 	0.00214115 	
0.635	0.0513145 	-0.00017925 	-2.0001 	0.265798 	0.564052 	0.00215316 	
0.64	0.0513175 	-0.000442506 	-1.99988 	0.265806 	0.564099 	0.00216517 	
0.645	0.0513206 	-0.000707331 	-1.99967 	0.265814 	0.564147 	0.00217718 	
0.65	0.0514454 	-0.0012009 	-1.99961 	0.266035 	0.565759 	0.00285857 	
0.655	0.0514485 	-0.00146886 	-1.99939 	0.266043 	0.565807 	0.0028706 	
0.66	0.0514517 	-0.00173833 	-1.99917 	0.26605 	0.565856 	0.00288263 	
0.665	0.051455 	-0.00200932 	-1.99895 	0.266058 	0.565904 	0.00289465 	
0.67	0.0515813 	-0.00250977 	-1.99889 	0.266286 	0.56752 	0.0035797 	
0.675	0.0515847 	-0.0027838 	-1.99867 	0.266294 	0.567569 	0.00359174 	
0.68	0.0515881 	-0.00305931 	-1.99844 	0.266302 	0.567618 	0.00360376 	
0.685	0.0515916 	-0.00333629 	-1.99821 	0.26631 	0.567667 	0.00361577 	
0.69	0.0517218 	-0.00384758 	-1.99815 	0.266549 	0.569316 	0.00431689 	
0.695	0.0517253 	-0.00412752 	-1.99792 	0.266557 	0.569365 	0.0043289 	
0.7	0.051729 	-0.00440887 	-1.99769 	0.266565 	0.569415 	0.0043409 	
0.705	0.0517327 	-0.00469165 	-1.99746 	0.266573 	0.569465 	0.00435287 	
0.71	0.051867 	-0.0052139 	-1.99739 	0.266823 	0.571148 	0.00507104 	
0.715	0.0518708 	-0.00549954 	-1.99715 	0.266831 	0.571198 	0.005083 	
0.72	0.0518746 	-0.00578656 	-1.99692 	0.266839 	0.571248 	0.00509494 	
0.725	0.0518786 	-0.00607496 	-1.99668 	0.266847 	0.571298 	0.00510684 	
0.73	0.052017 	-0.00660786 	-1.99661 	0.26711 	0.573015 	0.0058419 	
0.735	0.052021 	-0.00689903 	-1.99637 	0.267118 	0.573065 	0.00585378 	
0.74	0.0520251 	-0.00719152 	-1.99613 	0.267126 	0.573115 	0.00586563 	
0.745	0.0520293 	-0.00748534 	-1.99589 	0.267134 	0.573166 	0.00587745 	
0.75	0.0521719 	-0.00802856 	-1.99581 	0.267409 	0.574915 	0.00662908 	
0.755	0.0521761 	-0.00832506 	-1.99557 	0.267418 	0.574966 	0.00664086 	
0.76	0.0521804 	-0.00862283 	-1.99532 	0.267426 	0.575016 	0.0066526 	
0.765	0.0521848 	-0.00892188 	-1.99507 	0.267434 	0.575067 	0.0066643 	
0.77	0.0523315 	-0.00947507 	-1.995 	0.267721 	0.576848 	0.00743219 	
0.775	0.052336 	-0.0097767 	-1.99475 	0.26773 	0.576899 	0.00744384 	
0.78	0.0523406 	-0.0100795 	-1.9945 	0.267738 	0.57695 	0.00745545 	
0.785	0.0523452 	-0.0103836 	-1.99425 	0.267746 	0.577001 	0.00746701 	
0.79	0.0524961 	-0.0109464 	-1.99417 	0.268046 	0.578811 	0.00825082 	
0.795	0.0525008 	-0.011253 	-1.99391 	0.268055 	0.578862 	0.00826232 	
0.8	0.0525056 	-0.0115607 	-1.99366 	0.268063 	0.578914 	0.00827376 	
0.805	0.0525105 	-0.0118696 	-1.9934 	0.268071 	0.578965 	0.00828516 	
0.81	0.0526654 	-0.0124417 	-1.99332 	0.268385 	0.580804 	0.00908454 	
0.815	0.0526704 	-0.012753 	-1.99306 	0.268393 	0.580855 	0.00909586 	
0.82	0.0526755 	-0.0130654 	-1.9928 	0.268401 	0.580907 	0.00910713 	
0.825	0.0526806 	-0.0133789 	-1.99254 	0.26841 	0.580959 	0.00911833 	
0.83	0.0528397 	-0.0139598 	-1.99245 	0.268736 	0.582825 	0.00993294 	
0.835	0.0528449 	-0.0142757 	-1.99219 	0.268744 	0.582876 	0.00994405 	
0.84	0.0528502 	-0.0145925 	-1.99192 	0.268753 	0.582928 	0.00995511 	
0.845	0.0528556 	-0.0149105 	-1.99166 	0.268761 	0.58298 	0.0099661 	
0.85	0.0530187 	-0.0154999 	-1.99157 	0.269101 	0.584872 	0.0107956 	
0.855	0.0530242 	-0.0158201 	-1.9913 	0.269109 	0.584924 	0.0108065 	
0.86	0.0530298 	-0.0161412 	-1.99103 	0.269118 	0.584976 	0.0108173 	
0.865	0.0530354 	-0.0164634 	-1.99076 	0.269126 	0.585027 	0.010828 	
0.87	0.0532026 	-0.0170609 	-1.99067 	0.26948 	0.586945 	0.011672 	
0.875	0.0532084 	-0.0173851 	-1.9904 	0.269488 	0.586996 	0.0116826 	
0.88	0.0532142 	-0.0177103 	-1.99013 	0.269496 	0.587048 	0.0116932 	
0.885	0.0532201 	-0.0180365 	-1.98985 	0.269505 	0.5871 	0.0117037 	
0.89	0.0533913 	-0.0186417 	-1.98976 	0.269872 	0.58904 	0.0125617 	
0.895	0.0533973 	-0.0189699 	-1.98948 	0.26988 	0.589092 	0.0125721 	
0.9	0.0534034 	-0.0192989 	-1.98921 	0.269889 	0.589144 	0.0125824 	
0.905	0.0534096 	-0.0196289 	-1.98893 	0.269897 	0.589195 	0.0125926 	
0.91	0.0535848 	-0.0202414 	-1.98883 	0.270278 	0.591158 	0.0134644 	
0.915	0.0535911 	-0.0205732 	-1.98855 	0.270286 	0.59121 	0.0134744 	
0.92	0.0535974 	-0.0209059 	-1.98827 	0.270295 	0.591261 	0.0134844 	
0.925	0.0536039 	-0.0212394 	-1.98799 	0.270303 	0.591313 	0.0134943 	
0.93	0.053783 	-0.0218589 	-1.98789 	0.270698 	0.593297 	0.0143794 	
0.935	0.0537896 	-0.0221942 	-1.9876 	0.270706 	0.593348 	0.0143892 	
0.94	0.0537962 	-0.0225302 	-1.98732 	0.270715 	0.593399 	0.0143988 	
0.945	0.0539392 	-0.0230902 	-1.98718 	0.271033 	0.594961 	0.0150958 	
0.95	0.053946 	-0.0234279 	-1.98689 	0.271041 	0.595012 	0.0151054 	
0.955	0.0539528 	-0.0237663 	-1.9866 	0.271049 	0.595064 	0.0151148 	
0.96	0.0539597 	-0.0241056 	-1.98632 	0.271057 	0.595115 	0.0151241 	
0.965	0.0541417 	-0.0247298 	-1.98621 	0.271468 	0.597088 	0.0160114 	
0.97	0.0541487 	-0.0250705 	-1.98592 	0.271476 	0.597139 	0.0160205 	
0.975	0.0541558 	-0.025412 	-1.98563 	0.271484 	0.59719 	0.0160296 	
0.98	0.0543038 	-0.0259807 	-1.98548 	0.27182 	0.598771 	0.0167412 	
0.985	0.054311 	-0.0263237 	-1.98518 	0.271829 	0.598822 	0.0167501 	
0.99	0.0543183 	-0.0266673 	-1.98489 	0.271837 	0.598873 	0.0167589 	
0.995	0.0544647 	-0.0272336 	-1.98473 	0.272172 	0.600423 	0.0174586 	
1	0.0544722 	-0.0275786 	-1.98444 	0.27218 	0.600474 	0.0174672 	
1.005	0.0544797 	-0.0279242 	-1.98414 	0.272188 	0.600524 	0.0174757 	
1.01	0.0546279 	-0.0284934 	-1.98399 	0.272531 	0.602079 	0.0181798 	
1.015	0.0546355 	-0.0288403 	-1.98369 	0.272539 	0.602129 	0.0181882 	
1.02	0.0546432 	-0.0291877 	-1.98339 	0.272547 	0.602179 	0.0181964 	
1.025	0.0547935 	-0.02976 	-1.98323 	0.272897 	0.603741 	0.0189065 	
1.03	0.0548013 	-0.0301087 	-1.98293 	0.272905 	0.603791 	0.0189145 	
1.035	0.0548092 	-0.0304579 	-1.98263 	0.272913 	0.603841 	0.0189224 	
1.04	0.0549616 	-0.0310332 	-1.98247 	0.273272 	0.605409 	0.0196385 	
1.045	0.0549697 	-0.0313835 	-1.98217 	0.27328 	0.605459 	0.0196462 	
1.05	0.0549778 	-0.0317343 	-1.98187 	0.273288 	0.605509 	0.0196538 	
1.055	0.0551322 	-0.0323123 	-1.9817 	0.273654 	0.607084 	0.0203756 	
1.06	0.0551404 	-0.0326642 	-1.9814 	0.273662 	0.607133 	0.020383 	
1.065	0.0551487 	-0.0330164 	-1.9811 	0.27367 	0.607182 	0.0203903 	
1.07	0.0553052 	-0.033597 	-1.98093 	0.274044 	0.608763 	0.0211176 	
1.075	0.0553136 	-0.0339503 	-1.98062 	0.274052 	0.608812 	0.0211247 	
1.08	0.0553222 	-0.0343039 	-1.98032 	0.274059 	0.608861 	0.0211317 	
1.085	0.0554806 	-0.0348868 	-1.98015 	0.274442 	0.610448 	0.0218643 	
1.09	0.0554892 	-0.0352413 	-1.97984 	0.274449 	0.610496 	0.0218711 	
1.095	0.0554979 	-0.0355962 	-1.97953 	0.274457 	0.610544 	0.0218777 	
1.1	0.0556584 	-0.0361812 	-1.97936 	0.274847 	0.612135 	0.0226155 	
1.105	0.0556672 	-0.0365369 	-1.97905 	0.274855 	0.612183 	0.0226219 	
1.11	0.0556761 	-0.0368928 	-1.97875 	0.274862 	0.612231 	0.0226282 	
1.115	0.0558384 	-0.0374798 	-1.97857 	0.27526 	0.613827 	0.0233709 	
1.12	0.0558474 	-0.0378364 	-1.97826 	0.275267 	0.613874 	0.023377 	
1.125	0.0558565 	-0.0381933 	-1.97795 	0.275275 	0.613921 	0.0233829 	
1.13	0.0560208 	-0.0387819 	-1.97777 	0.27568 	0.61552 	0.0241303 	
1.135	0.05603 	-0.0391394 	-1.97746 	0.275688 	0.615567 	0.024136 	
1.14	0.0560392 	-0.0394972 	-1.97715 	0.275695 	0.615614 	0.0241416 	
1.145	0.0562053 	-0.0400873 	-1.97697 	0.276108 	0.617215 	0.0248934 	
1.15	0.0562147 	-0.0404455 	-1.97666 	0.276115 	0.617262 	0.0248987 	
1.155	0.0562241 	-0.040804 	-1.97635 	0.276123 	0.617308 	0.024904 	
1.16	0.056392 	-0.0413953 	-1.97617 	0.276544 	0.618912 	0.02566 	
1.165	0.0564016 	-0.0417542 	-1.97585 	0.276551 	0.618958 	0.025665 	
1.17	0.0564112 	-0.0421133 	-1.97554 	0.276558 	0.619004 	0.0256699 	
1.175	0.0565808 	-0.0427056 	-1.97536 	0.276986 	0.620609 	0.0264299 	
1.18	0.0565905 	-0.043065 	-1.97504 	0.276993 	0.620655 	0.0264345 	
1.185	0.0566004 	-0.0434245 	-1.97473 	0.277 	0.6207 	0.026439 	
1.19	0.0567717 	-0.0440176 	-1.97454 	0.277436 	0.622306 	0.0272028 	
1.195	0.0567816 	-0.0443774 	-1.97423 	0.277442 	0.622351 	0.027207 	
1.2	0.0567916 	-0.0447372 	-1.97391 	0.277449 	0.622396 	0.0272112 	
1.205	0.0569645 	-0.0453309 	-1.97373 	0.277892 	0.624003 	0.0279784 	
1.21	0.0569746 	-0.0456909 	-1.97341 	0.277899 	0.624047 	0.0279823 	
1.215	0.0569848 	-0.0460509 	-1.97309 	0.277906 	0.624091 	0.0279861 	
1.22	0.0571593 	-0.046645 	-1.97291 	0.278356 	0.625698 	0.0287566 	
1.225	0.0571695 	-0.047005 	-1.97259 	0.278362 	0.625741 	0.0287601 	
1.23	0.0571799 	-0.0473651 	-1.97227 	0.278369 	0.625785 	0.0287635 	
1.235	0.0573559 	-0.0479593 	-1.97208 	0.278826 	0.62739 	0.029537 	
1.24	0.0573664 	-0.0483194 	-1.97176 	0.278832 	0.627434 	0.0295402 	
1.245	0.0573769 	-0.0486794 	-1.97145 	0.278839 	0.627476 	0.0295432 	
1.25	0.0575544 	-0.0492735 	-1.97125 	0.279303 	0.629081 	0.0303195 	
1.255	0.057565 	-0.0496334 	-1.97094 	0.279309 	0.629123 	0.0303223 	
1.26	0.0575756 	-0.0499932 	-1.97062 	0.279315 	0.629165 	0.0303249 	
1.265	0.0577546 	-0.0505871 	-1.97042 	0.279786 	0.630768 	0.0311037 	
1.27	0.0577653 	-0.0509467 	-1.9701 	0.279792 	0.630809 	0.0311061 	
1.275	0.0577761 	-0.0513062 	-1.96979 	0.279798 	0.630851 	0.0311083 	
1.28	0.0579565 	-0.0518995 	-1.96959 	0.280276 	0.632451 	0.0318893 	
1.285	0.0579673 	-0.0522587 	-1.96927 	0.280282 	0.632492 	0.0318914 	
1.29	0.0579783 	-0.0526178 	-1.96895 	0.280288 	0.632533 	0.0318933 	
1.295	0.0581599 	-0.0532104 	-1.96876 	0.280772 	0.634129 	0.0326762 	
1.3	0.0581709 	-0.0535691 	-1.96844 	0.280777 	0.63417 	0.0326779 	
1.305	0.058182 	-0.0539275 	-1.96812 	0.280783 	0.63421 	0.0326794 	
1.31	0.0583649 	-0.0545192 	-1.96792 	0.281273 	0.635803 	0.0334641 	
1.315	0.058376 	-0.0548772 	-1.9676 	0.281279 	0.635842 	0.0334654 	
1.32	0.0583873 	-0.0552349 	-1.96728 	0.281284 	0.635882 	0.0334665 	
1.325	0.0585713 	-0.0558254 	-1.96708 	0.28178 	0.63747 	0.0342526 	
1.33	0.0585826 	-0.0561826 	-1.96676 	0.281786 	0.637509 	0.0342535 	
1.335	0.0585939 	-0.0565395 	-1.96644 	0.281791 	0.637548 	0.0342543 	
1.34	0.058779 	-0.0571286 	-1.96624 	0.282293 	0.639132 	0.0350416 	
1.345	0.0587905 	-0.0574849 	-1.96593 	0.282299 	0.63917 	0.0350421 	
1.35	0.058802 	-0.0578409 	-1.96561 	0.282304 	0.639208 	0.0350425 	
1.355	0.0589881 	-0.0584284 	-1.96541 	0.282811 	0.640786 	0.0358307 	
1.36	0.0589996 	-0.0587836 	-1.96509 	0.282817 	0.640824 	0.0358308 	
1.365	0.0590112 	-0.0591385 	-1.96477 	0.282822 	0.640861 	0.0358308 	
1.37	0.0591983 	-0.0597242 	-1.96457 	0.283335 	0.642433 	0.0366196 	
1.375	0.05921 	-0.0600783 	-1.96425 	0.28334 	0.64247 	0.0366194 	
1.38	0.0592217 	-0.0604319 	-1.96393 	0.283345 	0.642507 	0.036619 	
1.385	0.0594096 	-0.0610156 	-1.96373 	0.283863 	0.644072 	0.0374082 	
1.39	0.0594214 	-0.0613684 	-1.96341 	0.283868 	0.644108 	0.0374076 	
1.395	0.0594332 	-0.0617207 	-1.96309 	0.283872 	0.644144 	0.0374069 	
1.4	0.0596219 	-0.0623021 	-1.96289 	0.284396 	0.645702 	0.0381961 	
1.405	0.0596338 	-0.0626535 	-1.96257 	0.2844 	0.645737 	0.0381951 	
1.41	0.0596458 	-0.0630044 	-1.96225 	0.284405 	0.645773 	0.038194 	
1.415	0.0598352 	-0.0635834 	-1.96205 	0.284933 	0.647323 	0.038983 	
1.42	0.0598472 	-0.0639332 	-1.96173 	0.284937 	0.647358 	0.0389816 	
1.425	0.0598592 	-0.0642825 	-1.96141 	0.284942 	0.647392 	0.0389802 	
1.43	0.0600493 	-0.0648588 	-1.96121 	0.285474 	0.648934 	0.0397686 	
1.435	0.0600613 	-0.065207 	-1.96089 	0.285478 	0.648968 	0.0397669 	
1.44	0.0600734 	-0.0655546 	-1.96058 	0.285482 	0.649002 	0.0397651 	
1.445	0.0602641 	-0.066128 	-1.96037 	0.286019 	0.650535 	0.0405527 	
1.45	0.0602762 	-0.0664744 	-1.96005 	0.286023 	0.650568 	0.0405507 	
1.455	0.0602884 	-0.0668202 	-1.95974 	0.286027 	0.650601 	0.0405485 	
1.46	0.0604795 	-0.0673906 	-1.95953 	0.286568 	0.652125 	0.041335 	
1.465	0.0604917 	-0.0677351 	-1.95922 	0.286572 	0.652157 	0.0413326 	
1.47	0.060504 	-0.0680789 	-1.95891 	0.286576 	0.652189 	0.0413301 	
1.475	0.0606954 	-0.068646 	-1.9587 	0.28712 	0.653703 	0.0421152 	
1.48	0.0607078 	-0.0689885 	-1.95839 	0.287124 	0.653735 	0.0421125 	
1.485	0.0607201 	-0.0693302 	-1.95807 	0.287127 	0.653766 	0.0421096 	
1.49	0.0609118 	-0.0698939 	-1.95787 	0.287675 	0.655269 	0.042893 	
1.495	0.0609242 	-0.0702342 	-1.95756 	0.287679 	0.6553 	0.0428899 	
1.5	0.0609366 	-0.0705738 	-1.95724 	0.287682 	0.655331 	0.0428867 	
1.505	0.0611286 	-0.0711338 	-1.95704 	0.288233 	0.656823 	0.0436681 	
1.51	0.061141 	-0.0714718 	-1.95673 	0.288236 	0.656854 	0.0436647 	
1.515	0.0611534 	-0.0718091 	-1.95642 	0.28824 	0.656883 	0.0436612 	
1.52	0.0613455 	-0.0723652 	-1.95621 	0.288793 	0.658364 	0.0444402 	
1.525	0.061358 	-0.0727009 	-1.9559 	0.288796 	0.658394 	0.0444365 	
1.53	0.0613705 	-0.0730357 	-1.95559 	0.2888 	0.658423 	0.0444327 	
1.535	0.0615626 	-0.0735878 	-1.95539 	0.289356 	0.659892 	0.045209 	
1.54	0.0615751 	-0.073921 	-1.95508 	0.289359 	0.659921 	0.045205 	
1.545	0.0615876 	-0.0742533 	-1.95477 	0.289362 	0.659949 	0.0452009 	
1.55	0.0617796 	-0.0748011 	-1.95457 	0.28992 	0.661405 	0.0459743 	
1.555	0.0617921 	-0.0751317 	-1.95426 	0.289923 	0.661433 	0.04597 	
1.56	0.0618047 	-0.0754614 	-1.95396 	0.289926 	0.661461 	0.0459655 	
1.565	0.0618173 	-0.0757901 	-1.95365 	0.289928 	0.661488 	0.045961 	
1.57	0.0620627 	-0.0763965 	-1.95348 	0.290655 	0.663354 	0.0469622 	
1.575	0.0620753 	-0.0767235 	-1.95317 	0.290658 	0.663381 	0.0469575 	
1.58	0.0620879 	-0.0770495 	-1.95287 	0.290661 	0.663407 	0.0469526 	
1.585	0.0622849 	-0.077593 	-1.95267 	0.29124 	0.664875 	0.0477417 	
1.59	0.0622974 	-0.0779171 	-1.95237 	0.291242 	0.664901 	0.0477367 	
1.595	0.06231 	-0.0782401 	-1.95207 	0.291245 	0.664927 	0.0477316 	
1.6	0.0623227 	-0.0785622 	-1.95177 	0.291247 	0.664953 	0.0477264 	
1.605	0.0625676 	-0.0791567 	-1.95159 	0.29198 	0.666781 	0.0487185 	
1.61	0.0625802 	-0.0794767 	-1.95129 	0.291982 	0.666806 	0.0487132 	
1.615	0.0625928 	-0.0797958 	-1.951 	0.291984 	0.666831 	0.0487077 	
1.62	0.0626054 	-0.0801138 	-1.9507 	0.291987 	0.666856 	0.0487021 	
1.625	0.0628544 	-0.0807062 	-1.95053 	0.292736 	0.668697 	0.0497081 	
1.63	0.062867 	-0.0810221 	-1.95023 	0.292738 	0.668721 	0.0497023 	
1.635	0.0628796 	-0.0813369 	-1.94994 	0.29274 	0.668745 	0.0496965 	
1.64	0.0628922 	-0.0816506 	-1.94965 	0.292742 	0.668769 	0.0496906 	
1.645	0.0631406 	-0.0822355 	-1.94947 	0.293494 	0.670586 	0.0506903 	
1.65	0.0631531 	-0.082547 	-1.94918 	0.293496 	0.670609 	0.0506842 	
1.655	0.0631657 	-0.0828574 	-1.94889 	0.293498 	0.670633 	0.0506781 	
1.66	0.0631783 	-0.0831667 	-1.9486 	0.293499 	0.670655 	0.0506719 	
1.665	0.0634253 	-0.0837431 	-1.94843 	0.294251 	0.672446 	0.0516625 	
1.67	0.0634378 	-0.08405 	-1.94814 	0.294252 	0.672468 	0.0516562 	
1.675	0.0634503 	-0.0843558 	-1.94785 	0.294254 	0.67249 	0.0516498 	
1.68	0.0634629 	-0.0846604 	-1.94757 	0.294255 	0.672512 	0.0516433 	
1.685	0.0637083 	-0.085228 	-1.94739 	0.295006 	0.674273 	0.0526239 	
1.69	0.0637208 	-0.0855302 	-1.94711 	0.295007 	0.674295 	0.0526173 	
1.695	0.0637332 	-0.0858311 	-1.94683 	0.295008 	0.674316 	0.0526106 	
1.7	0.0637457 	-0.0861309 	-1.94655 	0.29501 	0.674337 	0.0526038 	
1.705	0.0639893 	-0.0866893 	-1.94637 	0.295758 	0.676068 	0.0535737 	
1.71	0.0640017 	-0.0869865 	-1.94609 	0.295759 	0.676089 	0.0535668 	
1.715	0.0640141 	-0.0872825 	-1.94581 	0.29576 	0.676109 	0.0535598 	
1.72	0.0640265 	-0.0875773 	-1.94554 	0.295761 	0.676129 	0.0535528 	
1.725	0.064268 	-0.0881261 	-1.94536 	0.296506 	0.67783 	0.0545111 	
1.73	0.0642803 	-0.0884183 	-1.94509 	0.296507 	0.677849 	0.054504 	
1.735	0.0642926 	-0.0887091 	-1.94481 	0.296508 	0.677868 	0.0544968 	
1.74	0.0643049 	-0.0889987 	-1.94454 	0.296509 	0.677888 	0.0544895 	
1.745	0.0645441 	-0.0895377 	-1.94437 	0.29725 	0.679557 	0.0554356 	
1.75	0.0645563 	-0.0898246 	-1.9441 	0.297251 	0.679575 	0.0554282 	
1.755	0.0645685 	-0.0901101 	-1.94383 	0.297252 	0.679594 	0.0554208 	
1.76	0.0645807 	-0.0903943 	-1.94356 	0.297253 	0.679612 	0.0554133 	
1.765	0.0648174 	-0.0909231 	-1.94339 	0.297989 	0.681248 	0.0563463 	
1.77	0.0648295 	-0.0912045 	-1.94312 	0.29799 	0.681266 	0.0563388 	
1.775	0.0648415 	-0.0914846 	-1.94286 	0.29799 	0.681283 	0.0563312 	
1.78	0.0648536 	-0.0917632 	-1.94259 	0.297991 	0.681301 	0.0563235 	
1.785	0.0650875 	-0.0922815 	-1.94243 	0.298721 	0.682904 	0.0572427 	
1.79	0.0650994 	-0.0925574 	-1.94216 	0.298722 	0.682921 	0.0572349 	
1.795	0.0651114 	-0.0928318 	-1.9419 	0.298722 	0.682937 	0.0572272 	
1.8	0.0651233 	-0.0931047 	-1.94164 	0.298723 	0.682954 	0.0572193 	
1.805	0.0653542 	-0.0936122 	-1.94148 	0.299447 	0.684522 	0.0581239 	
1.81	0.065366 	-0.0938823 	-1.94122 	0.299447 	0.684538 	0.058116 	
1.815	0.0653778 	-0.0941509 	-1.94097 	0.299447 	0.684554 	0.0581081 	
1.82	0.0653896 	-0.094418 	-1.94071 	0.299448 	0.68457 	0.0581002 	
1.825	0.0656171 	-0.0949144 	-1.94055 	0.300164 	0.686103 	0.0589894 	
1.83	0.0656288 	-0.0951785 	-1.9403 	0.300164 	0.686118 	0.0589814 	
1.835	0.0656405 	-0.0954411 	-1.94004 	0.300165 	0.686134 	0.0589734 	
1.84	0.0656521 	-0.0957022 	-1.9398 	0.300165 	0.686148 	0.0589653 	
1.845	0.0658762 	-0.0961872 	-1.93963 	0.300873 	0.687646 	0.0598385 	
1.85	0.0658877 	-0.0964453 	-1.93939 	0.300873 	0.68766 	0.0598304 	
1.855	0.0658991 	-0.0967018 	-1.93914 	0.300873 	0.687674 	0.0598222 	
1.86	0.0659105 	-0.0969567 	-1.9389 	0.300873 	0.687689 	0.0598141 	
1.865	0.0661309 	-0.0974301 	-1.93874 	0.301572 	0.689149 	0.0606704 	
1.87	0.0661422 	-0.0976819 	-1.9385 	0.301571 	0.689163 	0.0606622 	
1.875	0.0661535 	-0.0979321 	-1.93826 	0.301571 	0.689176 	0.060654 	
1.88	0.0661647 	-0.0981807 	-1.93802 	0.301571 	0.68919 	0.0606458 	
1.885	0.0663811 	-0.0986422 	-1.93786 	0.30226 	0.690613 	0.0614846 	
1.89	0.0663922 	-0.0988876 	-1.93763 	0.302259 	0.690625 	0.0614764 	
1.895	0.0664033 	-0.0991314 	-1.93739 	0.302259 	0.690638 	0.0614681 	
1.9	0.0664143 	-0.0993736 	-1.93716 	0.302259 	0.690651 	0.0614598 	
1.905	0.0666265 	-0.0998229 	-1.93701 	0.302936 	0.692036 	0.0622804 	
1.91	0.0666374 	-0.100062 	-1.93678 	0.302936 	0.692048 	0.0622721 	
1.915	0.0666483 	-0.100299 	-1.93655 	0.302936 	0.69206 	0.0622638 	
1.92	0.0666591 	-0.100535 	-1.93632 	0.302935 	0.692072 	0.0622555 	
1.925	0.0666698 	-0.100768 	-1.9361 	0.302935 	0.692084 	0.0622472 	
1.93	0.066921 	-0.101248 	-1.93596 	0.303747 	0.693723 	0.0632274 	
1.935	0.0669317 	-0.101479 	-1.93574 	0.303747 	0.693734 	0.0632191 	
1.94	0.0669422 	-0.101708 	-1.93552 	0.303746 	0.693746 	0.0632108 	
1.945	0.0669527 	-0.101935 	-1.9353 	0.303746 	0.693757 	0.0632025 	
1.95	0.0669632 	-0.10216 	-1.93509 	0.303745 	0.693768 	0.0631942 	
1.955	0.0672118 	-0.102627 	-1.93496 	0.304553 	0.695377 	0.0641627 	
1.96	0.0672221 	-0.102849 	-1.93474 	0.304553 	0.695387 	0.0641544 	
1.965	0.0672324 	-0.103069 	-1.93453 	0.304552 	0.695398 	0.0641462 	
1.97	0.0672426 	-0.103288 	-1.93432 	0.304551 	0.695408 	0.0641379 	
1.975	0.0672527 	-0.103505 	-1.93411 	0.304551 	0.695418 	0.0641297 	
1.98	0.0674941 	-0.103954 	-1.93398 	0.305339 	0.696967 	0.0650678 	
1.985	0.0675041 	-0.104167 	-1.93378 	0.305338 	0.696977 	0.0650596 	
1.99	0.067514 	-0.104378 	-1.93357 	0.305337 	0.696986 	0.0650514 	
1.995	0.0675239 	-0.104588 	-1.93337 	0.305336 	0.696996 	0.0650433 	
2	0.0675337 	-0.104796 	-1.93317 	0.305335 	0.697005 	0.0650352 	
2.005	0.067767 	-0.105227 	-1.93305 	0.3061 	0.69849 	0.0659398 	
2.01	0.0677767 	-0.105431 	-1.93285 	0.306099 	0.698499 	0.0659317 	
2.015	0.0677863 	-0.105633 	-1.93265 	0.306098 	0.698508 	0.0659237 	
2.02	0.0677958 	-0.105834 	-1.93246 	0.306097 	0.698517 	0.0659156 	
2.025	0.0678052 	-0.106033 	-1.93227 	0.306096 	0.698525 	0.0659076 	
2.03	0.0680301 	-0.106445 	-1.93215 	0.306835 	0.699945 	0.0667773 	
2.035	0.0680393 	-0.10664 	-1.93196 	0.306834 	0.699953 	0.0667694 	
2.04	0.0680485 	-0.106833 	-1.93177 	0.306833 	0.699961 	0.0667615 	
2.045	0.0680577 	-0.107024 	-1.93159 	0.306832 	0.699969 	0.0667536 	
2.05	0.0680668 	-0.107214 	-1.9314 	0.306831 	0.699977 	0.0667458 	
2.055	0.0680758 	-0.107402 	-1.93122 	0.30683 	0.699985 	0.066738 	
2.06	0.0683276 	-0.107828 	-1.93112 	0.307666 	0.701572 	0.0677179 	
2.065	0.0683365 	-0.108012 	-1.93094 	0.307665 	0.70158 	0.0677101 	
2.07	0.0683452 	-0.108194 	-1.93076 	0.307664 	0.701587 	0.0677025 	
2.075	0.0683539 	-0.108374 	-1.93059 	0.307663 	0.701594 	0.0676948 	
2.08	0.0683625 	-0.108552 	-1.93041 	0.307662 	0.701601 	0.0676873 	
2.085	0.068371 	-0.108729 	-1.93024 	0.307661 	0.701608 	0.0676797 	
2.09	0.0686136 	-0.109133 	-1.93015 	0.30847 	0.703124 	0.068622 	
2.095	0.0686219 	-0.109305 	-1.92998 	0.308469 	0.703131 	0.0686145 	
2.1	0.0686302 	-0.109476 	-1.92981 	0.308468 	0.703138 	0.0686071 	
2.105	0.0686383 	-0.109645 	-1.92965 	0.308467 	0.703144 	0.0685998 	
2.11	0.0686464 	-0.109811 	-1.92949 	0.308466 	0.70315 	0.0685925 	
2.115	0.0686545 	-0.109976 	-1.92933 	0.308465 	0.703157 	0.0685853 	
2.12	0.0688834 	-0.110354 	-1.92924 	0.309231 	0.704577 	0.069473 	
2.125	0.0688913 	-0.110515 	-1.92908 	0.309229 	0.704583 	0.0694659 	
2.13	0.068899 	-0.110674 	-1.92892 	0.309228 	0.704589 	0.0694589 	
2.135	0.0689067 	-0.110831 	-1.92877 	0.309227 	0.704594 	0.0694519 	
2.14	0.0689143 	-0.110986 	-1.92862 	0.309226 	0.7046 	0.0694449 	
2.145	0.0689218 	-0.111139 	-1.92847 	0.309225 	0.704606 	0.069438 	
2.15	0.0689292 	-0.11129 	-1.92832 	0.309224 	0.704611 	0.0694312 	
2.155	0.069173 	-0.111668 	-1.92825 	0.310046 	0.706118 	0.0703801 	
2.16	0.0691802 	-0.111815 	-1.92811 	0.310045 	0.706123 	0.0703734 	
2.165	0.0691874 	-0.11196 	-1.92796 	0.310044 	0.706128 	0.0703668 	
2.17	0.0691944 	-0.112103 	-1.92782 	0.310043 	0.706133 	0.0703603 	
2.175	0.0692013 	-0.112244 	-1.92769 	0.310042 	0.706138 	0.0703538 	
2.18	0.0692082 	-0.112383 	-1.92755 	0.310041 	0.706143 	0.0703474 	
2.185	0.069215 	-0.11252 	-1.92742 	0.31004 	0.706148 	0.0703411 	
2.19	0.0694417 	-0.112866 	-1.92735 	0.310808 	0.707539 	0.0712224 	
2.195	0.0694483 	-0.112999 	-1.92722 	0.310807 	0.707543 	0.0712162 	
2.2	0.0694548 	-0.11313 	-1.92709 	0.310806 	0.707547 	0.0712101 	
2.205	0.0694612 	-0.113259 	-1.92696 	0.310805 	0.707552 	0.0712041 	
2.21	0.0694674 	-0.113385 	-1.92684 	0.310804 	0.707556 	0.0711981 	
2.215	0.0694736 	-0.11351 	-1.92672 	0.310803 	0.70756 	0.0711923 	
2.22	0.0694797 	-0.113633 	-1.9266 	0.310802 	0.707564 	0.0711865 	
2.225	0.0694857 	-0.113754 	-1.92648 	0.310801 	0.707568 	0.0711807 	
2.23	0.0697151 	-0.114085 	-1.92643 	0.311583 	0.70897 	0.0720747 	
2.235	0.0697209 	-0.114202 	-1.92631 	0.311582 	0.708973 	0.0720692 	
2.24	0.0697266 	-0.114316 	-1.9262 	0.311581 	0.708977 	0.0720637 	
2.245	0.0697322 	-0.114428 	-1.92609 	0.31158 	0.708981 	0.0720583 	
2.25	0.0697377 	-0.114539 	-1.92598 	0.311579 	0.708984 	0.072053 	
2.255	0.0697432 	-0.114647 	-1.92588 	0.311578 	0.708988 	0.0720478 	
2.26	0.0697485 	-0.114753 	-1.92577 	0.311577 	0.708991 	0.0720427 	
2.265	0.0697537 	-0.114858 	-1.92567 	0.311576 	0.708994 	0.0720376 	
2.27	0.0697588 	-0.11496 	-1.92557 	0.311575 	0.708997 	0.0720327 	
2.275	0.0699824 	-0.115266 	-1.92553 	0.312343 	0.710357 	0.0729063 	
2.28	0.0699873 	-0.115364 	-1.92544 	0.312342 	0.71036 	0.0729015 	
2.285	0.0699921 	-0.11546 	-1.92534 	0.312341 	0.710363 	0.0728969 	
2.29	0.0699968 	-0.115553 	-1.92525 	0.31234 	0.710366 	0.0728923 	
2.295	0.0700014 	-0.115645 	-1.92516 	0.312339 	0.710369 	0.0728878 	
2.3	0.0700059 	-0.115734 	-1.92507 	0.312338 	0.710372 	0.0728834 	
2.305	0.0700103 	-0.115821 	-1.92499 	0.312337 	0.710374 	0.0728791 	
2.31	0.0700146 	-0.115907 	-1.9249 	0.312337 	0.710377 	0.0728749 	
2.315	0.0700187 	-0.11599 	-1.92482 	0.312336 	0.710379 	0.0728708 	
2.32	0.0700228 	-0.116071 	-1.92474 	0.312335 	0.710382 	0.0728668 	
2.325	0.0700268 	-0.11615 	-1.92466 	0.312334 	0.710384 	0.0728628 	
2.33	0.0702471 	-0.116429 	-1.92465 	0.313096 	0.71172 	0.0737271 	
2.335	0.0702508 	-0.116504 	-1.92458 	0.313096 	0.711722 	0.0737234 	
2.34	0.0702545 	-0.116576 	-1.9245 	0.313095 	0.711724 	0.0737198 	
2.345	0.070258 	-0.116646 	-1.92443 	0.313094 	0.711726 	0.0737163 	
2.35	0.0702615 	-0.116715 	-1.92437 	0.313094 	0.711728 	0.0737129 	
2.355	0.0702648 	-0.116781 	-1.9243 	0.313093 	0.71173 	0.0737096 	
2.36	0.070268 	-0.116845 	-1.92424 	0.313092 	0.711732 	0.0737063 	
2.365	0.0702712 	-0.116906 	-1.92418 	0.313092 	0.711734 	0.0737032 	
2.37	0.0702742 	-0.116966 	-1.92412 	0.313091 	0.711736 	0.0737002 	
2.375	0.0702771 	-0.117023 	-1.92406 	0.313091 	0.711737 	0.0736973 	
2.38	0.0702799 	-0.117079 	-1.92401 	0.31309 	0.711739 	0.0736946 	
2.385	0.0702826 	-0.117132 	-1.92396 	0.31309 	0.71174 	0.0736919 	
2.39	0.0702852 	-0.117183 	-1.92391 	0.313089 	0.711742 	0.0736893 	
2.395	0.0702876 	-0.117232 	-1.92386 	0.313089 	0.711743 	0.0736868 	
2.4	0.07029 	-0.117278 	-1.92381 	0.313088 	0.711744 	0.0736844 	
2.405	0.0702923 	-0.117323 	-1.92377 	0.313088 	0.711746 	0.0736822 	
2.41	0.0702944 	-0.117365 	-1.92373 	0.313087 	0.711747 	0.07368 	
2.415	0.070517 	-0.117611 	-1.92375 	0.313866 	0.713097 	0.0745612 	
2.42	0.0705188 	-0.117645 	-1.92371 	0.313866 	0.713098 	0.0745594 	
2.425	0.0705207 	-0.117685 	-1.92367 	0.313866 	0.7131 	0.0745574 	
2.43	0.0705223 	-0.117715 	-1.92364 	0.313865 	0.7131 	0.0745559 	
2.435	0.0705239 	-0.117747 	-1.92361 	0.313865 	0.713101 	0.0745543 	
2.44	0.0705254 	-0.117776 	-1.92358 	0.313865 	0.713102 	0.0745528 	
2.445	0.0705268 	-0.117804 	-1.92356 	0.313864 	0.713103 	0.0745514 	
2.45	0.0705281 	-0.117829 	-1.92353 	0.313864 	0.713103 	0.0745501 	
2.455	0.0705292 	-0.117852 	-1.92351 	0.313864 	0.713104 	0.0745489 	
2.46	0.0705303 	-0.117873 	-1.92349 	0.313864 	0.713105 	0.0745478 	
2.465	0.0705313 	-0.117892 	-1.92347 	0.313864 	0.713105 	0.0745469 	
2.47	0.0705321 	-0.117908 	-1.92345 	0.313863 	0.713106 	0.074546 	
2.475	0.0705328 	-0.117922 	-1.92344 	0.313863 	0.713106 	0.0745453 	
2.48	0.0705334 	-0.117935 	-1.92343 	0.313863 	0.713106 	0.0745447 	
2.485	0.070534 	-0.117945 	-1.92342 	0.313863 	0.713107 	0.0745442 	
2.49	0.0705344 	-0.117953 	-1.92341 	0.313863 	0.713107 	0.0745437 	
2.495	0.0705346 	-0.117958 	-1.9234 	0.313863 	0.713107 	0.0745435 	
2.5	0.0705346 	-0.117958 	-1.9234 	0.313863 	0.713107 	0.0745435 	
2.505	0.0705313 	-0.117959 	-1.92341 	0.313864 	0.713108 	0.0745479 	
2.51	0.0705313 	-0.117959 	-1.92341 	0.313864 	0.713108 	0.0745479 	
2.515	0.0705313 	-0.117959 	-1.92341 	0.313864 	0.713108 	0.0745479 	
2.52	0.0705265 	-0.11796 	-1.9234 	0.313864 	0.713102 	0.0745515 	
2.525	0.0705225 	-0.11796 	-1.9234 	0.313864 	0.713097 	0.0745543 	
2.53	0.0705176 	-0.117961 	-1.92339 	0.313864 	0.713091 	0.0745577 	
2.535	0.0705116 	-0.117962 	-1.92338 	0.313865 	0.713084 	0.074562 	
2.54	0.0705045 	-0.117962 	-1.92337 	0.313865 	0.713075 	0.0745669 	
2.545	0.0704963 	-0.117964 	-1.92337 	0.313865 	0.713064 	0.0745727 	
2.55	0.0704869 	-0.117965 	-1.92335 	0.313865 	0.713053 	0.0745792 	
2.555	0.0704765 	-0.117966 	-1.92334 	0.313865 	0.71304 	0.0745866 	
2.56	0.0704649 	-0.117968 	-1.92333 	0.313865 	0.713025 	0.0745947 	
2.565	0.0704522 	-0.117969 	-1.92331 	0.313865 	0.713009 	0.0746035 	
2.57	0.0704385 	-0.117971 	-1.9233 	0.313865 	0.712992 	0.0746132 	
2.575	0.0705053 	-0.118029 	-1.9233 	0.314178 	0.713369 	0.0760004 	
2.58	0.0704893 	-0.118031 	-1.92328 	0.314178 	0.713348 	0.0760116 	
2.585	0.0704722 	-0.118033 	-1.92326 	0.314179 	0.713327 	0.0760235 	
2.59	0.070454 	-0.118036 	-1.92324 	0.314179 	0.713304 	0.0760363 	
2.595	0.0704347 	-0.118038 	-1.92322 	0.314179 	0.71328 	0.0760498 	
2.6	0.0704143 	-0.118041 	-1.92319 	0.314179 	0.713254 	0.0760641 	
2.605	0.0703928 	-0.118044 	-1.92317 	0.314179 	0.713227 	0.0760792 	
2.61	0.0703628 	-0.118013 	-1.92313 	0.314185 	0.713016 	0.0774793 	
2.615	0.0703391 	-0.118016 	-1.9231 	0.314185 	0.712987 	0.0774959 	
2.62	0.0703142 	-0.11802 	-1.92308 	0.314185 	0.712955 	0.0775133 	
2.625	0.0702857 	-0.118023 	-1.92304 	0.314185 	0.71292 	0.0775332 	
2.63	0.0702611 	-0.118027 	-1.92301 	0.314186 	0.712889 	0.0775505 	
2.635	0.0702147 	-0.11799 	-1.92297 	0.314162 	0.712619 	0.0789029 	
2.64	0.0701854 	-0.117994 	-1.92293 	0.314162 	0.712583 	0.0789234 	
2.645	0.070155 	-0.117998 	-1.9229 	0.314162 	0.712545 	0.0789447 	
2.65	0.0701235 	-0.118002 	-1.92286 	0.314162 	0.712505 	0.0789667 	
2.655	0.0700751 	-0.117967 	-1.92281 	0.314136 	0.712239 	0.0802565 	
2.66	0.0700415 	-0.117971 	-1.92277 	0.314136 	0.712197 	0.0802801 	
2.665	0.0700068 	-0.117976 	-1.92273 	0.314137 	0.712153 	0.0803044 	
2.67	0.069971 	-0.117981 	-1.92269 	0.314137 	0.712108 	0.0803294 	
2.675	0.0699162 	-0.117941 	-1.92264 	0.314108 	0.711809 	0.0817747 	
2.68	0.0698783 	-0.117947 	-1.92259 	0.314108 	0.711761 	0.0818012 	
2.685	0.0698393 	-0.117952 	-1.92255 	0.314108 	0.711712 	0.0818285 	
2.69	0.0697992 	-0.117958 	-1.9225 	0.314108 	0.711662 	0.0818565 	
2.695	0.069738 	-0.117913 	-1.92244 	0.314075 	0.711327 	0.0834775 	
2.7	0.0696957 	-0.117919 	-1.92239 	0.314075 	0.711274 	0.083507 	
2.705	0.0696524 	-0.117925 	-1.92234 	0.314076 	0.711219 	0.0835373 	
2.71	0.0695911 	-0.117889 	-1.92227 	0.314048 	0.710923 	0.0849176 	
2.715	0.0695457 	-0.117896 	-1.92222 	0.314048 	0.710866 	0.0849493 	
2.72	0.0694992 	-0.117902 	-1.92217 	0.314048 	0.710807 	0.0849818 	
2.725	0.0694339 	-0.117864 	-1.9221 	0.314019 	0.710496 	0.0864272 	
2.73	0.0693865 	-0.117873 	-1.92204 	0.314019 	0.710435 	0.0864595 	
2.735	0.0693369 	-0.11788 	-1.92198 	0.314019 	0.710372 	0.0864942 	
2.74	0.0692674 	-0.11784 	-1.92191 	0.313988 	0.710041 	0.0880344 	
2.745	0.0692157 	-0.117847 	-1.92185 	0.313988 	0.709976 	0.0880705 	
2.75	0.0691629 	-0.117855 	-1.92179 	0.313988 	0.709909 	0.0881073 	
2.755	0.069089 	-0.117812 	-1.92171 	0.313955 	0.709557 	0.0897446 	
2.76	0.0690342 	-0.117821 	-1.92165 	0.313955 	0.709488 	0.0897828 	
2.765	0.0689784 	-0.117829 	-1.92158 	0.313955 	0.709417 	0.0898218 	
2.77	0.0689002 	-0.117784 	-1.9215 	0.31392 	0.709044 	0.0915555 	
2.775	0.0688424 	-0.117793 	-1.92143 	0.31392 	0.708971 	0.0915958 	
2.78	0.0687835 	-0.117801 	-1.92136 	0.313921 	0.708897 	0.0916369 	
2.785	0.0687011 	-0.117754 	-1.92127 	0.313884 	0.708503 	0.0934661 	
2.79	0.0686402 	-0.117763 	-1.9212 	0.313884 	0.708426 	0.0935086 	
2.795	0.0685618 	-0.117732 	-1.92112 	0.313857 	0.708116 	0.0948553 	
2.8	0.0684989 	-0.117741 	-1.92104 	0.313857 	0.708037 	0.0948991 	
2.805	0.0684187 	-0.11771 	-1.92096 	0.31383 	0.707726 	0.0962355 	
2.81	0.0683538 	-0.11772 	-1.92088 	0.31383 	0.707644 	0.0962807 	
2.815	0.0682712 	-0.117689 	-1.92079 	0.313803 	0.707325 	0.0976537 	
2.82	0.0682043 	-0.117699 	-1.92071 	0.313803 	0.70724 	0.0977002 	
2.825	0.0681192 	-0.117667 	-1.92062 	0.313775 	0.706911 	0.0991141 	
2.83	0.0680504 	-0.117678 	-1.92054 	0.313775 	0.706824 	0.099162 	
2.835	0.0679628 	-0.117644 	-1.92044 	0.313746 	0.706486 	0.100617 	
2.84	0.0678921 	-0.117656 	-1.92036 	0.313746 	0.706396 	0.100666 	
2.845	0.0678021 	-0.117622 	-1.92026 	0.313716 	0.706048 	0.102162 	
2.85	0.0677294 	-0.117633 	-1.92017 	0.313716 	0.705957 	0.102212 	
2.855	0.067637 	-0.117598 	-1.92007 	0.313685 	0.705599 	0.103748 	
2.86	0.0675624 	-0.11761 	-1.91998 	0.313685 	0.705505 	0.1038 	
2.865	0.0674676 	-0.117575 	-1.91988 	0.313653 	0.705138 	0.105376 	
2.87	0.0673911 	-0.117587 	-1.91979 	0.313654 	0.705041 	0.105429 	
2.875	0.067294 	-0.117551 	-1.91968 	0.313621 	0.704665 	0.107045 	
2.88	0.0672156 	-0.117564 	-1.91959 	0.313621 	0.704566 	0.107099 	
2.885	0.0671161 	-0.117527 	-1.91948 	0.313588 	0.704181 	0.108754 	
2.89	0.0670359 	-0.11754 	-1.91938 	0.313588 	0.704079 	0.108809 	
2.895	0.0669341 	-0.117503 	-1.91927 	0.313554 	0.703685 	0.110503 	
2.9	0.0668521 	-0.117516 	-1.91917 	0.313554 	0.703581 	0.11056 	
2.905	0.066748 	-0.117478 	-1.91905 	0.313519 	0.703178 	0.112291 	
2.91	0.0666642 	-0.117492 	-1.91895 	0.313519 	0.703072 	0.11235 	
2.915	0.0665578 	-0.117453 	-1.91884 	0.313483 	0.70266 	0.114119 	
2.92	0.0664722 	-0.117468 	-1.91873 	0.313483 	0.702551 	0.114179 	
2.925	0.0663636 	-0.117428 	-1.91861 	0.313447 	0.70213 	0.115986 	
2.93	0.0662762 	-0.117443 	-1.91851 	0.313446 	0.70202 	0.116046 	
2.935	0.0661654 	-0.117403 	-1.91838 	0.313409 	0.70159 	0.11789 	
2.94	0.0660762 	-0.117419 	-1.91827 	0.313409 	0.701477 	0.117952 	
2.945	0.0659632 	-0.117378 	-1.91815 	0.313371 	0.701039 	0.119833 	
2.95	0.0658724 	-0.117394 	-1.91804 	0.313371 	0.700924 	0.119895 	
2.955	0.0657572 	-0.117352 	-1.91791 	0.313332 	0.700477 	0.121812 	
2.96	0.0656647 	-0.117369 	-1.9178 	0.313332 	0.70036 	0.121876 	
2.965	0.0655474 	-0.117327 	-1.91767 	0.313292 	0.699905 	0.123828 	
2.97	0.0654531 	-0.117344 	-1.91755 	0.313292 	0.699785 	0.123893 	
2.975	0.0653337 	-0.117301 	-1.91742 	0.313252 	0.699322 	0.125881 	
2.98	0.0652379 	-0.117319 	-1.9173 	0.313252 	0.6992 	0.125947 	
2.985	0.0651164 	-0.117276 	-1.91716 	0.313211 	0.698729 	0.127969 	
2.99	0.0650189 	-0.117294 	-1.91704 	0.31321 	0.698605 	0.128036 	
2.995	0.0648954 	-0.11725 	-1.91691 	0.313168 	0.698125 	0.130092 	
3	0.0647963 	-0.117269 	-1.91678 	0.313168 	0.697999 	0.130161 	
3.005	0.0646708 	-0.117225 	-1.91664 	0.313126 	0.697512 	0.13225 	
3.01	0.0645701 	-0.117244 	-1.91652 	0.313125 	0.697384 	0.13232 	
3.015	0.0644426 	-0.1172 	-1.91637 	0.313082 	0.696889 	0.134443 	
3.02	0.0643404 	-0.117219 	-1.91625 	0.313082 	0.696759 	0.134513 	
3.025	0.064204 	-0.117167 	-1.91611 	0.31304 	0.696257 	0.136677 	
3.03	0.0641001 	-0.117187 	-1.91598 	0.31304 	0.696125 	0.136749 	
3.035	0.0639688 	-0.117142 	-1.91584 	0.312995 	0.695615 	0.138936 	
3.04	0.0638635 	-0.117162 	-1.9157 	0.312995 	0.695481 	0.139009 	
3.045	0.0637303 	-0.117117 	-1.91555 	0.312949 	0.694963 	0.141227 	
3.05	0.0636236 	-0.117138 	-1.91542 	0.312949 	0.694827 	0.141301 	
3.055	0.0634885 	-0.117092 	-1.91527 	0.312903 	0.694302 	0.14355 	
3.06	0.0633803 	-0.117114 	-1.91513 	0.312902 	0.694164 	0.143625 	
3.065	0.0632435 	-0.117067 	-1.91497 	0.312856 	0.693632 	0.145904 	
3.07	0.0631339 	-0.11709 	-1.91484 	0.312855 	0.693492 	0.14598 	
3.075	0.0629952 	-0.117043 	-1.91468 	0.312808 	0.692953 	0.148289 	
3.08	0.0628842 	-0.117066 	-1.91454 	0.312807 	0.692811 	0.148366 	
3.085	0.0627438 	-0.117019 	-1.91438 	0.312759 	0.692265 	0.150704 	
3.09	0.0626155 	-0.117004 	-1.91422 	0.312731 	0.691898 	0.152036 	
3.095	0.0625025 	-0.117027 	-1.91408 	0.312731 	0.691754 	0.152114 	
3.1	0.0623609 	-0.116983 	-1.91392 	0.312684 	0.691216 	0.154393 	
3.105	0.0622304 	-0.116968 	-1.91376 	0.312656 	0.690843 	0.155739 	
3.11	0.0621154 	-0.116993 	-1.91362 	0.312656 	0.690696 	0.155818 	
3.115	0.0619714 	-0.116948 	-1.91345 	0.312608 	0.690149 	0.158135 	
3.12	0.0618387 	-0.116934 	-1.91329 	0.31258 	0.68977 	0.159504 	
3.125	0.0617218 	-0.116959 	-1.91314 	0.312579 	0.689621 	0.159584 	
3.13	0.0615754 	-0.116915 	-1.91297 	0.312531 	0.689064 	0.16194 	
3.135	0.0614406 	-0.1169 	-1.91281 	0.312502 	0.688679 	0.16333 	
3.14	0.0613219 	-0.116926 	-1.91266 	0.312501 	0.688527 	0.163411 	
3.145	0.0611732 	-0.116882 	-1.91248 	0.312452 	0.687962 	0.165804 	
3.15	0.0610364 	-0.116868 	-1.91232 	0.312423 	0.687571 	0.167215 	
3.155	0.0609159 	-0.116895 	-1.91216 	0.312421 	0.687416 	0.167297 	
3.16	0.0607651 	-0.11685 	-1.91198 	0.312371 	0.686842 	0.169726 	
3.165	0.0606262 	-0.116836 	-1.91182 	0.312342 	0.686446 	0.171157 	
3.17	0.0604881 	-0.116825 	-1.91165 	0.312314 	0.686065 	0.172495 	
3.175	0.0603495 	-0.116815 	-1.91148 	0.312287 	0.685684 	0.173828 	
3.18	0.0602102 	-0.116805 	-1.91131 	0.312259 	0.685302 	0.175167 	
3.185	0.0600704 	-0.116795 	-1.91113 	0.312231 	0.684918 	0.176511 	
3.19	0.05993 	-0.116786 	-1.91096 	0.312204 	0.684532 	0.177861 	
3.195	0.059789 	-0.116776 	-1.91079 	0.312176 	0.684145 	0.179217 	
3.2	0.0596474 	-0.116767 	-1.91061 	0.312147 	0.683756 	0.180578 	
3.205	0.0595052 	-0.116757 	-1.91044 	0.312119 	0.683365 	0.181944 	
3.21	0.0593625 	-0.116748 	-1.91026 	0.312091 	0.682973 	0.183317 	
3.215	0.0592192 	-0.116739 	-1.91008 	0.312062 	0.682579 	0.184694 	
3.22	0.0590754 	-0.11673 	-1.9099 	0.312033 	0.682184 	0.186077 	
3.225	0.0589311 	-0.116722 	-1.90972 	0.312004 	0.681787 	0.187464 	
3.23	0.0587862 	-0.116713 	-1.90954 	0.311975 	0.681389 	0.188857 	
3.235	0.0586409 	-0.116705 	-1.90936 	0.311946 	0.680989 	0.190255 	
3.24	0.058495 	-0.116697 	-1.90918 	0.311917 	0.680587 	0.191658 	
3.245	0.0583486 	-0.116689 	-1.909 	0.311887 	0.680184 	0.193065 	
3.25	0.0582018 	-0.116681 	-1.90881 	0.311858 	0.67978 	0.194477 	
3.255	0.0580544 	-0.116673 	-1.90863 	0.311828 	0.679374 	0.195894 	
3.26	0.0579233 	-0.116684 	-1.90842 	0.311792 	0.678965 	0.197294 	
3.265	0.0577752 	-0.116676 	-1.90823 	0.311762 	0.678556 	0.19872 	
3.27	0.0576265 	-0.116669 	-1.90804 	0.311732 	0.678147 	0.20015 	
3.275	0.0574774 	-0.116662 	-1.90785 	0.311702 	0.677736 	0.201585 	
3.28	0.0573279 	-0.116656 	-1.90766 	0.311672 	0.677323 	0.203023 	
3.285	0.0571779 	-0.116649 	-1.90747 	0.311641 	0.67691 	0.204466 	
3.29	0.0570275 	-0.116643 	-1.90728 	0.311611 	0.676495 	0.205913 	
3.295	0.0568767 	-0.116636 	-1.90709 	0.31158 	0.676079 	0.207363 	
3.3	0.0567256 	-0.11663 	-1.9069 	0.311549 	0.675662 	0.208818 	
3.305	0.056574 	-0.116625 	-1.90671 	0.311518 	0.675244 	0.210276 	
3.31	0.0564221 	-0.116619 	-1.90651 	0.311487 	0.674825 	0.211737 	
3.315	0.0562698 	-0.116614 	-1.90632 	0.311456 	0.674404 	0.213203 	
3.32	0.0561172 	-0.116608 	-1.90612 	0.311425 	0.673983 	0.214671 	
3.325	0.0559642 	-0.116603 	-1.90593 	0.311394 	0.673561 	0.216144 	
3.33	0.055811 	-0.116599 	-1.90573 	0.311362 	0.673137 	0.217619 	
3.335	0.0556574 	-0.116594 	-1.90553 	0.31133 	0.672713 	0.219097 	
3.34	0.0555034 	-0.11659 	-1.90534 	0.311299 	0.672287 	0.220579 	
3.345	0.0553492 	-0.116586 	-1.90514 	0.311267 	0.671861 	0.222064 	
3.35	0.0551947 	-0.116582 	-1.90494 	0.311235 	0.671434 	0.223551 	
3.355	0.0550399 	-0.116578 	-1.90474 	0.311203 	0.671005 	0.225041 	
3.36	0.0548849 	-0.116574 	-1.90454 	0.311171 	0.670576 	0.226534 	
3.365	0.0547296 	-0.116571 	-1.90433 	0.311139 	0.670147 	0.22803 	
3.37	0.054574 	-0.116568 	-1.90413 	0.311107 	0.669716 	0.229528 	
3.375	0.0544182 	-0.116565 	-1.90393 	0.311074 	0.669285 	0.231029 	
3.38	0.0542622 	-0.116562 	-1.90373 	0.311042 	0.668853 	0.232532 	
3.385	0.0541059 	-0.11656 	-1.90352 	0.31101 	0.66842 	0.234037 	
3.39	0.0539495 	-0.116558 	-1.90332 	0.310977 	0.667986 	0.235544 	
3.395	0.0537928 	-0.116556 	-1.90311 	0.310944 	0.667552 	0.237053 	
3.4	0.053636 	-0.116554 	-1.90291 	0.310912 	0.667117 	0.238564 	
3.405	0.053479 	-0.116552 	-1.9027 	0.310879 	0.666682 	0.240078 	
3.41	0.0533218 	-0.116551 	-1.90249 	0.310846 	0.666246 	0.241592 	
3.415	0.0531645 	-0.11655 	-1.90229 	0.310813 	0.665809 	0.243109 	
3.42	0.053007 	-0.116549 	-1.90208 	0.31078 	0.665372 	0.244627 	
3.425	0.0528493 	-0.116549 	-1.90187 	0.310747 	0.664934 	0.246147 	
3.43	0.0526916 	-0.116548 	-1.90166 	0.310713 	0.664496 	0.247668 	
3.435	0.0525337 	-0.116548 	-1.90145 	0.31068 	0.664058 	0.24919 	
3.44	0.0523757 	-0.116548 	-1.90124 	0.310647 	0.663619 	0.250713 	
3.445	0.0522177 	-0.116548 	-1.90103 	0.310613 	0.66318 	0.252238 	
3.45	0.0520595 	-0.116549 	-1.90082 	0.31058 	0.66274 	0.253763 	
3.455	0.0519013 	-0.11655 	-1.90061 	0.310546 	0.6623 	0.25529 	
3.46	0.051743 	-0.116551 	-1.9004 	0.310513 	0.66186 	0.256817 	
3.465	0.0515846 	-0.116552 	-1.90019 	0.310479 	0.661419 	0.258345 	
3.47	0.0514262 	-0.116553 	-1.89997 	0.310446 	0.660978 	0.259874 	
3.475	0.0512678 	-0.116555 	-1.89976 	0.310412 	0.660537 	0.261403 	
3.48	0.0511093 	-0.116557 	-1.89955 	0.310378 	0.660096 	0.262933 	
3.485	0.0509508 	-0.116559 	-1.89933 	0.310344 	0.659654 	0.264462 	
3.49	0.0507924 	-0.116561 	-1.89912 	0.31031 	0.659213 	0.265993 	
3.495	0.0506339 	-0.116564 	-1.89891 	0.310277 	0.658771 	0.267523 	
3.5	0.0504754 	-0.116567 	-1.89869 	0.310243 	0.658329 	0.269053 	
3.505	0.050317 	-0.11657 	-1.89848 	0.310209 	0.657887 	0.270583 	
3.51	0.0501586 	-0.116573 	-1.89826 	0.310175 	0.657445 	0.272114 	
3.515	0.0500002 	-0.116577 	-1.89805 	0.310141 	0.657003 	0.273644 	
3.52	0.0498251 	-0.116563 	-1.89786 	0.310112 	0.656564 	0.275194 	
3.525	0.0496667 	-0.116566 	-1.89764 	0.310078 	0.656122 	0.276724 	
3.53	0.0495085 	-0.116571 	-1.89743 	0.310044 	0.655681 	0.278252 	
3.535	0.0493504 	-0.116575 	-1.89721 	0.31001 	0.655239 	0.27978 	
3.54	0.0491925 	-0.11658 	-1.89699 	0.309976 	0.654798 	0.281308 	
3.545	0.0490346 	-0.116585 	-1.89678 	0.309941 	0.654356 	0.282834 	
3.55	0.0488769 	-0.11659 	-1.89656 	0.309907 	0.653915 	0.28436 	
3.555	0.0487193 	-0.116595 	-1.89634 	0.309873 	0.653474 	0.285884 	
3.56	0.0485618 	-0.116601 	-1.89612 	0.309839 	0.653033 	0.287408 	
3.565	0.0484045 	-0.116606 	-1.89591 	0.309804 	0.652593 	0.28893 	
3.57	0.0482473 	-0.116612 	-1.89569 	0.30977 	0.652153 	0.290451 	
3.575	0.0480903 	-0.116619 	-1.89547 	0.309736 	0.651713 	0.291971 	
3.58	0.0479335 	-0.116625 	-1.89526 	0.309702 	0.651274 	0.293489 	
3.585	0.0477768 	-0.116632 	-1.89504 	0.309667 	0.650835 	0.295005 	
3.59	0.0476204 	-0.116639 	-1.89482 	0.309633 	0.650396 	0.29652 	
3.595	0.0474642 	-0.116646 	-1.8946 	0.309599 	0.649958 	0.298033 	
3.6	0.0473081 	-0.116653 	-1.89438 	0.309564 	0.64952 	0.299544 	
3.605	0.0471524 	-0.116661 	-1.89417 	0.30953 	0.649083 	0.301054 	
3.61	0.0469968 	-0.116668 	-1.89395 	0.309496 	0.648646 	0.302561 	
3.615	0.0468415 	-0.116676 	-1.89373 	0.309462 	0.64821 	0.304066 	
3.62	0.0466865 	-0.116685 	-1.89351 	0.309427 	0.647774 	0.305569 	
3.625	0.0465317 	-0.116693 	-1.8933 	0.309393 	0.647339 	0.30707 	
3.63	0.0463772 	-0.116702 	-1.89308 	0.309359 	0.646905 	0.308568 	
3.635	0.046223 	-0.11671 	-1.89286 	0.309325 	0.646471 	0.310063 	
3.64	0.0460691 	-0.116719 	-1.89264 	0.30929 	0.646038 	0.311557 	
3.645	0.0459155 	-0.116729 	-1.89243 	0.309256 	0.645606 	0.313047 	
3.65	0.0457622 	-0.116738 	-1.89221 	0.309222 	0.645174 	0.314534 	
3.655	0.0456092 	-0.116748 	-1.89199 	0.309188 	0.644744 	0.316019 	
3.66	0.0454566 	-0.116757 	-1.89177 	0.309154 	0.644314 	0.317501 	
3.665	0.0453043 	-0.116767 	-1.89156 	0.30912 	0.643884 	0.318979 	
3.67	0.0451524 	-0.116778 	-1.89134 	0.309086 	0.643456 	0.320455 	
3.675	0.0450008 	-0.116788 	-1.89112 	0.309052 	0.643029 	0.321927 	
3.68	0.0448496 	-0.116798 	-1.89091 	0.309018 	0.642602 	0.323396 	
3.685	0.0446988 	-0.116809 	-1.89069 	0.308984 	0.642177 	0.324862 	
3.69	0.0445484 	-0.11682 	-1.89048 	0.308951 	0.641752 	0.326323 	
3.695	0.0443984 	-0.116831 	-1.89026 	0.308917 	0.641328 	0.327782 	
3.7	0.0442488 	-0.116842 	-1.89005 	0.308883 	0.640906 	0.329236 	
3.705	0.0440996 	-0.116854 	-1.88983 	0.308849 	0.640484 	0.330687 	
3.71	0.0439508 	-0.116866 	-1.88962 	0.308816 	0.640063 	0.332134 	
3.715	0.0438025 	-0.116877 	-1.8894 	0.308782 	0.639644 	0.333577 	
3.72	0.0436546 	-0.116889 	-1.88919 	0.308749 	0.639226 	0.335016 	
3.725	0.0435072 	-0.116901 	-1.88897 	0.308715 	0.638809 	0.336451 	
3.73	0.0433603 	-0.116914 	-1.88876 	0.308682 	0.638393 	0.337881 	
3.735	0.0432138 	-0.116926 	-1.88855 	0.308649 	0.637978 	0.339307 	
3.74	0.0430678 	-0.116939 	-1.88834 	0.308616 	0.637564 	0.340729 	
3.745	0.0429345 	-0.116964 	-1.88811 	0.308579 	0.63715 	0.342131 	
3.75	0.0427896 	-0.116977 	-1.88789 	0.308545 	0.636739 	0.343544 	
3.755	0.0426452 	-0.11699 	-1.88768 	0.308512 	0.636329 	0.344952 	
3.76	0.0425012 	-0.117003 	-1.88747 	0.30848 	0.635921 	0.346355 	
3.765	0.0423578 	-0.117017 	-1.88726 	0.308447 	0.635514 	0.347753 	
3.77	0.0422149 	-0.11703 	-1.88705 	0.308414 	0.635108 	0.349146 	
3.775	0.0420726 	-0.117044 	-1.88684 	0.308381 	0.634704 	0.350535 	
3.78	0.0419308 	-0.117058 	-1.88663 	0.308349 	0.634301 	0.351918 	
3.785	0.0417896 	-0.117072 	-1.88643 	0.308316 	0.6339 	0.353296 	
3.79	0.0416489 	-0.117086 	-1.88622 	0.308284 	0.6335 	0.354669 	
