0	0.310139 	-0.173706 	0.536922 	0.173204 	-1.44948 	-0.2386 	
0.005	0.310139 	-0.173706 	0.536922 	0.173204 	-1.44948 	-0.2386 	
0.01	0.310139 	-0.173706 	0.536922 	0.173204 	-1.44948 	-0.2386 	
0.015	0.31014 	-0.173706 	0.536922 	0.173204 	-1.44948 	-0.2386 	
0.02	0.310141 	-0.173706 	0.536923 	0.173204 	-1.44948 	-0.2386 	
0.025	0.310143 	-0.173706 	0.536923 	0.173204 	-1.44948 	-0.2386 	
0.03	0.310145 	-0.173706 	0.536923 	0.173204 	-1.44948 	-0.2386 	
0.035	0.310148 	-0.173706 	0.536924 	0.173204 	-1.44948 	-0.2386 	
0.04	0.310151 	-0.173706 	0.536925 	0.173204 	-1.44948 	-0.2386 	
0.045	0.310155 	-0.173706 	0.536925 	0.173204 	-1.44948 	-0.2386 	
0.05	0.31016 	-0.173707 	0.536926 	0.173204 	-1.44948 	-0.2386 	
0.055	0.310165 	-0.173707 	0.536927 	0.173204 	-1.44948 	-0.2386 	
0.06	0.310171 	-0.173707 	0.536928 	0.173204 	-1.44948 	-0.2386 	
0.065	0.310177 	-0.173707 	0.536929 	0.173204 	-1.44948 	-0.2386 	
0.07	0.310184 	-0.173707 	0.53693 	0.173204 	-1.44948 	-0.2386 	
0.075	0.310191 	-0.173707 	0.536932 	0.173204 	-1.44948 	-0.2386 	
0.08	0.310199 	-0.173707 	0.536933 	0.173204 	-1.44948 	-0.2386 	
0.085	0.310207 	-0.173707 	0.536935 	0.173204 	-1.44948 	-0.2386 	
0.09	0.310217 	-0.173707 	0.536937 	0.173204 	-1.44948 	-0.2386 	
0.095	0.310225 	-0.173708 	0.536938 	0.173204 	-1.44948 	-0.2386 	
0.1	0.310236 	-0.173708 	0.53694 	0.173204 	-1.44948 	-0.2386 	
0.105	0.310247 	-0.173708 	0.536942 	0.173204 	-1.44948 	-0.2386 	
0.11	0.310258 	-0.173708 	0.536944 	0.173204 	-1.44948 	-0.2386 	
0.115	0.310269 	-0.173708 	0.536946 	0.173204 	-1.44948 	-0.2386 	
0.12	0.310281 	-0.173708 	0.536948 	0.173204 	-1.44948 	-0.2386 	
0.125	0.310294 	-0.173709 	0.536951 	0.173204 	-1.44948 	-0.2386 	
0.13	0.310307 	-0.173709 	0.536953 	0.173204 	-1.44948 	-0.2386 	
0.135	0.310321 	-0.173709 	0.536956 	0.173204 	-1.44948 	-0.2386 	
0.14	0.310335 	-0.173709 	0.536958 	0.173204 	-1.44948 	-0.2386 	
0.145	0.31035 	-0.173709 	0.536961 	0.173204 	-1.44948 	-0.2386 	
0.15	0.310366 	-0.17371 	0.536964 	0.173204 	-1.44948 	-0.2386 	
0.155	0.310381 	-0.17371 	0.536967 	0.173204 	-1.44948 	-0.2386 	
0.16	0.310398 	-0.17371 	0.53697 	0.173204 	-1.44948 	-0.2386 	
0.165	0.310415 	-0.17371 	0.536973 	0.173204 	-1.44948 	-0.2386 	
0.17	0.310368 	-0.173696 	0.536957 	0.171543 	-1.44831 	-0.236312 	
0.175	0.310386 	-0.173696 	0.53696 	0.171543 	-1.44831 	-0.236312 	
0.18	0.310405 	-0.173696 	0.536964 	0.171543 	-1.44831 	-0.236312 	
0.185	0.310424 	-0.173697 	0.536967 	0.171543 	-1.44831 	-0.236312 	
0.19	0.310443 	-0.173697 	0.536971 	0.171543 	-1.44831 	-0.236312 	
0.195	0.310463 	-0.173697 	0.536975 	0.171543 	-1.44831 	-0.236312 	
0.2	0.310484 	-0.173698 	0.536978 	0.171543 	-1.44831 	-0.236312 	
0.205	0.310505 	-0.173698 	0.536982 	0.171543 	-1.44831 	-0.236312 	
0.21	0.310527 	-0.173698 	0.536986 	0.171543 	-1.44831 	-0.236312 	
0.215	0.310549 	-0.173699 	0.53699 	0.171543 	-1.44831 	-0.236312 	
0.22	0.310572 	-0.173699 	0.536995 	0.171543 	-1.44831 	-0.236312 	
0.225	0.310595 	-0.173699 	0.536999 	0.171543 	-1.44831 	-0.236312 	
0.23	0.310558 	-0.173686 	0.536985 	0.169957 	-1.4472 	-0.234127 	
0.235	0.310582 	-0.173686 	0.536989 	0.169957 	-1.4472 	-0.234127 	
0.24	0.310607 	-0.173686 	0.536994 	0.169957 	-1.4472 	-0.234127 	
0.245	0.310632 	-0.173687 	0.536999 	0.169957 	-1.4472 	-0.234127 	
0.25	0.310658 	-0.173687 	0.537003 	0.169957 	-1.4472 	-0.234127 	
0.255	0.310684 	-0.173687 	0.537008 	0.169957 	-1.4472 	-0.234127 	
0.26	0.310711 	-0.173688 	0.537013 	0.169957 	-1.4472 	-0.234127 	
0.265	0.310739 	-0.173688 	0.537018 	0.169957 	-1.4472 	-0.234127 	
0.27	0.310767 	-0.173689 	0.537023 	0.169957 	-1.4472 	-0.234127 	
0.275	0.310795 	-0.173689 	0.537029 	0.169957 	-1.4472 	-0.234127 	
0.28	0.31076 	-0.173675 	0.537015 	0.168292 	-1.44604 	-0.231832 	
0.285	0.310789 	-0.173675 	0.53702 	0.168292 	-1.44604 	-0.231832 	
0.29	0.310819 	-0.173676 	0.537026 	0.168292 	-1.44604 	-0.231832 	
0.295	0.31085 	-0.173676 	0.537031 	0.168292 	-1.44604 	-0.231832 	
0.3	0.310881 	-0.173677 	0.537037 	0.168292 	-1.44604 	-0.231832 	
0.305	0.310912 	-0.173677 	0.537043 	0.168292 	-1.44604 	-0.231832 	
0.31	0.310944 	-0.173677 	0.537049 	0.168292 	-1.44604 	-0.231832 	
0.315	0.310977 	-0.173678 	0.537055 	0.168292 	-1.44604 	-0.231832 	
0.32	0.310948 	-0.173665 	0.537043 	0.166711 	-1.44493 	-0.229655 	
0.325	0.310982 	-0.173665 	0.537049 	0.166711 	-1.44493 	-0.229655 	
0.33	0.311016 	-0.173666 	0.537055 	0.166711 	-1.44493 	-0.229655 	
0.335	0.311051 	-0.173666 	0.537061 	0.166711 	-1.44493 	-0.229655 	
0.34	0.311086 	-0.173667 	0.537068 	0.166711 	-1.44493 	-0.229655 	
0.345	0.311121 	-0.173667 	0.537074 	0.166711 	-1.44493 	-0.229655 	
0.35	0.311157 	-0.173667 	0.537081 	0.166711 	-1.44493 	-0.229655 	
0.355	0.311194 	-0.173668 	0.537088 	0.166711 	-1.44493 	-0.229655 	
0.36	0.311163 	-0.173654 	0.537074 	0.164959 	-1.4437 	-0.227241 	
0.365	0.3112 	-0.173654 	0.537081 	0.164959 	-1.4437 	-0.227241 	
0.37	0.311238 	-0.173655 	0.537088 	0.164959 	-1.4437 	-0.227241 	
0.375	0.311276 	-0.173655 	0.537095 	0.164959 	-1.4437 	-0.227241 	
0.38	0.311315 	-0.173655 	0.537102 	0.164959 	-1.4437 	-0.227241 	
0.385	0.311355 	-0.173656 	0.53711 	0.164959 	-1.4437 	-0.227241 	
0.39	0.311395 	-0.173656 	0.537117 	0.164959 	-1.4437 	-0.227241 	
0.395	0.311369 	-0.173643 	0.537105 	0.163243 	-1.4425 	-0.224878 	
0.4	0.311409 	-0.173643 	0.537112 	0.163243 	-1.4425 	-0.224878 	
0.405	0.311451 	-0.173644 	0.53712 	0.163243 	-1.4425 	-0.224878 	
0.41	0.311493 	-0.173644 	0.537127 	0.163243 	-1.4425 	-0.224878 	
0.415	0.311535 	-0.173644 	0.537135 	0.163243 	-1.4425 	-0.224878 	
0.42	0.311578 	-0.173645 	0.537143 	0.163243 	-1.4425 	-0.224878 	
0.425	0.311559 	-0.173633 	0.537133 	0.161645 	-1.44138 	-0.222676 	
0.43	0.311603 	-0.173633 	0.537141 	0.161645 	-1.44138 	-0.222676 	
0.435	0.311647 	-0.173633 	0.537149 	0.161645 	-1.44138 	-0.222676 	
0.44	0.311691 	-0.173634 	0.537157 	0.161645 	-1.44138 	-0.222676 	
0.445	0.311737 	-0.173634 	0.537165 	0.161645 	-1.44138 	-0.222676 	
0.45	0.311782 	-0.173634 	0.537173 	0.161645 	-1.44138 	-0.222676 	
0.455	0.311763 	-0.173622 	0.537163 	0.159964 	-1.4402 	-0.22036 	
0.46	0.311809 	-0.173622 	0.537171 	0.159964 	-1.4402 	-0.22036 	
0.465	0.311856 	-0.173622 	0.53718 	0.159964 	-1.4402 	-0.22036 	
0.47	0.311904 	-0.173623 	0.537188 	0.159964 	-1.4402 	-0.22036 	
0.475	0.311952 	-0.173623 	0.537197 	0.159964 	-1.4402 	-0.22036 	
0.48	0.312 	-0.173623 	0.537206 	0.159964 	-1.4402 	-0.22036 	
0.485	0.311979 	-0.17361 	0.537195 	0.158181 	-1.43895 	-0.217905 	
0.49	0.312029 	-0.173611 	0.537204 	0.158181 	-1.43895 	-0.217905 	
0.495	0.312078 	-0.173611 	0.537213 	0.158181 	-1.43895 	-0.217905 	
0.5	0.312128 	-0.173611 	0.537222 	0.158181 	-1.43895 	-0.217905 	
0.505	0.312179 	-0.173611 	0.537231 	0.158181 	-1.43895 	-0.217905 	
0.51	0.312168 	-0.1736 	0.537223 	0.156588 	-1.43783 	-0.215709 	
0.515	0.312219 	-0.1736 	0.537232 	0.156588 	-1.43783 	-0.215709 	
0.52	0.312271 	-0.173601 	0.537241 	0.156588 	-1.43783 	-0.215709 	
0.525	0.312324 	-0.173601 	0.537251 	0.156588 	-1.43783 	-0.215709 	
0.53	0.312376 	-0.173601 	0.53726 	0.156588 	-1.43783 	-0.215709 	
0.535	0.312366 	-0.17359 	0.537252 	0.154951 	-1.43669 	-0.213455 	
0.54	0.312419 	-0.17359 	0.537261 	0.154951 	-1.43669 	-0.213455 	
0.545	0.312473 	-0.17359 	0.537271 	0.154951 	-1.43669 	-0.213455 	
0.55	0.312528 	-0.17359 	0.537281 	0.154951 	-1.43669 	-0.213455 	
0.555	0.312583 	-0.17359 	0.537291 	0.154951 	-1.43669 	-0.213455 	
0.56	0.312572 	-0.173579 	0.537282 	0.153251 	-1.43549 	-0.211112 	
0.565	0.312627 	-0.173579 	0.537292 	0.153251 	-1.43549 	-0.211112 	
0.57	0.312684 	-0.173579 	0.537302 	0.153251 	-1.43549 	-0.211112 	
0.575	0.31274 	-0.173579 	0.537313 	0.153251 	-1.43549 	-0.211112 	
0.58	0.312797 	-0.173579 	0.537323 	0.153251 	-1.43549 	-0.211112 	
0.585	0.312786 	-0.173567 	0.537314 	0.151485 	-1.43426 	-0.20868 	
0.59	0.312843 	-0.173568 	0.537324 	0.151485 	-1.43426 	-0.20868 	
0.595	0.312902 	-0.173568 	0.537335 	0.151485 	-1.43426 	-0.20868 	
0.6	0.31296 	-0.173568 	0.537345 	0.151485 	-1.43426 	-0.20868 	
0.605	0.313019 	-0.173568 	0.537356 	0.151485 	-1.43426 	-0.20868 	
0.61	0.313007 	-0.173556 	0.537346 	0.149655 	-1.43297 	-0.206159 	
0.615	0.313067 	-0.173556 	0.537357 	0.149655 	-1.43297 	-0.206159 	
0.62	0.313127 	-0.173556 	0.537368 	0.149655 	-1.43297 	-0.206159 	
0.625	0.313188 	-0.173556 	0.537379 	0.149655 	-1.43297 	-0.206159 	
0.63	0.313249 	-0.173556 	0.53739 	0.149655 	-1.43297 	-0.206159 	
0.635	0.313236 	-0.173544 	0.53738 	0.147763 	-1.43165 	-0.203553 	
0.64	0.313298 	-0.173544 	0.537391 	0.147763 	-1.43165 	-0.203553 	
0.645	0.31336 	-0.173544 	0.537403 	0.147763 	-1.43165 	-0.203553 	
0.65	0.313422 	-0.173543 	0.537414 	0.147763 	-1.43165 	-0.203553 	
0.655	0.313423 	-0.173533 	0.537408 	0.146168 	-1.43053 	-0.201355 	
0.66	0.313486 	-0.173533 	0.537419 	0.146168 	-1.43053 	-0.201355 	
0.665	0.31355 	-0.173533 	0.53743 	0.146168 	-1.43053 	-0.201355 	
0.67	0.313614 	-0.173533 	0.537442 	0.146168 	-1.43053 	-0.201355 	
0.675	0.313616 	-0.173523 	0.537436 	0.144568 	-1.42941 	-0.199152 	
0.68	0.31368 	-0.173523 	0.537448 	0.144568 	-1.42941 	-0.199152 	
0.685	0.313745 	-0.173523 	0.537459 	0.144568 	-1.42941 	-0.199152 	
0.69	0.313811 	-0.173523 	0.537471 	0.144568 	-1.42941 	-0.199152 	
0.695	0.313813 	-0.173513 	0.537465 	0.142936 	-1.42827 	-0.196904 	
0.7	0.313879 	-0.173512 	0.537477 	0.142936 	-1.42827 	-0.196904 	
0.705	0.313945 	-0.173512 	0.537489 	0.142936 	-1.42827 	-0.196904 	
0.71	0.314012 	-0.173512 	0.537501 	0.142936 	-1.42827 	-0.196904 	
0.715	0.314014 	-0.173502 	0.537495 	0.141269 	-1.4271 	-0.194607 	
0.72	0.314082 	-0.173502 	0.537507 	0.141269 	-1.4271 	-0.194607 	
0.725	0.31415 	-0.173501 	0.537519 	0.141269 	-1.4271 	-0.194607 	
0.73	0.314218 	-0.173501 	0.537531 	0.141269 	-1.4271 	-0.194607 	
0.735	0.31422 	-0.173491 	0.537525 	0.139567 	-1.42591 	-0.192263 	
0.74	0.314289 	-0.173491 	0.537538 	0.139567 	-1.42591 	-0.192263 	
0.745	0.314358 	-0.17349 	0.53755 	0.139567 	-1.42591 	-0.192263 	
0.75	0.314428 	-0.17349 	0.537562 	0.139567 	-1.42591 	-0.192263 	
0.755	0.314429 	-0.17348 	0.537556 	0.137832 	-1.42469 	-0.189873 	
0.76	0.3145 	-0.17348 	0.537569 	0.137832 	-1.42469 	-0.189873 	
0.765	0.31457 	-0.173479 	0.537581 	0.137832 	-1.42469 	-0.189873 	
0.77	0.314641 	-0.173478 	0.537594 	0.137832 	-1.42469 	-0.189873 	
0.775	0.314643 	-0.173469 	0.537588 	0.136065 	-1.42345 	-0.187438 	
0.78	0.314714 	-0.173468 	0.5376 	0.136065 	-1.42345 	-0.187438 	
0.785	0.314786 	-0.173467 	0.537613 	0.136065 	-1.42345 	-0.187438 	
0.79	0.314858 	-0.173467 	0.537626 	0.136065 	-1.42345 	-0.187438 	
0.795	0.31486 	-0.173457 	0.53762 	0.134267 	-1.42219 	-0.184961 	
0.8	0.314933 	-0.173456 	0.537633 	0.134267 	-1.42219 	-0.184961 	
0.805	0.315006 	-0.173456 	0.537646 	0.134267 	-1.42219 	-0.184961 	
0.81	0.315079 	-0.173455 	0.537659 	0.134267 	-1.42219 	-0.184961 	
0.815	0.315081 	-0.173445 	0.537652 	0.132439 	-1.42091 	-0.182443 	
0.82	0.315154 	-0.173445 	0.537665 	0.132439 	-1.42091 	-0.182443 	
0.825	0.315229 	-0.173444 	0.537679 	0.132439 	-1.42091 	-0.182443 	
0.83	0.315303 	-0.173443 	0.537692 	0.132439 	-1.42091 	-0.182443 	
0.835	0.315305 	-0.173434 	0.537685 	0.130582 	-1.41961 	-0.179884 	
0.84	0.31538 	-0.173433 	0.537699 	0.130582 	-1.41961 	-0.179884 	
0.845	0.315455 	-0.173432 	0.537712 	0.130582 	-1.41961 	-0.179884 	
0.85	0.315531 	-0.173431 	0.537725 	0.130582 	-1.41961 	-0.179884 	
0.855	0.315532 	-0.173421 	0.537719 	0.128697 	-1.41829 	-0.177288 	
0.86	0.315608 	-0.17342 	0.537732 	0.128697 	-1.41829 	-0.177288 	
0.865	0.315685 	-0.173419 	0.537746 	0.128697 	-1.41829 	-0.177288 	
0.87	0.315761 	-0.173418 	0.53776 	0.128697 	-1.41829 	-0.177288 	
0.875	0.315763 	-0.173409 	0.537753 	0.126786 	-1.41695 	-0.174655 	
0.88	0.31584 	-0.173408 	0.537767 	0.126786 	-1.41695 	-0.174655 	
0.885	0.315918 	-0.173407 	0.53778 	0.126786 	-1.41695 	-0.174655 	
0.89	0.315995 	-0.173406 	0.537794 	0.126786 	-1.41695 	-0.174655 	
0.895	0.315997 	-0.173397 	0.537787 	0.124849 	-1.41559 	-0.171988 	
0.9	0.316075 	-0.173396 	0.537801 	0.124849 	-1.41559 	-0.171988 	
0.905	0.316153 	-0.173394 	0.537815 	0.124849 	-1.41559 	-0.171988 	
0.91	0.316232 	-0.173393 	0.537829 	0.124849 	-1.41559 	-0.171988 	
0.915	0.316233 	-0.173384 	0.537822 	0.122889 	-1.41422 	-0.169287 	
0.92	0.316312 	-0.173383 	0.537836 	0.122889 	-1.41422 	-0.169287 	
0.925	0.316392 	-0.173382 	0.53785 	0.122889 	-1.41422 	-0.169287 	
0.93	0.316471 	-0.17338 	0.537864 	0.122889 	-1.41422 	-0.169287 	
0.935	0.316473 	-0.173371 	0.537858 	0.120905 	-1.41283 	-0.166554 	
0.94	0.316552 	-0.17337 	0.537872 	0.120905 	-1.41283 	-0.166554 	
0.945	0.316633 	-0.173369 	0.537886 	0.120905 	-1.41283 	-0.166554 	
0.95	0.316713 	-0.173367 	0.5379 	0.120905 	-1.41283 	-0.166554 	
0.955	0.316714 	-0.173359 	0.537893 	0.1189 	-1.41142 	-0.163792 	
0.96	0.316795 	-0.173357 	0.537908 	0.1189 	-1.41142 	-0.163792 	
0.965	0.316876 	-0.173355 	0.537922 	0.1189 	-1.41142 	-0.163792 	
0.97	0.316895 	-0.173349 	0.53792 	0.117332 	-1.41032 	-0.161632 	
0.975	0.316977 	-0.173347 	0.537934 	0.117332 	-1.41032 	-0.161632 	
0.98	0.317058 	-0.173345 	0.537948 	0.117332 	-1.41032 	-0.161632 	
0.985	0.31714 	-0.173344 	0.537963 	0.117332 	-1.41032 	-0.161632 	
0.99	0.317143 	-0.173336 	0.537957 	0.115338 	-1.40893 	-0.158885 	
0.995	0.317225 	-0.173334 	0.537971 	0.115338 	-1.40893 	-0.158885 	
1	0.317308 	-0.173332 	0.537985 	0.115338 	-1.40893 	-0.158885 	
1.005	0.317327 	-0.173326 	0.537984 	0.113749 	-1.40781 	-0.156696 	
1.01	0.31741 	-0.173324 	0.537998 	0.113749 	-1.40781 	-0.156696 	
1.015	0.317493 	-0.173322 	0.538012 	0.113749 	-1.40781 	-0.156696 	
1.02	0.317514 	-0.173316 	0.538011 	0.112192 	-1.40672 	-0.154552 	
1.025	0.317597 	-0.173314 	0.538026 	0.112192 	-1.40672 	-0.154552 	
1.03	0.317681 	-0.173312 	0.53804 	0.112192 	-1.40672 	-0.154552 	
1.035	0.317702 	-0.173306 	0.538039 	0.110631 	-1.40563 	-0.152401 	
1.04	0.317786 	-0.173304 	0.538053 	0.110631 	-1.40563 	-0.152401 	
1.045	0.31787 	-0.173302 	0.538068 	0.110631 	-1.40563 	-0.152401 	
1.05	0.317891 	-0.173296 	0.538067 	0.109062 	-1.40453 	-0.150239 	
1.055	0.317976 	-0.173294 	0.538081 	0.109062 	-1.40453 	-0.150239 	
1.06	0.31806 	-0.173291 	0.538096 	0.109062 	-1.40453 	-0.150239 	
1.065	0.318082 	-0.173286 	0.538095 	0.107484 	-1.40342 	-0.148067 	
1.07	0.318166 	-0.173283 	0.538109 	0.107484 	-1.40342 	-0.148067 	
1.075	0.318251 	-0.173281 	0.538124 	0.107484 	-1.40342 	-0.148067 	
1.08	0.318273 	-0.173276 	0.538123 	0.1059 	-1.40231 	-0.145884 	
1.085	0.318357 	-0.173273 	0.538138 	0.1059 	-1.40231 	-0.145884 	
1.09	0.318442 	-0.173271 	0.538152 	0.1059 	-1.40231 	-0.145884 	
1.095	0.318464 	-0.173265 	0.538151 	0.104308 	-1.4012 	-0.143691 	
1.1	0.31855 	-0.173263 	0.538166 	0.104308 	-1.4012 	-0.143691 	
1.105	0.318635 	-0.17326 	0.538181 	0.104308 	-1.4012 	-0.143691 	
1.11	0.318657 	-0.173255 	0.53818 	0.102711 	-1.40008 	-0.14149 	
1.115	0.318742 	-0.173253 	0.538194 	0.102711 	-1.40008 	-0.14149 	
1.12	0.318828 	-0.17325 	0.538209 	0.102711 	-1.40008 	-0.14149 	
1.125	0.31885 	-0.173245 	0.538208 	0.101107 	-1.39895 	-0.139282 	
1.13	0.318936 	-0.173242 	0.538223 	0.101107 	-1.39895 	-0.139282 	
1.135	0.319022 	-0.173239 	0.538238 	0.101107 	-1.39895 	-0.139282 	
1.14	0.319044 	-0.173235 	0.538237 	0.0994987 	-1.39783 	-0.137066 	
1.145	0.31913 	-0.173232 	0.538252 	0.0994987 	-1.39783 	-0.137066 	
1.15	0.319216 	-0.173229 	0.538266 	0.0994987 	-1.39783 	-0.137066 	
1.155	0.319238 	-0.173224 	0.538265 	0.0978855 	-1.3967 	-0.134843 	
1.16	0.319325 	-0.173221 	0.53828 	0.0978855 	-1.3967 	-0.134843 	
1.165	0.319411 	-0.173218 	0.538295 	0.0978855 	-1.3967 	-0.134843 	
1.17	0.319433 	-0.173214 	0.538294 	0.0962684 	-1.39556 	-0.132616 	
1.175	0.31952 	-0.173211 	0.538309 	0.0962684 	-1.39556 	-0.132616 	
1.18	0.319606 	-0.173208 	0.538324 	0.0962684 	-1.39556 	-0.132616 	
1.185	0.319628 	-0.173203 	0.538323 	0.0946479 	-1.39443 	-0.130383 	
1.19	0.319715 	-0.1732 	0.538338 	0.0946479 	-1.39443 	-0.130383 	
1.195	0.319802 	-0.173197 	0.538353 	0.0946479 	-1.39443 	-0.130383 	
1.2	0.319824 	-0.173193 	0.538352 	0.0930245 	-1.39329 	-0.128147 	
1.205	0.319911 	-0.17319 	0.538367 	0.0930245 	-1.39329 	-0.128147 	
1.21	0.319998 	-0.173187 	0.538382 	0.0930245 	-1.39329 	-0.128147 	
1.215	0.32002 	-0.173183 	0.538381 	0.0913988 	-1.39215 	-0.125908 	
1.22	0.320107 	-0.173179 	0.538396 	0.0913988 	-1.39215 	-0.125908 	
1.225	0.320194 	-0.173176 	0.53841 	0.0913988 	-1.39215 	-0.125908 	
1.23	0.320216 	-0.173172 	0.53841 	0.0897714 	-1.39101 	-0.123666 	
1.235	0.320303 	-0.173169 	0.538424 	0.0897714 	-1.39101 	-0.123666 	
1.24	0.32039 	-0.173165 	0.538439 	0.0897715 	-1.39101 	-0.123666 	
1.245	0.320412 	-0.173162 	0.538439 	0.088143 	-1.38987 	-0.121422 	
1.25	0.320499 	-0.173158 	0.538453 	0.088143 	-1.38987 	-0.121422 	
1.255	0.320586 	-0.173155 	0.538468 	0.088143 	-1.38987 	-0.121422 	
1.26	0.320608 	-0.173151 	0.538467 	0.0865139 	-1.38873 	-0.119178 	
1.265	0.320695 	-0.173148 	0.538482 	0.0865139 	-1.38873 	-0.119178 	
1.27	0.320782 	-0.173144 	0.538497 	0.0865139 	-1.38873 	-0.119178 	
1.275	0.320805 	-0.173141 	0.538496 	0.0848849 	-1.38758 	-0.116934 	
1.28	0.320892 	-0.173137 	0.538511 	0.0848849 	-1.38758 	-0.116934 	
1.285	0.320979 	-0.173134 	0.538526 	0.0848849 	-1.38758 	-0.116934 	
1.29	0.321001 	-0.17313 	0.538525 	0.0832565 	-1.38644 	-0.114691 	
1.295	0.321088 	-0.173127 	0.53854 	0.0832565 	-1.38644 	-0.114691 	
1.3	0.321175 	-0.173123 	0.538555 	0.0832565 	-1.38644 	-0.114691 	
1.305	0.321197 	-0.17312 	0.538554 	0.0816293 	-1.3853 	-0.112449 	
1.31	0.321283 	-0.173116 	0.538569 	0.0816293 	-1.3853 	-0.112449 	
1.315	0.32137 	-0.173112 	0.538584 	0.0816293 	-1.3853 	-0.112449 	
1.32	0.321392 	-0.17311 	0.538583 	0.0800039 	-1.38416 	-0.11021 	
1.325	0.321479 	-0.173106 	0.538598 	0.0800039 	-1.38416 	-0.11021 	
1.33	0.321566 	-0.173102 	0.538613 	0.0800039 	-1.38416 	-0.11021 	
1.335	0.321588 	-0.173099 	0.538612 	0.0783808 	-1.38303 	-0.107974 	
1.34	0.321674 	-0.173095 	0.538627 	0.0783808 	-1.38303 	-0.107974 	
1.345	0.321761 	-0.173091 	0.538641 	0.0783808 	-1.38303 	-0.107974 	
1.35	0.321783 	-0.173089 	0.538641 	0.0767605 	-1.38189 	-0.105742 	
1.355	0.321869 	-0.173085 	0.538655 	0.0767605 	-1.38189 	-0.105742 	
1.36	0.321956 	-0.173081 	0.53867 	0.0767605 	-1.38189 	-0.105742 	
1.365	0.321978 	-0.173079 	0.538669 	0.0751438 	-1.38076 	-0.103515 	
1.37	0.322064 	-0.173074 	0.538684 	0.0751438 	-1.38076 	-0.103515 	
1.375	0.32215 	-0.17307 	0.538699 	0.0751438 	-1.38076 	-0.103515 	
1.38	0.322172 	-0.173068 	0.538698 	0.0735311 	-1.37963 	-0.101294 	
1.385	0.322258 	-0.173064 	0.538713 	0.0735311 	-1.37963 	-0.101294 	
1.39	0.322344 	-0.17306 	0.538727 	0.0735311 	-1.37963 	-0.101294 	
1.395	0.322365 	-0.173058 	0.538727 	0.0719231 	-1.3785 	-0.0990785 	
1.4	0.322451 	-0.173054 	0.538741 	0.0719231 	-1.3785 	-0.0990785 	
1.405	0.322537 	-0.173049 	0.538755 	0.0719231 	-1.3785 	-0.0990785 	
1.41	0.322558 	-0.173048 	0.538755 	0.0703202 	-1.37738 	-0.0968705 	
1.415	0.322644 	-0.173043 	0.538769 	0.0703202 	-1.37738 	-0.0968705 	
1.42	0.322729 	-0.173039 	0.538784 	0.0703202 	-1.37738 	-0.0968705 	
1.425	0.322751 	-0.173037 	0.538783 	0.0687231 	-1.37626 	-0.0946704 	
1.43	0.322836 	-0.173033 	0.538798 	0.0687231 	-1.37626 	-0.0946704 	
1.435	0.322921 	-0.173028 	0.538812 	0.0687231 	-1.37626 	-0.0946704 	
1.44	0.322942 	-0.173027 	0.538812 	0.0671324 	-1.37514 	-0.092479 	
1.445	0.323027 	-0.173023 	0.538826 	0.0671324 	-1.37514 	-0.092479 	
1.45	0.323111 	-0.173018 	0.53884 	0.0671324 	-1.37514 	-0.092479 	
1.455	0.323133 	-0.173017 	0.53884 	0.0655485 	-1.37403 	-0.0902971 	
1.46	0.323217 	-0.173013 	0.538854 	0.0655485 	-1.37403 	-0.0902971 	
1.465	0.323301 	-0.173008 	0.538868 	0.0655485 	-1.37403 	-0.0902971 	
1.47	0.323322 	-0.173007 	0.538868 	0.0639721 	-1.37293 	-0.0881255 	
1.475	0.323406 	-0.173002 	0.538882 	0.0639721 	-1.37293 	-0.0881255 	
1.48	0.32349 	-0.172998 	0.538896 	0.0639721 	-1.37293 	-0.0881255 	
1.485	0.323511 	-0.172997 	0.538896 	0.0624036 	-1.37183 	-0.0859649 	
1.49	0.323595 	-0.172992 	0.53891 	0.0624037 	-1.37183 	-0.0859649 	
1.495	0.323678 	-0.172988 	0.538923 	0.0624037 	-1.37183 	-0.0859649 	
1.5	0.323699 	-0.172987 	0.538923 	0.0608438 	-1.37074 	-0.0838161 	
1.505	0.323782 	-0.172982 	0.538937 	0.0608438 	-1.37074 	-0.0838161 	
1.51	0.323865 	-0.172977 	0.538951 	0.0608438 	-1.37074 	-0.0838161 	
1.515	0.323886 	-0.172977 	0.538951 	0.059293 	-1.36965 	-0.0816798 	
1.52	0.323968 	-0.172972 	0.538965 	0.059293 	-1.36965 	-0.0816798 	
1.525	0.32405 	-0.172967 	0.538978 	0.059293 	-1.36965 	-0.0816798 	
1.53	0.324071 	-0.172967 	0.538978 	0.057752 	-1.36857 	-0.0795569 	
1.535	0.324153 	-0.172962 	0.538992 	0.057752 	-1.36857 	-0.0795569 	
1.54	0.324235 	-0.172957 	0.539005 	0.057752 	-1.36857 	-0.0795569 	
1.545	0.324316 	-0.172952 	0.539019 	0.057752 	-1.36857 	-0.0795569 	
1.55	0.324318 	-0.172954 	0.539015 	0.0557656 	-1.36718 	-0.0768203 	
1.555	0.3244 	-0.172949 	0.539028 	0.0557656 	-1.36718 	-0.0768203 	
1.56	0.32448 	-0.172944 	0.539042 	0.0557656 	-1.36718 	-0.0768203 	
1.565	0.324499 	-0.172944 	0.539041 	0.0542021 	-1.36608 	-0.0746667 	
1.57	0.32458 	-0.172939 	0.539055 	0.0542021 	-1.36608 	-0.0746667 	
1.575	0.32466 	-0.172934 	0.539068 	0.0542021 	-1.36608 	-0.0746667 	
1.58	0.32474 	-0.172929 	0.539081 	0.0542021 	-1.36608 	-0.0746667 	
1.585	0.324742 	-0.172931 	0.539077 	0.0522449 	-1.36471 	-0.0719703 	
1.59	0.324822 	-0.172926 	0.53909 	0.0522449 	-1.36471 	-0.0719703 	
1.595	0.324901 	-0.172921 	0.539104 	0.0522449 	-1.36471 	-0.0719703 	
1.6	0.324919 	-0.172922 	0.539103 	0.0507093 	-1.36363 	-0.0698551 	
1.605	0.324998 	-0.172917 	0.539116 	0.0507093 	-1.36363 	-0.0698551 	
1.61	0.325077 	-0.172912 	0.539129 	0.0507093 	-1.36363 	-0.0698551 	
1.615	0.325156 	-0.172907 	0.539142 	0.0507093 	-1.36363 	-0.0698551 	
1.62	0.325157 	-0.172909 	0.539139 	0.0487898 	-1.36229 	-0.0672107 	
1.625	0.325235 	-0.172904 	0.539151 	0.0487898 	-1.36229 	-0.0672107 	
1.63	0.325313 	-0.172899 	0.539164 	0.0487898 	-1.36229 	-0.0672107 	
1.635	0.325391 	-0.172894 	0.539177 	0.0487898 	-1.36229 	-0.0672107 	
1.64	0.325391 	-0.172897 	0.539173 	0.0468524 	-1.36093 	-0.0645419 	
1.645	0.325468 	-0.172892 	0.539186 	0.0468524 	-1.36093 	-0.0645419 	
1.65	0.325545 	-0.172887 	0.539198 	0.0468524 	-1.36093 	-0.0645419 	
1.655	0.325621 	-0.172881 	0.539211 	0.0468524 	-1.36093 	-0.0645419 	
1.66	0.325621 	-0.172885 	0.539207 	0.0449358 	-1.35959 	-0.0619016 	
1.665	0.325698 	-0.172879 	0.539219 	0.0449358 	-1.35959 	-0.0619016 	
1.67	0.325773 	-0.172874 	0.539232 	0.0449358 	-1.35959 	-0.0619016 	
1.675	0.325849 	-0.172869 	0.539244 	0.0449358 	-1.35959 	-0.0619016 	
1.68	0.325849 	-0.172873 	0.539241 	0.0430449 	-1.35826 	-0.0592969 	
1.685	0.325924 	-0.172867 	0.539253 	0.0430449 	-1.35826 	-0.0592969 	
1.69	0.325998 	-0.172862 	0.539265 	0.0430449 	-1.35826 	-0.0592969 	
1.695	0.326073 	-0.172857 	0.539277 	0.0430449 	-1.35826 	-0.0592969 	
1.7	0.326073 	-0.172861 	0.539274 	0.0411814 	-1.35696 	-0.0567298 	
1.705	0.326147 	-0.172855 	0.539286 	0.0411814 	-1.35696 	-0.0567298 	
1.71	0.32622 	-0.17285 	0.539298 	0.0411814 	-1.35696 	-0.0567298 	
1.715	0.326293 	-0.172845 	0.53931 	0.0411814 	-1.35696 	-0.0567298 	
1.72	0.326293 	-0.172849 	0.539306 	0.0393465 	-1.35567 	-0.0542021 	
1.725	0.326366 	-0.172844 	0.539318 	0.0393465 	-1.35567 	-0.0542021 	
1.73	0.326438 	-0.172838 	0.53933 	0.0393465 	-1.35567 	-0.0542021 	
1.735	0.32651 	-0.172833 	0.539341 	0.0393465 	-1.35567 	-0.0542021 	
1.74	0.32651 	-0.172837 	0.539338 	0.0375413 	-1.35441 	-0.0517153 	
1.745	0.326582 	-0.172832 	0.53935 	0.0375413 	-1.35441 	-0.0517153 	
1.75	0.326653 	-0.172827 	0.539361 	0.0375413 	-1.35441 	-0.0517153 	
1.755	0.326723 	-0.172822 	0.539373 	0.0375413 	-1.35441 	-0.0517153 	
1.76	0.326723 	-0.172826 	0.539369 	0.035767 	-1.35316 	-0.0492711 	
1.765	0.326793 	-0.172821 	0.539381 	0.035767 	-1.35316 	-0.0492711 	
1.77	0.326863 	-0.172816 	0.539392 	0.035767 	-1.35316 	-0.0492711 	
1.775	0.326933 	-0.17281 	0.539403 	0.035767 	-1.35316 	-0.0492711 	
1.78	0.326933 	-0.172815 	0.5394 	0.0340246 	-1.35194 	-0.0468709 	
1.785	0.327001 	-0.17281 	0.539411 	0.0340246 	-1.35194 	-0.0468709 	
1.79	0.32707 	-0.172805 	0.539423 	0.0340246 	-1.35194 	-0.0468709 	
1.795	0.327138 	-0.172799 	0.539434 	0.0340246 	-1.35194 	-0.0468709 	
1.8	0.327138 	-0.172804 	0.539431 	0.0323153 	-1.35074 	-0.0445162 	
1.805	0.327205 	-0.172799 	0.539442 	0.0323153 	-1.35074 	-0.0445162 	
1.81	0.327272 	-0.172794 	0.539452 	0.0323153 	-1.35074 	-0.0445162 	
1.815	0.327339 	-0.172789 	0.539463 	0.0323153 	-1.35074 	-0.0445162 	
1.82	0.327339 	-0.172793 	0.53946 	0.0306402 	-1.34957 	-0.0422086 	
1.825	0.327405 	-0.172788 	0.539471 	0.0306402 	-1.34957 	-0.0422086 	
1.83	0.327471 	-0.172783 	0.539482 	0.0306402 	-1.34957 	-0.0422086 	
1.835	0.327536 	-0.172778 	0.539492 	0.0306402 	-1.34957 	-0.0422086 	
1.84	0.327536 	-0.172783 	0.539489 	0.0290003 	-1.34842 	-0.0399495 	
1.845	0.3276 	-0.172778 	0.5395 	0.0290003 	-1.34842 	-0.0399495 	
1.85	0.327665 	-0.172773 	0.53951 	0.0290003 	-1.34842 	-0.0399495 	
1.855	0.327729 	-0.172768 	0.53952 	0.0290003 	-1.34842 	-0.0399495 	
1.86	0.327728 	-0.172773 	0.539518 	0.0273966 	-1.3473 	-0.0377404 	
1.865	0.327792 	-0.172768 	0.539528 	0.0273966 	-1.3473 	-0.0377404 	
1.87	0.327854 	-0.172763 	0.539538 	0.0273966 	-1.3473 	-0.0377404 	
1.875	0.327917 	-0.172758 	0.539548 	0.0273966 	-1.3473 	-0.0377404 	
1.88	0.327916 	-0.172763 	0.539545 	0.0258301 	-1.3462 	-0.0355825 	
1.885	0.327978 	-0.172758 	0.539555 	0.0258301 	-1.3462 	-0.0355825 	
1.89	0.328039 	-0.172753 	0.539565 	0.0258301 	-1.3462 	-0.0355825 	
1.895	0.3281 	-0.172748 	0.539575 	0.0258301 	-1.3462 	-0.0355825 	
1.9	0.3281 	-0.172753 	0.539572 	0.0243019 	-1.34513 	-0.0334773 	
1.905	0.32816 	-0.172748 	0.539582 	0.0243019 	-1.34513 	-0.0334773 	
1.91	0.328219 	-0.172743 	0.539592 	0.0243019 	-1.34513 	-0.0334773 	
1.915	0.328279 	-0.172738 	0.539601 	0.0243019 	-1.34513 	-0.0334773 	
1.92	0.328337 	-0.172733 	0.539611 	0.0243019 	-1.34513 	-0.0334773 	
1.925	0.328324 	-0.172741 	0.539606 	0.0224854 	-1.34386 	-0.0309748 	
1.93	0.328382 	-0.172736 	0.539615 	0.0224854 	-1.34386 	-0.0309748 	
1.935	0.328439 	-0.172731 	0.539624 	0.0224854 	-1.34386 	-0.0309748 	
1.94	0.328497 	-0.172726 	0.539633 	0.0224854 	-1.34386 	-0.0309748 	
1.945	0.328553 	-0.172722 	0.539642 	0.0224854 	-1.34386 	-0.0309748 	
1.95	0.328539 	-0.17273 	0.539637 	0.0206961 	-1.3426 	-0.0285099 	
1.955	0.328595 	-0.172725 	0.539646 	0.0206961 	-1.3426 	-0.0285099 	
1.96	0.32865 	-0.17272 	0.539655 	0.0206961 	-1.3426 	-0.0285099 	
1.965	0.328705 	-0.172715 	0.539664 	0.0206961 	-1.3426 	-0.0285099 	
1.97	0.32876 	-0.172711 	0.539673 	0.0206961 	-1.3426 	-0.0285099 	
1.975	0.328746 	-0.172719 	0.539668 	0.0189679 	-1.34139 	-0.0261292 	
1.98	0.3288 	-0.172714 	0.539676 	0.0189679 	-1.34139 	-0.0261292 	
1.985	0.328853 	-0.172709 	0.539685 	0.0189679 	-1.34139 	-0.0261292 	
1.99	0.328906 	-0.172705 	0.539693 	0.0189679 	-1.34139 	-0.0261292 	
1.995	0.328959 	-0.1727 	0.539702 	0.0189679 	-1.34139 	-0.0261292 	
2	0.328945 	-0.172708 	0.539697 	0.0173057 	-1.34023 	-0.0238396 	
2.005	0.328997 	-0.172703 	0.539705 	0.0173057 	-1.34023 	-0.0238396 	
2.01	0.329048 	-0.172699 	0.539714 	0.0173057 	-1.34023 	-0.0238396 	
2.015	0.329099 	-0.172695 	0.539722 	0.0173057 	-1.34023 	-0.0238396 	
2.02	0.329149 	-0.17269 	0.53973 	0.0173057 	-1.34023 	-0.0238396 	
2.025	0.329136 	-0.172698 	0.539725 	0.0157117 	-1.33911 	-0.0216437 	
2.03	0.329185 	-0.172694 	0.539733 	0.0157117 	-1.33911 	-0.0216437 	
2.035	0.329234 	-0.172689 	0.539741 	0.0157117 	-1.33911 	-0.0216437 	
2.04	0.329283 	-0.172685 	0.539749 	0.0157117 	-1.33911 	-0.0216437 	
2.045	0.329331 	-0.172681 	0.539756 	0.0157117 	-1.33911 	-0.0216437 	
2.05	0.329318 	-0.172688 	0.539752 	0.0141874 	-1.33804 	-0.0195439 	
2.055	0.329365 	-0.172684 	0.53976 	0.0141874 	-1.33804 	-0.0195439 	
2.06	0.329412 	-0.17268 	0.539767 	0.0141874 	-1.33804 	-0.0195439 	
2.065	0.329458 	-0.172676 	0.539774 	0.0141874 	-1.33804 	-0.0195439 	
2.07	0.329504 	-0.172672 	0.539782 	0.0141874 	-1.33804 	-0.0195439 	
2.075	0.329549 	-0.172668 	0.539789 	0.0141874 	-1.33804 	-0.0195439 	
2.08	0.329527 	-0.172677 	0.539783 	0.0124826 	-1.33685 	-0.0171953 	
2.085	0.329571 	-0.172673 	0.53979 	0.0124826 	-1.33685 	-0.0171953 	
2.09	0.329615 	-0.172669 	0.539797 	0.0124826 	-1.33685 	-0.0171953 	
2.095	0.329658 	-0.172665 	0.539804 	0.0124826 	-1.33685 	-0.0171953 	
2.1	0.329701 	-0.172661 	0.539811 	0.0124826 	-1.33685 	-0.0171953 	
2.105	0.329744 	-0.172657 	0.539817 	0.0124826 	-1.33685 	-0.0171953 	
2.11	0.329722 	-0.172667 	0.539812 	0.0108537 	-1.3357 	-0.0149515 	
2.115	0.329763 	-0.172663 	0.539818 	0.0108537 	-1.3357 	-0.0149515 	
2.12	0.329804 	-0.172659 	0.539825 	0.0108537 	-1.3357 	-0.0149515 	
2.125	0.329845 	-0.172655 	0.539831 	0.0108537 	-1.3357 	-0.0149515 	
2.13	0.329885 	-0.172652 	0.539837 	0.0108537 	-1.3357 	-0.0149515 	
2.135	0.329924 	-0.172648 	0.539844 	0.0108537 	-1.3357 	-0.0149515 	
2.14	0.329903 	-0.172657 	0.539838 	0.00932909 	-1.33464 	-0.0128513 	
2.145	0.329942 	-0.172654 	0.539845 	0.00932909 	-1.33464 	-0.0128513 	
2.15	0.32998 	-0.17265 	0.539851 	0.00932909 	-1.33464 	-0.0128513 	
2.155	0.330018 	-0.172647 	0.539857 	0.00932909 	-1.33464 	-0.0128513 	
2.16	0.330055 	-0.172643 	0.539862 	0.00932909 	-1.33464 	-0.0128513 	
2.165	0.330091 	-0.17264 	0.539868 	0.00932909 	-1.33464 	-0.0128513 	
2.17	0.330128 	-0.172636 	0.539874 	0.00932909 	-1.33464 	-0.0128513 	
2.175	0.3301 	-0.172647 	0.539867 	0.00771332 	-1.3335 	-0.0106254 	
2.18	0.330135 	-0.172643 	0.539873 	0.00771332 	-1.3335 	-0.0106254 	
2.185	0.330169 	-0.17264 	0.539878 	0.00771332 	-1.3335 	-0.0106254 	
2.19	0.330204 	-0.172637 	0.539884 	0.00771332 	-1.3335 	-0.0106254 	
2.195	0.330237 	-0.172634 	0.539889 	0.00771332 	-1.3335 	-0.0106254 	
2.2	0.33027 	-0.172631 	0.539894 	0.00771332 	-1.3335 	-0.0106254 	
2.205	0.330303 	-0.172628 	0.539899 	0.00771332 	-1.3335 	-0.0106254 	
2.21	0.330335 	-0.172625 	0.539905 	0.00771332 	-1.3335 	-0.0106254 	
2.215	0.330301 	-0.172636 	0.539897 	0.00604726 	-1.33234 	-0.0083303 	
2.22	0.330332 	-0.172633 	0.539902 	0.00604726 	-1.33234 	-0.0083303 	
2.225	0.330363 	-0.17263 	0.539907 	0.00604726 	-1.33234 	-0.0083303 	
2.23	0.330393 	-0.172627 	0.539912 	0.00604726 	-1.33234 	-0.0083303 	
2.235	0.330423 	-0.172624 	0.539916 	0.00604726 	-1.33234 	-0.0083303 	
2.24	0.330452 	-0.172622 	0.539921 	0.00604726 	-1.33234 	-0.0083303 	
2.245	0.33048 	-0.172619 	0.539925 	0.00604726 	-1.33234 	-0.0083303 	
2.25	0.330508 	-0.172616 	0.53993 	0.00604726 	-1.33234 	-0.0083303 	
2.255	0.330536 	-0.172614 	0.539934 	0.00604726 	-1.33234 	-0.0083303 	
2.26	0.330498 	-0.172625 	0.539926 	0.00440662 	-1.33119 	-0.00607021 	
2.265	0.330525 	-0.172623 	0.53993 	0.00440662 	-1.33119 	-0.00607021 	
2.27	0.330551 	-0.17262 	0.539935 	0.00440662 	-1.33119 	-0.00607021 	
2.275	0.330576 	-0.172618 	0.539939 	0.00440662 	-1.33119 	-0.00607021 	
2.28	0.330601 	-0.172616 	0.539942 	0.00440662 	-1.33119 	-0.00607021 	
2.285	0.330626 	-0.172613 	0.539946 	0.00440662 	-1.33119 	-0.00607021 	
2.29	0.33065 	-0.172611 	0.53995 	0.00440662 	-1.33119 	-0.00607021 	
2.295	0.330673 	-0.172609 	0.539954 	0.00440662 	-1.33119 	-0.00607021 	
2.3	0.330696 	-0.172606 	0.539957 	0.00440662 	-1.33119 	-0.00607021 	
2.305	0.330718 	-0.172604 	0.539961 	0.00440662 	-1.33119 	-0.00607021 	
2.31	0.33068 	-0.172616 	0.539953 	0.00288157 	-1.33012 	-0.00396937 	
2.315	0.330701 	-0.172614 	0.539956 	0.00288157 	-1.33012 	-0.00396937 	
2.32	0.330722 	-0.172612 	0.53996 	0.00288157 	-1.33012 	-0.00396937 	
2.325	0.330742 	-0.17261 	0.539963 	0.00288157 	-1.33012 	-0.00396937 	
2.33	0.330762 	-0.172608 	0.539966 	0.00288157 	-1.33012 	-0.00396937 	
2.335	0.330781 	-0.172606 	0.539969 	0.00288157 	-1.33012 	-0.00396937 	
2.34	0.3308 	-0.172604 	0.539972 	0.00288157 	-1.33012 	-0.00396937 	
2.345	0.330818 	-0.172602 	0.539975 	0.00288157 	-1.33012 	-0.00396937 	
2.35	0.330835 	-0.172601 	0.539977 	0.00288157 	-1.33012 	-0.00396937 	
2.355	0.330852 	-0.172599 	0.53998 	0.00288157 	-1.33012 	-0.00396937 	
2.36	0.330869 	-0.172598 	0.539983 	0.00288157 	-1.33012 	-0.00396937 	
2.365	0.330885 	-0.172596 	0.539985 	0.00288157 	-1.33012 	-0.00396937 	
2.37	0.3309 	-0.172594 	0.539988 	0.00288157 	-1.33012 	-0.00396937 	
2.375	0.330915 	-0.172593 	0.53999 	0.00288157 	-1.33012 	-0.00396937 	
2.38	0.330868 	-0.172606 	0.539981 	0.00132377 	-1.32903 	-0.0018234 	
2.385	0.330882 	-0.172604 	0.539983 	0.00132377 	-1.32903 	-0.0018234 	
2.39	0.330895 	-0.172603 	0.539985 	0.00132377 	-1.32903 	-0.0018234 	
2.395	0.330908 	-0.172602 	0.539987 	0.00132377 	-1.32903 	-0.0018234 	
2.4	0.33092 	-0.172601 	0.539989 	0.00132377 	-1.32903 	-0.0018234 	
2.405	0.330932 	-0.1726 	0.539991 	0.00132377 	-1.32903 	-0.0018234 	
2.41	0.330943 	-0.172598 	0.539993 	0.00132377 	-1.32903 	-0.0018234 	
2.415	0.330954 	-0.172597 	0.539994 	0.00132377 	-1.32903 	-0.0018234 	
2.42	0.330964 	-0.172596 	0.539996 	0.00132377 	-1.32903 	-0.0018234 	
2.425	0.330972 	-0.172596 	0.539997 	0.00132377 	-1.32903 	-0.0018234 	
2.43	0.330982 	-0.172595 	0.539999 	0.00132377 	-1.32903 	-0.0018234 	
2.435	0.33099 	-0.172594 	0.54 	0.00132377 	-1.32903 	-0.0018234 	
2.44	0.330998 	-0.172593 	0.540001 	0.00132377 	-1.32903 	-0.0018234 	
2.445	0.331005 	-0.172592 	0.540002 	0.00132377 	-1.32903 	-0.0018234 	
2.45	0.331012 	-0.172592 	0.540003 	0.00132377 	-1.32903 	-0.0018234 	
2.455	0.331018 	-0.172591 	0.540004 	0.00132377 	-1.32903 	-0.0018234 	
2.46	0.331024 	-0.172591 	0.540005 	0.00132377 	-1.32903 	-0.0018234 	
2.465	0.331029 	-0.17259 	0.540006 	0.00132377 	-1.32903 	-0.0018234 	
2.47	0.331034 	-0.17259 	0.540007 	0.00132377 	-1.32903 	-0.0018234 	
2.475	0.331038 	-0.172589 	0.540007 	0.00132377 	-1.32903 	-0.0018234 	
2.48	0.331042 	-0.172589 	0.540008 	0.00132377 	-1.32903 	-0.0018234 	
2.485	0.331045 	-0.172588 	0.540008 	0.00132377 	-1.32903 	-0.0018234 	
2.49	0.331047 	-0.172588 	0.540009 	0.00132377 	-1.32903 	-0.0018234 	
2.495	0.331049 	-0.172588 	0.540009 	0.00132377 	-1.32903 	-0.0018234 	
2.5	0.331051 	-0.172588 	0.540009 	0.00132377 	-1.32903 	-0.0018234 	
2.505	0.331051 	-0.172588 	0.540009 	0.00132377 	-1.32903 	-0.0018234 	
2.51	0.331052 	-0.172588 	0.54001 	0.00132377 	-1.32903 	-0.0018234 	
2.515	0.331056 	-0.172584 	0.540009 	0.00132377 	-1.32903 	-0.0018234 	
2.52	0.331056 	-0.172584 	0.540009 	0.00132377 	-1.32903 	-0.0018234 	
2.525	0.331056 	-0.172583 	0.540008 	0.00132377 	-1.32903 	-0.0018234 	
2.53	0.331057 	-0.172583 	0.540007 	0.00132377 	-1.32903 	-0.0018234 	
2.535	0.331057 	-0.172583 	0.540006 	0.00132377 	-1.32903 	-0.0018234 	
2.54	0.331057 	-0.172583 	0.540004 	0.00132377 	-1.32903 	-0.0018234 	
2.545	0.331057 	-0.172583 	0.540002 	0.00132377 	-1.32903 	-0.0018234 	
2.55	0.331058 	-0.172582 	0.54 	0.00132377 	-1.32903 	-0.0018234 	
2.555	0.331058 	-0.172582 	0.539998 	0.00132377 	-1.32903 	-0.0018234 	
2.56	0.331059 	-0.172581 	0.539995 	0.00132377 	-1.32903 	-0.0018234 	
2.565	0.331059 	-0.172581 	0.539992 	0.00132377 	-1.32903 	-0.0018234 	
2.57	0.33106 	-0.172581 	0.539989 	0.00132377 	-1.32903 	-0.0018234 	
2.575	0.33106 	-0.17258 	0.539985 	0.00132377 	-1.32903 	-0.0018234 	
2.58	0.331061 	-0.172579 	0.539981 	0.00132377 	-1.32903 	-0.0018234 	
2.585	0.331062 	-0.172579 	0.539977 	0.00132377 	-1.32903 	-0.0018234 	
2.59	0.331062 	-0.172578 	0.539972 	0.00132377 	-1.32903 	-0.0018234 	
2.595	0.331063 	-0.172578 	0.539967 	0.00132377 	-1.32903 	-0.0018234 	
2.6	0.331028 	-0.172573 	0.539956 	0.000808329 	-1.32842 	-0.000184269 	
2.605	0.331029 	-0.172572 	0.53995 	0.00080833 	-1.32842 	-0.00018427 	
2.61	0.33103 	-0.172571 	0.539945 	0.000808331 	-1.32842 	-0.000184271 	
2.615	0.331031 	-0.17257 	0.539939 	0.000808331 	-1.32842 	-0.000184271 	
2.62	0.331032 	-0.172569 	0.539932 	0.000808332 	-1.32842 	-0.000184272 	
2.625	0.331033 	-0.172568 	0.539926 	0.000808333 	-1.32842 	-0.000184273 	
2.63	0.331034 	-0.172567 	0.539919 	0.000808334 	-1.32842 	-0.000184274 	
2.635	0.331035 	-0.172566 	0.539912 	0.000808335 	-1.32842 	-0.000184276 	
2.64	0.331037 	-0.172565 	0.539904 	0.000808336 	-1.32842 	-0.000184277 	
2.645	0.331038 	-0.172564 	0.539896 	0.000808337 	-1.32842 	-0.000184278 	
2.65	0.331039 	-0.172563 	0.539888 	0.000808339 	-1.32842 	-0.00018428 	
2.655	0.331041 	-0.172562 	0.53988 	0.00080834 	-1.32842 	-0.000184281 	
2.66	0.331058 	-0.172533 	0.539875 	0.0019473 	-1.32876 	-1.74587e-05 	
2.665	0.33106 	-0.172532 	0.539865 	0.00194731 	-1.32876 	-1.74605e-05 	
2.67	0.331061 	-0.172531 	0.539857 	0.00194731 	-1.32876 	-1.74621e-05 	
2.675	0.331063 	-0.172529 	0.539846 	0.00194731 	-1.32876 	-1.74641e-05 	
2.68	0.331065 	-0.172527 	0.539836 	0.00194731 	-1.32876 	-1.74659e-05 	
2.685	0.331066 	-0.172526 	0.539826 	0.00194731 	-1.32876 	-1.74678e-05 	
2.69	0.331068 	-0.172525 	0.539816 	0.00194731 	-1.32876 	-1.74698e-05 	
2.695	0.33107 	-0.172523 	0.539805 	0.00194732 	-1.32876 	-1.74719e-05 	
2.7	0.331092 	-0.172494 	0.539799 	0.00318136 	-1.32917 	-6.69428e-07 	
2.705	0.331094 	-0.172492 	0.539787 	0.00318137 	-1.32917 	-6.71763e-07 	
2.71	0.331095 	-0.17249 	0.539776 	0.00318137 	-1.32917 	-6.74215e-07 	
2.715	0.331097 	-0.172489 	0.539764 	0.00318137 	-1.32917 	-6.76789e-07 	
2.72	0.331099 	-0.172487 	0.539752 	0.00318137 	-1.32917 	-6.79487e-07 	
2.725	0.331101 	-0.172485 	0.539739 	0.00318138 	-1.32917 	-6.82311e-07 	
2.73	0.331103 	-0.172483 	0.539727 	0.00318138 	-1.32917 	-6.85265e-07 	
2.735	0.331127 	-0.172452 	0.539719 	0.00449411 	-1.32961 	1.1406e-06 	
2.74	0.331129 	-0.17245 	0.539705 	0.00449411 	-1.32961 	1.13738e-06 	
2.745	0.331132 	-0.172448 	0.539692 	0.00449411 	-1.32961 	1.13402e-06 	
2.75	0.331134 	-0.172446 	0.539678 	0.00449412 	-1.32961 	1.13052e-06 	
2.755	0.331136 	-0.172444 	0.539664 	0.00449412 	-1.32961 	1.12688e-06 	
2.76	0.331138 	-0.172442 	0.53965 	0.00449412 	-1.32961 	1.1231e-06 	
2.765	0.331162 	-0.172411 	0.53964 	0.00579751 	-1.33005 	1.29933e-06 	
2.77	0.331165 	-0.172409 	0.539625 	0.00579751 	-1.33005 	1.29525e-06 	
2.775	0.331167 	-0.172406 	0.53961 	0.00579752 	-1.33005 	1.29102e-06 	
2.78	0.33117 	-0.172404 	0.539594 	0.00579752 	-1.33005 	1.28663e-06 	
2.785	0.331172 	-0.172402 	0.539579 	0.00579753 	-1.33005 	1.28209e-06 	
2.79	0.331195 	-0.172372 	0.539567 	0.00701036 	-1.33046 	1.1495e-06 	
2.795	0.331197 	-0.17237 	0.539551 	0.00701036 	-1.33046 	1.14464e-06 	
2.8	0.3312 	-0.172368 	0.539534 	0.00701037 	-1.33046 	1.13962e-06 	
2.805	0.331203 	-0.172365 	0.539517 	0.00701037 	-1.33046 	1.13444e-06 	
2.81	0.331206 	-0.172363 	0.5395 	0.00701038 	-1.33046 	1.12909e-06 	
2.815	0.33123 	-0.172331 	0.539488 	0.00830805 	-1.33089 	1.2843e-06 	
2.82	0.331233 	-0.172329 	0.53947 	0.00830805 	-1.33089 	1.27861e-06 	
2.825	0.331236 	-0.172326 	0.539453 	0.00830806 	-1.33089 	1.27275e-06 	
2.83	0.331239 	-0.172324 	0.539434 	0.00830806 	-1.33089 	1.26672e-06 	
2.835	0.331242 	-0.172321 	0.539416 	0.00830807 	-1.33089 	1.26051e-06 	
2.84	0.331267 	-0.172287 	0.539403 	0.00970654 	-1.33136 	1.48983e-06 	
2.845	0.331271 	-0.172284 	0.539384 	0.00970655 	-1.33136 	1.48327e-06 	
2.85	0.331274 	-0.172282 	0.539365 	0.00970655 	-1.33136 	1.47652e-06 	
2.855	0.331277 	-0.172279 	0.539345 	0.00970656 	-1.33136 	1.46959e-06 	
2.86	0.3313 	-0.172249 	0.53933 	0.010927 	-1.33177 	1.17467e-06 	
2.865	0.331303 	-0.172246 	0.53931 	0.010927 	-1.33177 	1.16737e-06 	
2.87	0.331302 	-0.172248 	0.53929 	0.010927 	-1.33177 	1.16155e-06 	
2.875	0.331305 	-0.172245 	0.539269 	0.0109271 	-1.33177 	1.1539e-06 	
2.88	0.331329 	-0.172214 	0.539254 	0.0121861 	-1.3322 	1.21058e-06 	
2.885	0.331332 	-0.172211 	0.539233 	0.0121861 	-1.3322 	1.20252e-06 	
2.89	0.331336 	-0.172208 	0.539211 	0.0121861 	-1.3322 	1.19427e-06 	
2.895	0.331339 	-0.172205 	0.53919 	0.0121861 	-1.3322 	1.18584e-06 	
2.9	0.331364 	-0.172172 	0.539173 	0.0135046 	-1.33264 	1.32233e-06 	
2.905	0.331368 	-0.172169 	0.539151 	0.0135046 	-1.33264 	1.3135e-06 	
2.91	0.331372 	-0.172166 	0.539129 	0.0135047 	-1.33264 	1.30447e-06 	
2.915	0.331376 	-0.172163 	0.539107 	0.0135047 	-1.33264 	1.29524e-06 	
2.92	0.331402 	-0.172129 	0.539089 	0.0148836 	-1.33311 	1.44914e-06 	
2.925	0.331405 	-0.172125 	0.539067 	0.0148836 	-1.33311 	1.43951e-06 	
2.93	0.331409 	-0.172122 	0.539043 	0.0148836 	-1.33311 	1.42968e-06 	
2.935	0.331413 	-0.172119 	0.53902 	0.0148836 	-1.33311 	1.41966e-06 	
2.94	0.33144 	-0.172083 	0.539002 	0.0163217 	-1.33359 	1.58089e-06 	
2.945	0.331444 	-0.17208 	0.538978 	0.0163218 	-1.33359 	1.57045e-06 	
2.95	0.331448 	-0.172076 	0.538954 	0.0163218 	-1.33359 	1.55981e-06 	
2.955	0.331452 	-0.172073 	0.53893 	0.0163218 	-1.33359 	1.54896e-06 	
2.96	0.331481 	-0.172036 	0.538911 	0.0178178 	-1.33409 	1.71579e-06 	
2.965	0.331485 	-0.172032 	0.538886 	0.0178178 	-1.33409 	1.70452e-06 	
2.97	0.331489 	-0.172029 	0.538861 	0.0178178 	-1.33409 	1.69306e-06 	
2.975	0.331493 	-0.172025 	0.538836 	0.0178178 	-1.33409 	1.68139e-06 	
2.98	0.331523 	-0.171987 	0.538817 	0.0193701 	-1.33461 	1.85319e-06 	
2.985	0.331527 	-0.171983 	0.538791 	0.0193701 	-1.33461 	1.8411e-06 	
2.99	0.331531 	-0.171979 	0.538765 	0.0193701 	-1.33461 	1.8288e-06 	
2.995	0.331556 	-0.171948 	0.538744 	0.0206105 	-1.33503 	1.23752e-06 	
3	0.33156 	-0.171944 	0.538718 	0.0206105 	-1.33503 	1.2248e-06 	
3.005	0.331564 	-0.17194 	0.538691 	0.0206105 	-1.33503 	1.21187e-06 	
3.01	0.331589 	-0.171909 	0.538669 	0.0218461 	-1.33545 	1.16806e-06 	
3.015	0.331593 	-0.171905 	0.538642 	0.0218461 	-1.33545 	1.1547e-06 	
3.02	0.331598 	-0.171901 	0.538615 	0.0218461 	-1.33545 	1.14115e-06 	
3.025	0.331623 	-0.171869 	0.538593 	0.0231076 	-1.33587 	1.20757e-06 	
3.03	0.331627 	-0.171865 	0.538565 	0.0231076 	-1.33587 	1.19359e-06 	
3.035	0.331632 	-0.171861 	0.538537 	0.0231076 	-1.33587 	1.1794e-06 	
3.04	0.331657 	-0.171828 	0.538514 	0.0243974 	-1.3363 	1.26364e-06 	
3.045	0.331662 	-0.171824 	0.538486 	0.0243974 	-1.3363 	1.24902e-06 	
3.05	0.331667 	-0.17182 	0.538458 	0.0243975 	-1.3363 	1.23421e-06 	
3.055	0.331693 	-0.171786 	0.538434 	0.0257153 	-1.33675 	1.32202e-06 	
3.06	0.331698 	-0.171782 	0.538406 	0.0257153 	-1.33675 	1.30678e-06 	
3.065	0.331704 	-0.171776 	0.538377 	0.0257153 	-1.33675 	1.29059e-06 	
3.07	0.331731 	-0.171742 	0.538353 	0.0270604 	-1.3372 	1.38051e-06 	
3.075	0.331736 	-0.171738 	0.538323 	0.0270604 	-1.3372 	1.36465e-06 	
3.08	0.331741 	-0.171734 	0.538294 	0.0270604 	-1.3372 	1.34858e-06 	
3.085	0.331768 	-0.171699 	0.53827 	0.028432 	-1.33766 	1.43928e-06 	
3.09	0.331773 	-0.171694 	0.53824 	0.028432 	-1.33766 	1.4228e-06 	
3.095	0.331778 	-0.17169 	0.53821 	0.028432 	-1.33766 	1.40612e-06 	
3.1	0.331805 	-0.171654 	0.538185 	0.0298294 	-1.33813 	1.49768e-06 	
3.105	0.331811 	-0.17165 	0.538154 	0.0298294 	-1.33813 	1.48058e-06 	
3.11	0.331816 	-0.171646 	0.538124 	0.0298294 	-1.33813 	1.46329e-06 	
3.115	0.331844 	-0.171609 	0.538099 	0.0312517 	-1.33861 	1.55571e-06 	
3.12	0.331849 	-0.171605 	0.538068 	0.0312517 	-1.33861 	1.538e-06 	
3.125	0.331854 	-0.171601 	0.538036 	0.0312517 	-1.33861 	1.52011e-06 	
3.13	0.331883 	-0.171564 	0.538011 	0.0326982 	-1.3391 	1.61327e-06 	
3.135	0.331888 	-0.171559 	0.537979 	0.0326982 	-1.3391 	1.59497e-06 	
3.14	0.331894 	-0.171555 	0.537948 	0.0326982 	-1.3391 	1.57648e-06 	
3.145	0.331922 	-0.171517 	0.537922 	0.0341681 	-1.33959 	1.67024e-06 	
3.15	0.331928 	-0.171513 	0.53789 	0.0341681 	-1.33959 	1.65135e-06 	
3.155	0.331933 	-0.171508 	0.537857 	0.0341681 	-1.33959 	1.63229e-06 	
3.16	0.331962 	-0.17147 	0.537831 	0.0356605 	-1.34009 	1.7265e-06 	
3.165	0.331968 	-0.171465 	0.537799 	0.0356605 	-1.34009 	1.70704e-06 	
3.17	0.331974 	-0.171461 	0.537766 	0.0356605 	-1.34009 	1.6874e-06 	
3.175	0.332003 	-0.171422 	0.537739 	0.0371745 	-1.3406 	1.78193e-06 	
3.18	0.332009 	-0.171417 	0.537706 	0.0371746 	-1.3406 	1.76191e-06 	
3.185	0.332015 	-0.171413 	0.537673 	0.0371746 	-1.3406 	1.74172e-06 	
3.19	0.332044 	-0.171374 	0.537646 	0.0387095 	-1.34112 	1.83642e-06 	
3.195	0.33205 	-0.171369 	0.537613 	0.0387095 	-1.34112 	1.81585e-06 	
3.2	0.332056 	-0.171364 	0.537579 	0.0387095 	-1.34112 	1.79512e-06 	
3.205	0.332086 	-0.171324 	0.537552 	0.0402644 	-1.34164 	1.88985e-06 	
3.21	0.332092 	-0.17132 	0.537518 	0.0402644 	-1.34164 	1.86875e-06 	
3.215	0.332098 	-0.171315 	0.537484 	0.0402644 	-1.34164 	1.84749e-06 	
3.22	0.332129 	-0.171275 	0.537457 	0.0418384 	-1.34217 	1.94209e-06 	
3.225	0.332135 	-0.17127 	0.537422 	0.0418384 	-1.34217 	1.92048e-06 	
3.23	0.332141 	-0.171265 	0.537388 	0.0418384 	-1.34217 	1.89871e-06 	
3.235	0.332172 	-0.171224 	0.53736 	0.0434306 	-1.3427 	1.99305e-06 	
3.24	0.332178 	-0.171219 	0.537326 	0.0434307 	-1.3427 	1.97093e-06 	
3.245	0.332184 	-0.171214 	0.537291 	0.0434307 	-1.3427 	1.94867e-06 	
3.25	0.332215 	-0.171173 	0.537263 	0.0450402 	-1.34325 	2.04259e-06 	
3.255	0.332222 	-0.171168 	0.537228 	0.0450403 	-1.34325 	2.01955e-06 	
3.26	0.332228 	-0.171163 	0.537193 	0.0450403 	-1.34325 	1.99681e-06 	
3.265	0.33226 	-0.171121 	0.537164 	0.0466663 	-1.34379 	2.09058e-06 	
3.27	0.332266 	-0.171116 	0.537129 	0.0466663 	-1.34379 	2.06753e-06 	
3.275	0.332272 	-0.171111 	0.537093 	0.0466663 	-1.34379 	2.04435e-06 	
3.28	0.332304 	-0.171069 	0.537065 	0.0483078 	-1.34434 	2.13704e-06 	
3.285	0.33231 	-0.171064 	0.537029 	0.0483078 	-1.34434 	2.11355e-06 	
3.29	0.332316 	-0.171059 	0.536993 	0.0483079 	-1.34434 	2.08993e-06 	
3.295	0.332348 	-0.171017 	0.536964 	0.049964 	-1.3449 	2.18172e-06 	
3.3	0.332355 	-0.171012 	0.536928 	0.049964 	-1.3449 	2.15781e-06 	
3.305	0.332361 	-0.171007 	0.536892 	0.049964 	-1.3449 	2.13378e-06 	
3.31	0.332393 	-0.170964 	0.536863 	0.0516338 	-1.34546 	2.22457e-06 	
3.315	0.3324 	-0.170959 	0.536827 	0.0516338 	-1.34546 	2.20027e-06 	
3.32	0.332406 	-0.170954 	0.536791 	0.0516339 	-1.34546 	2.17585e-06 	
3.325	0.332439 	-0.170911 	0.536761 	0.0533164 	-1.34603 	2.26549e-06 	
3.33	0.332445 	-0.170906 	0.536725 	0.0533164 	-1.34603 	2.24082e-06 	
3.335	0.332452 	-0.170901 	0.536688 	0.0533164 	-1.34603 	2.21604e-06 	
3.34	0.332484 	-0.170857 	0.536659 	0.0550107 	-1.3466 	2.30438e-06 	
3.345	0.332491 	-0.170852 	0.536622 	0.0550108 	-1.3466 	2.27936e-06 	
3.35	0.332497 	-0.170847 	0.536585 	0.0550108 	-1.3466 	2.25425e-06 	
3.355	0.33253 	-0.170803 	0.536555 	0.0567159 	-1.34717 	2.34116e-06 	
3.36	0.332537 	-0.170798 	0.536518 	0.056716 	-1.34717 	2.31582e-06 	
3.365	0.332543 	-0.170793 	0.536481 	0.056716 	-1.34717 	2.29039e-06 	
3.37	0.332576 	-0.170749 	0.536451 	0.058431 	-1.34775 	2.37573e-06 	
3.375	0.332583 	-0.170744 	0.536414 	0.0584311 	-1.34775 	2.35009e-06 	
3.38	0.33259 	-0.170739 	0.536377 	0.0584311 	-1.34775 	2.32438e-06 	
3.385	0.332623 	-0.170695 	0.536347 	0.0601551 	-1.34833 	2.408e-06 	
3.39	0.332629 	-0.170689 	0.53631 	0.0601551 	-1.34833 	2.3821e-06 	
3.395	0.332654 	-0.170657 	0.536277 	0.0613676 	-1.34874 	1.26861e-06 	
3.4	0.332661 	-0.170652 	0.53624 	0.0613676 	-1.34874 	1.24254e-06 	
3.405	0.332668 	-0.170646 	0.536202 	0.0613676 	-1.34874 	1.21641e-06 	
3.41	0.3327 	-0.170603 	0.536172 	0.0630517 	-1.3493 	2.20429e-06 	
3.415	0.332707 	-0.170598 	0.536134 	0.0630517 	-1.3493 	2.17799e-06 	
3.42	0.332732 	-0.170565 	0.536102 	0.0642668 	-1.34971 	1.25773e-06 	
3.425	0.332739 	-0.17056 	0.536064 	0.0642668 	-1.34971 	1.2313e-06 	
3.43	0.332746 	-0.170555 	0.536026 	0.0642669 	-1.34971 	1.20483e-06 	
3.435	0.332781 	-0.170509 	0.535996 	0.06596 	-1.35028 	2.21662e-06 	
3.44	0.332788 	-0.170504 	0.535958 	0.06596 	-1.35028 	2.19e-06 	
3.445	0.332813 	-0.170471 	0.535925 	0.0671811 	-1.35069 	1.27475e-06 	
3.45	0.33282 	-0.170466 	0.535887 	0.0671811 	-1.35069 	1.24805e-06 	
3.455	0.332827 	-0.17046 	0.53585 	0.0671812 	-1.35069 	1.22131e-06 	
3.46	0.332859 	-0.170417 	0.535819 	0.0688813 	-1.35126 	2.26651e-06 	
3.465	0.332866 	-0.170411 	0.535781 	0.0688813 	-1.35126 	2.23968e-06 	
3.47	0.332892 	-0.170379 	0.535748 	0.0701066 	-1.35167 	1.29253e-06 	
3.475	0.332899 	-0.170373 	0.53571 	0.0701066 	-1.35167 	1.26563e-06 	
3.48	0.332906 	-0.170368 	0.535672 	0.0701066 	-1.35167 	1.23872e-06 	
3.485	0.332938 	-0.170324 	0.535642 	0.0718111 	-1.35225 	2.29035e-06 	
3.49	0.332945 	-0.170319 	0.535604 	0.0718111 	-1.35225 	2.26337e-06 	
3.495	0.332971 	-0.170286 	0.535571 	0.0730387 	-1.35266 	1.30452e-06 	
3.5	0.332978 	-0.17028 	0.535533 	0.0730387 	-1.35266 	1.2775e-06 	
3.505	0.332985 	-0.170275 	0.535495 	0.0730387 	-1.35266 	1.25049e-06 	
3.51	0.333017 	-0.170231 	0.535464 	0.0747449 	-1.35323 	2.30707e-06 	
3.515	0.333024 	-0.170226 	0.535426 	0.0747449 	-1.35323 	2.28003e-06 	
3.52	0.33305 	-0.170193 	0.535393 	0.0759728 	-1.35365 	1.31252e-06 	
3.525	0.333057 	-0.170188 	0.535355 	0.0759728 	-1.35365 	1.28548e-06 	
3.53	0.333064 	-0.170182 	0.535317 	0.0759729 	-1.35365 	1.25845e-06 	
3.535	0.333093 	-0.170142 	0.535287 	0.077678 	-1.35422 	2.34821e-06 	
3.54	0.3331 	-0.170137 	0.535248 	0.077678 	-1.35422 	2.32121e-06 	
3.545	0.333125 	-0.170104 	0.535216 	0.0789044 	-1.35463 	1.31962e-06 	
3.55	0.333132 	-0.170098 	0.535178 	0.0789044 	-1.35463 	1.29263e-06 	
3.555	0.333139 	-0.170093 	0.53514 	0.0789045 	-1.35463 	1.26567e-06 	
3.56	0.333172 	-0.17005 	0.535109 	0.080606 	-1.3552 	2.31948e-06 	
3.565	0.333179 	-0.170044 	0.535071 	0.0806061 	-1.3552 	2.29256e-06 	
3.57	0.333204 	-0.170011 	0.535039 	0.0818289 	-1.35562 	1.31636e-06 	
3.575	0.333211 	-0.170006 	0.535001 	0.081829 	-1.35562 	1.2895e-06 	
3.58	0.333218 	-0.170001 	0.534963 	0.081829 	-1.35562 	1.2627e-06 	
3.585	0.33325 	-0.169957 	0.534933 	0.0835243 	-1.35619 	2.31437e-06 	
3.59	0.333257 	-0.169952 	0.534895 	0.0835243 	-1.35619 	2.28764e-06 	
3.595	0.333282 	-0.169919 	0.534863 	0.0847418 	-1.35659 	1.31205e-06 	
3.6	0.333289 	-0.169914 	0.534825 	0.0847418 	-1.35659 	1.28542e-06 	
3.605	0.333296 	-0.169909 	0.534787 	0.0847418 	-1.35659 	1.25885e-06 	
3.61	0.333328 	-0.169866 	0.534757 	0.0864283 	-1.35716 	2.30229e-06 	
3.615	0.333335 	-0.16986 	0.534719 	0.0864283 	-1.35716 	2.27582e-06 	
3.62	0.33336 	-0.169828 	0.534687 	0.0876385 	-1.35757 	1.30364e-06 	
3.625	0.333367 	-0.169822 	0.53465 	0.0876385 	-1.35757 	1.27731e-06 	
3.63	0.333374 	-0.169817 	0.534612 	0.0876385 	-1.35757 	1.25106e-06 	
3.635	0.333406 	-0.169774 	0.534582 	0.0893134 	-1.35813 	2.28294e-06 	
3.64	0.333413 	-0.169769 	0.534545 	0.0893135 	-1.35813 	2.25683e-06 	
3.645	0.33342 	-0.169764 	0.534508 	0.0893135 	-1.35813 	2.23081e-06 	
3.65	0.333452 	-0.16972 	0.534478 	0.0910282 	-1.35871 	2.49523e-06 	
3.655	0.333459 	-0.169715 	0.534441 	0.0910282 	-1.35871 	2.46936e-06 	
3.66	0.333462 	-0.169714 	0.534404 	0.0910282 	-1.35871 	2.4461e-06 	
3.665	0.333493 	-0.169671 	0.534375 	0.0927385 	-1.35928 	2.51241e-06 	
3.67	0.333501 	-0.169665 	0.534338 	0.0927385 	-1.35928 	2.48682e-06 	
3.675	0.333508 	-0.16966 	0.534301 	0.0927385 	-1.35928 	2.46134e-06 	
3.68	0.333539 	-0.169617 	0.534272 	0.094439 	-1.35986 	2.4944e-06 	
3.685	0.333546 	-0.169612 	0.534235 	0.094439 	-1.35986 	2.46912e-06 	
3.69	0.333553 	-0.169606 	0.534199 	0.094439 	-1.35986 	2.44395e-06 	
3.695	0.333585 	-0.169563 	0.53417 	0.0961283 	-1.36042 	2.46985e-06 	
3.7	0.333592 	-0.169558 	0.534133 	0.0961283 	-1.36042 	2.44489e-06 	
3.705	0.333599 	-0.169553 	0.534097 	0.0961283 	-1.36042 	2.42007e-06 	
3.71	0.33363 	-0.16951 	0.534068 	0.0978054 	-1.36099 	2.44205e-06 	
3.715	0.333637 	-0.169505 	0.534032 	0.0978054 	-1.36099 	2.41745e-06 	
3.72	0.333644 	-0.1695 	0.533996 	0.0978054 	-1.36099 	2.39299e-06 	
3.725	0.333674 	-0.169458 	0.533968 	0.0994693 	-1.36155 	2.41149e-06 	
3.73	0.333682 	-0.169453 	0.533932 	0.0994693 	-1.36155 	2.38727e-06 	
3.735	0.333689 	-0.169447 	0.533896 	0.0994694 	-1.36155 	2.36319e-06 	
3.74	0.333719 	-0.169406 	0.533868 	0.101119 	-1.3621 	2.37827e-06 	
3.745	0.333726 	-0.169401 	0.533832 	0.101119 	-1.3621 	2.35445e-06 	
3.75	0.333733 	-0.169395 	0.533797 	0.101119 	-1.3621 	2.33079e-06 	
3.755	0.333763 	-0.169354 	0.533769 	0.102754 	-1.36265 	2.34247e-06 	
3.76	0.33377 	-0.169349 	0.533734 	0.102754 	-1.36265 	2.31909e-06 	
3.765	0.333777 	-0.169344 	0.533699 	0.102754 	-1.36265 	2.29586e-06 	
3.77	0.333806 	-0.169303 	0.533671 	0.104373 	-1.3632 	2.30417e-06 	
3.775	0.333813 	-0.169298 	0.533636 	0.104373 	-1.3632 	2.28123e-06 	
3.78	0.33382 	-0.169293 	0.533602 	0.104373 	-1.3632 	2.25847e-06 	
3.785	0.333849 	-0.169252 	0.533575 	0.105975 	-1.36373 	2.26344e-06 	
3.79	0.333856 	-0.169247 	0.53354 	0.105975 	-1.36373 	2.24098e-06 	
3.795	0.333863 	-0.169242 	0.533506 	0.105975 	-1.36373 	2.21869e-06 	
3.8	0.333892 	-0.169202 	0.533479 	0.107559 	-1.36427 	2.22037e-06 	
3.805	0.333899 	-0.169197 	0.533445 	0.107559 	-1.36427 	2.1984e-06 	
3.81	0.333906 	-0.169192 	0.533411 	0.107559 	-1.36427 	2.17662e-06 	
3.815	0.333934 	-0.169153 	0.533384 	0.109125 	-1.36479 	2.17505e-06 	
3.82	0.333941 	-0.169148 	0.53335 	0.109125 	-1.36479 	2.1536e-06 	
3.825	0.333951 	-0.16914 	0.533317 	0.109125 	-1.36479 	2.13071e-06 	
3.83	0.333979 	-0.169101 	0.533291 	0.110671 	-1.36531 	2.12714e-06 	
3.835	0.333986 	-0.169096 	0.533257 	0.110671 	-1.36531 	2.10622e-06 	
3.84	0.333992 	-0.169091 	0.533224 	0.110671 	-1.36531 	2.08549e-06 	
3.845	0.33402 	-0.169052 	0.533198 	0.112197 	-1.36583 	2.07805e-06 	
3.85	0.334027 	-0.169048 	0.533166 	0.112197 	-1.36583 	2.05768e-06 	
3.855	0.334033 	-0.169043 	0.533133 	0.112197 	-1.36583 	2.0375e-06 	
3.86	0.334061 	-0.169005 	0.533108 	0.113702 	-1.36633 	2.02664e-06 	
3.865	0.334067 	-0.169 	0.533075 	0.113702 	-1.36633 	2.00684e-06 	
3.87	0.334073 	-0.168995 	0.533043 	0.113702 	-1.36633 	1.98723e-06 	
3.875	0.3341 	-0.168958 	0.533018 	0.115184 	-1.36683 	1.97339e-06 	
3.88	0.334107 	-0.168953 	0.532986 	0.115184 	-1.36683 	1.95416e-06 	
3.885	0.334113 	-0.168949 	0.532954 	0.115184 	-1.36683 	1.93514e-06 	
3.89	0.33414 	-0.168912 	0.53293 	0.116644 	-1.36732 	1.91843e-06 	
3.895	0.334146 	-0.168907 	0.532898 	0.116644 	-1.36732 	1.8998e-06 	
3.9	0.334152 	-0.168903 	0.532867 	0.116644 	-1.36732 	1.88137e-06 	
3.905	0.334178 	-0.168866 	0.532843 	0.11808 	-1.3678 	1.8619e-06 	
3.91	0.334184 	-0.168862 	0.532812 	0.11808 	-1.3678 	1.84387e-06 	
3.915	0.334191 	-0.168858 	0.532782 	0.11808 	-1.3678 	1.82606e-06 	
3.92	0.334216 	-0.168822 	0.532758 	0.119492 	-1.36828 	1.80394e-06 	
3.925	0.334222 	-0.168817 	0.532727 	0.119492 	-1.36828 	1.78652e-06 	
3.93	0.334228 	-0.168813 	0.532697 	0.119492 	-1.36828 	1.76933e-06 	
3.935	0.334253 	-0.168778 	0.532674 	0.120878 	-1.36875 	1.74467e-06 	
3.94	0.334259 	-0.168774 	0.532644 	0.120878 	-1.36875 	1.72788e-06 	
3.945	0.334265 	-0.168769 	0.532615 	0.120878 	-1.36875 	1.71132e-06 	
3.95	0.33429 	-0.168735 	0.532592 	0.122238 	-1.3692 	1.68424e-06 	
3.955	0.334296 	-0.168731 	0.532563 	0.122238 	-1.3692 	1.66809e-06 	
3.96	0.334302 	-0.168727 	0.532534 	0.122238 	-1.3692 	1.65215e-06 	
3.965	0.334326 	-0.168693 	0.532511 	0.123571 	-1.36965 	1.62279e-06 	
3.97	0.334332 	-0.168689 	0.532483 	0.123571 	-1.36965 	1.60728e-06 	
3.975	0.334337 	-0.168685 	0.532455 	0.123571 	-1.36965 	1.59199e-06 	
3.98	0.334361 	-0.168652 	0.532433 	0.124877 	-1.37009 	1.56047e-06 	
3.985	0.334367 	-0.168648 	0.532405 	0.124877 	-1.37009 	1.5456e-06 	
3.99	0.334372 	-0.168644 	0.532377 	0.124877 	-1.37009 	1.53096e-06 	
3.995	0.334395 	-0.168611 	0.532356 	0.126154 	-1.37052 	1.49743e-06 	
4	0.334401 	-0.168607 	0.532328 	0.126154 	-1.37052 	1.48321e-06 	
4.005	0.334406 	-0.168603 	0.532301 	0.126154 	-1.37052 	1.46922e-06 	
4.01	0.334429 	-0.168572 	0.53228 	0.127402 	-1.37094 	1.43383e-06 	
4.015	0.334434 	-0.168568 	0.532253 	0.127402 	-1.37094 	1.42026e-06 	
4.02	0.33444 	-0.168564 	0.532227 	0.127402 	-1.37094 	1.40691e-06 	
4.025	0.334462 	-0.168534 	0.532207 	0.128621 	-1.37135 	1.36981e-06 	
4.03	0.334467 	-0.16853 	0.532181 	0.128621 	-1.37135 	1.35689e-06 	
4.035	0.334472 	-0.168526 	0.532155 	0.128621 	-1.37135 	1.34419e-06 	
4.04	0.334477 	-0.168522 	0.532129 	0.128621 	-1.37135 	1.33172e-06 	
4.045	0.334503 	-0.168485 	0.532111 	0.130157 	-1.37187 	2.13339e-06 	
4.05	0.334509 	-0.168481 	0.532086 	0.130157 	-1.37187 	2.12133e-06 	
4.055	0.334514 	-0.168477 	0.532061 	0.130157 	-1.37187 	2.1095e-06 	
4.06	0.334519 	-0.168474 	0.532037 	0.130157 	-1.37187 	2.09789e-06 	
4.065	0.334545 	-0.168436 	0.532019 	0.131676 	-1.37238 	2.16275e-06 	
4.07	0.33455 	-0.168432 	0.531995 	0.131676 	-1.37238 	2.15155e-06 	
4.075	0.334555 	-0.168429 	0.531971 	0.131676 	-1.37238 	2.14058e-06 	
4.08	0.33456 	-0.168425 	0.531948 	0.131676 	-1.37238 	2.12982e-06 	
4.085	0.334584 	-0.168389 	0.531931 	0.133141 	-1.37287 	2.04382e-06 	
4.09	0.334589 	-0.168386 	0.531908 	0.133141 	-1.37287 	2.03348e-06 	
4.095	0.334594 	-0.168383 	0.531885 	0.133141 	-1.37287 	2.02335e-06 	
4.1	0.334599 	-0.168379 	0.531862 	0.133141 	-1.37287 	2.01344e-06 	
4.105	0.334622 	-0.168345 	0.531846 	0.134548 	-1.37334 	1.89409e-06 	
4.11	0.334627 	-0.168342 	0.531824 	0.134548 	-1.37334 	1.88459e-06 	
4.115	0.334631 	-0.168339 	0.531802 	0.134548 	-1.37334 	1.8753e-06 	
4.12	0.334636 	-0.168335 	0.53178 	0.134548 	-1.37334 	1.86622e-06 	
4.125	0.334658 	-0.168302 	0.531765 	0.135896 	-1.3738 	1.74215e-06 	
4.13	0.334663 	-0.168299 	0.531744 	0.135896 	-1.3738 	1.73347e-06 	
4.135	0.334667 	-0.168296 	0.531723 	0.135896 	-1.3738 	1.725e-06 	
4.14	0.334671 	-0.168293 	0.531702 	0.135896 	-1.3738 	1.71673e-06 	
4.145	0.334693 	-0.168262 	0.531688 	0.137182 	-1.37423 	1.59226e-06 	
4.15	0.334697 	-0.168259 	0.531668 	0.137182 	-1.37423 	1.58438e-06 	
