0	0.0379102 	-0.00214206 	-0.0289631 	3.8765e-05 	-0.00184927 	3.50333e-05 	
0.005	0.185423 	-0.00882359 	-0.140811 	5.57049e-05 	-0.00893799 	0.000361082 	
0.01	0.32214 	-0.0150161 	-0.244473 	7.1405e-05 	-0.0155079 	0.000663267 	
0.015	0.44885 	-0.0207554 	-0.340547 	8.59559e-05 	-0.0215969 	0.000943335 	
0.02	0.566287 	-0.0260746 	-0.42959 	9.94414e-05 	-0.0272403 	0.0012029 	
0.025	0.675129 	-0.0310044 	-0.512115 	0.000111939 	-0.0324707 	0.00144347 	
0.03	0.776004 	-0.0355734 	-0.5886 	0.000123521 	-0.0373183 	0.00166643 	
0.035	0.869497 	-0.039808 	-0.659486 	0.000134254 	-0.0418111 	0.00187307 	
0.04	0.956148 	-0.0437326 	-0.725183 	0.000144199 	-0.0459752 	0.00206459 	
0.045	1.03646 	-0.0473699 	-0.786071 	0.000153414 	-0.0498345 	0.00224208 	
0.05	1.11089 	-0.0507409 	-0.842502 	0.000161953 	-0.0534114 	0.00240658 	
0.055	1.17987 	-0.0538652 	-0.894801 	0.000169863 	-0.0567266 	0.00255903 	
0.06	1.24381 	-0.0567607 	-0.94327 	0.000177191 	-0.0597992 	0.00270032 	
0.065	1.30249 	-0.0587096 	-0.987391 	0.000126533 	-0.0625735 	0.0029113 	
0.07	1.35742 	-0.0611966 	-1.02902 	0.00013282 	-0.065213 	0.00303265 	
0.075	1.40832 	-0.0635015 	-1.0676 	0.000138642 	-0.0676594 	0.00314511 	
0.08	1.4555 	-0.0656376 	-1.10336 	0.000144034 	-0.0699268 	0.00324934 	
0.085	1.49922 	-0.0676172 	-1.1365 	0.000149025 	-0.0720284 	0.00334593 	
0.09	1.53975 	-0.0694518 	-1.16721 	0.000153646 	-0.0739763 	0.00343544 	
0.095	1.57732 	-0.0711521 	-1.19567 	0.000157922 	-0.0757817 	0.00351839 	
0.1	1.61213 	-0.0727277 	-1.22204 	0.000161879 	-0.0774552 	0.00359526 	
0.105	1.6444 	-0.0741879 	-1.24648 	0.000165539 	-0.0790063 	0.00366649 	
0.11	1.67431 	-0.075541 	-1.26913 	0.000168924 	-0.080444 	0.0037325 	
0.115	1.70203 	-0.076795 	-1.29012 	0.000172054 	-0.0817766 	0.00379366 	
0.12	1.72772 	-0.0779571 	-1.30957 	0.000174947 	-0.0830119 	0.00385034 	
0.125	1.75154 	-0.0790339 	-1.3276 	0.00017762 	-0.084157 	0.00390285 	
0.13	1.77361 	-0.0800317 	-1.3443 	0.000180089 	-0.0852184 	0.00395151 	
0.135	1.79407 	-0.0809563 	-1.35977 	0.000182369 	-0.0862023 	0.0039966 	
0.14	1.81304 	-0.0818131 	-1.37411 	0.000184472 	-0.0871144 	0.00403837 	
0.145	1.83062 	-0.0826069 	-1.38739 	0.000186412 	-0.0879599 	0.00407707 	
0.15	1.84691 	-0.0833424 	-1.3997 	0.0001882 	-0.0887438 	0.00411292 	
0.155	1.86202 	-0.0840239 	-1.41111 	0.000189847 	-0.0894705 	0.00414613 	
0.16	1.87602 	-0.0846553 	-1.42167 	0.000191362 	-0.0901442 	0.00417689 	
0.165	1.88749 	-0.0839407 	-1.43368 	0.000253423 	-0.0907724 	0.00419622 	
0.17	1.89983 	-0.0845441 	-1.44292 	0.000251553 	-0.091364 	0.0042216 	
0.175	1.91121 	-0.0851166 	-1.45141 	0.000248958 	-0.0919118 	0.00424465 	
0.18	1.92168 	-0.0856391 	-1.45921 	0.000246877 	-0.0924168 	0.00426596 	
0.185	1.93138 	-0.086123 	-1.46643 	0.000244935 	-0.0928852 	0.0042857 	
0.19	1.94038 	-0.0865712 	-1.47313 	0.000243124 	-0.0933196 	0.00430397 	
0.195	1.94872 	-0.0869864 	-1.47932 	0.000241431 	-0.0937224 	0.00432088 	
0.2	1.95646 	-0.0873709 	-1.48506 	0.00023985 	-0.094096 	0.00433653 	
0.205	1.96363 	-0.0877269 	-1.49037 	0.00023837 	-0.0944426 	0.00435102 	
0.21	1.97028 	-0.0880566 	-1.49529 	0.000236985 	-0.0947641 	0.00436443 	
0.215	1.97645 	-0.0883619 	-1.49984 	0.000235687 	-0.0950624 	0.00437683 	
0.22	1.98217 	-0.0886445 	-1.50405 	0.000234469 	-0.0953392 	0.0043883 	
0.225	1.9859 	-0.0875645 	-1.51026 	0.000296295 	-0.0955994 	0.00438979 	
0.23	1.99112 	-0.0878724 	-1.51402 	0.000291868 	-0.0958501 	0.00439864 	
0.235	1.99592 	-0.0881708 	-1.51744 	0.000286907 	-0.0960819 	0.00440634 	
0.24	2.00028 	-0.0884391 	-1.52054 	0.000282629 	-0.0962943 	0.00441342 	
0.245	2.00433 	-0.0886874 	-1.52341 	0.000278647 	-0.0964915 	0.00441996 	
0.25	2.00809 	-0.0889172 	-1.52606 	0.000274941 	-0.0966746 	0.00442599 	
0.255	2.01157 	-0.0891298 	-1.52851 	0.000271489 	-0.0968446 	0.00443155 	
0.26	2.01481 	-0.0893264 	-1.53078 	0.000268273 	-0.0970026 	0.00443668 	
0.265	2.01781 	-0.0895083 	-1.53287 	0.000265275 	-0.0971494 	0.00444141 	
0.27	2.0206 	-0.0896765 	-1.5348 	0.000262478 	-0.0972859 	0.00444576 	
0.275	2.02148 	-0.0883914 	-1.53907 	0.000327842 	-0.0974164 	0.00444035 	
0.28	2.02422 	-0.0886076 	-1.54089 	0.000321721 	-0.0975478 	0.00444302 	
0.285	2.0267 	-0.0888213 	-1.54249 	0.000315148 	-0.0976688 	0.00444494 	
0.29	2.02891 	-0.0890102 	-1.5439 	0.000309407 	-0.0977783 	0.00444666 	
0.295	2.03097 	-0.0891849 	-1.5452 	0.000304067 	-0.0978801 	0.00444822 	
0.3	2.03288 	-0.0893463 	-1.54639 	0.000299099 	-0.097975 	0.00444964 	
0.305	2.03465 	-0.0894955 	-1.54749 	0.000294476 	-0.0980633 	0.00445092 	
0.31	2.0363 	-0.0896333 	-1.5485 	0.000290171 	-0.0981456 	0.00445207 	
0.315	2.0362 	-0.088385 	-1.55182 	0.000351418 	-0.0982258 	0.00444448 	
0.32	2.03794 	-0.0885719 	-1.55283 	0.000344137 	-0.09831 	0.00444444 	
0.325	2.03951 	-0.0887582 	-1.55369 	0.000336514 	-0.0983875 	0.00444386 	
0.33	2.04088 	-0.0889221 	-1.55442 	0.000329777 	-0.0984569 	0.00444325 	
0.335	2.04215 	-0.0890735 	-1.55508 	0.000323512 	-0.0985217 	0.00444265 	
0.34	2.04334 	-0.0892134 	-1.55569 	0.000317685 	-0.0985822 	0.00444206 	
0.345	2.04444 	-0.0893425 	-1.55624 	0.000312264 	-0.0986388 	0.00444147 	
0.35	2.04386 	-0.0881158 	-1.55909 	0.000371397 	-0.0986951 	0.0044328 	
0.355	2.04513 	-0.088294 	-1.5597 	0.0003632 	-0.098757 	0.00443127 	
0.36	2.04626 	-0.0884721 	-1.56019 	0.000354736 	-0.0988139 	0.00442931 	
0.365	2.04723 	-0.0886285 	-1.56058 	0.000347212 	-0.0988644 	0.00442741 	
0.37	2.04813 	-0.088773 	-1.56092 	0.000340216 	-0.0989116 	0.00442561 	
0.375	2.04898 	-0.0889063 	-1.56124 	0.00033371 	-0.098956 	0.00442391 	
0.38	2.04976 	-0.0890293 	-1.56151 	0.000327657 	-0.0989976 	0.00442229 	
0.385	2.04874 	-0.0876825 	-1.56432 	0.000392032 	-0.0990404 	0.00441235 	
0.39	2.04978 	-0.0878627 	-1.56472 	0.000382921 	-0.0990911 	0.00440984 	
0.395	2.05068 	-0.0880431 	-1.565 	0.00037355 	-0.0991374 	0.0044069 	
0.4	2.05143 	-0.0882006 	-1.56518 	0.00036523 	-0.0991775 	0.00440409 	
0.405	2.05213 	-0.088346 	-1.56533 	0.000357496 	-0.0992152 	0.00440144 	
0.41	2.05278 	-0.0884801 	-1.56546 	0.000350304 	-0.0992508 	0.00439894 	
0.415	2.05173 	-0.0872317 	-1.56799 	0.000409762 	-0.0992877 	0.00438907 	
0.42	2.05262 	-0.0874168 	-1.56825 	0.000399889 	-0.0993323 	0.00438584 	
0.425	2.0534 	-0.0876013 	-1.5684 	0.000389845 	-0.0993731 	0.00438226 	
0.43	2.05404 	-0.0877632 	-1.56847 	0.000380872 	-0.0994084 	0.00437885 	
0.435	2.05465 	-0.0879126 	-1.56852 	0.000372532 	-0.0994418 	0.00437564 	
0.44	2.05521 	-0.0880505 	-1.56856 	0.000364778 	-0.0994734 	0.00437262 	
0.445	2.05398 	-0.0867345 	-1.57113 	0.000427512 	-0.0995069 	0.00436228 	
0.45	2.05483 	-0.0869274 	-1.57132 	0.000416908 	-0.0995491 	0.00435855 	
0.455	2.05555 	-0.0871197 	-1.5714 	0.000406144 	-0.0995875 	0.00435444 	
0.46	2.05614 	-0.087288 	-1.5714 	0.000396535 	-0.0996204 	0.00435053 	
0.465	2.05669 	-0.0874432 	-1.57138 	0.000387605 	-0.0996516 	0.00434686 	
0.47	2.0572 	-0.0875864 	-1.57135 	0.000379303 	-0.0996811 	0.00434341 	
0.475	2.05582 	-0.0861919 	-1.57403 	0.000446014 	-0.0997131 	0.00433269 	
0.48	2.05666 	-0.0863949 	-1.57418 	0.000434644 	-0.0997549 	0.00432851 	
0.485	2.05739 	-0.0866346 	-1.57426 	0.000426048 	-0.0997963 	0.00431979 	
0.49	2.05795 	-0.0868111 	-1.57421 	0.000415775 	-0.0998283 	0.00431543 	
0.495	2.05848 	-0.086974 	-1.57414 	0.000406229 	-0.0998586 	0.00431133 	
0.5	2.05729 	-0.0857634 	-1.5765 	0.000464088 	-0.0998907 	0.00430123 	
0.505	2.05808 	-0.0859739 	-1.57659 	0.000452108 	-0.0999311 	0.00429659 	
0.51	2.05876 	-0.0861821 	-1.57658 	0.000440091 	-0.0999681 	0.00429165 	
0.515	2.05931 	-0.0863656 	-1.57649 	0.000429299 	-0.0999999 	0.00428695 	
0.52	2.05983 	-0.0865349 	-1.5764 	0.00041927 	-0.10003 	0.00428254 	
0.525	2.05859 	-0.0852978 	-1.57881 	0.000478652 	-0.100062 	0.0042724 	
0.53	2.05939 	-0.0855163 	-1.57888 	0.000466123 	-0.100103 	0.00426745 	
0.535	2.06007 	-0.0857321 	-1.57885 	0.000453573 	-0.100141 	0.00426219 	
0.54	2.06062 	-0.0859222 	-1.57874 	0.000442303 	-0.100173 	0.00425719 	
0.545	2.06114 	-0.0860975 	-1.57863 	0.000431832 	-0.100203 	0.0042525 	
0.55	2.05983 	-0.0848159 	-1.58112 	0.000493691 	-0.100236 	0.00424231 	
0.555	2.06065 	-0.0850431 	-1.58118 	0.000480588 	-0.100278 	0.00423707 	
0.56	2.06135 	-0.0852674 	-1.58114 	0.000467472 	-0.100316 	0.00423148 	
0.565	2.06191 	-0.0854648 	-1.58102 	0.000455703 	-0.100349 	0.00422617 	
0.57	2.06244 	-0.0856468 	-1.58089 	0.000444769 	-0.10038 	0.0042212 	
0.575	2.06106 	-0.0843214 	-1.58347 	0.000509125 	-0.100413 	0.00421102 	
0.58	2.06191 	-0.084558 	-1.58353 	0.000495425 	-0.100457 	0.00420548 	
0.585	2.06263 	-0.0847914 	-1.58348 	0.000481722 	-0.100496 	0.00419957 	
0.59	2.06319 	-0.0849965 	-1.58334 	0.000469434 	-0.100529 	0.00419395 	
0.595	2.06373 	-0.0851857 	-1.5832 	0.000458019 	-0.100561 	0.00418868 	
0.6	2.06229 	-0.0838191 	-1.58587 	0.000524805 	-0.100595 	0.00417857 	
0.605	2.06317 	-0.0840654 	-1.58593 	0.000510495 	-0.10064 	0.00417273 	
0.61	2.06391 	-0.0843081 	-1.58587 	0.000496192 	-0.100681 	0.00416649 	
0.615	2.06449 	-0.0845214 	-1.58572 	0.000483373 	-0.100715 	0.00416055 	
0.62	2.06338 	-0.0834209 	-1.58795 	0.000537003 	-0.10075 	0.00415105 	
0.625	2.06422 	-0.0836733 	-1.58795 	0.000522216 	-0.100794 	0.00414478 	
0.63	2.06494 	-0.0839202 	-1.58787 	0.000507586 	-0.100835 	0.00413827 	
0.635	2.06554 	-0.0841395 	-1.58771 	0.000494371 	-0.10087 	0.00413209 	
0.64	2.06443 	-0.0830439 	-1.58994 	0.000548025 	-0.100906 	0.00412274 	
0.645	2.06528 	-0.083302 	-1.58994 	0.000532862 	-0.100951 	0.00411626 	
0.65	2.06602 	-0.0835542 	-1.58985 	0.000517874 	-0.100992 	0.00410951 	
0.655	2.06663 	-0.0837783 	-1.58969 	0.000504332 	-0.101028 	0.00410312 	
0.66	2.06549 	-0.0826633 	-1.59197 	0.000559278 	-0.101065 	0.00409392 	
0.665	2.06636 	-0.0829274 	-1.59197 	0.000543723 	-0.101111 	0.00408722 	
0.67	2.06712 	-0.0831855 	-1.59188 	0.00052835 	-0.101152 	0.00408025 	
0.675	2.06774 	-0.0834147 	-1.59171 	0.000514465 	-0.101189 	0.00407364 	
0.68	2.06657 	-0.0822792 	-1.59405 	0.000570776 	-0.101227 	0.00406461 	
0.685	2.06747 	-0.0825498 	-1.59405 	0.000554809 	-0.101274 	0.00405768 	
0.69	2.06824 	-0.0828141 	-1.59395 	0.000539032 	-0.101316 	0.00405047 	
0.695	2.06887 	-0.0830487 	-1.59378 	0.000524787 	-0.101354 	0.00404363 	
0.7	2.06767 	-0.0818942 	-1.59617 	0.000582422 	-0.101392 	0.00403478 	
0.705	2.06859 	-0.0821714 	-1.59617 	0.000566029 	-0.10144 	0.00402762 	
0.71	2.06938 	-0.0824421 	-1.59607 	0.000549834 	-0.101484 	0.00402016 	
0.715	2.07002 	-0.0826824 	-1.59589 	0.000535217 	-0.101522 	0.00401308 	
0.72	2.0688 	-0.0815103 	-1.59834 	0.000594129 	-0.101562 	0.00400444 	
0.725	2.06974 	-0.0817943 	-1.59834 	0.0005773 	-0.101611 	0.00399705 	
0.73	2.07054 	-0.0820716 	-1.59824 	0.000560679 	-0.101655 	0.00398933 	
0.735	2.0712 	-0.0823175 	-1.59805 	0.000545681 	-0.101694 	0.00398199 	
0.74	2.06995 	-0.0811292 	-1.60055 	0.000605825 	-0.101734 	0.0039736 	
0.745	2.07091 	-0.0814201 	-1.60055 	0.000588555 	-0.101784 	0.00396596 	
0.75	2.07173 	-0.0817041 	-1.60045 	0.000571503 	-0.10183 	0.00395798 	
0.755	2.0724 	-0.0819558 	-1.60026 	0.00055612 	-0.101869 	0.00395039 	
0.76	2.07112 	-0.0807527 	-1.6028 	0.000617452 	-0.10191 	0.00394227 	
0.765	2.0721 	-0.0810505 	-1.60281 	0.000599738 	-0.101962 	0.00393438 	
0.77	2.07294 	-0.0813411 	-1.60271 	0.000582253 	-0.102008 	0.00392613 	
0.775	2.07363 	-0.0815986 	-1.60251 	0.000566484 	-0.102048 	0.00391829 	
0.78	2.07232 	-0.0803821 	-1.6051 	0.000628961 	-0.10209 	0.00391046 	
0.785	2.07332 	-0.0806867 	-1.60511 	0.000610804 	-0.102143 	0.00390233 	
0.79	2.07418 	-0.0809839 	-1.605 	0.000592886 	-0.10219 	0.0038938 	
0.795	2.07487 	-0.0812472 	-1.6048 	0.000576729 	-0.102231 	0.0038857 	
0.8	2.07354 	-0.0800185 	-1.60744 	0.000640312 	-0.102273 	0.00387821 	
0.805	2.07456 	-0.0803299 	-1.60745 	0.000621713 	-0.102327 	0.00386982 	
0.81	2.07544 	-0.0806336 	-1.60734 	0.000603363 	-0.102375 	0.00386102 	
0.815	2.07615 	-0.0809027 	-1.60713 	0.000586821 	-0.102416 	0.00385265 	
0.82	2.07479 	-0.0796631 	-1.60982 	0.000651467 	-0.10246 	0.00384552 	
0.825	2.07583 	-0.0799812 	-1.60983 	0.000632429 	-0.102514 	0.00383687 	
0.83	2.07672 	-0.0802914 	-1.60972 	0.000613652 	-0.102563 	0.0038278 	
0.835	2.07744 	-0.0805661 	-1.60951 	0.000596727 	-0.102605 	0.00381917 	
0.84	2.07606 	-0.0793169 	-1.61224 	0.000662396 	-0.102649 	0.00381242 	
0.845	2.07712 	-0.0796416 	-1.61225 	0.000642924 	-0.102705 	0.00380353 	
0.85	2.07803 	-0.0799581 	-1.61214 	0.000623722 	-0.102755 	0.00379418 	
0.855	2.07875 	-0.0802384 	-1.61192 	0.000606418 	-0.102797 	0.00378527 	
0.86	2.07735 	-0.0789809 	-1.61469 	0.000673069 	-0.102842 	0.00377895 	
0.865	2.07869 	-0.0796448 	-1.61508 	0.000678942 	-0.102932 	0.0037321 	
0.87	2.07961 	-0.0799675 	-1.61497 	0.000659322 	-0.102982 	0.00372247 	
0.875	2.08035 	-0.0802533 	-1.61475 	0.000641643 	-0.103026 	0.0037133 	
0.88	2.07892 	-0.0789884 	-1.61756 	0.000709206 	-0.103071 	0.00370739 	
0.885	2.08002 	-0.079326 	-1.61758 	0.000688881 	-0.103128 	0.00369798 	
0.89	2.08095 	-0.0796549 	-1.61746 	0.000668847 	-0.10318 	0.00368808 	
0.895	2.08002 	-0.0787542 	-1.61961 	0.000716731 	-0.103226 	0.00368119 	
0.9	2.08104 	-0.0790953 	-1.61954 	0.000696043 	-0.103281 	0.00367119 	
0.905	2.08194 	-0.0794248 	-1.61939 	0.000675872 	-0.103331 	0.00366101 	
0.91	2.0827 	-0.0797199 	-1.61917 	0.000657553 	-0.103376 	0.00365139 	
0.915	2.08128 	-0.0784799 	-1.62198 	0.00072475 	-0.103422 	0.00364625 	
0.92	2.08241 	-0.0788258 	-1.62199 	0.00070383 	-0.103481 	0.00363643 	
0.925	2.08336 	-0.0791625 	-1.62187 	0.00068323 	-0.103533 	0.00362611 	
0.93	2.0824 	-0.07826 	-1.62406 	0.000732007 	-0.10358 	0.00361983 	
0.935	2.08345 	-0.0786095 	-1.624 	0.00071072 	-0.103636 	0.00360942 	
0.94	2.08437 	-0.0789471 	-1.62385 	0.000689969 	-0.103688 	0.00359882 	
0.945	2.08345 	-0.078076 	-1.62599 	0.000737334 	-0.103736 	0.0035927 	
0.95	2.0845 	-0.0784278 	-1.62593 	0.000715855 	-0.103792 	0.00358212 	
0.955	2.08542 	-0.0787674 	-1.62577 	0.000694936 	-0.103843 	0.00357137 	
0.96	2.0845 	-0.0778978 	-1.62793 	0.000742568 	-0.103892 	0.00356556 	
0.965	2.08556 	-0.0782521 	-1.62787 	0.0007209 	-0.103948 	0.00355483 	
0.97	2.08649 	-0.0785941 	-1.62771 	0.000699795 	-0.104 	0.00354393 	
0.975	2.08556 	-0.0777238 	-1.62989 	0.000747831 	-0.104049 	0.00353844 	
0.98	2.08662 	-0.0780807 	-1.62983 	0.00072596 	-0.104106 	0.00352757 	
0.985	2.08756 	-0.0784253 	-1.62967 	0.000704656 	-0.104158 	0.00351651 	
0.99	2.08663 	-0.0775548 	-1.63186 	0.000753079 	-0.104207 	0.00351135 	
0.995	2.0877 	-0.0779146 	-1.6318 	0.000730994 	-0.104264 	0.00350032 	
1	2.08864 	-0.0782619 	-1.63165 	0.00070948 	-0.104316 	0.0034891 	
1.005	2.0877 	-0.0773918 	-1.63386 	0.00075826 	-0.104366 	0.00348426 	
1.01	2.08877 	-0.0777546 	-1.6338 	0.000735953 	-0.104423 	0.00347308 	
1.015	2.08973 	-0.0781047 	-1.63364 	0.000714224 	-0.104476 	0.00346168 	
1.02	2.08877 	-0.0772358 	-1.63587 	0.000763332 	-0.104526 	0.00345718 	
1.025	2.08986 	-0.0776015 	-1.63581 	0.000740798 	-0.104584 	0.00344582 	
1.03	2.09082 	-0.0779546 	-1.63565 	0.000718848 	-0.104637 	0.00343425 	
1.035	2.08986 	-0.0770873 	-1.63789 	0.000768258 	-0.104687 	0.00343009 	
1.04	2.09095 	-0.0774561 	-1.63783 	0.000745496 	-0.104745 	0.00341857 	
1.045	2.09191 	-0.0778121 	-1.63767 	0.000723322 	-0.104798 	0.00340682 	
1.05	2.09095 	-0.0769471 	-1.63993 	0.00077301 	-0.104848 	0.003403 	
1.055	2.09204 	-0.077319 	-1.63987 	0.000750017 	-0.104907 	0.0033913 	
1.06	2.09301 	-0.0776779 	-1.63971 	0.000727619 	-0.104961 	0.00337938 	
1.065	2.09204 	-0.0768157 	-1.64197 	0.000777561 	-0.105011 	0.0033759 	
1.07	2.09315 	-0.0771906 	-1.64191 	0.000754338 	-0.10507 	0.00336404 	
1.075	2.09412 	-0.0775525 	-1.64176 	0.000731716 	-0.105124 	0.00335194 	
1.08	2.09314 	-0.0766936 	-1.64403 	0.00078189 	-0.105174 	0.00334881 	
1.085	2.09425 	-0.0770714 	-1.64397 	0.000758439 	-0.105234 	0.00333677 	
1.09	2.09523 	-0.0774362 	-1.64381 	0.000735596 	-0.105288 	0.00332449 	
1.095	2.09424 	-0.076581 	-1.6461 	0.000785979 	-0.105338 	0.00332173 	
1.1	2.09536 	-0.0769618 	-1.64604 	0.000762302 	-0.105398 	0.00330952 	
1.105	2.09634 	-0.0773294 	-1.64588 	0.00073924 	-0.105452 	0.00329706 	
1.11	2.09535 	-0.0764785 	-1.64818 	0.000789813 	-0.105503 	0.00329466 	
1.115	2.09647 	-0.0768622 	-1.64812 	0.000765914 	-0.105563 	0.00328228 	
1.12	2.09746 	-0.0772324 	-1.64796 	0.000742636 	-0.105618 	0.00326965 	
1.125	2.09646 	-0.0763863 	-1.65027 	0.000793377 	-0.105669 	0.00326762 	
1.13	2.09759 	-0.0767727 	-1.65021 	0.00076926 	-0.105729 	0.00325507 	
1.135	2.09858 	-0.0771456 	-1.65005 	0.000745771 	-0.105784 	0.00324227 	
1.14	2.09758 	-0.0763046 	-1.65236 	0.00079666 	-0.105835 	0.00324061 	
1.145	2.09871 	-0.0766937 	-1.6523 	0.000772329 	-0.105895 	0.0032279 	
1.15	2.09971 	-0.0770692 	-1.65214 	0.000748633 	-0.10595 	0.00321492 	
1.155	2.0987 	-0.0762337 	-1.65446 	0.00079965 	-0.106001 	0.00321364 	
1.16	2.09983 	-0.0766254 	-1.6544 	0.000775112 	-0.106061 	0.00320076 	
1.165	2.10083 	-0.0770034 	-1.65424 	0.000751214 	-0.106117 	0.00318762 	
1.17	2.09982 	-0.0761738 	-1.65657 	0.00080234 	-0.106168 	0.00318672 	
1.175	2.10095 	-0.076568 	-1.65651 	0.000777599 	-0.106228 	0.00317368 	
1.18	2.10196 	-0.0769484 	-1.65634 	0.000753505 	-0.106284 	0.00316037 	
1.185	2.10094 	-0.0761251 	-1.65868 	0.00080472 	-0.106335 	0.00315986 	
1.19	2.10208 	-0.0765217 	-1.65862 	0.000779783 	-0.106396 	0.00314667 	
1.195	2.10308 	-0.0769044 	-1.65845 	0.000755499 	-0.106451 	0.00313319 	
1.2	2.10206 	-0.0760878 	-1.66079 	0.000806784 	-0.106503 	0.00313308 	
1.205	2.1032 	-0.0764866 	-1.66073 	0.000781656 	-0.106563 	0.00311973 	
1.21	2.10421 	-0.0768714 	-1.66057 	0.000757188 	-0.106619 	0.00310609 	
1.215	2.10318 	-0.0760619 	-1.66291 	0.000808523 	-0.10667 	0.00310637 	
1.22	2.10433 	-0.0764629 	-1.66285 	0.000783213 	-0.106731 	0.00309287 	
1.225	2.10564 	-0.0772396 	-1.66313 	0.000788409 	-0.106826 	0.00303372 	
1.23	2.10461 	-0.0764373 	-1.66548 	0.000839747 	-0.106877 	0.00303437 	
1.235	2.10575 	-0.0768404 	-1.66542 	0.00081426 	-0.106938 	0.00302072 	
1.24	2.10676 	-0.0772292 	-1.66525 	0.000789443 	-0.106994 	0.00300678 	
1.245	2.10573 	-0.0764346 	-1.6676 	0.000840792 	-0.107045 	0.00300783 	
1.25	2.10688 	-0.0768395 	-1.66754 	0.000815136 	-0.107106 	0.00299404 	
1.255	2.10789 	-0.0772302 	-1.66737 	0.000790155 	-0.107162 	0.00297995 	
1.26	2.10685 	-0.0764436 	-1.66972 	0.000841498 	-0.107214 	0.0029814 	
1.265	2.108 	-0.0768504 	-1.66966 	0.00081568 	-0.107275 	0.00296747 	
1.27	2.10901 	-0.0772427 	-1.66949 	0.000790543 	-0.10733 	0.00295323 	
1.275	2.10797 	-0.0764645 	-1.67184 	0.00084186 	-0.107382 	0.00295509 	
1.28	2.10912 	-0.0768729 	-1.67178 	0.000815888 	-0.107443 	0.00294102 	
1.285	2.11013 	-0.0772668 	-1.67161 	0.000790601 	-0.107498 	0.00292665 	
1.29	2.1091 	-0.0764973 	-1.67396 	0.000841873 	-0.10755 	0.00292892 	
1.295	2.11024 	-0.0769071 	-1.6739 	0.000815755 	-0.107611 	0.00291471 	
1.3	2.11125 	-0.0773025 	-1.67373 	0.000790327 	-0.107666 	0.00290021 	
1.305	2.11021 	-0.0765419 	-1.67608 	0.000841535 	-0.107717 	0.00290288 	
1.31	2.11136 	-0.0769532 	-1.67601 	0.00081528 	-0.107778 	0.00288855 	
1.315	2.11237 	-0.0773498 	-1.67584 	0.000789718 	-0.107834 	0.00287392 	
1.32	2.11133 	-0.0765985 	-1.67819 	0.000840843 	-0.107885 	0.00287699 	
1.325	2.11248 	-0.0770109 	-1.67813 	0.000814458 	-0.107946 	0.00286254 	
1.33	2.11349 	-0.0774088 	-1.67796 	0.000788771 	-0.108001 	0.00284778 	
1.335	2.11244 	-0.0766669 	-1.6803 	0.000839794 	-0.108053 	0.00285127 	
1.34	2.11359 	-0.0770805 	-1.68023 	0.000813288 	-0.108113 	0.0028367 	
1.345	2.1146 	-0.0774794 	-1.68006 	0.000787484 	-0.108168 	0.00282182 	
1.35	2.11356 	-0.0767473 	-1.6824 	0.000838386 	-0.10822 	0.00282571 	
1.355	2.1147 	-0.0771618 	-1.68234 	0.000811768 	-0.10828 	0.00281103 	
1.36	2.1157 	-0.0775616 	-1.68217 	0.000785855 	-0.108335 	0.00279604 	
1.365	2.11466 	-0.0768394 	-1.6845 	0.000836618 	-0.108386 	0.00280032 	
1.37	2.1158 	-0.0772548 	-1.68444 	0.000809896 	-0.108447 	0.00278554 	
1.375	2.11681 	-0.0776553 	-1.68426 	0.000783883 	-0.108502 	0.00277044 	
1.38	2.11577 	-0.0769434 	-1.68659 	0.000834489 	-0.108553 	0.00277513 	
1.385	2.1169 	-0.0773594 	-1.68653 	0.000807673 	-0.108613 	0.00276024 	
1.39	2.1179 	-0.0777606 	-1.68636 	0.000781568 	-0.108668 	0.00274504 	
1.395	2.11686 	-0.0770591 	-1.68868 	0.000831997 	-0.108718 	0.00275012 	
1.4	2.118 	-0.0774756 	-1.68861 	0.000805096 	-0.108778 	0.00273514 	
1.405	2.11899 	-0.0778773 	-1.68844 	0.000778909 	-0.108833 	0.00271985 	
1.41	2.11796 	-0.0771864 	-1.69075 	0.000829142 	-0.108883 	0.00272532 	
1.415	2.11909 	-0.0776033 	-1.69069 	0.000802166 	-0.108943 	0.00271025 	
1.42	2.12008 	-0.0780053 	-1.69051 	0.000775906 	-0.108998 	0.00269487 	
1.425	2.11905 	-0.0773253 	-1.69282 	0.000825925 	-0.109048 	0.00270072 	
1.43	2.12017 	-0.0777424 	-1.69275 	0.000798883 	-0.109108 	0.00268557 	
1.435	2.12116 	-0.0781446 	-1.69258 	0.000772559 	-0.109162 	0.0026701 	
1.44	2.12013 	-0.0774755 	-1.69488 	0.000822346 	-0.109212 	0.00267635 	
1.445	2.12125 	-0.0778927 	-1.69481 	0.000795247 	-0.109271 	0.00266111 	
1.45	2.12224 	-0.078295 	-1.69464 	0.000768869 	-0.109325 	0.00264557 	
1.455	2.12121 	-0.0776371 	-1.69692 	0.000818406 	-0.109375 	0.00265219 	
1.46	2.12232 	-0.0780542 	-1.69686 	0.000791261 	-0.109434 	0.00263688 	
1.465	2.1233 	-0.0784564 	-1.69668 	0.000764838 	-0.109488 	0.00262127 	
1.47	2.12228 	-0.0778098 	-1.69896 	0.000814106 	-0.109537 	0.00262826 	
1.475	2.12339 	-0.0782267 	-1.69889 	0.000786924 	-0.109596 	0.00261289 	
1.48	2.12436 	-0.0786287 	-1.69872 	0.000760467 	-0.109649 	0.00259722 	
1.485	2.12334 	-0.0779935 	-1.70098 	0.000809448 	-0.109699 	0.00260457 	
1.49	2.12444 	-0.07841 	-1.70091 	0.00078224 	-0.109757 	0.00258914 	
1.495	2.12542 	-0.0788116 	-1.70074 	0.000755757 	-0.10981 	0.00257341 	
1.5	2.1244 	-0.0781879 	-1.70299 	0.000804434 	-0.109859 	0.00258111 	
1.505	2.1255 	-0.0786039 	-1.70292 	0.000777211 	-0.109917 	0.00256563 	
1.51	2.12646 	-0.079005 	-1.70275 	0.000750713 	-0.10997 	0.00254986 	
1.515	2.12545 	-0.078393 	-1.70499 	0.000799067 	-0.110019 	0.00255791 	
1.52	2.12654 	-0.0788083 	-1.70492 	0.000771838 	-0.110076 	0.00254238 	
1.525	2.1275 	-0.0792087 	-1.70475 	0.000745336 	-0.110129 	0.00252657 	
1.53	2.12649 	-0.0786086 	-1.70697 	0.000793349 	-0.110177 	0.00253495 	
1.535	2.12757 	-0.079023 	-1.7069 	0.000766126 	-0.110234 	0.00251939 	
1.54	2.12853 	-0.0794225 	-1.70673 	0.000739629 	-0.110287 	0.00250354 	
1.545	2.12753 	-0.0788343 	-1.70894 	0.000787284 	-0.110335 	0.00251226 	
1.55	2.1286 	-0.0792477 	-1.70886 	0.000760077 	-0.110391 	0.00249666 	
1.555	2.12955 	-0.0796463 	-1.70869 	0.000733597 	-0.110443 	0.00248079 	
1.56	2.12855 	-0.07907 	-1.71089 	0.000780876 	-0.110491 	0.00248982 	
1.565	2.12962 	-0.0794822 	-1.71081 	0.000753696 	-0.110547 	0.0024742 	
1.57	2.13056 	-0.0798796 	-1.71064 	0.000727243 	-0.110599 	0.00245831 	
1.575	2.12957 	-0.0793154 	-1.71282 	0.000774128 	-0.110646 	0.00246765 	
1.58	2.13058 	-0.0796611 	-1.71267 	0.000742085 	-0.110696 	0.00245975 	
1.585	2.13152 	-0.0800573 	-1.7125 	0.000715669 	-0.110746 	0.00244385 	
1.59	2.13053 	-0.0795051 	-1.71466 	0.000762148 	-0.110793 	0.00245349 	
1.595	2.13158 	-0.0799145 	-1.71458 	0.000735057 	-0.110849 	0.00243784 	
1.6	2.13251 	-0.0803093 	-1.71442 	0.00070869 	-0.110899 	0.00242194 	
1.605	2.13153 	-0.0797692 	-1.71655 	0.000754742 	-0.110946 	0.00243186 	
1.61	2.13257 	-0.0801769 	-1.71648 	0.000727711 	-0.111001 	0.00241622 	
1.615	2.13349 	-0.0805701 	-1.71631 	0.000701404 	-0.111051 	0.00240032 	
1.62	2.13252 	-0.0800422 	-1.71843 	0.000747011 	-0.111097 	0.00241052 	
1.625	2.13355 	-0.0804481 	-1.71836 	0.000720053 	-0.111152 	0.00239487 	
1.63	2.13447 	-0.0808395 	-1.71819 	0.000693816 	-0.111201 	0.00237898 	
1.635	2.13525 	-0.0811897 	-1.71794 	0.000670018 	-0.111245 	0.00236404 	
1.64	2.13373 	-0.080389 	-1.72075 	0.000737485 	-0.11129 	0.00238327 	
1.645	2.13484 	-0.0807935 	-1.72076 	0.000710735 	-0.111347 	0.00236836 	
1.65	2.13578 	-0.0811874 	-1.72063 	0.000684365 	-0.111398 	0.00235259 	
1.655	2.13478 	-0.0806627 	-1.72277 	0.000730921 	-0.111443 	0.00236411 	
1.66	2.13579 	-0.0810671 	-1.7227 	0.000703966 	-0.111496 	0.00234841 	
1.665	2.13669 	-0.0814575 	-1.72253 	0.000677708 	-0.111545 	0.00233244 	
1.67	2.13746 	-0.0818065 	-1.72229 	0.000653901 	-0.111588 	0.00231742 	
1.675	2.13597 	-0.0810447 	-1.72503 	0.000719837 	-0.111632 	0.00233728 	
1.68	2.13705 	-0.0814465 	-1.72503 	0.000693156 	-0.111688 	0.00232229 	
1.685	2.13797 	-0.0818378 	-1.7249 	0.000666859 	-0.111737 	0.00230648 	
1.69	2.13872 	-0.0821843 	-1.72465 	0.000643166 	-0.111779 	0.00229147 	
1.695	2.13721 	-0.0814221 	-1.72742 	0.000710003 	-0.111822 	0.00231239 	
1.7	2.13828 	-0.0818232 	-1.72743 	0.000683333 	-0.111878 	0.00229739 	
1.705	2.13919 	-0.0822138 	-1.7273 	0.000657027 	-0.111927 	0.00228154 	
1.71	2.13994 	-0.0825597 	-1.72705 	0.000633334 	-0.111968 	0.00226649 	
1.715	2.13844 	-0.0818202 	-1.72977 	0.000699201 	-0.112011 	0.00228769 	
1.72	2.13949 	-0.0822196 	-1.72978 	0.000672583 	-0.112065 	0.00227266 	
1.725	2.14039 	-0.0826086 	-1.72965 	0.000646332 	-0.112114 	0.00225679 	
1.73	2.14113 	-0.0829531 	-1.7294 	0.000622685 	-0.112155 	0.00224174 	
1.735	2.13965 	-0.082238 	-1.73208 	0.000687388 	-0.112197 	0.00226313 	
1.74	2.14069 	-0.0826348 	-1.73208 	0.000660881 	-0.11225 	0.00224808 	
1.745	2.14157 	-0.0830214 	-1.73195 	0.000634744 	-0.112298 	0.00223224 	
1.75	2.1423 	-0.0833638 	-1.73171 	0.000611193 	-0.112338 	0.00221723 	
1.755	2.14085 	-0.0826728 	-1.73434 	0.0006747 	-0.112379 	0.00223878 	
1.76	2.14186 	-0.0830664 	-1.73433 	0.000648354 	-0.112432 	0.00222376 	
1.765	2.14273 	-0.0834497 	-1.7342 	0.00062238 	-0.112479 	0.00220798 	
1.77	2.14345 	-0.0837894 	-1.73396 	0.00059897 	-0.112519 	0.00219303 	
1.775	2.14202 	-0.0831222 	-1.73654 	0.000661259 	-0.112559 	0.00221472 	
1.78	2.14302 	-0.0835118 	-1.73654 	0.00063512 	-0.112611 	0.00219977 	
1.785	2.14388 	-0.0838913 	-1.73641 	0.000609349 	-0.112657 	0.00218407 	
1.79	2.14458 	-0.0842278 	-1.73617 	0.000586119 	-0.112696 	0.00216922 	
1.795	2.14318 	-0.0835839 	-1.7387 	0.000647166 	-0.112736 	0.00219101 	
1.8	2.14416 	-0.0839691 	-1.73869 	0.000621269 	-0.112787 	0.00217615 	
1.805	2.145 	-0.0843443 	-1.73856 	0.00059574 	-0.112832 	0.00216057 	
1.81	2.14569 	-0.0846771 	-1.73833 	0.000572723 	-0.11287 	0.00214583 	
1.815	2.14432 	-0.0840563 	-1.74081 	0.000632498 	-0.112909 	0.00216769 	
1.82	2.14527 	-0.0844365 	-1.7408 	0.000606879 	-0.112959 	0.00215294 	
1.825	2.1461 	-0.084807 	-1.74066 	0.000581624 	-0.113003 	0.00213749 	
1.83	2.14678 	-0.0851356 	-1.74044 	0.00055885 	-0.113041 	0.0021229 	
1.835	2.14543 	-0.0845377 	-1.74286 	0.000617323 	-0.113079 	0.00214479 	
1.84	2.14637 	-0.0849125 	-1.74285 	0.000592012 	-0.113128 	0.00213017 	
1.845	2.14717 	-0.0852778 	-1.74272 	0.000567061 	-0.113171 	0.00211488 	
1.85	2.14784 	-0.085602 	-1.7425 	0.000544557 	-0.113208 	0.00210046 	
1.855	2.14653 	-0.0850266 	-1.74487 	0.000601694 	-0.113246 	0.00212233 	
1.86	2.14744 	-0.0853957 	-1.74485 	0.00057672 	-0.113293 	0.00210786 	
1.865	2.14823 	-0.0857554 	-1.74472 	0.000552102 	-0.113335 	0.00209275 	
1.87	2.14889 	-0.0860748 	-1.7445 	0.000529893 	-0.113372 	0.00207851 	
1.875	2.1476 	-0.0855218 	-1.74682 	0.000585661 	-0.113408 	0.00210033 	
1.88	2.14849 	-0.0858847 	-1.7468 	0.000561051 	-0.113455 	0.00208602 	
1.885	2.14926 	-0.0862385 	-1.74667 	0.000536791 	-0.113496 	0.00207111 	
1.89	2.14991 	-0.0865528 	-1.74646 	0.000514901 	-0.113532 	0.00205706 	
1.895	2.14865 	-0.0860219 	-1.74872 	0.000569267 	-0.113568 	0.00207879 	
1.9	2.14952 	-0.0863783 	-1.7487 	0.000545045 	-0.113613 	0.00206466 	
1.905	2.15028 	-0.0867259 	-1.74857 	0.000521169 	-0.113653 	0.00204997 	
1.91	2.15091 	-0.0870347 	-1.74836 	0.000499621 	-0.113688 	0.00203614 	
1.915	2.14969 	-0.0865257 	-1.75056 	0.000552549 	-0.113723 	0.00205772 	
1.92	2.15053 	-0.0868754 	-1.75054 	0.000528741 	-0.113767 	0.00204379 	
1.925	2.15127 	-0.0872164 	-1.75042 	0.000505272 	-0.113806 	0.00202933 	
1.93	2.15188 	-0.0875195 	-1.75021 	0.000484088 	-0.11384 	0.00201573 	
1.935	2.15069 	-0.0870321 	-1.75235 	0.000535545 	-0.113875 	0.00203711 	
1.94	2.15151 	-0.0873747 	-1.75233 	0.000512174 	-0.113917 	0.0020234 	
1.945	2.15223 	-0.0877089 	-1.75221 	0.000489136 	-0.113956 	0.00200919 	
1.95	2.15283 	-0.088006 	-1.75201 	0.000468336 	-0.113989 	0.00199583 	
1.955	2.1534 	-0.0882784 	-1.75181 	0.000449157 	-0.11402 	0.00198343 	
1.96	2.15191 	-0.0877247 	-1.75451 	0.000522929 	-0.114063 	0.00200136 	
1.965	2.15276 	-0.0880596 	-1.75454 	0.000500177 	-0.114106 	0.00198847 	
1.97	2.15349 	-0.0883894 	-1.75445 	0.000477468 	-0.114145 	0.00197463 	
1.975	2.15407 	-0.08868 	-1.75426 	0.000457087 	-0.114177 	0.00196151 	
1.98	2.15462 	-0.0889465 	-1.75406 	0.000438295 	-0.114207 	0.00194934 	
1.985	2.15308 	-0.088315 	-1.7566 	0.000503937 	-0.114238 	0.00197905 	
1.99	2.1539 	-0.0886433 	-1.75663 	0.0004816 	-0.114281 	0.00196636 	
1.995	2.15461 	-0.0889668 	-1.75654 	0.000459289 	-0.114318 	0.00195274 	
2	2.15517 	-0.0892519 	-1.75635 	0.000439265 	-0.114349 	0.00193984 	
2.005	2.1557 	-0.0895134 	-1.75616 	0.000420802 	-0.114378 	0.00192787 	
2.01	2.15423 	-0.0889174 	-1.7586 	0.000483816 	-0.114409 	0.00195689 	
2.015	2.15501 	-0.0892376 	-1.75862 	0.000461974 	-0.11445 	0.0019444 	
2.02	2.15569 	-0.0895533 	-1.75853 	0.000440165 	-0.114486 	0.00193104 	
2.025	2.15624 	-0.0898318 	-1.75835 	0.000420579 	-0.114516 	0.00191843 	
2.03	2.15676 	-0.0900872 	-1.75817 	0.00040252 	-0.114544 	0.00190672 	
2.035	2.15534 	-0.0895272 	-1.76051 	0.000462729 	-0.114573 	0.0019349 	
2.04	2.1561 	-0.0898382 	-1.76052 	0.000441469 	-0.114612 	0.00192267 	
2.045	2.15675 	-0.0901448 	-1.76043 	0.000420246 	-0.114647 	0.00190965 	
2.05	2.15728 	-0.0904157 	-1.76026 	0.000401175 	-0.114676 	0.00189736 	
2.055	2.15777 	-0.0906641 	-1.76008 	0.000383591 	-0.114703 	0.00188596 	
2.06	2.15642 	-0.0901392 	-1.76231 	0.000440953 	-0.114732 	0.00191325 	
2.065	2.15714 	-0.09044 	-1.76232 	0.000420345 	-0.114769 	0.00190132 	
2.07	2.15777 	-0.0907366 	-1.76223 	0.000399777 	-0.114802 	0.00188867 	
2.075	2.15828 	-0.090999 	-1.76207 	0.000381283 	-0.11483 	0.00187677 	
2.08	2.15876 	-0.0912395 	-1.7619 	0.000364231 	-0.114856 	0.00186572 	
2.085	2.15921 	-0.0914599 	-1.76173 	0.000348514 	-0.114881 	0.00185547 	
2.09	2.15761 	-0.0908284 	-1.76425 	0.000416381 	-0.114907 	0.00188895 	
2.095	2.15833 	-0.0911178 	-1.7643 	0.000396623 	-0.114945 	0.00187785 	
2.1	2.15895 	-0.0914058 	-1.76424 	0.000376675 	-0.114977 	0.00186571 	
2.105	2.15943 	-0.0916586 	-1.76408 	0.000358829 	-0.115003 	0.00185421 	
2.11	2.15989 	-0.0918905 	-1.76392 	0.000342374 	-0.115029 	0.00184355 	
2.115	2.16032 	-0.092103 	-1.76376 	0.000327207 	-0.115052 	0.00183365 	
2.12	2.15878 	-0.0915094 	-1.76616 	0.000391973 	-0.115077 	0.00186612 	
2.125	2.15947 	-0.0917874 	-1.76621 	0.000372956 	-0.115112 	0.00185537 	
2.13	2.16005 	-0.0920643 	-1.76614 	0.000353748 	-0.115143 	0.00184365 	
2.135	2.16052 	-0.0923077 	-1.766 	0.000336555 	-0.115168 	0.00183258 	
2.14	2.16095 	-0.092531 	-1.76585 	0.0003207 	-0.115192 	0.00182231 	
2.145	2.16136 	-0.0927356 	-1.76569 	0.000306084 	-0.115215 	0.00181278 	
2.15	2.15993 	-0.0921925 	-1.76794 	0.000366364 	-0.115238 	0.00184343 	
2.155	2.16057 	-0.0924572 	-1.76797 	0.000348206 	-0.115271 	0.00183306 	
2.16	2.16111 	-0.092721 	-1.76791 	0.000329875 	-0.1153 	0.00182184 	
2.165	2.16155 	-0.0929534 	-1.76777 	0.000313448 	-0.115324 	0.00181127 	
2.17	2.16197 	-0.0931666 	-1.76763 	0.000298299 	-0.115346 	0.00180147 	
2.175	2.16236 	-0.093362 	-1.76749 	0.000284332 	-0.115368 	0.00179238 	
2.18	2.16272 	-0.0935411 	-1.76734 	0.000271462 	-0.115388 	0.00178394 	
2.185	2.16114 	-0.0929385 	-1.76974 	0.000337785 	-0.115409 	0.00181854 	
2.19	2.16176 	-0.0931878 	-1.7698 	0.000320725 	-0.115441 	0.00180901 	
2.195	2.16229 	-0.0934386 	-1.76975 	0.000303319 	-0.115468 	0.00179845 	
2.2	2.1627 	-0.0936583 	-1.76963 	0.000287784 	-0.115491 	0.00178846 	
2.205	2.16308 	-0.0938599 	-1.7695 	0.000273454 	-0.115512 	0.00177919 	
2.21	2.16344 	-0.0940448 	-1.76937 	0.000260242 	-0.115532 	0.0017706 	
2.215	2.16379 	-0.0942142 	-1.76923 	0.000248064 	-0.11555 	0.00176263 	
2.22	2.16234 	-0.0936705 	-1.77143 	0.000308858 	-0.11557 	0.00179476 	
2.225	2.1629 	-0.0939034 	-1.77148 	0.000292875 	-0.115599 	0.00178573 	
2.23	2.16338 	-0.094138 	-1.77144 	0.00027657 	-0.115624 	0.0017758 	
2.235	2.16368 	-0.0942339 	-1.77119 	0.000253917 	-0.115634 	0.00177977 	
2.24	2.16404 	-0.094423 	-1.77107 	0.000240473 	-0.115653 	0.0017711 	
2.245	2.16438 	-0.0945966 	-1.77095 	0.000228075 	-0.115672 	0.00176305 	
2.25	2.16469 	-0.0947557 	-1.77083 	0.000216645 	-0.115689 	0.00175559 	
2.255	2.16499 	-0.0949014 	-1.77071 	0.000206112 	-0.115705 	0.00174867 	
2.26	2.1635 	-0.0943409 	-1.77293 	0.000268639 	-0.115723 	0.00178237 	
2.265	2.16402 	-0.0945543 	-1.77299 	0.000254018 	-0.11575 	0.00177421 	
2.27	2.16446 	-0.0947712 	-1.77296 	0.000238957 	-0.115773 	0.00176509 	
2.275	2.16481 	-0.094961 	-1.77286 	0.000225534 	-0.115792 	0.0017565 	
2.28	2.16514 	-0.0951354 	-1.77276 	0.000213148 	-0.115809 	0.00174853 	
2.285	2.16544 	-0.0952955 	-1.77265 	0.000201722 	-0.115826 	0.00174113 	
2.29	2.16573 	-0.0954424 	-1.77255 	0.000191186 	-0.115842 	0.00173428 	
2.295	2.166 	-0.095577 	-1.77244 	0.000181473 	-0.115857 	0.00172792 	
2.3	2.16625 	-0.0957004 	-1.77234 	0.000172522 	-0.115871 	0.00172202 	
2.305	2.16649 	-0.0958133 	-1.77223 	0.000164275 	-0.115884 	0.00171655 	
2.31	2.16486 	-0.0951965 	-1.77457 	0.000232388 	-0.115899 	0.00175405 	
2.315	2.16535 	-0.0953873 	-1.77466 	0.0002194 	-0.115923 	0.00174705 	
2.32	2.16575 	-0.0955842 	-1.77465 	0.000205773 	-0.115944 	0.00173891 	
2.325	2.16606 	-0.0957553 	-1.77457 	0.000193698 	-0.11596 	0.0017312 	
2.33	2.16635 	-0.0959126 	-1.77449 	0.000182552 	-0.115976 	0.00172405 	
2.335	2.16662 	-0.0960572 	-1.7744 	0.000172265 	-0.115991 	0.00171742 	
2.34	2.16687 	-0.09619 	-1.77432 	0.000162774 	-0.116004 	0.00171128 	
2.345	2.1671 	-0.0963119 	-1.77423 	0.000154018 	-0.116017 	0.00170558 	
2.35	2.16733 	-0.0964238 	-1.77414 	0.000145944 	-0.116029 	0.00170029 	
2.355	2.16753 	-0.0965263 	-1.77406 	0.0001385 	-0.116041 	0.00169539 	
2.36	2.16773 	-0.0966203 	-1.77397 	0.000131638 	-0.116052 	0.00169085 	
2.365	2.16791 	-0.0967064 	-1.77389 	0.000125316 	-0.116062 	0.00168663 	
2.37	2.16808 	-0.0967851 	-1.77381 	0.000119492 	-0.116071 	0.00168272 	
2.375	2.16641 	-0.0961523 	-1.77614 	0.000188992 	-0.116083 	0.00172171 	
2.38	2.16683 	-0.0963134 	-1.77624 	0.000178107 	-0.116104 	0.00171604 	
2.385	2.16718 	-0.0964832 	-1.77625 	0.000166425 	-0.116121 	0.00170916 	
2.39	2.16743 	-0.0966298 	-1.77619 	0.000156134 	-0.116135 	0.00170264 	
2.395	2.16767 	-0.0967648 	-1.77613 	0.000146626 	-0.116148 	0.00169659 	
2.4	2.16789 	-0.0968892 	-1.77607 	0.000137842 	-0.11616 	0.00169098 	
2.405	2.1681 	-0.0970036 	-1.77601 	0.00012973 	-0.116171 	0.00168578 	
2.41	2.16829 	-0.097109 	-1.77596 	0.000122238 	-0.116181 	0.00168096 	
2.415	2.16847 	-0.0972059 	-1.7759 	0.000115319 	-0.116191 	0.00167649 	
2.42	2.16864 	-0.097295 	-1.77584 	0.000108931 	-0.1162 	0.00167234 	
2.425	2.1688 	-0.097377 	-1.77578 	0.000103034 	-0.116209 	0.0016685 	
2.43	2.16895 	-0.0974523 	-1.77572 	9.75905e-05 	-0.116217 	0.00166494 	
2.435	2.16909 	-0.0975216 	-1.77567 	9.25649e-05 	-0.116225 	0.00166163 	
2.44	2.16922 	-0.0975852 	-1.77561 	8.79272e-05 	-0.116232 	0.00165857 	
2.445	2.16934 	-0.0976437 	-1.77556 	8.36468e-05 	-0.116238 	0.00165573 	
2.45	2.16945 	-0.0976974 	-1.77551 	7.96964e-05 	-0.116245 	0.0016531 	
2.455	2.16956 	-0.0977468 	-1.77546 	7.60514e-05 	-0.116251 	0.00165066 	
2.46	2.16966 	-0.0977921 	-1.77541 	7.26881e-05 	-0.116256 	0.00164839 	
2.465	2.16975 	-0.0978337 	-1.77536 	6.95847e-05 	-0.116261 	0.0016463 	
2.47	2.16984 	-0.0978719 	-1.77531 	6.6721e-05 	-0.116266 	0.00164435 	
2.475	2.16992 	-0.097907 	-1.77527 	6.40783e-05 	-0.116271 	0.00164255 	
2.48	2.16999 	-0.0979393 	-1.77523 	6.16392e-05 	-0.116275 	0.00164087 	
2.485	2.17007 	-0.0979689 	-1.77519 	5.93876e-05 	-0.116279 	0.00163932 	
2.49	2.17013 	-0.0979962 	-1.77515 	5.73086e-05 	-0.116283 	0.00163788 	
2.495	2.17019 	-0.0980212 	-1.77511 	5.53883e-05 	-0.116286 	0.00163655 	
2.5	2.17025 	-0.0980443 	-1.77507 	5.36139e-05 	-0.116289 	0.00163531 	
2.505	2.17031 	-0.0980656 	-1.77504 	5.19735e-05 	-0.116292 	0.00163417 	
2.51	2.17036 	-0.0980852 	-1.77501 	5.04557e-05 	-0.116295 	0.00163311 	
2.515	2.1704 	-0.0981038 	-1.77498 	4.9031e-05 	-0.116298 	0.00163212 	
2.52	2.17044 	-0.0981221 	-1.77495 	4.76467e-05 	-0.1163 	0.00163117 	
2.525	2.17048 	-0.0981394 	-1.77493 	4.63404e-05 	-0.116303 	0.00163028 	
2.53	2.17052 	-0.0981554 	-1.77491 	4.51332e-05 	-0.116305 	0.00162946 	
2.535	2.17056 	-0.0981705 	-1.77489 	4.39994e-05 	-0.116307 	0.00162869 	
2.54	2.17059 	-0.0981847 	-1.77487 	4.2937e-05 	-0.116309 	0.00162798 	
2.545	2.17062 	-0.098198 	-1.77485 	4.19442e-05 	-0.11631 	0.00162731 	
2.55	2.17066 	-0.0982105 	-1.77484 	4.10131e-05 	-0.116312 	0.00162668 	
2.555	2.16916 	-0.0969205 	-1.77687 	0.000136923 	-0.116316 	0.00165681 	
2.56	2.1694 	-0.097048 	-1.777 	0.000128826 	-0.116328 	0.00165335 	
2.565	2.1696 	-0.0971975 	-1.77706 	0.000119295 	-0.116339 	0.00164854 	
2.57	2.16973 	-0.0973261 	-1.77707 	0.000111061 	-0.116345 	0.00164405 	
2.575	2.16986 	-0.0974456 	-1.77708 	0.000103409 	-0.116352 	0.00163988 	
2.58	2.16998 	-0.0975568 	-1.77708 	9.6295e-05 	-0.116358 	0.001636 	
2.585	2.17009 	-0.0976602 	-1.77709 	8.96778e-05 	-0.116364 	0.00163239 	
2.59	2.16964 	-0.0969833 	-1.77616 	2.70096e-05 	-0.116293 	0.00172268 	
2.595	2.16975 	-0.0970723 	-1.77617 	2.13145e-05 	-0.116298 	0.00171957 	
2.6	2.16985 	-0.0971527 	-1.77617 	1.61486e-05 	-0.116303 	0.00171673 	
2.605	2.16996 	-0.0972268 	-1.77618 	1.13865e-05 	-0.116308 	0.00171411 	
2.61	2.17039 	-0.0940256 	-1.77596 	0.00015586 	-0.116314 	0.00167904 	
2.615	2.1705 	-0.0942592 	-1.77598 	0.000142025 	-0.116322 	0.00167306 	
2.62	2.17058 	-0.0945275 	-1.77598 	0.000126302 	-0.116328 	0.00166639 	
2.625	2.17064 	-0.0947635 	-1.77597 	0.000112499 	-0.116333 	0.00166048 	
2.63	2.17071 	-0.0949829 	-1.77597 	9.96627e-05 	-0.116337 	0.00165498 	
2.635	2.17078 	-0.095187 	-1.77597 	8.77224e-05 	-0.116342 	0.00164985 	
2.64	2.17085 	-0.0953769 	-1.77597 	7.66128e-05 	-0.116347 	0.00164508 	
2.645	2.17148 	-0.0919058 	-1.7755 	0.000228395 	-0.116352 	0.00159961 	
2.65	2.17156 	-0.0922548 	-1.77551 	0.000208344 	-0.11636 	0.00159157 	
2.655	2.1716 	-0.092634 	-1.7755 	0.00018662 	-0.116365 	0.00158294 	
2.66	2.17163 	-0.0929715 	-1.77549 	0.000167304 	-0.116369 	0.00157522 	
2.665	2.17167 	-0.0932851 	-1.77548 	0.000149348 	-0.116374 	0.00156804 	
2.67	2.17223 	-0.0902162 	-1.77502 	0.000281711 	-0.116379 	0.00152322 	
2.675	2.17228 	-0.0906568 	-1.77502 	0.000256622 	-0.116385 	0.00151343 	
2.68	2.1723 	-0.0911167 	-1.775 	0.000230465 	-0.11639 	0.00150327 	
2.685	2.17232 	-0.0915303 	-1.77499 	0.000206959 	-0.116395 	0.0014941 	
2.69	2.17235 	-0.0919146 	-1.77497 	0.000185111 	-0.116399 	0.00148557 	
2.695	2.17297 	-0.0884259 	-1.77444 	0.000335414 	-0.116404 	0.00143398 	
2.7	2.17302 	-0.0889524 	-1.77444 	0.000305573 	-0.116412 	0.00142248 	
2.705	2.17303 	-0.0894992 	-1.77442 	0.000274603 	-0.116417 	0.00141058 	
2.71	2.17304 	-0.0899914 	-1.7744 	0.000246747 	-0.116421 	0.00139985 	
2.715	2.1736 	-0.086889 	-1.7739 	0.000378807 	-0.116427 	0.00134951 	
2.72	2.17363 	-0.0874937 	-1.77389 	0.000344616 	-0.116434 	0.00133642 	
2.725	2.17363 	-0.0881089 	-1.77386 	0.000309845 	-0.116439 	0.00132314 	
2.73	2.17363 	-0.0886658 	-1.77384 	0.000278388 	-0.116444 	0.00131108 	
2.735	2.17423 	-0.0853298 	-1.77329 	0.000420206 	-0.116449 	0.00125622 	
2.74	2.17426 	-0.0860055 	-1.77328 	0.000382065 	-0.116457 	0.00124166 	
2.745	2.17425 	-0.0866909 	-1.77326 	0.000343383 	-0.116463 	0.00122692 	
2.75	2.17473 	-0.0840933 	-1.77279 	0.000451265 	-0.116469 	0.00117713 	
2.755	2.17474 	-0.0848323 	-1.77277 	0.000409584 	-0.116476 	0.00116125 	
2.76	2.17473 	-0.0855673 	-1.77273 	0.000368143 	-0.116482 	0.00114548 	
2.765	2.17522 	-0.0829041 	-1.77225 	0.000478432 	-0.116487 	0.00109341 	
2.77	2.17523 	-0.0836944 	-1.77223 	0.000433898 	-0.116495 	0.00107645 	
2.775	2.17521 	-0.0844786 	-1.77219 	0.000389711 	-0.116501 	0.00105964 	
2.78	2.17573 	-0.081673 	-1.77168 	0.000505868 	-0.116507 	0.00100452 	
2.785	2.17574 	-0.0825149 	-1.77166 	0.000458454 	-0.116515 	0.000986463 	
2.79	2.17573 	-0.0833498 	-1.77162 	0.000411438 	-0.116522 	0.000968569 	
2.795	2.17627 	-0.0803973 	-1.77108 	0.000533658 	-0.116528 	0.000910322 	
2.8	2.17629 	-0.0812921 	-1.77106 	0.000483293 	-0.116537 	0.000891128 	
2.805	2.17627 	-0.082179 	-1.77102 	0.000433377 	-0.116544 	0.000872121 	
2.81	2.17685 	-0.0790819 	-1.77045 	0.000561546 	-0.11655 	0.000810734 	
2.815	2.17686 	-0.0800307 	-1.77043 	0.000508175 	-0.11656 	0.000790375 	
2.82	2.17684 	-0.0809705 	-1.77039 	0.000455309 	-0.116567 	0.000770232 	
2.825	2.17744 	-0.0777318 	-1.76979 	0.000589298 	-0.116574 	0.00070571 	
2.83	2.17746 	-0.0787352 	-1.76977 	0.000532883 	-0.116584 	0.000684167 	
2.835	2.17744 	-0.0797285 	-1.76972 	0.000477033 	-0.116592 	0.000662868 	
2.84	2.17807 	-0.0763511 	-1.7691 	0.00061672 	-0.116599 	0.000595227 	
2.845	2.17809 	-0.0774095 	-1.76908 	0.000557239 	-0.116609 	0.000572485 	
2.85	2.17807 	-0.0784566 	-1.76903 	0.000498387 	-0.116618 	0.000550018 	
2.855	2.17872 	-0.0749431 	-1.76838 	0.000643661 	-0.116625 	0.000479279 	
2.86	2.17874 	-0.0760568 	-1.76836 	0.000581104 	-0.116636 	0.000455328 	
2.865	2.1792 	-0.0739261 	-1.76787 	0.000663156 	-0.116645 	0.000395397 	
2.87	2.17918 	-0.0750933 	-1.76783 	0.000597601 	-0.116654 	0.000370332 	
2.875	2.17961 	-0.0730459 	-1.76734 	0.000675652 	-0.116662 	0.000310337 	
2.88	2.17959 	-0.0742455 	-1.76729 	0.000608302 	-0.116672 	0.000284561 	
2.885	2.18003 	-0.072161 	-1.7668 	0.000687733 	-0.11668 	0.000223204 	
2.89	2.18001 	-0.0733914 	-1.76675 	0.000618673 	-0.11669 	0.000196743 	
2.895	2.18047 	-0.0712591 	-1.76624 	0.00069996 	-0.116699 	0.000133889 	
2.9	2.18045 	-0.0725207 	-1.76619 	0.000629168 	-0.116709 	0.000106734 	
2.905	2.18092 	-0.0703408 	-1.76567 	0.000712303 	-0.116718 	4.23683e-05 	
2.91	2.18091 	-0.0716341 	-1.76563 	0.000639754 	-0.116729 	1.45064e-05 	
2.915	2.18139 	-0.0694076 	-1.7651 	0.000724685 	-0.116738 	-5.13714e-05 	
2.92	2.18151 	-0.0709071 	-1.76527 	0.000664056 	-0.116766 	-0.00010172 	
2.925	2.182 	-0.0686352 	-1.76473 	0.000750752 	-0.116776 	-0.000169113 	
2.93	2.18199 	-0.0699935 	-1.76468 	0.000674597 	-0.116787 	-0.000198431 	
2.935	2.18249 	-0.0676782 	-1.76413 	0.000762948 	-0.116796 	-0.000267346 	
2.94	2.18249 	-0.0690691 	-1.76409 	0.000684989 	-0.116808 	-0.000297393 	
2.945	2.183 	-0.0667104 	-1.76352 	0.000775004 	-0.116818 	-0.0003678 	
2.95	2.18299 	-0.0681338 	-1.76348 	0.000695249 	-0.11683 	-0.000398577 	
2.955	2.18351 	-0.0657328 	-1.7629 	0.000786883 	-0.11684 	-0.000470468 	
2.96	2.18351 	-0.0671888 	-1.76286 	0.000705329 	-0.116852 	-0.000501977 	
2.965	2.18404 	-0.0647465 	-1.76227 	0.000798544 	-0.116862 	-0.000575343 	
2.97	2.18403 	-0.0662349 	-1.76223 	0.000715194 	-0.116875 	-0.000607586 	
2.975	2.18457 	-0.0637522 	-1.76163 	0.000809953 	-0.116885 	-0.000682415 	
2.98	2.18457 	-0.0652731 	-1.76159 	0.000724811 	-0.116898 	-0.000715392 	
2.985	2.18512 	-0.0627509 	-1.76098 	0.000821081 	-0.116909 	-0.000791671 	
2.99	2.18512 	-0.0643042 	-1.76093 	0.000734155 	-0.116922 	-0.000825381 	
2.995	2.18568 	-0.0617434 	-1.76032 	0.000831903 	-0.116933 	-0.000903096 	
3	2.18568 	-0.0633288 	-1.76027 	0.000743203 	-0.116946 	-0.000937538 	
3.005	2.18624 	-0.0607302 	-1.75964 	0.000842398 	-0.116957 	-0.00101667 	
3.01	2.18624 	-0.0623476 	-1.7596 	0.000751936 	-0.116971 	-0.00105184 	
3.015	2.18682 	-0.0597121 	-1.75896 	0.000852547 	-0.116982 	-0.00113238 	
3.02	2.18682 	-0.0613612 	-1.75891 	0.000760337 	-0.116996 	-0.00116828 	
3.025	2.1874 	-0.0586896 	-1.75827 	0.000862336 	-0.117007 	-0.00125021 	
3.03	2.18741 	-0.0603703 	-1.75822 	0.000768393 	-0.117021 	-0.00128683 	
3.035	2.188 	-0.0576634 	-1.75756 	0.000871751 	-0.117033 	-0.00137013 	
3.04	2.188 	-0.0593753 	-1.75752 	0.000776092 	-0.117047 	-0.00140747 	
3.045	2.1886 	-0.0566339 	-1.75685 	0.000880782 	-0.117059 	-0.00149212 	
3.05	2.1886 	-0.0583767 	-1.7568 	0.000783425 	-0.117073 	-0.00153017 	
3.055	2.18921 	-0.0556016 	-1.75612 	0.00088942 	-0.117085 	-0.00161615 	
3.06	2.18922 	-0.057375 	-1.75608 	0.000790384 	-0.1171 	-0.00165491 	
3.065	2.18983 	-0.0545669 	-1.75539 	0.000897656 	-0.117112 	-0.00174221 	
3.07	2.18984 	-0.0563706 	-1.75535 	0.000796962 	-0.117127 	-0.00178167 	
3.075	2.19045 	-0.0535305 	-1.75465 	0.000905486 	-0.117139 	-0.00187026 	
3.08	2.19046 	-0.0553641 	-1.7546 	0.000803155 	-0.117154 	-0.00191042 	
3.085	2.19109 	-0.0524926 	-1.7539 	0.000912903 	-0.117166 	-0.00200028 	
3.09	2.1911 	-0.0543557 	-1.75385 	0.000808958 	-0.117182 	-0.00204113 	
3.095	2.19173 	-0.0514537 	-1.75314 	0.000919904 	-0.117194 	-0.00213224 	
3.1	2.19174 	-0.0533459 	-1.75309 	0.000814367 	-0.11721 	-0.00217377 	
3.105	2.19238 	-0.0504141 	-1.75237 	0.000926485 	-0.117222 	-0.00226611 	
3.11	2.19239 	-0.0523351 	-1.75233 	0.00081938 	-0.117239 	-0.00230832 	
3.115	2.19303 	-0.0493744 	-1.75159 	0.000932644 	-0.117251 	-0.00240187 	
3.12	2.19305 	-0.0513237 	-1.75155 	0.000823996 	-0.117267 	-0.00244474 	
3.125	2.1937 	-0.0483347 	-1.75081 	0.000938379 	-0.11728 	-0.00253948 	
3.13	2.19371 	-0.0503119 	-1.75076 	0.000828212 	-0.117296 	-0.00258301 	
3.135	2.19436 	-0.0472956 	-1.75001 	0.000943687 	-0.117309 	-0.00267891 	
3.14	2.19438 	-0.0493003 	-1.74997 	0.000832028 	-0.117325 	-0.00272309 	
3.145	1.97954 	0.0357021 	-1.19079 	-0.00836348 	-0.0961485 	-0.00120881 	
3.15	1.32866 	0.282476 	0.495802 	-0.0365457 	-0.0321782 	0.00351331 	
3.155	1.27151 	0.327386 	0.820804 	-0.0444729 	-0.0221337 	0.00671589 	
3.16	1.13479 	0.435194 	1.69309 	-0.0669046 	0.0047373 	0.016814 	
3.165	1.15079 	0.432163 	1.64709 	-0.0663425 	0.00287347 	0.0164117 	
3.17	1.30519 	0.392661 	1.45885 	-0.0650917 	-0.00693857 	0.0184102 	
3.175	1.4327 	0.359094 	1.27394 	-0.0632267 	-0.0159831 	0.0195438 	
3.18	1.51829 	0.32682 	1.0758 	-0.0600069 	-0.0237939 	0.0191521 	
3.185	1.64967 	0.298406 	0.933893 	-0.0594049 	-0.0318211 	0.0211136 	
3.19	1.68677 	0.276692 	0.773262 	-0.0559782 	-0.0371029 	0.0196524 	
3.195	1.74717 	0.27389 	0.733062 	-0.0561155 	-0.0402382 	0.020376 	
3.2	1.8789 	0.259569 	0.66269 	-0.0569593 	-0.0463 	0.0226486 	
3.205	1.9015 	0.239062 	0.487492 	-0.0527625 	-0.0516312 	0.0206562 	
3.21	1.92331 	0.21646 	0.324203 	-0.0489522 	-0.0564706 	0.0188263 	
3.215	1.94302 	0.199292 	0.173663 	-0.045309 	-0.0610572 	0.0170819 	
3.22	1.96184 	0.179652 	0.0334047 	-0.0420453 	-0.0652092 	0.0155018 	
3.225	1.97894 	0.165465 	-0.0957881 	-0.03889 	-0.0691446 	0.013987 	
3.23	1.99519 	0.148352 	-0.216264 	-0.0360972 	-0.0727071 	0.0126215 	
3.235	2.01005 	0.136716 	-0.327118 	-0.0333618 	-0.076084 	0.0113039 	
3.24	2.02407 	0.12176 	-0.43061 	-0.0309747 	-0.0791407 	0.0101229 	
3.245	1.70906 	0.0160397 	0.163836 	-0.0178917 	-0.0528154 	0.0137316 	
3.25	0.747116 	-0.276546 	2.1176 	0.0161591 	0.0311702 	0.0263519 	
3.255	0.477078 	-0.351785 	2.6049 	0.0274987 	0.053145 	0.0282365 	
3.26	-0.429319 	-0.620822 	4.42397 	0.058596 	0.131721 	0.0403728 	
3.265	-0.638368 	-0.665749 	4.76799 	0.0675452 	0.14787 	0.0407086 	
3.27	-1.38484 	-0.903125 	6.30289 	0.0934222 	0.213738 	0.0514115 	
3.275	-1.54237 	-0.929288 	6.5438 	0.100486 	0.225481 	0.0507545 	
3.28	-2.19855 	-1.16075 	7.89896 	0.122094 	0.283746 	0.0622248 	
3.285	-1.87661 	-1.08835 	7.19245 	0.112517 	0.25456 	0.0574336 	
3.29	-1.57785 	-1.01338 	6.53893 	0.104222 	0.22729 	0.0528152 	
3.295	-1.30112 	-0.949875 	5.9323 	0.0960657 	0.202203 	0.0486686 	
3.3	-1.04442 	-0.88499 	5.37107 	0.0889731 	0.178764 	0.0446792 	
3.305	-0.806539 	-0.829224 	4.85022 	0.0820309 	0.1572 	0.0410883 	
3.31	-0.585983 	-0.773116 	4.36825 	0.0759644 	0.137052 	0.0376412 	
3.315	-0.38148 	-0.724097 	3.92107 	0.0700589 	0.118516 	0.0345292 	
3.32	-0.242945 	-0.664001 	3.56746 	0.0666598 	0.104326 	0.0307425 	
3.325	-0.216481 	-0.58739 	3.35995 	0.0668596 	0.0975702 	0.0256906 	
3.33	-0.0389912 	-0.548875 	2.98717 	0.0619012 	0.0817819 	0.0233453 	
3.335	0.125611 	-0.514404 	2.6415 	0.0571392 	0.067266 	0.0212238 	
3.34	0.153117 	-0.49723 	2.43645 	0.0539553 	0.0607868 	0.0218534 	
3.345	-0.0777757 	-0.513043 	2.48241 	0.0534066 	0.0691324 	0.0277918 	
3.35	-0.0583537 	-0.49852 	2.31009 	0.0506979 	0.0638305 	0.0283343 	
3.355	-0.282272 	-0.514351 	2.37301 	0.0504887 	0.0724478 	0.0337984 	
3.36	-0.0997842 	-0.481072 	2.07266 	0.0467222 	0.0584888 	0.030819 	
3.365	0.0695725 	-0.451052 	1.79415 	0.0431176 	0.0456349 	0.0280941 	
3.37	0.226563 	-0.422494 	1.53616 	0.0398432 	0.0336782 	0.0255379 	
3.375	0.372498 	-0.396471 	1.2963 	0.0369144 	0.0224918 	0.0230582 	
3.38	0.507513 	-0.371309 	1.07485 	0.0341046 	0.0122489 	0.020856 	
3.385	0.632629 	-0.347863 	0.869649 	0.0315321 	0.00271942 	0.0187933 	
3.39	0.748371 	-0.326658 	0.679461 	0.0291538 	-0.00614792 	0.0168667 	
3.395	0.856031 	-0.305484 	0.503415 	0.02697 	-0.0143106 	0.0150823 	
3.4	0.955763 	-0.286221 	0.340218 	0.0249498 	-0.0219063 	0.0134142 	
3.405	1.06963 	-0.269172 	0.190267 	0.023309 	-0.0296107 	0.0112341 	
3.41	1.21899 	-0.250279 	0.0544578 	0.0223778 	-0.037974 	0.00794647 	
3.415	1.32151 	-0.234622 	-0.0740084 	0.0210222 	-0.0446948 	0.00599532 	
3.42	1.47473 	-0.222114 	-0.189874 	0.0203134 	-0.05265 	0.00263048 	
3.425	1.55563 	-0.206549 	-0.300219 	0.0191518 	-0.0581853 	0.00111404 	
3.43	1.68281 	-0.193256 	-0.399498 	0.0185937 	-0.0648553 	-0.00171571 	
3.435	1.74453 	-0.182828 	-0.495047 	0.0174171 	-0.0694409 	-0.00284481 	
3.44	1.84749 	-0.168309 	-0.580019 	0.0170085 	-0.0749556 	-0.00521417 	
3.445	1.8809 	-0.157415 	-0.663032 	0.0158485 	-0.0782952 	-0.00563231 	
3.45	1.92267 	-0.149904 	-0.739622 	0.0147862 	-0.0817243 	-0.00630535 	
3.455	1.94675 	-0.138265 	-0.810798 	0.0138306 	-0.0844401 	-0.0065641 	
3.46	1.97275 	-0.129266 	-0.876792 	0.0129127 	-0.0870842 	-0.00690312 	
3.465	1.99085 	-0.123661 	-0.938669 	0.0118891 	-0.0893967 	-0.00704837 	
3.47	2.00816 	-0.113627 	-0.995261 	0.0111403 	-0.0915073 	-0.00722566 	
3.475	2.0108 	-0.109766 	-1.01002 	0.0111048 	-0.0919836 	-0.00740235 	
3.48	1.98638 	-0.116072 	-0.948127 	0.012428 	-0.0894428 	-0.00758641 	
3.485	2.0041 	-0.106512 	-1.00395 	0.0116389 	-0.0915512 	-0.00774404 	
3.49	2.02044 	-0.0995674 	-1.05602 	0.0108272 	-0.0935236 	-0.00788398 	
3.495	2.03493 	-0.0957085 	-1.1042 	0.00992473 	-0.0953448 	-0.00795875 	
3.5	1.98096 	-0.0653688 	-1.02096 	0.0134713 	-0.0913997 	-0.0107231 	
3.505	1.78147 	0.00840389 	-0.66536 	0.0257116 	-0.0754256 	-0.0189868 	
3.51	1.70628 	0.0389149 	-0.541372 	0.0302846 	-0.0697052 	-0.0224289 	
3.515	1.53563 	0.102837 	-0.238603 	0.0407302 	-0.0559927 	-0.0294464 	
3.52	1.58598 	0.0938867 	-0.346434 	0.0377465 	-0.0605354 	-0.0280205 	
3.525	1.63271 	0.0834967 	-0.446709 	0.034897 	-0.0648028 	-0.0266977 	
3.53	1.67596 	0.0777523 	-0.538918 	0.0324129 	-0.0686689 	-0.0254949 	
3.535	1.71621 	0.0709576 	-0.624651 	0.0300505 	-0.0722981 	-0.0243832 	
3.54	1.7535 	0.0623237 	-0.704466 	0.0277628 	-0.0757079 	-0.0233469 	
3.545	1.78813 	0.0585684 	-0.777682 	0.0258205 	-0.0787955 	-0.0224167 	
3.55	1.82033 	0.0534463 	-0.845826 	0.0239503 	-0.0816954 	-0.0215544 	
3.555	1.85008 	0.0461716 	-0.909357 	0.0221075 	-0.0844208 	-0.0207452 	
3.56	1.87784 	0.0439601 	-0.967455 	0.0205944 	-0.0868869 	-0.0200313 	
3.565	1.8981 	0.00155937 	-0.659542 	0.0262438 	-0.0778502 	-0.0216631 	
3.57	1.90333 	-0.118357 	0.35814 	0.0457774 	-0.0464699 	-0.0277649 	
3.575	2.01348 	-0.124066 	0.386893 	0.046701 	-0.0483109 	-0.0300562 	
3.58	2.24877 	-0.18061 	0.923557 	0.0585425 	-0.0376273 	-0.0389723 	
3.585	1.97726 	-0.281633 	1.72839 	0.0716651 	-0.00567857 	-0.0366539 	
3.59	1.73478 	-0.352675 	2.41616 	0.0832531 	0.0220241 	-0.0354739 	
3.595	1.36638 	-0.0388195 	2.83238 	0.0575316 	0.0457038 	-0.0427343 	
3.6	0.166634 	0.865616 	4.7553 	-0.00853078 	0.140005 	-0.0681236 	
3.605	0.0977159 	0.980301 	4.69384 	-0.0191725 	0.140192 	-0.0699646 	
3.61	0.0583505 	1.13312 	4.5563 	-0.0220639 	0.136693 	-0.0798423 	
3.615	0.193971 	1.13525 	4.2368 	-0.0220308 	0.123049 	-0.080987 	
3.62	0.0545457 	1.32302 	4.27809 	-0.0299228 	0.12801 	-0.0899402 	
3.625	0.000357261 	1.34556 	4.50446 	-0.030474 	0.13767 	-0.098894 	
3.63	0.536006 	1.13406 	4.62251 	0.000508652 	0.129605 	-0.117288 	
3.635	0.77012 	1.01597 	4.33933 	0.00917249 	0.114925 	-0.117328 	
3.64	1.21721 	0.844481 	4.43609 	0.0353456 	0.108296 	-0.133029 	
3.645	1.39646 	0.753867 	4.15693 	0.0413826 	0.0950628 	-0.131879 	
3.65	1.76937 	0.621118 	4.23402 	0.0639958 	0.0895958 	-0.145989 	
3.655	1.81796 	0.574102 	3.80105 	0.0593423 	0.0739777 	-0.136657 	
3.66	1.8542 	0.53384 	3.4035 	0.054996 	0.0598207 	-0.128155 	
3.665	1.89034 	0.506726 	3.05869 	0.0517012 	0.0475928 	-0.12178 	
3.67	2.08099 	0.455547 	2.82147 	0.0552142 	0.0354812 	-0.123196 	
3.675	2.40413 	0.398149 	2.70325 	0.0649887 	0.0243604 	-0.133103 	
3.68	2.40235 	0.383387 	2.39626 	0.0605633 	0.0142321 	-0.126144 	
3.685	2.45147 	0.358228 	2.10418 	0.0573949 	0.00330196 	-0.121132 	
3.69	2.42646 	0.356239 	1.85147 	0.0532886 	-0.00457657 	-0.115229 	
3.695	2.41328 	0.36777 	1.63493 	0.0497778 	-0.0117423 	-0.111647 	
3.7	2.32637 	0.437358 	1.53233 	0.0435811 	-0.0124665 	-0.11014 	
3.705	2.09186 	0.707452 	1.72703 	0.0328266 	0.00158367 	-0.120228 	
3.71	2.09432 	0.662142 	1.48899 	0.0301469 	-0.00658119 	-0.112989 	
3.715	2.10296 	0.615052 	1.25669 	0.0278996 	-0.0147179 	-0.105686 	
3.72	1.69815 	0.841344 	1.84263 	0.000387794 	0.0159782 	-0.102802 	
3.725	0.488654 	1.59766 	3.99114 	-0.0760772 	0.121006 	-0.10785 	
3.73	0.63803 	1.47925 	3.57631 	-0.0701473 	0.102984 	-0.10199 	
3.735	0.772117 	1.39889 	3.2863 	-0.0669758 	0.0900876 	-0.0986774 	
3.74	0.388541 	1.67903 	3.89152 	-0.0909673 	0.126443 	-0.10348 	
3.745	-0.607217 	2.48266 	5.65784 	-0.145983 	0.224464 	-0.129596 	
3.75	-0.857527 	2.66553 	6.03163 	-0.162298 	0.248333 	-0.132038 	
3.755	-1.7844 	3.41874 	7.63562 	-0.210295 	0.338544 	-0.160258 	
3.76	-1.88887 	3.53645 	7.60571 	-0.207992 	0.341318 	-0.171464 	
3.765	-2.17966 	3.8514 	8.19662 	-0.22957 	0.374484 	-0.180702 	
3.77	-2.73925 	4.25009 	9.28727 	-0.267188 	0.435566 	-0.187442 	
3.775	-3.08497 	4.56185 	9.66475 	-0.27236 	0.459516 	-0.212621 	
3.78	-3.09257 	4.53131 	10.2293 	-0.307545 	0.486576 	-0.183325 	
