0	0.0492016 	0.0214939 	-2.0112 	0.262475 	0.532739 	-0.0103716 	
0.005	0.0492016 	0.0214939 	-2.0112 	0.262475 	0.532739 	-0.0103716 	
0.01	0.0492016 	0.0214897 	-2.0112 	0.262475 	0.53274 	-0.0103714 	
0.015	0.0492016 	0.0214841 	-2.0112 	0.262475 	0.532741 	-0.010371 	
0.02	0.0492016 	0.0214762 	-2.01119 	0.262476 	0.532742 	-0.0103705 	
0.025	0.0492017 	0.021466 	-2.01118 	0.262476 	0.532744 	-0.0103699 	
0.03	0.0492017 	0.0214535 	-2.01117 	0.262476 	0.532747 	-0.0103691 	
0.035	0.0492017 	0.0214387 	-2.01116 	0.262477 	0.53275 	-0.0103681 	
0.04	0.0492017 	0.0214216 	-2.01115 	0.262477 	0.532754 	-0.010367 	
0.045	0.0492018 	0.0214022 	-2.01113 	0.262478 	0.532758 	-0.0103658 	
0.05	0.0492018 	0.0213804 	-2.01111 	0.262479 	0.532762 	-0.0103644 	
0.055	0.0492019 	0.0213563 	-2.01109 	0.262479 	0.532767 	-0.0103629 	
0.06	0.0492019 	0.0213299 	-2.01107 	0.26248 	0.532773 	-0.0103613 	
0.065	0.0492019 	0.0213012 	-2.01105 	0.262481 	0.532779 	-0.0103594 	
0.07	0.049202 	0.0212702 	-2.01103 	0.262482 	0.532785 	-0.0103575 	
0.075	0.0492021 	0.0212369 	-2.011 	0.262483 	0.532792 	-0.0103554 	
0.08	0.0492021 	0.0212013 	-2.01097 	0.262485 	0.5328 	-0.0103532 	
0.085	0.0492022 	0.0211595 	-2.01094 	0.262486 	0.532808 	-0.0103505 	
0.09	0.0492023 	0.0211227 	-2.01091 	0.262487 	0.532816 	-0.0103482 	
0.095	0.0492024 	0.0210763 	-2.01088 	0.262489 	0.532826 	-0.0103453 	
0.1	0.0492024 	0.0210312 	-2.01084 	0.26249 	0.532835 	-0.0103425 	
0.105	0.0492025 	0.0209838 	-2.0108 	0.262492 	0.532845 	-0.0103395 	
0.11	0.0492026 	0.0209341 	-2.01076 	0.262493 	0.532855 	-0.0103364 	
0.115	0.0492027 	0.0208821 	-2.01072 	0.262495 	0.532866 	-0.0103331 	
0.12	0.0492028 	0.0208278 	-2.01068 	0.262497 	0.532877 	-0.0103297 	
0.125	0.049203 	0.0207713 	-2.01064 	0.262499 	0.532889 	-0.0103262 	
0.13	0.0492031 	0.0207124 	-2.01059 	0.2625 	0.532901 	-0.0103225 	
0.135	0.0492032 	0.0206513 	-2.01054 	0.262502 	0.532914 	-0.0103187 	
0.14	0.0492033 	0.0205879 	-2.01049 	0.262505 	0.532927 	-0.0103147 	
0.145	0.0492035 	0.0205222 	-2.01044 	0.262507 	0.532941 	-0.0103106 	
0.15	0.0492036 	0.0204542 	-2.01039 	0.262509 	0.532955 	-0.0103064 	
0.155	0.0492038 	0.0203839 	-2.01033 	0.262511 	0.532969 	-0.010302 	
0.16	0.049307 	0.0200892 	-2.01045 	0.262619 	0.534547 	-0.00966435 	
0.165	0.0493071 	0.0200144 	-2.01039 	0.262622 	0.534563 	-0.0096597 	
0.17	0.0493073 	0.0199373 	-2.01033 	0.262624 	0.534579 	-0.00965492 	
0.175	0.0493075 	0.019858 	-2.01027 	0.262627 	0.534595 	-0.00965001 	
0.18	0.0493077 	0.0197764 	-2.01021 	0.262629 	0.534612 	-0.00964496 	
0.185	0.0493079 	0.0196925 	-2.01014 	0.262632 	0.534629 	-0.00963978 	
0.19	0.0493081 	0.0196064 	-2.01007 	0.262635 	0.534647 	-0.00963447 	
0.195	0.0493083 	0.0195181 	-2.01 	0.262638 	0.534665 	-0.00962902 	
0.2	0.0493086 	0.0194275 	-2.00993 	0.262641 	0.534684 	-0.00962345 	
0.205	0.0493088 	0.0193347 	-2.00986 	0.262644 	0.534703 	-0.00961775 	
0.21	0.0493091 	0.0192396 	-2.00978 	0.262647 	0.534722 	-0.00961192 	
0.215	0.0493093 	0.0191423 	-2.00971 	0.26265 	0.534742 	-0.00960596 	
0.22	0.0494121 	0.0188236 	-2.0098 	0.262763 	0.536302 	-0.00897435 	
0.225	0.0494123 	0.0187218 	-2.00972 	0.262766 	0.536323 	-0.00896813 	
0.23	0.0494126 	0.0186178 	-2.00964 	0.26277 	0.536344 	-0.00896178 	
0.235	0.049413 	0.0185116 	-2.00955 	0.262773 	0.536366 	-0.00895532 	
0.24	0.0494133 	0.0184032 	-2.00947 	0.262777 	0.536388 	-0.00894872 	
0.245	0.0494136 	0.0182926 	-2.00938 	0.26278 	0.536411 	-0.00894201 	
0.25	0.049414 	0.0181798 	-2.00929 	0.262784 	0.536434 	-0.00893518 	
0.255	0.0494143 	0.0180647 	-2.0092 	0.262788 	0.536458 	-0.00892822 	
0.26	0.0494147 	0.0179475 	-2.00911 	0.262791 	0.536482 	-0.00892115 	
0.265	0.0494151 	0.0178281 	-2.00902 	0.262795 	0.536506 	-0.00891396 	
0.27	0.0495251 	0.017474 	-2.0091 	0.262922 	0.538162 	-0.00824204 	
0.275	0.0495255 	0.0173502 	-2.009 	0.262926 	0.538187 	-0.0082346 	
0.28	0.0495259 	0.0172243 	-2.0089 	0.26293 	0.538212 	-0.00822705 	
0.285	0.0495264 	0.0170961 	-2.0088 	0.262934 	0.538238 	-0.00821939 	
0.29	0.0495269 	0.0169659 	-2.0087 	0.262938 	0.538265 	-0.00821161 	
0.295	0.0495274 	0.0168334 	-2.0086 	0.262942 	0.538292 	-0.00820373 	
0.3	0.0495279 	0.0166988 	-2.00849 	0.262947 	0.538319 	-0.00819573 	
0.305	0.0495284 	0.0165621 	-2.00838 	0.262951 	0.538347 	-0.00818762 	
0.31	0.0496343 	0.0162016 	-2.00844 	0.263078 	0.539927 	-0.00754473 	
0.315	0.0496348 	0.0160605 	-2.00833 	0.263083 	0.539956 	-0.00753639 	
0.32	0.0496354 	0.0159174 	-2.00822 	0.263088 	0.539985 	-0.00752796 	
0.325	0.049636 	0.0157721 	-2.0081 	0.263092 	0.540014 	-0.00751942 	
0.33	0.0496366 	0.0156247 	-2.00799 	0.263097 	0.540044 	-0.00751077 	
0.335	0.0496372 	0.0154752 	-2.00787 	0.263102 	0.540074 	-0.00750203 	
0.34	0.0496379 	0.0153236 	-2.00775 	0.263106 	0.540104 	-0.00749319 	
0.345	0.0496386 	0.0151699 	-2.00763 	0.263111 	0.540135 	-0.00748424 	
0.35	0.0497575 	0.0147674 	-2.00769 	0.26326 	0.541893 	-0.00676752 	
0.355	0.0497582 	0.0146095 	-2.00757 	0.263265 	0.541924 	-0.00675837 	
0.36	0.049759 	0.0144495 	-2.00744 	0.26327 	0.541956 	-0.00674912 	
0.365	0.0497597 	0.0142875 	-2.00731 	0.263275 	0.541989 	-0.00673978 	
0.37	0.0497605 	0.0141234 	-2.00718 	0.26328 	0.542021 	-0.00673035 	
0.375	0.0497613 	0.0139573 	-2.00705 	0.263285 	0.542054 	-0.00672083 	
0.38	0.0497622 	0.0137891 	-2.00692 	0.263291 	0.542088 	-0.00671122 	
0.385	0.0498802 	0.0133765 	-2.00697 	0.263444 	0.543814 	-0.0060053 	
0.39	0.0498811 	0.0132042 	-2.00683 	0.263449 	0.543849 	-0.00599549 	
0.395	0.049882 	0.0130299 	-2.00669 	0.263455 	0.543883 	-0.00598561 	
0.4	0.0498829 	0.0128535 	-2.00655 	0.26346 	0.543918 	-0.00597564 	
0.405	0.0498839 	0.0126752 	-2.00641 	0.263466 	0.543953 	-0.00596559 	
0.41	0.0498849 	0.0124948 	-2.00627 	0.263472 	0.543989 	-0.00595546 	
0.415	0.0499962 	0.0120863 	-2.00629 	0.263622 	0.545603 	-0.00529419 	
0.42	0.0499972 	0.0119019 	-2.00615 	0.263627 	0.545639 	-0.00528388 	
0.425	0.0499983 	0.0117156 	-2.006 	0.263633 	0.545676 	-0.0052735 	
0.43	0.0499994 	0.0115272 	-2.00585 	0.263639 	0.545713 	-0.00526305 	
0.435	0.0500005 	0.011337 	-2.0057 	0.263645 	0.54575 	-0.00525252 	
0.44	0.0500017 	0.0111447 	-2.00554 	0.263651 	0.545788 	-0.00524193 	
0.445	0.0501201 	0.010712 	-2.00557 	0.263815 	0.547488 	-0.00454345 	
0.45	0.0501214 	0.0105158 	-2.00541 	0.263821 	0.547526 	-0.00453269 	
0.455	0.0501226 	0.0103177 	-2.00525 	0.263828 	0.547564 	-0.00452187 	
0.46	0.0501239 	0.0101177 	-2.00509 	0.263834 	0.547603 	-0.00451099 	
0.465	0.0501252 	0.00991576 	-2.00493 	0.26384 	0.547643 	-0.00450004 	
0.47	0.0501266 	0.00971192 	-2.00477 	0.263846 	0.547682 	-0.00448903 	
0.475	0.0502537 	0.0092527 	-2.0048 	0.264028 	0.549486 	-0.00374565 	
0.48	0.0502551 	0.00904502 	-2.00463 	0.264035 	0.549526 	-0.0037345 	
0.485	0.0502565 	0.00883548 	-2.00446 	0.264041 	0.549566 	-0.00372329 	
0.49	0.050258 	0.00862407 	-2.00429 	0.264047 	0.549607 	-0.00371203 	
0.495	0.0502596 	0.00841079 	-2.00412 	0.264054 	0.549648 	-0.00370072 	
0.5	0.0503747 	0.00796871 	-2.00412 	0.264224 	0.551266 	-0.00303226 	
0.505	0.0503763 	0.00775169 	-2.00394 	0.264231 	0.551308 	-0.00302082 	
0.51	0.0503779 	0.00753285 	-2.00377 	0.264237 	0.55135 	-0.00300933 	
0.515	0.0503796 	0.00731219 	-2.00359 	0.264244 	0.551392 	-0.0029978 	
0.52	0.0503813 	0.0070897 	-2.00341 	0.264251 	0.551434 	-0.00298623 	
0.525	0.0505008 	0.00663195 	-2.0034 	0.264432 	0.553097 	-0.00229747 	
0.53	0.0505026 	0.00640582 	-2.00322 	0.264439 	0.55314 	-0.00228579 	
0.535	0.0505044 	0.00617791 	-2.00304 	0.264446 	0.553184 	-0.00227406 	
0.54	0.0505063 	0.00594822 	-2.00285 	0.264453 	0.553227 	-0.0022623 	
0.545	0.0505082 	0.00571676 	-2.00267 	0.26446 	0.553271 	-0.00225051 	
0.55	0.0506338 	0.00524048 	-2.00266 	0.264655 	0.555 	-0.00153223 	
0.555	0.0506358 	0.00500545 	-2.00247 	0.264662 	0.555044 	-0.00152034 	
0.56	0.0506378 	0.00476871 	-2.00228 	0.264669 	0.555088 	-0.00150842 	
0.565	0.0506399 	0.00453024 	-2.00209 	0.264676 	0.555133 	-0.00149647 	
0.57	0.050642 	0.00429004 	-2.00189 	0.264684 	0.555178 	-0.0014845 	
0.575	0.0507739 	0.00379535 	-2.00188 	0.264894 	0.556973 	-0.000736165 	
0.58	0.0507761 	0.00355169 	-2.00168 	0.264901 	0.557018 	-0.000724114 	
0.585	0.0507784 	0.00330636 	-2.00149 	0.264908 	0.557064 	-0.00071204 	
0.59	0.0507807 	0.00305935 	-2.00129 	0.264916 	0.55711 	-0.000699946 	
0.595	0.050783 	0.00281066 	-2.00108 	0.264923 	0.557156 	-0.000687835 	
0.6	0.0509212 	0.00229801 	-2.00107 	0.265149 	0.559016 	9.01772e-05 	
0.605	0.0509237 	0.00204597 	-2.00087 	0.265156 	0.559062 	0.00010235 	
0.61	0.0509262 	0.00179231 	-2.00066 	0.265164 	0.559109 	0.000114537 	
0.615	0.0509287 	0.00153702 	-2.00045 	0.265171 	0.559156 	0.000126735 	
0.62	0.0510472 	0.00105825 	-2.00041 	0.26537 	0.560735 	0.000788334 	
0.625	0.0510498 	0.000799692 	-2.0002 	0.265378 	0.560782 	0.000800575 	
0.63	0.0510525 	0.00053956 	-1.99998 	0.265385 	0.56083 	0.000812823 	
0.635	0.0510552 	0.000277838 	-1.99977 	0.265393 	0.560877 	0.000825074 	
0.64	0.0511754 	-0.000208508 	-1.99972 	0.265598 	0.562464 	0.00149146 	
0.645	0.0511782 	-0.00047341 	-1.9995 	0.265606 	0.562512 	0.00150374 	
0.65	0.0511811 	-0.000739844 	-1.99928 	0.265614 	0.56256 	0.00151602 	
0.655	0.0511841 	-0.00100782 	-1.99907 	0.265621 	0.562608 	0.0015283 	
0.66	0.0513082 	-0.00150561 	-1.99901 	0.265837 	0.56423 	0.00221147 	
0.665	0.0513112 	-0.00177668 	-1.99879 	0.265845 	0.564278 	0.00222376 	
0.67	0.0513143 	-0.00204924 	-1.99857 	0.265853 	0.564327 	0.00223605 	
0.675	0.0513175 	-0.0023233 	-1.99834 	0.265861 	0.564376 	0.00224832 	
0.68	0.0514457 	-0.00283262 	-1.99828 	0.266088 	0.566034 	0.00294923 	
0.685	0.0514489 	-0.00310968 	-1.99806 	0.266096 	0.566083 	0.00296151 	
0.69	0.0514522 	-0.00338818 	-1.99783 	0.266104 	0.566133 	0.00297378 	
0.695	0.0514556 	-0.00366814 	-1.9976 	0.266112 	0.566182 	0.00298602 	
0.7	0.051588 	-0.00418871 	-1.99754 	0.266351 	0.567876 	0.0037045 	
0.705	0.0515915 	-0.00447158 	-1.9973 	0.266359 	0.567926 	0.00371674 	
0.71	0.051595 	-0.00475584 	-1.99707 	0.266367 	0.567976 	0.00372895 	
0.715	0.0515986 	-0.00504151 	-1.99684 	0.266375 	0.568026 	0.00374114 	
0.72	0.0517352 	-0.00557301 	-1.99677 	0.266627 	0.569755 	0.0044769 	
0.725	0.0517389 	-0.0058615 	-1.99653 	0.266635 	0.569805 	0.00448907 	
0.73	0.0517427 	-0.00615133 	-1.9963 	0.266643 	0.569856 	0.00450121 	
0.735	0.0517465 	-0.00644252 	-1.99606 	0.266651 	0.569906 	0.00451332 	
0.74	0.0518872 	-0.00698461 	-1.99599 	0.266914 	0.571668 	0.00526604 	
0.745	0.0518912 	-0.00727852 	-1.99575 	0.266922 	0.571719 	0.00527811 	
0.75	0.0518952 	-0.00757373 	-1.9955 	0.266931 	0.57177 	0.00529015 	
0.755	0.0518993 	-0.00787024 	-1.99526 	0.266939 	0.571821 	0.00530216 	
0.76	0.0520442 	-0.00842257 	-1.99519 	0.267215 	0.573615 	0.00607152 	
0.765	0.0520484 	-0.00872171 	-1.99494 	0.267223 	0.573666 	0.00608347 	
0.77	0.0520526 	-0.0090221 	-1.99469 	0.267231 	0.573718 	0.00609539 	
0.775	0.052057 	-0.00932376 	-1.99444 	0.26724 	0.573769 	0.00610726 	
0.78	0.0522061 	-0.00988596 	-1.99437 	0.267528 	0.575594 	0.00689293 	
0.785	0.0522105 	-0.0101901 	-1.99412 	0.267537 	0.575646 	0.00690474 	
0.79	0.052215 	-0.0104955 	-1.99386 	0.267545 	0.575697 	0.0069165 	
0.795	0.0522196 	-0.0108021 	-1.99361 	0.267553 	0.575749 	0.00692821 	
0.8	0.0523728 	-0.0113738 	-1.99353 	0.267855 	0.577604 	0.00772985 	
0.805	0.0523775 	-0.0116828 	-1.99328 	0.267863 	0.577656 	0.00774149 	
0.81	0.0523823 	-0.011993 	-1.99302 	0.267872 	0.577708 	0.00775307 	
0.815	0.0523871 	-0.0123043 	-1.99276 	0.26788 	0.577759 	0.0077646 	
0.82	0.0525445 	-0.0128852 	-1.99268 	0.268195 	0.579643 	0.00858186 	
0.825	0.0525495 	-0.0131988 	-1.99242 	0.268203 	0.579695 	0.0085933 	
0.83	0.0525545 	-0.0135135 	-1.99216 	0.268212 	0.579747 	0.00860468 	
0.835	0.0525596 	-0.0138294 	-1.99189 	0.26822 	0.579799 	0.008616 	
0.84	0.0527211 	-0.014419 	-1.99181 	0.268549 	0.58171 	0.00944852 	
0.845	0.0527264 	-0.0147371 	-1.99155 	0.268557 	0.581762 	0.00945974 	
0.85	0.0527316 	-0.0150562 	-1.99128 	0.268565 	0.581814 	0.00947089 	
0.855	0.052737 	-0.0153763 	-1.99101 	0.268574 	0.581866 	0.00948197 	
0.86	0.0529027 	-0.0159744 	-1.99093 	0.268916 	0.583803 	0.0103294 	
0.865	0.0529082 	-0.0162966 	-1.99066 	0.268924 	0.583855 	0.0103404 	
0.87	0.0529137 	-0.0166199 	-1.99039 	0.268933 	0.583907 	0.0103513 	
0.875	0.0529193 	-0.0169441 	-1.99011 	0.268941 	0.583959 	0.0103621 	
0.88	0.0530891 	-0.0175502 	-1.99003 	0.269297 	0.585921 	0.011224 	
0.885	0.0530949 	-0.0178764 	-1.98975 	0.269306 	0.585973 	0.0112347 	
0.89	0.0531007 	-0.0182036 	-1.98948 	0.269314 	0.586024 	0.0112453 	
0.895	0.0531066 	-0.0185318 	-1.9892 	0.269322 	0.586076 	0.0112559 	
0.9	0.0532805 	-0.0191454 	-1.98911 	0.269693 	0.588061 	0.0121319 	
0.905	0.0532865 	-0.0194755 	-1.98883 	0.269701 	0.588113 	0.0121423 	
0.91	0.0532926 	-0.0198064 	-1.98855 	0.269709 	0.588165 	0.0121526 	
0.915	0.0534315 	-0.0203611 	-1.98842 	0.270008 	0.58973 	0.0128433 	
0.92	0.0534377 	-0.0206938 	-1.98814 	0.270016 	0.589782 	0.0128535 	
0.925	0.053444 	-0.0210274 	-1.98786 	0.270025 	0.589833 	0.0128636 	
0.93	0.0534504 	-0.0213618 	-1.98757 	0.270033 	0.589885 	0.0128736 	
0.935	0.0536274 	-0.0219814 	-1.98747 	0.270419 	0.591864 	0.0137535 	
0.94	0.0536339 	-0.0223175 	-1.98719 	0.270428 	0.591915 	0.0137634 	
0.945	0.0536405 	-0.0226545 	-1.9869 	0.270436 	0.591967 	0.0137731 	
0.95	0.0537845 	-0.023219 	-1.98676 	0.270753 	0.593555 	0.0144796 	
0.955	0.0537912 	-0.0235575 	-1.98648 	0.270761 	0.593606 	0.0144892 	
0.96	0.053798 	-0.0238968 	-1.98619 	0.27077 	0.593657 	0.0144987 	
0.965	0.0539407 	-0.0244595 	-1.98604 	0.271087 	0.595215 	0.0151939 	
0.97	0.0539476 	-0.0248003 	-1.98575 	0.271095 	0.595266 	0.0152032 	
0.975	0.0539546 	-0.0251418 	-1.98546 	0.271103 	0.595317 	0.0152124 	
0.98	0.0540992 	-0.0257077 	-1.98531 	0.271428 	0.596881 	0.0159126 	
0.985	0.0541063 	-0.0260507 	-1.98502 	0.271436 	0.596932 	0.0159216 	
0.99	0.0541135 	-0.0263944 	-1.98473 	0.271444 	0.596983 	0.0159306 	
0.995	0.0542603 	-0.0269639 	-1.98457 	0.271777 	0.598555 	0.0166372 	
1	0.0542676 	-0.0273089 	-1.98428 	0.271785 	0.598606 	0.016646 	
1.005	0.054275 	-0.0276545 	-1.98398 	0.271793 	0.598656 	0.0166547 	
1.01	0.054424 	-0.0282275 	-1.98383 	0.272134 	0.600237 	0.0173677 	
1.015	0.0544315 	-0.0285744 	-1.98353 	0.272142 	0.600287 	0.0173762 	
1.02	0.0544391 	-0.0289219 	-1.98323 	0.27215 	0.600338 	0.0173846 	
1.025	0.0545903 	-0.0294981 	-1.98308 	0.272499 	0.601926 	0.0181039 	
1.03	0.054598 	-0.0298468 	-1.98278 	0.272506 	0.601976 	0.0181121 	
1.035	0.0546059 	-0.030196 	-1.98248 	0.272514 	0.602026 	0.0181201 	
1.04	0.0547591 	-0.0307751 	-1.98232 	0.272871 	0.603622 	0.0188455 	
1.045	0.0547671 	-0.0311255 	-1.98202 	0.272879 	0.603671 	0.0188533 	
1.05	0.0547751 	-0.0314763 	-1.98172 	0.272887 	0.603721 	0.0188611 	
1.055	0.0549305 	-0.0320583 	-1.98155 	0.273252 	0.605323 	0.0195923 	
1.06	0.0549387 	-0.0324102 	-1.98125 	0.27326 	0.605373 	0.0195998 	
1.065	0.0549469 	-0.0327625 	-1.98095 	0.273268 	0.605422 	0.0196072 	
1.07	0.0551044 	-0.033347 	-1.98078 	0.273641 	0.60703 	0.0203441 	
1.075	0.0551127 	-0.0337003 	-1.98048 	0.273649 	0.607079 	0.0203513 	
1.08	0.0551212 	-0.034054 	-1.98017 	0.273657 	0.607128 	0.0203584 	
1.085	0.0552807 	-0.0346408 	-1.98001 	0.274038 	0.608742 	0.0211007 	
1.09	0.0552893 	-0.0349954 	-1.9797 	0.274046 	0.60879 	0.0211075 	
1.095	0.0552979 	-0.0353503 	-1.97939 	0.274053 	0.608839 	0.0211143 	
1.1	0.0554594 	-0.0359393 	-1.97922 	0.274443 	0.610457 	0.0218618 	
1.105	0.0554682 	-0.0362949 	-1.97892 	0.27445 	0.610505 	0.0218683 	
1.11	0.0554771 	-0.0366509 	-1.97861 	0.274458 	0.610553 	0.0218746 	
1.115	0.0556405 	-0.0372418 	-1.97844 	0.274856 	0.612176 	0.0226272 	
1.12	0.0556495 	-0.0375985 	-1.97813 	0.274863 	0.612224 	0.0226333 	
1.125	0.0556586 	-0.0379555 	-1.97782 	0.27487 	0.612271 	0.0226393 	
1.13	0.055824 	-0.0385481 	-1.97764 	0.275276 	0.613897 	0.0233966 	
1.135	0.0558331 	-0.0389057 	-1.97733 	0.275283 	0.613944 	0.0234024 	
1.14	0.0558424 	-0.0392635 	-1.97702 	0.27529 	0.613991 	0.023408 	
1.145	0.0560097 	-0.0398575 	-1.97685 	0.275704 	0.61562 	0.0241699 	
1.15	0.056019 	-0.0402159 	-1.97653 	0.275711 	0.615667 	0.0241753 	
1.155	0.0560285 	-0.0405744 	-1.97622 	0.275718 	0.615714 	0.0241806 	
1.16	0.0561976 	-0.0411697 	-1.97604 	0.276139 	0.617345 	0.0249467 	
1.165	0.0562072 	-0.0415286 	-1.97573 	0.276146 	0.617391 	0.0249517 	
1.17	0.0562168 	-0.0418877 	-1.97542 	0.276153 	0.617437 	0.0249566 	
1.175	0.0563878 	-0.0424841 	-1.97524 	0.276582 	0.61907 	0.0257268 	
1.18	0.0563975 	-0.0428435 	-1.97492 	0.276589 	0.619115 	0.0257315 	
1.185	0.0564073 	-0.043203 	-1.97461 	0.276596 	0.619161 	0.025736 	
1.19	0.05658 	-0.0438002 	-1.97443 	0.277032 	0.620795 	0.02651 	
1.195	0.0565899 	-0.04416 	-1.97411 	0.277039 	0.62084 	0.0265143 	
1.2	0.0565999 	-0.0445198 	-1.9738 	0.277046 	0.620884 	0.0265185 	
1.205	0.0567743 	-0.0451176 	-1.97361 	0.27749 	0.622519 	0.0272961 	
1.21	0.0567844 	-0.0454776 	-1.9733 	0.277496 	0.622563 	0.0273 	
1.215	0.0567946 	-0.0458377 	-1.97298 	0.277503 	0.622607 	0.0273038 	
1.22	0.0569706 	-0.0464358 	-1.9728 	0.277954 	0.624242 	0.0280847 	
1.225	0.0569809 	-0.0467959 	-1.97248 	0.277961 	0.624285 	0.0280882 	
1.23	0.0569912 	-0.047156 	-1.97216 	0.277967 	0.624329 	0.0280916 	
1.235	0.0571688 	-0.0477543 	-1.97197 	0.278426 	0.625962 	0.0288756 	
1.24	0.0571793 	-0.0481144 	-1.97166 	0.278432 	0.626006 	0.0288788 	
1.245	0.0571898 	-0.0484744 	-1.97134 	0.278438 	0.626049 	0.0288818 	
1.25	0.0573689 	-0.0490727 	-1.97115 	0.278904 	0.627681 	0.0296686 	
1.255	0.0573796 	-0.0494326 	-1.97083 	0.27891 	0.627723 	0.0296714 	
1.26	0.0573902 	-0.0497924 	-1.97051 	0.278916 	0.627765 	0.029674 	
1.265	0.0575708 	-0.0503904 	-1.97032 	0.279389 	0.629395 	0.0304634 	
1.27	0.0575816 	-0.05075 	-1.97 	0.279395 	0.629437 	0.0304657 	
1.275	0.0575925 	-0.0511095 	-1.96969 	0.279401 	0.629479 	0.030468 	
1.28	0.0577745 	-0.0517069 	-1.96949 	0.279881 	0.631106 	0.0312597 	
1.285	0.0577854 	-0.0520661 	-1.96917 	0.279886 	0.631147 	0.0312617 	
1.29	0.0577964 	-0.0524252 	-1.96886 	0.279892 	0.631188 	0.0312635 	
1.295	0.0579798 	-0.0530219 	-1.96866 	0.280378 	0.632812 	0.0320572 	
1.3	0.0579909 	-0.0533806 	-1.96834 	0.280384 	0.632853 	0.0320588 	
1.305	0.058002 	-0.053739 	-1.96802 	0.28039 	0.632893 	0.0320603 	
1.31	0.0581866 	-0.0543347 	-1.96783 	0.280882 	0.634513 	0.0328558 	
1.315	0.0581979 	-0.0546928 	-1.96751 	0.280888 	0.634553 	0.032857 	
1.32	0.0582092 	-0.0550505 	-1.96719 	0.280893 	0.634593 	0.0328581 	
1.325	0.058395 	-0.0556451 	-1.96699 	0.281392 	0.636209 	0.0336551 	
1.33	0.0584064 	-0.0560023 	-1.96668 	0.281398 	0.636248 	0.0336559 	
1.335	0.0584179 	-0.0563592 	-1.96636 	0.281403 	0.636287 	0.0336566 	
1.34	0.0586048 	-0.0569524 	-1.96616 	0.281908 	0.637898 	0.0344548 	
1.345	0.0586163 	-0.0573087 	-1.96584 	0.281913 	0.637936 	0.0344552 	
1.35	0.0586279 	-0.0576646 	-1.96552 	0.281918 	0.637974 	0.0344555 	
1.355	0.0588159 	-0.0582562 	-1.96532 	0.282429 	0.639579 	0.0352547 	
1.36	0.0588276 	-0.0586115 	-1.965 	0.282434 	0.639617 	0.0352547 	
1.365	0.0588393 	-0.0589663 	-1.96468 	0.282439 	0.639654 	0.0352546 	
1.37	0.0590283 	-0.0595561 	-1.96449 	0.282955 	0.641253 	0.0360545 	
1.375	0.0590401 	-0.0599101 	-1.96417 	0.28296 	0.64129 	0.0360542 	
1.38	0.0590519 	-0.0602638 	-1.96385 	0.282965 	0.641327 	0.0360537 	
1.385	0.0592418 	-0.0608515 	-1.96365 	0.283487 	0.642919 	0.0368539 	
1.39	0.0592537 	-0.0612043 	-1.96333 	0.283491 	0.642956 	0.0368532 	
1.395	0.0592657 	-0.0615566 	-1.96301 	0.283496 	0.642992 	0.0368523 	
1.4	0.0594564 	-0.0621421 	-1.96281 	0.284023 	0.644577 	0.0376526 	
1.405	0.0594684 	-0.0624934 	-1.96249 	0.284028 	0.644612 	0.0376515 	
1.41	0.0594805 	-0.0628443 	-1.96218 	0.284032 	0.644647 	0.0376503 	
1.415	0.059672 	-0.0634273 	-1.96197 	0.284564 	0.646224 	0.0384504 	
1.42	0.0596841 	-0.0637771 	-1.96166 	0.284568 	0.646259 	0.038449 	
1.425	0.0596963 	-0.0641264 	-1.96134 	0.284573 	0.646294 	0.0384473 	
1.43	0.0598885 	-0.0647067 	-1.96114 	0.285109 	0.647862 	0.039247 	
1.435	0.0599007 	-0.0650548 	-1.96082 	0.285113 	0.647896 	0.0392451 	
1.44	0.0599129 	-0.0654024 	-1.96051 	0.285117 	0.64793 	0.0392432 	
1.445	0.0601057 	-0.0659798 	-1.9603 	0.285658 	0.649489 	0.040042 	
1.45	0.060118 	-0.0663262 	-1.95999 	0.285662 	0.649523 	0.0400398 	
1.455	0.0601304 	-0.0666719 	-1.95967 	0.285666 	0.649556 	0.0400374 	
1.46	0.0603236 	-0.0672463 	-1.95947 	0.286211 	0.651106 	0.0408352 	
1.465	0.060336 	-0.0675908 	-1.95915 	0.286215 	0.651138 	0.0408326 	
1.47	0.0603484 	-0.0679345 	-1.95884 	0.286219 	0.65117 	0.0408299 	
1.475	0.0605421 	-0.0685056 	-1.95864 	0.286768 	0.65271 	0.0416263 	
1.48	0.0605546 	-0.068848 	-1.95832 	0.286772 	0.652742 	0.0416234 	
1.485	0.0605671 	-0.0691898 	-1.95801 	0.286775 	0.652773 	0.0416203 	
1.49	0.0607611 	-0.0697573 	-1.95781 	0.287328 	0.654303 	0.0424149 	
1.495	0.0607736 	-0.0700976 	-1.9575 	0.287331 	0.654334 	0.0424117 	
1.5	0.0607862 	-0.0704372 	-1.95718 	0.287335 	0.654364 	0.0424083 	
1.505	0.0609805 	-0.071001 	-1.95698 	0.28789 	0.655882 	0.0432009 	
1.51	0.0609931 	-0.071339 	-1.95667 	0.287894 	0.655913 	0.0431973 	
1.515	0.0610057 	-0.0716763 	-1.95636 	0.287897 	0.655943 	0.0431936 	
1.52	0.0612001 	-0.0722362 	-1.95615 	0.288456 	0.657449 	0.0439839 	
1.525	0.0612127 	-0.0725719 	-1.95585 	0.288459 	0.657478 	0.04398 	
1.53	0.0612254 	-0.0729067 	-1.95554 	0.288462 	0.657508 	0.043976 	
1.535	0.0614199 	-0.0734625 	-1.95533 	0.289023 	0.659002 	0.0447636 	
1.54	0.0614325 	-0.0737957 	-1.95503 	0.289026 	0.659031 	0.0447594 	
1.545	0.0614453 	-0.074128 	-1.95472 	0.289029 	0.659059 	0.044755 	
1.55	0.0616397 	-0.0746796 	-1.95451 	0.289593 	0.660541 	0.0455397 	
1.555	0.0616524 	-0.0750101 	-1.95421 	0.289596 	0.660568 	0.0455352 	
1.56	0.0616651 	-0.0753398 	-1.95391 	0.289599 	0.660596 	0.0455305 	
1.565	0.0618594 	-0.0758868 	-1.9537 	0.290164 	0.662065 	0.0463119 	
1.57	0.0618722 	-0.0762146 	-1.9534 	0.290167 	0.662092 	0.0463071 	
1.575	0.061885 	-0.0765415 	-1.9531 	0.29017 	0.662119 	0.0463021 	
1.58	0.062079 	-0.0770839 	-1.95289 	0.290737 	0.663573 	0.0470799 	
1.585	0.0620918 	-0.0774089 	-1.95259 	0.290739 	0.6636 	0.0470748 	
1.59	0.0621046 	-0.0777329 	-1.95229 	0.290742 	0.663626 	0.0470695 	
1.595	0.0621174 	-0.078056 	-1.95199 	0.290744 	0.663652 	0.0470642 	
1.6	0.0623652 	-0.0786564 	-1.95181 	0.291483 	0.665514 	0.0480704 	
1.605	0.0623779 	-0.0789775 	-1.95152 	0.291485 	0.665539 	0.0480648 	
1.61	0.0623907 	-0.0792975 	-1.95122 	0.291487 	0.665564 	0.0480592 	
1.615	0.0625894 	-0.0798346 	-1.95102 	0.292074 	0.667028 	0.0488513 	
1.62	0.0626022 	-0.0801526 	-1.95072 	0.292077 	0.667052 	0.0488455 	
1.625	0.062615 	-0.0804695 	-1.95043 	0.292079 	0.667077 	0.0488396 	
1.63	0.0626278 	-0.0807853 	-1.95013 	0.292081 	0.667101 	0.0488336 	
1.635	0.0628746 	-0.0813727 	-1.94996 	0.292823 	0.668922 	0.0498288 	
1.64	0.0628873 	-0.0816864 	-1.94966 	0.292825 	0.668945 	0.0498226 	
1.645	0.0629001 	-0.0819989 	-1.94937 	0.292827 	0.668969 	0.0498164 	
1.65	0.0629129 	-0.0823104 	-1.94908 	0.292828 	0.668992 	0.0498101 	
1.655	0.0631635 	-0.0828952 	-1.94891 	0.293587 	0.670823 	0.0508179 	
1.66	0.0631762 	-0.0832044 	-1.94862 	0.293589 	0.670846 	0.0508114 	
1.665	0.063189 	-0.0835124 	-1.94833 	0.29359 	0.670869 	0.0508049 	
1.67	0.0632017 	-0.0838193 	-1.94804 	0.293592 	0.670891 	0.0507983 	
1.675	0.0634513 	-0.0843959 	-1.94787 	0.294351 	0.672697 	0.0517986 	
1.68	0.063464 	-0.0847004 	-1.94759 	0.294353 	0.672719 	0.0517918 	
1.685	0.0634767 	-0.0850038 	-1.9473 	0.294354 	0.672741 	0.051785 	
1.69	0.0634894 	-0.0853059 	-1.94702 	0.294355 	0.672762 	0.051778 	
1.695	0.0637374 	-0.0858734 	-1.94685 	0.295114 	0.674539 	0.0527681 	
1.7	0.06375 	-0.0861732 	-1.94657 	0.295115 	0.67456 	0.052761 	
1.705	0.0637627 	-0.0864716 	-1.94628 	0.295116 	0.67458 	0.0527539 	
1.71	0.0637753 	-0.0867688 	-1.94601 	0.295117 	0.674601 	0.0527467 	
1.715	0.0640213 	-0.0873269 	-1.94583 	0.295873 	0.676347 	0.0537255 	
1.72	0.0640339 	-0.0876216 	-1.94556 	0.295874 	0.676366 	0.0537182 	
1.725	0.0640464 	-0.087915 	-1.94528 	0.295875 	0.676386 	0.0537109 	
1.73	0.064059 	-0.0882071 	-1.94501 	0.295876 	0.676406 	0.0537034 	
1.735	0.0643028 	-0.0887554 	-1.94483 	0.296628 	0.67812 	0.0546702 	
1.74	0.0643153 	-0.0890449 	-1.94456 	0.296629 	0.678139 	0.0546627 	
1.745	0.0643278 	-0.089333 	-1.94429 	0.29663 	0.678158 	0.0546551 	
1.75	0.0643402 	-0.0896198 	-1.94402 	0.296631 	0.678176 	0.0546474 	
1.755	0.0645816 	-0.090158 	-1.94385 	0.297379 	0.679858 	0.0556014 	
1.76	0.064594 	-0.0904422 	-1.94358 	0.297379 	0.679876 	0.0555936 	
1.765	0.0646064 	-0.0907249 	-1.94331 	0.29738 	0.679894 	0.0555858 	
1.77	0.0646187 	-0.0910063 	-1.94305 	0.297381 	0.679911 	0.055578 	
1.775	0.0648574 	-0.091534 	-1.94288 	0.298124 	0.681559 	0.0565183 	
1.78	0.0648697 	-0.0918126 	-1.94262 	0.298124 	0.681576 	0.0565104 	
1.785	0.0648819 	-0.0920898 	-1.94235 	0.298125 	0.681593 	0.0565024 	
1.79	0.0648942 	-0.0923656 	-1.94209 	0.298125 	0.68161 	0.0564944 	
1.795	0.06513 	-0.0928826 	-1.94193 	0.298862 	0.683223 	0.0574204 	
1.8	0.0651421 	-0.0931555 	-1.94167 	0.298862 	0.68324 	0.0574123 	
1.805	0.0651542 	-0.0934269 	-1.94141 	0.298863 	0.683256 	0.0574041 	
1.81	0.0651663 	-0.0936969 	-1.94115 	0.298863 	0.683272 	0.0573959 	
1.815	0.0653989 	-0.0942029 	-1.94099 	0.299593 	0.68485 	0.0583068 	
1.82	0.0654109 	-0.0944699 	-1.94073 	0.299593 	0.684865 	0.0582986 	
1.825	0.0654229 	-0.0947355 	-1.94048 	0.299593 	0.684881 	0.0582903 	
1.83	0.0654348 	-0.0949995 	-1.94023 	0.299593 	0.684896 	0.0582819 	
1.835	0.065664 	-0.0954942 	-1.94007 	0.300315 	0.686437 	0.0591769 	
1.84	0.0656758 	-0.0957552 	-1.93982 	0.300315 	0.686452 	0.0591686 	
1.845	0.0656876 	-0.0960147 	-1.93957 	0.300315 	0.686467 	0.0591602 	
1.85	0.0656994 	-0.0962726 	-1.93932 	0.300315 	0.686481 	0.0591517 	
1.855	0.065925 	-0.0967557 	-1.93916 	0.301029 	0.687986 	0.0600301 	
1.86	0.0659366 	-0.0970105 	-1.93892 	0.301028 	0.688 	0.0600216 	
1.865	0.0659482 	-0.0972638 	-1.93868 	0.301028 	0.688013 	0.0600131 	
1.87	0.0659598 	-0.0975155 	-1.93844 	0.301028 	0.688027 	0.0600046 	
1.875	0.0661815 	-0.0979867 	-1.93828 	0.301732 	0.689494 	0.0608656 	
1.88	0.0661929 	-0.0982353 	-1.93804 	0.301731 	0.689507 	0.060857 	
1.885	0.0662044 	-0.0984822 	-1.93781 	0.301731 	0.68952 	0.0608485 	
1.89	0.0662157 	-0.0987275 	-1.93757 	0.301731 	0.689533 	0.0608399 	
1.895	0.0664333 	-0.0991865 	-1.93741 	0.302423 	0.690961 	0.0616827 	
1.9	0.0664446 	-0.0994286 	-1.93718 	0.302423 	0.690973 	0.0616742 	
1.905	0.0664557 	-0.0996691 	-1.93695 	0.302423 	0.690986 	0.0616656 	
1.91	0.0664669 	-0.0999079 	-1.93672 	0.302422 	0.690998 	0.061657 	
1.915	0.0666801 	-0.100354 	-1.93657 	0.303103 	0.692387 	0.0624809 	
1.92	0.0666912 	-0.10059 	-1.93634 	0.303103 	0.692398 	0.0624723 	
1.925	0.0667021 	-0.100824 	-1.93612 	0.303102 	0.69241 	0.0624637 	
1.93	0.0667131 	-0.101056 	-1.9359 	0.303102 	0.692422 	0.0624551 	
1.935	0.0667239 	-0.101286 	-1.93567 	0.303101 	0.692433 	0.0624465 	
1.94	0.0669762 	-0.101763 	-1.93554 	0.303918 	0.694076 	0.06343 	
1.945	0.0669869 	-0.10199 	-1.93532 	0.303917 	0.694087 	0.0634214 	
1.95	0.0669976 	-0.102216 	-1.93511 	0.303916 	0.694098 	0.0634128 	
1.955	0.0670082 	-0.102439 	-1.93489 	0.303916 	0.694108 	0.0634043 	
1.96	0.0670187 	-0.102661 	-1.93468 	0.303915 	0.694119 	0.0633957 	
1.965	0.0672682 	-0.103125 	-1.93455 	0.304726 	0.69573 	0.0643666 	
1.97	0.0672786 	-0.103343 	-1.93434 	0.304726 	0.69574 	0.0643581 	
1.975	0.0672889 	-0.10356 	-1.93413 	0.304725 	0.69575 	0.0643496 	
1.98	0.0672992 	-0.103775 	-1.93392 	0.304724 	0.69576 	0.0643411 	
1.985	0.0673095 	-0.103988 	-1.93372 	0.304723 	0.69577 	0.0643326 	
1.99	0.0675514 	-0.104434 	-1.93359 	0.305513 	0.697319 	0.0652722 	
1.995	0.0675615 	-0.104643 	-1.93339 	0.305512 	0.697329 	0.0652637 	
2	0.0675715 	-0.104851 	-1.93319 	0.305511 	0.697338 	0.0652553 	
2.005	0.0675814 	-0.105057 	-1.93299 	0.30551 	0.697347 	0.0652469 	
2.01	0.0675913 	-0.105261 	-1.93279 	0.305509 	0.697356 	0.0652385 	
2.015	0.0678249 	-0.105688 	-1.93267 	0.306275 	0.69884 	0.0661436 	
2.02	0.0678346 	-0.105889 	-1.93248 	0.306274 	0.698849 	0.0661353 	
2.025	0.0678443 	-0.106088 	-1.93229 	0.306273 	0.698857 	0.066127 	
2.03	0.0678539 	-0.106284 	-1.93209 	0.306272 	0.698865 	0.0661188 	
2.035	0.0678634 	-0.106479 	-1.93191 	0.306271 	0.698874 	0.0661106 	
2.04	0.0680882 	-0.106887 	-1.93179 	0.30701 	0.700291 	0.0669797 	
2.045	0.0680976 	-0.107078 	-1.9316 	0.307009 	0.700299 	0.0669716 	
2.05	0.0681068 	-0.107268 	-1.93142 	0.307008 	0.700306 	0.0669635 	
2.055	0.068116 	-0.107456 	-1.93124 	0.307007 	0.700314 	0.0669554 	
2.06	0.0681251 	-0.107641 	-1.93106 	0.307006 	0.700322 	0.0669474 	
2.065	0.0681342 	-0.107825 	-1.93088 	0.307005 	0.700329 	0.0669394 	
2.07	0.0683857 	-0.108247 	-1.93078 	0.307841 	0.701911 	0.0679172 	
2.075	0.0683946 	-0.108427 	-1.93061 	0.307839 	0.701918 	0.0679093 	
2.08	0.0684034 	-0.108605 	-1.93043 	0.307838 	0.701925 	0.0679015 	
2.085	0.0684121 	-0.108781 	-1.93026 	0.307837 	0.701932 	0.0678937 	
2.09	0.0684207 	-0.108956 	-1.93009 	0.307836 	0.701939 	0.067886 	
2.095	0.0684293 	-0.109128 	-1.92992 	0.307835 	0.701946 	0.0678783 	
2.1	0.0686711 	-0.109527 	-1.92983 	0.308642 	0.703454 	0.068817 	
2.105	0.0686794 	-0.109696 	-1.92967 	0.30864 	0.703461 	0.0688094 	
2.11	0.0686877 	-0.109863 	-1.9295 	0.308639 	0.703467 	0.0688019 	
2.115	0.0686959 	-0.110027 	-1.92934 	0.308638 	0.703473 	0.0687944 	
2.12	0.068704 	-0.11019 	-1.92918 	0.308637 	0.703479 	0.068787 	
2.125	0.0687121 	-0.110351 	-1.92903 	0.308636 	0.703485 	0.0687796 	
2.13	0.0689399 	-0.110723 	-1.92894 	0.309398 	0.704895 	0.0696624 	
2.135	0.0689477 	-0.11088 	-1.92879 	0.309397 	0.704901 	0.0696551 	
2.14	0.0689555 	-0.111035 	-1.92864 	0.309396 	0.704907 	0.069648 	
2.145	0.0689632 	-0.111188 	-1.92849 	0.309395 	0.704912 	0.0696409 	
2.15	0.0689707 	-0.111339 	-1.92834 	0.309394 	0.704918 	0.0696338 	
2.155	0.0689782 	-0.111488 	-1.92819 	0.309393 	0.704923 	0.0696268 	
2.16	0.0689856 	-0.111635 	-1.92805 	0.309392 	0.704928 	0.0696199 	
2.165	0.0692276 	-0.112007 	-1.92798 	0.310208 	0.706421 	0.0705612 	
2.17	0.0692348 	-0.11215 	-1.92784 	0.310207 	0.706426 	0.0705544 	
2.175	0.0692419 	-0.112291 	-1.9277 	0.310206 	0.706431 	0.0705477 	
2.18	0.069249 	-0.112429 	-1.92756 	0.310205 	0.706436 	0.0705411 	
2.185	0.0692559 	-0.112566 	-1.92743 	0.310204 	0.70644 	0.0705346 	
2.19	0.0692627 	-0.112701 	-1.9273 	0.310203 	0.706445 	0.0705281 	
2.195	0.0692694 	-0.112834 	-1.92717 	0.310201 	0.706449 	0.0705217 	
2.2	0.0694938 	-0.113173 	-1.9271 	0.310961 	0.707823 	0.0713933 	
2.205	0.0695004 	-0.113302 	-1.92698 	0.31096 	0.707828 	0.071387 	
2.21	0.0695068 	-0.113429 	-1.92685 	0.310959 	0.707832 	0.0713809 	
2.215	0.0695131 	-0.113554 	-1.92673 	0.310958 	0.707836 	0.0713748 	
2.22	0.0695194 	-0.113677 	-1.92661 	0.310957 	0.70784 	0.0713688 	
2.225	0.0695255 	-0.113797 	-1.92649 	0.310956 	0.707844 	0.0713629 	
2.23	0.0695316 	-0.113916 	-1.92638 	0.310955 	0.707848 	0.0713571 	
2.235	0.0695375 	-0.114032 	-1.92626 	0.310954 	0.707852 	0.0713513 	
2.24	0.0697636 	-0.114356 	-1.92621 	0.311725 	0.70923 	0.0722318 	
2.245	0.0697693 	-0.114468 	-1.9261 	0.311724 	0.709234 	0.0722263 	
2.25	0.0697749 	-0.114579 	-1.92599 	0.311723 	0.709237 	0.0722208 	
2.255	0.0697804 	-0.114687 	-1.92589 	0.311722 	0.709241 	0.0722154 	
2.26	0.0697859 	-0.114793 	-1.92578 	0.311721 	0.709244 	0.0722101 	
2.265	0.0697912 	-0.114897 	-1.92568 	0.31172 	0.709247 	0.0722049 	
2.27	0.0697964 	-0.114999 	-1.92558 	0.311719 	0.70925 	0.0721998 	
2.275	0.0698016 	-0.115099 	-1.92548 	0.311718 	0.709253 	0.0721947 	
2.28	0.0698066 	-0.115197 	-1.92539 	0.311717 	0.709256 	0.0721898 	
2.285	0.0698115 	-0.115293 	-1.92529 	0.311716 	0.709259 	0.072185 	
2.29	0.0700497 	-0.115606 	-1.92527 	0.312536 	0.710708 	0.0731175 	
2.295	0.0700544 	-0.115698 	-1.92518 	0.312535 	0.710711 	0.0731128 	
2.3	0.070059 	-0.115787 	-1.92509 	0.312534 	0.710714 	0.0731083 	
2.305	0.0700634 	-0.115874 	-1.925 	0.312533 	0.710716 	0.0731038 	
2.31	0.0700678 	-0.11596 	-1.92492 	0.312532 	0.710719 	0.0730995 	
2.315	0.0700721 	-0.116043 	-1.92484 	0.312531 	0.710721 	0.0730953 	
2.32	0.0700763 	-0.116123 	-1.92476 	0.312531 	0.710724 	0.0730911 	
2.325	0.0700804 	-0.116202 	-1.92468 	0.31253 	0.710726 	0.0730871 	
2.33	0.0700843 	-0.116279 	-1.9246 	0.312529 	0.710728 	0.0730831 	
2.335	0.0700882 	-0.116353 	-1.92453 	0.312528 	0.71073 	0.0730793 	
2.34	0.0700919 	-0.116426 	-1.92446 	0.312528 	0.710733 	0.0730755 	
2.345	0.0700956 	-0.116496 	-1.92439 	0.312527 	0.710735 	0.0730719 	
2.35	0.0703202 	-0.116771 	-1.92438 	0.313306 	0.712097 	0.0739551 	
2.355	0.0703236 	-0.116837 	-1.92432 	0.313305 	0.712099 	0.0739516 	
2.36	0.0703269 	-0.116901 	-1.92426 	0.313305 	0.7121 	0.0739483 	
2.365	0.0703301 	-0.116963 	-1.9242 	0.313304 	0.712102 	0.0739451 	
2.37	0.0703332 	-0.117022 	-1.92414 	0.313304 	0.712104 	0.073942 	
2.375	0.0703362 	-0.11708 	-1.92408 	0.313303 	0.712105 	0.073939 	
2.38	0.070339 	-0.117135 	-1.92403 	0.313302 	0.712107 	0.0739361 	
2.385	0.0703418 	-0.117188 	-1.92397 	0.313302 	0.712108 	0.0739333 	
2.39	0.0703444 	-0.117239 	-1.92392 	0.313301 	0.71211 	0.0739307 	
2.395	0.070347 	-0.117288 	-1.92388 	0.313301 	0.712111 	0.0739281 	
2.4	0.0703494 	-0.117335 	-1.92383 	0.3133 	0.712113 	0.0739257 	
2.405	0.0703517 	-0.117379 	-1.92379 	0.3133 	0.712114 	0.0739233 	
2.41	0.0703539 	-0.117421 	-1.92374 	0.313299 	0.712115 	0.0739211 	
2.415	0.070356 	-0.117462 	-1.9237 	0.313299 	0.712116 	0.073919 	
2.42	0.0703578 	-0.117496 	-1.92367 	0.313298 	0.712117 	0.0739172 	
2.425	0.0703598 	-0.117535 	-1.92363 	0.313298 	0.712118 	0.0739151 	
2.43	0.0703614 	-0.117566 	-1.9236 	0.313298 	0.712119 	0.0739135 	
2.435	0.0703631 	-0.117597 	-1.92357 	0.313297 	0.71212 	0.0739118 	
2.44	0.0703646 	-0.117627 	-1.92354 	0.313297 	0.712121 	0.0739103 	
2.445	0.0703661 	-0.117654 	-1.92351 	0.313297 	0.712121 	0.0739088 	
2.45	0.0703674 	-0.11768 	-1.92349 	0.313296 	0.712122 	0.0739075 	
2.455	0.0703686 	-0.117703 	-1.92347 	0.313296 	0.712123 	0.0739063 	
2.46	0.0705899 	-0.117928 	-1.9235 	0.314075 	0.713469 	0.0747871 	
2.465	0.0705909 	-0.117947 	-1.92349 	0.314075 	0.713469 	0.0747859 	
2.47	0.0705918 	-0.117963 	-1.92347 	0.314075 	0.713469 	0.074785 	
2.475	0.0705925 	-0.117978 	-1.92346 	0.314075 	0.71347 	0.0747843 	
2.48	0.0705931 	-0.11799 	-1.92344 	0.314075 	0.71347 	0.0747836 	
2.485	0.0705937 	-0.118 	-1.92343 	0.314075 	0.71347 	0.0747831 	
2.49	0.0705941 	-0.118008 	-1.92343 	0.314074 	0.713471 	0.0747827 	
2.495	0.0705944 	-0.118014 	-1.92342 	0.314074 	0.713471 	0.0747824 	
2.5	0.0705944 	-0.118014 	-1.92342 	0.314074 	0.713471 	0.0747824 	
2.505	0.0705946 	-0.118018 	-1.92342 	0.314074 	0.713471 	0.0747822 	
2.51	0.0705946 	-0.118018 	-1.92342 	0.314074 	0.713471 	0.0747822 	
2.515	0.0705921 	-0.118019 	-1.92341 	0.314074 	0.713467 	0.0747836 	
2.52	0.0705898 	-0.118022 	-1.9234 	0.314073 	0.713462 	0.0747841 	
2.525	0.0705867 	-0.118025 	-1.92339 	0.314072 	0.713454 	0.0747846 	
2.53	0.0705828 	-0.11803 	-1.92338 	0.314071 	0.713444 	0.0747853 	
2.535	0.070578 	-0.118036 	-1.92336 	0.314069 	0.713432 	0.0747861 	
2.54	0.0705722 	-0.118042 	-1.92334 	0.314067 	0.713418 	0.074787 	
2.545	0.0705656 	-0.11805 	-1.92332 	0.314065 	0.713401 	0.0747881 	
2.55	0.0705581 	-0.118059 	-1.92329 	0.314063 	0.713382 	0.0747894 	
2.555	0.0705496 	-0.118069 	-1.92326 	0.31406 	0.713361 	0.0747908 	
2.56	0.0705446 	-0.118084 	-1.92322 	0.314055 	0.713337 	0.0747867 	
2.565	0.0705348 	-0.118097 	-1.92319 	0.314051 	0.713312 	0.0747879 	
2.57	0.0705237 	-0.11811 	-1.92315 	0.314047 	0.713284 	0.0747896 	
2.575	0.0705117 	-0.118124 	-1.92311 	0.314043 	0.713254 	0.0747916 	
2.58	0.0704988 	-0.118139 	-1.92306 	0.314039 	0.713222 	0.0747937 	
2.585	0.0704837 	-0.118157 	-1.92301 	0.314033 	0.713184 	0.0747962 	
2.59	0.0704702 	-0.118172 	-1.92296 	0.314029 	0.71315 	0.0747985 	
2.595	0.0704533 	-0.118192 	-1.9229 	0.314023 	0.713108 	0.0748013 	
2.6	0.0704367 	-0.118212 	-1.92284 	0.314017 	0.713066 	0.074804 	
2.605	0.0704193 	-0.118232 	-1.92278 	0.314011 	0.713023 	0.0748069 	
2.61	0.0704134 	-0.11822 	-1.92271 	0.314102 	0.712823 	0.0761413 	
2.615	0.0703942 	-0.118242 	-1.92264 	0.314096 	0.712775 	0.0761444 	
2.62	0.0703741 	-0.118266 	-1.92257 	0.314089 	0.712724 	0.0761477 	
2.625	0.0703531 	-0.11829 	-1.9225 	0.314082 	0.712672 	0.0761512 	
2.63	0.0703313 	-0.118316 	-1.92242 	0.314074 	0.712617 	0.0761548 	
2.635	0.0703086 	-0.118342 	-1.92234 	0.314066 	0.71256 	0.0761585 	
2.64	0.070285 	-0.11837 	-1.92226 	0.314058 	0.712501 	0.0761624 	
2.645	0.0702605 	-0.118399 	-1.92217 	0.31405 	0.71244 	0.0761664 	
2.65	0.0702352 	-0.118429 	-1.92208 	0.314041 	0.712377 	0.0761706 	
2.655	0.070181 	-0.118382 	-1.92197 	0.313994 	0.711881 	0.077519 	
2.66	0.0701539 	-0.118414 	-1.92188 	0.313984 	0.711813 	0.0775235 	
2.665	0.070126 	-0.118447 	-1.92178 	0.313975 	0.711743 	0.0775281 	
2.67	0.0700971 	-0.118481 	-1.92168 	0.313965 	0.711671 	0.0775328 	
2.675	0.0700675 	-0.118516 	-1.92157 	0.313955 	0.711597 	0.0775377 	
2.68	0.0700369 	-0.118552 	-1.92146 	0.313944 	0.71152 	0.0775427 	
2.685	0.0700055 	-0.118588 	-1.92135 	0.313933 	0.711442 	0.0775479 	
2.69	0.0699408 	-0.118544 	-1.92122 	0.31387 	0.710897 	0.078919 	
2.695	0.0699076 	-0.118583 	-1.9211 	0.313858 	0.710814 	0.0789244 	
2.7	0.0698737 	-0.118623 	-1.92098 	0.313846 	0.710728 	0.07893 	
2.705	0.0698389 	-0.118664 	-1.92086 	0.313834 	0.710641 	0.0789357 	
2.71	0.0698032 	-0.118706 	-1.92074 	0.313822 	0.710552 	0.0789416 	
2.715	0.0697667 	-0.118749 	-1.92061 	0.31381 	0.71046 	0.0789476 	
2.72	0.0696958 	-0.118709 	-1.92045 	0.313742 	0.709891 	0.0803444 	
2.725	0.0696576 	-0.118754 	-1.92032 	0.313729 	0.709795 	0.0803507 	
2.73	0.0696186 	-0.1188 	-1.92018 	0.313715 	0.709697 	0.0803571 	
2.735	0.0695787 	-0.118847 	-1.92004 	0.313702 	0.709597 	0.0803636 	
2.74	0.069538 	-0.118895 	-1.9199 	0.313688 	0.709495 	0.0803703 	
2.745	0.0694646 	-0.118864 	-1.91973 	0.313621 	0.708939 	0.0816992 	
2.75	0.0694223 	-0.118914 	-1.91958 	0.313606 	0.708833 	0.0817062 	
2.755	0.0693791 	-0.118965 	-1.91943 	0.313592 	0.708724 	0.0817133 	
2.76	0.0693351 	-0.119017 	-1.91927 	0.313576 	0.708614 	0.0817205 	
2.765	0.0692903 	-0.11907 	-1.91911 	0.313561 	0.708501 	0.0817278 	
2.77	0.06921 	-0.119037 	-1.91893 	0.313489 	0.707894 	0.083174 	
2.775	0.0691636 	-0.119092 	-1.91877 	0.313473 	0.707778 	0.0831817 	
2.78	0.0691163 	-0.119148 	-1.9186 	0.313456 	0.707659 	0.0831894 	
2.785	0.0690683 	-0.119205 	-1.91843 	0.31344 	0.707539 	0.0831973 	
2.79	0.0689887 	-0.119186 	-1.91824 	0.313373 	0.706979 	0.0844819 	
2.795	0.068939 	-0.119245 	-1.91806 	0.313356 	0.706854 	0.08449 	
2.8	0.0688766 	-0.119292 	-1.9179 	0.313343 	0.70673 	0.084514 	
2.805	0.0688252 	-0.119352 	-1.91772 	0.313326 	0.706601 	0.0845226 	
2.81	0.068741 	-0.119334 	-1.91751 	0.313255 	0.706013 	0.0858681 	
2.815	0.0686882 	-0.119396 	-1.91733 	0.313237 	0.70588 	0.0858768 	
2.82	0.0686346 	-0.11946 	-1.91714 	0.313219 	0.705745 	0.0858856 	
2.825	0.0685802 	-0.119525 	-1.91694 	0.3132 	0.705608 	0.0858945 	
2.83	0.068491 	-0.119505 	-1.91673 	0.313125 	0.704985 	0.087322 	
2.835	0.0684351 	-0.119572 	-1.91653 	0.313106 	0.704844 	0.0873311 	
2.84	0.0683784 	-0.11964 	-1.91633 	0.313087 	0.704701 	0.0873404 	
2.845	0.068321 	-0.119708 	-1.91612 	0.313067 	0.704557 	0.0873498 	
2.85	0.0682267 	-0.119687 	-1.91589 	0.312988 	0.703897 	0.0888601 	
2.855	0.0681678 	-0.119758 	-1.91568 	0.312968 	0.703748 	0.0888698 	
2.86	0.0681081 	-0.119829 	-1.91547 	0.312948 	0.703598 	0.0888795 	
2.865	0.0680184 	-0.119829 	-1.91524 	0.312879 	0.703029 	0.0901065 	
2.87	0.0679572 	-0.119902 	-1.91502 	0.312858 	0.702875 	0.0901165 	
2.875	0.0678953 	-0.119976 	-1.9148 	0.312837 	0.702719 	0.0901266 	
2.88	0.0678031 	-0.119978 	-1.91455 	0.312767 	0.702141 	0.0913659 	
2.885	0.0677397 	-0.120054 	-1.91433 	0.312746 	0.701981 	0.0913763 	
2.89	0.0676757 	-0.120131 	-1.9141 	0.312724 	0.70182 	0.0913867 	
2.895	0.0675803 	-0.120132 	-1.91385 	0.312652 	0.701222 	0.0926674 	
2.9	0.0675148 	-0.120211 	-1.91362 	0.31263 	0.701056 	0.0926781 	
2.905	0.0674486 	-0.120291 	-1.91338 	0.312607 	0.700889 	0.0926889 	
2.91	0.0673501 	-0.120293 	-1.91312 	0.312533 	0.700271 	0.0940131 	
2.915	0.0672825 	-0.120375 	-1.91288 	0.31251 	0.7001 	0.0940241 	
2.92	0.0672142 	-0.120457 	-1.91263 	0.312487 	0.699928 	0.0940353 	
2.925	0.0671126 	-0.120459 	-1.91236 	0.31241 	0.69929 	0.0954026 	
2.93	0.0670429 	-0.120544 	-1.91212 	0.312386 	0.699114 	0.0954139 	
2.935	0.0669725 	-0.120629 	-1.91186 	0.312362 	0.698936 	0.0954254 	
2.94	0.0668679 	-0.120631 	-1.91159 	0.312284 	0.698278 	0.096835 	
2.945	0.0667961 	-0.120718 	-1.91133 	0.312259 	0.698097 	0.0968467 	
2.95	0.0667237 	-0.120806 	-1.91107 	0.312235 	0.697913 	0.0968585 	
2.955	0.0666162 	-0.120809 	-1.91079 	0.312154 	0.697236 	0.0983097 	
2.96	0.0665424 	-0.120899 	-1.91052 	0.312129 	0.69705 	0.0983217 	
2.965	0.0664681 	-0.120989 	-1.91025 	0.312103 	0.696862 	0.0983338 	
2.97	0.0663576 	-0.120992 	-1.90996 	0.31202 	0.696166 	0.0998258 	
2.975	0.0662819 	-0.121084 	-1.90969 	0.311995 	0.695974 	0.0998381 	
2.98	0.0662056 	-0.121177 	-1.90941 	0.311969 	0.695781 	0.0998505 	
2.985	0.0660923 	-0.121181 	-1.90911 	0.311884 	0.695066 	0.101382 	
2.99	0.0660148 	-0.121276 	-1.90883 	0.311857 	0.69487 	0.101395 	
2.995	0.0659366 	-0.121371 	-1.90855 	0.311831 	0.694672 	0.101408 	
3	0.0658205 	-0.121375 	-1.90824 	0.311744 	0.693939 	0.102979 	
3.005	0.0657411 	-0.121472 	-1.90796 	0.311717 	0.693738 	0.102992 	
3.01	0.0656611 	-0.12157 	-1.90767 	0.31169 	0.693535 	0.103005 	
3.015	0.0655423 	-0.121574 	-1.90735 	0.3116 	0.692784 	0.104614 	
3.02	0.0654611 	-0.121674 	-1.90706 	0.311573 	0.692578 	0.104627 	
3.025	0.0653933 	-0.12179 	-1.90674 	0.31154 	0.692368 	0.104622 	
3.03	0.065272 	-0.121794 	-1.90642 	0.311449 	0.6916 	0.106269 	
3.035	0.065189 	-0.121896 	-1.90612 	0.311421 	0.69139 	0.106282 	
3.04	0.0651055 	-0.121999 	-1.90582 	0.311392 	0.691177 	0.106295 	
3.045	0.0649815 	-0.122004 	-1.90548 	0.3113 	0.690393 	0.107978 	
3.05	0.0648969 	-0.122109 	-1.90518 	0.311271 	0.690178 	0.107992 	
3.055	0.0648117 	-0.122214 	-1.90487 	0.311242 	0.689961 	0.108006 	
3.06	0.0646853 	-0.122219 	-1.90453 	0.311148 	0.68916 	0.109724 	
3.065	0.064599 	-0.122326 	-1.90422 	0.311118 	0.68894 	0.109738 	
3.07	0.0644832 	-0.122362 	-1.90388 	0.311042 	0.688305 	0.110965 	
3.075	0.0643958 	-0.122471 	-1.90357 	0.311013 	0.688082 	0.110979 	
3.08	0.064308 	-0.12258 	-1.90325 	0.310983 	0.687859 	0.110993 	
3.085	0.0641788 	-0.122589 	-1.9029 	0.310888 	0.687049 	0.112717 	
3.09	0.0640899 	-0.122699 	-1.90257 	0.310858 	0.686822 	0.112731 	
3.095	0.0639707 	-0.122737 	-1.90223 	0.31078 	0.686168 	0.113992 	
3.1	0.0638808 	-0.12285 	-1.9019 	0.31075 	0.685939 	0.114006 	
3.105	0.0637615 	-0.122891 	-1.90155 	0.310673 	0.685294 	0.115233 	
3.11	0.0636706 	-0.123005 	-1.90122 	0.310642 	0.685062 	0.115248 	
3.115	0.0635501 	-0.123047 	-1.90086 	0.310564 	0.684411 	0.116484 	
3.12	0.0634583 	-0.123162 	-1.90053 	0.310534 	0.684176 	0.116499 	
3.125	0.0633366 	-0.123205 	-1.90017 	0.310455 	0.683518 	0.117748 	
3.13	0.0632438 	-0.123322 	-1.89983 	0.310424 	0.683281 	0.117763 	
3.135	0.0631208 	-0.123366 	-1.89947 	0.310345 	0.682616 	0.119026 	
3.14	0.0630272 	-0.123484 	-1.89913 	0.310314 	0.682377 	0.119041 	
3.145	0.062903 	-0.123528 	-1.89876 	0.310234 	0.681705 	0.120317 	
3.15	0.0628084 	-0.123647 	-1.89842 	0.310202 	0.681463 	0.120333 	
3.155	0.0626831 	-0.123693 	-1.89804 	0.310122 	0.680784 	0.121621 	
3.16	0.0625877 	-0.123813 	-1.8977 	0.31009 	0.68054 	0.121637 	
3.165	0.0624612 	-0.123859 	-1.89732 	0.310009 	0.679855 	0.122938 	
3.17	0.062365 	-0.123981 	-1.89697 	0.309977 	0.679608 	0.122953 	
3.175	0.0622375 	-0.124028 	-1.89659 	0.309895 	0.678917 	0.124267 	
3.18	0.0621404 	-0.124151 	-1.89623 	0.309863 	0.678668 	0.124282 	
3.185	0.0620118 	-0.124198 	-1.89585 	0.30978 	0.67797 	0.125607 	
3.19	0.061914 	-0.124323 	-1.89549 	0.309748 	0.677719 	0.125623 	
3.195	0.0617844 	-0.124371 	-1.89511 	0.309665 	0.677016 	0.12696 	
3.2	0.0616858 	-0.124496 	-1.89474 	0.309632 	0.676762 	0.126975 	
3.205	0.0615552 	-0.124545 	-1.89436 	0.309548 	0.676053 	0.128323 	
3.21	0.0614559 	-0.124672 	-1.89399 	0.309515 	0.675798 	0.128339 	
3.215	0.0613243 	-0.124721 	-1.8936 	0.309431 	0.675083 	0.129698 	
3.22	0.0612243 	-0.124849 	-1.89323 	0.309398 	0.674825 	0.129714 	
3.225	0.0610918 	-0.124899 	-1.89283 	0.309313 	0.674105 	0.131083 	
3.23	0.0609906 	-0.125028 	-1.89246 	0.30928 	0.673846 	0.131099 	
3.235	0.0608572 	-0.125078 	-1.89206 	0.309195 	0.67312 	0.132479 	
3.24	0.0607559 	-0.125209 	-1.89169 	0.309161 	0.672858 	0.132495 	
3.245	0.0606216 	-0.12526 	-1.89129 	0.309075 	0.672127 	0.133884 	
3.25	0.0605197 	-0.125392 	-1.89091 	0.309041 	0.671865 	0.1339 	
3.255	0.0603846 	-0.125443 	-1.8905 	0.308955 	0.671129 	0.135298 	
3.26	0.0602821 	-0.125576 	-1.89012 	0.308921 	0.670864 	0.135315 	
3.265	0.0601463 	-0.125629 	-1.88972 	0.308835 	0.670123 	0.136722 	
3.27	0.0600432 	-0.125762 	-1.88933 	0.308801 	0.669857 	0.136739 	
3.275	0.0599066 	-0.125815 	-1.88892 	0.308714 	0.669112 	0.138155 	
3.28	0.0598029 	-0.12595 	-1.88854 	0.308679 	0.668844 	0.138171 	
3.285	0.0596656 	-0.126004 	-1.88812 	0.308592 	0.668094 	0.139596 	
3.29	0.0595615 	-0.126139 	-1.88773 	0.308557 	0.667824 	0.139612 	
3.295	0.0594235 	-0.126194 	-1.88732 	0.30847 	0.667071 	0.141045 	
3.3	0.0593189 	-0.12633 	-1.88693 	0.308435 	0.6668 	0.141062 	
3.305	0.0591803 	-0.126385 	-1.88651 	0.308347 	0.666042 	0.142502 	
3.31	0.0590752 	-0.126523 	-1.88612 	0.308312 	0.665769 	0.142518 	
3.315	0.058936 	-0.126578 	-1.8857 	0.308224 	0.665008 	0.143966 	
3.32	0.0588305 	-0.126717 	-1.8853 	0.308189 	0.664734 	0.143983 	
3.325	0.0586907 	-0.126773 	-1.88488 	0.308101 	0.663968 	0.145438 	
3.33	0.0585848 	-0.126912 	-1.88448 	0.308066 	0.663694 	0.145454 	
3.335	0.0584444 	-0.126969 	-1.88406 	0.307977 	0.662925 	0.146915 	
3.34	0.0583381 	-0.127109 	-1.88366 	0.307942 	0.662648 	0.146932 	
3.345	0.0581973 	-0.127166 	-1.88323 	0.307853 	0.661876 	0.1484 	
3.35	0.0580907 	-0.127307 	-1.88283 	0.307817 	0.661599 	0.148416 	
3.355	0.0579494 	-0.127365 	-1.8824 	0.307728 	0.660824 	0.14989 	
3.36	0.0578425 	-0.127507 	-1.882 	0.307693 	0.660546 	0.149906 	
3.365	0.0577008 	-0.127565 	-1.88156 	0.307603 	0.659767 	0.151385 	
3.37	0.0575935 	-0.127708 	-1.88116 	0.307568 	0.659488 	0.151402 	
3.375	0.0574514 	-0.127767 	-1.88073 	0.307478 	0.658707 	0.152886 	
3.38	0.0573439 	-0.12791 	-1.88032 	0.307443 	0.658427 	0.152903 	
3.385	0.0572015 	-0.127969 	-1.87988 	0.307353 	0.657644 	0.154391 	
3.39	0.0570937 	-0.128113 	-1.87948 	0.307318 	0.657363 	0.154408 	
3.395	0.056951 	-0.128173 	-1.87904 	0.307228 	0.656577 	0.155901 	
3.4	0.056843 	-0.128317 	-1.87863 	0.307192 	0.656295 	0.155918 	
3.405	0.0567 	-0.128378 	-1.87819 	0.307102 	0.655507 	0.157415 	
3.41	0.0565919 	-0.128523 	-1.87778 	0.307066 	0.655225 	0.157432 	
3.415	0.0564486 	-0.128584 	-1.87734 	0.306976 	0.654435 	0.158933 	
3.42	0.0563403 	-0.128729 	-1.87693 	0.306941 	0.654152 	0.15895 	
3.425	0.0561969 	-0.128791 	-1.87649 	0.306851 	0.653361 	0.160454 	
3.43	0.0560884 	-0.128937 	-1.87608 	0.306815 	0.653077 	0.16047 	
3.435	0.0559364 	-0.12899 	-1.87565 	0.306728 	0.652286 	0.161988 	
3.44	0.0558278 	-0.129136 	-1.87524 	0.306692 	0.652001 	0.162005 	
3.445	0.055684 	-0.129198 	-1.87479 	0.306602 	0.651207 	0.163515 	
3.45	0.0555754 	-0.129345 	-1.87438 	0.306566 	0.650923 	0.163531 	
3.455	0.0554316 	-0.129408 	-1.87393 	0.306476 	0.650127 	0.165043 	
3.46	0.0553229 	-0.129556 	-1.87352 	0.306441 	0.649842 	0.16506 	
3.465	0.055179 	-0.129619 	-1.87307 	0.30635 	0.649046 	0.166573 	
3.47	0.0550704 	-0.129767 	-1.87266 	0.306315 	0.648761 	0.16659 	
3.475	0.0549264 	-0.129831 	-1.87221 	0.306225 	0.647964 	0.168104 	
3.48	0.0548178 	-0.129979 	-1.8718 	0.306189 	0.647678 	0.168121 	
3.485	0.0546739 	-0.130043 	-1.87135 	0.306099 	0.646881 	0.169637 	
3.49	0.0545653 	-0.130191 	-1.87093 	0.306064 	0.646595 	0.169653 	
3.495	0.0544214 	-0.130256 	-1.87048 	0.305973 	0.645797 	0.17117 	
3.5	0.0543128 	-0.130404 	-1.87007 	0.305938 	0.645511 	0.171186 	
3.505	0.0541691 	-0.130469 	-1.86962 	0.305848 	0.644713 	0.172703 	
3.51	0.0540606 	-0.130618 	-1.8692 	0.305813 	0.644428 	0.17272 	
3.515	0.053917 	-0.130683 	-1.86875 	0.305723 	0.64363 	0.174236 	
3.52	0.0538086 	-0.130833 	-1.86834 	0.305688 	0.643344 	0.174253 	
3.525	0.0536651 	-0.130898 	-1.86789 	0.305598 	0.642546 	0.175769 	
3.53	0.053557 	-0.131047 	-1.86747 	0.305563 	0.642261 	0.175785 	
3.535	0.0534136 	-0.131113 	-1.86702 	0.305474 	0.641464 	0.1773 	
3.54	0.0533056 	-0.131263 	-1.8666 	0.305439 	0.641178 	0.177317 	
3.545	0.0531626 	-0.131329 	-1.86616 	0.305349 	0.640382 	0.178831 	
3.55	0.0530548 	-0.131478 	-1.86574 	0.305314 	0.640097 	0.178847 	
3.555	0.0529119 	-0.131545 	-1.86529 	0.305225 	0.639301 	0.180359 	
3.56	0.0528044 	-0.131694 	-1.86487 	0.305191 	0.639016 	0.180375 	
3.565	0.0526618 	-0.131761 	-1.86443 	0.305102 	0.638222 	0.181886 	
3.57	0.0525545 	-0.131911 	-1.86401 	0.305067 	0.637937 	0.181902 	
3.575	0.0524123 	-0.131978 	-1.86356 	0.304979 	0.637144 	0.18341 	
3.58	0.0523053 	-0.132127 	-1.86314 	0.304944 	0.63686 	0.183426 	
3.585	0.0521635 	-0.132194 	-1.8627 	0.304856 	0.636069 	0.184931 	
3.59	0.0520568 	-0.132344 	-1.86228 	0.304821 	0.635785 	0.184947 	
3.595	0.0519154 	-0.132411 	-1.86183 	0.304733 	0.634995 	0.186449 	
3.6	0.051809 	-0.132561 	-1.86142 	0.304699 	0.634712 	0.186465 	
3.605	0.051668 	-0.132628 	-1.86097 	0.304611 	0.633924 	0.187963 	
3.61	0.0515619 	-0.132777 	-1.86056 	0.304577 	0.633642 	0.187979 	
3.615	0.0514214 	-0.132845 	-1.86011 	0.30449 	0.632856 	0.189474 	
3.62	0.0513158 	-0.132994 	-1.8597 	0.304456 	0.632575 	0.189489 	
3.625	0.0511758 	-0.133062 	-1.85926 	0.304369 	0.631791 	0.19098 	
3.63	0.0510706 	-0.133211 	-1.85884 	0.304335 	0.63151 	0.190995 	
3.635	0.0509311 	-0.133279 	-1.8584 	0.304249 	0.630729 	0.192481 	
3.64	0.0508263 	-0.133428 	-1.85799 	0.304215 	0.63045 	0.192496 	
3.645	0.0506874 	-0.133496 	-1.85755 	0.304129 	0.629671 	0.193977 	
3.65	0.0505831 	-0.133644 	-1.85714 	0.304096 	0.629392 	0.193992 	
3.655	0.0504448 	-0.133712 	-1.8567 	0.30401 	0.628616 	0.195468 	
3.66	0.050341 	-0.13386 	-1.85629 	0.303977 	0.628339 	0.195483 	
3.665	0.0502033 	-0.133928 	-1.85585 	0.303891 	0.627566 	0.196953 	
3.67	0.0501 	-0.134076 	-1.85544 	0.303858 	0.627289 	0.196968 	
3.675	0.0499707 	-0.134152 	-1.85499 	0.303771 	0.626518 	0.198422 	
3.68	0.0498679 	-0.1343 	-1.85458 	0.303738 	0.626243 	0.198437 	
3.685	0.0497317 	-0.134368 	-1.85415 	0.303654 	0.625477 	0.199894 	
3.69	0.0496295 	-0.134515 	-1.85374 	0.303621 	0.625203 	0.199909 	
3.695	0.049494 	-0.134583 	-1.85331 	0.303537 	0.62444 	0.201359 	
3.7	0.0493923 	-0.134729 	-1.85291 	0.303505 	0.624167 	0.201374 	
3.705	0.0492576 	-0.134797 	-1.85247 	0.303422 	0.623408 	0.202817 	
3.71	0.0491565 	-0.134943 	-1.85207 	0.303389 	0.623137 	0.202831 	
3.715	0.0490226 	-0.135011 	-1.85164 	0.303307 	0.622382 	0.204267 	
3.72	0.0489222 	-0.135156 	-1.85124 	0.303275 	0.622113 	0.204281 	
3.725	0.0487891 	-0.135225 	-1.85081 	0.303193 	0.621362 	0.205709 	
3.73	0.0486894 	-0.135369 	-1.85042 	0.303161 	0.621094 	0.205723 	
3.735	0.0485572 	-0.135437 	-1.84999 	0.303079 	0.620347 	0.207142 	
3.74	0.0484581 	-0.135581 	-1.8496 	0.303048 	0.620081 	0.207157 	
3.745	0.0483268 	-0.135649 	-1.84917 	0.302967 	0.619339 	0.208567 	
3.75	0.0482284 	-0.135792 	-1.84878 	0.302936 	0.619074 	0.208581 	
3.755	0.048098 	-0.13586 	-1.84836 	0.302855 	0.618337 	0.209983 	
3.76	0.0480004 	-0.136002 	-1.84797 	0.302824 	0.618073 	0.209997 	
3.765	0.047871 	-0.13607 	-1.84755 	0.302745 	0.617341 	0.211389 	
3.77	0.0477741 	-0.136212 	-1.84716 	0.302714 	0.61708 	0.211403 	
3.775	0.0476457 	-0.136279 	-1.84674 	0.302635 	0.616353 	0.212786 	
3.78	0.0475495 	-0.13642 	-1.84636 	0.302604 	0.616093 	0.2128 	
3.785	0.0474222 	-0.136487 	-1.84594 	0.302526 	0.615371 	0.214172 	
3.79	0.0473268 	-0.136627 	-1.84556 	0.302496 	0.615113 	0.214186 	
3.795	0.0472005 	-0.136694 	-1.84515 	0.302418 	0.614397 	0.215548 	
3.8	0.047106 	-0.136833 	-1.84477 	0.302388 	0.614141 	0.215561 	
3.805	0.0469807 	-0.1369 	-1.84436 	0.302312 	0.613431 	0.216913 	
3.81	0.046887 	-0.137038 	-1.84398 	0.302282 	0.613177 	0.216926 	
3.815	0.0467629 	-0.137105 	-1.84358 	0.302206 	0.612472 	0.218267 	
3.82	0.0466701 	-0.137242 	-1.8432 	0.302176 	0.612221 	0.21828 	
3.825	0.0465471 	-0.137308 	-1.8428 	0.302101 	0.611522 	0.219609 	
3.83	0.0464552 	-0.137444 	-1.84243 	0.302072 	0.611272 	0.219622 	
3.835	0.0463334 	-0.13751 	-1.84203 	0.301997 	0.61058 	0.220939 	
3.84	0.0462423 	-0.137645 	-1.84166 	0.301968 	0.610333 	0.220952 	
