0	0.0500582 	0.0196795 	-2.0126 	0.26347 	0.545324 	-0.0052466 	
0.005	0.0500582 	0.0196795 	-2.0126 	0.26347 	0.545324 	-0.0052466 	
0.01	0.0500582 	0.0196753 	-2.01259 	0.263471 	0.545325 	-0.00524636 	
0.015	0.0500583 	0.0196697 	-2.01259 	0.263471 	0.545326 	-0.00524603 	
0.02	0.0500583 	0.0196618 	-2.01258 	0.263471 	0.545328 	-0.00524558 	
0.025	0.0500584 	0.0196516 	-2.01258 	0.263471 	0.54533 	-0.005245 	
0.03	0.0500585 	0.0196391 	-2.01257 	0.263472 	0.545333 	-0.00524428 	
0.035	0.0500586 	0.0196243 	-2.01255 	0.263472 	0.545336 	-0.00524344 	
0.04	0.0500587 	0.0196072 	-2.01254 	0.263473 	0.545339 	-0.00524245 	
0.045	0.0500588 	0.0195878 	-2.01253 	0.263473 	0.545343 	-0.00524134 	
0.05	0.0500589 	0.0195661 	-2.01251 	0.263474 	0.545348 	-0.0052401 	
0.055	0.0500591 	0.019542 	-2.01249 	0.263475 	0.545352 	-0.00523872 	
0.06	0.0500593 	0.0195156 	-2.01247 	0.263476 	0.545358 	-0.00523721 	
0.065	0.0500595 	0.019487 	-2.01245 	0.263477 	0.545364 	-0.00523557 	
0.07	0.0500597 	0.019456 	-2.01242 	0.263478 	0.54537 	-0.0052338 	
0.075	0.0500599 	0.0194227 	-2.01239 	0.263479 	0.545377 	-0.00523189 	
0.08	0.0500601 	0.0193871 	-2.01237 	0.26348 	0.545384 	-0.00522986 	
0.085	0.0500604 	0.0193454 	-2.01233 	0.263481 	0.545393 	-0.00522748 	
0.09	0.0500606 	0.0193086 	-2.0123 	0.263482 	0.5454 	-0.00522538 	
0.095	0.0500609 	0.0192622 	-2.01227 	0.263484 	0.54541 	-0.00522273 	
0.1	0.0500613 	0.0192171 	-2.01223 	0.263485 	0.545419 	-0.00522016 	
0.105	0.0500616 	0.0191698 	-2.0122 	0.263487 	0.545428 	-0.00521747 	
0.11	0.0500619 	0.0191201 	-2.01216 	0.263488 	0.545439 	-0.00521464 	
0.115	0.0500623 	0.0190682 	-2.01211 	0.26349 	0.545449 	-0.00521169 	
0.12	0.0500626 	0.019014 	-2.01207 	0.263492 	0.54546 	-0.00520861 	
0.125	0.050063 	0.0189575 	-2.01203 	0.263494 	0.545472 	-0.00520541 	
0.13	0.0500634 	0.0188987 	-2.01198 	0.263496 	0.545484 	-0.00520207 	
0.135	0.0500638 	0.0188376 	-2.01193 	0.263498 	0.545496 	-0.00519861 	
0.14	0.0500643 	0.0187742 	-2.01188 	0.2635 	0.545509 	-0.00519503 	
0.145	0.0500647 	0.0187086 	-2.01183 	0.263502 	0.545522 	-0.00519132 	
0.15	0.0500652 	0.0186407 	-2.01178 	0.263504 	0.545536 	-0.00518748 	
0.155	0.0500657 	0.0185705 	-2.01172 	0.263506 	0.545551 	-0.00518352 	
0.16	0.0500662 	0.018498 	-2.01166 	0.263509 	0.545565 	-0.00517944 	
0.165	0.0501769 	0.0182022 	-2.01177 	0.263661 	0.547123 	-0.00453722 	
0.17	0.0501774 	0.0181252 	-2.01171 	0.263664 	0.547139 	-0.00453288 	
0.175	0.050178 	0.0180459 	-2.01165 	0.263666 	0.547155 	-0.00452842 	
0.18	0.0501786 	0.0179644 	-2.01159 	0.263669 	0.547171 	-0.00452385 	
0.185	0.0501792 	0.0178806 	-2.01152 	0.263672 	0.547188 	-0.00451915 	
0.19	0.0501798 	0.0177946 	-2.01145 	0.263674 	0.547205 	-0.00451433 	
0.195	0.0501804 	0.0177063 	-2.01138 	0.263677 	0.547223 	-0.00450939 	
0.2	0.0501811 	0.0176158 	-2.01131 	0.26368 	0.547242 	-0.00450434 	
0.205	0.0501818 	0.0175231 	-2.01124 	0.263683 	0.54726 	-0.00449917 	
0.21	0.0501825 	0.0174281 	-2.01116 	0.263686 	0.54728 	-0.00449388 	
0.215	0.0501832 	0.0173308 	-2.01108 	0.263689 	0.547299 	-0.00448847 	
0.22	0.0501839 	0.0172314 	-2.01101 	0.263692 	0.547319 	-0.00448296 	
0.225	0.0501847 	0.0171297 	-2.01092 	0.263696 	0.54734 	-0.00447732 	
0.23	0.0503007 	0.0167964 	-2.01102 	0.263861 	0.548959 	-0.00380814 	
0.235	0.0503015 	0.0166903 	-2.01093 	0.263865 	0.548981 	-0.00380227 	
0.24	0.0503023 	0.016582 	-2.01085 	0.263868 	0.549002 	-0.00379629 	
0.245	0.0503032 	0.0164714 	-2.01076 	0.263872 	0.549025 	-0.00379019 	
0.25	0.050304 	0.0163587 	-2.01067 	0.263875 	0.549047 	-0.00378399 	
0.255	0.0503049 	0.0162438 	-2.01058 	0.263879 	0.54907 	-0.00377768 	
0.26	0.0503059 	0.0161267 	-2.01049 	0.263883 	0.549094 	-0.00377126 	
0.265	0.0503068 	0.0160074 	-2.01039 	0.263886 	0.549118 	-0.00376473 	
0.27	0.0503078 	0.0158859 	-2.01029 	0.26389 	0.549142 	-0.0037581 	
0.275	0.0503087 	0.0157622 	-2.0102 	0.263894 	0.549167 	-0.00375136 	
0.28	0.050425 	0.0154087 	-2.01027 	0.264065 	0.550776 	-0.00308482 	
0.285	0.0504261 	0.0152807 	-2.01017 	0.264069 	0.550802 	-0.00307787 	
0.29	0.0504271 	0.0151505 	-2.01006 	0.264073 	0.550828 	-0.0030708 	
0.295	0.0504282 	0.0150182 	-2.00996 	0.264078 	0.550854 	-0.00306364 	
0.3	0.0504293 	0.0148838 	-2.00985 	0.264082 	0.550881 	-0.00305638 	
0.305	0.0504304 	0.0147472 	-2.00974 	0.264086 	0.550908 	-0.00304902 	
0.31	0.0504316 	0.0146084 	-2.00963 	0.264091 	0.550935 	-0.00304156 	
0.315	0.0504328 	0.0144675 	-2.00952 	0.264095 	0.550963 	-0.00303401 	
0.32	0.050434 	0.0143245 	-2.0094 	0.264099 	0.550992 	-0.00302636 	
0.325	0.0505578 	0.0139393 	-2.00947 	0.264287 	0.552689 	-0.00232163 	
0.33	0.050559 	0.013792 	-2.00935 	0.264291 	0.552718 	-0.00231378 	
0.335	0.0505603 	0.0136427 	-2.00923 	0.264296 	0.552748 	-0.00230583 	
0.34	0.0505616 	0.0134912 	-2.00911 	0.264301 	0.552777 	-0.0022978 	
0.345	0.050563 	0.0133377 	-2.00899 	0.264306 	0.552808 	-0.00228967 	
0.35	0.0505644 	0.013182 	-2.00887 	0.264311 	0.552838 	-0.00228145 	
0.355	0.0505658 	0.0130243 	-2.00874 	0.264315 	0.552869 	-0.00227315 	
0.36	0.0505672 	0.0128645 	-2.00861 	0.26432 	0.552901 	-0.00226476 	
0.365	0.0506937 	0.0124597 	-2.00866 	0.264517 	0.554619 	-0.00154944 	
0.37	0.0506952 	0.0122957 	-2.00853 	0.264522 	0.554651 	-0.00154087 	
0.375	0.0506967 	0.0121297 	-2.0084 	0.264527 	0.554683 	-0.00153221 	
0.38	0.0506983 	0.0119617 	-2.00827 	0.264533 	0.554716 	-0.00152347 	
0.385	0.0506999 	0.0117916 	-2.00813 	0.264538 	0.554749 	-0.00151465 	
0.39	0.0507015 	0.0116195 	-2.00799 	0.264543 	0.554783 	-0.00150575 	
0.395	0.0507031 	0.0114453 	-2.00785 	0.264549 	0.554817 	-0.00149677 	
0.4	0.050827 	0.0110338 	-2.00789 	0.264746 	0.556483 	-0.000801398 	
0.405	0.0508287 	0.0108556 	-2.00774 	0.264752 	0.556518 	-0.000792252 	
0.41	0.0508304 	0.0106754 	-2.0076 	0.264758 	0.556552 	-0.000783032 	
0.415	0.0508322 	0.0104932 	-2.00745 	0.264763 	0.556588 	-0.00077374 	
0.42	0.050834 	0.010309 	-2.0073 	0.264769 	0.556623 	-0.000764378 	
0.425	0.0508358 	0.0101228 	-2.00716 	0.264775 	0.556659 	-0.000754946 	
0.43	0.0508377 	0.00993471 	-2.007 	0.26478 	0.556696 	-0.000745447 	
0.435	0.0509718 	0.00949215 	-2.00704 	0.264999 	0.55848 	1.83582e-06 	
0.44	0.0509737 	0.00930006 	-2.00688 	0.265005 	0.558517 	1.14888e-05 	
0.445	0.0509757 	0.00910604 	-2.00673 	0.265011 	0.558554 	2.12064e-05 	
0.45	0.0509777 	0.00891008 	-2.00657 	0.265017 	0.558592 	3.09861e-05 	
0.455	0.0509798 	0.00871219 	-2.00641 	0.265023 	0.55863 	4.08263e-05 	
0.46	0.0509818 	0.00851237 	-2.00625 	0.26503 	0.558668 	5.07257e-05 	
0.465	0.0511082 	0.00807527 	-2.00626 	0.265241 	0.560334 	0.000750091 	
0.47	0.0511104 	0.00787159 	-2.0061 	0.265247 	0.560373 	0.000760128 	
0.475	0.0511126 	0.00766604 	-2.00593 	0.265254 	0.560412 	0.00077022 	
0.48	0.0511148 	0.0074586 	-2.00576 	0.26526 	0.560451 	0.000780365 	
0.485	0.0511171 	0.00724927 	-2.00559 	0.265266 	0.560491 	0.000790562 	
0.49	0.0511194 	0.00703807 	-2.00542 	0.265273 	0.560531 	0.00080081 	
0.495	0.0512528 	0.0065788 	-2.00543 	0.265501 	0.562271 	0.00153386 	
0.5	0.0512552 	0.00636384 	-2.00526 	0.265507 	0.562312 	0.00154423 	
0.505	0.0512576 	0.00614706 	-2.00508 	0.265514 	0.562353 	0.00155465 	
0.51	0.0512601 	0.00592844 	-2.0049 	0.265521 	0.562394 	0.00156511 	
0.515	0.0512626 	0.005708 	-2.00473 	0.265527 	0.562435 	0.00157561 	
0.52	0.0512651 	0.00548573 	-2.00455 	0.265534 	0.562477 	0.00158615 	
0.525	0.0514071 	0.0050021 	-2.00455 	0.265782 	0.564309 	0.00236054 	
0.53	0.0514097 	0.00477618 	-2.00437 	0.265789 	0.564351 	0.00237119 	
0.535	0.0514124 	0.0045485 	-2.00419 	0.265796 	0.564393 	0.00238188 	
0.54	0.0514151 	0.00431904 	-2.004 	0.265803 	0.564436 	0.0023926 	
0.545	0.0514178 	0.00408781 	-2.00381 	0.265809 	0.564479 	0.00240336 	
0.55	0.0515457 	0.00362395 	-2.00379 	0.266038 	0.566113 	0.00309533 	
0.555	0.0515485 	0.00338916 	-2.0036 	0.266045 	0.566156 	0.00310618 	
0.56	0.0515514 	0.00315266 	-2.00341 	0.266052 	0.5662 	0.00311705 	
0.565	0.0515543 	0.00291442 	-2.00321 	0.266059 	0.566244 	0.00312796 	
0.57	0.0515573 	0.00267446 	-2.00302 	0.266066 	0.566288 	0.00313889 	
0.575	0.0516892 	0.00219667 	-2.00299 	0.266306 	0.567957 	0.00384807 	
0.58	0.0516923 	0.00195326 	-2.00279 	0.266313 	0.568002 	0.00385908 	
0.585	0.0516954 	0.00170818 	-2.00259 	0.26632 	0.568046 	0.0038701 	
0.59	0.0516985 	0.00146142 	-2.00239 	0.266327 	0.568091 	0.00388115 	
0.595	0.0517017 	0.00121298 	-2.00219 	0.266335 	0.568137 	0.00389221 	
0.6	0.0518396 	0.000718329 	-2.00216 	0.26659 	0.569863 	0.00462828 	
0.605	0.0518429 	0.000466542 	-2.00195 	0.266597 	0.569909 	0.0046394 	
0.61	0.0518462 	0.000213142 	-2.00174 	0.266605 	0.569954 	0.00465054 	
0.615	0.0518496 	-4.18902e-05 	-2.00154 	0.266612 	0.57 	0.00466169 	
0.62	0.051853 	-0.000298543 	-2.00133 	0.266619 	0.570047 	0.00467285 	
0.625	0.051997 	-0.000809916 	-2.00129 	0.266891 	0.571831 	0.00543634 	
0.63	0.0520006 	-0.00106982 	-2.00108 	0.266898 	0.571877 	0.00544755 	
0.635	0.0520041 	-0.00133127 	-2.00087 	0.266906 	0.571924 	0.00545876 	
0.64	0.0520078 	-0.00159431 	-2.00065 	0.266913 	0.571971 	0.00546998 	
0.645	0.0520114 	-0.00185891 	-2.00043 	0.266921 	0.572018 	0.0054812 	
0.65	0.0521616 	-0.00238653 	-2.0004 	0.267209 	0.573858 	0.00627173 	
0.655	0.0521654 	-0.00265427 	-2.00018 	0.267217 	0.573906 	0.00628298 	
0.66	0.0521692 	-0.00292352 	-1.99996 	0.267224 	0.573954 	0.00629423 	
0.665	0.0521731 	-0.00319428 	-1.99974 	0.267232 	0.574001 	0.00630547 	
0.67	0.052177 	-0.00346656 	-1.99951 	0.26724 	0.574049 	0.00631671 	
0.675	0.0523333 	-0.0040099 	-1.99947 	0.267545 	0.575944 	0.00713377 	
0.68	0.0523373 	-0.00428521 	-1.99925 	0.267553 	0.575992 	0.00714502 	
0.685	0.0523414 	-0.00456196 	-1.99902 	0.26756 	0.57604 	0.00715627 	
0.69	0.0523455 	-0.00484018 	-1.99879 	0.267568 	0.576089 	0.00716751 	
0.695	0.052479 	-0.0053466 	-1.99872 	0.267833 	0.577689 	0.00785867 	
0.7	0.0524832 	-0.00562775 	-1.99848 	0.267841 	0.577738 	0.0078699 	
0.705	0.0524875 	-0.0059103 	-1.99825 	0.267849 	0.577787 	0.00788112 	
0.71	0.0524919 	-0.00619427 	-1.99802 	0.267857 	0.577836 	0.00789232 	
0.715	0.0526266 	-0.00670651 	-1.99794 	0.268127 	0.579435 	0.00858539 	
0.72	0.052631 	-0.00699331 	-1.9977 	0.268135 	0.579485 	0.00859658 	
0.725	0.0526355 	-0.00728147 	-1.99746 	0.268143 	0.579534 	0.00860775 	
0.73	0.0526401 	-0.007571 	-1.99722 	0.268151 	0.579583 	0.00861889 	
0.735	0.0527785 	-0.00809302 	-1.99714 	0.268433 	0.581211 	0.00932653 	
0.74	0.0527831 	-0.0083853 	-1.9969 	0.268441 	0.581261 	0.00933765 	
0.745	0.0527878 	-0.00867888 	-1.99665 	0.26845 	0.581311 	0.00934875 	
0.75	0.0527926 	-0.00897378 	-1.99641 	0.268458 	0.581361 	0.00935981 	
0.755	0.052935 	-0.00950567 	-1.99632 	0.268751 	0.583018 	0.010083 	
0.76	0.0529398 	-0.00980322 	-1.99607 	0.26876 	0.583068 	0.0100941 	
0.765	0.0529448 	-0.010102 	-1.99583 	0.268768 	0.583118 	0.0101051 	
0.77	0.0529498 	-0.0104021 	-1.99558 	0.268776 	0.583168 	0.010116 	
0.775	0.0530961 	-0.0109436 	-1.99549 	0.269082 	0.584855 	0.0108546 	
0.78	0.0531012 	-0.0112462 	-1.99523 	0.26909 	0.584905 	0.0108655 	
0.785	0.0531063 	-0.01155 	-1.99498 	0.269098 	0.584956 	0.0108764 	
0.79	0.0531116 	-0.0118551 	-1.99473 	0.269106 	0.585006 	0.0108872 	
0.795	0.0532618 	-0.0124058 	-1.99463 	0.269424 	0.58672 	0.0116409 	
0.8	0.0532671 	-0.0127133 	-1.99438 	0.269433 	0.586771 	0.0116517 	
0.805	0.0532725 	-0.013022 	-1.99412 	0.269441 	0.586822 	0.0116624 	
0.81	0.053278 	-0.0133318 	-1.99386 	0.269449 	0.586872 	0.0116731 	
0.815	0.0534321 	-0.0138913 	-1.99376 	0.26978 	0.588613 	0.0124415 	
0.82	0.0534376 	-0.0142035 	-1.9935 	0.269788 	0.588664 	0.0124521 	
0.825	0.0534433 	-0.0145168 	-1.99324 	0.269796 	0.588715 	0.0124627 	
0.83	0.053449 	-0.0148312 	-1.99298 	0.269805 	0.588766 	0.0124732 	
0.835	0.053607 	-0.0153993 	-1.99288 	0.270148 	0.590532 	0.013256 	
0.84	0.0536128 	-0.0157159 	-1.99261 	0.270156 	0.590583 	0.0132664 	
0.845	0.0536186 	-0.0160336 	-1.99235 	0.270164 	0.590634 	0.0132768 	
0.85	0.0536245 	-0.0163524 	-1.99208 	0.270173 	0.590685 	0.0132871 	
0.855	0.0537864 	-0.0169286 	-1.99198 	0.270529 	0.592475 	0.014084 	
0.86	0.0537924 	-0.0172495 	-1.99171 	0.270537 	0.592526 	0.0140942 	
0.865	0.0537985 	-0.0175714 	-1.99144 	0.270545 	0.592577 	0.0141044 	
0.87	0.0538047 	-0.0178943 	-1.99117 	0.270554 	0.592628 	0.0141145 	
0.875	0.0539704 	-0.0184783 	-1.99106 	0.270923 	0.594442 	0.014925 	
0.88	0.0539766 	-0.0188032 	-1.99079 	0.270931 	0.594493 	0.014935 	
0.885	0.053983 	-0.0191292 	-1.99051 	0.270939 	0.594544 	0.0149449 	
0.89	0.0539894 	-0.019456 	-1.99024 	0.270947 	0.594595 	0.0149548 	
0.895	0.0541589 	-0.0200473 	-1.99013 	0.271329 	0.59643 	0.0157785 	
0.9	0.0541654 	-0.0203761 	-1.98985 	0.271338 	0.596481 	0.0157883 	
0.905	0.0541719 	-0.0207058 	-1.98957 	0.271346 	0.596532 	0.015798 	
0.91	0.0541786 	-0.0210364 	-1.98929 	0.271354 	0.596583 	0.0158076 	
0.915	0.0543518 	-0.0216347 	-1.98918 	0.271749 	0.598438 	0.0166443 	
0.92	0.0543586 	-0.0219671 	-1.9889 	0.271757 	0.598489 	0.0166538 	
0.925	0.0543654 	-0.0223004 	-1.98861 	0.271766 	0.59854 	0.0166632 	
0.93	0.0543723 	-0.0226345 	-1.98833 	0.271774 	0.598591 	0.0166725 	
0.935	0.0545492 	-0.0232394 	-1.98822 	0.272182 	0.600465 	0.0175217 	
0.94	0.0545562 	-0.0235752 	-1.98793 	0.27219 	0.600516 	0.0175309 	
0.945	0.0545632 	-0.0239118 	-1.98765 	0.272198 	0.600566 	0.01754 	
0.95	0.0545703 	-0.0242492 	-1.98736 	0.272207 	0.600617 	0.0175491 	
0.955	0.0547509 	-0.0248603 	-1.98724 	0.272628 	0.602509 	0.0184103 	
0.96	0.0547581 	-0.0251993 	-1.98695 	0.272636 	0.60256 	0.0184192 	
0.965	0.0547654 	-0.025539 	-1.98666 	0.272644 	0.60261 	0.0184281 	
0.97	0.0547728 	-0.0258795 	-1.98637 	0.272652 	0.602661 	0.0184368 	
0.975	0.054957 	-0.0264964 	-1.98625 	0.273087 	0.60457 	0.0193097 	
0.98	0.0549644 	-0.0268384 	-1.98596 	0.273095 	0.60462 	0.0193183 	
0.985	0.054972 	-0.027181 	-1.98567 	0.273103 	0.60467 	0.0193268 	
0.99	0.0549796 	-0.0275244 	-1.98537 	0.273111 	0.60472 	0.0193352 	
0.995	0.0551673 	-0.0281466 	-1.98525 	0.273559 	0.606645 	0.0202194 	
1	0.055175 	-0.0284913 	-1.98495 	0.273567 	0.606694 	0.0202276 	
1.005	0.0551828 	-0.0288366 	-1.98466 	0.273575 	0.606744 	0.0202358 	
1.01	0.0551906 	-0.0291826 	-1.98436 	0.273583 	0.606794 	0.0202439 	
1.015	0.0553818 	-0.0298098 	-1.98423 	0.274044 	0.608732 	0.0211388 	
1.02	0.0553897 	-0.030157 	-1.98393 	0.274052 	0.608782 	0.0211467 	
1.025	0.0553977 	-0.0305048 	-1.98364 	0.27406 	0.608831 	0.0211545 	
1.03	0.0554058 	-0.0308532 	-1.98334 	0.274068 	0.608881 	0.0211622 	
1.035	0.0556004 	-0.0314849 	-1.98321 	0.274542 	0.610831 	0.0220676 	
1.04	0.0556086 	-0.0318345 	-1.98291 	0.27455 	0.61088 	0.0220751 	
1.045	0.0556168 	-0.0321845 	-1.9826 	0.274558 	0.610929 	0.0220825 	
1.05	0.0556251 	-0.0325351 	-1.9823 	0.274565 	0.610978 	0.0220899 	
1.055	0.0558231 	-0.0331709 	-1.98217 	0.275053 	0.61294 	0.0230051 	
1.06	0.0558315 	-0.0335225 	-1.98186 	0.275061 	0.612989 	0.0230122 	
1.065	0.0558399 	-0.0338746 	-1.98156 	0.275068 	0.613038 	0.0230193 	
1.07	0.0559975 	-0.034449 	-1.98139 	0.275457 	0.614576 	0.0237368 	
1.075	0.0560061 	-0.034802 	-1.98108 	0.275464 	0.614624 	0.0237437 	
1.08	0.0560147 	-0.0351554 	-1.98078 	0.275472 	0.614672 	0.0237504 	
1.085	0.0560234 	-0.0355092 	-1.98047 	0.27548 	0.61472 	0.0237571 	
1.09	0.0562226 	-0.0361449 	-1.98033 	0.275978 	0.616656 	0.0246676 	
1.095	0.0562314 	-0.0364996 	-1.98002 	0.275986 	0.616703 	0.0246741 	
1.1	0.0562403 	-0.0368546 	-1.97971 	0.275993 	0.616751 	0.0246804 	
1.105	0.0564018 	-0.0374334 	-1.97953 	0.276398 	0.618296 	0.0254077 	
1.11	0.0564107 	-0.0377891 	-1.97922 	0.276406 	0.618343 	0.0254138 	
1.115	0.0564198 	-0.0381452 	-1.97891 	0.276413 	0.61839 	0.0254199 	
1.12	0.0564289 	-0.0385016 	-1.9786 	0.276421 	0.618437 	0.0254258 	
1.125	0.0566333 	-0.0391421 	-1.97845 	0.276941 	0.620384 	0.0263504 	
1.13	0.0566424 	-0.0394991 	-1.97814 	0.276948 	0.620431 	0.0263561 	
1.135	0.0566517 	-0.0398564 	-1.97783 	0.276955 	0.620477 	0.0263617 	
1.14	0.0568173 	-0.040439 	-1.97765 	0.277377 	0.62203 	0.0270995 	
1.145	0.0568266 	-0.0407968 	-1.97734 	0.277385 	0.622076 	0.0271049 	
1.15	0.056836 	-0.0411549 	-1.97702 	0.277392 	0.622122 	0.0271102 	
1.155	0.0568455 	-0.0415131 	-1.97671 	0.277399 	0.622168 	0.0271154 	
1.16	0.0570548 	-0.0421572 	-1.97656 	0.27794 	0.624123 	0.0280527 	
1.165	0.0570644 	-0.0425159 	-1.97624 	0.277947 	0.624169 	0.0280577 	
1.17	0.057074 	-0.0428747 	-1.97593 	0.277954 	0.624214 	0.0280625 	
1.175	0.0572435 	-0.04346 	-1.97574 	0.278393 	0.625771 	0.0288096 	
1.18	0.0572532 	-0.0438192 	-1.97542 	0.2784 	0.625816 	0.0288143 	
1.185	0.0572629 	-0.0441785 	-1.97511 	0.278407 	0.625861 	0.0288188 	
1.19	0.0574297 	-0.0447586 	-1.97492 	0.27884 	0.627379 	0.0295497 	
1.195	0.0574395 	-0.0451182 	-1.9746 	0.278847 	0.627423 	0.029554 	
1.2	0.0574494 	-0.0454778 	-1.97428 	0.278854 	0.627468 	0.0295582 	
1.205	0.0576173 	-0.0460579 	-1.97409 	0.279293 	0.628982 	0.0302903 	
1.21	0.0576273 	-0.0464177 	-1.97377 	0.279299 	0.629026 	0.0302942 	
1.215	0.0576373 	-0.0467775 	-1.97345 	0.279306 	0.62907 	0.0302981 	
1.22	0.0578065 	-0.0473579 	-1.97326 	0.279751 	0.630584 	0.031033 	
1.225	0.0578166 	-0.0477178 	-1.97294 	0.279758 	0.630627 	0.0310366 	
1.23	0.0578268 	-0.0480777 	-1.97262 	0.279764 	0.63067 	0.0310401 	
1.235	0.0579974 	-0.0486581 	-1.97242 	0.280216 	0.632183 	0.0317778 	
1.24	0.0580077 	-0.049018 	-1.9721 	0.280222 	0.632226 	0.0317811 	
1.245	0.058018 	-0.0493779 	-1.97178 	0.280229 	0.632268 	0.0317842 	
1.25	0.0581899 	-0.0499583 	-1.97158 	0.280686 	0.63378 	0.0325244 	
1.255	0.0582003 	-0.050318 	-1.97127 	0.280693 	0.633822 	0.0325273 	
1.26	0.0582107 	-0.0506777 	-1.97095 	0.280699 	0.633864 	0.0325302 	
1.265	0.0583839 	-0.0512577 	-1.97074 	0.281163 	0.635373 	0.0332726 	
1.27	0.0583944 	-0.0516172 	-1.97042 	0.281169 	0.635415 	0.0332752 	
1.275	0.058405 	-0.0519765 	-1.97011 	0.281175 	0.635456 	0.0332777 	
1.28	0.0585793 	-0.0525561 	-1.9699 	0.281644 	0.636963 	0.0340221 	
1.285	0.05859 	-0.0529152 	-1.96958 	0.28165 	0.637004 	0.0340244 	
1.29	0.0586007 	-0.0532741 	-1.96926 	0.281656 	0.637045 	0.0340265 	
1.295	0.0587762 	-0.0538529 	-1.96906 	0.282132 	0.638549 	0.0347727 	
1.3	0.0587869 	-0.0542115 	-1.96874 	0.282138 	0.638589 	0.0347747 	
1.305	0.0587978 	-0.0545698 	-1.96842 	0.282143 	0.638629 	0.0347765 	
1.31	0.0589743 	-0.0551477 	-1.96821 	0.282624 	0.640129 	0.0355242 	
1.315	0.0589852 	-0.0555056 	-1.96789 	0.28263 	0.640169 	0.0355258 	
1.32	0.0589961 	-0.0558632 	-1.96757 	0.282636 	0.640208 	0.0355272 	
1.325	0.0591737 	-0.05644 	-1.96737 	0.283122 	0.641705 	0.0362762 	
1.33	0.0591847 	-0.0567971 	-1.96705 	0.283127 	0.641743 	0.0362775 	
1.335	0.0591957 	-0.0571539 	-1.96673 	0.283133 	0.641782 	0.0362786 	
1.34	0.0593742 	-0.0577293 	-1.96652 	0.283624 	0.643274 	0.0370286 	
1.345	0.0593853 	-0.0580855 	-1.9662 	0.283629 	0.643312 	0.0370295 	
1.35	0.0593965 	-0.0584414 	-1.96588 	0.283635 	0.64335 	0.0370302 	
1.355	0.0595758 	-0.0590152 	-1.96567 	0.284131 	0.644836 	0.037781 	
1.36	0.059587 	-0.0593704 	-1.96535 	0.284136 	0.644874 	0.0377815 	
1.365	0.0595983 	-0.0597252 	-1.96503 	0.284142 	0.644911 	0.0377819 	
1.37	0.0596096 	-0.0600795 	-1.96471 	0.284147 	0.644948 	0.0377822 	
1.375	0.0598404 	-0.0607164 	-1.96453 	0.284797 	0.646861 	0.0387583 	
1.38	0.0598518 	-0.06107 	-1.96422 	0.284802 	0.646897 	0.0387584 	
1.385	0.0598631 	-0.0614231 	-1.9639 	0.284807 	0.646933 	0.0387583 	
1.39	0.0600494 	-0.0619991 	-1.96369 	0.285329 	0.648449 	0.0395327 	
1.395	0.0600608 	-0.0623513 	-1.96337 	0.285334 	0.648485 	0.0395324 	
1.4	0.0600722 	-0.0627031 	-1.96305 	0.285339 	0.64852 	0.039532 	
1.405	0.0600837 	-0.0630544 	-1.96273 	0.285344 	0.648555 	0.0395316 	
1.41	0.0603171 	-0.0636863 	-1.96255 	0.286009 	0.650452 	0.0405101 	
1.415	0.0603286 	-0.0640366 	-1.96224 	0.286013 	0.650487 	0.0405094 	
1.42	0.0603401 	-0.0643864 	-1.96192 	0.286018 	0.650522 	0.0405086 	
1.425	0.0605278 	-0.0649567 	-1.96171 	0.28655 	0.65202 	0.0412824 	
1.43	0.0605394 	-0.0653054 	-1.96139 	0.286555 	0.652054 	0.0412813 	
1.435	0.060551 	-0.0656535 	-1.96108 	0.286559 	0.652088 	0.0412802 	
1.44	0.0605627 	-0.0660011 	-1.96076 	0.286563 	0.652122 	0.041279 	
1.445	0.0607974 	-0.0666261 	-1.96058 	0.28724 	0.653995 	0.0422557 	
1.45	0.0608091 	-0.0669725 	-1.96026 	0.287244 	0.654028 	0.0422542 	
1.455	0.0608208 	-0.0673182 	-1.95995 	0.287249 	0.654061 	0.0422527 	
1.46	0.0610095 	-0.0678818 	-1.95974 	0.287789 	0.655539 	0.0430241 	
1.465	0.0610212 	-0.0682263 	-1.95942 	0.287793 	0.655572 	0.0430224 	
1.47	0.0610329 	-0.0685701 	-1.95911 	0.287797 	0.655604 	0.0430205 	
1.475	0.0610447 	-0.0689132 	-1.9588 	0.287801 	0.655636 	0.0430185 	
1.48	0.0612804 	-0.0695301 	-1.95861 	0.288488 	0.657482 	0.0439914 	
1.485	0.0612922 	-0.0698719 	-1.9583 	0.288492 	0.657513 	0.0439892 	
1.49	0.061304 	-0.0702129 	-1.95799 	0.288496 	0.657545 	0.0439869 	
1.495	0.0613158 	-0.0705532 	-1.95768 	0.288499 	0.657575 	0.0439845 	
1.5	0.0615565 	-0.0711707 	-1.9575 	0.289205 	0.659443 	0.0449751 	
1.505	0.0615683 	-0.0715096 	-1.95718 	0.289209 	0.659473 	0.0449725 	
1.51	0.0615802 	-0.0718476 	-1.95688 	0.289213 	0.659503 	0.0449698 	
1.515	0.061592 	-0.0721849 	-1.95657 	0.289216 	0.659533 	0.044967 	
1.52	0.0618333 	-0.0727974 	-1.95638 	0.289928 	0.661386 	0.0459558 	
1.525	0.0618451 	-0.0731331 	-1.95607 	0.289931 	0.661415 	0.0459528 	
1.53	0.061857 	-0.073468 	-1.95577 	0.289935 	0.661444 	0.0459497 	
1.535	0.0618689 	-0.0738021 	-1.95546 	0.289938 	0.661473 	0.0459466 	
1.54	0.0621101 	-0.0744086 	-1.95528 	0.290654 	0.663307 	0.0469311 	
1.545	0.062122 	-0.074741 	-1.95497 	0.290657 	0.663335 	0.0469277 	
1.55	0.0621339 	-0.0750725 	-1.95466 	0.29066 	0.663363 	0.0469243 	
1.555	0.0621458 	-0.0754031 	-1.95436 	0.290663 	0.663391 	0.0469207 	
1.56	0.0623866 	-0.0760033 	-1.95418 	0.291381 	0.665204 	0.0479001 	
1.565	0.0623985 	-0.0763321 	-1.95387 	0.291384 	0.665231 	0.0478963 	
1.57	0.0624104 	-0.0766601 	-1.95357 	0.291387 	0.665258 	0.0478925 	
1.575	0.0624224 	-0.0769871 	-1.95327 	0.29139 	0.665285 	0.0478886 	
1.58	0.0626626 	-0.0775805 	-1.95308 	0.292111 	0.667076 	0.048862 	
1.585	0.0626745 	-0.0779056 	-1.95278 	0.292113 	0.667102 	0.0488579 	
1.59	0.0626865 	-0.0782298 	-1.95248 	0.292116 	0.667128 	0.0488537 	
1.595	0.0626984 	-0.0785529 	-1.95218 	0.292119 	0.667154 	0.0488494 	
1.6	0.0629379 	-0.0791392 	-1.952 	0.292841 	0.668922 	0.0498162 	
1.605	0.0629498 	-0.0794604 	-1.9517 	0.292843 	0.668948 	0.0498118 	
1.61	0.0629617 	-0.0797806 	-1.9514 	0.292846 	0.668973 	0.0498073 	
1.615	0.0629736 	-0.0800997 	-1.95111 	0.292848 	0.668998 	0.0498027 	
1.62	0.0632122 	-0.0806786 	-1.95092 	0.293571 	0.670742 	0.0507621 	
1.625	0.063224 	-0.0809957 	-1.95063 	0.293573 	0.670766 	0.0507573 	
1.63	0.0632359 	-0.0813116 	-1.95033 	0.293575 	0.670791 	0.0507525 	
1.635	0.0632478 	-0.0816266 	-1.95004 	0.293578 	0.670815 	0.0507476 	
1.64	0.0634852 	-0.0821976 	-1.94986 	0.2943 	0.672534 	0.0516989 	
1.645	0.063497 	-0.0825103 	-1.94957 	0.294302 	0.672557 	0.0516939 	
1.65	0.0635088 	-0.082822 	-1.94928 	0.294304 	0.672581 	0.0516888 	
1.655	0.0635207 	-0.0831325 	-1.94899 	0.294306 	0.672604 	0.0516835 	
1.66	0.0637566 	-0.0836953 	-1.9488 	0.295028 	0.674297 	0.0526261 	
1.665	0.0637684 	-0.0840036 	-1.94852 	0.29503 	0.674319 	0.0526207 	
1.67	0.0637802 	-0.0843106 	-1.94823 	0.295032 	0.674342 	0.0526153 	
1.675	0.063792 	-0.0846165 	-1.94794 	0.295034 	0.674364 	0.0526098 	
1.68	0.0640263 	-0.0851709 	-1.94776 	0.295754 	0.67603 	0.0535429 	
1.685	0.0640381 	-0.0854745 	-1.94748 	0.295755 	0.676052 	0.0535373 	
1.69	0.0640498 	-0.0857768 	-1.94719 	0.295757 	0.676073 	0.0535316 	
1.695	0.0640615 	-0.0860779 	-1.94691 	0.295759 	0.676095 	0.0535258 	
1.7	0.064294 	-0.0866234 	-1.94673 	0.296476 	0.677733 	0.0544486 	
1.705	0.0643057 	-0.0869221 	-1.94645 	0.296478 	0.677754 	0.0544428 	
1.71	0.0643173 	-0.0872195 	-1.94617 	0.296479 	0.677774 	0.0544369 	
1.715	0.064329 	-0.0875157 	-1.94589 	0.296481 	0.677795 	0.0544309 	
1.72	0.0645594 	-0.088052 	-1.94571 	0.297195 	0.679404 	0.0553427 	
1.725	0.064571 	-0.0883457 	-1.94544 	0.297196 	0.679424 	0.0553366 	
1.73	0.0645825 	-0.088638 	-1.94516 	0.297198 	0.679444 	0.0553305 	
1.735	0.0645941 	-0.088929 	-1.94489 	0.297199 	0.679463 	0.0553242 	
1.74	0.0648222 	-0.0894558 	-1.94471 	0.297909 	0.681043 	0.0562244 	
1.745	0.0648337 	-0.0897443 	-1.94444 	0.29791 	0.681062 	0.0562181 	
1.75	0.0648452 	-0.0900313 	-1.94417 	0.297911 	0.681081 	0.0562118 	
1.755	0.0648566 	-0.0903171 	-1.9439 	0.297912 	0.6811 	0.0562053 	
1.76	0.0650823 	-0.0908341 	-1.94372 	0.298618 	0.682649 	0.0570931 	
1.765	0.0650936 	-0.0911171 	-1.94345 	0.298619 	0.682667 	0.0570866 	
1.77	0.065105 	-0.0913987 	-1.94318 	0.29862 	0.682685 	0.0570801 	
1.775	0.0651163 	-0.091679 	-1.94292 	0.298621 	0.682703 	0.0570735 	
1.78	0.0653392 	-0.0921859 	-1.94274 	0.29932 	0.684221 	0.0579482 	
1.785	0.0653505 	-0.0924633 	-1.94248 	0.299321 	0.684238 	0.0579415 	
1.79	0.0653617 	-0.0927394 	-1.94222 	0.299322 	0.684256 	0.0579348 	
1.795	0.0653728 	-0.093014 	-1.94196 	0.299322 	0.684272 	0.057928 	
1.8	0.0655929 	-0.0935105 	-1.94179 	0.300015 	0.685759 	0.0587889 	
1.805	0.065604 	-0.0937822 	-1.94153 	0.300016 	0.685775 	0.0587821 	
1.81	0.065615 	-0.0940525 	-1.94127 	0.300017 	0.685791 	0.0587752 	
1.815	0.065626 	-0.0943213 	-1.94102 	0.300017 	0.685807 	0.0587683 	
1.82	0.0658429 	-0.0948071 	-1.94085 	0.300703 	0.687261 	0.0596147 	
1.825	0.0658539 	-0.0950729 	-1.94059 	0.300703 	0.687276 	0.0596077 	
1.83	0.0658648 	-0.0953373 	-1.94034 	0.300704 	0.687292 	0.0596007 	
1.835	0.0658756 	-0.0956001 	-1.94009 	0.300704 	0.687307 	0.0595937 	
1.84	0.0660892 	-0.0960749 	-1.93992 	0.301381 	0.688726 	0.0604249 	
1.845	0.0660999 	-0.0963347 	-1.93968 	0.301382 	0.688741 	0.0604178 	
1.85	0.0661106 	-0.096593 	-1.93943 	0.301382 	0.688756 	0.0604107 	
1.855	0.0661213 	-0.0968497 	-1.93919 	0.301382 	0.68877 	0.0604036 	
1.86	0.066132 	-0.0971048 	-1.93894 	0.301383 	0.688785 	0.0603965 	
1.865	0.066386 	-0.097613 	-1.93879 	0.302199 	0.690473 	0.0613936 	
1.87	0.0663966 	-0.097865 	-1.93855 	0.302199 	0.690486 	0.0613864 	
1.875	0.0664071 	-0.0981154 	-1.93831 	0.302199 	0.6905 	0.0613792 	
1.88	0.0664175 	-0.0983643 	-1.93808 	0.302199 	0.690514 	0.061372 	
1.885	0.0664279 	-0.0986115 	-1.93784 	0.302199 	0.690527 	0.0613648 	
1.89	0.0666807 	-0.0991084 	-1.9377 	0.303016 	0.692192 	0.0623552 	
1.895	0.066691 	-0.0993524 	-1.93746 	0.303016 	0.692205 	0.062348 	
1.9	0.0667013 	-0.0995948 	-1.93723 	0.303016 	0.692218 	0.0623408 	
1.905	0.0667115 	-0.0998356 	-1.937 	0.303016 	0.692231 	0.0623335 	
1.91	0.0667216 	-0.100075 	-1.93677 	0.303016 	0.692243 	0.0623262 	
1.915	0.0669686 	-0.100555 	-1.93663 	0.303817 	0.693855 	0.0632912 	
1.92	0.0669786 	-0.100791 	-1.93641 	0.303816 	0.693867 	0.0632839 	
1.925	0.0669886 	-0.101025 	-1.93618 	0.303816 	0.693879 	0.0632767 	
1.93	0.0669985 	-0.101258 	-1.93596 	0.303816 	0.693891 	0.0632694 	
1.935	0.0670084 	-0.101489 	-1.93574 	0.303816 	0.693902 	0.0632621 	
1.94	0.0672486 	-0.101953 	-1.9356 	0.304598 	0.695457 	0.0641985 	
1.945	0.0672583 	-0.10218 	-1.93538 	0.304597 	0.695468 	0.0641912 	
1.95	0.067268 	-0.102406 	-1.93516 	0.304597 	0.69548 	0.064184 	
1.955	0.0672777 	-0.10263 	-1.93495 	0.304597 	0.695491 	0.0641767 	
1.96	0.0672872 	-0.102852 	-1.93473 	0.304597 	0.695501 	0.0641694 	
1.965	0.0675203 	-0.103298 	-1.9346 	0.305358 	0.696997 	0.0650758 	
1.97	0.0675297 	-0.103517 	-1.93439 	0.305358 	0.697008 	0.0650686 	
1.975	0.0675391 	-0.103734 	-1.93418 	0.305357 	0.697018 	0.0650613 	
1.98	0.0675485 	-0.103949 	-1.93397 	0.305357 	0.697028 	0.0650541 	
1.985	0.0675577 	-0.104163 	-1.93377 	0.305356 	0.697038 	0.0650469 	
1.99	0.0677832 	-0.104591 	-1.93364 	0.306096 	0.698475 	0.065922 	
1.995	0.0677924 	-0.104801 	-1.93344 	0.306095 	0.698484 	0.0659148 	
2	0.0678014 	-0.105009 	-1.93324 	0.306095 	0.698494 	0.0659077 	
2.005	0.0678105 	-0.105216 	-1.93304 	0.306094 	0.698503 	0.0659005 	
2.01	0.0678194 	-0.10542 	-1.93284 	0.306093 	0.698513 	0.0658934 	
2.015	0.068037 	-0.105831 	-1.93271 	0.306809 	0.699888 	0.066736 	
2.02	0.0680458 	-0.106032 	-1.93252 	0.306809 	0.699897 	0.0667289 	
2.025	0.0680545 	-0.106231 	-1.93233 	0.306808 	0.699906 	0.0667219 	
2.03	0.0680632 	-0.106428 	-1.93214 	0.306807 	0.699914 	0.0667148 	
2.035	0.0680718 	-0.106623 	-1.93195 	0.306807 	0.699923 	0.0667079 	
2.04	0.0680803 	-0.106817 	-1.93176 	0.306806 	0.699931 	0.0667009 	
2.045	0.0683246 	-0.107242 	-1.93165 	0.307617 	0.701472 	0.0676519 	
2.05	0.0683329 	-0.107431 	-1.93147 	0.307617 	0.70148 	0.0676449 	
2.055	0.0683412 	-0.107619 	-1.93129 	0.307616 	0.701488 	0.0676381 	
2.06	0.0683495 	-0.107805 	-1.93111 	0.307615 	0.701496 	0.0676312 	
2.065	0.0683577 	-0.10799 	-1.93093 	0.307615 	0.701503 	0.0676244 	
2.07	0.0683658 	-0.108172 	-1.93075 	0.307614 	0.701511 	0.0676177 	
2.075	0.0686015 	-0.108576 	-1.93065 	0.3084 	0.702986 	0.0685342 	
2.08	0.0686094 	-0.108754 	-1.93047 	0.308399 	0.702993 	0.0685275 	
2.085	0.0686173 	-0.108931 	-1.9303 	0.308399 	0.703 	0.0685209 	
2.09	0.068625 	-0.109105 	-1.93013 	0.308398 	0.703008 	0.0685143 	
2.095	0.0686328 	-0.109278 	-1.92997 	0.308397 	0.703014 	0.0685077 	
2.1	0.0686404 	-0.109449 	-1.9298 	0.308396 	0.703021 	0.0685012 	
2.105	0.0688635 	-0.109828 	-1.9297 	0.309143 	0.704407 	0.069367 	
2.11	0.0688709 	-0.109995 	-1.92954 	0.309142 	0.704413 	0.0693605 	
2.115	0.0688783 	-0.11016 	-1.92938 	0.309141 	0.70442 	0.0693541 	
2.12	0.0688857 	-0.110323 	-1.92922 	0.309141 	0.704426 	0.0693478 	
2.125	0.0688929 	-0.110484 	-1.92907 	0.30914 	0.704432 	0.0693415 	
2.13	0.0689001 	-0.110643 	-1.92891 	0.309139 	0.704438 	0.0693353 	
2.135	0.0689071 	-0.1108 	-1.92876 	0.309138 	0.704444 	0.0693291 	
2.14	0.0691455 	-0.111179 	-1.92868 	0.309942 	0.705919 	0.0702576 	
2.145	0.0691524 	-0.111332 	-1.92853 	0.309942 	0.705925 	0.0702515 	
2.15	0.0691592 	-0.111484 	-1.92838 	0.309941 	0.705931 	0.0702455 	
2.155	0.069166 	-0.111633 	-1.92823 	0.30994 	0.705936 	0.0702395 	
2.16	0.0691726 	-0.11178 	-1.92809 	0.309939 	0.705942 	0.0702336 	
2.165	0.0691792 	-0.111925 	-1.92795 	0.309938 	0.705947 	0.0702277 	
2.17	0.0691857 	-0.112069 	-1.92781 	0.309937 	0.705952 	0.0702219 	
2.175	0.0694083 	-0.112417 	-1.92774 	0.310691 	0.70732 	0.0710879 	
2.18	0.0694146 	-0.112556 	-1.9276 	0.31069 	0.707325 	0.0710823 	
2.185	0.0694208 	-0.112694 	-1.92747 	0.31069 	0.70733 	0.0710767 	
2.19	0.069427 	-0.112829 	-1.92733 	0.310689 	0.707335 	0.0710711 	
2.195	0.069433 	-0.112962 	-1.9272 	0.310688 	0.707339 	0.0710656 	
2.2	0.069439 	-0.113093 	-1.92708 	0.310687 	0.707344 	0.0710602 	
2.205	0.0694449 	-0.113222 	-1.92695 	0.310686 	0.707348 	0.0710549 	
2.21	0.0694507 	-0.113349 	-1.92683 	0.310686 	0.707353 	0.0710496 	
2.215	0.0696771 	-0.113684 	-1.92677 	0.311458 	0.708738 	0.0719329 	
2.22	0.0696827 	-0.113807 	-1.92665 	0.311457 	0.708742 	0.0719278 	
2.225	0.0696882 	-0.113928 	-1.92653 	0.311456 	0.708747 	0.0719227 	
2.23	0.0696937 	-0.114047 	-1.92641 	0.311455 	0.708751 	0.0719177 	
2.235	0.069699 	-0.114164 	-1.9263 	0.311455 	0.708755 	0.0719128 	
2.24	0.0697043 	-0.114279 	-1.92619 	0.311454 	0.708758 	0.071908 	
2.245	0.0697094 	-0.114391 	-1.92608 	0.311453 	0.708762 	0.0719032 	
2.25	0.0697145 	-0.114502 	-1.92597 	0.311452 	0.708766 	0.0718985 	
2.255	0.0697195 	-0.11461 	-1.92586 	0.311451 	0.708769 	0.0718939 	
2.26	0.0699421 	-0.114922 	-1.92582 	0.312215 	0.710125 	0.072764 	
2.265	0.0699468 	-0.115026 	-1.92572 	0.312215 	0.710128 	0.0727595 	
2.27	0.0699515 	-0.115129 	-1.92562 	0.312214 	0.710132 	0.0727552 	
2.275	0.0699561 	-0.115229 	-1.92552 	0.312213 	0.710135 	0.0727509 	
2.28	0.0699606 	-0.115327 	-1.92542 	0.312212 	0.710138 	0.0727466 	
2.285	0.0699651 	-0.115423 	-1.92533 	0.312212 	0.710141 	0.0727425 	
2.29	0.0699694 	-0.115517 	-1.92524 	0.312211 	0.710144 	0.0727384 	
2.295	0.0699736 	-0.115608 	-1.92515 	0.31221 	0.710147 	0.0727344 	
2.3	0.0699778 	-0.115698 	-1.92506 	0.31221 	0.71015 	0.0727305 	
2.305	0.0699818 	-0.115785 	-1.92498 	0.312209 	0.710153 	0.0727267 	
2.31	0.0699858 	-0.115871 	-1.92489 	0.312208 	0.710156 	0.072723 	
2.315	0.070208 	-0.116159 	-1.92487 	0.312977 	0.711505 	0.0735955 	
2.32	0.0702117 	-0.11624 	-1.92479 	0.312977 	0.711508 	0.073592 	
2.325	0.0702154 	-0.116319 	-1.92471 	0.312976 	0.71151 	0.0735885 	
2.33	0.0702189 	-0.116396 	-1.92464 	0.312975 	0.711512 	0.0735851 	
2.335	0.0702224 	-0.11647 	-1.92456 	0.312975 	0.711515 	0.0735818 	
2.34	0.0702257 	-0.116543 	-1.92449 	0.312974 	0.711517 	0.0735786 	
2.345	0.070229 	-0.116613 	-1.92442 	0.312974 	0.711519 	0.0735755 	
2.35	0.0702322 	-0.116682 	-1.92436 	0.312973 	0.711521 	0.0735725 	
2.355	0.0702352 	-0.116748 	-1.92429 	0.312973 	0.711523 	0.0735695 	
2.36	0.0702382 	-0.116812 	-1.92423 	0.312972 	0.711525 	0.0735667 	
2.365	0.0702411 	-0.116874 	-1.92417 	0.312972 	0.711527 	0.0735639 	
2.37	0.0702439 	-0.116933 	-1.92411 	0.312971 	0.711529 	0.0735613 	
2.375	0.0702465 	-0.116991 	-1.92405 	0.312971 	0.71153 	0.0735587 	
2.38	0.0702491 	-0.117046 	-1.924 	0.31297 	0.711532 	0.0735562 	
2.385	0.0702516 	-0.117099 	-1.92395 	0.31297 	0.711534 	0.0735538 	
2.39	0.070254 	-0.117151 	-1.9239 	0.312969 	0.711535 	0.0735515 	
2.395	0.0704776 	-0.117406 	-1.92391 	0.313751 	0.712892 	0.074436 	
2.4	0.0704798 	-0.117452 	-1.92386 	0.313751 	0.712894 	0.0744339 	
2.405	0.0704818 	-0.117497 	-1.92382 	0.31375 	0.712895 	0.0744319 	
2.41	0.0704838 	-0.117539 	-1.92378 	0.31375 	0.712896 	0.0744299 	
2.415	0.0704857 	-0.11758 	-1.92374 	0.31375 	0.712897 	0.0744281 	
2.42	0.0704873 	-0.117614 	-1.9237 	0.31375 	0.712898 	0.0744266 	
2.425	0.0704891 	-0.117654 	-1.92366 	0.313749 	0.7129 	0.0744248 	
2.43	0.0704906 	-0.117684 	-1.92363 	0.313749 	0.7129 	0.0744234 	
2.435	0.070492 	-0.117716 	-1.9236 	0.313749 	0.712901 	0.074422 	
2.44	0.0704934 	-0.117746 	-1.92357 	0.313748 	0.712902 	0.0744207 	
2.445	0.0704947 	-0.117773 	-1.92355 	0.313748 	0.712903 	0.0744194 	
2.45	0.0704959 	-0.117798 	-1.92352 	0.313748 	0.712904 	0.0744183 	
2.455	0.0704969 	-0.117821 	-1.9235 	0.313748 	0.712904 	0.0744172 	
2.46	0.0704979 	-0.117842 	-1.92348 	0.313748 	0.712905 	0.0744163 	
2.465	0.0704988 	-0.117861 	-1.92346 	0.313747 	0.712906 	0.0744154 	
2.47	0.0704996 	-0.117878 	-1.92344 	0.313747 	0.712906 	0.0744147 	
2.475	0.0705002 	-0.117892 	-1.92343 	0.313747 	0.712906 	0.074414 	
2.48	0.0705008 	-0.117904 	-1.92342 	0.313747 	0.712907 	0.0744135 	
2.485	0.0705013 	-0.117914 	-1.92341 	0.313747 	0.712907 	0.074413 	
2.49	0.0705016 	-0.117922 	-1.9234 	0.313747 	0.712907 	0.0744126 	
2.495	0.0705019 	-0.117928 	-1.9234 	0.313747 	0.712907 	0.0744124 	
2.5	0.0705019 	-0.117928 	-1.9234 	0.313747 	0.712907 	0.0744124 	
2.505	0.0705021 	-0.117932 	-1.92339 	0.313747 	0.712908 	0.0744122 	
2.51	0.0704931 	-0.117923 	-1.9234 	0.31375 	0.712909 	0.0744239 	
2.515	0.0704931 	-0.117923 	-1.9234 	0.31375 	0.712909 	0.0744239 	
2.52	0.0704927 	-0.11792 	-1.9234 	0.313749 	0.712904 	0.0744223 	
2.525	0.0704931 	-0.117919 	-1.9234 	0.313748 	0.7129 	0.0744199 	
2.53	0.0704938 	-0.117917 	-1.92339 	0.313746 	0.712894 	0.0744166 	
2.535	0.0704945 	-0.117915 	-1.92339 	0.313744 	0.712887 	0.0744126 	
2.54	0.0704955 	-0.117912 	-1.92338 	0.313741 	0.712878 	0.0744079 	
2.545	0.0704966 	-0.11791 	-1.92337 	0.313738 	0.712869 	0.0744024 	
2.55	0.0704978 	-0.117906 	-1.92337 	0.313734 	0.712858 	0.0743962 	
2.555	0.0704992 	-0.117903 	-1.92336 	0.31373 	0.712845 	0.0743892 	
2.56	0.0705007 	-0.117899 	-1.92335 	0.313726 	0.712832 	0.0743815 	
2.565	0.0705023 	-0.117894 	-1.92333 	0.313721 	0.712817 	0.0743731 	
2.57	0.0705042 	-0.117889 	-1.92332 	0.313716 	0.712801 	0.0743639 	
2.575	0.0705061 	-0.117884 	-1.92331 	0.313711 	0.712783 	0.074354 	
2.58	0.0705082 	-0.117879 	-1.92329 	0.313705 	0.712765 	0.0743433 	
2.585	0.0705105 	-0.117873 	-1.92328 	0.313698 	0.712745 	0.0743319 	
2.59	0.0705128 	-0.117866 	-1.92326 	0.313691 	0.712723 	0.0743198 	
2.595	0.0705154 	-0.117859 	-1.92324 	0.313684 	0.7127 	0.0743069 	
2.6	0.0705181 	-0.117852 	-1.92322 	0.313676 	0.712677 	0.0742933 	
2.605	0.0705209 	-0.117845 	-1.9232 	0.313668 	0.712651 	0.074279 	
2.61	0.0705239 	-0.117837 	-1.92318 	0.31366 	0.712625 	0.0742639 	
2.615	0.070527 	-0.117829 	-1.92316 	0.313651 	0.712597 	0.0742481 	
2.62	0.0705302 	-0.11782 	-1.92314 	0.313641 	0.712568 	0.0742316 	
2.625	0.0705336 	-0.117811 	-1.92311 	0.313632 	0.712537 	0.0742144 	
2.63	0.0705372 	-0.117801 	-1.92309 	0.313622 	0.712506 	0.0741964 	
2.635	0.0705409 	-0.117792 	-1.92306 	0.313611 	0.712473 	0.0741777 	
2.64	0.0705451 	-0.11778 	-1.92303 	0.313599 	0.712435 	0.0741563 	
2.645	0.0705487 	-0.117771 	-1.92301 	0.313589 	0.712402 	0.0741379 	
2.65	0.0705532 	-0.117759 	-1.92298 	0.313576 	0.712362 	0.0741151 	
2.655	0.0705706 	-0.117762 	-1.92293 	0.313558 	0.712322 	0.0740762 	
2.66	0.0705752 	-0.11775 	-1.92289 	0.313545 	0.712282 	0.0740536 	
2.665	0.0705797 	-0.117738 	-1.92286 	0.313532 	0.712241 	0.0740305 	
2.67	0.0705844 	-0.117726 	-1.92283 	0.313519 	0.712199 	0.0740066 	
2.675	0.0705893 	-0.117713 	-1.9228 	0.313505 	0.712156 	0.0739821 	
2.68	0.0705943 	-0.117699 	-1.92276 	0.313491 	0.712111 	0.0739568 	
2.685	0.0705994 	-0.117686 	-1.92272 	0.313476 	0.712066 	0.0739309 	
2.69	0.0706047 	-0.117672 	-1.92269 	0.313461 	0.712019 	0.0739042 	
2.695	0.0706101 	-0.117657 	-1.92265 	0.313446 	0.71197 	0.0738768 	
2.7	0.0706156 	-0.117643 	-1.92261 	0.31343 	0.711921 	0.0738487 	
2.705	0.0706213 	-0.117628 	-1.92257 	0.313414 	0.71187 	0.0738199 	
2.71	0.0706271 	-0.117612 	-1.92253 	0.313397 	0.711818 	0.0737904 	
2.715	0.0706331 	-0.117596 	-1.92249 	0.31338 	0.711764 	0.0737602 	
2.72	0.0706392 	-0.11758 	-1.92244 	0.313363 	0.71171 	0.0737293 	
2.725	0.0706454 	-0.117564 	-1.9224 	0.313345 	0.711654 	0.0736977 	
2.73	0.0706518 	-0.117547 	-1.92236 	0.313327 	0.711597 	0.0736654 	
2.735	0.0706583 	-0.117529 	-1.92231 	0.313308 	0.711539 	0.0736324 	
2.74	0.070665 	-0.117512 	-1.92226 	0.313289 	0.711479 	0.0735987 	
2.745	0.0706718 	-0.117494 	-1.92222 	0.31327 	0.711419 	0.0735643 	
2.75	0.0706787 	-0.117475 	-1.92217 	0.31325 	0.711357 	0.0735293 	
2.755	0.0706858 	-0.117457 	-1.92212 	0.31323 	0.711294 	0.0734935 	
2.76	0.070693 	-0.117438 	-1.92207 	0.313209 	0.711229 	0.0734571 	
2.765	0.0706536 	-0.117102 	-1.92194 	0.313348 	0.709492 	0.0737669 	
2.77	0.070661 	-0.117082 	-1.92189 	0.313327 	0.709426 	0.0737291 	
2.775	0.0706687 	-0.117062 	-1.92183 	0.313305 	0.709358 	0.0736907 	
2.78	0.0706764 	-0.117041 	-1.92178 	0.313283 	0.709289 	0.0736516 	
2.785	0.0706843 	-0.11702 	-1.92172 	0.313261 	0.709218 	0.0736118 	
2.79	0.0706923 	-0.116999 	-1.92167 	0.313238 	0.709147 	0.0735714 	
2.795	0.0707005 	-0.116978 	-1.92161 	0.313215 	0.709074 	0.0735303 	
2.8	0.0707087 	-0.116956 	-1.92155 	0.313192 	0.709 	0.0734886 	
2.805	0.0707172 	-0.116934 	-1.92149 	0.313168 	0.708925 	0.0734462 	
2.81	0.0707257 	-0.116911 	-1.92143 	0.313144 	0.708849 	0.0734031 	
2.815	0.0707344 	-0.116889 	-1.92137 	0.313119 	0.708772 	0.0733594 	
2.82	0.0707432 	-0.116865 	-1.92131 	0.313094 	0.708693 	0.073315 	
2.825	0.0707521 	-0.116842 	-1.92125 	0.313069 	0.708614 	0.07327 	
2.83	0.0707612 	-0.116818 	-1.92118 	0.313043 	0.708533 	0.0732244 	
2.835	0.0707704 	-0.116794 	-1.92112 	0.313017 	0.708451 	0.0731781 	
2.84	0.0706653 	-0.116461 	-1.92097 	0.312829 	0.706637 	0.0730712 	
2.845	0.0706748 	-0.116436 	-1.92091 	0.312803 	0.706552 	0.0730237 	
2.85	0.0706844 	-0.116411 	-1.92084 	0.312776 	0.706467 	0.0729756 	
2.855	0.0706941 	-0.116386 	-1.92077 	0.312748 	0.706381 	0.0729268 	
2.86	0.0707039 	-0.11636 	-1.9207 	0.312721 	0.706293 	0.0728775 	
2.865	0.0707139 	-0.116334 	-1.92063 	0.312693 	0.706204 	0.0728275 	
2.87	0.070724 	-0.116308 	-1.92056 	0.312664 	0.706114 	0.0727768 	
2.875	0.0707342 	-0.116281 	-1.92049 	0.312636 	0.706024 	0.0727256 	
2.88	0.0707446 	-0.116254 	-1.92042 	0.312607 	0.705932 	0.0726738 	
2.885	0.070755 	-0.116227 	-1.92034 	0.312577 	0.705838 	0.0726213 	
2.89	0.0707656 	-0.116199 	-1.92027 	0.312548 	0.705744 	0.0725683 	
2.895	0.0707714 	-0.116166 	-1.9202 	0.31252 	0.70565 	0.0725211 	
2.9	0.0706654 	-0.115841 	-1.92005 	0.312304 	0.703873 	0.0723714 	
2.905	0.0706764 	-0.115812 	-1.91997 	0.312274 	0.703776 	0.0723166 	
2.91	0.0706875 	-0.115783 	-1.91989 	0.312243 	0.703678 	0.0722613 	
2.915	0.0706987 	-0.115754 	-1.91981 	0.312212 	0.703578 	0.0722053 	
2.92	0.07071 	-0.115725 	-1.91973 	0.31218 	0.703478 	0.0721488 	
2.925	0.0707215 	-0.115695 	-1.91965 	0.312148 	0.703376 	0.0720917 	
2.93	0.070733 	-0.115665 	-1.91957 	0.312116 	0.703273 	0.072034 	
2.935	0.0707447 	-0.115635 	-1.91949 	0.312084 	0.70317 	0.0719758 	
2.94	0.0707565 	-0.115604 	-1.91941 	0.312051 	0.703065 	0.071917 	
2.945	0.0707684 	-0.115574 	-1.91932 	0.312018 	0.702959 	0.0718576 	
2.95	0.0707805 	-0.115543 	-1.91924 	0.311985 	0.702853 	0.0717977 	
2.955	0.0706715 	-0.115205 	-1.91907 	0.311758 	0.701008 	0.0716356 	
2.96	0.0706838 	-0.115174 	-1.91898 	0.311724 	0.700899 	0.0715746 	
2.965	0.0706962 	-0.115142 	-1.9189 	0.31169 	0.700789 	0.0715131 	
2.97	0.0707087 	-0.11511 	-1.91881 	0.311656 	0.700679 	0.0714511 	
2.975	0.0707213 	-0.115077 	-1.91872 	0.311621 	0.700567 	0.0713885 	
2.98	0.0707341 	-0.115045 	-1.91863 	0.311586 	0.700454 	0.0713254 	
2.985	0.0707469 	-0.115012 	-1.91854 	0.311551 	0.700341 	0.0712618 	
2.99	0.0707598 	-0.114978 	-1.91845 	0.311515 	0.700226 	0.0711976 	
2.995	0.0707729 	-0.114945 	-1.91836 	0.311479 	0.700111 	0.0711329 	
3	0.0707861 	-0.114911 	-1.91827 	0.311443 	0.699994 	0.0710677 	
3.005	0.0706779 	-0.114571 	-1.91809 	0.311215 	0.698131 	0.0709008 	
3.01	0.0706913 	-0.114537 	-1.91799 	0.311178 	0.698013 	0.0708346 	
3.015	0.0707048 	-0.114502 	-1.9179 	0.311141 	0.697893 	0.070768 	
3.02	0.0707184 	-0.114468 	-1.9178 	0.311104 	0.697773 	0.0707009 	
3.025	0.0707321 	-0.114433 	-1.91771 	0.311067 	0.697652 	0.0706332 	
3.03	0.0707459 	-0.114397 	-1.91761 	0.311029 	0.69753 	0.0705651 	
3.035	0.0707599 	-0.114362 	-1.91751 	0.310991 	0.697407 	0.0704965 	
3.04	0.0707739 	-0.114326 	-1.91741 	0.310953 	0.697284 	0.0704274 	
3.045	0.070788 	-0.11429 	-1.91732 	0.310915 	0.697159 	0.0703579 	
3.05	0.0706843 	-0.113957 	-1.91713 	0.310691 	0.695334 	0.0701905 	
3.055	0.0706986 	-0.113921 	-1.91703 	0.310652 	0.695207 	0.07012 	
3.06	0.070713 	-0.113884 	-1.91693 	0.310613 	0.69508 	0.0700492 	
3.065	0.0707276 	-0.113847 	-1.91683 	0.310574 	0.694952 	0.0699778 	
3.07	0.0707422 	-0.11381 	-1.91673 	0.310534 	0.694823 	0.0699061 	
3.075	0.0707569 	-0.113773 	-1.91662 	0.310495 	0.694693 	0.0698338 	
3.08	0.0707718 	-0.113736 	-1.91652 	0.310455 	0.694563 	0.0697612 	
3.085	0.0707867 	-0.113698 	-1.91641 	0.310415 	0.694432 	0.069688 	
3.09	0.0708017 	-0.11366 	-1.91631 	0.310374 	0.694299 	0.0696145 	
3.095	0.0706927 	-0.11331 	-1.91611 	0.31014 	0.692374 	0.0694391 	
3.1	0.070708 	-0.113272 	-1.91601 	0.3101 	0.692241 	0.0693648 	
3.105	0.0707233 	-0.113233 	-1.9159 	0.310059 	0.692106 	0.0692901 	
3.11	0.0707387 	-0.113195 	-1.91579 	0.310017 	0.691971 	0.069215 	
3.115	0.0707542 	-0.113156 	-1.91568 	0.309976 	0.691835 	0.0691394 	
3.12	0.0707697 	-0.113117 	-1.91557 	0.309935 	0.691698 	0.0690635 	
3.125	0.0707854 	-0.113078 	-1.91546 	0.309893 	0.691561 	0.0689871 	
3.13	0.0708011 	-0.113038 	-1.91535 	0.309851 	0.691422 	0.0689104 	
3.135	0.0706999 	-0.112704 	-1.91516 	0.309628 	0.689588 	0.0687385 	
3.14	0.0707158 	-0.112664 	-1.91505 	0.309585 	0.689448 	0.0686611 	
3.145	0.0707318 	-0.112625 	-1.91493 	0.309543 	0.689307 	0.0685833 	
3.15	0.070748 	-0.112584 	-1.91482 	0.3095 	0.689166 	0.0685051 	
3.155	0.0707641 	-0.112544 	-1.91471 	0.309457 	0.689024 	0.0684266 	
3.16	0.0707832 	-0.112507 	-1.91459 	0.309413 	0.688881 	0.0683441 	
3.165	0.0707996 	-0.112466 	-1.91447 	0.30937 	0.688738 	0.0682648 	
3.17	0.070816 	-0.112426 	-1.91436 	0.309327 	0.688594 	0.0681852 	
3.175	0.0707119 	-0.112082 	-1.91415 	0.309098 	0.686699 	0.0680086 	
3.18	0.0707285 	-0.112041 	-1.91404 	0.309055 	0.686554 	0.0679284 	
3.185	0.0707452 	-0.112 	-1.91392 	0.309011 	0.686408 	0.0678479 	
3.19	0.0707619 	-0.111958 	-1.9138 	0.308967 	0.686262 	0.067767 	
3.195	0.0707788 	-0.111917 	-1.91369 	0.308923 	0.686115 	0.0676858 	
3.2	0.0707957 	-0.111875 	-1.91357 	0.308879 	0.685967 	0.0676043 	
3.205	0.0708126 	-0.111833 	-1.91345 	0.308834 	0.685819 	0.0675224 	
3.21	0.0708297 	-0.111791 	-1.91333 	0.30879 	0.68567 	0.0674403 	
3.215	0.0707222 	-0.111436 	-1.91311 	0.308555 	0.683707 	0.067259 	
3.22	0.0707394 	-0.111394 	-1.91299 	0.308511 	0.683557 	0.0671764 	
3.225	0.0707566 	-0.111352 	-1.91287 	0.308466 	0.683406 	0.0670934 	
3.23	0.070774 	-0.11131 	-1.91275 	0.308421 	0.683255 	0.0670102 	
3.235	0.0707914 	-0.111267 	-1.91263 	0.308376 	0.683103 	0.0669267 	
3.24	0.0708089 	-0.111225 	-1.91251 	0.308331 	0.682951 	0.0668429 	
3.245	0.0708264 	-0.111182 	-1.91238 	0.308285 	0.682798 	0.0667588 	
3.25	0.0707303 	-0.110854 	-1.91217 	0.308068 	0.680987 	0.0665853 	
3.255	0.070748 	-0.110811 	-1.91205 	0.308023 	0.680834 	0.0665008 	
3.26	0.0707658 	-0.110768 	-1.91193 	0.307977 	0.680679 	0.066416 	
3.265	0.0707836 	-0.110725 	-1.9118 	0.307931 	0.680524 	0.066331 	
3.27	0.0708014 	-0.110681 	-1.91168 	0.307885 	0.680369 	0.0662457 	
3.275	0.0708193 	-0.110638 	-1.91155 	0.307839 	0.680213 	0.0661602 	
3.28	0.0708373 	-0.110595 	-1.91143 	0.307793 	0.680057 	0.0660745 	
3.285	0.0707406 	-0.110264 	-1.91121 	0.307575 	0.678224 	0.0658994 	
3.29	0.0707587 	-0.11022 	-1.91108 	0.307529 	0.678066 	0.0658133 	
3.295	0.0707769 	-0.110176 	-1.91096 	0.307483 	0.677909 	0.065727 	
3.3	0.0707951 	-0.110132 	-1.91083 	0.307436 	0.677751 	0.0656405 	
3.305	0.0708133 	-0.110089 	-1.9107 	0.30739 	0.677592 	0.0655537 	
3.31	0.0708317 	-0.110045 	-1.91057 	0.307344 	0.677433 	0.0654668 	
3.315	0.07085 	-0.11 	-1.91044 	0.307297 	0.677274 	0.0653796 	
3.32	0.0707517 	-0.109664 	-1.91022 	0.307077 	0.675406 	0.0652026 	
3.325	0.0707702 	-0.10962 	-1.91009 	0.30703 	0.675246 	0.0651152 	
3.33	0.0707887 	-0.109576 	-1.90996 	0.306983 	0.675085 	0.0650276 	
3.335	0.0708073 	-0.109532 	-1.90983 	0.306936 	0.674924 	0.0649398 	
3.34	0.0708259 	-0.109487 	-1.9097 	0.30689 	0.674763 	0.0648519 	
3.345	0.0708445 	-0.109443 	-1.90957 	0.306843 	0.674602 	0.0647638 	
3.35	0.0708632 	-0.109398 	-1.90944 	0.306796 	0.67444 	0.0646755 	
3.355	0.0707636 	-0.109058 	-1.90921 	0.306574 	0.672541 	0.0644971 	
3.36	0.0707741 	-0.109004 	-1.9091 	0.30653 	0.67238 	0.0644192 	
3.365	0.0707928 	-0.10896 	-1.90897 	0.306483 	0.672217 	0.0643307 	
3.37	0.0708117 	-0.108915 	-1.90883 	0.306436 	0.672054 	0.064242 	
3.375	0.0708306 	-0.10887 	-1.9087 	0.306389 	0.671891 	0.0641531 	
3.38	0.0708495 	-0.108826 	-1.90857 	0.306341 	0.671727 	0.0640642 	
3.385	0.0708685 	-0.108781 	-1.90844 	0.306294 	0.671563 	0.0639751 	
3.39	0.0707678 	-0.108437 	-1.9082 	0.306072 	0.669638 	0.0637957 	
3.395	0.0707868 	-0.108393 	-1.90807 	0.306025 	0.669474 	0.0637065 	
3.4	0.0708059 	-0.108348 	-1.90794 	0.305977 	0.669309 	0.0636172 	
3.405	0.070825 	-0.108303 	-1.90781 	0.30593 	0.669145 	0.0635278 	
3.41	0.0708441 	-0.108258 	-1.90767 	0.305883 	0.66898 	0.0634383 	
3.415	0.0708633 	-0.108213 	-1.90754 	0.305836 	0.668815 	0.0633487 	
3.42	0.0708824 	-0.108168 	-1.9074 	0.305788 	0.668649 	0.063259 	
3.425	0.070781 	-0.107822 	-1.90717 	0.305566 	0.666705 	0.0630794 	
3.43	0.0708002 	-0.107778 	-1.90703 	0.305518 	0.666539 	0.0629897 	
3.435	0.0708195 	-0.107733 	-1.9069 	0.305471 	0.666373 	0.0628999 	
3.44	0.0708388 	-0.107688 	-1.90676 	0.305424 	0.666207 	0.0628101 	
3.445	0.0708581 	-0.107643 	-1.90663 	0.305377 	0.666041 	0.0627202 	
3.45	0.0708774 	-0.107598 	-1.90649 	0.30533 	0.665875 	0.0626303 	
3.455	0.0708956 	-0.107552 	-1.90636 	0.305283 	0.665709 	0.0625418 	
3.46	0.0707937 	-0.107205 	-1.90612 	0.305061 	0.66375 	0.0623625 	
3.465	0.0708131 	-0.10716 	-1.90599 	0.305014 	0.663583 	0.0622726 	
3.47	0.0708325 	-0.107116 	-1.90585 	0.304967 	0.663417 	0.0621826 	
3.475	0.0708519 	-0.107071 	-1.90572 	0.30492 	0.66325 	0.0620927 	
