0	0.310424 	-0.173765 	0.537006 	0.180348 	-1.45455 	-0.248463 	
0.005	0.310424 	-0.173765 	0.537006 	0.180348 	-1.45455 	-0.248463 	
0.01	0.310424 	-0.173765 	0.537006 	0.180348 	-1.45455 	-0.248463 	
0.015	0.310425 	-0.173765 	0.537006 	0.180348 	-1.45455 	-0.248463 	
0.02	0.310426 	-0.173765 	0.537006 	0.180348 	-1.45455 	-0.248463 	
0.025	0.310428 	-0.173765 	0.537007 	0.180348 	-1.45455 	-0.248463 	
0.03	0.310431 	-0.173765 	0.537007 	0.180348 	-1.45455 	-0.248463 	
0.035	0.310433 	-0.173765 	0.537008 	0.180348 	-1.45455 	-0.248463 	
0.04	0.310437 	-0.173765 	0.537008 	0.180348 	-1.45455 	-0.248463 	
0.045	0.310441 	-0.173765 	0.537009 	0.180348 	-1.45455 	-0.248463 	
0.05	0.310445 	-0.173765 	0.53701 	0.180348 	-1.45455 	-0.248463 	
0.055	0.310451 	-0.173765 	0.537011 	0.180348 	-1.45455 	-0.248463 	
0.06	0.310456 	-0.173766 	0.537012 	0.180348 	-1.45455 	-0.248463 	
0.065	0.310462 	-0.173766 	0.537013 	0.180348 	-1.45455 	-0.248463 	
0.07	0.310469 	-0.173766 	0.537014 	0.180348 	-1.45455 	-0.248463 	
0.075	0.310476 	-0.173766 	0.537015 	0.180348 	-1.45455 	-0.248463 	
0.08	0.310484 	-0.173766 	0.537017 	0.180348 	-1.45455 	-0.248463 	
0.085	0.310492 	-0.173766 	0.537018 	0.180348 	-1.45455 	-0.248463 	
0.09	0.310501 	-0.173766 	0.53702 	0.180348 	-1.45455 	-0.248463 	
0.095	0.310511 	-0.173767 	0.537022 	0.180348 	-1.45455 	-0.248463 	
0.1	0.310521 	-0.173767 	0.537024 	0.180348 	-1.45455 	-0.248463 	
0.105	0.310532 	-0.173767 	0.537026 	0.180348 	-1.45455 	-0.248463 	
0.11	0.310543 	-0.173767 	0.537028 	0.180348 	-1.45455 	-0.248463 	
0.115	0.310555 	-0.173768 	0.53703 	0.180348 	-1.45455 	-0.248463 	
0.12	0.310567 	-0.173768 	0.537032 	0.180348 	-1.45455 	-0.248463 	
0.125	0.310579 	-0.173768 	0.537035 	0.180348 	-1.45455 	-0.248463 	
0.13	0.310593 	-0.173768 	0.537037 	0.180348 	-1.45455 	-0.248463 	
0.135	0.310606 	-0.173769 	0.53704 	0.180348 	-1.45455 	-0.248463 	
0.14	0.310621 	-0.173769 	0.537042 	0.180348 	-1.45455 	-0.248463 	
0.145	0.310635 	-0.173769 	0.537045 	0.180348 	-1.45455 	-0.248463 	
0.15	0.310651 	-0.173769 	0.537048 	0.180348 	-1.45455 	-0.248463 	
0.155	0.310667 	-0.17377 	0.537051 	0.180348 	-1.45455 	-0.248463 	
0.16	0.310683 	-0.17377 	0.537054 	0.180348 	-1.45455 	-0.248463 	
0.165	0.310637 	-0.173755 	0.537038 	0.178721 	-1.45341 	-0.246221 	
0.17	0.310655 	-0.173755 	0.537041 	0.178721 	-1.45341 	-0.246221 	
0.175	0.310673 	-0.173756 	0.537044 	0.178721 	-1.45341 	-0.246221 	
0.18	0.310691 	-0.173756 	0.537048 	0.178721 	-1.45341 	-0.246221 	
0.185	0.31071 	-0.173756 	0.537051 	0.178721 	-1.45341 	-0.246221 	
0.19	0.31073 	-0.173757 	0.537055 	0.178721 	-1.45341 	-0.246221 	
0.195	0.31075 	-0.173757 	0.537059 	0.178721 	-1.45341 	-0.246221 	
0.2	0.310771 	-0.173757 	0.537063 	0.178721 	-1.45341 	-0.246221 	
0.205	0.310792 	-0.173758 	0.537067 	0.178721 	-1.45341 	-0.246221 	
0.21	0.310813 	-0.173758 	0.537071 	0.178721 	-1.45341 	-0.246221 	
0.215	0.310836 	-0.173759 	0.537075 	0.178721 	-1.45341 	-0.246221 	
0.22	0.310858 	-0.173759 	0.537079 	0.178721 	-1.45341 	-0.246221 	
0.225	0.31082 	-0.173744 	0.537064 	0.177117 	-1.45228 	-0.244012 	
0.23	0.310844 	-0.173745 	0.537069 	0.177117 	-1.45228 	-0.244012 	
0.235	0.310868 	-0.173745 	0.537073 	0.177117 	-1.45228 	-0.244012 	
0.24	0.310893 	-0.173746 	0.537078 	0.177117 	-1.45228 	-0.244012 	
0.245	0.310918 	-0.173746 	0.537083 	0.177117 	-1.45228 	-0.244012 	
0.25	0.310944 	-0.173747 	0.537087 	0.177117 	-1.45228 	-0.244012 	
0.255	0.31097 	-0.173747 	0.537092 	0.177117 	-1.45228 	-0.244012 	
0.26	0.310997 	-0.173748 	0.537097 	0.177117 	-1.45228 	-0.244012 	
0.265	0.311024 	-0.173748 	0.537102 	0.177117 	-1.45228 	-0.244012 	
0.27	0.311052 	-0.173749 	0.537107 	0.177117 	-1.45228 	-0.244012 	
0.275	0.311015 	-0.173734 	0.537093 	0.175418 	-1.45109 	-0.241671 	
0.28	0.311044 	-0.173734 	0.537098 	0.175418 	-1.45109 	-0.241671 	
0.285	0.311074 	-0.173735 	0.537104 	0.175418 	-1.45109 	-0.241671 	
0.29	0.311104 	-0.173735 	0.537109 	0.175418 	-1.45109 	-0.241671 	
0.295	0.311134 	-0.173736 	0.537115 	0.175418 	-1.45109 	-0.241671 	
0.3	0.311165 	-0.173736 	0.537121 	0.175418 	-1.45109 	-0.241671 	
0.305	0.311196 	-0.173737 	0.537126 	0.175418 	-1.45109 	-0.241671 	
0.31	0.311228 	-0.173737 	0.537132 	0.175418 	-1.45109 	-0.241671 	
0.315	0.311198 	-0.173723 	0.53712 	0.1738 	-1.44996 	-0.239441 	
0.32	0.311231 	-0.173724 	0.537126 	0.1738 	-1.44996 	-0.239441 	
0.325	0.311265 	-0.173724 	0.537132 	0.1738 	-1.44996 	-0.239441 	
0.33	0.311299 	-0.173725 	0.537138 	0.1738 	-1.44996 	-0.239441 	
0.335	0.311333 	-0.173725 	0.537144 	0.1738 	-1.44996 	-0.239441 	
0.34	0.311368 	-0.173726 	0.537151 	0.1738 	-1.44996 	-0.239441 	
0.345	0.311404 	-0.173726 	0.537157 	0.1738 	-1.44996 	-0.239441 	
0.35	0.311379 	-0.173713 	0.537146 	0.172216 	-1.44885 	-0.237259 	
0.355	0.311415 	-0.173713 	0.537152 	0.172216 	-1.44885 	-0.237259 	
0.36	0.311452 	-0.173714 	0.537159 	0.172216 	-1.44885 	-0.237259 	
0.365	0.311489 	-0.173714 	0.537166 	0.172216 	-1.44885 	-0.237259 	
0.37	0.311527 	-0.173715 	0.537173 	0.172216 	-1.44885 	-0.237259 	
0.375	0.311566 	-0.173716 	0.53718 	0.172216 	-1.44885 	-0.237259 	
0.38	0.311605 	-0.173716 	0.537187 	0.172216 	-1.44885 	-0.237259 	
0.385	0.311577 	-0.173702 	0.537175 	0.170494 	-1.44764 	-0.234886 	
0.39	0.311617 	-0.173702 	0.537182 	0.170494 	-1.44764 	-0.234886 	
0.395	0.311658 	-0.173703 	0.537189 	0.170494 	-1.44764 	-0.234886 	
0.4	0.311698 	-0.173703 	0.537197 	0.170494 	-1.44764 	-0.234886 	
0.405	0.31174 	-0.173704 	0.537205 	0.170494 	-1.44764 	-0.234886 	
0.41	0.311782 	-0.173704 	0.537212 	0.170494 	-1.44764 	-0.234886 	
0.415	0.311761 	-0.173691 	0.537201 	0.16887 	-1.4465 	-0.232649 	
0.42	0.311804 	-0.173692 	0.537209 	0.16887 	-1.4465 	-0.232649 	
0.425	0.311847 	-0.173692 	0.537217 	0.16887 	-1.4465 	-0.232649 	
0.43	0.311891 	-0.173693 	0.537225 	0.16887 	-1.4465 	-0.232649 	
0.435	0.311935 	-0.173693 	0.537233 	0.16887 	-1.4465 	-0.232649 	
0.44	0.311979 	-0.173694 	0.537241 	0.16887 	-1.4465 	-0.232649 	
0.445	0.311958 	-0.17368 	0.53723 	0.167156 	-1.4453 	-0.230288 	
0.45	0.312004 	-0.173681 	0.537238 	0.167156 	-1.4453 	-0.230288 	
0.455	0.31205 	-0.173681 	0.537247 	0.167156 	-1.4453 	-0.230288 	
0.46	0.312096 	-0.173682 	0.537255 	0.167156 	-1.4453 	-0.230288 	
0.465	0.312143 	-0.173682 	0.537264 	0.167156 	-1.4453 	-0.230288 	
0.47	0.31219 	-0.173683 	0.537273 	0.167156 	-1.4453 	-0.230288 	
0.475	0.312168 	-0.173668 	0.537261 	0.165336 	-1.44402 	-0.22778 	
0.48	0.312216 	-0.173669 	0.537269 	0.165336 	-1.44402 	-0.22778 	
0.485	0.312265 	-0.173669 	0.537278 	0.165336 	-1.44402 	-0.22778 	
0.49	0.312314 	-0.17367 	0.537287 	0.165336 	-1.44402 	-0.22778 	
0.495	0.312363 	-0.17367 	0.537296 	0.165336 	-1.44402 	-0.22778 	
0.5	0.31235 	-0.173658 	0.537287 	0.163706 	-1.44288 	-0.225535 	
0.505	0.312401 	-0.173658 	0.537296 	0.163706 	-1.44288 	-0.225535 	
0.51	0.312452 	-0.173659 	0.537306 	0.163706 	-1.44288 	-0.225535 	
0.515	0.312503 	-0.173659 	0.537315 	0.163706 	-1.44288 	-0.225535 	
0.52	0.312555 	-0.173659 	0.537325 	0.163706 	-1.44288 	-0.225535 	
0.525	0.312542 	-0.173647 	0.537315 	0.162031 	-1.4417 	-0.223227 	
0.53	0.312595 	-0.173647 	0.537325 	0.162031 	-1.4417 	-0.223227 	
0.535	0.312648 	-0.173648 	0.537334 	0.162031 	-1.4417 	-0.223227 	
0.54	0.312701 	-0.173648 	0.537344 	0.162031 	-1.4417 	-0.223227 	
0.545	0.312755 	-0.173648 	0.537354 	0.162031 	-1.4417 	-0.223227 	
0.55	0.312742 	-0.173635 	0.537344 	0.160288 	-1.44048 	-0.220826 	
0.555	0.312797 	-0.173636 	0.537354 	0.160288 	-1.44048 	-0.220826 	
0.56	0.312852 	-0.173636 	0.537364 	0.160288 	-1.44048 	-0.220826 	
0.565	0.312908 	-0.173637 	0.537374 	0.160288 	-1.44048 	-0.220826 	
0.57	0.312964 	-0.173637 	0.537385 	0.160288 	-1.44048 	-0.220826 	
0.575	0.31295 	-0.173624 	0.537374 	0.158476 	-1.43921 	-0.21833 	
0.58	0.313007 	-0.173624 	0.537385 	0.158476 	-1.43921 	-0.21833 	
0.585	0.313064 	-0.173624 	0.537395 	0.158476 	-1.43921 	-0.21833 	
0.59	0.313122 	-0.173625 	0.537406 	0.158476 	-1.43921 	-0.21833 	
0.595	0.31318 	-0.173625 	0.537416 	0.158476 	-1.43921 	-0.21833 	
0.6	0.313165 	-0.173612 	0.537406 	0.156597 	-1.43789 	-0.215741 	
0.605	0.313224 	-0.173612 	0.537417 	0.156597 	-1.43789 	-0.215741 	
0.61	0.313284 	-0.173612 	0.537427 	0.156597 	-1.43789 	-0.215741 	
0.615	0.313343 	-0.173612 	0.537438 	0.156597 	-1.43789 	-0.215741 	
0.62	0.313342 	-0.173601 	0.537431 	0.155008 	-1.43678 	-0.213552 	
0.625	0.313402 	-0.173602 	0.537442 	0.155008 	-1.43678 	-0.213552 	
0.63	0.313463 	-0.173602 	0.537453 	0.155008 	-1.43678 	-0.213552 	
0.635	0.313524 	-0.173602 	0.537464 	0.155008 	-1.43678 	-0.213552 	
0.64	0.313524 	-0.173591 	0.537458 	0.153412 	-1.43566 	-0.211354 	
0.645	0.313586 	-0.173591 	0.537469 	0.153412 	-1.43566 	-0.211354 	
0.65	0.313648 	-0.173591 	0.53748 	0.153412 	-1.43566 	-0.211354 	
0.655	0.313711 	-0.173591 	0.537492 	0.153412 	-1.43566 	-0.211354 	
0.66	0.313711 	-0.17358 	0.537485 	0.15178 	-1.43452 	-0.209105 	
0.665	0.313774 	-0.17358 	0.537497 	0.15178 	-1.43452 	-0.209105 	
0.67	0.313838 	-0.173581 	0.537508 	0.15178 	-1.43452 	-0.209105 	
0.675	0.313903 	-0.173581 	0.53752 	0.15178 	-1.43452 	-0.209105 	
0.68	0.313902 	-0.17357 	0.537513 	0.150109 	-1.43335 	-0.206803 	
0.685	0.313967 	-0.17357 	0.537525 	0.150109 	-1.43335 	-0.206803 	
0.69	0.314033 	-0.17357 	0.537536 	0.150109 	-1.43335 	-0.206803 	
0.695	0.314098 	-0.17357 	0.537548 	0.150109 	-1.43335 	-0.206803 	
0.7	0.314098 	-0.173558 	0.537541 	0.148401 	-1.43215 	-0.204449 	
0.705	0.314164 	-0.173558 	0.537553 	0.148401 	-1.43215 	-0.204449 	
0.71	0.314231 	-0.173558 	0.537565 	0.148401 	-1.43215 	-0.204449 	
0.715	0.314298 	-0.173558 	0.537578 	0.148401 	-1.43215 	-0.204449 	
0.72	0.314297 	-0.173547 	0.53757 	0.146656 	-1.43092 	-0.202045 	
0.725	0.314365 	-0.173547 	0.537583 	0.146656 	-1.43092 	-0.202045 	
0.73	0.314433 	-0.173547 	0.537595 	0.146656 	-1.43092 	-0.202045 	
0.735	0.314502 	-0.173547 	0.537607 	0.146656 	-1.43092 	-0.202045 	
0.74	0.314501 	-0.173536 	0.5376 	0.144875 	-1.42968 	-0.199592 	
0.745	0.31457 	-0.173535 	0.537613 	0.144875 	-1.42968 	-0.199592 	
0.75	0.31464 	-0.173535 	0.537625 	0.144875 	-1.42968 	-0.199592 	
0.755	0.31471 	-0.173535 	0.537638 	0.144875 	-1.42968 	-0.199592 	
0.76	0.314709 	-0.173524 	0.53763 	0.14306 	-1.4284 	-0.197092 	
0.765	0.314779 	-0.173524 	0.537643 	0.14306 	-1.4284 	-0.197092 	
0.77	0.31485 	-0.173523 	0.537656 	0.14306 	-1.4284 	-0.197092 	
0.775	0.314921 	-0.173523 	0.537668 	0.14306 	-1.4284 	-0.197092 	
0.78	0.31492 	-0.173512 	0.537661 	0.141212 	-1.42711 	-0.194545 	
0.785	0.314992 	-0.173511 	0.537674 	0.141212 	-1.42711 	-0.194545 	
0.79	0.315064 	-0.173511 	0.537687 	0.141212 	-1.42711 	-0.194545 	
0.795	0.315136 	-0.173511 	0.5377 	0.141212 	-1.42711 	-0.194545 	
0.8	0.315135 	-0.1735 	0.537692 	0.139332 	-1.42579 	-0.191955 	
0.805	0.315208 	-0.173499 	0.537705 	0.139332 	-1.42579 	-0.191955 	
0.81	0.315281 	-0.173499 	0.537719 	0.139332 	-1.42579 	-0.191955 	
0.815	0.315355 	-0.173498 	0.537732 	0.139332 	-1.42579 	-0.191955 	
0.82	0.315354 	-0.173487 	0.537724 	0.13742 	-1.42445 	-0.189322 	
0.825	0.315428 	-0.173487 	0.537737 	0.13742 	-1.42445 	-0.189322 	
0.83	0.315502 	-0.173486 	0.537751 	0.13742 	-1.42445 	-0.189322 	
0.835	0.315577 	-0.173485 	0.537764 	0.13742 	-1.42445 	-0.189322 	
0.84	0.315576 	-0.173475 	0.537757 	0.135479 	-1.42309 	-0.186648 	
0.845	0.315651 	-0.173474 	0.53777 	0.135479 	-1.42309 	-0.186648 	
0.85	0.315727 	-0.173473 	0.537783 	0.135479 	-1.42309 	-0.186648 	
0.855	0.315802 	-0.173472 	0.537797 	0.135479 	-1.42309 	-0.186648 	
0.86	0.315801 	-0.173462 	0.537789 	0.13351 	-1.42171 	-0.183934 	
0.865	0.315877 	-0.173461 	0.537803 	0.13351 	-1.42171 	-0.183934 	
0.87	0.315954 	-0.17346 	0.537817 	0.13351 	-1.42171 	-0.183934 	
0.875	0.316031 	-0.173459 	0.53783 	0.13351 	-1.42171 	-0.183934 	
0.88	0.316029 	-0.173449 	0.537823 	0.131513 	-1.42031 	-0.181183 	
0.885	0.316107 	-0.173448 	0.537836 	0.131513 	-1.42031 	-0.181183 	
0.89	0.316184 	-0.173447 	0.53785 	0.131513 	-1.42031 	-0.181183 	
0.895	0.3162 	-0.173439 	0.537847 	0.129947 	-1.41921 	-0.179026 	
0.9	0.316279 	-0.173438 	0.537861 	0.129947 	-1.41921 	-0.179026 	
0.905	0.316357 	-0.173437 	0.537875 	0.129947 	-1.41921 	-0.179026 	
0.91	0.316435 	-0.173436 	0.537889 	0.129947 	-1.41921 	-0.179026 	
0.915	0.316436 	-0.173426 	0.537882 	0.127952 	-1.41781 	-0.176277 	
0.92	0.316515 	-0.173425 	0.537896 	0.127952 	-1.41781 	-0.176277 	
0.925	0.316594 	-0.173424 	0.53791 	0.127952 	-1.41781 	-0.176277 	
0.93	0.31661 	-0.173416 	0.537907 	0.126357 	-1.41669 	-0.174081 	
0.935	0.31669 	-0.173414 	0.537921 	0.126357 	-1.41669 	-0.174081 	
0.94	0.31677 	-0.173413 	0.537935 	0.126357 	-1.41669 	-0.174081 	
0.945	0.316789 	-0.173406 	0.537933 	0.124793 	-1.41559 	-0.171925 	
0.95	0.316869 	-0.173404 	0.537947 	0.124793 	-1.41559 	-0.171925 	
0.955	0.316949 	-0.173403 	0.537961 	0.124793 	-1.41559 	-0.171925 	
0.96	0.316968 	-0.173395 	0.537959 	0.12322 	-1.41449 	-0.169758 	
0.965	0.317049 	-0.173394 	0.537973 	0.12322 	-1.41449 	-0.169758 	
0.97	0.31713 	-0.173392 	0.537987 	0.12322 	-1.41449 	-0.169758 	
0.975	0.317149 	-0.173385 	0.537985 	0.121636 	-1.41338 	-0.167575 	
0.98	0.317231 	-0.173384 	0.538 	0.121636 	-1.41338 	-0.167575 	
0.985	0.317312 	-0.173382 	0.538014 	0.121636 	-1.41338 	-0.167575 	
0.99	0.317331 	-0.173375 	0.538012 	0.12004 	-1.41226 	-0.165378 	
0.995	0.317413 	-0.173373 	0.538026 	0.12004 	-1.41226 	-0.165378 	
1	0.317496 	-0.173371 	0.538041 	0.12004 	-1.41226 	-0.165378 	
1.005	0.317515 	-0.173364 	0.538038 	0.118435 	-1.41114 	-0.163166 	
1.01	0.317597 	-0.173363 	0.538053 	0.118435 	-1.41114 	-0.163166 	
1.015	0.31768 	-0.173361 	0.538067 	0.118435 	-1.41114 	-0.163166 	
1.02	0.317699 	-0.173354 	0.538065 	0.116819 	-1.41 	-0.16094 	
1.025	0.317782 	-0.173352 	0.53808 	0.116819 	-1.41 	-0.16094 	
1.03	0.317866 	-0.17335 	0.538094 	0.116819 	-1.41 	-0.16094 	
1.035	0.317885 	-0.173343 	0.538092 	0.115194 	-1.40886 	-0.158701 	
1.04	0.317968 	-0.173341 	0.538107 	0.115194 	-1.40886 	-0.158701 	
1.045	0.318052 	-0.173339 	0.538122 	0.115194 	-1.40886 	-0.158701 	
1.05	0.318071 	-0.173333 	0.538119 	0.11356 	-1.40772 	-0.15645 	
1.055	0.318155 	-0.173331 	0.538134 	0.11356 	-1.40772 	-0.15645 	
1.06	0.31824 	-0.173329 	0.538149 	0.11356 	-1.40772 	-0.15645 	
1.065	0.318259 	-0.173322 	0.538147 	0.111918 	-1.40657 	-0.154187 	
1.07	0.318343 	-0.17332 	0.538161 	0.111918 	-1.40657 	-0.154187 	
1.075	0.318428 	-0.173318 	0.538176 	0.111918 	-1.40657 	-0.154187 	
1.08	0.318447 	-0.173311 	0.538174 	0.110268 	-1.40541 	-0.151914 	
1.085	0.318532 	-0.173309 	0.538189 	0.110268 	-1.40541 	-0.151914 	
1.09	0.318617 	-0.173307 	0.538204 	0.110268 	-1.40541 	-0.151914 	
1.095	0.318636 	-0.173301 	0.538202 	0.10861 	-1.40425 	-0.149631 	
1.1	0.318722 	-0.173298 	0.538216 	0.10861 	-1.40425 	-0.149631 	
1.105	0.318807 	-0.173296 	0.538231 	0.10861 	-1.40425 	-0.149631 	
1.11	0.318826 	-0.17329 	0.538229 	0.106947 	-1.40308 	-0.147339 	
1.115	0.318912 	-0.173287 	0.538244 	0.106947 	-1.40308 	-0.147339 	
1.12	0.318997 	-0.173285 	0.538259 	0.106947 	-1.40308 	-0.147339 	
1.125	0.319017 	-0.173279 	0.538257 	0.105277 	-1.40191 	-0.145039 	
1.13	0.319103 	-0.173277 	0.538272 	0.105277 	-1.40191 	-0.145039 	
1.135	0.319189 	-0.173274 	0.538287 	0.105277 	-1.40191 	-0.145039 	
1.14	0.319208 	-0.173268 	0.538285 	0.103602 	-1.40074 	-0.142731 	
1.145	0.319294 	-0.173266 	0.5383 	0.103602 	-1.40074 	-0.142731 	
1.15	0.31938 	-0.173263 	0.538315 	0.103602 	-1.40074 	-0.142731 	
1.155	0.3194 	-0.173257 	0.538313 	0.101923 	-1.39956 	-0.140417 	
1.16	0.319486 	-0.173255 	0.538328 	0.101923 	-1.39956 	-0.140417 	
1.165	0.319572 	-0.173252 	0.538342 	0.101923 	-1.39956 	-0.140417 	
1.17	0.319592 	-0.173246 	0.538341 	0.100239 	-1.39838 	-0.138097 	
1.175	0.319678 	-0.173244 	0.538356 	0.100239 	-1.39838 	-0.138097 	
1.18	0.319765 	-0.173241 	0.53837 	0.100239 	-1.39838 	-0.138097 	
1.185	0.319784 	-0.173236 	0.538369 	0.0985515 	-1.3972 	-0.135773 	
1.19	0.319871 	-0.173233 	0.538384 	0.0985515 	-1.3972 	-0.135773 	
1.195	0.319958 	-0.17323 	0.538398 	0.0985515 	-1.3972 	-0.135773 	
1.2	0.319977 	-0.173225 	0.538397 	0.0968612 	-1.39601 	-0.133444 	
1.205	0.320064 	-0.173222 	0.538412 	0.0968612 	-1.39601 	-0.133444 	
1.21	0.320151 	-0.173218 	0.538427 	0.0968612 	-1.39601 	-0.133444 	
1.215	0.320171 	-0.173214 	0.538425 	0.0951685 	-1.39482 	-0.131112 	
1.22	0.320257 	-0.17321 	0.53844 	0.0951685 	-1.39482 	-0.131112 	
1.225	0.320344 	-0.173207 	0.538455 	0.0951685 	-1.39482 	-0.131112 	
1.23	0.320364 	-0.173203 	0.538453 	0.093474 	-1.39364 	-0.128778 	
1.235	0.320451 	-0.173199 	0.538468 	0.093474 	-1.39364 	-0.128778 	
1.24	0.320538 	-0.173196 	0.538483 	0.093474 	-1.39364 	-0.128778 	
1.245	0.320557 	-0.173192 	0.538481 	0.0917783 	-1.39245 	-0.126441 	
1.25	0.320644 	-0.173188 	0.538496 	0.0917783 	-1.39245 	-0.126441 	
1.255	0.320731 	-0.173185 	0.538511 	0.0917783 	-1.39245 	-0.126441 	
1.26	0.320751 	-0.173181 	0.538509 	0.0900821 	-1.39126 	-0.124105 	
1.265	0.320838 	-0.173177 	0.538524 	0.0900821 	-1.39126 	-0.124105 	
1.27	0.320925 	-0.173174 	0.538539 	0.0900821 	-1.39126 	-0.124105 	
1.275	0.320944 	-0.17317 	0.538537 	0.0883859 	-1.39007 	-0.121768 	
1.28	0.321031 	-0.173166 	0.538552 	0.0883859 	-1.39007 	-0.121768 	
1.285	0.321118 	-0.173162 	0.538567 	0.0883859 	-1.39007 	-0.121768 	
1.29	0.321138 	-0.173159 	0.538566 	0.0866904 	-1.38888 	-0.119432 	
1.295	0.321225 	-0.173155 	0.53858 	0.0866904 	-1.38888 	-0.119432 	
1.3	0.321312 	-0.173151 	0.538595 	0.0866904 	-1.38888 	-0.119432 	
1.305	0.321331 	-0.173148 	0.538594 	0.0849961 	-1.38769 	-0.117098 	
1.31	0.321418 	-0.173144 	0.538608 	0.0849961 	-1.38769 	-0.117098 	
1.315	0.321505 	-0.17314 	0.538623 	0.0849961 	-1.38769 	-0.117098 	
1.32	0.321524 	-0.173137 	0.538622 	0.0833036 	-1.38651 	-0.114766 	
1.325	0.321611 	-0.173133 	0.538636 	0.0833036 	-1.38651 	-0.114766 	
1.33	0.321698 	-0.173129 	0.538651 	0.0833036 	-1.38651 	-0.114766 	
1.335	0.321717 	-0.173126 	0.53865 	0.0816135 	-1.38532 	-0.112438 	
1.34	0.321804 	-0.173122 	0.538664 	0.0816135 	-1.38532 	-0.112438 	
1.345	0.32189 	-0.173118 	0.538679 	0.0816135 	-1.38532 	-0.112438 	
1.35	0.321909 	-0.173115 	0.538678 	0.0799265 	-1.38414 	-0.110113 	
1.355	0.321996 	-0.173111 	0.538692 	0.0799265 	-1.38414 	-0.110113 	
1.36	0.322082 	-0.173107 	0.538707 	0.0799265 	-1.38414 	-0.110113 	
1.365	0.322101 	-0.173104 	0.538706 	0.0782431 	-1.38296 	-0.107794 	
1.37	0.322188 	-0.1731 	0.53872 	0.0782431 	-1.38296 	-0.107794 	
1.375	0.322274 	-0.173096 	0.538735 	0.0782431 	-1.38296 	-0.107794 	
1.38	0.322293 	-0.173093 	0.538734 	0.0765639 	-1.38178 	-0.105481 	
1.385	0.322379 	-0.173089 	0.538748 	0.0765639 	-1.38178 	-0.105481 	
1.39	0.322465 	-0.173085 	0.538763 	0.0765639 	-1.38178 	-0.105481 	
1.395	0.322484 	-0.173082 	0.538761 	0.0748895 	-1.38061 	-0.103174 	
1.4	0.32257 	-0.173078 	0.538776 	0.0748895 	-1.38061 	-0.103174 	
1.405	0.322655 	-0.173074 	0.53879 	0.0748895 	-1.38061 	-0.103174 	
1.41	0.322674 	-0.173071 	0.538789 	0.0732206 	-1.37944 	-0.100875 	
1.415	0.32276 	-0.173067 	0.538803 	0.0732206 	-1.37944 	-0.100875 	
1.42	0.322845 	-0.173063 	0.538818 	0.0732206 	-1.37944 	-0.100875 	
1.425	0.322864 	-0.173061 	0.538817 	0.0715576 	-1.37827 	-0.0985836 	
1.43	0.322949 	-0.173056 	0.538831 	0.0715576 	-1.37827 	-0.0985836 	
1.435	0.323034 	-0.173052 	0.538845 	0.0715576 	-1.37827 	-0.0985836 	
1.44	0.323053 	-0.17305 	0.538844 	0.0699012 	-1.37711 	-0.0963017 	
1.445	0.323137 	-0.173045 	0.538858 	0.0699012 	-1.37711 	-0.0963017 	
1.45	0.323222 	-0.173041 	0.538872 	0.0699012 	-1.37711 	-0.0963017 	
1.455	0.323241 	-0.173039 	0.538871 	0.068252 	-1.37595 	-0.0940296 	
1.46	0.323325 	-0.173035 	0.538886 	0.068252 	-1.37595 	-0.0940296 	
1.465	0.323409 	-0.17303 	0.5389 	0.068252 	-1.37595 	-0.0940296 	
1.47	0.323428 	-0.173029 	0.538899 	0.0666106 	-1.3748 	-0.0917682 	
1.475	0.323512 	-0.173024 	0.538913 	0.0666106 	-1.3748 	-0.0917682 	
1.48	0.323596 	-0.173019 	0.538927 	0.0666106 	-1.3748 	-0.0917682 	
1.485	0.323614 	-0.173018 	0.538926 	0.0649775 	-1.37366 	-0.0895183 	
1.49	0.323698 	-0.173013 	0.53894 	0.0649775 	-1.37366 	-0.0895183 	
1.495	0.323781 	-0.173008 	0.538954 	0.0649775 	-1.37366 	-0.0895183 	
1.5	0.323799 	-0.173008 	0.538953 	0.0633533 	-1.37252 	-0.0872807 	
1.505	0.323882 	-0.173003 	0.538966 	0.0633533 	-1.37252 	-0.0872807 	
1.51	0.323965 	-0.172998 	0.53898 	0.0633533 	-1.37252 	-0.0872807 	
1.515	0.323983 	-0.172997 	0.538979 	0.0617386 	-1.37139 	-0.0850561 	
1.52	0.324066 	-0.172992 	0.538993 	0.0617386 	-1.37139 	-0.0850561 	
1.525	0.324148 	-0.172987 	0.539007 	0.0617386 	-1.37139 	-0.0850561 	
1.53	0.324166 	-0.172987 	0.539006 	0.0601339 	-1.37026 	-0.0828454 	
1.535	0.324248 	-0.172982 	0.53902 	0.0601339 	-1.37026 	-0.0828454 	
1.54	0.32433 	-0.172977 	0.539033 	0.0601339 	-1.37026 	-0.0828454 	
1.545	0.324348 	-0.172976 	0.539033 	0.0585399 	-1.36914 	-0.0806494 	
1.55	0.324429 	-0.172971 	0.539046 	0.0585399 	-1.36914 	-0.0806494 	
1.555	0.32451 	-0.172966 	0.539059 	0.0585399 	-1.36914 	-0.0806494 	
1.56	0.324528 	-0.172966 	0.539059 	0.0569571 	-1.36803 	-0.0784688 	
1.565	0.324609 	-0.172961 	0.539072 	0.0569571 	-1.36803 	-0.0784688 	
1.57	0.32469 	-0.172956 	0.539085 	0.0569571 	-1.36803 	-0.0784688 	
1.575	0.324707 	-0.172956 	0.539085 	0.055386 	-1.36693 	-0.0763044 	
1.58	0.324787 	-0.172951 	0.539098 	0.055386 	-1.36693 	-0.0763044 	
1.585	0.324867 	-0.172946 	0.539111 	0.055386 	-1.36693 	-0.0763044 	
1.59	0.324885 	-0.172946 	0.539111 	0.0538273 	-1.36584 	-0.0741569 	
1.595	0.324964 	-0.172941 	0.539124 	0.0538273 	-1.36584 	-0.0741569 	
1.6	0.325044 	-0.172936 	0.539137 	0.0538273 	-1.36584 	-0.0741569 	
1.605	0.325061 	-0.172936 	0.539136 	0.0522814 	-1.36475 	-0.0720271 	
1.61	0.32514 	-0.172931 	0.539149 	0.0522814 	-1.36475 	-0.0720271 	
1.615	0.325218 	-0.172925 	0.539162 	0.0522814 	-1.36475 	-0.0720271 	
1.62	0.325236 	-0.172926 	0.539162 	0.0507489 	-1.36368 	-0.0699159 	
1.625	0.325314 	-0.172921 	0.539174 	0.0507489 	-1.36368 	-0.0699159 	
1.63	0.325392 	-0.172916 	0.539187 	0.0507489 	-1.36368 	-0.0699159 	
1.635	0.325469 	-0.17291 	0.5392 	0.0507489 	-1.36368 	-0.0699159 	
1.64	0.325468 	-0.172913 	0.539196 	0.0487794 	-1.3623 	-0.0672024 	
1.645	0.325545 	-0.172907 	0.539208 	0.0487794 	-1.3623 	-0.0672024 	
1.65	0.325622 	-0.172902 	0.539221 	0.0487794 	-1.3623 	-0.0672024 	
1.655	0.325637 	-0.172903 	0.53922 	0.0472336 	-1.36122 	-0.0650729 	
1.66	0.325713 	-0.172898 	0.539233 	0.0472336 	-1.36122 	-0.0650729 	
1.665	0.325789 	-0.172893 	0.539245 	0.0472336 	-1.36122 	-0.0650729 	
1.67	0.325865 	-0.172887 	0.539257 	0.0472336 	-1.36122 	-0.0650729 	
1.675	0.325864 	-0.17289 	0.539253 	0.0453046 	-1.35986 	-0.0624152 	
1.68	0.325939 	-0.172885 	0.539265 	0.0453046 	-1.35986 	-0.0624152 	
1.685	0.326014 	-0.17288 	0.539278 	0.0453046 	-1.35986 	-0.0624152 	
1.69	0.326089 	-0.172874 	0.53929 	0.0453046 	-1.35986 	-0.0624152 	
1.695	0.326086 	-0.172878 	0.539285 	0.0433618 	-1.3585 	-0.0597386 	
1.7	0.32616 	-0.172872 	0.539297 	0.0433618 	-1.3585 	-0.0597386 	
1.705	0.326234 	-0.172867 	0.539309 	0.0433618 	-1.3585 	-0.0597386 	
1.71	0.326307 	-0.172862 	0.539321 	0.0433618 	-1.3585 	-0.0597386 	
1.715	0.326304 	-0.172865 	0.539317 	0.0414441 	-1.35716 	-0.0570967 	
1.72	0.326377 	-0.17286 	0.539329 	0.0414441 	-1.35716 	-0.0570967 	
1.725	0.32645 	-0.172854 	0.539341 	0.0414441 	-1.35716 	-0.0570967 	
1.73	0.326522 	-0.172849 	0.539353 	0.0414441 	-1.35716 	-0.0570967 	
1.735	0.326519 	-0.172853 	0.539348 	0.0395567 	-1.35583 	-0.0544964 	
1.74	0.326591 	-0.172848 	0.53936 	0.0395567 	-1.35583 	-0.0544964 	
1.745	0.326662 	-0.172842 	0.539372 	0.0395567 	-1.35583 	-0.0544964 	
1.75	0.326733 	-0.172837 	0.539383 	0.0395567 	-1.35583 	-0.0544964 	
1.755	0.32673 	-0.172841 	0.539379 	0.037701 	-1.35453 	-0.0519399 	
1.76	0.3268 	-0.172836 	0.539391 	0.037701 	-1.35453 	-0.0519399 	
1.765	0.326871 	-0.17283 	0.539402 	0.037701 	-1.35453 	-0.0519399 	
1.77	0.32694 	-0.172825 	0.539413 	0.037701 	-1.35453 	-0.0519399 	
1.775	0.326937 	-0.172829 	0.539409 	0.0358784 	-1.35325 	-0.0494288 	
1.78	0.327007 	-0.172824 	0.53942 	0.0358784 	-1.35325 	-0.0494288 	
1.785	0.327075 	-0.172819 	0.539432 	0.0358784 	-1.35325 	-0.0494288 	
1.79	0.327144 	-0.172813 	0.539443 	0.0358784 	-1.35325 	-0.0494288 	
1.795	0.327141 	-0.172818 	0.539439 	0.0340899 	-1.352 	-0.0469649 	
1.8	0.327209 	-0.172812 	0.53945 	0.0340899 	-1.352 	-0.0469649 	
1.805	0.327276 	-0.172807 	0.539461 	0.0340899 	-1.352 	-0.0469649 	
1.81	0.327343 	-0.172802 	0.539471 	0.0340899 	-1.352 	-0.0469649 	
1.815	0.32734 	-0.172806 	0.539468 	0.0323367 	-1.35077 	-0.0445495 	
1.82	0.327407 	-0.172801 	0.539479 	0.0323367 	-1.35077 	-0.0445495 	
1.825	0.327473 	-0.172796 	0.539489 	0.0323367 	-1.35077 	-0.0445495 	
1.83	0.327538 	-0.172791 	0.5395 	0.0323367 	-1.35077 	-0.0445495 	
1.835	0.327536 	-0.172795 	0.539496 	0.0306198 	-1.34957 	-0.0421843 	
1.84	0.327601 	-0.17279 	0.539507 	0.0306198 	-1.34957 	-0.0421843 	
1.845	0.327665 	-0.172785 	0.539517 	0.0306198 	-1.34957 	-0.0421843 	
1.85	0.327729 	-0.17278 	0.539527 	0.0306198 	-1.34957 	-0.0421843 	
1.855	0.327727 	-0.172785 	0.539524 	0.0289405 	-1.34839 	-0.0398706 	
1.86	0.32779 	-0.172779 	0.539534 	0.0289405 	-1.34839 	-0.0398706 	
1.865	0.327853 	-0.172774 	0.539544 	0.0289405 	-1.34839 	-0.0398706 	
1.87	0.327916 	-0.172769 	0.539554 	0.0289405 	-1.34839 	-0.0398706 	
1.875	0.327913 	-0.172774 	0.539551 	0.0272996 	-1.34724 	-0.0376101 	
1.88	0.327975 	-0.172769 	0.539561 	0.0272996 	-1.34724 	-0.0376101 	
1.885	0.328037 	-0.172764 	0.539571 	0.0272996 	-1.34724 	-0.0376101 	
1.89	0.328098 	-0.172758 	0.539581 	0.0272996 	-1.34724 	-0.0376101 	
1.895	0.328095 	-0.172764 	0.539578 	0.0256983 	-1.34612 	-0.035404 	
1.9	0.328155 	-0.172759 	0.539587 	0.0256983 	-1.34612 	-0.035404 	
1.905	0.328215 	-0.172753 	0.539597 	0.0256983 	-1.34612 	-0.035404 	
1.91	0.328275 	-0.172748 	0.539606 	0.0256983 	-1.34612 	-0.035404 	
1.915	0.328272 	-0.172754 	0.539603 	0.0241376 	-1.34502 	-0.0332539 	
1.92	0.328331 	-0.172749 	0.539613 	0.0241376 	-1.34502 	-0.0332539 	
1.925	0.32839 	-0.172744 	0.539622 	0.0241376 	-1.34502 	-0.0332539 	
1.93	0.328448 	-0.172739 	0.539631 	0.0241376 	-1.34502 	-0.0332539 	
1.935	0.328445 	-0.172744 	0.539629 	0.0226184 	-1.34396 	-0.0311609 	
1.94	0.328502 	-0.172739 	0.539638 	0.0226184 	-1.34396 	-0.0311609 	
1.945	0.328559 	-0.172734 	0.539647 	0.0226184 	-1.34396 	-0.0311609 	
1.95	0.328615 	-0.172729 	0.539656 	0.0226184 	-1.34396 	-0.0311609 	
1.955	0.328671 	-0.172724 	0.539665 	0.0226184 	-1.34396 	-0.0311609 	
1.96	0.328655 	-0.172732 	0.539659 	0.0208175 	-1.34269 	-0.0286798 	
1.965	0.328711 	-0.172727 	0.539668 	0.0208175 	-1.34269 	-0.0286798 	
1.97	0.328765 	-0.172722 	0.539677 	0.0208175 	-1.34269 	-0.0286798 	
1.975	0.328819 	-0.172717 	0.539685 	0.0208175 	-1.34269 	-0.0286798 	
1.98	0.328873 	-0.172712 	0.539694 	0.0208175 	-1.34269 	-0.0286798 	
1.985	0.328857 	-0.17272 	0.539688 	0.0190492 	-1.34145 	-0.0262435 	
1.99	0.32891 	-0.172716 	0.539697 	0.0190492 	-1.34145 	-0.0262435 	
1.995	0.328962 	-0.172711 	0.539705 	0.0190492 	-1.34145 	-0.0262435 	
2	0.329014 	-0.172706 	0.539713 	0.0190492 	-1.34145 	-0.0262435 	
2.005	0.329066 	-0.172702 	0.539722 	0.0190492 	-1.34145 	-0.0262435 	
2.01	0.32905 	-0.172709 	0.539717 	0.017347 	-1.34026 	-0.0238985 	
2.015	0.3291 	-0.172705 	0.539725 	0.017347 	-1.34026 	-0.0238985 	
2.02	0.329151 	-0.1727 	0.539733 	0.017347 	-1.34026 	-0.0238985 	
2.025	0.329201 	-0.172696 	0.53974 	0.017347 	-1.34026 	-0.0238985 	
2.03	0.32925 	-0.172691 	0.539748 	0.017347 	-1.34026 	-0.0238985 	
2.035	0.329235 	-0.172699 	0.539743 	0.0157161 	-1.33912 	-0.0216517 	
2.04	0.329283 	-0.172695 	0.539751 	0.0157161 	-1.33912 	-0.0216517 	
2.045	0.329331 	-0.17269 	0.539759 	0.0157161 	-1.33912 	-0.0216517 	
2.05	0.329379 	-0.172686 	0.539766 	0.0157161 	-1.33912 	-0.0216517 	
2.055	0.329426 	-0.172681 	0.539774 	0.0157161 	-1.33912 	-0.0216517 	
2.06	0.329411 	-0.172689 	0.539769 	0.0141584 	-1.33803 	-0.0195056 	
2.065	0.329457 	-0.172685 	0.539776 	0.0141584 	-1.33803 	-0.0195056 	
2.07	0.329503 	-0.17268 	0.539784 	0.0141584 	-1.33803 	-0.0195056 	
2.075	0.329548 	-0.172676 	0.539791 	0.0141584 	-1.33803 	-0.0195056 	
2.08	0.329593 	-0.172672 	0.539798 	0.0141584 	-1.33803 	-0.0195056 	
2.085	0.329638 	-0.172668 	0.539805 	0.0141584 	-1.33803 	-0.0195056 	
2.09	0.329613 	-0.172677 	0.539798 	0.0124188 	-1.33681 	-0.017109 	
2.095	0.329656 	-0.172673 	0.539805 	0.0124188 	-1.33681 	-0.017109 	
2.1	0.329699 	-0.172669 	0.539812 	0.0124188 	-1.33681 	-0.017109 	
2.105	0.329742 	-0.172665 	0.539819 	0.0124188 	-1.33681 	-0.017109 	
2.11	0.329784 	-0.172661 	0.539825 	0.0124188 	-1.33681 	-0.017109 	
2.115	0.329825 	-0.172657 	0.539832 	0.0124188 	-1.33681 	-0.017109 	
2.12	0.329801 	-0.172667 	0.539826 	0.0107596 	-1.33564 	-0.0148232 	
2.125	0.329841 	-0.172663 	0.539832 	0.0107596 	-1.33564 	-0.0148232 	
2.13	0.329881 	-0.172659 	0.539838 	0.0107596 	-1.33564 	-0.0148232 	
2.135	0.329921 	-0.172655 	0.539845 	0.0107596 	-1.33564 	-0.0148232 	
2.14	0.32996 	-0.172652 	0.539851 	0.0107596 	-1.33564 	-0.0148232 	
2.145	0.329999 	-0.172648 	0.539857 	0.0107596 	-1.33564 	-0.0148232 	
2.15	0.329976 	-0.172657 	0.539851 	0.00920986 	-1.33456 	-0.0126881 	
2.155	0.330013 	-0.172653 	0.539857 	0.00920986 	-1.33456 	-0.0126881 	
2.16	0.33005 	-0.17265 	0.539863 	0.00920986 	-1.33456 	-0.0126881 	
2.165	0.330087 	-0.172646 	0.539869 	0.00920986 	-1.33456 	-0.0126881 	
2.17	0.330123 	-0.172643 	0.539874 	0.00920986 	-1.33456 	-0.0126881 	
2.175	0.330159 	-0.172639 	0.53988 	0.00920986 	-1.33456 	-0.0126881 	
2.18	0.330194 	-0.172636 	0.539885 	0.00920986 	-1.33456 	-0.0126881 	
2.185	0.330164 	-0.172646 	0.539879 	0.0075717 	-1.33341 	-0.0104312 	
2.19	0.330198 	-0.172643 	0.539884 	0.0075717 	-1.33341 	-0.0104312 	
2.195	0.330232 	-0.17264 	0.539889 	0.0075717 	-1.33341 	-0.0104312 	
2.2	0.330265 	-0.172636 	0.539894 	0.0075717 	-1.33341 	-0.0104312 	
2.205	0.330298 	-0.172633 	0.5399 	0.0075717 	-1.33341 	-0.0104312 	
2.21	0.33033 	-0.17263 	0.539905 	0.0075717 	-1.33341 	-0.0104312 	
2.215	0.330361 	-0.172627 	0.53991 	0.0075717 	-1.33341 	-0.0104312 	
2.22	0.330393 	-0.172624 	0.539914 	0.0075717 	-1.33341 	-0.0104312 	
2.225	0.330357 	-0.172635 	0.539907 	0.00588859 	-1.33223 	-0.00811242 	
2.23	0.330387 	-0.172632 	0.539911 	0.00588859 	-1.33223 	-0.00811242 	
2.235	0.330417 	-0.172629 	0.539916 	0.00588859 	-1.33223 	-0.00811242 	
2.24	0.330446 	-0.172626 	0.539921 	0.00588859 	-1.33223 	-0.00811242 	
2.245	0.330474 	-0.172624 	0.539925 	0.00588859 	-1.33223 	-0.00811242 	
2.25	0.330502 	-0.172621 	0.539929 	0.00588859 	-1.33223 	-0.00811242 	
2.255	0.33053 	-0.172618 	0.539934 	0.00588859 	-1.33223 	-0.00811242 	
2.26	0.330557 	-0.172615 	0.539938 	0.00588859 	-1.33223 	-0.00811242 	
2.265	0.330583 	-0.172613 	0.539942 	0.00588859 	-1.33223 	-0.00811242 	
2.27	0.330544 	-0.172625 	0.539934 	0.00423965 	-1.33107 	-0.00584071 	
2.275	0.33057 	-0.172622 	0.539938 	0.00423965 	-1.33107 	-0.00584071 	
2.28	0.330595 	-0.17262 	0.539942 	0.00423965 	-1.33107 	-0.00584071 	
2.285	0.330619 	-0.172617 	0.539946 	0.00423965 	-1.33107 	-0.00584071 	
2.29	0.330643 	-0.172615 	0.539949 	0.00423965 	-1.33107 	-0.00584071 	
2.295	0.330667 	-0.172612 	0.539953 	0.00423965 	-1.33107 	-0.00584071 	
2.3	0.330689 	-0.17261 	0.539957 	0.00423965 	-1.33107 	-0.00584071 	
2.305	0.330712 	-0.172608 	0.53996 	0.00423965 	-1.33107 	-0.00584071 	
2.31	0.330734 	-0.172606 	0.539963 	0.00423965 	-1.33107 	-0.00584071 	
2.315	0.330755 	-0.172603 	0.539967 	0.00423965 	-1.33107 	-0.00584071 	
2.32	0.330716 	-0.172615 	0.539959 	0.00271901 	-1.33 	-0.00374578 	
2.325	0.330736 	-0.172613 	0.539962 	0.00271901 	-1.33 	-0.00374578 	
2.33	0.330756 	-0.172611 	0.539965 	0.00271901 	-1.33 	-0.00374578 	
2.335	0.330775 	-0.172609 	0.539968 	0.00271901 	-1.33 	-0.00374578 	
2.34	0.330793 	-0.172607 	0.539971 	0.00271901 	-1.33 	-0.00374578 	
2.345	0.330812 	-0.172605 	0.539974 	0.00271901 	-1.33 	-0.00374578 	
2.35	0.330829 	-0.172603 	0.539977 	0.00271901 	-1.33 	-0.00374578 	
2.355	0.330846 	-0.172602 	0.539979 	0.00271901 	-1.33 	-0.00374578 	
2.36	0.330863 	-0.1726 	0.539982 	0.00271901 	-1.33 	-0.00374578 	
2.365	0.330879 	-0.172598 	0.539984 	0.00271901 	-1.33 	-0.00374578 	
2.37	0.330894 	-0.172597 	0.539987 	0.00271901 	-1.33 	-0.00374578 	
2.375	0.330909 	-0.172595 	0.539989 	0.00271901 	-1.33 	-0.00374578 	
2.38	0.330923 	-0.172594 	0.539991 	0.00271901 	-1.33 	-0.00374578 	
2.385	0.330937 	-0.172592 	0.539993 	0.00271901 	-1.33 	-0.00374578 	
2.39	0.33089 	-0.172605 	0.539984 	0.00119116 	-1.32893 	-0.00164088 	
2.395	0.330903 	-0.172604 	0.539986 	0.00119116 	-1.32893 	-0.00164088 	
2.4	0.330915 	-0.172602 	0.539988 	0.00119116 	-1.32893 	-0.00164088 	
2.405	0.330927 	-0.172601 	0.53999 	0.00119116 	-1.32893 	-0.00164088 	
2.41	0.330938 	-0.1726 	0.539992 	0.00119116 	-1.32893 	-0.00164088 	
2.415	0.330949 	-0.172599 	0.539993 	0.00119116 	-1.32893 	-0.00164088 	
2.42	0.330959 	-0.172598 	0.539995 	0.00119116 	-1.32893 	-0.00164088 	
2.425	0.330967 	-0.172597 	0.539996 	0.00119116 	-1.32893 	-0.00164088 	
2.43	0.330977 	-0.172596 	0.539998 	0.00119116 	-1.32893 	-0.00164088 	
2.435	0.330985 	-0.172595 	0.539999 	0.00119116 	-1.32893 	-0.00164088 	
2.44	0.330993 	-0.172595 	0.54 	0.00119116 	-1.32893 	-0.00164088 	
2.445	0.331 	-0.172594 	0.540001 	0.00119116 	-1.32893 	-0.00164088 	
2.45	0.331007 	-0.172593 	0.540002 	0.00119116 	-1.32893 	-0.00164088 	
2.455	0.331013 	-0.172592 	0.540003 	0.00119116 	-1.32893 	-0.00164088 	
2.46	0.331019 	-0.172592 	0.540004 	0.00119116 	-1.32893 	-0.00164088 	
2.465	0.331024 	-0.172591 	0.540005 	0.00119116 	-1.32893 	-0.00164088 	
2.47	0.331029 	-0.172591 	0.540006 	0.00119116 	-1.32893 	-0.00164088 	
2.475	0.331033 	-0.17259 	0.540006 	0.00119116 	-1.32893 	-0.00164088 	
2.48	0.331037 	-0.17259 	0.540007 	0.00119116 	-1.32893 	-0.00164088 	
2.485	0.33104 	-0.17259 	0.540007 	0.00119116 	-1.32893 	-0.00164088 	
2.49	0.331042 	-0.172589 	0.540008 	0.00119116 	-1.32893 	-0.00164088 	
2.495	0.331044 	-0.172589 	0.540008 	0.00119116 	-1.32893 	-0.00164088 	
2.5	0.331046 	-0.172589 	0.540008 	0.00119116 	-1.32893 	-0.00164088 	
2.505	0.331046 	-0.172589 	0.540008 	0.00119116 	-1.32893 	-0.00164088 	
2.51	0.331047 	-0.172589 	0.540009 	0.00119116 	-1.32893 	-0.00164088 	
2.515	0.331047 	-0.172589 	0.540009 	0.00119116 	-1.32893 	-0.00164088 	
2.52	0.331047 	-0.172589 	0.540008 	0.00119116 	-1.32893 	-0.00164088 	
2.525	0.331047 	-0.172589 	0.540008 	0.00119116 	-1.32893 	-0.00164088 	
2.53	0.331048 	-0.172589 	0.540006 	0.00119116 	-1.32893 	-0.00164088 	
2.535	0.331049 	-0.172589 	0.540005 	0.00119116 	-1.32893 	-0.00164088 	
2.54	0.331049 	-0.172589 	0.540003 	0.00119116 	-1.32893 	-0.00164088 	
2.545	0.33105 	-0.172589 	0.540002 	0.00119116 	-1.32893 	-0.00164088 	
2.55	0.331051 	-0.172589 	0.539999 	0.00119116 	-1.32893 	-0.00164088 	
2.555	0.331052 	-0.172589 	0.539997 	0.00119116 	-1.32893 	-0.00164088 	
2.56	0.331053 	-0.172589 	0.539994 	0.00119116 	-1.32893 	-0.00164088 	
2.565	0.331054 	-0.172589 	0.539991 	0.00119116 	-1.32893 	-0.00164088 	
2.57	0.331055 	-0.172589 	0.539988 	0.00119116 	-1.32893 	-0.00164088 	
2.575	0.331057 	-0.172589 	0.539984 	0.00119116 	-1.32893 	-0.00164088 	
2.58	0.331058 	-0.172589 	0.53998 	0.00119116 	-1.32893 	-0.00164088 	
2.585	0.33106 	-0.172589 	0.539976 	0.00119116 	-1.32893 	-0.00164088 	
2.59	0.331062 	-0.172589 	0.539971 	0.00119116 	-1.32893 	-0.00164088 	
2.595	0.331063 	-0.172589 	0.539967 	0.00119116 	-1.32893 	-0.00164088 	
2.6	0.331065 	-0.172589 	0.539961 	0.00119116 	-1.32893 	-0.00164088 	
2.605	0.331067 	-0.172589 	0.539956 	0.00119116 	-1.32893 	-0.00164088 	
2.61	0.33107 	-0.172589 	0.53995 	0.00119116 	-1.32893 	-0.00164088 	
2.615	0.331072 	-0.172589 	0.539944 	0.00119117 	-1.32893 	-0.00164088 	
2.62	0.331074 	-0.172589 	0.539938 	0.00119117 	-1.32893 	-0.00164088 	
2.625	0.331077 	-0.172589 	0.539931 	0.00119117 	-1.32893 	-0.00164088 	
2.63	0.33108 	-0.172589 	0.539925 	0.00119117 	-1.32893 	-0.00164088 	
2.635	0.331082 	-0.172589 	0.539917 	0.00119117 	-1.32893 	-0.00164088 	
2.64	0.331085 	-0.172589 	0.53991 	0.00119117 	-1.32893 	-0.00164089 	
2.645	0.331088 	-0.172589 	0.539902 	0.00119117 	-1.32893 	-0.00164089 	
2.65	0.331091 	-0.172589 	0.539894 	0.00119117 	-1.32893 	-0.00164089 	
2.655	0.331094 	-0.172589 	0.539886 	0.00119117 	-1.32893 	-0.00164089 	
2.66	0.331098 	-0.172589 	0.539876 	0.00119118 	-1.32893 	-0.00164089 	
2.665	0.331101 	-0.172589 	0.539868 	0.00119118 	-1.32893 	-0.00164089 	
2.67	0.331105 	-0.172589 	0.539858 	0.00119118 	-1.32893 	-0.00164089 	
2.675	0.331109 	-0.172589 	0.539849 	0.00119118 	-1.32893 	-0.0016409 	
2.68	0.331113 	-0.172589 	0.539839 	0.00119118 	-1.32893 	-0.0016409 	
2.685	0.331116 	-0.172589 	0.539829 	0.00119118 	-1.32893 	-0.0016409 	
2.69	0.33112 	-0.172589 	0.539819 	0.00119118 	-1.32893 	-0.0016409 	
2.695	0.331125 	-0.172589 	0.539808 	0.00119119 	-1.32893 	-0.0016409 	
2.7	0.331129 	-0.172589 	0.539797 	0.00119119 	-1.32893 	-0.00164091 	
2.705	0.331133 	-0.172589 	0.539786 	0.00119119 	-1.32893 	-0.00164091 	
2.71	0.331137 	-0.172589 	0.539774 	0.00119119 	-1.32893 	-0.00164091 	
2.715	0.331142 	-0.172589 	0.539763 	0.00119119 	-1.32893 	-0.00164091 	
2.72	0.331147 	-0.172589 	0.539751 	0.0011912 	-1.32893 	-0.00164091 	
2.725	0.331151 	-0.172589 	0.539738 	0.0011912 	-1.32893 	-0.00164092 	
2.73	0.331156 	-0.172589 	0.539726 	0.0011912 	-1.32893 	-0.00164092 	
2.735	0.331161 	-0.172589 	0.539713 	0.0011912 	-1.32893 	-0.00164092 	
2.74	0.331166 	-0.172589 	0.5397 	0.00119121 	-1.32893 	-0.00164093 	
2.745	0.331171 	-0.172589 	0.539686 	0.00119121 	-1.32893 	-0.00164093 	
2.75	0.331177 	-0.172589 	0.539672 	0.00119121 	-1.32893 	-0.00164093 	
2.755	0.331182 	-0.172589 	0.539659 	0.00119122 	-1.32893 	-0.00164094 	
2.76	0.331188 	-0.172589 	0.539644 	0.00119122 	-1.32893 	-0.00164094 	
2.765	0.331193 	-0.172589 	0.53963 	0.00119122 	-1.32893 	-0.00164094 	
2.77	0.331199 	-0.172589 	0.539615 	0.00119123 	-1.32893 	-0.00164095 	
2.775	0.331269 	-0.172598 	0.539611 	0.00011855 	-1.33012 	-0.000163215 	
2.78	0.331275 	-0.172598 	0.539596 	0.000118554 	-1.33012 	-0.000163219 	
2.785	0.331281 	-0.172598 	0.53958 	0.000118558 	-1.33012 	-0.000163223 	
2.79	0.331287 	-0.172598 	0.539564 	0.000118562 	-1.33012 	-0.000163227 	
2.795	0.331293 	-0.172598 	0.539548 	0.000118567 	-1.33012 	-0.000163232 	
2.8	0.3313 	-0.172598 	0.539531 	0.000118571 	-1.33012 	-0.000163237 	
2.805	0.331306 	-0.172598 	0.539515 	0.000118575 	-1.33012 	-0.000163241 	
2.81	0.331313 	-0.172598 	0.539498 	0.00011858 	-1.33012 	-0.000163246 	
2.815	0.331319 	-0.172598 	0.539481 	0.000118585 	-1.33012 	-0.000163252 	
2.82	0.331326 	-0.172598 	0.539463 	0.00011859 	-1.33012 	-0.000163257 	
2.825	0.331333 	-0.172598 	0.539445 	0.000118595 	-1.33012 	-0.000163262 	
2.83	0.33134 	-0.172598 	0.539427 	0.0001186 	-1.33012 	-0.000163268 	
2.835	0.331347 	-0.172598 	0.539409 	0.000118606 	-1.33012 	-0.000163274 	
2.84	0.331354 	-0.172598 	0.539391 	0.000118611 	-1.33012 	-0.00016328 	
2.845	0.331361 	-0.172598 	0.539372 	0.000118617 	-1.33012 	-0.000163286 	
2.85	0.331442 	-0.172599 	0.539366 	1.26031e-05 	-1.33147 	-1.71744e-05 	
2.855	0.33145 	-0.172599 	0.539347 	1.26092e-05 	-1.33147 	-1.71809e-05 	
2.86	0.331457 	-0.172599 	0.539327 	1.26154e-05 	-1.33147 	-1.71876e-05 	
2.865	0.331465 	-0.172599 	0.539307 	1.26218e-05 	-1.33147 	-1.71944e-05 	
2.87	0.331472 	-0.172599 	0.539287 	1.26283e-05 	-1.33147 	-1.72014e-05 	
2.875	0.331483 	-0.172597 	0.539267 	1.26359e-05 	-1.33147 	-1.72096e-05 	
2.88	0.331491 	-0.172597 	0.539246 	1.26428e-05 	-1.33147 	-1.72169e-05 	
2.885	0.331499 	-0.172597 	0.539226 	1.26498e-05 	-1.33147 	-1.72244e-05 	
2.89	0.331507 	-0.172597 	0.539205 	1.2657e-05 	-1.33147 	-1.72322e-05 	
2.895	0.331515 	-0.172597 	0.539183 	1.26644e-05 	-1.33147 	-1.724e-05 	
2.9	0.331524 	-0.172597 	0.539162 	1.26719e-05 	-1.33147 	-1.72481e-05 	
2.905	0.331532 	-0.172597 	0.53914 	1.26797e-05 	-1.33147 	-1.72563e-05 	
2.91	0.331612 	-0.172597 	0.539131 	2.11239e-06 	-1.33278 	-2.71122e-06 	
2.915	0.331621 	-0.172597 	0.539109 	2.12048e-06 	-1.33278 	-2.71985e-06 	
2.92	0.33163 	-0.172597 	0.539086 	2.12874e-06 	-1.33278 	-2.72867e-06 	
2.925	0.331638 	-0.172597 	0.539064 	2.13717e-06 	-1.33278 	-2.73767e-06 	
2.93	0.331647 	-0.172597 	0.539041 	2.14578e-06 	-1.33278 	-2.74685e-06 	
2.935	0.331656 	-0.172597 	0.539017 	2.15456e-06 	-1.33278 	-2.75622e-06 	
2.94	0.331665 	-0.172597 	0.538994 	2.16352e-06 	-1.33278 	-2.76578e-06 	
2.945	0.331674 	-0.172597 	0.53897 	2.17265e-06 	-1.33278 	-2.77553e-06 	
2.95	0.331683 	-0.172597 	0.538947 	2.18195e-06 	-1.33278 	-2.78546e-06 	
2.955	0.331693 	-0.172597 	0.538922 	2.19144e-06 	-1.33278 	-2.79558e-06 	
2.96	0.331702 	-0.172597 	0.538898 	2.2011e-06 	-1.33278 	-2.80589e-06 	
2.965	0.331786 	-0.172597 	0.538887 	1.14463e-06 	-1.33413 	-1.36065e-06 	
2.97	0.331795 	-0.172597 	0.538862 	1.15469e-06 	-1.33413 	-1.37138e-06 	
2.975	0.331805 	-0.172597 	0.538837 	1.16492e-06 	-1.33413 	-1.38229e-06 	
2.98	0.331815 	-0.172597 	0.538812 	1.17533e-06 	-1.33413 	-1.3934e-06 	
2.985	0.331824 	-0.172597 	0.538786 	1.18592e-06 	-1.33413 	-1.40469e-06 	
2.99	0.331834 	-0.172597 	0.538761 	1.19668e-06 	-1.33413 	-1.41618e-06 	
2.995	0.331844 	-0.172597 	0.538735 	1.20763e-06 	-1.33413 	-1.42785e-06 	
3	0.331854 	-0.172597 	0.538709 	1.21875e-06 	-1.33413 	-1.43972e-06 	
3.005	0.331864 	-0.172597 	0.538683 	1.23006e-06 	-1.33413 	-1.45178e-06 	
3.01	0.331875 	-0.172597 	0.538656 	1.24154e-06 	-1.33413 	-1.46403e-06 	
3.015	0.331959 	-0.172597 	0.538643 	1.06963e-06 	-1.33548 	-1.24976e-06 	
3.02	0.33197 	-0.172597 	0.538616 	1.08152e-06 	-1.33548 	-1.26244e-06 	
3.025	0.33198 	-0.172597 	0.538589 	1.09358e-06 	-1.33548 	-1.27531e-06 	
3.03	0.331991 	-0.172597 	0.538561 	1.10583e-06 	-1.33548 	-1.28837e-06 	
3.035	0.332001 	-0.172597 	0.538534 	1.11825e-06 	-1.33548 	-1.30161e-06 	
3.04	0.332012 	-0.172597 	0.538506 	1.13085e-06 	-1.33548 	-1.31505e-06 	
3.045	0.332023 	-0.172597 	0.538478 	1.14363e-06 	-1.33548 	-1.32868e-06 	
3.05	0.332033 	-0.172597 	0.53845 	1.15659e-06 	-1.33548 	-1.3425e-06 	
3.055	0.332044 	-0.172597 	0.538422 	1.16973e-06 	-1.33548 	-1.3565e-06 	
3.06	0.332128 	-0.172597 	0.538406 	1.02753e-06 	-1.3368 	-1.19677e-06 	
3.065	0.332139 	-0.172597 	0.538378 	1.04107e-06 	-1.3368 	-1.2112e-06 	
3.07	0.33215 	-0.172597 	0.538349 	1.05479e-06 	-1.3368 	-1.22582e-06 	
3.075	0.332161 	-0.172597 	0.53832 	1.06868e-06 	-1.3368 	-1.24063e-06 	
3.08	0.332172 	-0.172597 	0.53829 	1.08274e-06 	-1.3368 	-1.25562e-06 	
3.085	0.332184 	-0.172597 	0.538261 	1.09698e-06 	-1.3368 	-1.2708e-06 	
3.09	0.332195 	-0.172597 	0.538231 	1.1114e-06 	-1.3368 	-1.28616e-06 	
3.095	0.332206 	-0.172597 	0.538201 	1.12598e-06 	-1.3368 	-1.30171e-06 	
3.1	0.332218 	-0.172597 	0.538171 	1.14074e-06 	-1.3368 	-1.31744e-06 	
3.105	0.332306 	-0.172597 	0.538155 	1.12406e-06 	-1.33819 	-1.30809e-06 	
3.11	0.332317 	-0.172597 	0.538125 	1.13923e-06 	-1.33819 	-1.32424e-06 	
3.115	0.332329 	-0.172597 	0.538094 	1.15455e-06 	-1.33819 	-1.34058e-06 	
3.12	0.332341 	-0.172597 	0.538064 	1.17005e-06 	-1.33819 	-1.35709e-06 	
3.125	0.332353 	-0.172597 	0.538033 	1.18572e-06 	-1.33819 	-1.37378e-06 	
3.13	0.332365 	-0.172597 	0.538002 	1.20155e-06 	-1.33819 	-1.39065e-06 	
3.135	0.332377 	-0.172597 	0.53797 	1.21755e-06 	-1.33819 	-1.40769e-06 	
3.14	0.332389 	-0.172597 	0.537939 	1.23371e-06 	-1.33819 	-1.42491e-06 	
3.145	0.332473 	-0.172597 	0.537921 	1.04572e-06 	-1.3395 	-1.21504e-06 	
3.15	0.332485 	-0.172597 	0.537889 	1.06227e-06 	-1.3395 	-1.23267e-06 	
3.155	0.332497 	-0.172597 	0.537857 	1.07898e-06 	-1.3395 	-1.25047e-06 	
3.16	0.33251 	-0.172597 	0.537825 	1.09585e-06 	-1.3395 	-1.26843e-06 	
3.165	0.332522 	-0.172597 	0.537793 	1.11288e-06 	-1.3395 	-1.28657e-06 	
3.17	0.332535 	-0.172597 	0.537761 	1.13006e-06 	-1.3395 	-1.30487e-06 	
3.175	0.332547 	-0.172597 	0.537728 	1.1474e-06 	-1.3395 	-1.32333e-06 	
3.18	0.33256 	-0.172597 	0.537696 	1.16489e-06 	-1.3395 	-1.34196e-06 	
3.185	0.332646 	-0.172597 	0.537677 	1.09842e-06 	-1.34085 	-1.27537e-06 	
3.19	0.332659 	-0.172597 	0.537644 	1.11629e-06 	-1.34085 	-1.2944e-06 	
3.195	0.332672 	-0.172597 	0.537611 	1.1343e-06 	-1.34085 	-1.31358e-06 	
3.2	0.332684 	-0.172597 	0.537577 	1.15247e-06 	-1.34085 	-1.33291e-06 	
3.205	0.332697 	-0.172597 	0.537544 	1.17078e-06 	-1.34085 	-1.3524e-06 	
3.21	0.33271 	-0.172597 	0.537511 	1.18923e-06 	-1.34085 	-1.37205e-06 	
3.215	0.332718 	-0.172601 	0.537477 	1.20553e-06 	-1.34085 	-1.38906e-06 	
3.22	0.332731 	-0.172601 	0.537443 	1.22424e-06 	-1.34085 	-1.40898e-06 	
3.225	0.332821 	-0.172601 	0.537424 	1.17387e-06 	-1.34225 	-1.36226e-06 	
3.23	0.332834 	-0.172601 	0.53739 	1.19297e-06 	-1.34225 	-1.38258e-06 	
3.235	0.332847 	-0.172601 	0.537356 	1.2122e-06 	-1.34225 	-1.40304e-06 	
3.24	0.33286 	-0.172601 	0.537321 	1.23156e-06 	-1.34225 	-1.42364e-06 	
3.245	0.332874 	-0.172601 	0.537287 	1.25105e-06 	-1.34225 	-1.44438e-06 	
3.25	0.332887 	-0.172601 	0.537252 	1.27067e-06 	-1.34225 	-1.46526e-06 	
3.255	0.3329 	-0.172601 	0.537218 	1.29042e-06 	-1.34225 	-1.48628e-06 	
3.26	0.332984 	-0.172601 	0.537196 	1.03113e-06 	-1.34353 	-1.19451e-06 	
3.265	0.332997 	-0.172601 	0.537161 	1.0512e-06 	-1.34353 	-1.21587e-06 	
3.27	0.33301 	-0.172601 	0.537126 	1.0714e-06 	-1.34353 	-1.23735e-06 	
3.275	0.333024 	-0.172601 	0.537091 	1.09172e-06 	-1.34353 	-1.25896e-06 	
3.28	0.333037 	-0.172601 	0.537056 	1.11215e-06 	-1.34353 	-1.28069e-06 	
3.285	0.333051 	-0.172601 	0.537021 	1.13269e-06 	-1.34353 	-1.30254e-06 	
3.29	0.333065 	-0.172601 	0.536986 	1.15335e-06 	-1.34353 	-1.32452e-06 	
3.295	0.333149 	-0.172601 	0.536964 	1.03939e-06 	-1.34482 	-1.20317e-06 	
3.3	0.333163 	-0.172601 	0.536928 	1.06035e-06 	-1.34482 	-1.22546e-06 	
3.305	0.333176 	-0.172601 	0.536892 	1.08142e-06 	-1.34482 	-1.24786e-06 	
3.31	0.33319 	-0.172601 	0.536856 	1.10259e-06 	-1.34482 	-1.27036e-06 	
3.315	0.333204 	-0.172601 	0.536821 	1.12385e-06 	-1.34482 	-1.29298e-06 	
3.32	0.333218 	-0.172601 	0.536785 	1.14522e-06 	-1.34482 	-1.3157e-06 	
3.325	0.333232 	-0.172601 	0.536749 	1.16669e-06 	-1.34482 	-1.33852e-06 	
3.33	0.333317 	-0.172601 	0.536726 	1.0747e-06 	-1.34613 	-1.24339e-06 	
3.335	0.333331 	-0.172601 	0.53669 	1.09645e-06 	-1.34613 	-1.2665e-06 	
3.34	0.333345 	-0.172601 	0.536654 	1.11827e-06 	-1.34613 	-1.2897e-06 	
3.345	0.333359 	-0.172601 	0.536617 	1.14018e-06 	-1.34613 	-1.31299e-06 	
3.35	0.333373 	-0.172601 	0.536581 	1.16218e-06 	-1.34613 	-1.33636e-06 	
3.355	0.333387 	-0.172601 	0.536544 	1.18425e-06 	-1.34613 	-1.35983e-06 	
3.36	0.333401 	-0.172601 	0.536508 	1.20641e-06 	-1.34613 	-1.38337e-06 	
3.365	0.333489 	-0.172601 	0.536485 	1.10913e-06 	-1.34747 	-1.28257e-06 	
3.37	0.333503 	-0.172601 	0.536449 	1.13153e-06 	-1.34747 	-1.30637e-06 	
3.375	0.333517 	-0.172601 	0.536412 	1.154e-06 	-1.34747 	-1.33024e-06 	
3.38	0.333531 	-0.172601 	0.536375 	1.17653e-06 	-1.34747 	-1.35418e-06 	
3.385	0.333545 	-0.172601 	0.536338 	1.19913e-06 	-1.34747 	-1.37819e-06 	
3.39	0.33356 	-0.172601 	0.536301 	1.22179e-06 	-1.34747 	-1.40227e-06 	
3.395	0.333574 	-0.172601 	0.536264 	1.24451e-06 	-1.34747 	-1.42641e-06 	
3.4	0.333662 	-0.172601 	0.536241 	1.13796e-06 	-1.34882 	-1.31524e-06 	
3.405	0.333676 	-0.172601 	0.536204 	1.16089e-06 	-1.34882 	-1.3396e-06 	
3.41	0.333691 	-0.172601 	0.536167 	1.18388e-06 	-1.34882 	-1.36401e-06 	
3.415	0.333705 	-0.172601 	0.53613 	1.20691e-06 	-1.34882 	-1.38847e-06 	
3.42	0.333719 	-0.172601 	0.536092 	1.22999e-06 	-1.34882 	-1.41297e-06 	
3.425	0.333734 	-0.172601 	0.536055 	1.25311e-06 	-1.34882 	-1.43753e-06 	
3.43	0.333749 	-0.1726 	0.536018 	1.27693e-06 	-1.34882 	-1.46294e-06 	
3.435	0.333838 	-0.1726 	0.535995 	1.16058e-06 	-1.35019 	-1.34067e-06 	
3.44	0.333853 	-0.1726 	0.535958 	1.18392e-06 	-1.35019 	-1.36544e-06 	
3.445	0.333867 	-0.1726 	0.53592 	1.20728e-06 	-1.35019 	-1.39024e-06 	
3.45	0.333882 	-0.1726 	0.535883 	1.23067e-06 	-1.35019 	-1.41508e-06 	
3.455	0.333896 	-0.1726 	0.535845 	1.25409e-06 	-1.35019 	-1.43994e-06 	
3.46	0.333911 	-0.1726 	0.535808 	1.27754e-06 	-1.35019 	-1.46482e-06 	
3.465	0.333925 	-0.1726 	0.53577 	1.301e-06 	-1.35019 	-1.48972e-06 	
3.47	0.334015 	-0.1726 	0.535747 	1.17572e-06 	-1.35157 	-1.35747e-06 	
3.475	0.334029 	-0.1726 	0.53571 	1.19932e-06 	-1.35157 	-1.38252e-06 	
3.48	0.334044 	-0.1726 	0.535672 	1.22293e-06 	-1.35157 	-1.40757e-06 	
3.485	0.334058 	-0.1726 	0.535634 	1.24655e-06 	-1.35157 	-1.43263e-06 	
3.49	0.334072 	-0.1726 	0.535597 	1.27017e-06 	-1.35157 	-1.4577e-06 	
3.495	0.334087 	-0.1726 	0.535559 	1.2938e-06 	-1.35157 	-1.48276e-06 	
3.5	0.334101 	-0.1726 	0.535521 	1.31743e-06 	-1.35157 	-1.50783e-06 	
3.505	0.334191 	-0.1726 	0.535499 	1.18408e-06 	-1.35295 	-1.36642e-06 	
3.51	0.334206 	-0.1726 	0.535461 	1.20781e-06 	-1.35295 	-1.39158e-06 	
3.515	0.33422 	-0.1726 	0.535423 	1.23152e-06 	-1.35295 	-1.41673e-06 	
3.52	0.334235 	-0.1726 	0.535386 	1.25522e-06 	-1.35295 	-1.44187e-06 	
3.525	0.334249 	-0.1726 	0.535348 	1.27891e-06 	-1.35295 	-1.46699e-06 	
3.53	0.334264 	-0.1726 	0.53531 	1.30258e-06 	-1.35295 	-1.49209e-06 	
3.535	0.334278 	-0.1726 	0.535273 	1.32622e-06 	-1.35295 	-1.51717e-06 	
3.54	0.334368 	-0.1726 	0.53525 	1.18531e-06 	-1.35433 	-1.36712e-06 	
3.545	0.334382 	-0.1726 	0.535213 	1.20902e-06 	-1.35433 	-1.39225e-06 	
3.55	0.334397 	-0.1726 	0.535175 	1.23269e-06 	-1.35433 	-1.41735e-06 	
3.555	0.334411 	-0.1726 	0.535137 	1.25634e-06 	-1.35433 	-1.44241e-06 	
3.56	0.334426 	-0.1726 	0.5351 	1.27994e-06 	-1.35433 	-1.46744e-06 	
3.565	0.33444 	-0.1726 	0.535062 	1.30351e-06 	-1.35433 	-1.49242e-06 	
3.57	0.334455 	-0.1726 	0.535025 	1.32703e-06 	-1.35433 	-1.51736e-06 	
3.575	0.334544 	-0.1726 	0.535002 	1.17937e-06 	-1.3557 	-1.35955e-06 	
3.58	0.334559 	-0.1726 	0.534965 	1.20292e-06 	-1.3557 	-1.3845e-06 	
3.585	0.334573 	-0.1726 	0.534928 	1.22641e-06 	-1.3557 	-1.4094e-06 	
3.59	0.334587 	-0.1726 	0.53489 	1.24985e-06 	-1.3557 	-1.43423e-06 	
3.595	0.334602 	-0.1726 	0.534853 	1.27323e-06 	-1.3557 	-1.45901e-06 	
3.6	0.334616 	-0.1726 	0.534815 	1.29655e-06 	-1.3557 	-1.48372e-06 	
3.605	0.33463 	-0.1726 	0.534778 	1.31981e-06 	-1.3557 	-1.50837e-06 	
3.61	0.334719 	-0.1726 	0.534756 	1.16633e-06 	-1.35707 	-1.34381e-06 	
3.615	0.334734 	-0.1726 	0.534719 	1.18957e-06 	-1.35707 	-1.36843e-06 	
3.62	0.334748 	-0.1726 	0.534682 	1.21274e-06 	-1.35707 	-1.39297e-06 	
3.625	0.334762 	-0.1726 	0.534645 	1.23583e-06 	-1.35707 	-1.41743e-06 	
3.63	0.334776 	-0.1726 	0.534608 	1.25884e-06 	-1.35707 	-1.44181e-06 	
3.635	0.334791 	-0.1726 	0.534571 	1.28178e-06 	-1.35707 	-1.46611e-06 	
3.64	0.334805 	-0.1726 	0.534534 	1.30464e-06 	-1.35707 	-1.49032e-06 	
3.645	0.334893 	-0.1726 	0.534512 	1.14633e-06 	-1.35843 	-1.32009e-06 	
3.65	0.334907 	-0.1726 	0.534475 	1.16913e-06 	-1.35843 	-1.34422e-06 	
3.655	0.334921 	-0.1726 	0.534439 	1.19183e-06 	-1.35843 	-1.36826e-06 	
3.66	0.334935 	-0.1726 	0.534402 	1.21444e-06 	-1.35843 	-1.3922e-06 	
3.665	0.334949 	-0.1726 	0.534365 	1.23696e-06 	-1.35843 	-1.41604e-06 	
3.67	0.334963 	-0.1726 	0.534329 	1.25938e-06 	-1.35843 	-1.43978e-06 	
3.675	0.334977 	-0.1726 	0.534292 	1.2817e-06 	-1.35843 	-1.46341e-06 	
3.68	0.335064 	-0.1726 	0.534271 	1.11963e-06 	-1.35977 	-1.28867e-06 	
3.685	0.335078 	-0.1726 	0.534235 	1.14185e-06 	-1.35977 	-1.31218e-06 	
3.69	0.335092 	-0.1726 	0.534199 	1.16395e-06 	-1.35977 	-1.33558e-06 	
3.695	0.335106 	-0.1726 	0.534163 	1.18595e-06 	-1.35977 	-1.35886e-06 	
3.7	0.33512 	-0.1726 	0.534127 	1.20783e-06 	-1.35977 	-1.38202e-06 	
3.705	0.335134 	-0.1726 	0.534091 	1.2296e-06 	-1.35977 	-1.40506e-06 	
3.71	0.335147 	-0.1726 	0.534055 	1.25125e-06 	-1.35977 	-1.42797e-06 	
3.715	0.335233 	-0.1726 	0.534034 	1.08653e-06 	-1.36109 	-1.24993e-06 	
3.72	0.335247 	-0.1726 	0.533998 	1.10804e-06 	-1.36109 	-1.27269e-06 	
3.725	0.335261 	-0.1726 	0.533963 	1.12942e-06 	-1.36109 	-1.29531e-06 	
3.73	0.335274 	-0.1726 	0.533927 	1.15068e-06 	-1.36109 	-1.3178e-06 	
3.735	0.335284 	-0.172604 	0.533892 	1.16982e-06 	-1.36109 	-1.33777e-06 	
3.74	0.335297 	-0.172604 	0.533857 	1.19079e-06 	-1.36109 	-1.35996e-06 	
3.745	0.335311 	-0.172604 	0.533822 	1.21166e-06 	-1.36109 	-1.38203e-06 	
3.75	0.335395 	-0.172604 	0.533801 	1.04731e-06 	-1.36239 	-1.20422e-06 	
3.755	0.335408 	-0.172604 	0.533766 	1.068e-06 	-1.36239 	-1.2261e-06 	
3.76	0.335422 	-0.172604 	0.533732 	1.08854e-06 	-1.36239 	-1.24782e-06 	
3.765	0.335435 	-0.172604 	0.533697 	1.10894e-06 	-1.36239 	-1.26939e-06 	
3.77	0.335448 	-0.172604 	0.533662 	1.12919e-06 	-1.36239 	-1.29081e-06 	
3.775	0.335461 	-0.172604 	0.533628 	1.1493e-06 	-1.36239 	-1.31208e-06 	
3.78	0.335475 	-0.172604 	0.533593 	1.16926e-06 	-1.36239 	-1.33319e-06 	
3.785	0.335488 	-0.172604 	0.533559 	1.18908e-06 	-1.36239 	-1.35414e-06 	
3.79	0.335579 	-0.172604 	0.533541 	1.2088e-06 	-1.36381 	-1.39108e-06 	
3.795	0.335592 	-0.172604 	0.533507 	1.22841e-06 	-1.36381 	-1.41181e-06 	
3.8	0.335605 	-0.172604 	0.533474 	1.24786e-06 	-1.36381 	-1.43237e-06 	
3.805	0.335618 	-0.172604 	0.53344 	1.26715e-06 	-1.36381 	-1.45276e-06 	
3.81	0.33563 	-0.172604 	0.533406 	1.28628e-06 	-1.36381 	-1.47298e-06 	
3.815	0.335643 	-0.172604 	0.533373 	1.30524e-06 	-1.36381 	-1.49303e-06 	
3.82	0.335656 	-0.172604 	0.53334 	1.32405e-06 	-1.36381 	-1.51291e-06 	
3.825	0.335669 	-0.172604 	0.533306 	1.34269e-06 	-1.36381 	-1.53261e-06 	
3.83	0.335758 	-0.172604 	0.53329 	1.18182e-06 	-1.36522 	-1.35962e-06 	
3.835	0.33577 	-0.172604 	0.533257 	1.20022e-06 	-1.36522 	-1.37907e-06 	
3.84	0.335783 	-0.172604 	0.533224 	1.21845e-06 	-1.36522 	-1.39833e-06 	
3.845	0.335796 	-0.172604 	0.533191 	1.23651e-06 	-1.36522 	-1.41741e-06 	
3.85	0.335808 	-0.172604 	0.533159 	1.2544e-06 	-1.36522 	-1.4363e-06 	
3.855	0.33582 	-0.172604 	0.533127 	1.27211e-06 	-1.36522 	-1.45502e-06 	
3.86	0.335833 	-0.172604 	0.533095 	1.28964e-06 	-1.36522 	-1.47354e-06 	
3.865	0.335845 	-0.172604 	0.533063 	1.307e-06 	-1.36522 	-1.49189e-06 	
3.87	0.335931 	-0.172604 	0.533047 	1.10919e-06 	-1.36657 	-1.27545e-06 	
3.875	0.335943 	-0.172604 	0.533015 	1.12629e-06 	-1.36657 	-1.2935e-06 	
3.88	0.335955 	-0.172604 	0.532984 	1.14319e-06 	-1.36657 	-1.31136e-06 	
3.885	0.335967 	-0.172604 	0.532952 	1.15991e-06 	-1.36657 	-1.32902e-06 	
3.89	0.335979 	-0.172604 	0.532921 	1.17645e-06 	-1.36657 	-1.34649e-06 	
3.895	0.335991 	-0.172604 	0.53289 	1.19281e-06 	-1.36657 	-1.36376e-06 	
3.9	0.336003 	-0.172604 	0.532859 	1.20898e-06 	-1.36657 	-1.38084e-06 	
3.905	0.336015 	-0.172604 	0.532829 	1.22497e-06 	-1.36657 	-1.39772e-06 	
3.91	0.336097 	-0.172604 	0.532814 	1.02492e-06 	-1.36787 	-1.17797e-06 	
3.915	0.336109 	-0.172604 	0.532783 	1.04061e-06 	-1.36787 	-1.19453e-06 	
3.92	0.33612 	-0.172604 	0.532753 	1.05611e-06 	-1.36787 	-1.21089e-06 	
3.925	0.336132 	-0.172604 	0.532723 	1.07141e-06 	-1.36787 	-1.22705e-06 	
3.93	0.336143 	-0.172604 	0.532693 	1.08653e-06 	-1.36787 	-1.24301e-06 	
3.935	0.336154 	-0.172604 	0.532664 	1.10145e-06 	-1.36787 	-1.25877e-06 	
3.94	0.336166 	-0.172604 	0.532635 	1.11619e-06 	-1.36787 	-1.27432e-06 	
3.945	0.336177 	-0.172604 	0.532605 	1.13073e-06 	-1.36787 	-1.28967e-06 	
3.95	0.336188 	-0.172604 	0.532576 	1.14508e-06 	-1.36787 	-1.30482e-06 	
3.955	0.336274 	-0.172604 	0.532564 	1.10095e-06 	-1.36925 	-1.26611e-06 	
3.96	0.336285 	-0.172604 	0.532535 	1.11499e-06 	-1.36925 	-1.28093e-06 	
3.965	0.336296 	-0.172604 	0.532507 	1.12883e-06 	-1.36925 	-1.29553e-06 	
3.97	0.336307 	-0.172604 	0.532479 	1.14247e-06 	-1.36925 	-1.30993e-06 	
3.975	0.336318 	-0.172604 	0.532451 	1.15592e-06 	-1.36925 	-1.32412e-06 	
3.98	0.336328 	-0.172604 	0.532423 	1.16917e-06 	-1.36925 	-1.3381e-06 	
3.985	0.336339 	-0.172604 	0.532395 	1.18223e-06 	-1.36925 	-1.35188e-06 	
3.99	0.336349 	-0.172604 	0.532368 	1.19509e-06 	-1.36925 	-1.36545e-06 	
3.995	0.33636 	-0.172604 	0.532341 	1.20775e-06 	-1.36925 	-1.37881e-06 	
4	0.336441 	-0.172604 	0.532329 	1.01181e-06 	-1.37056 	-1.16326e-06 	
4.005	0.336452 	-0.172604 	0.532302 	1.02415e-06 	-1.37056 	-1.17628e-06 	
4.01	0.336462 	-0.172604 	0.532276 	1.03629e-06 	-1.37056 	-1.18908e-06 	
4.015	0.336472 	-0.172604 	0.532249 	1.04823e-06 	-1.37056 	-1.20167e-06 	
4.02	0.336482 	-0.172604 	0.532223 	1.05997e-06 	-1.37056 	-1.21406e-06 	
4.025	0.336492 	-0.172604 	0.532197 	1.07152e-06 	-1.37056 	-1.22624e-06 	
4.03	0.336502 	-0.172604 	0.532172 	1.08287e-06 	-1.37056 	-1.23821e-06 	
4.035	0.336512 	-0.172604 	0.532146 	1.09402e-06 	-1.37056 	-1.24998e-06 	
4.04	0.336521 	-0.172604 	0.532121 	1.10498e-06 	-1.37056 	-1.26154e-06 	
4.045	0.336531 	-0.172604 	0.532096 	1.11574e-06 	-1.37056 	-1.27289e-06 	
4.05	0.336613 	-0.172604 	0.532087 	1.02438e-06 	-1.3719 	-1.17825e-06 	
4.055	0.336623 	-0.172604 	0.532062 	1.03481e-06 	-1.3719 	-1.18925e-06 	
4.06	0.336632 	-0.172604 	0.532038 	1.04505e-06 	-1.3719 	-1.20004e-06 	
4.065	0.336641 	-0.172604 	0.532014 	1.05509e-06 	-1.3719 	-1.21063e-06 	
4.07	0.336651 	-0.172604 	0.53199 	1.06493e-06 	-1.3719 	-1.22101e-06 	
4.075	0.33666 	-0.172604 	0.531966 	1.07459e-06 	-1.3719 	-1.23119e-06 	
4.08	0.336669 	-0.172604 	0.531943 	1.08405e-06 	-1.3719 	-1.24117e-06 	
4.085	0.336678 	-0.172604 	0.53192 	1.09333e-06 	-1.3719 	-1.25095e-06 	
4.09	0.336686 	-0.172604 	0.531897 	1.10241e-06 	-1.3719 	-1.26053e-06 	
4.095	0.336695 	-0.172604 	0.531874 	1.11131e-06 	-1.3719 	-1.26991e-06 	
4.1	0.336704 	-0.172604 	0.531851 	1.12001e-06 	-1.3719 	-1.27909e-06 	
4.105	0.336785 	-0.172604 	0.531845 	1.00856e-06 	-1.37325 	-1.16061e-06 	
4.11	0.336794 	-0.172604 	0.531823 	1.01694e-06 	-1.37325 	-1.16944e-06 	
4.115	0.336802 	-0.172604 	0.531802 	1.02513e-06 	-1.37325 	-1.17807e-06 	
4.12	0.33681 	-0.172604 	0.53178 	1.03314e-06 	-1.37325 	-1.18651e-06 	
4.125	0.336818 	-0.172604 	0.531759 	1.04096e-06 	-1.37325 	-1.19475e-06 	
4.13	0.336826 	-0.172604 	0.531738 	1.0486e-06 	-1.37325 	-1.2028e-06 	
4.135	0.336834 	-0.172604 	0.531717 	1.05606e-06 	-1.37325 	-1.21066e-06 	
4.14	0.336842 	-0.172604 	0.531696 	1.06333e-06 	-1.37325 	-1.21833e-06 	
4.145	0.33685 	-0.172604 	0.531676 	1.07043e-06 	-1.37325 	-1.22582e-06 	
4.15	0.336858 	-0.172604 	0.531656 	1.07736e-06 	-1.37325 	-1.23311e-06 	
4.155	0.336865 	-0.172604 	0.531636 	1.0841e-06 	-1.37325 	-1.24022e-06 	
4.16	0.336873 	-0.172604 	0.531617 	1.09067e-06 	-1.37325 	-1.24715e-06 	
4.165	0.336951 	-0.172604 	0.531613 	9.29144e-07 	-1.37454 	-1.06964e-06 	
4.17	0.336959 	-0.172603 	0.531594 	9.35622e-07 	-1.37454 	-1.07649e-06 	
4.175	0.336966 	-0.172603 	0.531575 	9.41712e-07 	-1.37454 	-1.08291e-06 	
4.18	0.336973 	-0.172603 	0.531557 	9.47632e-07 	-1.37454 	-1.08915e-06 	
4.185	0.33698 	-0.172603 	0.531539 	9.53384e-07 	-1.37454 	-1.09521e-06 	
4.19	0.336987 	-0.172603 	0.531521 	9.5897e-07 	-1.37454 	-1.10109e-06 	
4.195	0.336994 	-0.172603 	0.531503 	9.64393e-07 	-1.37454 	-1.10681e-06 	
4.2	0.337 	-0.172603 	0.531486 	9.69654e-07 	-1.37454 	-1.11235e-06 	
4.205	0.337007 	-0.172603 	0.531469 	9.74755e-07 	-1.37454 	-1.11772e-06 	
4.21	0.337013 	-0.172603 	0.531452 	9.79697e-07 	-1.37454 	-1.12293e-06 	
4.215	0.33702 	-0.172603 	0.531435 	9.84483e-07 	-1.37454 	-1.12797e-06 	
4.22	0.337026 	-0.172603 	0.531419 	9.89115e-07 	-1.37454 	-1.13285e-06 	
4.225	0.337032 	-0.172603 	0.531403 	9.93594e-07 	-1.37454 	-1.13757e-06 	
4.23	0.337038 	-0.172603 	0.531387 	9.97923e-07 	-1.37454 	-1.14213e-06 	
4.235	0.337044 	-0.172603 	0.531371 	1.0021e-06 	-1.37454 	-1.14654e-06 	
4.24	0.337123 	-0.172603 	0.531372 	9.4052e-07 	-1.37588 	-1.08413e-06 	
4.245	0.337128 	-0.172603 	0.531357 	9.44433e-07 	-1.37588 	-1.08825e-06 	
4.25	0.337134 	-0.172603 	0.531342 	9.48201e-07 	-1.37588 	-1.09222e-06 	
4.255	0.33714 	-0.172603 	0.531328 	9.51829e-07 	-1.37588 	-1.09604e-06 	
4.26	0.337145 	-0.172603 	0.531314 	9.55318e-07 	-1.37588 	-1.09972e-06 	
4.265	0.33715 	-0.172603 	0.5313 	9.58671e-07 	-1.37588 	-1.10325e-06 	
4.27	0.337156 	-0.172603 	0.531286 	9.61891e-07 	-1.37588 	-1.10664e-06 	
4.275	0.337161 	-0.172603 	0.531273 	9.6498e-07 	-1.37588 	-1.10989e-06 	
4.28	0.337166 	-0.172603 	0.53126 	9.67939e-07 	-1.37588 	-1.11301e-06 	
4.285	0.337171 	-0.172603 	0.531247 	9.70772e-07 	-1.37588 	-1.11599e-06 	
4.29	0.337175 	-0.172603 	0.531235 	9.73481e-07 	-1.37588 	-1.11884e-06 	
4.295	0.33718 	-0.172603 	0.531222 	9.76068e-07 	-1.37588 	-1.12157e-06 	
4.3	0.337185 	-0.172603 	0.53121 	9.78537e-07 	-1.37588 	-1.12417e-06 	
4.305	0.337189 	-0.172603 	0.531199 	9.80888e-07 	-1.37588 	-1.12664e-06 	
4.31	0.337193 	-0.172603 	0.531187 	9.83126e-07 	-1.37588 	-1.129e-06 	
4.315	0.337198 	-0.172603 	0.531176 	9.85252e-07 	-1.37588 	-1.13124e-06 	
4.32	0.337202 	-0.172603 	0.531166 	9.87269e-07 	-1.37588 	-1.13336e-06 	
4.325	0.337206 	-0.172603 	0.531155 	9.8918e-07 	-1.37588 	-1.13538e-06 	
4.33	0.33721 	-0.172603 	0.531145 	9.90988e-07 	-1.37588 	-1.13728e-06 	
4.335	0.337213 	-0.172603 	0.531135 	9.92694e-07 	-1.37588 	-1.13908e-06 	
4.34	0.337287 	-0.172603 	0.531141 	8.50058e-07 	-1.37716 	-9.8152e-07 	
4.345	0.337291 	-0.172603 	0.531132 	8.5158e-07 	-1.37716 	-9.83122e-07 	
4.35	0.337294 	-0.172603 	0.531124 	8.52993e-07 	-1.37716 	-9.84609e-07 	
4.355	0.337298 	-0.172603 	0.531114 	8.5459e-07 	-1.37716 	-9.8629e-07 	
4.36	0.337301 	-0.172603 	0.531106 	8.55829e-07 	-1.37716 	-9.87595e-07 	
4.365	0.337309 	-0.172598 	0.531097 	8.5778e-07 	-1.37716 	-9.89755e-07 	
4.37	0.337312 	-0.172598 	0.53109 	8.5886e-07 	-1.37716 	-9.90892e-07 	
4.375	0.337315 	-0.172598 	0.531083 	8.60048e-07 	-1.37716 	-9.92144e-07 	
4.38	0.337318 	-0.172598 	0.531075 	8.61166e-07 	-1.37716 	-9.9332e-07 	
4.385	0.337321 	-0.172598 	0.531068 	8.62197e-07 	-1.37716 	-9.94406e-07 	
4.39	0.337323 	-0.172598 	0.531062 	8.63144e-07 	-1.37716 	-9.95403e-07 	
4.395	0.337326 	-0.172598 	0.531055 	8.6401e-07 	-1.37716 	-9.96314e-07 	
4.4	0.337328 	-0.172598 	0.531049 	8.64798e-07 	-1.37716 	-9.97144e-07 	
4.405	0.33733 	-0.172598 	0.531043 	8.65512e-07 	-1.37716 	-9.97896e-07 	
4.41	0.337332 	-0.172598 	0.531038 	8.66156e-07 	-1.37716 	-9.98573e-07 	
4.415	0.337334 	-0.172598 	0.531032 	8.66733e-07 	-1.37716 	-9.9918e-07 	
4.42	0.337336 	-0.172598 	0.531027 	8.67246e-07 	-1.37716 	-9.99721e-07 	
4.425	0.337338 	-0.172598 	0.531023 	8.677e-07 	-1.37716 	-1.0002e-06 	
4.43	0.33734 	-0.172598 	0.531018 	8.68098e-07 	-1.37716 	-1.00062e-06 	
4.435	0.337341 	-0.172598 	0.531014 	8.68443e-07 	-1.37716 	-1.00098e-06 	
4.44	0.337343 	-0.172598 	0.53101 	8.6874e-07 	-1.37716 	-1.00129e-06 	
4.445	0.337344 	-0.172598 	0.531007 	8.68991e-07 	-1.37716 	-1.00156e-06 	
4.45	0.337345 	-0.172598 	0.531004 	8.69202e-07 	-1.37716 	-1.00178e-06 	
4.455	0.337346 	-0.172598 	0.531001 	8.69374e-07 	-1.37716 	-1.00196e-06 	
4.46	0.337347 	-0.172598 	0.530998 	8.69513e-07 	-1.37716 	-1.00211e-06 	
4.465	0.337348 	-0.172598 	0.530996 	8.69621e-07 	-1.37716 	-1.00222e-06 	
4.47	0.337349 	-0.172598 	0.530994 	8.69703e-07 	-1.37716 	-1.00231e-06 	
4.475	0.33735 	-0.172598 	0.530992 	8.69762e-07 	-1.37716 	-1.00237e-06 	
4.48	0.33735 	-0.172598 	0.530991 	8.69801e-07 	-1.37716 	-1.00241e-06 	
4.485	0.337351 	-0.172598 	0.53099 	8.69826e-07 	-1.37716 	-1.00244e-06 	
4.49	0.337351 	-0.172598 	0.53099 	8.69826e-07 	-1.37716 	-1.00244e-06 	
4.495	0.337351 	-0.172598 	0.530989 	8.69855e-07 	-1.37716 	-1.00247e-06 	
4.5	0.337351 	-0.172598 	0.530989 	8.69855e-07 	-1.37716 	-1.00247e-06 	
