0	0.310415 	-0.173756 	0.537002 	0.179976 	-1.45429 	-0.24795 	
0.005	0.310415 	-0.173756 	0.537002 	0.179976 	-1.45429 	-0.24795 	
0.01	0.310415 	-0.173756 	0.537002 	0.179976 	-1.45429 	-0.24795 	
0.015	0.310416 	-0.173756 	0.537002 	0.179976 	-1.45429 	-0.24795 	
0.02	0.310418 	-0.173756 	0.537002 	0.179976 	-1.45429 	-0.24795 	
0.025	0.31042 	-0.173756 	0.537003 	0.179976 	-1.45429 	-0.24795 	
0.03	0.310422 	-0.173756 	0.537003 	0.179976 	-1.45429 	-0.24795 	
0.035	0.310425 	-0.173756 	0.537004 	0.179976 	-1.45429 	-0.24795 	
0.04	0.310428 	-0.173756 	0.537004 	0.179976 	-1.45429 	-0.24795 	
0.045	0.310432 	-0.173756 	0.537005 	0.179976 	-1.45429 	-0.24795 	
0.05	0.310437 	-0.173756 	0.537006 	0.179976 	-1.45429 	-0.24795 	
0.055	0.310442 	-0.173756 	0.537007 	0.179976 	-1.45429 	-0.24795 	
0.06	0.310447 	-0.173756 	0.537008 	0.179976 	-1.45429 	-0.24795 	
0.065	0.310454 	-0.173756 	0.537009 	0.179976 	-1.45429 	-0.24795 	
0.07	0.31046 	-0.173757 	0.53701 	0.179976 	-1.45429 	-0.24795 	
0.075	0.310468 	-0.173757 	0.537011 	0.179976 	-1.45429 	-0.24795 	
0.08	0.310475 	-0.173757 	0.537013 	0.179976 	-1.45429 	-0.24795 	
0.085	0.310484 	-0.173757 	0.537014 	0.179976 	-1.45429 	-0.24795 	
0.09	0.310492 	-0.173757 	0.537016 	0.179976 	-1.45429 	-0.24795 	
0.095	0.310503 	-0.173757 	0.537018 	0.179976 	-1.45429 	-0.24795 	
0.1	0.310513 	-0.173758 	0.53702 	0.179976 	-1.45429 	-0.24795 	
0.105	0.310523 	-0.173758 	0.537022 	0.179976 	-1.45429 	-0.24795 	
0.11	0.310534 	-0.173758 	0.537024 	0.179976 	-1.45429 	-0.24795 	
0.115	0.310546 	-0.173758 	0.537026 	0.179976 	-1.45429 	-0.24795 	
0.12	0.310558 	-0.173758 	0.537028 	0.179976 	-1.45429 	-0.24795 	
0.125	0.310571 	-0.173759 	0.537031 	0.179976 	-1.45429 	-0.24795 	
0.13	0.310584 	-0.173759 	0.537033 	0.179976 	-1.45429 	-0.24795 	
0.135	0.310598 	-0.173759 	0.537036 	0.179976 	-1.45429 	-0.24795 	
0.14	0.310612 	-0.17376 	0.537038 	0.179976 	-1.45429 	-0.24795 	
0.145	0.310627 	-0.17376 	0.537041 	0.179976 	-1.45429 	-0.24795 	
0.15	0.310642 	-0.17376 	0.537044 	0.179976 	-1.45429 	-0.24795 	
0.155	0.310658 	-0.17376 	0.537047 	0.179976 	-1.45429 	-0.24795 	
0.16	0.310674 	-0.173761 	0.53705 	0.179976 	-1.45429 	-0.24795 	
0.165	0.310629 	-0.173746 	0.537034 	0.178353 	-1.45315 	-0.245712 	
0.17	0.310646 	-0.173746 	0.537037 	0.178353 	-1.45315 	-0.245712 	
0.175	0.310664 	-0.173746 	0.537041 	0.178353 	-1.45315 	-0.245712 	
0.18	0.310683 	-0.173747 	0.537044 	0.178353 	-1.45315 	-0.245712 	
0.185	0.310702 	-0.173747 	0.537047 	0.178353 	-1.45315 	-0.245712 	
0.19	0.310721 	-0.173747 	0.537051 	0.178353 	-1.45315 	-0.245712 	
0.195	0.310741 	-0.173748 	0.537055 	0.178353 	-1.45315 	-0.245712 	
0.2	0.310762 	-0.173748 	0.537059 	0.178353 	-1.45315 	-0.245712 	
0.205	0.310783 	-0.173749 	0.537063 	0.178353 	-1.45315 	-0.245712 	
0.21	0.310805 	-0.173749 	0.537067 	0.178353 	-1.45315 	-0.245712 	
0.215	0.310827 	-0.173749 	0.537071 	0.178353 	-1.45315 	-0.245712 	
0.22	0.31085 	-0.17375 	0.537075 	0.178353 	-1.45315 	-0.245712 	
0.225	0.310811 	-0.173735 	0.537061 	0.176752 	-1.45203 	-0.243507 	
0.23	0.310835 	-0.173736 	0.537065 	0.176752 	-1.45203 	-0.243507 	
0.235	0.310859 	-0.173736 	0.537069 	0.176752 	-1.45203 	-0.243507 	
0.24	0.310884 	-0.173737 	0.537074 	0.176752 	-1.45203 	-0.243507 	
0.245	0.310909 	-0.173737 	0.537079 	0.176752 	-1.45203 	-0.243507 	
0.25	0.310935 	-0.173738 	0.537083 	0.176752 	-1.45203 	-0.243507 	
0.255	0.310962 	-0.173738 	0.537088 	0.176752 	-1.45203 	-0.243507 	
0.26	0.310988 	-0.173739 	0.537093 	0.176752 	-1.45203 	-0.243507 	
0.265	0.311016 	-0.173739 	0.537098 	0.176752 	-1.45203 	-0.243507 	
0.27	0.311044 	-0.17374 	0.537104 	0.176752 	-1.45203 	-0.243507 	
0.275	0.311007 	-0.173724 	0.537089 	0.175057 	-1.45084 	-0.241171 	
0.28	0.311036 	-0.173725 	0.537094 	0.175057 	-1.45084 	-0.241171 	
0.285	0.311065 	-0.173725 	0.5371 	0.175057 	-1.45084 	-0.241171 	
0.29	0.311095 	-0.173726 	0.537105 	0.175057 	-1.45084 	-0.241171 	
0.295	0.311126 	-0.173726 	0.537111 	0.175057 	-1.45084 	-0.241171 	
0.3	0.311156 	-0.173727 	0.537117 	0.175057 	-1.45084 	-0.241171 	
0.305	0.311188 	-0.173728 	0.537123 	0.175057 	-1.45084 	-0.241171 	
0.31	0.31122 	-0.173728 	0.537128 	0.175057 	-1.45084 	-0.241171 	
0.315	0.31119 	-0.173714 	0.537116 	0.173442 	-1.44971 	-0.238947 	
0.32	0.311223 	-0.173715 	0.537122 	0.173442 	-1.44971 	-0.238947 	
0.325	0.311257 	-0.173715 	0.537128 	0.173442 	-1.44971 	-0.238947 	
0.33	0.31129 	-0.173716 	0.537134 	0.173442 	-1.44971 	-0.238947 	
0.335	0.311325 	-0.173716 	0.537141 	0.173442 	-1.44971 	-0.238947 	
0.34	0.31136 	-0.173717 	0.537147 	0.173442 	-1.44971 	-0.238947 	
0.345	0.311395 	-0.173717 	0.537154 	0.173442 	-1.44971 	-0.238947 	
0.35	0.31137 	-0.173704 	0.537142 	0.171861 	-1.4486 	-0.236769 	
0.355	0.311407 	-0.173704 	0.537149 	0.171861 	-1.4486 	-0.236769 	
0.36	0.311444 	-0.173705 	0.537155 	0.171861 	-1.4486 	-0.236769 	
0.365	0.311481 	-0.173706 	0.537162 	0.171861 	-1.4486 	-0.236769 	
0.37	0.311519 	-0.173706 	0.537169 	0.171861 	-1.4486 	-0.236769 	
0.375	0.311557 	-0.173707 	0.537176 	0.171861 	-1.4486 	-0.236769 	
0.38	0.311596 	-0.173707 	0.537184 	0.171861 	-1.4486 	-0.236769 	
0.385	0.311569 	-0.173693 	0.537171 	0.170142 	-1.44739 	-0.234401 	
0.39	0.311609 	-0.173693 	0.537178 	0.170142 	-1.44739 	-0.234401 	
0.395	0.311649 	-0.173694 	0.537186 	0.170142 	-1.44739 	-0.234401 	
0.4	0.31169 	-0.173694 	0.537193 	0.170142 	-1.44739 	-0.234401 	
0.405	0.311732 	-0.173695 	0.537201 	0.170142 	-1.44739 	-0.234401 	
0.41	0.311773 	-0.173696 	0.537208 	0.170142 	-1.44739 	-0.234401 	
0.415	0.311753 	-0.173682 	0.537198 	0.168522 	-1.44626 	-0.232168 	
0.42	0.311796 	-0.173683 	0.537205 	0.168522 	-1.44626 	-0.232168 	
0.425	0.311839 	-0.173683 	0.537213 	0.168522 	-1.44626 	-0.232168 	
0.43	0.311882 	-0.173684 	0.537221 	0.168522 	-1.44626 	-0.232168 	
0.435	0.311927 	-0.173685 	0.53723 	0.168522 	-1.44626 	-0.232168 	
0.44	0.311971 	-0.173685 	0.537238 	0.168522 	-1.44626 	-0.232168 	
0.445	0.31195 	-0.173671 	0.537226 	0.166812 	-1.44506 	-0.229812 	
0.45	0.311995 	-0.173672 	0.537235 	0.166812 	-1.44506 	-0.229812 	
0.455	0.312041 	-0.173672 	0.537243 	0.166812 	-1.44506 	-0.229812 	
0.46	0.312088 	-0.173673 	0.537252 	0.166812 	-1.44506 	-0.229812 	
0.465	0.312135 	-0.173673 	0.53726 	0.166812 	-1.44506 	-0.229812 	
0.47	0.312182 	-0.173674 	0.537269 	0.166812 	-1.44506 	-0.229812 	
0.475	0.31216 	-0.17366 	0.537257 	0.164995 	-1.44378 	-0.22731 	
0.48	0.312208 	-0.17366 	0.537266 	0.164995 	-1.44378 	-0.22731 	
0.485	0.312257 	-0.173661 	0.537275 	0.164995 	-1.44378 	-0.22731 	
0.49	0.312306 	-0.173661 	0.537284 	0.164995 	-1.44378 	-0.22731 	
0.495	0.312355 	-0.173662 	0.537293 	0.164995 	-1.44378 	-0.22731 	
0.5	0.312342 	-0.173649 	0.537283 	0.163369 	-1.44264 	-0.225069 	
0.505	0.312393 	-0.17365 	0.537293 	0.163369 	-1.44264 	-0.225069 	
0.51	0.312444 	-0.17365 	0.537302 	0.163369 	-1.44264 	-0.225069 	
0.515	0.312495 	-0.173651 	0.537311 	0.163369 	-1.44264 	-0.225069 	
0.52	0.312547 	-0.173651 	0.537321 	0.163369 	-1.44264 	-0.225069 	
0.525	0.312534 	-0.173638 	0.537311 	0.161697 	-1.44147 	-0.222766 	
0.53	0.312587 	-0.173639 	0.537321 	0.161697 	-1.44147 	-0.222766 	
0.535	0.31264 	-0.173639 	0.537331 	0.161697 	-1.44147 	-0.222766 	
0.54	0.312694 	-0.17364 	0.537341 	0.161697 	-1.44147 	-0.222766 	
0.545	0.312748 	-0.17364 	0.53735 	0.161697 	-1.44147 	-0.222766 	
0.55	0.312734 	-0.173627 	0.537341 	0.159957 	-1.44025 	-0.220369 	
0.555	0.312789 	-0.173628 	0.537351 	0.159957 	-1.44025 	-0.220369 	
0.56	0.312844 	-0.173628 	0.537361 	0.159957 	-1.44025 	-0.220369 	
0.565	0.3129 	-0.173628 	0.537371 	0.159957 	-1.44025 	-0.220369 	
0.57	0.312956 	-0.173629 	0.537381 	0.159957 	-1.44025 	-0.220369 	
0.575	0.312942 	-0.173616 	0.537371 	0.158149 	-1.43898 	-0.217879 	
0.58	0.312999 	-0.173616 	0.537381 	0.158149 	-1.43898 	-0.217879 	
0.585	0.313057 	-0.173616 	0.537392 	0.158149 	-1.43898 	-0.217879 	
0.59	0.313114 	-0.173617 	0.537402 	0.158149 	-1.43898 	-0.217879 	
0.595	0.313172 	-0.173617 	0.537413 	0.158149 	-1.43898 	-0.217879 	
0.6	0.313158 	-0.173604 	0.537402 	0.156275 	-1.43767 	-0.215295 	
0.605	0.313217 	-0.173604 	0.537413 	0.156275 	-1.43767 	-0.215295 	
0.61	0.313276 	-0.173604 	0.537424 	0.156275 	-1.43767 	-0.215295 	
0.615	0.313336 	-0.173604 	0.537435 	0.156275 	-1.43767 	-0.215295 	
0.62	0.313334 	-0.173593 	0.537428 	0.154689 	-1.43656 	-0.213111 	
0.625	0.313395 	-0.173594 	0.537439 	0.154689 	-1.43656 	-0.213111 	
0.63	0.313456 	-0.173594 	0.53745 	0.154689 	-1.43656 	-0.213111 	
0.635	0.313517 	-0.173594 	0.537461 	0.154689 	-1.43656 	-0.213111 	
0.64	0.313517 	-0.173583 	0.537454 	0.153096 	-1.43544 	-0.210917 	
0.645	0.313579 	-0.173583 	0.537466 	0.153096 	-1.43544 	-0.210917 	
0.65	0.313641 	-0.173583 	0.537477 	0.153096 	-1.43544 	-0.210917 	
0.655	0.313704 	-0.173583 	0.537488 	0.153096 	-1.43544 	-0.210917 	
0.66	0.313703 	-0.173573 	0.537482 	0.151467 	-1.4343 	-0.208673 	
0.665	0.313767 	-0.173573 	0.537493 	0.151467 	-1.4343 	-0.208673 	
0.67	0.313831 	-0.173573 	0.537505 	0.151467 	-1.4343 	-0.208673 	
0.675	0.313895 	-0.173573 	0.537516 	0.151467 	-1.4343 	-0.208673 	
0.68	0.313895 	-0.173562 	0.53751 	0.1498 	-1.43313 	-0.206376 	
0.685	0.31396 	-0.173562 	0.537521 	0.1498 	-1.43313 	-0.206376 	
0.69	0.314025 	-0.173562 	0.537533 	0.1498 	-1.43313 	-0.206376 	
0.695	0.314091 	-0.173562 	0.537545 	0.1498 	-1.43313 	-0.206376 	
0.7	0.31409 	-0.173551 	0.537538 	0.148095 	-1.43193 	-0.204027 	
0.705	0.314157 	-0.173551 	0.53755 	0.148095 	-1.43193 	-0.204027 	
0.71	0.314224 	-0.173551 	0.537562 	0.148095 	-1.43193 	-0.204027 	
0.715	0.314291 	-0.173551 	0.537574 	0.148095 	-1.43193 	-0.204027 	
0.72	0.31429 	-0.17354 	0.537567 	0.146354 	-1.43071 	-0.201628 	
0.725	0.314358 	-0.173539 	0.537579 	0.146354 	-1.43071 	-0.201628 	
0.73	0.314426 	-0.173539 	0.537592 	0.146354 	-1.43071 	-0.201628 	
0.735	0.314495 	-0.173539 	0.537604 	0.146354 	-1.43071 	-0.201628 	
0.74	0.314494 	-0.173528 	0.537597 	0.144577 	-1.42947 	-0.19918 	
0.745	0.314563 	-0.173528 	0.537609 	0.144577 	-1.42947 	-0.19918 	
0.75	0.314633 	-0.173528 	0.537622 	0.144577 	-1.42947 	-0.19918 	
0.755	0.314703 	-0.173527 	0.537634 	0.144577 	-1.42947 	-0.19918 	
0.76	0.314702 	-0.173517 	0.537627 	0.142765 	-1.4282 	-0.196684 	
0.765	0.314772 	-0.173516 	0.53764 	0.142765 	-1.4282 	-0.196684 	
0.77	0.314843 	-0.173516 	0.537653 	0.142765 	-1.4282 	-0.196684 	
0.775	0.314914 	-0.173516 	0.537665 	0.142766 	-1.4282 	-0.196684 	
0.78	0.314913 	-0.173505 	0.537658 	0.140921 	-1.4269 	-0.194143 	
0.785	0.314985 	-0.173504 	0.537671 	0.140921 	-1.4269 	-0.194143 	
0.79	0.315057 	-0.173504 	0.537684 	0.140921 	-1.4269 	-0.194143 	
0.795	0.31513 	-0.173503 	0.537697 	0.140921 	-1.4269 	-0.194143 	
0.8	0.315129 	-0.173493 	0.537689 	0.139045 	-1.42559 	-0.191558 	
0.805	0.315201 	-0.173492 	0.537702 	0.139045 	-1.42559 	-0.191558 	
0.81	0.315275 	-0.173491 	0.537715 	0.139045 	-1.42559 	-0.191558 	
0.815	0.315348 	-0.173491 	0.537729 	0.139045 	-1.42559 	-0.191558 	
0.82	0.315347 	-0.17348 	0.537721 	0.137137 	-1.42425 	-0.188931 	
0.825	0.315421 	-0.17348 	0.537734 	0.137137 	-1.42425 	-0.188931 	
0.83	0.315496 	-0.173479 	0.537748 	0.137137 	-1.42425 	-0.188931 	
0.835	0.31557 	-0.173478 	0.537761 	0.137137 	-1.42425 	-0.188931 	
0.84	0.315569 	-0.173468 	0.537754 	0.1352 	-1.42289 	-0.186262 	
0.845	0.315645 	-0.173467 	0.537767 	0.1352 	-1.42289 	-0.186262 	
0.85	0.31572 	-0.173466 	0.53778 	0.1352 	-1.42289 	-0.186262 	
0.855	0.315796 	-0.173466 	0.537794 	0.1352 	-1.42289 	-0.186262 	
0.86	0.315795 	-0.173455 	0.537786 	0.133235 	-1.42151 	-0.183554 	
0.865	0.315871 	-0.173454 	0.5378 	0.133235 	-1.42151 	-0.183554 	
0.87	0.315947 	-0.173453 	0.537814 	0.133235 	-1.42151 	-0.183554 	
0.875	0.316024 	-0.173453 	0.537827 	0.133235 	-1.42151 	-0.183554 	
0.88	0.316023 	-0.173442 	0.53782 	0.131242 	-1.42012 	-0.180809 	
0.885	0.3161 	-0.173441 	0.537833 	0.131242 	-1.42012 	-0.180809 	
0.89	0.316178 	-0.17344 	0.537847 	0.131242 	-1.42012 	-0.180809 	
0.895	0.316194 	-0.173432 	0.537844 	0.12968 	-1.41902 	-0.178656 	
0.9	0.316272 	-0.173431 	0.537858 	0.12968 	-1.41902 	-0.178656 	
0.905	0.316351 	-0.17343 	0.537872 	0.12968 	-1.41902 	-0.178656 	
0.91	0.316429 	-0.173429 	0.537886 	0.12968 	-1.41902 	-0.178656 	
0.915	0.316429 	-0.173419 	0.537879 	0.127688 	-1.41763 	-0.175913 	
0.92	0.316508 	-0.173418 	0.537893 	0.127688 	-1.41763 	-0.175913 	
0.925	0.316588 	-0.173417 	0.537907 	0.127688 	-1.41763 	-0.175913 	
0.93	0.316604 	-0.173409 	0.537904 	0.126097 	-1.41651 	-0.173721 	
0.935	0.316684 	-0.173408 	0.537918 	0.126097 	-1.41651 	-0.173721 	
0.94	0.316764 	-0.173407 	0.537932 	0.126097 	-1.41651 	-0.173721 	
0.945	0.316782 	-0.173399 	0.53793 	0.124535 	-1.41542 	-0.171569 	
0.95	0.316863 	-0.173398 	0.537944 	0.124535 	-1.41542 	-0.171569 	
0.955	0.316943 	-0.173396 	0.537958 	0.124535 	-1.41542 	-0.171569 	
0.96	0.316962 	-0.173389 	0.537956 	0.122966 	-1.41431 	-0.169407 	
0.965	0.317043 	-0.173388 	0.53797 	0.122966 	-1.41431 	-0.169407 	
0.97	0.317124 	-0.173386 	0.537985 	0.122966 	-1.41431 	-0.169407 	
0.975	0.317143 	-0.173379 	0.537983 	0.121385 	-1.41321 	-0.167229 	
0.98	0.317225 	-0.173377 	0.537997 	0.121385 	-1.41321 	-0.167229 	
0.985	0.317306 	-0.173376 	0.538011 	0.121385 	-1.41321 	-0.167229 	
0.99	0.317325 	-0.173369 	0.538009 	0.119793 	-1.41209 	-0.165036 	
0.995	0.317408 	-0.173367 	0.538023 	0.119793 	-1.41209 	-0.165036 	
1	0.31749 	-0.173365 	0.538038 	0.119793 	-1.41209 	-0.165036 	
1.005	0.317509 	-0.173358 	0.538036 	0.118191 	-1.41097 	-0.162828 	
1.01	0.317592 	-0.173357 	0.53805 	0.118191 	-1.41097 	-0.162828 	
1.015	0.317674 	-0.173355 	0.538065 	0.118191 	-1.41097 	-0.162828 	
1.02	0.317693 	-0.173348 	0.538063 	0.116578 	-1.40984 	-0.160607 	
1.025	0.317777 	-0.173346 	0.538077 	0.116578 	-1.40984 	-0.160607 	
1.03	0.31786 	-0.173344 	0.538092 	0.116578 	-1.40984 	-0.160607 	
1.035	0.317879 	-0.173337 	0.53809 	0.114956 	-1.4087 	-0.158373 	
1.04	0.317963 	-0.173336 	0.538104 	0.114956 	-1.4087 	-0.158373 	
1.045	0.318046 	-0.173334 	0.538119 	0.114956 	-1.4087 	-0.158373 	
1.05	0.318066 	-0.173327 	0.538117 	0.113326 	-1.40756 	-0.156126 	
1.055	0.31815 	-0.173325 	0.538132 	0.113326 	-1.40756 	-0.156126 	
1.06	0.318234 	-0.173323 	0.538146 	0.113326 	-1.40756 	-0.156126 	
1.065	0.318253 	-0.173316 	0.538144 	0.111687 	-1.40641 	-0.153868 	
1.07	0.318338 	-0.173314 	0.538159 	0.111687 	-1.40641 	-0.153868 	
1.075	0.318422 	-0.173312 	0.538174 	0.111687 	-1.40641 	-0.153868 	
1.08	0.318442 	-0.173306 	0.538172 	0.11004 	-1.40525 	-0.1516 	
1.085	0.318527 	-0.173304 	0.538186 	0.11004 	-1.40525 	-0.1516 	
1.09	0.318612 	-0.173301 	0.538201 	0.11004 	-1.40525 	-0.1516 	
1.095	0.318631 	-0.173295 	0.538199 	0.108387 	-1.40409 	-0.149322 	
1.1	0.318716 	-0.173293 	0.538214 	0.108387 	-1.40409 	-0.149322 	
1.105	0.318802 	-0.17329 	0.538229 	0.108387 	-1.40409 	-0.149322 	
1.11	0.318821 	-0.173284 	0.538227 	0.106726 	-1.40293 	-0.147034 	
1.115	0.318907 	-0.173282 	0.538242 	0.106726 	-1.40293 	-0.147034 	
1.12	0.318992 	-0.173279 	0.538257 	0.106726 	-1.40293 	-0.147034 	
1.125	0.319012 	-0.173274 	0.538255 	0.10506 	-1.40176 	-0.144739 	
1.13	0.319098 	-0.173271 	0.53827 	0.10506 	-1.40176 	-0.144739 	
1.135	0.319183 	-0.173269 	0.538284 	0.10506 	-1.40176 	-0.144739 	
1.14	0.319203 	-0.173263 	0.538283 	0.103389 	-1.40059 	-0.142436 	
1.145	0.319289 	-0.17326 	0.538297 	0.103389 	-1.40059 	-0.142436 	
1.15	0.319375 	-0.173258 	0.538312 	0.103389 	-1.40059 	-0.142436 	
1.155	0.319395 	-0.173252 	0.53831 	0.101713 	-1.39941 	-0.140127 	
1.16	0.319481 	-0.173249 	0.538325 	0.101713 	-1.39941 	-0.140127 	
1.165	0.319567 	-0.173247 	0.53834 	0.101713 	-1.39941 	-0.140127 	
1.17	0.319587 	-0.173241 	0.538338 	0.100032 	-1.39823 	-0.137812 	
1.175	0.319674 	-0.173238 	0.538353 	0.100032 	-1.39823 	-0.137812 	
1.18	0.31976 	-0.173236 	0.538368 	0.100032 	-1.39823 	-0.137812 	
1.185	0.31978 	-0.17323 	0.538366 	0.0983484 	-1.39705 	-0.135492 	
1.19	0.319866 	-0.173227 	0.538381 	0.0983484 	-1.39705 	-0.135492 	
1.195	0.319953 	-0.173224 	0.538396 	0.0983485 	-1.39705 	-0.135492 	
1.2	0.319973 	-0.17322 	0.538395 	0.0966616 	-1.39587 	-0.133168 	
1.205	0.320059 	-0.173217 	0.538409 	0.0966616 	-1.39587 	-0.133168 	
1.21	0.320146 	-0.173213 	0.538424 	0.0966616 	-1.39587 	-0.133168 	
1.215	0.320166 	-0.173209 	0.538423 	0.0949724 	-1.39469 	-0.130841 	
1.22	0.320253 	-0.173206 	0.538438 	0.0949724 	-1.39469 	-0.130841 	
1.225	0.32034 	-0.173202 	0.538453 	0.0949724 	-1.39469 	-0.130841 	
1.23	0.320359 	-0.173198 	0.538451 	0.0932814 	-1.3935 	-0.128511 	
1.235	0.320446 	-0.173195 	0.538466 	0.0932814 	-1.3935 	-0.128511 	
1.24	0.320533 	-0.173191 	0.538481 	0.0932814 	-1.3935 	-0.128511 	
1.245	0.320553 	-0.173187 	0.538479 	0.0915892 	-1.39232 	-0.12618 	
1.25	0.32064 	-0.173184 	0.538494 	0.0915892 	-1.39232 	-0.12618 	
1.255	0.320727 	-0.17318 	0.538509 	0.0915892 	-1.39232 	-0.12618 	
1.26	0.320747 	-0.173176 	0.538507 	0.0898965 	-1.39113 	-0.123848 	
1.265	0.320834 	-0.173173 	0.538522 	0.0898965 	-1.39113 	-0.123848 	
1.27	0.320921 	-0.173169 	0.538537 	0.0898965 	-1.39113 	-0.123848 	
1.275	0.32094 	-0.173165 	0.538535 	0.0882038 	-1.38994 	-0.121516 	
1.28	0.321027 	-0.173162 	0.53855 	0.0882038 	-1.38994 	-0.121516 	
1.285	0.321114 	-0.173158 	0.538565 	0.0882038 	-1.38994 	-0.121516 	
1.29	0.321134 	-0.173154 	0.538564 	0.0865117 	-1.38875 	-0.119185 	
1.295	0.321221 	-0.173151 	0.538578 	0.0865117 	-1.38875 	-0.119185 	
1.3	0.321308 	-0.173147 	0.538593 	0.0865118 	-1.38875 	-0.119185 	
1.305	0.321327 	-0.173143 	0.538592 	0.0848209 	-1.38757 	-0.116856 	
1.31	0.321414 	-0.17314 	0.538607 	0.0848209 	-1.38757 	-0.116856 	
1.315	0.321501 	-0.173136 	0.538621 	0.0848209 	-1.38757 	-0.116856 	
1.32	0.32152 	-0.173132 	0.53862 	0.0831319 	-1.38639 	-0.114529 	
1.325	0.321607 	-0.173129 	0.538635 	0.0831319 	-1.38639 	-0.114529 	
1.33	0.321694 	-0.173125 	0.538649 	0.0831319 	-1.38639 	-0.114529 	
1.335	0.321713 	-0.173122 	0.538648 	0.0814453 	-1.3852 	-0.112205 	
1.34	0.3218 	-0.173118 	0.538663 	0.0814453 	-1.3852 	-0.112205 	
1.345	0.321886 	-0.173114 	0.538677 	0.0814453 	-1.3852 	-0.112205 	
1.35	0.321906 	-0.173111 	0.538676 	0.0797618 	-1.38402 	-0.109886 	
1.355	0.321992 	-0.173107 	0.538691 	0.0797618 	-1.38402 	-0.109886 	
1.36	0.322078 	-0.173103 	0.538705 	0.0797618 	-1.38402 	-0.109886 	
1.365	0.322098 	-0.1731 	0.538704 	0.0780818 	-1.38284 	-0.107571 	
1.37	0.322184 	-0.173096 	0.538719 	0.0780818 	-1.38284 	-0.107571 	
1.375	0.32227 	-0.173092 	0.538733 	0.0780818 	-1.38284 	-0.107571 	
1.38	0.322289 	-0.173089 	0.538732 	0.0764061 	-1.38167 	-0.105263 	
1.385	0.322375 	-0.173085 	0.538746 	0.0764061 	-1.38167 	-0.105263 	
1.39	0.322461 	-0.173081 	0.538761 	0.0764061 	-1.38167 	-0.105263 	
1.395	0.32248 	-0.173078 	0.53876 	0.0747352 	-1.3805 	-0.102961 	
1.4	0.322566 	-0.173074 	0.538774 	0.0747352 	-1.3805 	-0.102961 	
1.405	0.322652 	-0.17307 	0.538788 	0.0747352 	-1.3805 	-0.102961 	
1.41	0.322671 	-0.173068 	0.538787 	0.0730697 	-1.37933 	-0.100666 	
1.415	0.322756 	-0.173063 	0.538802 	0.0730697 	-1.37933 	-0.100666 	
1.42	0.322841 	-0.173059 	0.538816 	0.0730697 	-1.37933 	-0.100666 	
1.425	0.32286 	-0.173057 	0.538815 	0.0714101 	-1.37817 	-0.0983799 	
1.43	0.322945 	-0.173053 	0.538829 	0.0714101 	-1.37817 	-0.0983799 	
1.435	0.32303 	-0.173048 	0.538844 	0.0714101 	-1.37817 	-0.0983799 	
1.44	0.323049 	-0.173046 	0.538843 	0.0697572 	-1.37701 	-0.0961027 	
1.445	0.323134 	-0.173042 	0.538857 	0.0697572 	-1.37701 	-0.0961027 	
1.45	0.323219 	-0.173037 	0.538871 	0.0697572 	-1.37701 	-0.0961027 	
1.455	0.323237 	-0.173036 	0.53887 	0.0681114 	-1.37585 	-0.0938353 	
1.46	0.323322 	-0.173031 	0.538884 	0.0681114 	-1.37585 	-0.0938353 	
1.465	0.323406 	-0.173026 	0.538898 	0.0681114 	-1.37585 	-0.0938353 	
1.47	0.323425 	-0.173025 	0.538897 	0.0664733 	-1.37471 	-0.0915786 	
1.475	0.323509 	-0.173021 	0.538911 	0.0664733 	-1.37471 	-0.0915786 	
1.48	0.323592 	-0.173016 	0.538925 	0.0664733 	-1.37471 	-0.0915786 	
1.485	0.323611 	-0.173015 	0.538924 	0.0648436 	-1.37356 	-0.0893333 	
1.49	0.323694 	-0.17301 	0.538938 	0.0648436 	-1.37356 	-0.0893333 	
1.495	0.323778 	-0.173005 	0.538952 	0.0648436 	-1.37356 	-0.0893333 	
1.5	0.323796 	-0.173004 	0.538951 	0.0632227 	-1.37243 	-0.0871003 	
1.505	0.323879 	-0.172999 	0.538965 	0.0632227 	-1.37243 	-0.0871003 	
1.51	0.323962 	-0.172995 	0.538979 	0.0632227 	-1.37243 	-0.0871003 	
1.515	0.32398 	-0.172994 	0.538978 	0.0616113 	-1.3713 	-0.0848803 	
1.52	0.324063 	-0.172989 	0.538992 	0.0616113 	-1.3713 	-0.0848803 	
1.525	0.324145 	-0.172984 	0.539005 	0.0616113 	-1.3713 	-0.0848803 	
1.53	0.324163 	-0.172984 	0.539005 	0.06001 	-1.37017 	-0.0826742 	
1.535	0.324245 	-0.172979 	0.539018 	0.06001 	-1.37017 	-0.0826742 	
1.54	0.324327 	-0.172974 	0.539032 	0.06001 	-1.37017 	-0.0826742 	
1.545	0.324345 	-0.172973 	0.539031 	0.0584193 	-1.36906 	-0.0804827 	
1.55	0.324426 	-0.172968 	0.539045 	0.0584193 	-1.36906 	-0.0804827 	
1.555	0.324508 	-0.172963 	0.539058 	0.0584193 	-1.36906 	-0.0804827 	
1.56	0.324526 	-0.172963 	0.539057 	0.0568397 	-1.36795 	-0.0783066 	
1.565	0.324606 	-0.172958 	0.539071 	0.0568397 	-1.36795 	-0.0783066 	
1.57	0.324687 	-0.172953 	0.539084 	0.0568397 	-1.36795 	-0.0783066 	
1.575	0.324705 	-0.172953 	0.539084 	0.0552719 	-1.36685 	-0.0761467 	
1.58	0.324785 	-0.172948 	0.539097 	0.0552719 	-1.36685 	-0.0761467 	
1.585	0.324865 	-0.172943 	0.53911 	0.0552719 	-1.36685 	-0.0761467 	
1.59	0.324882 	-0.172943 	0.539109 	0.0537164 	-1.36576 	-0.0740036 	
1.595	0.324962 	-0.172938 	0.539123 	0.0537164 	-1.36576 	-0.0740036 	
1.6	0.325041 	-0.172933 	0.539136 	0.0537164 	-1.36576 	-0.0740036 	
1.605	0.325059 	-0.172933 	0.539135 	0.0521736 	-1.36468 	-0.0718783 	
1.61	0.325137 	-0.172928 	0.539148 	0.0521736 	-1.36468 	-0.0718783 	
1.615	0.325216 	-0.172923 	0.539161 	0.0521737 	-1.36468 	-0.0718783 	
1.62	0.325233 	-0.172923 	0.539161 	0.0506443 	-1.36361 	-0.0697714 	
1.625	0.325311 	-0.172918 	0.539173 	0.0506443 	-1.36361 	-0.0697714 	
1.63	0.325389 	-0.172913 	0.539186 	0.0506443 	-1.36361 	-0.0697714 	
1.635	0.325467 	-0.172908 	0.539199 	0.0506443 	-1.36361 	-0.0697714 	
1.64	0.325466 	-0.17291 	0.539195 	0.0486789 	-1.36223 	-0.0670635 	
1.645	0.325543 	-0.172905 	0.539207 	0.0486789 	-1.36223 	-0.0670635 	
1.65	0.32562 	-0.1729 	0.53922 	0.0486789 	-1.36223 	-0.0670635 	
1.655	0.325635 	-0.172901 	0.539219 	0.0471363 	-1.36115 	-0.0649384 	
1.66	0.325711 	-0.172896 	0.539231 	0.0471363 	-1.36115 	-0.0649384 	
1.665	0.325787 	-0.17289 	0.539244 	0.0471363 	-1.36115 	-0.0649384 	
1.67	0.325863 	-0.172885 	0.539256 	0.0471363 	-1.36115 	-0.0649384 	
1.675	0.325862 	-0.172888 	0.539252 	0.0452112 	-1.3598 	-0.0622862 	
1.68	0.325937 	-0.172883 	0.539264 	0.0452112 	-1.3598 	-0.0622862 	
1.685	0.326012 	-0.172877 	0.539277 	0.0452112 	-1.3598 	-0.0622862 	
1.69	0.326086 	-0.172872 	0.539289 	0.0452112 	-1.3598 	-0.0622862 	
1.695	0.326084 	-0.172875 	0.539284 	0.0432725 	-1.35844 	-0.0596152 	
1.7	0.326158 	-0.17287 	0.539297 	0.0432725 	-1.35844 	-0.0596152 	
1.705	0.326231 	-0.172865 	0.539309 	0.0432725 	-1.35844 	-0.0596152 	
1.71	0.326305 	-0.172859 	0.53932 	0.0432725 	-1.35844 	-0.0596152 	
1.715	0.326302 	-0.172863 	0.539316 	0.0413587 	-1.3571 	-0.0569787 	
1.72	0.326375 	-0.172858 	0.539328 	0.0413587 	-1.3571 	-0.0569787 	
1.725	0.326448 	-0.172852 	0.53934 	0.0413587 	-1.3571 	-0.0569787 	
1.73	0.32652 	-0.172847 	0.539352 	0.0413587 	-1.3571 	-0.0569787 	
1.735	0.326517 	-0.172851 	0.539348 	0.0394752 	-1.35578 	-0.0543838 	
1.74	0.326589 	-0.172846 	0.539359 	0.0394752 	-1.35578 	-0.0543838 	
1.745	0.32666 	-0.17284 	0.539371 	0.0394752 	-1.35578 	-0.0543838 	
1.75	0.326731 	-0.172835 	0.539382 	0.0394752 	-1.35578 	-0.0543838 	
1.755	0.326728 	-0.172839 	0.539378 	0.0376233 	-1.35448 	-0.0518325 	
1.76	0.326799 	-0.172834 	0.53939 	0.0376233 	-1.35448 	-0.0518325 	
1.765	0.326869 	-0.172828 	0.539401 	0.0376233 	-1.35448 	-0.0518325 	
1.77	0.326939 	-0.172823 	0.539412 	0.0376233 	-1.35448 	-0.0518325 	
1.775	0.326936 	-0.172827 	0.539409 	0.0358044 	-1.3532 	-0.0493267 	
1.78	0.327005 	-0.172822 	0.53942 	0.0358044 	-1.3532 	-0.0493267 	
1.785	0.327074 	-0.172817 	0.539431 	0.0358044 	-1.3532 	-0.0493267 	
1.79	0.327142 	-0.172811 	0.539442 	0.0358044 	-1.3532 	-0.0493267 	
1.795	0.327139 	-0.172816 	0.539438 	0.0340196 	-1.35195 	-0.0468678 	
1.8	0.327207 	-0.172811 	0.539449 	0.0340196 	-1.35195 	-0.0468678 	
1.805	0.327274 	-0.172805 	0.53946 	0.0340196 	-1.35195 	-0.0468678 	
1.81	0.327342 	-0.1728 	0.539471 	0.0340196 	-1.35195 	-0.0468678 	
1.815	0.327339 	-0.172805 	0.539467 	0.03227 	-1.35072 	-0.0444574 	
1.82	0.327405 	-0.1728 	0.539478 	0.03227 	-1.35072 	-0.0444574 	
1.825	0.327471 	-0.172794 	0.539488 	0.03227 	-1.35072 	-0.0444574 	
1.83	0.327537 	-0.172789 	0.539499 	0.03227 	-1.35072 	-0.0444574 	
1.835	0.327534 	-0.172794 	0.539496 	0.0305567 	-1.34952 	-0.0420971 	
1.84	0.327599 	-0.172789 	0.539506 	0.0305567 	-1.34952 	-0.0420971 	
1.845	0.327664 	-0.172783 	0.539516 	0.0305567 	-1.34952 	-0.0420971 	
1.85	0.327728 	-0.172778 	0.539527 	0.0305567 	-1.34952 	-0.0420971 	
1.855	0.327725 	-0.172783 	0.539523 	0.0288808 	-1.34835 	-0.0397882 	
1.86	0.327789 	-0.172778 	0.539534 	0.0288808 	-1.34835 	-0.0397882 	
1.865	0.327852 	-0.172773 	0.539544 	0.0288808 	-1.34835 	-0.0397882 	
1.87	0.327914 	-0.172767 	0.539554 	0.0288808 	-1.34835 	-0.0397882 	
1.875	0.327912 	-0.172773 	0.539551 	0.0272434 	-1.3472 	-0.0375324 	
1.88	0.327974 	-0.172767 	0.53956 	0.0272434 	-1.3472 	-0.0375324 	
1.885	0.328035 	-0.172762 	0.53957 	0.0272434 	-1.3472 	-0.0375324 	
1.89	0.328096 	-0.172757 	0.53958 	0.0272434 	-1.3472 	-0.0375324 	
1.895	0.328094 	-0.172762 	0.539577 	0.0256454 	-1.34608 	-0.0353309 	
1.9	0.328154 	-0.172757 	0.539587 	0.0256454 	-1.34608 	-0.0353309 	
1.905	0.328214 	-0.172752 	0.539596 	0.0256454 	-1.34608 	-0.0353309 	
1.91	0.328274 	-0.172747 	0.539606 	0.0256454 	-1.34608 	-0.0353309 	
1.915	0.328271 	-0.172752 	0.539603 	0.0240879 	-1.34499 	-0.0331851 	
1.92	0.32833 	-0.172747 	0.539612 	0.0240879 	-1.34499 	-0.0331851 	
1.925	0.328388 	-0.172742 	0.539622 	0.0240879 	-1.34499 	-0.0331851 	
1.93	0.328446 	-0.172737 	0.539631 	0.0240879 	-1.34499 	-0.0331851 	
1.935	0.328504 	-0.172732 	0.53964 	0.0240879 	-1.34499 	-0.0331851 	
1.94	0.328488 	-0.17274 	0.539635 	0.0222386 	-1.34369 	-0.0306374 	
1.945	0.328545 	-0.172735 	0.539644 	0.0222386 	-1.34369 	-0.0306374 	
1.95	0.328601 	-0.17273 	0.539653 	0.0222386 	-1.34369 	-0.0306374 	
1.955	0.328657 	-0.172725 	0.539661 	0.0222386 	-1.34369 	-0.0306374 	
1.96	0.328712 	-0.17272 	0.53967 	0.0222386 	-1.34369 	-0.0306374 	
1.965	0.328695 	-0.172728 	0.539665 	0.0204194 	-1.34241 	-0.0281311 	
1.97	0.32875 	-0.172724 	0.539673 	0.0204194 	-1.34241 	-0.0281311 	
1.975	0.328804 	-0.172719 	0.539682 	0.0204194 	-1.34241 	-0.0281311 	
1.98	0.328858 	-0.172714 	0.539691 	0.0204194 	-1.34241 	-0.0281311 	
1.985	0.328912 	-0.172709 	0.539699 	0.0204194 	-1.34241 	-0.0281311 	
1.99	0.328895 	-0.172717 	0.539694 	0.0186649 	-1.34118 	-0.0257139 	
1.995	0.328948 	-0.172712 	0.539702 	0.0186649 	-1.34118 	-0.0257139 	
2	0.329 	-0.172708 	0.53971 	0.0186649 	-1.34118 	-0.0257139 	
2.005	0.329051 	-0.172703 	0.539719 	0.0186649 	-1.34118 	-0.0257139 	
2.01	0.329102 	-0.172699 	0.539727 	0.0186649 	-1.34118 	-0.0257139 	
2.015	0.329087 	-0.172706 	0.539722 	0.01698 	-1.34 	-0.0233928 	
2.02	0.329137 	-0.172702 	0.53973 	0.01698 	-1.34 	-0.0233928 	
2.025	0.329187 	-0.172697 	0.539737 	0.01698 	-1.34 	-0.0233928 	
2.03	0.329236 	-0.172693 	0.539745 	0.01698 	-1.34 	-0.0233928 	
2.035	0.329285 	-0.172688 	0.539753 	0.01698 	-1.34 	-0.0233928 	
2.04	0.32927 	-0.172696 	0.539748 	0.0153669 	-1.33887 	-0.0211705 	
2.045	0.329318 	-0.172692 	0.539756 	0.0153669 	-1.33887 	-0.0211705 	
2.05	0.329365 	-0.172687 	0.539763 	0.0153669 	-1.33887 	-0.0211705 	
2.055	0.329413 	-0.172683 	0.539771 	0.0153669 	-1.33887 	-0.0211705 	
2.06	0.329459 	-0.172679 	0.539778 	0.0153669 	-1.33887 	-0.0211705 	
2.065	0.329445 	-0.172686 	0.539774 	0.0138272 	-1.33779 	-0.0190492 	
2.07	0.32949 	-0.172682 	0.539781 	0.0138272 	-1.33779 	-0.0190492 	
2.075	0.329536 	-0.172678 	0.539788 	0.0138272 	-1.33779 	-0.0190492 	
2.08	0.329581 	-0.172674 	0.539795 	0.0138272 	-1.33779 	-0.0190492 	
2.085	0.329625 	-0.17267 	0.539802 	0.0138272 	-1.33779 	-0.0190492 	
2.09	0.329669 	-0.172665 	0.539809 	0.0138272 	-1.33779 	-0.0190492 	
2.095	0.329644 	-0.172675 	0.539803 	0.012109 	-1.33659 	-0.0166821 	
2.1	0.329687 	-0.172671 	0.53981 	0.012109 	-1.33659 	-0.0166821 	
2.105	0.32973 	-0.172667 	0.539816 	0.012109 	-1.33659 	-0.0166821 	
2.11	0.329772 	-0.172663 	0.539823 	0.012109 	-1.33659 	-0.0166821 	
2.115	0.329813 	-0.172659 	0.539829 	0.012109 	-1.33659 	-0.0166821 	
2.12	0.329854 	-0.172655 	0.539836 	0.012109 	-1.33659 	-0.0166821 	
2.125	0.32983 	-0.172665 	0.53983 	0.0104718 	-1.33544 	-0.0144266 	
2.13	0.32987 	-0.172661 	0.539836 	0.0104718 	-1.33544 	-0.0144266 	
2.135	0.32991 	-0.172657 	0.539842 	0.0104718 	-1.33544 	-0.0144266 	
2.14	0.329949 	-0.172653 	0.539849 	0.0104718 	-1.33544 	-0.0144266 	
2.145	0.329988 	-0.17265 	0.539855 	0.0104718 	-1.33544 	-0.0144266 	
2.15	0.330026 	-0.172646 	0.539861 	0.0104718 	-1.33544 	-0.0144266 	
2.155	0.330003 	-0.172655 	0.539855 	0.00894412 	-1.33437 	-0.012322 	
2.16	0.33004 	-0.172651 	0.539861 	0.00894412 	-1.33437 	-0.012322 	
2.165	0.330077 	-0.172648 	0.539867 	0.00894412 	-1.33437 	-0.012322 	
2.17	0.330113 	-0.172644 	0.539872 	0.00894412 	-1.33437 	-0.012322 	
2.175	0.330149 	-0.172641 	0.539878 	0.00894412 	-1.33437 	-0.012322 	
2.18	0.330184 	-0.172637 	0.539883 	0.00894412 	-1.33437 	-0.012322 	
2.185	0.330218 	-0.172634 	0.539889 	0.00894412 	-1.33437 	-0.012322 	
2.19	0.330189 	-0.172644 	0.539882 	0.00733151 	-1.33324 	-0.0101003 	
2.195	0.330223 	-0.172641 	0.539887 	0.00733151 	-1.33324 	-0.0101003 	
2.2	0.330256 	-0.172638 	0.539893 	0.00733151 	-1.33324 	-0.0101003 	
2.205	0.330288 	-0.172635 	0.539898 	0.00733151 	-1.33324 	-0.0101003 	
2.21	0.330321 	-0.172632 	0.539903 	0.00733151 	-1.33324 	-0.0101003 	
2.215	0.330352 	-0.172628 	0.539908 	0.00733151 	-1.33324 	-0.0101003 	
2.22	0.330383 	-0.172625 	0.539913 	0.00733151 	-1.33324 	-0.0101003 	
2.225	0.330414 	-0.172622 	0.539917 	0.00733151 	-1.33324 	-0.0101003 	
2.23	0.330379 	-0.172634 	0.53991 	0.00567773 	-1.33208 	-0.00782189 	
2.235	0.330408 	-0.172631 	0.539914 	0.00567773 	-1.33208 	-0.00782189 	
2.24	0.330438 	-0.172628 	0.539919 	0.00567773 	-1.33208 	-0.00782189 	
2.245	0.330466 	-0.172625 	0.539923 	0.00567773 	-1.33208 	-0.00782189 	
2.25	0.330494 	-0.172622 	0.539928 	0.00567773 	-1.33208 	-0.00782189 	
2.255	0.330522 	-0.17262 	0.539932 	0.00567773 	-1.33208 	-0.00782189 	
2.26	0.330549 	-0.172617 	0.539936 	0.00567773 	-1.33208 	-0.00782189 	
2.265	0.330575 	-0.172614 	0.53994 	0.00567773 	-1.33208 	-0.00782189 	
2.27	0.330601 	-0.172612 	0.539945 	0.00567773 	-1.33208 	-0.00782189 	
2.275	0.330563 	-0.172623 	0.539937 	0.00406192 	-1.33095 	-0.00559582 	
2.28	0.330588 	-0.172621 	0.539941 	0.00406192 	-1.33095 	-0.00559582 	
2.285	0.330612 	-0.172618 	0.539944 	0.00406192 	-1.33095 	-0.00559582 	
2.29	0.330636 	-0.172616 	0.539948 	0.00406192 	-1.33095 	-0.00559582 	
2.295	0.33066 	-0.172614 	0.539952 	0.00406192 	-1.33095 	-0.00559582 	
2.3	0.330683 	-0.172611 	0.539955 	0.00406192 	-1.33095 	-0.00559582 	
2.305	0.330705 	-0.172609 	0.539959 	0.00406192 	-1.33095 	-0.00559582 	
2.31	0.330727 	-0.172607 	0.539962 	0.00406192 	-1.33095 	-0.00559582 	
2.315	0.330748 	-0.172605 	0.539965 	0.00406192 	-1.33095 	-0.00559582 	
2.32	0.330769 	-0.172603 	0.539969 	0.00406192 	-1.33095 	-0.00559582 	
2.325	0.330789 	-0.172601 	0.539972 	0.00406192 	-1.33095 	-0.00559582 	
2.33	0.330746 	-0.172613 	0.539963 	0.00246317 	-1.32983 	-0.00339327 	
2.335	0.330765 	-0.172611 	0.539966 	0.00246317 	-1.32983 	-0.00339327 	
2.34	0.330783 	-0.172609 	0.539969 	0.00246317 	-1.32983 	-0.00339327 	
2.345	0.330802 	-0.172607 	0.539972 	0.00246317 	-1.32983 	-0.00339327 	
2.35	0.330819 	-0.172606 	0.539975 	0.00246317 	-1.32983 	-0.00339327 	
2.355	0.330836 	-0.172604 	0.539977 	0.00246317 	-1.32983 	-0.00339327 	
2.36	0.330853 	-0.172602 	0.53998 	0.00246317 	-1.32983 	-0.00339327 	
2.365	0.330869 	-0.172601 	0.539982 	0.00246317 	-1.32983 	-0.00339327 	
2.37	0.330884 	-0.172599 	0.539985 	0.00246317 	-1.32983 	-0.00339327 	
2.375	0.330899 	-0.172598 	0.539987 	0.00246317 	-1.32983 	-0.00339327 	
2.38	0.330913 	-0.172596 	0.539989 	0.00246317 	-1.32983 	-0.00339327 	
2.385	0.330927 	-0.172595 	0.539991 	0.00246317 	-1.32983 	-0.00339327 	
2.39	0.33094 	-0.172593 	0.539994 	0.00246317 	-1.32983 	-0.00339327 	
2.395	0.330953 	-0.172592 	0.539995 	0.00246317 	-1.32983 	-0.00339327 	
2.4	0.330965 	-0.172591 	0.539997 	0.00246317 	-1.32983 	-0.00339327 	
2.405	0.330917 	-0.172603 	0.539988 	0.000949407 	-1.32876 	-0.00130781 	
2.41	0.330929 	-0.172602 	0.53999 	0.000949407 	-1.32876 	-0.00130781 	
2.415	0.330939 	-0.172601 	0.539992 	0.000949407 	-1.32876 	-0.00130781 	
2.42	0.330949 	-0.1726 	0.539993 	0.000949407 	-1.32876 	-0.00130781 	
2.425	0.330958 	-0.172599 	0.539994 	0.000949407 	-1.32876 	-0.00130781 	
2.43	0.330968 	-0.172598 	0.539996 	0.000949407 	-1.32876 	-0.00130781 	
2.435	0.330975 	-0.172598 	0.539997 	0.000949407 	-1.32876 	-0.00130781 	
2.44	0.330983 	-0.172597 	0.539998 	0.000949407 	-1.32876 	-0.00130781 	
2.445	0.33099 	-0.172596 	0.54 	0.000949407 	-1.32876 	-0.00130781 	
2.45	0.330997 	-0.172595 	0.540001 	0.000949407 	-1.32876 	-0.00130781 	
2.455	0.331004 	-0.172595 	0.540002 	0.000949407 	-1.32876 	-0.00130781 	
2.46	0.331009 	-0.172594 	0.540003 	0.000949407 	-1.32876 	-0.00130781 	
2.465	0.331015 	-0.172594 	0.540003 	0.000949407 	-1.32876 	-0.00130781 	
2.47	0.331019 	-0.172593 	0.540004 	0.000949407 	-1.32876 	-0.00130781 	
2.475	0.331023 	-0.172593 	0.540005 	0.000949407 	-1.32876 	-0.00130781 	
2.48	0.331027 	-0.172592 	0.540005 	0.000949407 	-1.32876 	-0.00130781 	
2.485	0.33103 	-0.172592 	0.540006 	0.000949407 	-1.32876 	-0.00130781 	
2.49	0.331033 	-0.172592 	0.540006 	0.000949407 	-1.32876 	-0.00130781 	
2.495	0.331035 	-0.172591 	0.540006 	0.000949407 	-1.32876 	-0.00130781 	
2.5	0.331036 	-0.172591 	0.540007 	0.000949407 	-1.32876 	-0.00130781 	
2.505	0.331036 	-0.172591 	0.540007 	0.000949407 	-1.32876 	-0.00130781 	
2.51	0.331039 	-0.172589 	0.540007 	0.000949407 	-1.32876 	-0.00130781 	
2.515	0.331039 	-0.172589 	0.540007 	0.000949407 	-1.32876 	-0.00130781 	
2.52	0.331039 	-0.172589 	0.540007 	0.000949407 	-1.32876 	-0.00130781 	
2.525	0.331039 	-0.17259 	0.540006 	0.000949407 	-1.32876 	-0.00130781 	
2.53	0.33104 	-0.17259 	0.540005 	0.000949407 	-1.32876 	-0.00130781 	
2.535	0.33104 	-0.172591 	0.540003 	0.000949407 	-1.32876 	-0.00130781 	
2.54	0.33104 	-0.172592 	0.540002 	0.000949407 	-1.32876 	-0.00130781 	
2.545	0.331041 	-0.172593 	0.54 	0.000949407 	-1.32876 	-0.00130781 	
2.55	0.331041 	-0.172595 	0.539998 	0.000949407 	-1.32876 	-0.00130781 	
2.555	0.331041 	-0.172596 	0.539995 	0.000949407 	-1.32876 	-0.00130781 	
2.56	0.331042 	-0.172598 	0.539992 	0.000949407 	-1.32876 	-0.00130781 	
2.565	0.331043 	-0.172599 	0.539989 	0.000949407 	-1.32876 	-0.00130781 	
2.57	0.331043 	-0.172601 	0.539986 	0.000949407 	-1.32876 	-0.00130781 	
2.575	0.331042 	-0.172605 	0.539982 	0.000949407 	-1.32876 	-0.00130781 	
2.58	0.331043 	-0.172608 	0.539978 	0.000949407 	-1.32876 	-0.00130781 	
2.585	0.331043 	-0.17261 	0.539974 	0.000949408 	-1.32876 	-0.00130781 	
2.59	0.331019 	-0.172601 	0.539965 	0.000986449 	-1.32835 	-0.00013214 	
2.595	0.33102 	-0.172604 	0.53996 	0.00098645 	-1.32835 	-0.00013214 	
2.6	0.331021 	-0.172607 	0.539955 	0.00098645 	-1.32835 	-0.00013214 	
2.605	0.331022 	-0.17261 	0.53995 	0.00098645 	-1.32835 	-0.000132141 	
2.61	0.331023 	-0.172613 	0.539944 	0.000986451 	-1.32835 	-0.000132141 	
2.615	0.331024 	-0.172617 	0.539938 	0.000986451 	-1.32835 	-0.000132141 	
2.62	0.331025 	-0.172621 	0.539931 	0.000986451 	-1.32835 	-0.000132142 	
2.625	0.331026 	-0.172624 	0.539925 	0.000986452 	-1.32835 	-0.000132142 	
2.63	0.331027 	-0.172628 	0.539918 	0.000986452 	-1.32835 	-0.000132143 	
2.635	0.331038 	-0.172603 	0.539913 	0.00226737 	-1.32856 	-1.25225e-05 	
2.64	0.331039 	-0.172607 	0.539906 	0.00226737 	-1.32856 	-1.2523e-05 	
2.645	0.331041 	-0.172612 	0.539897 	0.00226737 	-1.32856 	-1.25236e-05 	
2.65	0.331042 	-0.172616 	0.53989 	0.00226737 	-1.32856 	-1.25241e-05 	
2.655	0.331044 	-0.172622 	0.53988 	0.00226737 	-1.32856 	-1.25247e-05 	
2.66	0.331045 	-0.172627 	0.539872 	0.00226737 	-1.32856 	-1.25253e-05 	
2.665	0.331058 	-0.172603 	0.539866 	0.00355585 	-1.32882 	-5.07528e-07 	
2.67	0.33106 	-0.172608 	0.539856 	0.00355585 	-1.32882 	-5.08204e-07 	
2.675	0.331062 	-0.172614 	0.539847 	0.00355585 	-1.32882 	-5.08924e-07 	
2.68	0.331064 	-0.17262 	0.539837 	0.00355585 	-1.32882 	-5.09687e-07 	
2.685	0.331066 	-0.172626 	0.539827 	0.00355585 	-1.32882 	-5.10496e-07 	
2.69	0.331079 	-0.172603 	0.539819 	0.00483765 	-1.32907 	6.91e-07 	
2.695	0.331081 	-0.172609 	0.539809 	0.00483765 	-1.32907 	6.90096e-07 	
2.7	0.331083 	-0.172616 	0.539797 	0.00483765 	-1.32907 	6.89143e-07 	
2.705	0.331085 	-0.172622 	0.539786 	0.00483765 	-1.32907 	6.88139e-07 	
2.71	0.331087 	-0.172629 	0.539774 	0.00483765 	-1.32907 	6.87085e-07 	
2.715	0.331103 	-0.172603 	0.539766 	0.00628569 	-1.32937 	1.01757e-06 	
2.72	0.331105 	-0.17261 	0.539754 	0.00628569 	-1.32937 	1.01641e-06 	
2.725	0.331107 	-0.172618 	0.539741 	0.00628569 	-1.32937 	1.01519e-06 	
2.73	0.331109 	-0.172625 	0.539729 	0.00628569 	-1.32937 	1.01392e-06 	
2.735	0.331124 	-0.172603 	0.539719 	0.00760564 	-1.32963 	8.91767e-07 	
2.74	0.331126 	-0.172611 	0.539706 	0.00760565 	-1.32963 	8.90377e-07 	
2.745	0.331129 	-0.172619 	0.539692 	0.00760565 	-1.32963 	8.88927e-07 	
2.75	0.331131 	-0.172627 	0.539678 	0.00760565 	-1.32963 	8.87417e-07 	
2.755	0.331146 	-0.172603 	0.539667 	0.00901699 	-1.32992 	9.93923e-07 	
2.76	0.331149 	-0.172612 	0.539653 	0.009017 	-1.32992 	9.92287e-07 	
2.765	0.331152 	-0.17262 	0.539638 	0.009017 	-1.32992 	9.90587e-07 	
2.77	0.331155 	-0.172629 	0.539623 	0.009017 	-1.32992 	9.88822e-07 	
2.775	0.331171 	-0.172604 	0.539612 	0.0105406 	-1.33022 	1.15525e-06 	
2.78	0.331174 	-0.172613 	0.539596 	0.0105406 	-1.33022 	1.15335e-06 	
2.785	0.331177 	-0.172622 	0.53958 	0.0105406 	-1.33022 	1.15138e-06 	
2.79	0.331191 	-0.172603 	0.539567 	0.0117972 	-1.33047 	8.35912e-07 	
2.795	0.331194 	-0.172612 	0.539551 	0.0117972 	-1.33047 	8.33803e-07 	
2.8	0.331197 	-0.172622 	0.539534 	0.0117972 	-1.33047 	8.31623e-07 	
2.805	0.331212 	-0.172603 	0.539521 	0.0130834 	-1.33073 	8.39758e-07 	
2.81	0.331215 	-0.172613 	0.539503 	0.0130834 	-1.33073 	8.37431e-07 	
2.815	0.331218 	-0.172623 	0.539486 	0.0130834 	-1.33073 	8.3503e-07 	
2.82	0.331234 	-0.172603 	0.539472 	0.0144285 	-1.331 	9.12054e-07 	
2.825	0.331237 	-0.172614 	0.539454 	0.0144285 	-1.331 	9.095e-07 	
2.83	0.33124 	-0.172624 	0.539435 	0.0144285 	-1.331 	9.0687e-07 	
2.835	0.331256 	-0.172603 	0.53942 	0.0158348 	-1.33129 	9.97431e-07 	
2.84	0.33126 	-0.172614 	0.539402 	0.0158348 	-1.33129 	9.94642e-07 	
2.845	0.331264 	-0.172624 	0.539383 	0.0158348 	-1.33129 	9.91493e-07 	
2.85	0.331281 	-0.172603 	0.539367 	0.0173018 	-1.33158 	1.08706e-06 	
2.855	0.331284 	-0.172614 	0.539347 	0.0173018 	-1.33158 	1.08403e-06 	
2.86	0.331288 	-0.172625 	0.539328 	0.0173018 	-1.33158 	1.08092e-06 	
2.865	0.331305 	-0.172603 	0.539311 	0.0188288 	-1.33189 	1.17977e-06 	
2.87	0.331309 	-0.172615 	0.539291 	0.0188288 	-1.33189 	1.17649e-06 	
2.875	0.331313 	-0.172626 	0.53927 	0.0188288 	-1.33189 	1.17312e-06 	
2.88	0.331331 	-0.172603 	0.539254 	0.0204148 	-1.33221 	1.27506e-06 	
2.885	0.331335 	-0.172615 	0.539233 	0.0204148 	-1.33221 	1.27152e-06 	
2.89	0.331339 	-0.172628 	0.539211 	0.0204148 	-1.33221 	1.26789e-06 	
2.895	0.331357 	-0.172603 	0.539194 	0.0220591 	-1.33254 	1.37276e-06 	
2.9	0.331362 	-0.172616 	0.539172 	0.0220591 	-1.33254 	1.36895e-06 	
2.905	0.331366 	-0.172628 	0.53915 	0.0220591 	-1.33254 	1.36506e-06 	
2.91	0.331385 	-0.172603 	0.539132 	0.0237606 	-1.33288 	1.47269e-06 	
2.915	0.331389 	-0.172616 	0.539109 	0.0237606 	-1.33288 	1.46861e-06 	
2.92	0.331394 	-0.172629 	0.539087 	0.0237606 	-1.33288 	1.46445e-06 	
2.925	0.331413 	-0.172603 	0.539068 	0.0255184 	-1.33324 	1.57464e-06 	
2.93	0.331418 	-0.172617 	0.539045 	0.0255184 	-1.33324 	1.57029e-06 	
2.935	0.331433 	-0.172602 	0.539024 	0.026781 	-1.33349 	8.97234e-07 	
2.94	0.331438 	-0.172616 	0.539001 	0.026781 	-1.33349 	8.92694e-07 	
2.945	0.331443 	-0.17263 	0.538977 	0.026781 	-1.33349 	8.88062e-07 	
2.95	0.331463 	-0.172603 	0.538957 	0.0285766 	-1.33385 	1.58452e-06 	
2.955	0.331467 	-0.172618 	0.538933 	0.0285766 	-1.33385 	1.57969e-06 	
2.96	0.331483 	-0.172602 	0.538911 	0.0298971 	-1.33412 	9.69787e-07 	
2.965	0.331488 	-0.172617 	0.538886 	0.0298971 	-1.33412 	9.64769e-07 	
2.97	0.331504 	-0.172602 	0.538865 	0.0311905 	-1.33438 	8.77342e-07 	
2.975	0.331509 	-0.172617 	0.538839 	0.0311905 	-1.33438 	8.72129e-07 	
2.98	0.331525 	-0.172602 	0.538817 	0.0325019 	-1.33464 	8.91126e-07 	
2.985	0.331531 	-0.172617 	0.538791 	0.032502 	-1.33464 	8.85718e-07 	
2.99	0.331547 	-0.172602 	0.538769 	0.0338358 	-1.33491 	9.21061e-07 	
2.995	0.331552 	-0.172617 	0.538742 	0.0338358 	-1.33491 	9.15455e-07 	
3	0.331569 	-0.172602 	0.538719 	0.035192 	-1.33518 	9.53303e-07 	
3.005	0.331574 	-0.172618 	0.538693 	0.035192 	-1.33518 	9.47497e-07 	
3.01	0.331591 	-0.172602 	0.538669 	0.0365705 	-1.33546 	9.85952e-07 	
3.015	0.331596 	-0.172618 	0.538642 	0.0365705 	-1.33546 	9.79947e-07 	
3.02	0.331614 	-0.172602 	0.538618 	0.0379708 	-1.33574 	1.01874e-06 	
3.025	0.331619 	-0.172618 	0.538591 	0.0379708 	-1.33574 	1.01254e-06 	
3.03	0.331636 	-0.172602 	0.538567 	0.0393926 	-1.33603 	1.05162e-06 	
3.035	0.331642 	-0.172619 	0.538539 	0.0393926 	-1.33603 	1.04521e-06 	
3.04	0.33166 	-0.172603 	0.538514 	0.0408355 	-1.33632 	1.08455e-06 	
3.045	0.331665 	-0.172619 	0.538486 	0.0408355 	-1.33632 	1.07793e-06 	
3.05	0.331683 	-0.172603 	0.538461 	0.0422992 	-1.33661 	1.11749e-06 	
3.055	0.331689 	-0.172619 	0.538433 	0.0422992 	-1.33661 	1.11068e-06 	
3.06	0.331707 	-0.172603 	0.538407 	0.0437833 	-1.33691 	1.15043e-06 	
3.065	0.331713 	-0.172619 	0.538378 	0.0437833 	-1.33691 	1.14341e-06 	
3.07	0.331731 	-0.172603 	0.538353 	0.0452874 	-1.33722 	1.18332e-06 	
3.075	0.331738 	-0.17262 	0.538323 	0.0452874 	-1.33722 	1.1761e-06 	
3.08	0.331756 	-0.172603 	0.538298 	0.0468112 	-1.33752 	1.21615e-06 	
3.085	0.331756 	-0.172626 	0.538268 	0.0468112 	-1.33752 	1.21232e-06 	
3.09	0.331775 	-0.172609 	0.538242 	0.0483543 	-1.33783 	1.24952e-06 	
3.095	0.331781 	-0.172626 	0.538211 	0.0483543 	-1.33783 	1.24189e-06 	
3.1	0.3318 	-0.172609 	0.538185 	0.0499163 	-1.33815 	1.28152e-06 	
3.105	0.331807 	-0.172626 	0.538154 	0.0499163 	-1.33815 	1.27368e-06 	
3.11	0.331826 	-0.172609 	0.538128 	0.0514968 	-1.33847 	1.31389e-06 	
3.115	0.331832 	-0.172627 	0.538096 	0.0514969 	-1.33847 	1.30585e-06 	
3.12	0.331851 	-0.172609 	0.53807 	0.0530955 	-1.33879 	1.34613e-06 	
3.125	0.331858 	-0.172627 	0.538038 	0.0530955 	-1.33879 	1.33789e-06 	
3.13	0.331877 	-0.172609 	0.538011 	0.0547118 	-1.33911 	1.37814e-06 	
3.135	0.331884 	-0.172627 	0.537979 	0.0547118 	-1.33911 	1.3697e-06 	
3.14	0.331904 	-0.172609 	0.537952 	0.0563455 	-1.33944 	1.40991e-06 	
3.145	0.331911 	-0.172627 	0.53792 	0.0563455 	-1.33944 	1.40127e-06 	
3.15	0.33193 	-0.172609 	0.537892 	0.0579961 	-1.33977 	1.4414e-06 	
3.155	0.331937 	-0.172628 	0.537859 	0.0579961 	-1.33977 	1.43256e-06 	
3.16	0.331957 	-0.172609 	0.537831 	0.0596632 	-1.34011 	1.47257e-06 	
3.165	0.331964 	-0.172628 	0.537799 	0.0596632 	-1.34011 	1.46353e-06 	
3.17	0.331984 	-0.172609 	0.53777 	0.0613463 	-1.34045 	1.5034e-06 	
3.175	0.331992 	-0.172628 	0.537737 	0.0613463 	-1.34045 	1.49417e-06 	
3.18	0.332012 	-0.172609 	0.537709 	0.0630452 	-1.34079 	1.53387e-06 	
3.185	0.332019 	-0.172628 	0.537675 	0.0630452 	-1.34079 	1.52444e-06 	
3.19	0.332039 	-0.172609 	0.537646 	0.0647592 	-1.34114 	1.56393e-06 	
3.195	0.332047 	-0.172628 	0.537613 	0.0647592 	-1.34114 	1.55431e-06 	
3.2	0.332067 	-0.172609 	0.537584 	0.0664881 	-1.34148 	1.59356e-06 	
3.205	0.332075 	-0.172629 	0.53755 	0.0664881 	-1.34148 	1.58376e-06 	
3.21	0.332095 	-0.172609 	0.537521 	0.0682314 	-1.34183 	1.62274e-06 	
3.215	0.332103 	-0.172629 	0.537486 	0.0682314 	-1.34183 	1.61275e-06 	
3.22	0.332124 	-0.172609 	0.537457 	0.0699886 	-1.34219 	1.65143e-06 	
3.225	0.332131 	-0.172629 	0.537422 	0.0699886 	-1.34219 	1.64125e-06 	
3.23	0.332152 	-0.172609 	0.537393 	0.0717593 	-1.34254 	1.67961e-06 	
3.235	0.33216 	-0.172629 	0.537358 	0.0717593 	-1.34254 	1.66925e-06 	
3.24	0.332181 	-0.172609 	0.537328 	0.0735431 	-1.3429 	1.70725e-06 	
3.245	0.332189 	-0.172629 	0.537293 	0.0735431 	-1.3429 	1.69671e-06 	
3.25	0.33221 	-0.172609 	0.537263 	0.0753395 	-1.34327 	1.73432e-06 	
3.255	0.332218 	-0.172629 	0.537227 	0.0753396 	-1.34327 	1.7236e-06 	
3.26	0.332239 	-0.172609 	0.537197 	0.0771481 	-1.34363 	1.76079e-06 	
3.265	0.332247 	-0.17263 	0.537162 	0.0771481 	-1.34363 	1.7499e-06 	
3.27	0.332268 	-0.172609 	0.537131 	0.0789685 	-1.344 	1.78665e-06 	
3.275	0.332276 	-0.17263 	0.537095 	0.0789685 	-1.344 	1.77558e-06 	
3.28	0.332298 	-0.172609 	0.537065 	0.0808001 	-1.34436 	1.81185e-06 	
3.285	0.332306 	-0.17263 	0.537029 	0.0808001 	-1.34436 	1.80062e-06 	
3.29	0.332328 	-0.172609 	0.536998 	0.0826425 	-1.34474 	1.83638e-06 	
3.295	0.332336 	-0.17263 	0.536962 	0.0826425 	-1.34474 	1.82499e-06 	
3.3	0.332357 	-0.172609 	0.536931 	0.0844952 	-1.34511 	1.86022e-06 	
3.305	0.332366 	-0.17263 	0.536894 	0.0844953 	-1.34511 	1.84867e-06 	
3.31	0.332387 	-0.172609 	0.536863 	0.0863579 	-1.34548 	1.88333e-06 	
3.315	0.332396 	-0.17263 	0.536827 	0.0863579 	-1.34548 	1.87163e-06 	
3.32	0.332418 	-0.172609 	0.536795 	0.08823 	-1.34586 	1.9057e-06 	
3.325	0.332426 	-0.17263 	0.536759 	0.08823 	-1.34586 	1.89384e-06 	
3.33	0.332448 	-0.172609 	0.536727 	0.0901111 	-1.34624 	1.92729e-06 	
3.335	0.332456 	-0.17263 	0.53669 	0.0901111 	-1.34624 	1.9153e-06 	
3.34	0.332478 	-0.172609 	0.536659 	0.0920006 	-1.34662 	1.9481e-06 	
3.345	0.332487 	-0.172631 	0.536622 	0.0920006 	-1.34662 	1.93596e-06 	
3.35	0.332509 	-0.172609 	0.53659 	0.0938982 	-1.347 	1.96809e-06 	
3.355	0.332518 	-0.172631 	0.536553 	0.0938982 	-1.347 	1.95582e-06 	
3.36	0.332541 	-0.172608 	0.536521 	0.0958034 	-1.34738 	1.97943e-06 	
3.365	0.33255 	-0.17263 	0.536483 	0.0958034 	-1.34738 	1.96701e-06 	
3.37	0.332572 	-0.172608 	0.536452 	0.0977156 	-1.34777 	2.00478e-06 	
3.375	0.33258 	-0.17263 	0.536414 	0.0977156 	-1.34777 	1.99224e-06 	
3.38	0.332603 	-0.172608 	0.536382 	0.0996344 	-1.34816 	2.02291e-06 	
3.385	0.332611 	-0.17263 	0.536344 	0.0996344 	-1.34816 	2.01026e-06 	
3.39	0.332634 	-0.172608 	0.536312 	0.101559 	-1.34854 	2.03951e-06 	
3.395	0.332643 	-0.17263 	0.536274 	0.101559 	-1.34854 	2.02674e-06 	
3.4	0.332665 	-0.172608 	0.536242 	0.10349 	-1.34893 	2.05514e-06 	
3.405	0.332674 	-0.17263 	0.536204 	0.10349 	-1.34893 	2.04226e-06 	
3.41	0.332696 	-0.172608 	0.536172 	0.105426 	-1.34932 	2.06984e-06 	
3.415	0.332705 	-0.17263 	0.536134 	0.105426 	-1.34932 	2.05685e-06 	
3.42	0.332727 	-0.172608 	0.536102 	0.107366 	-1.34971 	2.08358e-06 	
3.425	0.332736 	-0.17263 	0.536064 	0.107366 	-1.34971 	2.0705e-06 	
3.43	0.332758 	-0.172608 	0.536031 	0.109311 	-1.3501 	2.09637e-06 	
3.435	0.332768 	-0.17263 	0.535993 	0.109311 	-1.3501 	2.08319e-06 	
3.44	0.33279 	-0.172608 	0.535961 	0.111259 	-1.3505 	2.10817e-06 	
3.445	0.332799 	-0.17263 	0.535922 	0.111259 	-1.3505 	2.09491e-06 	
3.45	0.332821 	-0.172608 	0.53589 	0.113211 	-1.35089 	2.11899e-06 	
3.455	0.332831 	-0.17263 	0.535852 	0.113211 	-1.35089 	2.10565e-06 	
3.46	0.332853 	-0.172608 	0.535819 	0.115165 	-1.35128 	2.1288e-06 	
3.465	0.332862 	-0.17263 	0.535781 	0.115165 	-1.35128 	2.11538e-06 	
3.47	0.332884 	-0.172608 	0.535748 	0.117121 	-1.35168 	2.13759e-06 	
3.475	0.332894 	-0.17263 	0.53571 	0.117121 	-1.35168 	2.12411e-06 	
3.48	0.332916 	-0.172608 	0.535677 	0.11908 	-1.35207 	2.14536e-06 	
3.485	0.332925 	-0.17263 	0.535639 	0.11908 	-1.35207 	2.13182e-06 	
3.49	0.332947 	-0.172608 	0.535606 	0.121039 	-1.35246 	2.15209e-06 	
3.495	0.332957 	-0.17263 	0.535568 	0.121039 	-1.35246 	2.13849e-06 	
3.5	0.332979 	-0.172608 	0.535535 	0.123 	-1.35286 	2.15777e-06 	
3.505	0.332989 	-0.17263 	0.535497 	0.123 	-1.35286 	2.14412e-06 	
3.51	0.333011 	-0.172608 	0.535464 	0.12496 	-1.35325 	2.1624e-06 	
3.515	0.33302 	-0.17263 	0.535426 	0.12496 	-1.35325 	2.14871e-06 	
3.52	0.333042 	-0.172608 	0.535393 	0.126921 	-1.35365 	2.16596e-06 	
3.525	0.333052 	-0.17263 	0.535355 	0.126921 	-1.35365 	2.15223e-06 	
3.53	0.333074 	-0.172608 	0.535322 	0.128881 	-1.35404 	2.16845e-06 	
3.535	0.333083 	-0.17263 	0.535284 	0.128881 	-1.35404 	2.1547e-06 	
3.54	0.333105 	-0.172608 	0.535251 	0.130839 	-1.35444 	2.16987e-06 	
3.545	0.333115 	-0.17263 	0.535213 	0.130839 	-1.35444 	2.15609e-06 	
3.55	0.333144 	-0.172601 	0.53518 	0.132796 	-1.35483 	2.11965e-06 	
3.555	0.333154 	-0.172623 	0.535142 	0.132796 	-1.35483 	2.1058e-06 	
3.56	0.333176 	-0.172601 	0.535109 	0.134751 	-1.35522 	2.16443e-06 	
3.565	0.333185 	-0.172622 	0.535071 	0.134751 	-1.35522 	2.15063e-06 	
3.57	0.333207 	-0.172601 	0.535039 	0.136703 	-1.35562 	2.16715e-06 	
3.575	0.333217 	-0.172622 	0.535 	0.136703 	-1.35562 	2.15335e-06 	
3.58	0.333238 	-0.172601 	0.534968 	0.138652 	-1.35601 	2.16469e-06 	
3.585	0.333248 	-0.172622 	0.53493 	0.138652 	-1.35601 	2.1509e-06 	
3.59	0.33327 	-0.172601 	0.534898 	0.140598 	-1.3564 	2.16074e-06 	
3.595	0.33328 	-0.172622 	0.534859 	0.140598 	-1.3564 	2.14695e-06 	
3.6	0.333301 	-0.172601 	0.534827 	0.142539 	-1.35679 	2.15565e-06 	
3.605	0.333311 	-0.172622 	0.534789 	0.142539 	-1.35679 	2.14189e-06 	
3.61	0.333332 	-0.172601 	0.534757 	0.144476 	-1.35718 	2.14948e-06 	
3.615	0.333342 	-0.172622 	0.534719 	0.144476 	-1.35718 	2.13575e-06 	
3.62	0.333363 	-0.172601 	0.534687 	0.146408 	-1.35757 	2.14224e-06 	
3.625	0.333373 	-0.172622 	0.534649 	0.146408 	-1.35757 	2.12854e-06 	
3.63	0.333394 	-0.172601 	0.534617 	0.148334 	-1.35796 	2.13391e-06 	
3.635	0.333404 	-0.172622 	0.534579 	0.148334 	-1.35796 	2.12026e-06 	
3.64	0.333425 	-0.172601 	0.534548 	0.150254 	-1.35834 	2.12452e-06 	
3.645	0.333435 	-0.172622 	0.53451 	0.150254 	-1.35834 	2.11091e-06 	
3.65	0.333456 	-0.172601 	0.534479 	0.152168 	-1.35873 	2.11406e-06 	
3.655	0.333466 	-0.172622 	0.534441 	0.152168 	-1.35873 	2.10051e-06 	
3.66	0.333487 	-0.172601 	0.53441 	0.154075 	-1.35911 	2.10255e-06 	
3.665	0.333497 	-0.172622 	0.534372 	0.154075 	-1.35911 	2.08907e-06 	
3.67	0.33351 	-0.172608 	0.534341 	0.155974 	-1.3595 	2.1415e-06 	
3.675	0.33352 	-0.172629 	0.534303 	0.155974 	-1.3595 	2.12814e-06 	
3.68	0.33354 	-0.172608 	0.534272 	0.157866 	-1.35988 	2.08153e-06 	
3.685	0.33355 	-0.172629 	0.534235 	0.157866 	-1.35988 	2.06819e-06 	
3.69	0.333571 	-0.172608 	0.534204 	0.159749 	-1.36026 	2.06228e-06 	
3.695	0.333581 	-0.172629 	0.534167 	0.159749 	-1.36026 	2.04902e-06 	
3.7	0.333601 	-0.172608 	0.534136 	0.161623 	-1.36063 	2.04618e-06 	
3.705	0.333611 	-0.172629 	0.534099 	0.161623 	-1.36063 	2.03302e-06 	
3.71	0.333631 	-0.172608 	0.534069 	0.163488 	-1.36101 	2.02951e-06 	
3.715	0.333641 	-0.172629 	0.534032 	0.163488 	-1.36101 	2.01644e-06 	
3.72	0.333661 	-0.172608 	0.534001 	0.165343 	-1.36138 	2.01189e-06 	
3.725	0.333671 	-0.172628 	0.533965 	0.165343 	-1.36138 	1.99892e-06 	
3.73	0.33369 	-0.172608 	0.533935 	0.167188 	-1.36175 	1.9933e-06 	
3.735	0.3337 	-0.172628 	0.533898 	0.167188 	-1.36175 	1.98045e-06 	
3.74	0.33372 	-0.172608 	0.533868 	0.169022 	-1.36212 	1.97377e-06 	
3.745	0.33373 	-0.172628 	0.533832 	0.169022 	-1.36212 	1.96103e-06 	
3.75	0.333749 	-0.172608 	0.533802 	0.170845 	-1.36249 	1.9533e-06 	
3.755	0.333759 	-0.172628 	0.533766 	0.170845 	-1.36249 	1.94069e-06 	
3.76	0.333778 	-0.172608 	0.533737 	0.172656 	-1.36285 	1.93191e-06 	
3.765	0.333788 	-0.172628 	0.533701 	0.172656 	-1.36285 	1.91943e-06 	
3.77	0.333807 	-0.172608 	0.533672 	0.174455 	-1.36322 	1.90963e-06 	
3.775	0.333817 	-0.172628 	0.533636 	0.174455 	-1.36322 	1.89728e-06 	
3.78	0.333845 	-0.1726 	0.533607 	0.176242 	-1.36358 	1.83106e-06 	
3.785	0.333854 	-0.172619 	0.533572 	0.176242 	-1.36358 	1.8188e-06 	
3.79	0.333873 	-0.172599 	0.533543 	0.178016 	-1.36393 	1.85693e-06 	
3.795	0.333883 	-0.172619 	0.533508 	0.178016 	-1.36393 	1.84488e-06 	
3.8	0.333902 	-0.172599 	0.533479 	0.179776 	-1.36429 	1.83709e-06 	
3.805	0.333911 	-0.172618 	0.533444 	0.179776 	-1.36429 	1.82519e-06 	
3.81	0.33393 	-0.172599 	0.533416 	0.181522 	-1.36464 	1.81193e-06 	
3.815	0.333939 	-0.172618 	0.533381 	0.181522 	-1.36464 	1.8002e-06 	
3.82	0.333958 	-0.172599 	0.533353 	0.183254 	-1.36499 	1.78555e-06 	
3.825	0.333967 	-0.172618 	0.533319 	0.183255 	-1.36499 	1.77398e-06 	
3.83	0.333985 	-0.172599 	0.533291 	0.184972 	-1.36533 	1.75837e-06 	
3.835	0.333995 	-0.172618 	0.533257 	0.184972 	-1.36533 	1.74697e-06 	
3.84	0.334013 	-0.172599 	0.533229 	0.186674 	-1.36568 	1.73046e-06 	
3.845	0.334022 	-0.172618 	0.533196 	0.186674 	-1.36568 	1.71923e-06 	
3.85	0.33404 	-0.172599 	0.533168 	0.188361 	-1.36602 	1.70184e-06 	
3.855	0.334049 	-0.172617 	0.533135 	0.188361 	-1.36602 	1.6908e-06 	
3.86	0.334067 	-0.172599 	0.533108 	0.190032 	-1.36635 	1.67255e-06 	
3.865	0.334076 	-0.172617 	0.533075 	0.190032 	-1.36635 	1.66169e-06 	
3.87	0.33409 	-0.172603 	0.533048 	0.191686 	-1.36668 	1.66433e-06 	
3.875	0.334099 	-0.172621 	0.533015 	0.191686 	-1.36668 	1.65369e-06 	
3.88	0.334116 	-0.172603 	0.532989 	0.193324 	-1.36701 	1.61424e-06 	
3.885	0.334125 	-0.17262 	0.532956 	0.193324 	-1.36701 	1.60376e-06 	
3.89	0.334142 	-0.172603 	0.53293 	0.194944 	-1.36734 	1.58115e-06 	
3.895	0.334151 	-0.17262 	0.532898 	0.194944 	-1.36734 	1.57088e-06 	
3.9	0.334168 	-0.172603 	0.532872 	0.196547 	-1.36766 	1.54928e-06 	
3.905	0.334177 	-0.17262 	0.53284 	0.196547 	-1.36766 	1.53921e-06 	
3.91	0.334194 	-0.172603 	0.532815 	0.198131 	-1.36798 	1.51706e-06 	
3.915	0.334202 	-0.17262 	0.532783 	0.198131 	-1.36798 	1.5072e-06 	
3.92	0.334219 	-0.172603 	0.532758 	0.199697 	-1.3683 	1.48438e-06 	
3.925	0.334228 	-0.172619 	0.532727 	0.199697 	-1.3683 	1.47473e-06 	
3.93	0.334244 	-0.172603 	0.532702 	0.201245 	-1.36861 	1.45125e-06 	
3.935	0.334252 	-0.172619 	0.532672 	0.201245 	-1.36861 	1.44181e-06 	
3.94	0.334268 	-0.172602 	0.532647 	0.202773 	-1.36892 	1.4177e-06 	
3.945	0.334277 	-0.172619 	0.532617 	0.202773 	-1.36892 	1.40848e-06 	
3.95	0.334292 	-0.172602 	0.532592 	0.204282 	-1.36922 	1.38378e-06 	
3.955	0.334303 	-0.172616 	0.532562 	0.204282 	-1.36922 	1.37343e-06 	
3.96	0.334319 	-0.1726 	0.532538 	0.20577 	-1.36952 	1.34925e-06 	
3.965	0.334327 	-0.172616 	0.532509 	0.20577 	-1.36952 	1.34047e-06 	
3.97	0.334342 	-0.1726 	0.532485 	0.207239 	-1.36981 	1.3149e-06 	
3.975	0.334351 	-0.172616 	0.532456 	0.207239 	-1.36981 	1.30634e-06 	
3.98	0.334366 	-0.1726 	0.532433 	0.208686 	-1.37011 	1.28007e-06 	
3.985	0.334374 	-0.172615 	0.532404 	0.208686 	-1.37011 	1.27174e-06 	
3.99	0.334389 	-0.1726 	0.532381 	0.210113 	-1.37039 	1.24499e-06 	
3.995	0.334397 	-0.172615 	0.532353 	0.210113 	-1.37039 	1.23688e-06 	
4	0.334411 	-0.1726 	0.53233 	0.211518 	-1.37068 	1.2097e-06 	
4.005	0.334419 	-0.172615 	0.532303 	0.211518 	-1.37068 	1.20183e-06 	
4.01	0.334433 	-0.1726 	0.53228 	0.212901 	-1.37095 	1.17426e-06 	
4.015	0.334441 	-0.172615 	0.532253 	0.212901 	-1.37095 	1.16662e-06 	
4.02	0.334455 	-0.1726 	0.532231 	0.214263 	-1.37123 	1.13869e-06 	
4.025	0.334463 	-0.172614 	0.532204 	0.214263 	-1.37123 	1.13128e-06 	
4.03	0.334477 	-0.1726 	0.532183 	0.215602 	-1.3715 	1.10304e-06 	
4.035	0.334485 	-0.172614 	0.532156 	0.215602 	-1.3715 	1.09587e-06 	
4.04	0.334498 	-0.1726 	0.532135 	0.216918 	-1.37176 	1.06735e-06 	
4.045	0.3345 	-0.17262 	0.532109 	0.216918 	-1.37176 	1.06363e-06 	
4.05	0.334513 	-0.172606 	0.532088 	0.218211 	-1.37202 	1.03226e-06 	
4.055	0.33452 	-0.172619 	0.532063 	0.218211 	-1.37202 	1.02555e-06 	
4.06	0.334533 	-0.172606 	0.532042 	0.21948 	-1.37228 	9.96041e-07 	
4.065	0.334541 	-0.172619 	0.532018 	0.21948 	-1.37228 	9.8957e-07 	
4.07	0.334548 	-0.172632 	0.531993 	0.21948 	-1.37228 	9.83221e-07 	
4.075	0.334563 	-0.172607 	0.531975 	0.221276 	-1.37264 	1.88562e-06 	
4.08	0.33457 	-0.17262 	0.531951 	0.221276 	-1.37264 	1.8795e-06 	
4.085	0.334583 	-0.172606 	0.531931 	0.222543 	-1.3729 	1.07863e-06 	
4.09	0.33459 	-0.172618 	0.531908 	0.222543 	-1.3729 	1.07275e-06 	
4.095	0.334597 	-0.172631 	0.531884 	0.222543 	-1.3729 	1.06698e-06 	
4.1	0.334611 	-0.172607 	0.531867 	0.224257 	-1.37324 	1.73811e-06 	
4.105	0.334618 	-0.172619 	0.531844 	0.224257 	-1.37324 	1.73257e-06 	
4.11	0.334625 	-0.172631 	0.531822 	0.224257 	-1.37324 	1.72715e-06 	
4.115	0.334638 	-0.172607 	0.531805 	0.225965 	-1.37358 	1.79552e-06 	
4.12	0.334649 	-0.172615 	0.531783 	0.225965 	-1.37358 	1.78861e-06 	
4.125	0.334656 	-0.172626 	0.531761 	0.225965 	-1.37358 	1.78351e-06 	
4.13	0.334669 	-0.172603 	0.531746 	0.227622 	-1.37392 	1.70633e-06 	
4.135	0.334675 	-0.172614 	0.531724 	0.227622 	-1.37392 	1.70147e-06 	
4.14	0.334682 	-0.172626 	0.531703 	0.227622 	-1.37392 	1.69674e-06 	
4.145	0.334695 	-0.172602 	0.531688 	0.229221 	-1.37424 	1.59573e-06 	
4.15	0.334701 	-0.172614 	0.531667 	0.229221 	-1.37424 	1.59121e-06 	
4.155	0.334707 	-0.172625 	0.531647 	0.229221 	-1.37424 	1.58681e-06 	
4.16	0.334719 	-0.172602 	0.531632 	0.230761 	-1.37455 	1.48378e-06 	
4.165	0.334725 	-0.172613 	0.531613 	0.230761 	-1.37455 	1.47959e-06 	
4.17	0.334731 	-0.172624 	0.531593 	0.230761 	-1.37455 	1.47552e-06 	
4.175	0.334743 	-0.172602 	0.531579 	0.232242 	-1.37485 	1.37367e-06 	
4.18	0.334749 	-0.172612 	0.53156 	0.232242 	-1.37485 	1.36981e-06 	
4.185	0.334755 	-0.172623 	0.531541 	0.232242 	-1.37485 	1.36605e-06 	
