0	2.05304 	-0.0924187 	-1.55718 	0.000211844 	-0.0986639 	0.00457133 	
0.005	2.05304 	-0.0924186 	-1.55718 	0.000211846 	-0.0986639 	0.00457133 	
0.01	2.05304 	-0.0924186 	-1.55718 	0.000211847 	-0.0986639 	0.00457133 	
0.015	2.05304 	-0.0924186 	-1.55718 	0.000211849 	-0.0986639 	0.00457133 	
0.02	2.05304 	-0.0924185 	-1.55718 	0.00021185 	-0.0986639 	0.00457133 	
0.025	2.05304 	-0.0924185 	-1.55718 	0.00021185 	-0.0986639 	0.00457133 	
0.03	2.05304 	-0.0924184 	-1.55718 	0.000211848 	-0.098664 	0.00457133 	
0.035	2.05304 	-0.0924183 	-1.55718 	0.000211846 	-0.098664 	0.00457132 	
0.04	2.05304 	-0.0924181 	-1.55718 	0.000211842 	-0.0986642 	0.00457131 	
0.045	2.05304 	-0.0924179 	-1.55717 	0.000211835 	-0.0986643 	0.0045713 	
0.05	2.05304 	-0.0924176 	-1.55717 	0.000211827 	-0.0986645 	0.00457129 	
0.055	2.05305 	-0.0924174 	-1.55716 	0.000211816 	-0.0986648 	0.00457127 	
0.06	2.05305 	-0.092417 	-1.55716 	0.000211803 	-0.0986651 	0.00457125 	
0.065	2.05305 	-0.0924166 	-1.55715 	0.000211787 	-0.0986654 	0.00457122 	
0.07	2.05306 	-0.0924161 	-1.55714 	0.000211767 	-0.0986658 	0.00457119 	
0.075	2.05306 	-0.0924156 	-1.55713 	0.000211745 	-0.0986663 	0.00457115 	
0.08	2.0532 	-0.0925771 	-1.5573 	0.000224396 	-0.0986831 	0.00455344 	
0.085	2.0532 	-0.0925765 	-1.55729 	0.000224367 	-0.0986837 	0.0045534 	
0.09	2.05321 	-0.0925758 	-1.55727 	0.000224334 	-0.0986844 	0.00455334 	
0.095	2.05322 	-0.092575 	-1.55726 	0.000224298 	-0.0986851 	0.00455329 	
0.1	2.05323 	-0.0925741 	-1.55724 	0.000224258 	-0.098686 	0.00455322 	
0.105	2.05324 	-0.0925731 	-1.55722 	0.000224214 	-0.0986869 	0.00455315 	
0.11	2.05325 	-0.0925721 	-1.5572 	0.000224166 	-0.0986879 	0.00455308 	
0.115	2.05326 	-0.092571 	-1.55718 	0.000224114 	-0.098689 	0.004553 	
0.12	2.05327 	-0.0925698 	-1.55716 	0.000224057 	-0.0986902 	0.00455291 	
0.125	2.05329 	-0.0925685 	-1.55714 	0.000223997 	-0.0986914 	0.00455282 	
0.13	2.0533 	-0.0925671 	-1.55711 	0.000223933 	-0.0986928 	0.00455272 	
0.135	2.05332 	-0.0925657 	-1.55708 	0.000223864 	-0.0986942 	0.00455261 	
0.14	2.05334 	-0.0925642 	-1.55705 	0.000223791 	-0.0986957 	0.0045525 	
0.145	2.05335 	-0.0925626 	-1.55702 	0.000223714 	-0.0986974 	0.00455238 	
0.15	2.05337 	-0.0925609 	-1.55699 	0.000223633 	-0.0986991 	0.00455225 	
0.155	2.05339 	-0.0925591 	-1.55696 	0.000223547 	-0.0987009 	0.00455212 	
0.16	2.05341 	-0.0925572 	-1.55692 	0.000223457 	-0.0987027 	0.00455198 	
0.165	2.05178 	-0.091142 	-1.5593 	0.000289444 	-0.0987082 	0.004542 	
0.17	2.05212 	-0.0912099 	-1.55942 	0.000285796 	-0.0987228 	0.0045409 	
0.175	2.05238 	-0.0912861 	-1.55945 	0.000281551 	-0.0987356 	0.00453939 	
0.18	2.05254 	-0.0913486 	-1.55942 	0.000277941 	-0.098745 	0.00453794 	
0.185	2.0527 	-0.0914062 	-1.55938 	0.000274583 	-0.0987539 	0.00453658 	
0.19	2.05284 	-0.0914593 	-1.55935 	0.000271458 	-0.0987625 	0.00453529 	
0.195	2.05298 	-0.0915083 	-1.55931 	0.000268548 	-0.0987707 	0.00453409 	
0.2	2.05311 	-0.0915534 	-1.55926 	0.000265838 	-0.0987786 	0.00453295 	
0.205	2.05323 	-0.0915949 	-1.55922 	0.000263313 	-0.0987862 	0.00453187 	
0.21	2.05335 	-0.0916331 	-1.55917 	0.000260958 	-0.0987935 	0.00453084 	
0.215	2.05346 	-0.0916682 	-1.55912 	0.000258762 	-0.0988006 	0.00452987 	
0.22	2.05357 	-0.0917004 	-1.55907 	0.000256711 	-0.0988075 	0.00452895 	
0.225	2.05204 	-0.090344 	-1.5614 	0.000319952 	-0.0988176 	0.00451878 	
0.23	2.05246 	-0.0904402 	-1.5615 	0.000314648 	-0.0988365 	0.004517 	
0.235	2.05279 	-0.0905424 	-1.56151 	0.000308871 	-0.0988535 	0.00451485 	
0.24	2.05301 	-0.0906289 	-1.56146 	0.000303837 	-0.0988668 	0.0045128 	
0.245	2.05323 	-0.0907086 	-1.56141 	0.000299156 	-0.0988794 	0.00451087 	
0.25	2.05343 	-0.0907822 	-1.56136 	0.0002948 	-0.0988915 	0.00450905 	
0.255	2.05362 	-0.0908501 	-1.5613 	0.000290746 	-0.0989031 	0.00450735 	
0.26	2.05381 	-0.0909126 	-1.56123 	0.000286972 	-0.0989141 	0.00450573 	
0.265	2.05398 	-0.0909701 	-1.56117 	0.000283457 	-0.0989248 	0.00450421 	
0.27	2.05414 	-0.0910231 	-1.5611 	0.000280181 	-0.0989351 	0.00450278 	
0.275	2.05257 	-0.0896098 	-1.56356 	0.000346225 	-0.0989486 	0.00449199 	
0.28	2.05306 	-0.0897286 	-1.56366 	0.000339608 	-0.0989716 	0.00448969 	
0.285	2.05346 	-0.0898522 	-1.56367 	0.000332572 	-0.0989922 	0.00448701 	
0.29	2.05374 	-0.0899576 	-1.5636 	0.000326403 	-0.0990086 	0.00448445 	
0.295	2.054 	-0.0900549 	-1.56354 	0.000320666 	-0.0990242 	0.00448205 	
0.3	2.05425 	-0.0901446 	-1.56346 	0.00031533 	-0.0990391 	0.0044798 	
0.305	2.05449 	-0.0902272 	-1.56339 	0.000310365 	-0.0990533 	0.00447768 	
0.31	2.05471 	-0.0903034 	-1.56331 	0.000305743 	-0.0990669 	0.00447568 	
0.315	2.05327 	-0.0889873 	-1.56563 	0.000367312 	-0.0990834 	0.00446522 	
0.32	2.05379 	-0.0891222 	-1.56571 	0.000359712 	-0.0991087 	0.00446247 	
0.325	2.05422 	-0.0892604 	-1.5657 	0.000351791 	-0.0991315 	0.00445938 	
0.33	2.05454 	-0.0893796 	-1.56562 	0.000344778 	-0.0991502 	0.00445643 	
0.335	2.05484 	-0.0894897 	-1.56554 	0.000338257 	-0.0991681 	0.00445367 	
0.34	2.05512 	-0.0895912 	-1.56546 	0.000332193 	-0.0991851 	0.00445108 	
0.345	2.05525 	-0.0895042 	-1.56517 	0.000312448 	-0.0991833 	0.00446843 	
0.35	2.05388 	-0.0882389 	-1.56744 	0.00037177 	-0.0992022 	0.00445814 	
0.355	2.05444 	-0.0883872 	-1.5675 	0.000363354 	-0.0992295 	0.00445501 	
0.36	2.0549 	-0.0885375 	-1.56748 	0.000354684 	-0.0992543 	0.00445157 	
0.365	2.05525 	-0.0886682 	-1.56739 	0.00034697 	-0.099275 	0.00444829 	
0.37	2.05558 	-0.0887888 	-1.5673 	0.000339797 	-0.0992947 	0.00444522 	
0.375	2.0559 	-0.0889001 	-1.5672 	0.000333127 	-0.0993135 	0.00444233 	
0.38	2.05619 	-0.0890026 	-1.56711 	0.000326922 	-0.0993315 	0.00443961 	
0.385	2.05471 	-0.0876337 	-1.56957 	0.000391442 	-0.0993523 	0.00442879 	
0.39	2.05533 	-0.0877967 	-1.56965 	0.000382178 	-0.0993827 	0.00442533 	
0.395	2.05584 	-0.0879613 	-1.56962 	0.000372662 	-0.0994101 	0.00442152 	
0.4	2.05622 	-0.088104 	-1.56952 	0.000364209 	-0.0994328 	0.00441788 	
0.405	2.05659 	-0.0882357 	-1.56942 	0.00035635 	-0.0994544 	0.00441447 	
0.41	2.05693 	-0.0883572 	-1.56931 	0.000349043 	-0.0994749 	0.00441127 	
0.415	2.05558 	-0.0870956 	-1.57162 	0.000408593 	-0.099498 	0.00440088 	
0.42	2.05621 	-0.0872701 	-1.57167 	0.000398605 	-0.0995297 	0.00439705 	
0.425	2.05675 	-0.0874448 	-1.57164 	0.000388451 	-0.0995585 	0.00439291 	
0.43	2.05716 	-0.0875976 	-1.57153 	0.000379378 	-0.0995829 	0.00438897 	
0.435	2.05755 	-0.0877386 	-1.57142 	0.000370944 	-0.099606 	0.00438527 	
0.44	2.05792 	-0.0878686 	-1.5713 	0.000363102 	-0.0996281 	0.0043818 	
0.445	2.0565 	-0.086545 	-1.57374 	0.000425918 	-0.0996528 	0.00437118 	
0.45	2.05718 	-0.0867314 	-1.5738 	0.000415225 	-0.0996869 	0.00436705 	
0.455	2.05775 	-0.0869177 	-1.57376 	0.000404376 	-0.0997178 	0.00436258 	
0.46	2.05819 	-0.0870804 	-1.57364 	0.000394689 	-0.0997437 	0.00435833 	
0.465	2.0586 	-0.0872305 	-1.57352 	0.000385686 	-0.0997684 	0.00435433 	
0.47	2.05899 	-0.0873689 	-1.5734 	0.000377316 	-0.0997919 	0.00435059 	
0.475	2.05749 	-0.0859702 	-1.57599 	0.000444105 	-0.0998183 	0.00433975 	
0.48	2.05822 	-0.0861693 	-1.57606 	0.000432664 	-0.0998549 	0.00433532 	
0.485	2.05883 	-0.0863679 	-1.57602 	0.000421075 	-0.0998879 	0.00433049 	
0.49	2.0593 	-0.0865411 	-1.57589 	0.000410739 	-0.0999154 	0.0043259 	
0.495	2.05974 	-0.0867008 	-1.57576 	0.000401134 	-0.0999416 	0.00432159 	
0.5	2.05847 	-0.085488 	-1.57806 	0.000459049 	-0.0999699 	0.00431144 	
0.505	2.05919 	-0.0856959 	-1.57809 	0.000447009 	-0.100007 	0.00430662 	
0.51	2.0598 	-0.0859018 	-1.57803 	0.000434934 	-0.100041 	0.0043015 	
0.515	2.06029 	-0.0860832 	-1.57789 	0.000424088 	-0.100069 	0.00429663 	
0.52	2.06075 	-0.0862505 	-1.57776 	0.000414009 	-0.100097 	0.00429207 	
0.525	2.05945 	-0.0850124 	-1.58012 	0.000473445 	-0.100127 	0.00428194 	
0.53	2.0602 	-0.0852293 	-1.58015 	0.000460864 	-0.100165 	0.00427686 	
0.535	2.06084 	-0.0854436 	-1.58009 	0.000448262 	-0.1002 	0.00427146 	
0.54	2.06135 	-0.0856324 	-1.57995 	0.000436945 	-0.10023 	0.00426634 	
0.545	2.06183 	-0.0858065 	-1.5798 	0.00042643 	-0.100259 	0.00426153 	
0.55	2.06048 	-0.0845248 	-1.58227 	0.000488345 	-0.10029 	0.0042514 	
0.555	2.06127 	-0.0847511 	-1.58231 	0.000475195 	-0.10033 	0.00424606 	
0.56	2.06194 	-0.0849745 	-1.58224 	0.000462032 	-0.100367 	0.00424038 	
0.565	2.06247 	-0.0851711 	-1.58209 	0.00045022 	-0.100398 	0.00423497 	
0.57	2.06297 	-0.0853524 	-1.58194 	0.000439246 	-0.100428 	0.0042299 	
0.575	2.06156 	-0.0840277 	-1.5845 	0.000503657 	-0.10046 	0.00421982 	
0.58	2.06239 	-0.0842637 	-1.58455 	0.000489915 	-0.100503 	0.0042142 	
0.585	2.06309 	-0.0844966 	-1.58448 	0.000476168 	-0.100541 	0.00420821 	
0.59	2.06364 	-0.0847014 	-1.58432 	0.00046384 	-0.100573 	0.00420251 	
0.595	2.06416 	-0.0848901 	-1.58417 	0.000452389 	-0.100604 	0.00419717 	
0.6	2.06269 	-0.0835247 	-1.58683 	0.00051923 	-0.100638 	0.00418718 	
0.605	2.06356 	-0.0837708 	-1.58687 	0.000504879 	-0.100682 	0.00418128 	
0.61	2.06429 	-0.0840133 	-1.5868 	0.000490535 	-0.100721 	0.00417497 	
0.615	2.06486 	-0.0842264 	-1.58664 	0.000477679 	-0.100755 	0.00416897 	
0.62	2.06433 	-0.0838917 	-1.58971 	0.000590875 	-0.100867 	0.00407435 	
0.625	2.06515 	-0.084144 	-1.58971 	0.000576049 	-0.10091 	0.00406802 	
0.63	2.06587 	-0.0843908 	-1.58961 	0.000561379 	-0.10095 	0.00406144 	
0.635	2.06645 	-0.0846101 	-1.58945 	0.000548126 	-0.100984 	0.00405521 	
0.64	2.06534 	-0.0835156 	-1.59167 	0.000601767 	-0.10102 	0.0040459 	
0.645	2.06618 	-0.0837737 	-1.59166 	0.000586565 	-0.101065 	0.00403936 	
0.65	2.06691 	-0.084026 	-1.59157 	0.000571538 	-0.101105 	0.00403256 	
0.655	2.06751 	-0.0842501 	-1.5914 	0.00055796 	-0.101141 	0.00402612 	
0.66	2.06637 	-0.0831363 	-1.59368 	0.00061289 	-0.101178 	0.00401696 	
0.665	2.06723 	-0.0834006 	-1.59367 	0.000597297 	-0.101223 	0.00401022 	
0.67	2.06798 	-0.0836588 	-1.59357 	0.000581886 	-0.101265 	0.0040032 	
0.675	2.0686 	-0.0838882 	-1.5934 	0.000567966 	-0.101301 	0.00399654 	
0.68	2.06742 	-0.0827542 	-1.59574 	0.000624259 	-0.101339 	0.00398755 	
0.685	2.06831 	-0.0830249 	-1.59573 	0.000608255 	-0.101386 	0.00398058 	
0.69	2.06908 	-0.0832894 	-1.59563 	0.00059244 	-0.101428 	0.00397332 	
0.695	2.06971 	-0.0835242 	-1.59545 	0.00057816 	-0.101465 	0.00396643 	
0.7	2.06851 	-0.0823713 	-1.59784 	0.000635776 	-0.101504 	0.00395764 	
0.705	2.06942 	-0.0826487 	-1.59784 	0.000619345 	-0.101552 	0.00395044 	
0.71	2.07021 	-0.0829197 	-1.59774 	0.000603112 	-0.101595 	0.00394293 	
0.715	2.07085 	-0.0831602 	-1.59756 	0.000588459 	-0.101633 	0.00393581 	
0.72	2.06962 	-0.0819898 	-1.6 	0.000647351 	-0.101672 	0.00392723 	
0.725	2.07056 	-0.0822741 	-1.6 	0.000630484 	-0.101721 	0.0039198 	
0.73	2.07136 	-0.0825517 	-1.5999 	0.000613825 	-0.101766 	0.00391203 	
0.735	2.07202 	-0.0827979 	-1.59971 	0.000598792 	-0.101805 	0.00390466 	
0.74	2.07076 	-0.0816114 	-1.60221 	0.000658912 	-0.101845 	0.00389633 	
0.745	2.07172 	-0.0819026 	-1.60221 	0.000641604 	-0.101895 	0.00388865 	
0.75	2.07254 	-0.0821869 	-1.60211 	0.000624514 	-0.101941 	0.00388062 	
0.755	2.07321 	-0.0824389 	-1.60191 	0.000609096 	-0.10198 	0.00387299 	
0.76	2.07193 	-0.0812378 	-1.60446 	0.000670401 	-0.102021 	0.00386494 	
0.765	2.07291 	-0.0815359 	-1.60446 	0.000652649 	-0.102072 	0.00385701 	
0.77	2.07375 	-0.0818268 	-1.60436 	0.000635126 	-0.102119 	0.00384872 	
0.775	2.07443 	-0.0820846 	-1.60416 	0.000619321 	-0.102159 	0.00384083 	
0.78	2.07312 	-0.0808701 	-1.60675 	0.000681769 	-0.1022 	0.00383308 	
0.785	2.07412 	-0.0811751 	-1.60676 	0.000663574 	-0.102253 	0.00382491 	
0.79	2.07498 	-0.0814726 	-1.60665 	0.000645617 	-0.1023 	0.00381634 	
0.795	2.07568 	-0.0817363 	-1.60645 	0.000629425 	-0.102341 	0.00380819 	
0.8	2.07434 	-0.0805097 	-1.60909 	0.000692975 	-0.102384 	0.00380078 	
0.805	2.07536 	-0.0808215 	-1.6091 	0.000674337 	-0.102437 	0.00379235 	
0.81	2.07624 	-0.0811256 	-1.60899 	0.000655949 	-0.102485 	0.00378351 	
0.815	2.07694 	-0.0813949 	-1.60878 	0.000639371 	-0.102527 	0.00377509 	
0.82	2.07558 	-0.0801576 	-1.61146 	0.000703981 	-0.10257 	0.00376804 	
0.825	2.07663 	-0.0804761 	-1.61148 	0.000684904 	-0.102624 	0.00375936 	
0.83	2.07752 	-0.0807866 	-1.61136 	0.000666088 	-0.102674 	0.00375024 	
0.835	2.07824 	-0.0810617 	-1.61115 	0.000649127 	-0.102716 	0.00374157 	
0.84	2.07685 	-0.0798149 	-1.61388 	0.000714757 	-0.10276 	0.00373491 	
0.845	2.07791 	-0.08014 	-1.61389 	0.000695245 	-0.102815 	0.00372597 	
0.85	2.07882 	-0.0804569 	-1.61378 	0.000676005 	-0.102865 	0.00371657 	
0.855	2.07955 	-0.0807375 	-1.61356 	0.000658665 	-0.102908 	0.00370763 	
0.86	2.07814 	-0.0794825 	-1.61633 	0.000725272 	-0.102952 	0.00370139 	
0.865	2.07922 	-0.0798141 	-1.61635 	0.000705331 	-0.103009 	0.0036922 	
0.87	2.07949 	-0.0792996 	-1.61528 	0.00062078 	-0.102976 	0.0037775 	
0.875	2.08023 	-0.0795857 	-1.61506 	0.000603065 	-0.103019 	0.00376828 	
0.88	2.0788 	-0.0783241 	-1.61787 	0.00067068 	-0.103064 	0.00376259 	
0.885	2.07991 	-0.0786621 	-1.61788 	0.000650315 	-0.103122 	0.00375314 	
0.89	2.08084 	-0.0789913 	-1.61777 	0.000630241 	-0.103173 	0.00374319 	
0.895	2.07991 	-0.0780933 	-1.61991 	0.000678155 	-0.10322 	0.00373646 	
0.9	2.08093 	-0.0784348 	-1.61985 	0.000657427 	-0.103275 	0.00372641 	
0.905	2.08183 	-0.0787646 	-1.6197 	0.000637216 	-0.103325 	0.00371619 	
0.91	2.08259 	-0.0790601 	-1.61947 	0.00061886 	-0.10337 	0.00370652 	
0.915	2.08117 	-0.0778235 	-1.62228 	0.000686103 	-0.103416 	0.0037016 	
0.92	2.08229 	-0.0781697 	-1.6223 	0.000665144 	-0.103474 	0.00369174 	
0.925	2.08324 	-0.0785068 	-1.62217 	0.000644504 	-0.103527 	0.00368137 	
0.93	2.08229 	-0.0776072 	-1.62436 	0.000693306 	-0.103574 	0.00367526 	
0.935	2.08333 	-0.077957 	-1.6243 	0.00067198 	-0.10363 	0.00366481 	
0.94	2.08426 	-0.078295 	-1.62415 	0.000651189 	-0.103681 	0.00365416 	
0.945	2.08334 	-0.0774267 	-1.62629 	0.000698575 	-0.10373 	0.0036482 	
0.95	2.08439 	-0.0777789 	-1.62623 	0.000677057 	-0.103786 	0.00363757 	
0.955	2.08531 	-0.0781189 	-1.62607 	0.000656098 	-0.103837 	0.00362677 	
0.96	2.08439 	-0.0772521 	-1.62823 	0.000703751 	-0.103886 	0.00362112 	
0.965	2.08545 	-0.0776068 	-1.62816 	0.000682043 	-0.103942 	0.00361035 	
0.97	2.08638 	-0.0779491 	-1.62801 	0.000660899 	-0.103994 	0.00359941 	
0.975	2.08545 	-0.0770818 	-1.63018 	0.000708954 	-0.104043 	0.00359408 	
0.98	2.08651 	-0.077439 	-1.63012 	0.000687043 	-0.1041 	0.00358316 	
0.985	2.08745 	-0.0777839 	-1.62996 	0.0006657 	-0.104152 	0.00357206 	
0.99	2.08651 	-0.0769165 	-1.63216 	0.000714139 	-0.104201 	0.00356706 	
0.995	2.08758 	-0.0772766 	-1.63209 	0.000692015 	-0.104258 	0.00355599 	
1	2.08853 	-0.0776242 	-1.63194 	0.000670463 	-0.104311 	0.00354472 	
1.005	2.08759 	-0.0767572 	-1.63415 	0.000719257 	-0.10436 	0.00354005 	
1.01	2.08866 	-0.0771203 	-1.63409 	0.000696912 	-0.104418 	0.00352882 	
1.015	2.08961 	-0.0774708 	-1.63393 	0.000675144 	-0.10447 	0.00351738 	
1.02	2.08866 	-0.076605 	-1.63615 	0.000724265 	-0.10452 	0.00351304 	
1.025	2.08975 	-0.076971 	-1.63609 	0.000701693 	-0.104578 	0.00350164 	
1.03	2.09071 	-0.0773244 	-1.63593 	0.000679705 	-0.104631 	0.00349003 	
1.035	2.08975 	-0.0764603 	-1.63817 	0.000729126 	-0.104681 	0.00348603 	
1.04	2.09084 	-0.0768294 	-1.63811 	0.000706325 	-0.104739 	0.00347446 	
1.045	2.0918 	-0.0771857 	-1.63795 	0.000684114 	-0.104793 	0.00346267 	
1.05	2.09084 	-0.076324 	-1.64021 	0.00073381 	-0.104843 	0.00345901 	
1.055	2.09194 	-0.0766961 	-1.64015 	0.000710779 	-0.104901 	0.00344728 	
1.06	2.0929 	-0.0770554 	-1.63999 	0.000688344 	-0.104955 	0.00343531 	
1.065	2.09193 	-0.0761965 	-1.64225 	0.000738292 	-0.105005 	0.003432 	
1.07	2.09304 	-0.0765717 	-1.64219 	0.000715032 	-0.105064 	0.0034201 	
1.075	2.09401 	-0.0769338 	-1.64203 	0.000692374 	-0.105118 	0.00340795 	
1.08	2.09303 	-0.0760782 	-1.64431 	0.000742551 	-0.105169 	0.00340499 	
1.085	2.09414 	-0.0764564 	-1.64425 	0.000719063 	-0.105228 	0.00339292 	
1.09	2.09512 	-0.0768214 	-1.64409 	0.000696184 	-0.105282 	0.00338059 	
1.095	2.09413 	-0.0759697 	-1.64637 	0.000746569 	-0.105333 	0.00337799 	
1.1	2.09525 	-0.0763507 	-1.64631 	0.000722856 	-0.105393 	0.00336575 	
1.105	2.09624 	-0.0767185 	-1.64615 	0.000699758 	-0.105447 	0.00335325 	
1.11	2.09524 	-0.0758711 	-1.64845 	0.000750329 	-0.105498 	0.00335101 	
1.115	2.09636 	-0.076255 	-1.64839 	0.000726394 	-0.105558 	0.0033386 	
1.12	2.09735 	-0.0766256 	-1.64823 	0.000703081 	-0.105612 	0.00332592 	
1.125	2.09635 	-0.0757829 	-1.65053 	0.000753818 	-0.105663 	0.00332406 	
1.13	2.09748 	-0.0761696 	-1.65047 	0.000729666 	-0.105723 	0.00331147 	
1.135	2.09847 	-0.0765428 	-1.65031 	0.000706142 	-0.105778 	0.00329862 	
1.14	2.09747 	-0.0757052 	-1.65262 	0.000757025 	-0.105829 	0.00329713 	
1.145	2.0986 	-0.0760946 	-1.65256 	0.00073266 	-0.105889 	0.00328438 	
1.15	2.0996 	-0.0764704 	-1.6524 	0.00070893 	-0.105944 	0.00327136 	
1.155	2.09887 	-0.0760091 	-1.65515 	0.000788374 	-0.106033 	0.0032273 	
1.16	2.10001 	-0.076401 	-1.65509 	0.000763802 	-0.106093 	0.00321438 	
1.165	2.101 	-0.0767792 	-1.65492 	0.000739871 	-0.106148 	0.0032012 	
1.17	2.09999 	-0.0759531 	-1.65725 	0.000790957 	-0.1062 	0.00320044 	
1.175	2.10113 	-0.0763476 	-1.65719 	0.000766183 	-0.10626 	0.00318737 	
1.18	2.10213 	-0.0767281 	-1.65702 	0.000742057 	-0.106315 	0.00317401 	
1.185	2.10111 	-0.0759084 	-1.65936 	0.00079323 	-0.106367 	0.00317365 	
1.19	2.10225 	-0.0763052 	-1.6593 	0.00076826 	-0.106427 	0.00316041 	
1.195	2.10326 	-0.076688 	-1.65913 	0.000743944 	-0.106483 	0.0031469 	
1.2	2.10223 	-0.075875 	-1.66147 	0.000795184 	-0.106534 	0.00314692 	
1.205	2.10338 	-0.0762741 	-1.6614 	0.000770025 	-0.106595 	0.00313354 	
1.21	2.10438 	-0.0766591 	-1.66124 	0.000745526 	-0.10665 	0.00311986 	
1.215	2.10336 	-0.0758532 	-1.66358 	0.000796813 	-0.106702 	0.00312028 	
1.22	2.1045 	-0.0762543 	-1.66352 	0.000771472 	-0.106763 	0.00310674 	
1.225	2.10551 	-0.0766414 	-1.66335 	0.000746796 	-0.106818 	0.00309291 	
1.23	2.10448 	-0.0758429 	-1.66569 	0.000798111 	-0.10687 	0.00309373 	
1.235	2.10563 	-0.0762461 	-1.66563 	0.000772595 	-0.106931 	0.00308005 	
1.24	2.10664 	-0.076635 	-1.66546 	0.000747749 	-0.106986 	0.00306607 	
1.245	2.1056 	-0.0758443 	-1.66781 	0.000799073 	-0.107038 	0.00306729 	
1.25	2.10675 	-0.0762494 	-1.66775 	0.000773389 	-0.107099 	0.00305346 	
1.255	2.10776 	-0.0766401 	-1.66758 	0.00074838 	-0.107154 	0.00303933 	
1.26	2.10673 	-0.0758575 	-1.66992 	0.000799694 	-0.107206 	0.00304096 	
1.265	2.10788 	-0.0762643 	-1.66986 	0.000773849 	-0.107267 	0.00302699 	
1.27	2.10889 	-0.0766567 	-1.66969 	0.000748685 	-0.107322 	0.00301272 	
1.275	2.10785 	-0.0758825 	-1.67204 	0.000799969 	-0.107374 	0.00301475 	
1.28	2.109 	-0.0762909 	-1.67197 	0.000773972 	-0.107435 	0.00300064 	
1.285	2.11001 	-0.0766849 	-1.6718 	0.00074866 	-0.10749 	0.00298624 	
1.29	2.10897 	-0.0759194 	-1.67415 	0.000799896 	-0.107542 	0.00298867 	
1.295	2.11012 	-0.0763293 	-1.67409 	0.000773754 	-0.107603 	0.00297443 	
1.3	2.11113 	-0.0767247 	-1.67392 	0.000748302 	-0.107658 	0.00295989 	
1.305	2.11009 	-0.0759682 	-1.67626 	0.000799471 	-0.10771 	0.00296273 	
1.31	2.11123 	-0.0763794 	-1.6762 	0.000773192 	-0.10777 	0.00294837 	
1.315	2.11224 	-0.0767761 	-1.67602 	0.000747608 	-0.107826 	0.0029337 	
1.32	2.1112 	-0.0760288 	-1.67837 	0.00079869 	-0.107877 	0.00293695 	
1.325	2.11235 	-0.0764413 	-1.6783 	0.000772283 	-0.107938 	0.00292246 	
1.33	2.11336 	-0.0768392 	-1.67813 	0.000746575 	-0.107993 	0.00290767 	
1.335	2.11232 	-0.0761014 	-1.68047 	0.000797552 	-0.108044 	0.00291132 	
1.34	2.11346 	-0.0765149 	-1.6804 	0.000771026 	-0.108105 	0.00289672 	
1.345	2.11447 	-0.0769138 	-1.68023 	0.000745202 	-0.10816 	0.00288182 	
1.35	2.11343 	-0.0761858 	-1.68257 	0.000796054 	-0.108211 	0.00288586 	
1.355	2.11457 	-0.0766003 	-1.6825 	0.000769418 	-0.108272 	0.00287116 	
1.36	2.11557 	-0.077 	-1.68233 	0.000743486 	-0.108327 	0.00285614 	
1.365	2.11453 	-0.076282 	-1.68466 	0.000794196 	-0.108378 	0.00286059 	
1.37	2.11567 	-0.0766973 	-1.68459 	0.000767457 	-0.108438 	0.00284577 	
1.375	2.11667 	-0.0770978 	-1.68442 	0.000741428 	-0.108493 	0.00283065 	
1.38	2.11564 	-0.07639 	-1.68674 	0.000791975 	-0.108544 	0.00283549 	
1.385	2.11677 	-0.076806 	-1.68668 	0.000765144 	-0.108604 	0.00282058 	
1.39	2.11777 	-0.0772071 	-1.68651 	0.000739025 	-0.108659 	0.00280535 	
1.395	2.11673 	-0.0765097 	-1.68882 	0.000789392 	-0.10871 	0.00281059 	
1.4	2.11786 	-0.0769261 	-1.68875 	0.000762478 	-0.108769 	0.00279558 	
1.405	2.11886 	-0.0773277 	-1.68858 	0.000736278 	-0.108824 	0.00278026 	
1.41	2.11783 	-0.076641 	-1.69089 	0.000786446 	-0.108875 	0.00278589 	
1.415	2.11895 	-0.0770578 	-1.69082 	0.000759458 	-0.108934 	0.00277079 	
1.42	2.11995 	-0.0774596 	-1.69065 	0.000733187 	-0.108989 	0.00275539 	
1.425	2.11891 	-0.0767838 	-1.69295 	0.000783137 	-0.109039 	0.0027614 	
1.43	2.12004 	-0.0772007 	-1.69288 	0.000756085 	-0.109098 	0.00274622 	
1.435	2.12103 	-0.0776028 	-1.69271 	0.000729752 	-0.109152 	0.00273074 	
1.44	2.12 	-0.0769379 	-1.695 	0.000779466 	-0.109202 	0.00273713 	
1.445	2.12111 	-0.0773549 	-1.69493 	0.00075236 	-0.109262 	0.00272187 	
1.45	2.1221 	-0.077757 	-1.69476 	0.000725974 	-0.109316 	0.00270631 	
1.455	2.12107 	-0.0771033 	-1.69704 	0.000775434 	-0.109365 	0.00271307 	
1.46	2.12253 	-0.0779794 	-1.69751 	0.000783046 	-0.10947 	0.0026435 	
1.465	2.12351 	-0.0783814 	-1.69734 	0.000756617 	-0.109524 	0.00262788 	
1.47	2.12249 	-0.0777389 	-1.69961 	0.000805771 	-0.109573 	0.00263497 	
1.475	2.1236 	-0.0781556 	-1.69954 	0.000778586 	-0.109632 	0.00261959 	
1.48	2.12457 	-0.0785573 	-1.69937 	0.000752124 	-0.109685 	0.0026039 	
1.485	2.12355 	-0.0779262 	-1.70162 	0.000800987 	-0.109735 	0.00261136 	
1.49	2.12465 	-0.0783424 	-1.70156 	0.000773778 	-0.109793 	0.00259591 	
1.495	2.12562 	-0.0787438 	-1.70138 	0.000747294 	-0.109846 	0.00258017 	
1.5	2.12461 	-0.0781243 	-1.70363 	0.000795848 	-0.109895 	0.00258798 	
1.505	2.1257 	-0.0785399 	-1.70356 	0.000768626 	-0.109953 	0.00257248 	
1.51	2.12667 	-0.0789407 	-1.70339 	0.000742129 	-0.110005 	0.0025567 	
1.515	2.12566 	-0.0783329 	-1.70561 	0.000790356 	-0.110054 	0.00256485 	
1.52	2.12674 	-0.0787478 	-1.70554 	0.000763131 	-0.110112 	0.00254931 	
1.525	2.1277 	-0.0791479 	-1.70537 	0.000736632 	-0.110164 	0.00253348 	
1.53	2.1267 	-0.0785519 	-1.70759 	0.000784514 	-0.110212 	0.00254197 	
1.535	2.12778 	-0.0789659 	-1.70752 	0.000757297 	-0.110269 	0.00252639 	
1.54	2.12873 	-0.0793651 	-1.70735 	0.000730807 	-0.110321 	0.00251054 	
1.545	2.12773 	-0.078781 	-1.70955 	0.000778326 	-0.110369 	0.00251935 	
1.55	2.1288 	-0.0791939 	-1.70947 	0.000751128 	-0.110426 	0.00250374 	
1.555	2.12975 	-0.0795921 	-1.7093 	0.000724656 	-0.110478 	0.00248786 	
1.56	2.12875 	-0.07902 	-1.71149 	0.000771796 	-0.110525 	0.00249699 	
1.565	2.12982 	-0.0794317 	-1.71142 	0.000744628 	-0.110582 	0.00248136 	
1.57	2.13076 	-0.0798287 	-1.71125 	0.000718185 	-0.110633 	0.00246546 	
1.575	2.12977 	-0.0792686 	-1.71341 	0.000764927 	-0.11068 	0.0024749 	
1.58	2.13082 	-0.079679 	-1.71334 	0.0007378 	-0.110736 	0.00245925 	
1.585	2.13176 	-0.0800747 	-1.71317 	0.000711398 	-0.110787 	0.00244335 	
1.59	2.13078 	-0.0795267 	-1.71532 	0.000757725 	-0.110834 	0.00245307 	
1.595	2.13182 	-0.0799355 	-1.71525 	0.000730651 	-0.110889 	0.00243742 	
1.6	2.13275 	-0.0803297 	-1.71508 	0.0007043 	-0.110939 	0.00242151 	
1.605	2.13178 	-0.0797938 	-1.71721 	0.000750195 	-0.110986 	0.00243152 	
1.61	2.13281 	-0.080201 	-1.71713 	0.000723184 	-0.111041 	0.00241587 	
1.615	2.13373 	-0.0805936 	-1.71697 	0.000696896 	-0.111091 	0.00239997 	
1.62	2.13276 	-0.0800698 	-1.71908 	0.000742343 	-0.111137 	0.00241025 	
1.625	2.13379 	-0.0804751 	-1.719 	0.000715407 	-0.111191 	0.0023946 	
1.63	2.1347 	-0.0808659 	-1.71883 	0.000689191 	-0.111241 	0.00237872 	
1.635	2.13548 	-0.0812155 	-1.71859 	0.000665412 	-0.111284 	0.00236377 	
1.64	2.13397 	-0.0804205 	-1.72138 	0.000732657 	-0.111329 	0.0023831 	
1.645	2.13507 	-0.0808243 	-1.72139 	0.000705934 	-0.111386 	0.00236818 	
1.65	2.13601 	-0.0812175 	-1.72126 	0.000679589 	-0.111436 	0.00235242 	
1.655	2.13501 	-0.080697 	-1.72339 	0.00072597 	-0.111482 	0.00236401 	
1.66	2.13602 	-0.0811008 	-1.72332 	0.000699045 	-0.111535 	0.00234832 	
1.665	2.13692 	-0.0814904 	-1.72315 	0.000672815 	-0.111584 	0.00233235 	
1.67	2.13768 	-0.0818388 	-1.72291 	0.000649032 	-0.111626 	0.00231733 	
1.675	2.1362 	-0.0810826 	-1.72564 	0.000714732 	-0.11167 	0.00233728 	
1.68	2.13728 	-0.0814836 	-1.72564 	0.000688084 	-0.111726 	0.00232229 	
1.685	2.1382 	-0.0818741 	-1.72551 	0.000661821 	-0.111775 	0.00230649 	
1.69	2.13895 	-0.08222 	-1.72526 	0.000638156 	-0.111817 	0.00229149 	
1.695	2.13744 	-0.0814635 	-1.72801 	0.000704742 	-0.11186 	0.00231248 	
1.7	2.1385 	-0.0818637 	-1.72802 	0.000678111 	-0.111915 	0.00229749 	
1.705	2.13941 	-0.0822535 	-1.72789 	0.000651841 	-0.111964 	0.00228165 	
1.71	2.14016 	-0.0825987 	-1.72764 	0.00062818 	-0.112005 	0.00226662 	
1.715	2.13866 	-0.0818648 	-1.73036 	0.000693788 	-0.112048 	0.00228788 	
1.72	2.13971 	-0.0822633 	-1.73036 	0.000667213 	-0.112102 	0.00227285 	
1.725	2.14061 	-0.0826515 	-1.73023 	0.000641004 	-0.11215 	0.002257 	
1.73	2.14134 	-0.0829952 	-1.72998 	0.000617393 	-0.112191 	0.00224197 	
1.735	2.13987 	-0.0822857 	-1.73265 	0.000681827 	-0.112233 	0.00226341 	
1.74	2.1409 	-0.0826816 	-1.73265 	0.000655368 	-0.112287 	0.00224838 	
1.745	2.14179 	-0.0830672 	-1.73252 	0.000629277 	-0.112334 	0.00223256 	
1.75	2.14251 	-0.0834088 	-1.73227 	0.000605766 	-0.112374 	0.00221756 	
1.755	2.14107 	-0.0827234 	-1.73489 	0.000668996 	-0.112415 	0.00223915 	
1.76	2.14208 	-0.0831159 	-1.73489 	0.000642703 	-0.112468 	0.00222416 	
1.765	2.14297 	-0.0835247 	-1.73479 	0.000618752 	-0.112517 	0.00220523 	
1.77	2.14368 	-0.0838636 	-1.73455 	0.000595386 	-0.112557 	0.0021903 	
1.775	2.14226 	-0.0832019 	-1.73712 	0.000657388 	-0.112597 	0.00221202 	
1.78	2.14325 	-0.0835904 	-1.73711 	0.000631305 	-0.112649 	0.00219709 	
1.785	2.1441 	-0.0839689 	-1.73698 	0.00060559 	-0.112694 	0.00218142 	
1.79	2.1448 	-0.0843045 	-1.73674 	0.000582409 	-0.112733 	0.00216659 	
1.795	2.14341 	-0.0836661 	-1.73926 	0.000643159 	-0.112773 	0.00218841 	
1.8	2.14438 	-0.0840501 	-1.73925 	0.000617324 	-0.112824 	0.00217356 	
1.805	2.14522 	-0.0844243 	-1.73912 	0.000591855 	-0.112868 	0.00215801 	
1.81	2.14591 	-0.0847561 	-1.73888 	0.000568891 	-0.112907 	0.00214331 	
1.815	2.14454 	-0.0841408 	-1.74135 	0.000628361 	-0.112946 	0.00216518 	
1.82	2.14549 	-0.0845198 	-1.74134 	0.000602808 	-0.112995 	0.00215045 	
1.825	2.14632 	-0.084889 	-1.74121 	0.000577618 	-0.113039 	0.00213504 	
1.83	2.14699 	-0.0852167 	-1.74098 	0.000554901 	-0.113077 	0.00212048 	
1.835	2.14566 	-0.0846242 	-1.74339 	0.000613061 	-0.113115 	0.00214237 	
1.84	2.14658 	-0.0849977 	-1.74338 	0.000587821 	-0.113163 	0.00212778 	
1.845	2.14739 	-0.0853618 	-1.74325 	0.00056294 	-0.113206 	0.00211253 	
1.85	2.14806 	-0.0856849 	-1.74302 	0.000540497 	-0.113243 	0.00209814 	
1.855	2.14675 	-0.0851149 	-1.74538 	0.000597313 	-0.113281 	0.00212 	
1.86	2.14765 	-0.0854826 	-1.74536 	0.000572415 	-0.113328 	0.00210556 	
1.865	2.14844 	-0.0858411 	-1.74523 	0.000547871 	-0.11337 	0.0020905 	
1.87	2.14909 	-0.0861593 	-1.74502 	0.000525728 	-0.113406 	0.00207629 	
1.875	2.14782 	-0.0856116 	-1.74732 	0.000581167 	-0.113443 	0.00209809 	
1.88	2.1487 	-0.0859732 	-1.7473 	0.000556637 	-0.113489 	0.00208381 	
1.885	2.14947 	-0.0863256 	-1.74717 	0.000532456 	-0.11353 	0.00206895 	
1.89	2.15011 	-0.0866387 	-1.74696 	0.000510636 	-0.113565 	0.00205494 	
1.895	2.14887 	-0.086113 	-1.7492 	0.000564664 	-0.113601 	0.00207664 	
1.9	2.14973 	-0.0864681 	-1.74918 	0.000540529 	-0.113646 	0.00206255 	
1.905	2.15048 	-0.0868142 	-1.74905 	0.000516736 	-0.113686 	0.0020479 	
1.91	2.15111 	-0.0871218 	-1.74884 	0.000495263 	-0.113721 	0.00203412 	
1.915	2.14989 	-0.086618 	-1.75103 	0.000547845 	-0.113756 	0.00205565 	
1.92	2.15073 	-0.0869661 	-1.751 	0.000524128 	-0.1138 	0.00204177 	
1.925	2.15146 	-0.0873057 	-1.75088 	0.000500748 	-0.113839 	0.00202736 	
1.93	2.15208 	-0.0876075 	-1.75068 	0.000479643 	-0.113873 	0.0020138 	
1.935	2.15265 	-0.0878842 	-1.75047 	0.000460181 	-0.113904 	0.00200122 	
1.94	2.15106 	-0.0872128 	-1.75312 	0.00052832 	-0.113938 	0.00203105 	
1.945	2.15193 	-0.0875538 	-1.75315 	0.000505196 	-0.113983 	0.00201799 	
1.95	2.15267 	-0.0878893 	-1.75306 	0.000482118 	-0.114022 	0.00200394 	
1.955	2.15327 	-0.0881849 	-1.75286 	0.00046141 	-0.114055 	0.00199061 	
1.96	2.15383 	-0.0884559 	-1.75266 	0.000442315 	-0.114085 	0.00197824 	
1.965	2.15225 	-0.0878031 	-1.75526 	0.000509539 	-0.114118 	0.00200831 	
1.97	2.1531 	-0.0881377 	-1.75529 	0.000486805 	-0.114161 	0.00199543 	
1.975	2.15382 	-0.0884673 	-1.7552 	0.000464101 	-0.114199 	0.00198158 	
1.98	2.15439 	-0.0887577 	-1.75501 	0.000443727 	-0.114231 	0.00196845 	
1.985	2.15494 	-0.0890239 	-1.75481 	0.000424941 	-0.114261 	0.00195627 	
1.99	2.15342 	-0.0884068 	-1.75731 	0.000489581 	-0.114292 	0.00198571 	
1.995	2.15423 	-0.0887337 	-1.75734 	0.000467319 	-0.114334 	0.00197301 	
2	2.15493 	-0.0890558 	-1.75725 	0.000445092 	-0.114371 	0.00195942 	
2.005	2.15549 	-0.0893398 	-1.75706 	0.000425136 	-0.114402 	0.00194656 	
2.01	2.15601 	-0.0896003 	-1.75687 	0.000406734 	-0.114431 	0.00193462 	
2.015	2.15456 	-0.0890195 	-1.75927 	0.000468609 	-0.114461 	0.00196328 	
2.02	2.15533 	-0.0893373 	-1.75929 	0.000446907 	-0.114501 	0.00195083 	
2.025	2.156 	-0.0896506 	-1.7592 	0.000425245 	-0.114536 	0.00193755 	
2.03	2.15655 	-0.0899273 	-1.75902 	0.000405784 	-0.114566 	0.00192501 	
2.035	2.15705 	-0.0901809 	-1.75884 	0.000387839 	-0.114594 	0.00191337 	
2.04	2.15566 	-0.0896355 	-1.76113 	0.000446904 	-0.114623 	0.00194118 	
2.045	2.15641 	-0.0899434 	-1.76114 	0.000425833 	-0.114661 	0.00192902 	
2.05	2.15705 	-0.090247 	-1.76105 	0.000404805 	-0.114695 	0.0019161 	
2.055	2.15757 	-0.0905154 	-1.76088 	0.000385903 	-0.114724 	0.00190393 	
2.06	2.15806 	-0.0907614 	-1.76071 	0.000368473 	-0.114751 	0.00189263 	
2.065	2.15681 	-0.0903509 	-1.76302 	0.000432079 	-0.114789 	0.00190741 	
2.07	2.15752 	-0.0906481 	-1.76302 	0.000411698 	-0.114825 	0.00189559 	
2.075	2.15813 	-0.0909411 	-1.76293 	0.000391361 	-0.114858 	0.00188307 	
2.08	2.15864 	-0.0912005 	-1.76277 	0.00037307 	-0.114886 	0.0018713 	
2.085	2.15911 	-0.0914383 	-1.7626 	0.000356204 	-0.114912 	0.00186037 	
2.09	2.15955 	-0.0916562 	-1.76244 	0.000340657 	-0.114936 	0.00185023 	
2.095	2.15798 	-0.0910413 	-1.76491 	0.000407111 	-0.114962 	0.00188318 	
2.1	2.15869 	-0.0913266 	-1.76495 	0.000387618 	-0.114998 	0.0018722 	
2.105	2.1593 	-0.0916105 	-1.76489 	0.00036794 	-0.11503 	0.00186021 	
2.11	2.15978 	-0.0918599 	-1.76473 	0.00035033 	-0.115056 	0.00184887 	
2.115	2.16023 	-0.0920886 	-1.76458 	0.000334091 	-0.115081 	0.00183834 	
2.12	2.16065 	-0.0922982 	-1.76442 	0.000319122 	-0.115104 	0.00182858 	
2.125	2.15915 	-0.0917211 	-1.76677 	0.000382429 	-0.115129 	0.00186048 	
2.13	2.15982 	-0.0919945 	-1.76681 	0.000363708 	-0.115163 	0.00184986 	
2.135	2.16039 	-0.0922669 	-1.76675 	0.0003448 	-0.115193 	0.00183831 	
2.14	2.16084 	-0.0925065 	-1.7666 	0.00032787 	-0.115218 	0.00182741 	
2.145	2.16127 	-0.0927262 	-1.76645 	0.000312256 	-0.115242 	0.0018173 	
2.15	2.16168 	-0.0929277 	-1.7663 	0.000297862 	-0.115264 	0.00180792 	
2.155	2.16028 	-0.0924007 	-1.76849 	0.000356657 	-0.115287 	0.00183795 	
2.16	2.1609 	-0.0926605 	-1.76852 	0.000338818 	-0.115319 	0.00182773 	
2.165	2.16144 	-0.0929194 	-1.76846 	0.000320812 	-0.115347 	0.00181671 	
2.17	2.16187 	-0.0931477 	-1.76832 	0.00030467 	-0.115371 	0.00180633 	
2.175	2.16227 	-0.0933571 	-1.76819 	0.000289783 	-0.115393 	0.0017967 	
2.18	2.16265 	-0.0935492 	-1.76805 	0.000276057 	-0.115414 	0.00178777 	
2.185	2.16301 	-0.0937251 	-1.76791 	0.000263408 	-0.115433 	0.00177948 	
2.19	2.16148 	-0.0931415 	-1.77024 	0.000327939 	-0.115455 	0.00181327 	
2.195	2.16208 	-0.0933855 	-1.77029 	0.000311225 	-0.115485 	0.0018039 	
2.2	2.16259 	-0.093631 	-1.77025 	0.000294173 	-0.115512 	0.00179354 	
2.205	2.16299 	-0.0938462 	-1.77012 	0.000278946 	-0.115534 	0.00178376 	
2.21	2.16337 	-0.0940437 	-1.77 	0.000264901 	-0.115554 	0.00177469 	
2.215	2.16373 	-0.0942249 	-1.76987 	0.00025195 	-0.115574 	0.00176627 	
2.22	2.16406 	-0.094391 	-1.76974 	0.000240013 	-0.115592 	0.00175846 	
2.225	2.16437 	-0.094543 	-1.76961 	0.000229013 	-0.115609 	0.00175122 	
2.23	2.16275 	-0.0939253 	-1.77202 	0.000297136 	-0.115628 	0.00178765 	
2.235	2.16332 	-0.0941523 	-1.77209 	0.000281631 	-0.115657 	0.00177913 	
2.24	2.1638 	-0.0943828 	-1.77206 	0.000265647 	-0.115682 	0.00176948 	
2.245	2.16417 	-0.0945839 	-1.77195 	0.000251423 	-0.115702 	0.00176036 	
2.25	2.16452 	-0.0947686 	-1.77184 	0.0002383 	-0.115721 	0.00175189 	
2.255	2.16484 	-0.0949381 	-1.77173 	0.000226196 	-0.115739 	0.00174404 	
2.26	2.16515 	-0.0950935 	-1.77161 	0.000215036 	-0.115756 	0.00173676 	
2.265	2.16543 	-0.0952359 	-1.7715 	0.000204749 	-0.115772 	0.00173 	
2.27	2.1657 	-0.0953663 	-1.77138 	0.000195271 	-0.115787 	0.00172374 	
2.275	2.16408 	-0.0947529 	-1.77374 	0.000263125 	-0.115803 	0.00176069 	
2.28	2.1646 	-0.0949596 	-1.77382 	0.000249029 	-0.115829 	0.00175301 	
2.285	2.16504 	-0.0951712 	-1.77381 	0.000234366 	-0.115852 	0.0017442 	
2.29	2.16537 	-0.0953555 	-1.77371 	0.000221346 	-0.11587 	0.00173587 	
2.295	2.16568 	-0.0955249 	-1.77361 	0.000209329 	-0.115887 	0.00172814 	
2.3	2.16598 	-0.0956805 	-1.77352 	0.000198241 	-0.115903 	0.00172097 	
2.305	2.16625 	-0.0958233 	-1.77342 	0.000188013 	-0.115918 	0.00171432 	
2.31	2.16651 	-0.0959543 	-1.77332 	0.000178581 	-0.115932 	0.00170816 	
2.315	2.16675 	-0.0960744 	-1.77322 	0.000169887 	-0.115945 	0.00170244 	
2.32	2.16647 	-0.0954973 	-1.77229 	0.000111574 	-0.115889 	0.00178026 	
2.325	2.16669 	-0.095598 	-1.7722 	0.000104192 	-0.115901 	0.00177534 	
2.33	2.16503 	-0.0949714 	-1.77455 	0.000173343 	-0.115915 	0.00181371 	
2.335	2.1655 	-0.0951523 	-1.77464 	0.00016106 	-0.115938 	0.00180718 	
2.34	2.16588 	-0.0953403 	-1.77464 	0.000148075 	-0.115958 	0.00179946 	
2.345	2.16617 	-0.0955034 	-1.77457 	0.000136593 	-0.115973 	0.00179214 	
2.35	2.16644 	-0.0956533 	-1.77449 	0.00012599 	-0.115988 	0.00178536 	
2.355	2.16669 	-0.0957913 	-1.77442 	0.0001162 	-0.116001 	0.00177907 	
2.36	2.16693 	-0.0959181 	-1.77434 	0.000107164 	-0.116014 	0.00177324 	
2.365	2.16715 	-0.0960346 	-1.77426 	9.88254e-05 	-0.116026 	0.00176783 	
2.37	2.16735 	-0.0961416 	-1.77419 	9.11312e-05 	-0.116037 	0.00176281 	
2.375	2.16755 	-0.0962398 	-1.77411 	8.40335e-05 	-0.116048 	0.00175816 	
2.38	2.16773 	-0.09633 	-1.77404 	7.74876e-05 	-0.116058 	0.00175385 	
2.385	2.1679 	-0.0964126 	-1.77396 	7.14518e-05 	-0.116067 	0.00174985 	
2.39	2.16806 	-0.0964884 	-1.77389 	6.58877e-05 	-0.116076 	0.00174614 	
2.395	2.16821 	-0.0965578 	-1.77382 	6.07596e-05 	-0.116085 	0.0017427 	
2.4	2.16835 	-0.0966213 	-1.77375 	5.60345e-05 	-0.116092 	0.00173951 	
2.405	2.16672 	-0.0960044 	-1.77599 	0.000123714 	-0.116102 	0.00177775 	
2.41	2.1671 	-0.0961488 	-1.7761 	0.000113991 	-0.116121 	0.00177275 	
2.415	2.16741 	-0.0963028 	-1.77612 	0.000103429 	-0.116136 	0.00176656 	
2.42	2.16763 	-0.0964357 	-1.77607 	9.41437e-05 	-0.116148 	0.00176071 	
2.425	2.16784 	-0.0965582 	-1.77603 	8.55595e-05 	-0.11616 	0.00175528 	
2.43	2.16804 	-0.0966712 	-1.77598 	7.76233e-05 	-0.11617 	0.00175025 	
2.435	2.16822 	-0.0967753 	-1.77593 	7.0288e-05 	-0.11618 	0.00174559 	
2.44	2.16839 	-0.0968714 	-1.77589 	6.35074e-05 	-0.116189 	0.00174126 	
2.445	2.16855 	-0.0969599 	-1.77584 	5.72396e-05 	-0.116198 	0.00173725 	
2.45	2.1687 	-0.0970415 	-1.7758 	5.14467e-05 	-0.116206 	0.00173354 	
2.455	2.16884 	-0.0971167 	-1.77576 	4.60927e-05 	-0.116213 	0.00173009 	
2.46	2.16896 	-0.097186 	-1.77572 	4.11443e-05 	-0.11622 	0.0017269 	
2.465	2.16908 	-0.0972499 	-1.77568 	3.65705e-05 	-0.116227 	0.00172394 	
2.47	2.1692 	-0.0973088 	-1.77564 	3.23428e-05 	-0.116233 	0.00172119 	
2.475	2.1693 	-0.0973631 	-1.7756 	2.84347e-05 	-0.116238 	0.00171865 	
2.48	2.1694 	-0.0974132 	-1.77556 	2.48215e-05 	-0.116244 	0.00171629 	
2.485	2.16949 	-0.0974594 	-1.77553 	2.14805e-05 	-0.116249 	0.0017141 	
2.49	2.16958 	-0.097502 	-1.77549 	1.83906e-05 	-0.116253 	0.00171207 	
2.495	2.16965 	-0.0975414 	-1.77546 	1.55321e-05 	-0.116258 	0.00171019 	
2.5	2.16973 	-0.0975778 	-1.77543 	1.28871e-05 	-0.116262 	0.00170845 	
2.505	2.1698 	-0.0976114 	-1.7754 	1.04381e-05 	-0.116266 	0.00170684 	
2.51	2.16986 	-0.0976424 	-1.77538 	8.17926e-06 	-0.116269 	0.00170534 	
2.515	2.16992 	-0.0976704 	-1.77535 	6.12201e-06 	-0.116272 	0.00170397 	
2.52	2.16997 	-0.0976962 	-1.77533 	4.22872e-06 	-0.116275 	0.00170271 	
2.525	2.17002 	-0.0977202 	-1.77531 	2.46571e-06 	-0.116278 	0.00170154 	
2.53	2.17007 	-0.0977427 	-1.77529 	8.13537e-07 	-0.116281 	0.00170044 	
2.535	2.17012 	-0.0977641 	-1.77527 	-7.42161e-07 	-0.116283 	0.00169941 	
2.54	2.17016 	-0.0977843 	-1.77525 	-2.21194e-06 	-0.116286 	0.00169845 	
2.545	2.1702 	-0.0978036 	-1.77524 	-3.60883e-06 	-0.116288 	0.00169753 	
2.55	2.17024 	-0.0978222 	-1.77522 	-4.9444e-06 	-0.11629 	0.00169667 	
2.555	2.17028 	-0.0978403 	-1.77521 	-6.22936e-06 	-0.116292 	0.00169585 	
2.56	2.17032 	-0.0978579 	-1.7752 	-7.47359e-06 	-0.116294 	0.00169506 	
2.565	2.17035 	-0.0978752 	-1.77519 	-8.68627e-06 	-0.116296 	0.0016943 	
2.57	2.17053 	-0.098082 	-1.77541 	3.9799e-06 	-0.116316 	0.00167061 	
2.575	2.17056 	-0.0980992 	-1.7754 	2.79621e-06 	-0.116318 	0.00166989 	
2.58	2.1706 	-0.0981171 	-1.77539 	1.58806e-06 	-0.11632 	0.00166918 	
2.585	2.17063 	-0.0981354 	-1.77539 	3.69061e-07 	-0.116322 	0.00166847 	
2.59	2.17007 	-0.0955439 	-1.77631 	0.000138594 	-0.116325 	0.00166582 	
2.595	2.17019 	-0.0957213 	-1.77635 	0.000127742 	-0.116333 	0.00166125 	
2.6	2.17029 	-0.095936 	-1.77638 	0.000114842 	-0.11634 	0.00165554 	
2.605	2.17036 	-0.0961245 	-1.77638 	0.000103599 	-0.116345 	0.0016504 	
2.61	2.17043 	-0.0963012 	-1.77638 	9.30645e-05 	-0.11635 	0.00164559 	
2.615	2.1705 	-0.096467 	-1.77639 	8.31794e-05 	-0.116354 	0.00164108 	
2.62	2.17057 	-0.0966228 	-1.77639 	7.38904e-05 	-0.116358 	0.00163683 	
2.625	2.17064 	-0.0967694 	-1.7764 	6.51478e-05 	-0.116362 	0.00163284 	
2.63	2.17071 	-0.0969077 	-1.7764 	5.69055e-05 	-0.116366 	0.00162907 	
2.635	2.17129 	-0.0935731 	-1.77597 	0.000205113 	-0.116371 	0.00158889 	
2.64	2.17136 	-0.0938736 	-1.77599 	0.000187689 	-0.116378 	0.0015817 	
2.645	2.17139 	-0.0942081 	-1.77599 	0.000168391 	-0.116382 	0.00157383 	
2.65	2.17141 	-0.0945068 	-1.77598 	0.000151169 	-0.116386 	0.00156676 	
2.655	2.17144 	-0.0947864 	-1.77597 	0.000135041 	-0.116389 	0.00156014 	
2.66	2.17147 	-0.0950487 	-1.77597 	0.000119911 	-0.116393 	0.00155391 	
2.665	2.17207 	-0.0920408 	-1.77544 	0.000250208 	-0.116397 	0.00151135 	
2.67	2.1721 	-0.0924362 	-1.77545 	0.000227604 	-0.116402 	0.00150236 	
2.675	2.1721 	-0.0928549 	-1.77543 	0.000203696 	-0.116406 	0.00149291 	
2.68	2.1721 	-0.0932333 	-1.77542 	0.000182101 	-0.116409 	0.00148434 	
2.685	2.1721 	-0.0935874 	-1.77541 	0.00016188 	-0.116412 	0.0014763 	
2.69	2.17268 	-0.0907048 	-1.77487 	0.000285501 	-0.116416 	0.00143229 	
2.695	2.17269 	-0.0911778 	-1.77486 	0.000258604 	-0.116421 	0.00142177 	
2.7	2.17266 	-0.0916683 	-1.77484 	0.000230727 	-0.116425 	0.0014109 	
2.705	2.17264 	-0.0921139 	-1.77482 	0.000205411 	-0.116428 	0.001401 	
2.71	2.17263 	-0.0925308 	-1.7748 	0.000181711 	-0.116431 	0.00139171 	
2.715	2.17327 	-0.0892923 	-1.77419 	0.000320511 	-0.116434 	0.00134184 	
2.72	2.17327 	-0.0898414 	-1.77419 	0.000289389 	-0.11644 	0.00132975 	
2.725	2.17323 	-0.090409 	-1.77416 	0.000257221 	-0.116444 	0.00131731 	
2.73	2.17319 	-0.0909247 	-1.77414 	0.000227998 	-0.116446 	0.00130597 	
2.735	2.17375 	-0.0881 	-1.77357 	0.000347422 	-0.11645 	0.00125787 	
2.74	2.17373 	-0.0887182 	-1.77356 	0.000312434 	-0.116455 	0.00124435 	
2.745	2.17368 	-0.0893456 	-1.77353 	0.000276928 	-0.116459 	0.00123066 	
2.75	2.17363 	-0.0899186 	-1.7735 	0.00024451 	-0.116462 	0.00121812 	
2.755	2.17423 	-0.0869179 	-1.77289 	0.000371193 	-0.116465 	0.00116635 	
2.76	2.1742 	-0.0875979 	-1.77287 	0.000332763 	-0.116471 	0.00115152 	
2.765	2.17414 	-0.0882863 	-1.77284 	0.000293851 	-0.116475 	0.00113654 	
2.77	2.17409 	-0.0889151 	-1.77281 	0.000258308 	-0.116477 	0.00112281 	
2.775	2.17472 	-0.0856853 	-1.77215 	0.000394637 	-0.116481 	0.00106679 	
2.78	2.17469 	-0.0864285 	-1.77214 	0.000352677 	-0.116487 	0.0010506 	
2.785	2.17463 	-0.08718 	-1.7721 	0.000310238 	-0.116491 	0.00103427 	
2.79	2.17512 	-0.0847186 	-1.77154 	0.000411331 	-0.116495 	0.000983771 	
2.795	2.17506 	-0.0855189 	-1.77152 	0.000366162 	-0.1165 	0.000966377 	
2.8	2.17498 	-0.0863139 	-1.77148 	0.000321289 	-0.116504 	0.000949108 	
2.805	2.17548 	-0.0838214 	-1.7709 	0.000423325 	-0.116508 	0.000896867 	
2.81	2.17542 	-0.0846662 	-1.77087 	0.00037567 	-0.116513 	0.000878506 	
2.815	2.17534 	-0.0855038 	-1.77083 	0.000328413 	-0.116517 	0.000860309 	
2.82	2.17586 	-0.0829033 	-1.77023 	0.000434862 	-0.116521 	0.000805579 	
2.825	2.1758 	-0.0837925 	-1.7702 	0.000384725 	-0.116526 	0.000786244 	
2.83	2.17571 	-0.0846738 	-1.77016 	0.000335028 	-0.116531 	0.000767094 	
2.835	2.17625 	-0.0819601 	-1.76953 	0.00044611 	-0.116535 	0.000709799 	
2.84	2.17614 	-0.0828217 	-1.76942 	0.000387882 	-0.116534 	0.000698463 	
2.845	2.17605 	-0.0837474 	-1.76937 	0.0003357 	-0.116538 	0.000678338 	
2.85	2.17661 	-0.0809226 	-1.76872 	0.000451329 	-0.116542 	0.000618483 	
2.855	2.17655 	-0.0819027 	-1.76869 	0.000396116 	-0.116549 	0.000597145 	
2.86	2.17646 	-0.0828734 	-1.76864 	0.000341428 	-0.116553 	0.000576034 	
2.865	2.17704 	-0.0799401 	-1.76796 	0.000461489 	-0.116558 	0.000513624 	
2.87	2.17698 	-0.0809667 	-1.76793 	0.000403682 	-0.116564 	0.000491256 	
2.875	2.17688 	-0.0819829 	-1.76788 	0.00034645 	-0.116569 	0.00046914 	
2.88	2.17748 	-0.0789437 	-1.76717 	0.000470836 	-0.116574 	0.000404193 	
2.885	2.17742 	-0.080017 	-1.76715 	0.000410428 	-0.116581 	0.000380787 	
2.89	2.17732 	-0.0810789 	-1.7671 	0.000350646 	-0.116586 	0.00035766 	
2.895	2.17794 	-0.0779362 	-1.76636 	0.000479259 	-0.116591 	0.000290202 	
2.9	2.17788 	-0.0790562 	-1.76633 	0.000416251 	-0.116598 	0.000265755 	
2.905	2.17777 	-0.0801637 	-1.76628 	0.000353923 	-0.116603 	0.000241615 	
2.91	2.17842 	-0.0769198 	-1.76552 	0.000486674 	-0.116608 	0.000171674 	
2.915	2.17835 	-0.0780864 	-1.76549 	0.000421075 	-0.116616 	0.000146185 	
2.92	2.17824 	-0.0792394 	-1.76544 	0.000356213 	-0.116621 	0.000121032 	
2.925	2.1789 	-0.0758966 	-1.76465 	0.000493012 	-0.116626 	4.86414e-05 	
2.93	2.17883 	-0.0771094 	-1.76462 	0.00042484 	-0.116634 	2.21125e-05 	
2.935	2.17926 	-0.0751473 	-1.76404 	0.000498504 	-0.11664 	-3.93575e-05 	
2.94	2.17915 	-0.0764073 	-1.76398 	0.000427682 	-0.116646 	-6.68642e-05 	
2.945	2.17902 	-0.0776314 	-1.76392 	0.000358868 	-0.116652 	-9.35892e-05 	
2.95	2.17969 	-0.0742645 	-1.76311 	0.000496162 	-0.116656 	-0.00016852 	
2.955	2.17961 	-0.0755486 	-1.76308 	0.00042403 	-0.116665 	-0.000196661 	
2.96	2.18006 	-0.07351 	-1.76247 	0.00050051 	-0.116671 	-0.0002612 	
2.965	2.17994 	-0.0748405 	-1.76242 	0.000425783 	-0.116678 	-0.000290298 	
2.97	2.18036 	-0.0728944 	-1.76181 	0.000497921 	-0.116683 	-0.000354611 	
2.975	2.18024 	-0.0742508 	-1.76175 	0.000421762 	-0.11669 	-0.000384297 	
2.98	2.18067 	-0.0722827 	-1.76114 	0.000494704 	-0.116695 	-0.000449611 	
2.985	2.18055 	-0.0736634 	-1.76108 	0.000417204 	-0.116702 	-0.000479856 	
2.99	2.18098 	-0.0716629 	-1.76046 	0.000491409 	-0.116708 	-0.000546295 	
2.995	2.18086 	-0.073068 	-1.7604 	0.000412558 	-0.116715 	-0.000577104 	
3	2.18131 	-0.0710353 	-1.75977 	0.000488026 	-0.116721 	-0.000644678 	
3.005	2.18118 	-0.0724652 	-1.75971 	0.000407808 	-0.116728 	-0.000676059 	
3.01	2.18164 	-0.0704011 	-1.75907 	0.000484494 	-0.116734 	-0.000744765 	
3.015	2.18152 	-0.071856 	-1.75901 	0.0004029 	-0.116742 	-0.000776723 	
3.02	2.18198 	-0.0697617 	-1.75836 	0.000480759 	-0.116748 	-0.000846553 	
3.025	2.18185 	-0.0712417 	-1.7583 	0.000397782 	-0.116756 	-0.000879091 	
3.03	2.18232 	-0.0691181 	-1.75764 	0.000476774 	-0.116762 	-0.000950037 	
3.035	2.1822 	-0.0706232 	-1.75758 	0.000392412 	-0.11677 	-0.000983157 	
3.04	2.18267 	-0.0684712 	-1.75691 	0.000472499 	-0.116776 	-0.00105521 	
3.045	2.18255 	-0.0700015 	-1.75686 	0.000386753 	-0.116784 	-0.00108891 	
3.05	2.18303 	-0.0678221 	-1.75617 	0.0004679 	-0.11679 	-0.00116206 	
3.055	2.18291 	-0.0693775 	-1.75612 	0.000380776 	-0.116798 	-0.00119635 	
3.06	2.18339 	-0.0671714 	-1.75543 	0.00046295 	-0.116805 	-0.00127058 	
3.065	2.18327 	-0.0687518 	-1.75537 	0.000374455 	-0.116813 	-0.00130544 	
3.07	2.18376 	-0.0665199 	-1.75467 	0.000457625 	-0.11682 	-0.00138074 	
3.075	2.18364 	-0.068125 	-1.75462 	0.00036777 	-0.116828 	-0.00141618 	
3.08	2.1846 	-0.0664295 	-1.75462 	0.000498253 	-0.116891 	-0.00156414 	
3.085	2.18447 	-0.0680597 	-1.75457 	0.000407019 	-0.116899 	-0.00160017 	
3.09	2.18498 	-0.0657801 	-1.75385 	0.000492069 	-0.116906 	-0.00167762 	
3.095	2.18485 	-0.0674371 	-1.7538 	0.000399364 	-0.116915 	-0.00171427 	
3.1	2.18536 	-0.0651341 	-1.75307 	0.000485313 	-0.116921 	-0.00179275 	
3.105	2.18523 	-0.0668148 	-1.75302 	0.000391318 	-0.11693 	-0.00182996 	
3.11	2.18574 	-0.0644886 	-1.75228 	0.000478176 	-0.116936 	-0.00190943 	
3.115	2.18561 	-0.0661928 	-1.75223 	0.000382897 	-0.116945 	-0.0019472 	
3.12	2.18613 	-0.0638442 	-1.75148 	0.000470635 	-0.116952 	-0.00202765 	
3.125	2.186 	-0.0655716 	-1.75143 	0.000374088 	-0.116961 	-0.00206596 	
3.13	2.18652 	-0.0632014 	-1.75068 	0.000462679 	-0.116968 	-0.00214737 	
3.135	2.18639 	-0.0649518 	-1.75062 	0.000364881 	-0.116977 	-0.00218623 	
3.14	2.18692 	-0.0625607 	-1.74986 	0.000454299 	-0.116984 	-0.00226858 	
3.145	2.18678 	-0.0643337 	-1.74981 	0.000355268 	-0.116993 	-0.00230797 	
3.15	2.18732 	-0.0619225 	-1.74904 	0.000445488 	-0.117 	-0.00239126 	
3.155	2.18718 	-0.0637178 	-1.74898 	0.000345244 	-0.117009 	-0.00243118 	
3.16	2.18772 	-0.0612871 	-1.74821 	0.000436241 	-0.117016 	-0.00251537 	
3.165	2.18758 	-0.0631044 	-1.74815 	0.000334804 	-0.117025 	-0.00255581 	
3.17	2.18812 	-0.0606549 	-1.74737 	0.000426553 	-0.117032 	-0.00264089 	
3.175	2.18799 	-0.0624938 	-1.74731 	0.000323946 	-0.117042 	-0.00268185 	
3.18	2.18853 	-0.0600263 	-1.74652 	0.000416424 	-0.117048 	-0.00276779 	
3.185	2.18839 	-0.0618864 	-1.74647 	0.000312667 	-0.117058 	-0.00280926 	
3.19	2.18894 	-0.0594016 	-1.74567 	0.000405851 	-0.117065 	-0.00289605 	
3.195	2.1888 	-0.0612825 	-1.74561 	0.000300968 	-0.117075 	-0.00293801 	
3.2	2.18935 	-0.058781 	-1.74481 	0.000394833 	-0.117082 	-0.00302563 	
3.205	2.18921 	-0.0606823 	-1.74475 	0.000288849 	-0.117091 	-0.00306809 	
3.21	2.18977 	-0.0581648 	-1.74394 	0.000383372 	-0.117098 	-0.00315651 	
3.215	2.18963 	-0.0600861 	-1.74389 	0.000276311 	-0.117108 	-0.00319945 	
3.22	2.19018 	-0.0575533 	-1.74307 	0.000371469 	-0.117115 	-0.00328865 	
3.225	2.19004 	-0.0594942 	-1.74301 	0.000263355 	-0.117125 	-0.00333207 	
3.23	2.1906 	-0.0569468 	-1.74219 	0.000359125 	-0.117132 	-0.00342203 	
3.235	2.19046 	-0.0589068 	-1.74213 	0.000249984 	-0.117142 	-0.00346591 	
3.24	2.19102 	-0.0563455 	-1.7413 	0.000346342 	-0.117149 	-0.00355661 	
3.245	2.19088 	-0.0583241 	-1.74124 	0.000236201 	-0.117159 	-0.00360095 	
3.25	2.19144 	-0.0557496 	-1.74041 	0.000333125 	-0.117166 	-0.00369237 	
3.255	2.1913 	-0.0577464 	-1.74035 	0.000222008 	-0.117176 	-0.00373715 	
3.26	2.19187 	-0.0551594 	-1.73951 	0.000319475 	-0.117182 	-0.00382926 	
3.265	2.19172 	-0.0571739 	-1.73945 	0.000207411 	-0.117193 	-0.00387448 	
3.27	2.19229 	-0.054575 	-1.73861 	0.000305396 	-0.117199 	-0.00396727 	
3.275	2.19214 	-0.0566067 	-1.73855 	0.000192411 	-0.11721 	-0.00401291 	
3.28	2.19272 	-0.0539967 	-1.7377 	0.000290892 	-0.117216 	-0.00410634 	
3.285	2.19257 	-0.0560452 	-1.73764 	0.000177014 	-0.117227 	-0.0041524 	
3.29	2.19314 	-0.0534246 	-1.73678 	0.000275967 	-0.117234 	-0.00424646 	
3.295	2.193 	-0.0554894 	-1.73673 	0.000161224 	-0.117244 	-0.00429293 	
3.3	2.19357 	-0.052859 	-1.73587 	0.000260626 	-0.117251 	-0.00438758 	
3.305	2.19342 	-0.0549396 	-1.73581 	0.000145046 	-0.117261 	-0.00443444 	
3.31	2.194 	-0.0523001 	-1.73494 	0.000244872 	-0.117268 	-0.00452967 	
3.315	2.19385 	-0.0543959 	-1.73489 	0.000128483 	-0.117278 	-0.00457692 	
3.32	2.19443 	-0.051748 	-1.73402 	0.000228711 	-0.117285 	-0.00467271 	
3.325	2.19428 	-0.0538586 	-1.73396 	0.000111542 	-0.117295 	-0.00472033 	
3.33	2.19486 	-0.0512029 	-1.73309 	0.000212146 	-0.117302 	-0.00481664 	
3.335	2.19471 	-0.0533278 	-1.73303 	9.42259e-05 	-0.117312 	-0.00486462 	
3.34	2.19529 	-0.050665 	-1.73215 	0.000195183 	-0.117319 	-0.00496144 	
3.345	2.19514 	-0.0528037 	-1.7321 	7.65408e-05 	-0.117329 	-0.00500977 	
3.35	2.19572 	-0.0501345 	-1.73121 	0.000177827 	-0.117336 	-0.00510707 	
3.355	2.19547 	-0.0521783 	-1.73102 	4.84169e-05 	-0.117335 	-0.00514116 	
3.36	2.19605 	-0.0495035 	-1.73013 	0.000149988 	-0.117342 	-0.00523891 	
3.365	2.1959 	-0.0516677 	-1.73008 	3.00147e-05 	-0.117352 	-0.0052879 	
3.37	2.19648 	-0.0489874 	-1.72918 	0.000131894 	-0.117359 	-0.00538607 	
3.375	2.19633 	-0.0511637 	-1.72913 	1.12904e-05 	-0.117369 	-0.00543537 	
3.38	2.19691 	-0.0484792 	-1.72824 	0.000113418 	-0.117376 	-0.00553395 	
3.385	2.19676 	-0.0506672 	-1.72819 	-7.79312e-06 	-0.117386 	-0.00558356 	
3.39	2.19734 	-0.0479792 	-1.72729 	9.45613e-05 	-0.117393 	-0.00568253 	
3.395	2.19719 	-0.0501783 	-1.72724 	-2.72276e-05 	-0.117403 	-0.00573243 	
3.4	2.19777 	-0.0474874 	-1.72634 	7.53291e-05 	-0.11741 	-0.00583175 	
3.405	2.19762 	-0.0496972 	-1.72629 	-4.70067e-05 	-0.11742 	-0.00588194 	
3.41	2.19821 	-0.047004 	-1.72539 	5.57277e-05 	-0.117427 	-0.0059816 	
3.415	2.19805 	-0.0492239 	-1.72534 	-6.71244e-05 	-0.117437 	-0.00603205 	
3.42	2.19864 	-0.0465292 	-1.72443 	3.57631e-05 	-0.117443 	-0.00613202 	
3.425	2.19848 	-0.0487586 	-1.72438 	-8.75745e-05 	-0.117454 	-0.00618273 	
3.43	2.19907 	-0.046063 	-1.72348 	1.5441e-05 	-0.11746 	-0.00628297 	
3.435	2.19891 	-0.0483014 	-1.72343 	-0.000108351 	-0.11747 	-0.00633393 	
3.44	2.19949 	-0.0456056 	-1.72252 	-5.2328e-06 	-0.117477 	-0.00643443 	
3.445	2.19934 	-0.0478524 	-1.72247 	-0.000129449 	-0.117487 	-0.00648562 	
3.45	2.19992 	-0.0451572 	-1.72157 	-2.62527e-05 	-0.117493 	-0.00658636 	
3.455	2.19977 	-0.0474118 	-1.72152 	-0.000150861 	-0.117503 	-0.00663777 	
3.46	2.20035 	-0.0447177 	-1.72061 	-4.7613e-05 	-0.117509 	-0.00673871 	
3.465	2.20019 	-0.0469797 	-1.72056 	-0.000172583 	-0.11752 	-0.00679032 	
3.47	1.9288 	-0.103461 	-1.12828 	0.0106247 	-0.0927768 	-0.00489777 	
3.475	1.12964 	-0.277867 	0.611855 	0.0420909 	-0.0200156 	0.000700943 	
3.48	0.9253 	-0.314847 	1.06085 	0.0505286 	-0.00125979 	0.00142075 	
3.485	0.187943 	-0.4663 	2.65006 	0.0794091 	0.0654313 	0.00614111 	
3.49	0.0711041 	-0.484668 	2.92787 	0.0849906 	0.0769808 	0.00571841 	
3.495	-0.518376 	-0.608273 	4.27938 	0.110372 	0.133072 	0.0082421 	
3.5	-0.597279 	-0.563059 	4.34748 	0.114006 	0.137422 	0.0045967 	
3.505	-0.959035 	-0.504542 	4.93469 	0.13029 	0.164526 	-0.00187077 	
3.51	-0.895962 	-0.435965 	4.76618 	0.129904 	0.157787 	-0.00722347 	
3.515	-0.864209 	-0.336036 	4.68003 	0.133402 	0.153978 	-0.0158784 	
3.52	-0.760104 	-0.270053 	4.45005 	0.131585 	0.144352 	-0.0209661 	
3.525	-0.563716 	-0.227067 	4.04411 	0.124497 	0.126903 	-0.0229663 	
3.53	-0.378025 	-0.196354 	3.65703 	0.117085 	0.110558 	-0.0240424 	
3.535	-0.194981 	-0.179336 	3.27663 	0.109121 	0.094336 	-0.0237227 	
3.54	-0.0369515 	-0.150052 	2.94768 	0.102985 	0.0804212 	-0.0248788 	
3.545	0.120206 	-0.135404 	2.62075 	0.0960171 	0.0664922 	-0.0244542 	
3.55	-0.0599028 	-0.172809 	2.97433 	0.10199 	0.0823441 	-0.0225562 	
3.555	-0.850258 	-0.355933 	4.55407 	0.128335 	0.151794 	-0.0128187 	
3.56	-0.94792 	-0.383967 	4.76623 	0.131708 	0.161168 	-0.0116768 	
3.565	-1.58212 	-0.53921 	6.11948 	0.154741 	0.21941 	-0.00458288 	
3.57	-1.64297 	-0.551438 	6.24345 	0.156893 	0.225154 	-0.00444717 	
3.575	-2.22546 	-0.701624 	7.48839 	0.177645 	0.278817 	0.0028134 	
3.58	-1.98225 	-0.629615 	6.9534 	0.169054 	0.256315 	-0.00134315 	
3.585	-1.67596 	-0.58873 	6.31949 	0.156526 	0.228936 	-0.00191949 	
3.59	-1.39332 	-0.556005 	5.73122 	0.14452 	0.203838 	-0.00231592 	
3.595	-1.1301 	-0.520485 	5.18683 	0.133785 	0.180299 	-0.00283254 	
3.6	-1.18919 	-0.553257 	5.31472 	0.134977 	0.186232 	-0.000717525 	
3.605	-1.84933 	-0.703243 	6.70378 	0.159405 	0.246697 	0.00602809 	
3.61	-1.82431 	-0.719504 	6.68531 	0.15834 	0.246029 	0.00679891 	
3.615	-2.3632 	-0.847751 	7.89918 	0.180619 	0.298307 	0.01133 	
3.62	-2.43739 	-0.831331 	7.74344 	0.176392 	0.296532 	0.0141276 	
3.625	-2.97023 	-0.869765 	8.11262 	0.179512 	0.323623 	0.025513 	
3.63	-2.99585 	-0.856161 	7.91941 	0.174517 	0.319232 	0.0278808 	
3.635	-3.57514 	-0.901402 	8.37315 	0.179109 	0.3501 	0.0396839 	
3.64	-3.1721 	-0.822899 	7.67499 	0.167584 	0.317764 	0.0335568 	
3.645	-2.78271 	-0.761761 	6.99778 	0.155677 	0.286242 	0.0297626 	
3.65	-2.43131 	-0.700419 	6.38714 	0.145192 	0.258011 	0.025211 	
3.655	-2.09611 	-0.648256 	5.80421 	0.134917 	0.230861 	0.0220209 	
3.66	-1.79472 	-0.593637 	5.28115 	0.126035 	0.206648 	0.0180094 	
3.665	-1.5054 	-0.549934 	4.77826 	0.117225 	0.183193 	0.0152474 	
3.67	-1.24758 	-0.500286 	4.33179 	0.109794 	0.162488 	0.0116098 	
3.675	-1.00227 	-0.457441 	3.90725 	0.10257 	0.142632 	0.00885113 	
3.68	-0.785134 	-0.406533 	3.53476 	0.0968637 	0.125255 	0.00496289 	
3.685	-0.563478 	-0.367301 	3.1381 	0.0900201 	0.106928 	0.00264241 	
3.69	-0.353275 	-0.303804 	2.74312 	0.0843346 	0.0890445 	-0.00177184 	
3.695	-0.170118 	-0.280775 	2.42692 	0.0784929 	0.0742559 	-0.00301689 	
3.7	-0.00931109 	-0.248832 	2.15156 	0.0739617 	0.0614125 	-0.00526268 	
3.705	0.148701 	-0.229844 	1.87866 	0.0688723 	0.0486445 	-0.00625821 	
3.71	0.286316 	-0.200981 	1.64345 	0.0650733 	0.0376567 	-0.00827556 	
3.715	0.422724 	-0.185516 	1.40775 	0.0606276 	0.0266256 	-0.00905635 	
3.72	0.540364 	-0.159299 	1.20711 	0.0574589 	0.0172365 	-0.010882 	
3.725	0.657833 	-0.1464 	1.00412 	0.0536068 	0.00773008 	-0.011527 	
3.73	0.757632 	-0.121615 	0.83454 	0.0510525 	-0.000227941 	-0.0132742 	
3.735	0.858718 	-0.110816 	0.659869 	0.0477203 	-0.00841464 	-0.013816 	
3.74	0.943016 	-0.0871012 	0.51727 	0.045708 	-0.0151285 	-0.0155144 	
3.745	1.03027 	-0.0784621 	0.366418 	0.0427926 	-0.0222015 	-0.0159353 	
3.75	1.10119 	-0.0556562 	0.247071 	0.0412472 	-0.0278419 	-0.0175956 	
3.755	1.17661 	-0.0489553 	0.116588 	0.0386836 	-0.0339612 	-0.0179068 	
3.76	1.23599 	-0.0269158 	0.0172834 	0.0375405 	-0.0386749 	-0.0195378 	
3.765	1.30127 	-0.021957 	-0.0957901 	0.0352732 	-0.0439781 	-0.0197491 	
3.77	1.35068 	-0.00055811 	-0.177809 	0.0344772 	-0.0478912 	-0.0213585 	
3.775	1.4065 	0.00352934 	-0.274968 	0.032379 	-0.0524269 	-0.0213736 	
3.78	1.4474 	0.0242541 	-0.342289 	0.0318706 	-0.0556575 	-0.0229542 	
3.785	1.49758 	0.0245882 	-0.430175 	0.0299254 	-0.05976 	-0.0228267 	
3.79	1.53288 	0.0413697 	-0.489575 	0.0293874 	-0.0625828 	-0.0240432 	
3.795	1.57599 	0.0419166 	-0.564553 	0.0277392 	-0.0660966 	-0.0239897 	
3.8	1.60295 	0.0620659 	-0.607614 	0.0277307 	-0.0682026 	-0.0255773 	
3.805	1.64034 	0.0618725 	-0.672726 	0.0262628 	-0.0712545 	-0.0254931 	
3.81	1.66171 	0.0817262 	-0.70619 	0.0264471 	-0.0729123 	-0.0270777 	
3.815	1.69453 	0.0804406 	-0.763519 	0.0250963 	-0.0755965 	-0.0269238 	
3.82	1.71105 	0.100066 	-0.788675 	0.0254481 	-0.0768656 	-0.0285091 	
3.825	1.73999 	0.0977859 	-0.839399 	0.0241935 	-0.0792373 	-0.0282904 	
3.83	1.7523 	0.117244 	-0.857354 	0.0246911 	-0.0801688 	-0.0298796 	
3.835	1.77795 	0.114049 	-0.902491 	0.0235143 	-0.0822757 	-0.0296 	
3.84	1.7866 	0.133392 	-0.914201 	0.0241391 	-0.0829136 	-0.0311958 	
3.845	1.80948 	0.129352 	-0.954623 	0.0230248 	-0.0847968 	-0.0308586 	
3.85	1.81503 	0.148511 	-0.961083 	0.0237513 	-0.0851866 	-0.0324522 	
3.855	1.84404 	0.140982 	-1.00527 	0.0224178 	-0.0873389 	-0.0319022 	
3.86	1.87081 	0.153363 	-1.02794 	0.0225492 	-0.0887758 	-0.0331517 	
3.865	1.8946 	0.149947 	-1.0616 	0.021703 	-0.0904785 	-0.033091 	
3.87	1.91322 	0.174943 	-1.06314 	0.0229173 	-0.0910703 	-0.0356223 	
3.875	1.55783 	0.112966 	-0.56645 	0.0301387 	-0.0661096 	-0.029307 	
3.88	0.473678 	-0.0329504 	0.978327 	0.0550302 	0.0109908 	-0.0140818 	
3.885	0.60619 	-0.0301148 	0.786238 	0.051141 	0.00147773 	-0.0146731 	
3.89	0.73644 	-0.0191039 	0.61241 	0.0480554 	-0.00735084 	-0.0161447 	
3.895	0.848784 	-0.0181762 	0.446689 	0.0446128 	-0.0155082 	-0.0164806 	
3.9	0.961164 	-0.00775281 	0.297763 	0.0420139 	-0.0230975 	-0.0178131 	
3.905	1.15784 	-0.0138192 	0.202918 	0.0406228 	-0.0313216 	-0.0207699 	
3.91	1.54996 	-0.0213092 	0.215441 	0.0431781 	-0.041405 	-0.0300046 	
3.915	1.70353 	-0.0263606 	0.126645 	0.0416922 	-0.0482748 	-0.0320711 	
3.92	2.05567 	-0.032127 	0.14489 	0.0441694 	-0.0570702 	-0.0404708 	
3.925	2.17221 	-0.0363663 	0.0612898 	0.0426014 	-0.0627796 	-0.0417732 	
3.93	2.48999 	-0.0407281 	0.0844309 	0.0450079 	-0.0704678 	-0.049454 	
3.935	2.57474 	-0.0443188 	0.00528914 	0.043369 	-0.075183 	-0.0501008 	
3.94	2.86301 	-0.0475412 	0.032628 	0.0457118 	-0.0819192 	-0.0571631 	
3.945	2.92045 	-0.0506152 	-0.0426893 	0.0440121 	-0.0857828 	-0.0572476 	
3.95	3.18316 	-0.0527391 	-0.0114795 	0.0462751 	-0.0916824 	-0.0637491 	
3.955	3.21454 	-0.0555435 	-0.0847823 	0.0444679 	-0.0947876 	-0.0632542 	
3.96	3.44809 	-0.0575337 	-0.0544897 	0.0465379 	-0.0999152 	-0.0690405 	
3.965	3.3917 	-0.0571038 	-0.17105 	0.0432572 	-0.102217 	-0.0660261 	
3.97	3.45778 	-0.0716443 	-0.00932947 	0.0470416 	-0.0992967 	-0.0687316 	
3.975	3.52139 	-0.134589 	0.663282 	0.0613697 	-0.079974 	-0.0754516 	
3.98	3.53608 	-0.127344 	0.545384 	0.0586822 	-0.0838945 	-0.0743078 	
3.985	3.76668 	-0.126344 	0.532114 	0.0598147 	-0.0902416 	-0.0800136 	
3.99	3.75181 	-0.120104 	0.59467 	0.0610841 	-0.0877861 	-0.0806001 	
3.995	3.60969 	-0.184528 	1.36399 	0.075175 	-0.0600946 	-0.0827275 	
4	3.08897 	-0.243699 	2.09256 	0.0862839 	-0.0239113 	-0.0755107 	
4.005	3.1847 	-0.248598 	2.10546 	0.0866028 	-0.0259005 	-0.0774085 	
4.01	3.27111 	-0.251998 	2.17076 	0.0880259 	-0.0259128 	-0.079617 	
4.015	3.33067 	-0.257744 	2.18543 	0.0880947 	-0.0269064 	-0.0805846 	
4.02	3.51318 	-0.243481 	2.02974 	0.0857252 	-0.0362884 	-0.0834156 	
4.025	3.50634 	-0.231482 	1.80066 	0.0806346 	-0.043225 	-0.0809636 	
4.03	3.73065 	-0.220081 	1.69909 	0.0796474 	-0.0519942 	-0.0852862 	
4.035	3.81943 	-0.212424 	1.54719 	0.0766534 	-0.0589446 	-0.0857372 	
4.04	3.86061 	-0.199975 	1.38696 	0.0734215 	-0.064874 	-0.085114 	
4.045	3.94344 	-0.193578 	1.25957 	0.0709445 	-0.0709172 	-0.0857086 	
4.05	3.7923 	-0.261209 	1.5331 	0.0804736 	-0.0576326 	-0.0834825 	
4.055	3.20817 	-0.489669 	2.58579 	0.113144 	-0.00754376 	-0.0761159 	
4.06	2.98365 	-0.543816 	2.75808 	0.119411 	0.0043402 	-0.0717849 	
4.065	2.49027 	-0.766689 	3.78137 	0.150758 	0.0509976 	-0.0664424 	
4.07	2.27541 	-0.797209 	3.88943 	0.154766 	0.0602304 	-0.0623811 	
4.075	1.72002 	-0.992759 	4.92523 	0.185723 	0.108938 	-0.0564346 	
4.08	1.81795 	-0.966215 	4.65043 	0.179958 	0.0977811 	-0.0582263 	
4.085	2.18005 	-0.949143 	4.54312 	0.184582 	0.0860198 	-0.0741687 	
4.09	2.18429 	-0.970612 	4.51139 	0.185601 	0.0852301 	-0.0746769 	
4.095	1.60683 	-1.16309 	5.43024 	0.212293 	0.130375 	-0.0647693 	
4.1	1.24895 	-1.26487 	5.76821 	0.220139 	0.151111 	-0.0540853 	
4.105	0.896119 	-1.42612 	6.45507 	0.240686 	0.183013 	-0.04849 	
4.11	0.744791 	-1.43078 	6.50795 	0.243066 	0.18869 	-0.0460635 	
4.115	0.501845 	-1.58278 	7.11138 	0.261184 	0.215561 	-0.0426516 	
4.12	0.479574 	-1.58594 	7.03405 	0.259382 	0.213721 	-0.0411872 	
4.125	0.190022 	-1.72792 	7.6534 	0.277325 	0.241717 	-0.0365327 	
4.13	0.167235 	-1.70479 	7.55848 	0.273432 	0.239588 	-0.0350705 	
4.135	-0.093735 	-1.84122 	8.13548 	0.290758 	0.265533 	-0.0312347 	
4.14	-0.148364 	-1.81713 	8.04775 	0.288936 	0.26406 	-0.0303247 	
4.145	-0.328867 	-1.92845 	8.49809 	0.302476 	0.284289 	-0.028047 	
4.15	-0.291632 	-1.90168 	8.31684 	0.297717 	0.277422 	-0.0279423 	
4.155	-0.486978 	-2.00442 	8.77618 	0.311853 	0.297784 	-0.0257645 	
4.16	-0.480452 	-1.97122 	8.60644 	0.307014 	0.292525 	-0.0253325 	
4.165	-0.598292 	-2.07566 	8.99702 	0.318958 	0.308711 	-0.0238018 	
4.17	-0.6011 	-2.03135 	8.82194 	0.31435 	0.302965 	-0.0235734 	
4.175	-0.7598 	-2.1347 	9.24504 	0.326824 	0.321743 	-0.0215395 	
4.18	-0.678874 	-2.08898 	8.98694 	0.319649 	0.311149 	-0.0220759 	
4.185	-0.854347 	-2.18539 	9.42465 	0.332942 	0.330299 	-0.0201152 	
